Time, Cnts,  %T, set_Cell[mA], Cell[°C], Cell[Volt], Cell[mA], Cell[W], Cell[uAs], Cell_ON, Env[°C], TEC[°C], N2Flow[slpm]
2025-11-13 16:50:14,        0,  29.8,   2.3,  25.7,  0.187, -0.003,  0.000,     -3.1,  1,  22.5,   0.9, 0.100
2025-11-13 16:50:15,        0,  29.8,   2.3,  25.7,  0.187, -0.002,  0.000,     -5.4,  1,  22.5,   0.9, 0.100
2025-11-13 16:50:16,        0,  29.8,   2.5,  25.8,  0.186, -0.003,  0.000,     -8.0,  1,  22.5,   1.0, 0.100
2025-11-13 16:50:17,        0,  29.6,   1.9,  25.8,  0.185, -0.002,  0.000,    -10.9,  1,  22.5,   1.0, 0.100
2025-11-13 16:50:18,        0,  29.7,   2.1,  25.8,  0.184, -0.003,  0.000,    -13.2,  1,  22.5,   1.0, 0.100
2025-11-13 16:50:19,        0,  29.8,   2.5,  25.8,  0.184, -0.003,  0.000,    -15.7,  1,  22.5,   1.0, 0.100
2025-11-13 16:50:20,        0,  29.8,   2.3,  25.8,  0.183, -0.002,  0.000,    -18.3,  1,  22.5,   1.0, 0.100
2025-11-13 16:50:21,        0,  29.8,   2.5,  25.8,  0.183, -0.003,  0.000,    -21.5,  1,  22.5,   1.0, 0.100
2025-11-13 16:50:22,        0,  29.8,   2.5,  25.8,  0.182, -0.003,  0.000,    -23.7,  1,  22.5,   1.0, 0.100
2025-11-13 16:50:23,        0,  29.8,   2.5,  25.8,  0.181, -0.003,  0.000,    -26.0,  1,  22.5,   1.0, 0.100
2025-11-13 16:50:23,        0,  29.8,   2.5,  25.8,  0.181, -0.002,  0.000,    -28.3,  1,  22.5,   1.0, 0.100
2025-11-13 16:50:25,        0,  29.8,   2.5,  25.8,  0.181, -0.002,  0.000,    -30.9,  1,  22.5,   1.0, 0.100
2025-11-13 16:50:26,        0,  29.8,   2.5,  25.8,  0.180, -0.003,  0.000,    -33.2,  1,  22.5,   1.0, 0.100
2025-11-13 16:50:27,        0,  29.8,   2.3,  25.8,  0.179, -0.003,  0.000,    -35.8,  1,  22.5,   1.0, 0.100
2025-11-13 16:50:27,        0,  29.8,   2.5,  25.8,  0.179, -0.002,  0.000,    -37.8,  1,  22.6,   1.0, 0.100
2025-11-13 16:50:29,        0,  29.8,   2.3,  25.8,  0.179, -0.002,  0.000,    -40.3,  1,  22.5,   1.0, 0.100
2025-11-13 16:50:30,        0,  29.8,   2.3,  25.8,  0.178, -0.002,  0.000,    -42.3,  1,  22.5,   1.0, 0.100
2025-11-13 16:50:31,        0,  30.1,   3.2,  25.8,  1.395,  0.929,  0.005,   2130.9,  1,  22.5,   1.0, 0.100
2025-11-13 16:50:31,        0,  30.1,   3.3,  25.8,  6.743,  4.616,  0.031,   6501.1,  1,  22.5,   1.0, 0.100
2025-11-13 16:50:33,        0,  30.5,   4.4,  25.8,  9.000,  6.626,  0.060,  13164.4,  1,  22.5,   1.0, 0.100
2025-11-13 16:50:34,        0,  30.9,   5.8,  25.8,  8.842,  6.484,  0.058,  19467.5,  1,  22.5,   1.0, 0.100
2025-11-13 16:50:35,        0,  31.2,   6.6,  25.8, 10.175,  7.680,  0.079,  26982.6,  1,  22.5,   1.0, 0.100
2025-11-13 16:50:35,        0,  31.6,   7.9,  25.8, 12.099,  9.406,  0.114,  35805.1,  1,  22.5,   1.0, 0.100
2025-11-13 16:50:37,        0,  32.9,  11.7,  25.7, 13.144, 10.351,  0.138,  48091.2,  1,  22.5,   0.9, 0.101
2025-11-13 16:50:38,        0,  33.4,  13.3,  25.7, 18.172, 14.886,  0.271,  61620.4,  1,  22.6,   1.0, 0.102
2025-11-13 16:50:39,        0,  33.2,  12.7,  25.7, 18.801, 15.473,  0.296,  77152.1,  1,  22.5,   0.9, 0.096
2025-11-13 16:50:39,        0,  35.2,  18.5,  25.7, 21.476, 17.906,  0.387,  94506.8,  1,  22.5,   0.9, 0.098
2025-11-13 16:50:41,        0,  36.4,  22.3,  25.7, 29.458, 25.240,  0.744, 121457.9,  1,  22.4,   0.9, 0.098
2025-11-13 16:50:42,        0,  37.1,  24.2,  25.7, 29.617, 25.468,  0.755, 146697.0,  1,  22.4,   0.9, 0.099
2025-11-13 16:50:43,        0,  37.7,  26.1,  25.7, 32.343, 28.121,  0.912, 173392.0,  1,  22.5,   0.9, 0.099
2025-11-13 16:50:43,        0,  39.2,  30.5,  25.8, 33.610, 29.391,  0.992, 201848.3,  1,  22.5,   0.9, 0.102
2025-11-13 16:50:45,        0,  41.0,  35.9,  25.7, 41.474, 36.949,  1.537, 241881.2,  1,  22.5,   0.9, 0.104
2025-11-13 16:50:46,        0,  39.9,  32.7,  25.7, 42.958, 38.611,  1.659, 277737.0,  1,  22.4,   0.8, 0.102
2025-11-13 16:50:47,        0,  37.7,  26.1,  25.7, 41.874, 37.756,  1.581, 312599.4,  1,  22.4,   0.9, 0.101
2025-11-13 16:50:48,        0,  40.2,  33.6,  25.7, 38.816, 35.014,  1.361, 344616.2,  1,  22.4,   0.8, 0.100
2025-11-13 16:50:49,        0,  36.7,  23.0,  25.7, 26.907, 23.832,  0.676, 382294.2,  1,  22.5,   0.8, 0.100
2025-11-13 16:50:50,        0,  41.7,  38.1,  25.7, 41.121, 37.343,  1.546, 414612.0,  1,  22.4,   0.8, 0.100
2025-11-13 16:50:51,        0,  37.4,  25.1,  25.7, 35.734, 32.351,  1.158, 448060.6,  1,  22.5,   0.8, 0.100
2025-11-13 16:50:51,        0,  39.2,  30.5,  25.8, 34.336, 30.982,  1.066, 476591.2,  1,  22.5,   0.8, 0.100
2025-11-13 16:50:53,        0,  40.3,  34.0,  25.7, 38.204, 34.727,  1.328, 516694.5,  1,  22.5,   0.8, 0.100
2025-11-13 16:50:54,        0,  38.7,  29.1,  25.7, 40.281, 36.889,  1.487, 552767.1,  1,  22.4,   0.8, 0.100
2025-11-13 16:50:55,        0,  40.3,  33.8,  25.7, 36.453, 33.196,  1.211, 584538.7,  1,  22.4,   0.8, 0.100
2025-11-13 16:50:56,        0,  40.0,  32.9,  25.8, 40.641, 37.301,  1.516, 620420.9,  1,  22.5,   0.8, 0.100
2025-11-13 16:50:57,        0,  41.7,  38.1,  25.7, 35.870, 32.791,  1.183, 662166.1,  1,  22.4,   0.8, 0.100
2025-11-13 16:50:58,        0,  39.7,  32.2,  25.8, 46.552, 43.333,  2.017, 702110.2,  1,  22.4,   0.8, 0.100
2025-11-13 16:50:59,        0,  40.3,  33.8,  25.7, 41.025, 38.040,  1.563, 737206.1,  1,  22.5,   0.8, 0.100
2025-11-13 16:51:00,        0,  41.0,  35.9,  25.7, 42.607, 39.715,  1.721, 774765.9,  1,  22.4,   0.8, 0.100
2025-11-13 16:51:01,        0,  42.4,  40.1,  25.8, 45.361, 42.444,  1.933, 821086.2,  1,  22.5,   0.8, 0.100
2025-11-13 16:51:02,        0,  40.8,  35.5,  25.8, 44.625, 41.851,  1.868, 861448.4,  1,  22.5,   0.8, 0.100
2025-11-13 16:51:03,        0,  37.9,  26.8,  25.8, 44.821, 42.052,  1.889, 898792.1,  1,  22.5,   0.8, 0.100
2025-11-13 16:51:04,        0,  40.2,  33.6,  25.8, 36.654, 33.942,  1.248, 928743.1,  1,  22.5,   0.9, 0.100
2025-11-13 16:51:05,        0,  41.2,  36.7,  25.8, 48.308, 45.485,  2.197, 977903.1,  1,  22.4,   0.8, 0.100
2025-11-13 16:51:06,        0,  42.1,  39.2,  25.7, 49.156, 46.584,  2.293,1019405.7,  1,  22.5,   0.8, 0.100
2025-11-13 16:51:07,        0,  42.1,  39.4,  25.8, 45.555, 43.123,  1.965,1060585.5,  1,  22.4,   0.8, 0.100
2025-11-13 16:51:08,        0,  38.0,  27.0,  25.8, 50.732, 48.389,  2.458,1103918.1,  1,  22.5,   0.8, 0.100
2025-11-13 16:51:09,        0,  43.3,  43.0,  25.8, 47.937, 45.658,  2.190,1150157.3,  1,  22.5,   0.8, 0.100
2025-11-13 16:51:10,        0,  39.9,  32.7,  25.8, 47.100, 44.945,  2.119,1193106.2,  1,  22.4,   0.8, 0.100
2025-11-13 16:51:11,        0,  40.0,  32.9,  25.8, 35.687, 33.475,  1.210,1225210.8,  1,  22.4,   0.8, 0.100
2025-11-13 16:51:12,        0,  42.3,  39.9,  25.8, 49.800, 47.534,  2.368,1267089.9,  1,  22.5,   0.9, 0.100
2025-11-13 16:51:13,        0,  42.6,  40.9,  25.8, 51.793, 49.667,  2.574,1320686.6,  1,  22.5,   0.8, 0.100
2025-11-13 16:51:14,        0,  44.3,  46.0,  25.8, 54.394, 52.490,  2.855,1368920.8,  1,  22.5,   0.8, 0.100
2025-11-13 16:51:15,        0,  44.6,  46.8,  25.8, 55.699, 54.231,  3.024,1418441.4,  1,  22.5,   0.8, 0.100
2025-11-13 16:51:15,        0,  42.8,  41.3,  25.8, 53.099, 52.150,  2.781,1468109.1,  1,  22.5,   0.8, 0.100
2025-11-13 16:51:17,        0,  39.6,  31.7,  25.8, 51.721, 50.879,  2.635,1523434.2,  1,  22.5,   0.8, 0.100
2025-11-13 16:51:18,        0,  44.0,  45.1,  25.8, 55.930, 55.191,  3.089,1570083.3,  1,  22.5,   0.8, 0.100
2025-11-13 16:51:19,        0,  44.2,  45.6,  25.8, 57.215, 56.676,  3.243,1621183.3,  1,  22.4,   0.8, 0.100
2025-11-13 16:51:20,        0,  40.7,  35.0,  25.8, 52.550, 51.943,  2.732,1670166.6,  1,  22.5,   0.8, 0.100
2025-11-13 16:51:21,        0,  45.7,  50.0,  25.8, 58.073, 57.711,  3.403,1732102.9,  1,  22.5,   0.8, 0.100
2025-11-13 16:51:22,        0,  44.9,  47.7,  25.8, 58.132, 58.153,  3.384,1785565.6,  1,  22.5,   0.8, 0.100
2025-11-13 16:51:23,        0,  45.3,  48.8,  25.8, 61.622, 62.077,  3.826,1841277.0,  1,  22.5,   0.8, 0.100
2025-11-13 16:51:24,        0,  48.2,  57.5,  25.8, 60.661, 61.380,  3.727,1899246.0,  1,  22.5,   0.8, 0.100
2025-11-13 16:51:25,        0,  45.8,  50.5,  25.9, 56.720, 57.672,  3.271,1967873.5,  1,  22.4,   0.8, 0.100
2025-11-13 16:51:26,        0,  46.6,  52.9,  25.8, 60.902, 62.217,  3.799,2025036.8,  1,  22.5,   0.8, 0.100
2025-11-13 16:51:27,        0,  45.7,  50.0,  25.9, 49.239, 49.997,  2.465,2076752.7,  1,  22.5,   0.8, 0.100
2025-11-13 16:51:28,        0,  48.3,  57.8,  25.9, 54.877, 55.718,  3.066,2130251.5,  1,  22.5,   0.8, 0.100
2025-11-13 16:51:28,        0,  45.8,  50.3,  25.9, 61.311, 62.579,  3.839,2190999.5,  1,  22.5,   0.9, 0.100
2025-11-13 16:51:30,        0,  48.5,  58.5,  25.9, 65.914, 67.967,  4.481,2263517.7,  1,  22.5,   0.8, 0.100
2025-11-13 16:51:31,        0,  49.5,  61.5,  25.9, 54.582, 56.329,  3.088,2319612.9,  1,  22.5,   0.8, 0.100
2025-11-13 16:51:32,        0,  47.3,  55.0,  25.9, 52.269, 53.879,  2.822,2375294.1,  1,  22.5,   0.8, 0.100
2025-11-13 16:51:32,        0,  49.5,  61.5,  25.9, 61.329, 63.615,  3.902,2435596.9,  1,  22.5,   0.9, 0.100
2025-11-13 16:51:34,        0,  44.9,  47.7,  26.0, 57.095, 59.203,  3.415,2508376.9,  1,  22.5,   0.9, 0.100
2025-11-13 16:51:35,        0,  47.5,  55.4,  25.9, 58.013, 60.132,  3.489,2564265.6,  1,  22.5,   0.9, 0.100
2025-11-13 16:51:36,        0,  42.8,  41.4,  26.0, 58.297, 60.528,  3.533,2619603.3,  1,  22.5,   0.8, 0.100
2025-11-13 16:51:37,        0,  49.0,  59.9,  26.0, 60.820, 62.972,  3.832,2673764.2,  1,  22.5,   0.9, 0.100
2025-11-13 16:51:38,        0,  39.3,  31.0,  26.0, 62.841, 65.339,  4.108,2744769.7,  1,  22.5,   0.9, 0.100
2025-11-13 16:51:39,        0,  45.7,  50.2,  26.0, 54.595, 56.273,  3.083,2791821.5,  1,  22.4,   0.9, 0.100
2025-11-13 16:51:40,        0,  48.2,  57.5,  26.0, 63.476, 65.802,  4.194,2852346.1,  1,  22.5,   0.8, 0.100
2025-11-13 16:51:41,        0,  48.9,  59.7,  26.0, 58.348, 60.450,  3.530,2909868.4,  1,  22.5,   0.9, 0.100
2025-11-13 16:51:41,        0,  46.2,  51.5,  26.0, 52.699, 54.413,  2.890,2965683.5,  1,  22.5,   0.8, 0.100
2025-11-13 16:51:43,        0,  45.4,  49.1,  26.0, 54.444, 56.341,  3.072,3033673.5,  1,  22.5,   0.9, 0.100
2025-11-13 16:51:44,        0,  44.9,  47.7,  26.0, 47.502, 48.906,  2.366,3084204.0,  1,  22.5,   0.9, 0.100
2025-11-13 16:51:45,        0,  44.7,  47.2,  26.0, 52.642, 54.271,  2.871,3137262.3,  1,  22.5,   0.8, 0.100
2025-11-13 16:51:45,        0,  46.4,  52.3,  26.0, 46.218, 47.370,  2.206,3185813.7,  1,  22.4,   0.9, 0.100
2025-11-13 16:51:47,        0,  47.6,  55.7,  26.0, 41.438, 42.040,  1.752,3244356.2,  1,  22.5,   0.9, 0.100
2025-11-13 16:51:48,        0,  43.6,  43.9,  26.0, 57.577, 59.360,  3.421,3301882.1,  1,  22.5,   0.8, 0.100
2025-11-13 16:51:49,        0,  46.1,  51.2,  26.0, 55.716, 57.327,  3.194,3354192.3,  1,  22.5,   0.9, 0.100
2025-11-13 16:51:50,        0,  46.4,  52.1,  26.0, 53.885, 55.427,  2.997,3408284.7,  1,  22.5,   0.8, 0.100
2025-11-13 16:51:51,        0,  46.5,  52.6,  26.0, 47.346, 48.368,  2.291,3464578.4,  1,  22.5,   0.8, 0.100
2025-11-13 16:51:52,        0,  42.6,  40.8,  26.0, 53.265, 54.659,  2.923,3515770.4,  1,  22.5,   0.8, 0.100
2025-11-13 16:51:53,        0,  43.6,  43.7,  26.0, 47.122, 47.972,  2.261,3562155.9,  1,  22.5,   0.8, 0.100
2025-11-13 16:51:54,        0,  43.5,  43.5,  26.0, 48.282, 49.087,  2.377,3608484.3,  1,  22.5,   0.8, 0.100
2025-11-13 16:51:54,        0,  43.8,  44.4,  26.1, 44.975, 45.456,  2.053,3653489.7,  1,  22.5,   0.8, 0.100
2025-11-13 16:51:56,        0,  43.2,  42.7,  26.0, 51.055, 51.873,  2.650,3712113.6,  1,  22.5,   0.8, 0.100
2025-11-13 16:51:57,        0,  43.9,  44.6,  26.1, 40.205, 40.256,  1.635,3752587.7,  1,  22.5,   0.8, 0.100
2025-11-13 16:51:58,        0,  42.2,  39.5,  26.1, 50.459, 50.952,  2.572,3799655.0,  1,  22.5,   0.8, 0.100
2025-11-13 16:51:58,        0,  44.4,  46.3,  26.1, 43.000, 43.059,  1.861,3841549.0,  1,  22.5,   0.9, 0.100
2025-11-13 16:52:00,        0,  42.2,  39.5,  26.1, 45.427, 45.471,  2.069,3893099.8,  1,  22.5,   0.8, 0.100
2025-11-13 16:52:01,        0,  41.9,  38.7,  26.1, 41.426, 41.152,  1.706,3934155.2,  1,  22.5,   0.9, 0.100
2025-11-13 16:52:02,        0,  44.3,  45.8,  26.1, 41.054, 40.679,  1.672,3973060.2,  1,  22.5,   0.9, 0.100
2025-11-13 16:52:03,        0,  43.0,  42.1,  26.1, 43.400, 42.959,  1.871,4016179.7,  1,  22.5,   0.8, 0.100
2025-11-13 16:52:04,        0,  42.2,  39.7,  26.1, 47.803, 47.572,  2.274,4069066.1,  1,  22.5,   0.9, 0.100
2025-11-13 16:52:05,        0,  36.9,  23.7,  26.2, 45.429, 45.169,  2.053,4111000.4,  1,  22.5,   0.9, 0.100
2025-11-13 16:52:06,        0,  40.4,  34.3,  26.1, 20.276, 18.957,  0.389,4136347.3,  1,  22.5,   0.9, 0.100
2025-11-13 16:52:07,        0,  40.4,  34.3,  26.1, 35.562, 34.699,  1.244,4168623.5,  1,  22.5,   0.9, 0.100
2025-11-13 16:52:07,        0,  40.8,  35.4,  26.1, 28.320, 27.047,  0.766,4198142.0,  1,  22.5,   0.9, 0.100
2025-11-13 16:52:09,        0,  37.7,  26.1,  26.1, 38.681, 37.578,  1.456,4243271.0,  1,  22.5,   0.9, 0.100
2025-11-13 16:52:10,        0,  37.9,  26.7,  26.2, 34.707, 33.342,  1.163,4273521.3,  1,  22.5,   0.9, 0.100
2025-11-13 16:52:11,        0,  35.6,  19.7,  26.2, 35.512, 34.044,  1.210,4303261.1,  1,  22.5,   0.9, 0.100
2025-11-13 16:52:12,        0,  39.3,  31.0,  26.2, 39.510, 37.914,  1.498,4342194.6,  1,  22.5,   0.9, 0.100
2025-11-13 16:52:13,        0,  39.0,  30.0,  26.2, 35.181, 33.504,  1.180,4374000.2,  1,  22.5,   0.9, 0.100
2025-11-13 16:52:14,        0,  38.7,  29.1,  26.1, 34.342, 32.570,  1.126,4404748.0,  1,  22.5,   0.9, 0.100
2025-11-13 16:52:15,        0,  40.2,  33.6,  26.2, 30.219, 28.369,  0.866,4433977.7,  1,  22.5,   0.9, 0.100
2025-11-13 16:52:16,        0,  35.0,  17.9,  26.2, 26.368, 24.439,  0.646,4467962.2,  1,  22.5,   0.8, 0.100
2025-11-13 16:52:17,        0,  37.7,  26.1,  26.2, 29.349, 27.286,  0.815,4492808.6,  1,  22.5,   0.9, 0.100
2025-11-13 16:52:18,        0,  37.6,  25.8,  26.2, 32.055, 29.967,  0.963,4521521.3,  1,  22.5,   0.9, 0.100
2025-11-13 16:52:19,        0,  38.7,  29.1,  26.2, 33.310, 31.149,  1.039,4550057.5,  1,  22.4,   0.9, 0.100
2025-11-13 16:52:19,        0,  36.5,  22.5,  26.2, 29.680, 27.485,  0.816,4578205.6,  1,  22.5,   0.9, 0.100
2025-11-13 16:52:21,        0,  37.4,  25.3,  26.2, 26.204, 23.912,  0.631,4605504.2,  1,  22.5,   0.9, 0.100
2025-11-13 16:52:22,        0,  35.1,  18.3,  26.2, 30.461, 28.108,  0.858,4631753.8,  1,  22.5,   0.8, 0.100
2025-11-13 16:52:23,        0,  34.4,  16.2,  26.2, 24.673, 22.337,  0.552,4653224.9,  1,  22.5,   0.8, 0.100
2025-11-13 16:52:23,        0,  35.3,  19.0,  26.2, 20.361, 17.997,  0.368,4670361.2,  1,  22.5,   0.8, 0.100
2025-11-13 16:52:25,        0,  35.3,  18.8,  26.2, 30.749, 28.100,  0.865,4699239.8,  1,  22.5,   0.9, 0.100
2025-11-13 16:52:26,        0,  36.4,  22.1,  26.3, 27.493, 24.842,  0.684,4721436.8,  1,  22.5,   0.9, 0.100
2025-11-13 16:52:27,        0,  35.0,  18.1,  26.3, 25.623, 22.988,  0.590,4743609.0,  1,  22.5,   0.9, 0.100
2025-11-13 16:52:28,        0,  34.1,  15.2,  26.2, 24.525, 21.869,  0.537,4768568.6,  1,  22.5,   0.9, 0.100
2025-11-13 16:52:29,        0,  35.0,  18.1,  26.2, 16.603, 14.161,  0.237,4784239.9,  1,  22.5,   0.9, 0.100
2025-11-13 16:52:30,        0,  35.6,  19.9,  26.3, 22.567, 19.880,  0.450,4803985.1,  1,  22.5,   0.9, 0.100
2025-11-13 16:52:31,        0,  33.5,  13.4,  26.3, 21.643, 18.959,  0.419,4823460.9,  1,  22.5,   0.9, 0.100
2025-11-13 16:52:31,        0,  34.5,  16.6,  26.3, 17.779, 15.171,  0.278,4838985.4,  1,  22.5,   0.8, 0.100
2025-11-13 16:52:33,        0,  33.9,  14.8,  26.3, 19.662, 16.939,  0.333,4860337.1,  1,  22.5,   0.9, 0.100
2025-11-13 16:52:34,        0,  34.7,  17.1,  26.2, 13.164, 10.697,  0.142,4872862.2,  1,  22.5,   0.8, 0.100
2025-11-13 16:52:35,        0,  33.4,  13.1,  26.3, 19.717, 16.893,  0.337,4889735.8,  1,  22.5,   0.8, 0.100
2025-11-13 16:52:35,        0,  32.0,   9.1,  26.2, 20.012, 17.145,  0.343,4905424.2,  1,  22.5,   0.8, 0.100
2025-11-13 16:52:37,        0,  32.4,  10.3,  26.3, 19.864, 16.966,  0.337,4922325.0,  1,  22.5,   0.8, 0.100
2025-11-13 16:52:38,        0,  33.4,  13.1,  26.3, 20.511, 17.539,  0.361,4937663.5,  1,  22.5,   0.8, 0.100
2025-11-13 16:52:39,        0,  33.1,  12.2,  26.2, 13.322, 10.738,  0.146,4949084.7,  1,  22.5,   0.8, 0.100
2025-11-13 16:52:40,        0,  33.5,  13.4,  26.3, 22.153, 19.020,  0.423,4965910.5,  1,  22.5,   0.8, 0.100
2025-11-13 16:52:40,        0,  32.1,   9.4,  26.3, 20.418, 17.378,  0.355,4982218.3,  1,  22.4,   0.8, 0.100
2025-11-13 16:52:42,        0,  33.6,  13.8,  26.3, 19.411, 16.371,  0.321,4996561.4,  1,  22.5,   0.8, 0.100
2025-11-13 16:52:43,        0,  31.5,   7.5,  26.3, 16.321, 13.484,  0.225,5010296.0,  1,  22.5,   0.8, 0.100
2025-11-13 16:52:44,        0,  33.4,  13.1,  26.2, 11.798,  9.213,  0.109,5020016.1,  1,  22.5,   0.8, 0.100
2025-11-13 16:52:44,        0,  33.2,  12.7,  26.3, 19.739, 16.617,  0.329,5035039.8,  1,  22.4,   0.8, 0.100
2025-11-13 16:52:46,        0,  32.5,  10.6,  26.3, 16.343, 13.432,  0.220,5051017.8,  1,  22.5,   0.8, 0.100
2025-11-13 16:52:47,        0,  33.4,  13.3,  26.3, 12.596,  9.910,  0.135,5061852.3,  1,  22.5,   0.8, 0.100
2025-11-13 16:52:48,        0,  31.9,   8.6,  26.2, 10.011,  7.506,  0.076,5071901.3,  1,  22.5,   0.8, 0.100
2025-11-13 16:52:48,        0,  33.1,  12.4,  26.3, 12.401,  9.689,  0.121,5081961.7,  1,  22.5,   0.8, 0.100
2025-11-13 16:52:50,        0,  32.8,  11.5,  26.3, 15.930, 12.959,  0.207,5096402.1,  1,  22.4,   0.8, 0.100
2025-11-13 16:52:51,        0,  32.3,   9.9,  26.3, 12.570,  9.845,  0.132,5106730.7,  1,  22.4,   0.8, 0.100
2025-11-13 16:52:52,        0,  31.4,   7.2,  26.3, 12.901, 10.131,  0.131,5116858.1,  1,  22.4,   0.8, 0.100
2025-11-13 16:52:52,        0,  32.4,  10.1,  26.3, 14.634, 11.713,  0.172,5127319.1,  1,  22.5,   0.8, 0.100
2025-11-13 16:52:54,        0,  32.4,  10.3,  26.3, 13.850, 10.981,  0.154,5140415.0,  1,  22.4,   0.8, 0.100
2025-11-13 16:52:55,        0,  31.6,   7.9,  26.3, 15.528, 12.524,  0.195,5151832.4,  1,  22.5,   0.8, 0.100
2025-11-13 16:52:56,        0,  32.1,   9.4,  26.3, 10.555,  7.938,  0.086,5159867.7,  1,  22.5,   0.8, 0.100
2025-11-13 16:52:57,        0,  30.6,   4.7,  26.3, 14.709, 11.741,  0.173,5170725.2,  1,  22.5,   0.9, 0.100
2025-11-13 16:52:57,        0,  31.0,   6.1,  26.2, 10.909,  8.231,  0.091,5177137.0,  1,  22.4,   0.8, 0.100
2025-11-13 16:52:59,        0,  31.7,   8.0,  26.3, 13.599, 10.692,  0.146,5188753.0,  1,  22.5,   0.9, 0.100
2025-11-13 16:53:00,        0,  31.4,   7.2,  26.3, 12.975, 10.114,  0.132,5198128.6,  1,  22.4,   0.9, 0.100
2025-11-13 16:53:01,        0,  31.9,   8.6,  26.3, 12.960, 10.091,  0.131,5207555.3,  1,  22.5,   0.9, 0.100
2025-11-13 16:53:01,        0,  31.5,   7.5,  26.2, 11.139,  8.423,  0.094,5216421.3,  1,  22.5,   0.9, 0.100
2025-11-13 16:53:03,        0,  30.3,   4.0,  26.3, 10.053,  7.410,  0.075,5225674.5,  1,  22.4,   1.0, 0.100
2025-11-13 16:53:04,        0,  31.7,   8.2,  26.3,  6.950,  4.587,  0.037,5231007.5,  1,  22.4,   1.0, 0.100
2025-11-13 16:53:05,        0,  30.2,   3.5,  26.3, 12.420,  9.557,  0.119,5239773.7,  1,  22.4,   1.0, 0.100
2025-11-13 16:53:05,        0,  31.4,   7.2,  26.2, 11.027,  8.277,  0.092,5246751.2,  1,  22.4,   1.0, 0.100
2025-11-13 16:53:07,        0,  30.3,   4.0,  26.3, 10.899,  8.165,  0.090,5256351.4,  1,  22.5,   1.0, 0.100
2025-11-13 16:53:08,        0,  31.4,   7.2,  26.2,  4.461,  2.380,  0.013,5260452.3,  1,  22.5,   1.0, 0.100
2025-11-13 16:53:09,        0,  31.4,   7.2,  26.3, 10.576,  7.858,  0.083,5267861.0,  1,  22.5,   1.0, 0.100
2025-11-13 16:53:09,        0,  31.3,   7.0,  26.3, 10.642,  7.916,  0.085,5275290.3,  1,  22.5,   1.0, 0.100
2025-11-13 16:53:11,        0,  30.9,   5.6,  26.3, 11.151,  8.376,  0.096,5285001.2,  1,  22.4,   1.0, 0.100
2025-11-13 16:53:12,        0,  31.0,   6.1,  26.3,  9.507,  6.880,  0.066,5291520.6,  1,  22.5,   1.0, 0.100
2025-11-13 16:53:13,        0,  30.9,   5.8,  26.3, 10.279,  7.573,  0.078,5298943.2,  1,  22.5,   1.0, 0.100
2025-11-13 16:53:14,        0,  31.2,   6.6,  26.3, 11.768,  8.921,  0.105,5306798.3,  1,  22.5,   1.0, 0.100
2025-11-13 16:53:14,        0,  31.2,   6.5,  26.3,  8.891,  6.322,  0.060,5312372.7,  1,  22.5,   1.0, 0.100
2025-11-13 16:53:16,        0,  30.6,   4.9,  26.2, 10.161,  7.456,  0.076,5321405.5,  1,  22.5,   1.0, 0.100
2025-11-13 16:53:17,        0,  30.2,   3.5,  26.3,  7.389,  4.961,  0.038,5324820.7,  1,  22.5,   1.0, 0.100
2025-11-13 16:53:18,        0,  30.6,   4.9,  26.2, 10.274,  7.543,  0.078,5331111.3,  1,  22.5,   1.0, 0.100
2025-11-13 16:53:18,        0,  30.2,   3.7,  26.2,  3.650,  1.667,  0.008,5334013.5,  1,  22.5,   1.0, 0.100
2025-11-13 16:53:20,        0,  30.2,   3.7,  26.3,  8.399,  5.849,  0.049,5340545.5,  1,  22.5,   1.0, 0.100
2025-11-13 16:53:21,        0,  31.0,   5.9,  26.3,  8.457,  5.903,  0.050,5346093.1,  1,  22.5,   1.0, 0.100
2025-11-13 16:53:22,        0,  30.9,   5.6,  26.3,  8.791,  6.203,  0.055,5352247.1,  1,  22.5,   1.0, 0.100
2025-11-13 16:53:22,        0,  30.4,   4.2,  26.3,  9.679,  6.999,  0.068,5358976.5,  1,  22.4,   1.0, 0.100
2025-11-13 16:53:24,        0,  29.9,   2.6,  26.3,  3.620,  1.644,  0.007,5363268.0,  1,  22.5,   1.0, 0.100
2025-11-13 16:53:25,        0,  30.3,   3.9,  26.3,  8.694,  6.125,  0.054,5367576.7,  1,  22.5,   1.0, 0.100
2025-11-13 16:53:26,        0,  30.6,   4.9,  26.2,  8.012,  5.497,  0.044,5372991.0,  1,  22.5,   1.0, 0.100
2025-11-13 16:53:27,        0,  30.5,   4.5,  26.3,  8.702,  6.111,  0.053,5378850.8,  1,  22.5,   1.0, 0.100
2025-11-13 16:53:27,        0,  29.0,   0.0,  26.2,  8.283,  5.742,  0.051,5383677.5,  1,  22.5,   1.0, 0.100
2025-11-13 16:53:29,        0,  29.7,   2.1,  26.3,  7.153,  4.737,  0.035,5387725.2,  1,  22.4,   1.0, 0.100
2025-11-13 16:53:30,        0,  30.5,   4.5,  26.3,  8.733,  6.155,  0.054,5391936.7,  1,  22.5,   1.0, 0.100
2025-11-13 16:53:31,        0,  30.6,   4.7,  26.3,  7.596,  5.120,  0.039,5397187.1,  1,  22.5,   1.0, 0.100
2025-11-13 16:53:31,        0,  30.6,   4.7,  26.3,  8.264,  5.715,  0.047,5402812.2,  1,  22.5,   1.0, 0.100
2025-11-13 16:53:33,        0,  29.5,   1.4,  26.2,  8.290,  5.735,  0.048,5409057.1,  1,  22.4,   1.0, 0.100
2025-11-13 16:53:34,        0,  29.9,   2.8,  26.3,  1.715,  0.146,  0.000,5409632.1,  1,  22.5,   1.0, 0.100
2025-11-13 16:53:35,        0,  30.1,   3.2,  26.3,  6.283,  3.992,  0.026,5412836.5,  1,  22.5,   1.0, 0.100
2025-11-13 16:53:36,        0,  30.5,   4.4,  26.2,  7.309,  4.871,  0.036,5417548.8,  1,  22.5,   1.0, 0.100
2025-11-13 16:53:37,        0,  30.4,   4.2,  26.2,  8.384,  5.810,  0.049,5424284.5,  1,  22.5,   1.0, 0.100
2025-11-13 16:53:38,        0,  30.2,   3.7,  26.3,  6.887,  4.509,  0.035,5428397.5,  1,  22.5,   1.0, 0.100
2025-11-13 16:53:39,        0,  29.7,   2.1,  26.3,  6.654,  4.278,  0.029,5432425.4,  1,  22.5,   1.0, 0.100
2025-11-13 16:53:40,        0,  30.1,   3.2,  26.3,  6.705,  4.350,  0.031,5434760.6,  1,  22.5,   1.0, 0.100
2025-11-13 16:53:40,        0,  30.1,   3.3,  26.2,  5.380,  3.175,  0.019,5438205.2,  1,  22.5,   1.0, 0.100
2025-11-13 16:53:42,        0,  30.2,   3.5,  26.2,  7.070,  4.645,  0.033,5443598.9,  1,  22.5,   1.0, 0.100
2025-11-13 16:53:43,        0,  29.9,   2.8,  26.2,  7.576,  5.100,  0.039,5448040.9,  1,  22.4,   1.0, 0.100
2025-11-13 16:53:44,        0,  28.8,   0.0,  26.3,  2.806,  0.953,  0.003,5450035.4,  1,  22.5,   1.0, 0.100
2025-11-13 16:53:44,        0,  29.1,   0.2,  26.2,  5.360,  3.252,  0.022,5452601.9,  1,  22.5,   1.0, 0.100
2025-11-13 16:53:46,        0,  30.1,   3.3,  26.3,  3.004,  1.256,  0.008,5454531.0,  1,  22.5,   1.0, 0.100
2025-11-13 16:53:47,        0,  29.6,   1.8,  26.3,  6.775,  4.395,  0.030,5458739.2,  1,  22.5,   1.0, 0.100
2025-11-13 16:53:48,        0,  29.8,   2.5,  26.3,  6.724,  4.349,  0.029,5461857.2,  1,  22.5,   1.0, 0.100
2025-11-13 16:53:48,        0,  29.8,   2.5,  26.3,  6.748,  4.365,  0.029,5465563.3,  1,  22.4,   1.0, 0.100
2025-11-13 16:53:50,        0,  29.9,   2.8,  26.3,  1.550,  0.062,  0.000,5466114.0,  1,  22.5,   1.0, 0.100
2025-11-13 16:53:51,        0,  29.8,   2.5,  26.3,  3.513,  1.570,  0.007,5468607.6,  1,  22.5,   1.0, 0.100
2025-11-13 16:53:52,        0,  29.8,   2.5,  26.2,  3.251,  1.334,  0.005,5470297.0,  1,  22.5,   1.0, 0.100
2025-11-13 16:53:53,        0,  29.4,   1.2,  26.2,  1.675,  0.125,  0.000,5470914.7,  1,  22.5,   1.0, 0.100
2025-11-13 16:53:54,        0,  29.9,   2.8,  26.2,  2.336,  0.801,  0.005,5472669.1,  1,  22.5,   1.0, 0.100
2025-11-13 16:53:55,        0,  29.9,   2.6,  26.2,  6.721,  4.360,  0.030,5476486.6,  1,  22.5,   1.0, 0.100
2025-11-13 16:53:56,        0,  30.1,   3.2,  26.3,  6.732,  4.348,  0.029,5480652.0,  1,  22.5,   1.0, 0.100
2025-11-13 16:53:57,        0,  29.5,   1.4,  26.2,  6.797,  4.399,  0.030,5484134.7,  1,  22.4,   1.0, 0.100
2025-11-13 16:53:57,        0,  28.8,   0.0,  26.2,  1.541,  0.056,  0.000,5484299.8,  1,  22.5,   1.0, 0.100
2025-11-13 16:53:59,        0,  29.6,   1.9,  26.2,  1.305, -0.006,  0.000,5484300.6,  1,  22.4,   1.0, 0.100
2025-11-13 16:54:00,        0,  29.9,   2.8,  26.3,  5.510,  3.421,  0.023,5486389.0,  1,  22.4,   1.0, 0.100
2025-11-13 16:54:01,        0,  30.0,   3.0,  26.2,  6.713,  4.350,  0.029,5490484.4,  1,  22.4,   1.0, 0.100
2025-11-13 16:54:01,        0,  29.7,   2.1,  26.2,  6.737,  4.350,  0.029,5494585.6,  1,  22.5,   1.0, 0.100
2025-11-13 16:54:03,        0,  29.7,   2.1,  26.2,  1.739,  0.149,  0.000,5495236.9,  1,  22.5,   1.0, 0.100
2025-11-13 16:54:04,        0,  29.9,   2.6,  26.2,  1.332, -0.002,  0.000,5495240.3,  1,  22.5,   1.0, 0.100
2025-11-13 16:54:05,        0,  29.8,   2.3,  26.2,  1.265, -0.009,  0.000,5495233.6,  1,  22.4,   1.0, 0.100
2025-11-13 16:54:05,        0,  29.8,   2.3,  26.2,  1.222, -0.011,  0.000,5495223.1,  1,  22.5,   1.0, 0.100
2025-11-13 16:54:07,        0,  29.9,   2.6,  26.2,  3.133,  1.555,  0.010,5496442.6,  1,  22.4,   1.0, 0.100
2025-11-13 16:54:08,        0,  30.0,   3.0,  26.3,  1.792,  0.189,  0.000,5496703.3,  1,  22.4,   1.0, 0.100
2025-11-13 16:54:09,        0,  29.7,   2.1,  26.2,  6.686,  4.348,  0.029,5500547.3,  1,  22.5,   1.0, 0.100
2025-11-13 16:54:09,        0,  29.9,   2.6,  26.2,  4.684,  2.625,  0.017,5502924.0,  1,  22.4,   1.0, 0.100
2025-11-13 16:54:11,        0,  29.8,   2.3,  26.2,  2.565,  0.752,  0.002,5505972.9,  1,  22.4,   1.0, 0.100
2025-11-13 16:54:12,        0,  29.6,   1.8,  26.3,  1.461,  0.025,  0.000,5506012.3,  1,  22.4,   1.0, 0.100
2025-11-13 16:54:13,        0,  29.6,   1.7,  26.2,  1.321, -0.003,  0.000,5506010.2,  1,  22.4,   1.0, 0.100
2025-11-13 16:54:13,        0,  29.8,   2.4,  26.2,  1.231, -0.010,  0.000,5506000.9,  1,  22.4,   1.0, 0.100
2025-11-13 16:54:15,        0,  29.9,   2.8,  26.3,  3.284,  1.665,  0.011,5507247.3,  1,  22.4,   1.0, 0.100
2025-11-13 16:54:16,        0,  29.9,   2.8,  26.2,  5.624,  3.411,  0.021,5510680.1,  1,  22.4,   1.0, 0.100
2025-11-13 16:54:17,        0,  29.9,   2.6,  26.2,  3.895,  1.894,  0.009,5512677.6,  1,  22.4,   1.0, 0.100
2025-11-13 16:54:18,        0,  29.7,   2.1,  26.2,  3.881,  1.985,  0.012,5513815.0,  1,  22.4,   1.0, 0.100
2025-11-13 16:54:19,        0,  29.8,   2.5,  26.2,  2.384,  0.797,  0.005,5515352.2,  1,  22.4,   1.0, 0.100
2025-11-13 16:54:20,        0,  29.9,   2.6,  26.2,  3.178,  1.280,  0.005,5517238.1,  1,  22.4,   1.0, 0.100
2025-11-13 16:54:21,        0,  29.8,   2.5,  26.3,  1.544,  0.056,  0.000,5517419.6,  1,  22.4,   1.0, 0.100
2025-11-13 16:54:22,        0,  29.8,   2.5,  26.2,  1.339,  0.001,  0.000,5517422.1,  1,  22.4,   1.0, 0.100
2025-11-13 16:54:22,        0,  29.9,   2.6,  26.2,  1.261, -0.008,  0.000,5517414.2,  1,  22.4,   1.0, 0.100
2025-11-13 16:54:24,        0,  29.9,   2.6,  26.2,  1.192, -0.011,  0.000,5517401.6,  1,  22.4,   1.0, 0.100
2025-11-13 16:54:25,        0,  29.9,   2.6,  26.3,  1.141, -0.012,  0.000,5517390.3,  1,  22.4,   1.0, 0.100
2025-11-13 16:54:26,        0,  29.9,   2.8,  26.3,  1.112, -0.013,  0.000,5517379.0,  1,  22.4,   1.0, 0.100
2025-11-13 16:54:26,        0,  29.9,   2.8,  26.2,  6.539,  4.241,  0.028,5520471.0,  1,  22.5,   1.0, 0.100
2025-11-13 16:54:28,        0,  29.9,   2.6,  26.2,  3.591,  1.640,  0.007,5523642.3,  1,  22.4,   1.0, 0.100
2025-11-13 16:54:29,        0,  29.8,   2.5,  26.2,  1.499,  0.036,  0.000,5523685.5,  1,  22.4,   1.0, 0.100
2025-11-13 16:54:30,        0,  29.9,   2.8,  26.2,  1.779,  0.397,  0.003,5523961.3,  1,  22.4,   1.0, 0.100
2025-11-13 16:54:30,        0,  29.8,   2.5,  26.3,  5.055,  2.921,  0.017,5526936.8,  1,  22.4,   1.0, 0.100
2025-11-13 16:54:32,        0,  29.9,   2.6,  26.2,  1.414,  0.015,  0.000,5527023.2,  1,  22.4,   1.0, 0.100
2025-11-13 16:54:33,        0,  29.4,   1.2,  26.2,  1.296, -0.005,  0.000,5527019.8,  1,  22.4,   1.0, 0.100
2025-11-13 16:54:34,        0,  29.4,   1.2,  26.2,  1.234, -0.009,  0.000,5527011.0,  1,  22.4,   1.0, 0.100
2025-11-13 16:54:35,        0,  29.8,   2.5,  26.2,  1.171, -0.011,  0.000,5527000.5,  1,  22.4,   1.0, 0.100
2025-11-13 16:54:35,        0,  29.8,   2.5,  26.2,  1.136, -0.011,  0.000,5526989.7,  1,  22.4,   1.0, 0.100
2025-11-13 16:54:37,        0,  29.9,   2.6,  26.2,  1.091, -0.011,  0.000,5526975.8,  1,  22.4,   1.0, 0.100
2025-11-13 16:54:38,        0,  29.9,   2.6,  26.2,  1.064, -0.012,  0.000,5526965.3,  1,  22.4,   1.0, 0.100
2025-11-13 16:54:39,        0,  29.9,   2.8,  26.2,  1.041, -0.012,  0.000,5526953.6,  1,  22.4,   1.0, 0.100
2025-11-13 16:54:39,        0,  29.9,   2.8,  26.2,  6.657,  4.349,  0.029,5530628.7,  1,  22.4,   1.0, 0.100
2025-11-13 16:54:41,        0,  29.9,   2.6,  26.2,  6.670,  4.349,  0.029,5535579.8,  1,  22.4,   1.0, 0.100
2025-11-13 16:54:42,        0,  29.8,   2.3,  26.2,  2.327,  0.575,  0.002,5537295.2,  1,  22.4,   1.0, 0.100
2025-11-13 16:54:43,        0,  29.8,   2.5,  26.2,  1.440,  0.021,  0.000,5537325.0,  1,  22.4,   1.0, 0.100
2025-11-13 16:54:43,        0,  29.8,   2.3,  26.3,  1.308, -0.003,  0.000,5537320.8,  1,  22.4,   1.0, 0.100
2025-11-13 16:54:45,        0,  29.6,   1.8,  26.2,  1.216, -0.010,  0.000,5537309.5,  1,  22.4,   1.0, 0.100
2025-11-13 16:54:46,        0,  29.6,   1.9,  26.2,  1.156, -0.011,  0.000,5537299.8,  1,  22.4,   1.0, 0.100
2025-11-13 16:54:47,        0,  29.6,   1.9,  26.2,  1.121, -0.011,  0.000,5537288.5,  1,  22.4,   1.0, 0.100
2025-11-13 16:54:48,        0,  29.8,   2.3,  26.2,  1.090, -0.012,  0.000,5537277.6,  1,  22.4,   1.0, 0.100
2025-11-13 16:54:48,        0,  29.7,   2.1,  26.2,  1.064, -0.012,  0.000,5537266.3,  1,  22.4,   1.0, 0.100
2025-11-13 16:54:50,        0,  29.7,   2.1,  26.2,  1.027, -0.011,  0.000,5537253.3,  1,  22.4,   1.0, 0.100
2025-11-13 16:54:51,        0,  29.8,   2.3,  26.2,  0.995, -0.012,  0.000,5537242.4,  1,  22.4,   1.0, 0.100
2025-11-13 16:54:52,        0,  29.8,   2.3,  26.2,  0.977, -0.012,  0.000,5537231.1,  1,  22.4,   1.0, 0.100
2025-11-13 16:54:52,        0,  29.8,   2.3,  26.2,  0.961, -0.012,  0.000,5537219.3,  1,  22.4,   1.0, 0.100
2025-11-13 16:54:54,        0,  29.9,   2.6,  26.2,  0.937, -0.012,  0.000,5537205.1,  1,  22.4,   1.0, 0.100
2025-11-13 16:54:55,        0,  29.8,   2.5,  26.2,  0.924, -0.012,  0.000,5537194.2,  1,  22.4,   1.0, 0.100
2025-11-13 16:54:56,        0,  29.8,   2.5,  26.2,  0.905, -0.011,  0.000,5537182.9,  1,  22.4,   1.0, 0.100
2025-11-13 16:54:57,        0,  29.9,   2.6,  26.2,  0.893, -0.012,  0.000,5537171.6,  1,  22.4,   1.0, 0.100
2025-11-13 16:54:58,        0,  29.7,   2.1,  26.2,  0.876, -0.011,  0.000,5537157.7,  1,  22.4,   1.0, 0.100
2025-11-13 16:54:59,        0,  29.9,   2.6,  26.2,  0.865, -0.011,  0.000,5537146.4,  1,  22.4,   1.0, 0.100
2025-11-13 16:55:00,        0,  29.9,   2.6,  26.2,  0.856, -0.011,  0.000,5538070.5,  1,  22.4,   0.9, 0.100
2025-11-13 16:55:01,        0,  29.9,   2.8,  26.2,  6.647,  4.347,  0.029,5542219.2,  1,  22.4,   0.9, 0.100
2025-11-13 16:55:01,        0,  29.8,   2.5,  26.2,  6.450,  4.168,  0.027,5545631.0,  1,  22.4,   0.9, 0.100
2025-11-13 16:55:03,        0,  29.6,   1.8,  26.2,  1.460,  0.028,  0.000,5545771.4,  1,  22.4,   0.9, 0.100
2025-11-13 16:55:04,        0,  29.7,   2.1,  26.2,  1.307, -0.001,  0.000,5545770.6,  1,  22.4,   0.9, 0.100
2025-11-13 16:55:05,        0,  29.6,   1.8,  26.2,  1.210, -0.009,  0.000,5545762.6,  1,  22.4,   0.9, 0.100
2025-11-13 16:55:06,        0,  29.7,   2.1,  26.2,  1.164, -0.010,  0.000,5545752.5,  1,  22.4,   0.9, 0.100
2025-11-13 16:55:07,        0,  29.6,   1.9,  26.2,  1.107, -0.011,  0.000,5545740.0,  1,  22.4,   0.9, 0.100
2025-11-13 16:55:08,        0,  29.6,   1.9,  26.2,  1.075, -0.011,  0.000,5545729.5,  1,  22.4,   0.9, 0.100
2025-11-13 16:55:09,        0,  29.6,   1.9,  26.2,  1.045, -0.011,  0.000,5545719.4,  1,  22.4,   0.9, 0.100
2025-11-13 16:55:10,        0,  29.7,   2.1,  26.2,  1.004, -0.012,  0.000,5545708.5,  1,  22.4,   0.9, 0.100
2025-11-13 16:55:10,        0,  29.6,   1.9,  26.2,  0.981, -0.011,  0.000,5545698.1,  1,  22.4,   0.9, 0.100
2025-11-13 16:55:12,        0,  29.7,   2.1,  26.2,  0.950, -0.011,  0.000,5545684.6,  1,  22.4,   0.9, 0.100
2025-11-13 16:55:13,        0,  29.6,   1.8,  26.2,  0.933, -0.011,  0.000,5545674.2,  1,  22.4,   0.9, 0.100
2025-11-13 16:55:14,        0,  29.7,   2.1,  26.2,  0.916, -0.011,  0.000,5545663.3,  1,  22.4,   0.9, 0.100
2025-11-13 16:55:15,        0,  29.6,   1.9,  26.2,  0.892, -0.011,  0.000,5545652.4,  1,  22.4,   0.9, 0.100
2025-11-13 16:55:16,        0,  29.7,   2.1,  26.2,  0.878, -0.011,  0.000,5545639.8,  1,  22.4,   0.9, 0.100
2025-11-13 16:55:17,        0,  29.8,   2.3,  26.2,  0.858, -0.011,  0.000,5545628.9,  1,  22.4,   0.9, 0.100
2025-11-13 16:55:18,        0,  29.7,   2.1,  26.2,  0.846, -0.011,  0.000,5545618.0,  1,  22.4,   0.9, 0.100
2025-11-13 16:55:19,        0,  29.8,   2.3,  26.2,  0.834, -0.011,  0.000,5545608.0,  1,  22.4,   0.9, 0.100
2025-11-13 16:55:19,        0,  29.8,   2.5,  26.2,  0.818, -0.011,  0.000,5545597.5,  1,  22.4,   0.9, 0.100
2025-11-13 16:55:21,        0,  29.6,   1.9,  26.2,  0.802, -0.010,  0.000,5545585.3,  1,  22.4,   0.9, 0.100
2025-11-13 16:55:22,        0,  29.8,   2.3,  26.2,  0.793, -0.011,  0.000,5545574.8,  1,  22.4,   0.9, 0.100
2025-11-13 16:55:23,        0,  29.8,   2.5,  26.2,  0.783, -0.011,  0.000,5545565.2,  1,  22.4,   0.9, 0.100
2025-11-13 16:55:23,        0,  29.8,   2.5,  26.2,  0.774, -0.011,  0.000,5545555.1,  1,  22.4,   0.9, 0.100
2025-11-13 16:55:25,        0,  29.8,   2.5,  26.2,  0.761, -0.011,  0.000,5545542.6,  1,  22.4,   0.9, 0.100
2025-11-13 16:55:26,        0,  29.8,   2.5,  26.2,  0.748, -0.010,  0.000,5545533.4,  1,  22.4,   0.9, 0.100
2025-11-13 16:55:27,        0,  29.8,   2.5,  26.2,  0.740, -0.010,  0.000,5545523.3,  1,  22.4,   0.9, 0.100
2025-11-13 16:55:28,        0,  29.8,   2.5,  26.2,  0.732, -0.010,  0.000,5545514.1,  1,  22.4,   0.9, 0.100
2025-11-13 16:55:28,        0,  29.9,   2.6,  26.2,  0.721, -0.010,  0.000,5545504.4,  1,  22.4,   0.9, 0.100
2025-11-13 16:55:30,        0,  29.9,   2.6,  26.2,  0.714, -0.010,  0.000,5545493.1,  1,  22.4,   0.9, 0.100
2025-11-13 16:55:31,        0,  29.8,   2.5,  26.2,  0.703, -0.009,  0.000,5545483.5,  1,  22.4,   0.9, 0.100
2025-11-13 16:55:32,        0,  29.9,   2.6,  26.2,  2.534,  1.396,  0.009,5546975.5,  1,  22.4,   0.9, 0.100
2025-11-13 16:55:32,        0,  29.9,   2.6,  26.2,  6.597,  4.353,  0.029,5550267.0,  1,  22.4,   0.9, 0.100
2025-11-13 16:55:34,        0,  29.8,   2.5,  26.2,  1.437,  0.036,  0.000,5550892.7,  1,  22.4,   0.9, 0.100
2025-11-13 16:55:35,        0,  29.4,   1.2,  26.2,  2.330,  0.638,  0.002,5551607.3,  1,  22.4,   0.9, 0.100
2025-11-13 16:55:36,        0,  29.8,   2.3,  26.2,  1.287,  0.005,  0.000,5551618.6,  1,  22.4,   0.9, 0.100
2025-11-13 16:55:37,        0,  29.6,   1.8,  26.2,  1.193, -0.005,  0.000,5551612.7,  1,  22.4,   0.9, 0.100
2025-11-13 16:55:38,        0,  29.7,   2.1,  26.2,  1.111, -0.009,  0.000,5551603.1,  1,  22.4,   0.9, 0.100
2025-11-13 16:55:39,        0,  29.7,   2.1,  26.2,  1.067, -0.009,  0.000,5551594.3,  1,  22.4,   0.9, 0.100
2025-11-13 16:55:40,        0,  29.7,   2.1,  26.2,  1.010, -0.009,  0.000,5551585.1,  1,  22.4,   0.9, 0.100
2025-11-13 16:55:41,        0,  29.7,   2.1,  26.2,  0.976, -0.009,  0.000,5551576.3,  1,  22.4,   0.9, 0.100
2025-11-13 16:55:41,        0,  29.6,   1.8,  26.2,  0.946, -0.009,  0.000,5551567.5,  1,  22.4,   0.9, 0.100
2025-11-13 16:55:43,        0,  29.8,   2.3,  26.2,  0.905, -0.009,  0.000,5551556.6,  1,  22.4,   0.9, 0.100
2025-11-13 16:55:44,        0,  29.7,   2.1,  26.1,  0.881, -0.009,  0.000,5551547.4,  1,  22.4,   0.9, 0.100
2025-11-13 16:55:45,        0,  29.7,   2.1,  26.2,  0.849, -0.009,  0.000,5551538.6,  1,  22.4,   0.9, 0.100
2025-11-13 16:55:45,        0,  29.7,   2.1,  26.2,  0.829, -0.009,  0.000,5551529.8,  1,  22.4,   1.0, 0.100
2025-11-13 16:55:47,        0,  29.8,   2.3,  26.2,  0.802, -0.009,  0.000,5551518.9,  1,  22.4,   1.0, 0.100
2025-11-13 16:55:48,        0,  29.8,   2.3,  26.2,  0.785, -0.009,  0.000,5551509.7,  1,  22.4,   1.0, 0.100
2025-11-13 16:55:49,        0,  29.8,   2.3,  26.1,  0.771, -0.009,  0.000,5551501.3,  1,  22.4,   0.9, 0.100
2025-11-13 16:55:49,        0,  29.7,   2.1,  26.1,  0.749, -0.009,  0.000,5551492.9,  1,  22.4,   0.9, 0.100
2025-11-13 16:55:51,        0,  29.7,   2.1,  26.2,  0.736, -0.009,  0.000,5551482.0,  1,  22.4,   1.0, 0.100
2025-11-13 16:55:52,        0,  29.7,   2.1,  26.1,  0.717, -0.009,  0.000,5551473.2,  1,  22.4,   1.0, 0.100
2025-11-13 16:55:53,        0,  29.8,   2.3,  26.1,  0.705, -0.009,  0.000,5551465.2,  1,  22.4,   1.0, 0.100
2025-11-13 16:55:53,        0,  29.8,   2.3,  26.2,  0.694, -0.009,  0.000,5551456.8,  1,  22.4,   0.9, 0.100
2025-11-13 16:55:55,        0,  29.7,   2.1,  26.2,  0.678, -0.009,  0.000,5551446.8,  1,  22.4,   0.9, 0.100
2025-11-13 16:55:56,        0,  29.8,   2.3,  26.2,  0.668, -0.008,  0.000,5551438.8,  1,  22.4,   0.9, 0.100
2025-11-13 16:55:57,        0,  29.8,   2.5,  26.1,  0.654, -0.008,  0.000,5551430.9,  1,  22.4,   0.9, 0.100
2025-11-13 16:55:57,        0,  29.8,   2.5,  26.1,  0.645, -0.008,  0.000,5551422.9,  1,  22.4,   0.9, 0.100
2025-11-13 16:55:59,        0,  29.8,   2.5,  26.2,  0.632, -0.009,  0.000,5551413.7,  1,  22.4,   0.9, 0.100
2025-11-13 16:56:00,        0,  29.8,   2.3,  26.2,  0.623, -0.009,  0.000,77727001190.2,  1,  22.4,   0.9, 0.100
2025-11-13 16:56:01,        0,  29.8,   2.5,  26.1,  0.616, -0.008,  0.000,5551398.2,  1,  22.4,   0.9, 0.100
2025-11-13 16:56:01,        0,  29.8,   2.5,  26.1,  0.604, -0.008,  0.000,5551390.6,  1,  22.4,   0.9, 0.100
2025-11-13 16:56:03,        0,  29.8,   2.3,  26.2,  0.594, -0.007,  0.000,5551381.4,  1,  22.4,   0.9, 0.100
2025-11-13 16:56:04,        0,  29.8,   2.3,  26.2,  0.587, -0.008,  0.000,5551373.4,  1,  22.4,   0.9, 0.100
2025-11-13 16:56:05,        0,  29.8,   2.5,  26.1,  0.581, -0.008,  0.000,5551366.7,  1,  22.4,   0.9, 0.100
2025-11-13 16:56:06,        0,  29.8,   2.5,  26.1,  0.574, -0.007,  0.000,5551359.2,  1,  22.4,   0.9, 0.100
2025-11-13 16:56:07,        0,  29.9,   2.6,  26.1,  0.565, -0.007,  0.000,5551350.4,  1,  22.4,   0.9, 0.100
2025-11-13 16:56:08,        0,  29.8,   2.3,  26.1,  0.557, -0.007,  0.000,5551344.1,  1,  22.4,   0.9, 0.100
2025-11-13 16:56:09,        0,  29.9,   2.6,  26.1,  0.552, -0.007,  0.000,5551336.6,  1,  22.4,   1.0, 0.100
2025-11-13 16:56:10,        0,  29.9,   2.6,  26.1,  0.546, -0.007,  0.000,5551329.4,  1,  22.4,   1.0, 0.100
2025-11-13 16:56:10,        0,  29.9,   2.6,  26.1,  0.540, -0.007,  0.000,5551322.3,  1,  22.4,   0.9, 0.100
2025-11-13 16:56:12,        0,  29.9,   2.6,  26.1,  0.534, -0.007,  0.000,5551313.9,  1,  22.4,   1.0, 0.100
2025-11-13 16:56:13,        0,  29.9,   2.6,  26.2,  6.118,  4.165,  0.026,5553239.7,  1,  22.4,   1.0, 0.100
2025-11-13 16:56:14,        0,  29.8,   2.5,  26.1,  5.157,  3.200,  0.018,5556263.4,  1,  22.4,   1.0, 0.100
2025-11-13 16:56:14,        0,  29.8,   2.5,  26.1,  1.393,  0.066,  0.000,5556351.5,  1,  22.4,   1.0, 0.100
2025-11-13 16:56:16,        0,  29.6,   1.9,  26.1,  1.115, -0.001,  0.000,5556354.0,  1,  22.4,   0.9, 0.100
2025-11-13 16:56:17,        0,  29.6,   1.8,  26.2,  1.044, -0.005,  0.000,5556349.4,  1,  22.4,   0.9, 0.100
2025-11-13 16:56:18,        0,  29.7,   2.1,  26.1,  0.970, -0.007,  0.000,5556342.7,  1,  22.4,   0.9, 0.100
2025-11-13 16:56:19,        0,  29.7,   2.1,  26.2,  0.929, -0.007,  0.000,5556335.5,  1,  22.4,   0.9, 0.100
2025-11-13 16:56:20,        0,  29.7,   2.1,  26.2,  0.874, -0.007,  0.000,5556328.0,  1,  22.4,   0.9, 0.100
2025-11-13 16:56:21,        0,  29.7,   2.1,  26.1,  0.843, -0.008,  0.000,5556319.6,  1,  22.4,   0.9, 0.100
2025-11-13 16:56:22,        0,  29.7,   2.1,  26.2,  0.817, -0.008,  0.000,5556311.6,  1,  22.4,   0.9, 0.100
2025-11-13 16:56:23,        0,  29.7,   2.1,  26.1,  0.780, -0.008,  0.000,5556304.1,  1,  22.4,   0.9, 0.100
2025-11-13 16:56:23,        0,  29.8,   2.3,  26.1,  0.760, -0.008,  0.000,5556296.6,  1,  22.4,   0.9, 0.100
2025-11-13 16:56:25,        0,  29.7,   2.1,  26.1,  0.730, -0.008,  0.000,5556286.9,  1,  22.4,   0.9, 0.100
2025-11-13 16:56:26,        0,  29.7,   2.1,  26.1,  0.715, -0.008,  0.000,5556279.8,  1,  22.4,   0.9, 0.100
2025-11-13 16:56:27,        0,  29.7,   2.1,  26.1,  0.692, -0.008,  0.000,5556271.4,  1,  22.4,   0.9, 0.100
2025-11-13 16:56:28,        0,  29.7,   2.1,  26.1,  0.677, -0.008,  0.000,5556263.4,  1,  22.4,   0.9, 0.100
2025-11-13 16:56:29,        0,  29.8,   2.3,  26.1,  0.657, -0.008,  0.000,5556254.2,  1,  22.4,   0.9, 0.100
2025-11-13 16:56:30,        0,  29.8,   2.3,  26.1,  0.644, -0.008,  0.000,5556247.5,  1,  22.4,   0.9, 0.100
2025-11-13 16:56:31,        0,  29.6,   1.9,  26.2,  0.633, -0.007,  0.000,5556239.6,  1,  22.4,   0.9, 0.100
2025-11-13 16:56:32,        0,  29.8,   2.3,  26.1,  0.617, -0.008,  0.000,5556232.4,  1,  22.4,   0.9, 0.100
2025-11-13 16:56:32,        0,  29.8,   2.3,  26.1,  0.607, -0.007,  0.000,5556225.3,  1,  22.4,   0.9, 0.100
2025-11-13 16:56:34,        0,  29.7,   2.1,  26.1,  0.593, -0.007,  0.000,5556216.5,  1,  22.4,   0.9, 0.100
2025-11-13 16:56:35,        0,  29.8,   2.3,  26.1,  0.584, -0.007,  0.000,5556209.4,  1,  22.4,   0.9, 0.100
2025-11-13 16:56:36,        0,  29.7,   2.1,  26.1,  0.577, -0.007,  0.000,5556202.7,  1,  22.4,   0.9, 0.100
2025-11-13 16:56:36,        0,  29.8,   2.3,  26.1,  0.564, -0.007,  0.000,5556196.4,  1,  22.4,   0.9, 0.100
2025-11-13 16:56:38,        0,  29.8,   2.3,  26.1,  0.557, -0.007,  0.000,5556186.8,  1,  22.4,   0.8, 0.100
2025-11-13 16:56:39,        0,  29.8,   2.3,  26.1,  0.546, -0.007,  0.000,5556180.5,  1,  22.4,   0.9, 0.100
2025-11-13 16:56:40,        0,  29.5,   1.4,  26.1,  0.540, -0.007,  0.000,5556173.8,  1,  22.4,   0.9, 0.100
2025-11-13 16:56:41,        0,  29.8,   2.5,  26.1,  0.533, -0.007,  0.000,5556167.5,  1,  22.4,   0.9, 0.100
2025-11-13 16:56:41,        0,  29.8,   2.3,  26.1,  0.523, -0.007,  0.000,5556160.4,  1,  22.4,   0.9, 0.100
2025-11-13 16:56:43,        0,  29.5,   1.4,  26.1,  0.515, -0.007,  0.000,5556152.4,  1,  22.4,   0.9, 0.100
2025-11-13 16:56:44,        0,  29.8,   2.5,  26.1,  0.509, -0.007,  0.000,5556145.7,  1,  22.4,   0.9, 0.100
2025-11-13 16:56:45,        0,  29.8,   2.5,  26.2,  0.504, -0.007,  0.000,5556139.0,  1,  22.4,   0.9, 0.100
2025-11-13 16:56:45,        0,  29.8,   2.5,  26.1,  0.499, -0.007,  0.000,5556133.1,  1,  22.4,   0.9, 0.100
2025-11-13 16:56:47,        0,  29.8,   2.3,  26.1,  0.492, -0.007,  0.000,5556125.1,  1,  22.4,   0.9, 0.100
2025-11-13 16:56:48,        0,  29.8,   2.5,  26.1,  0.484, -0.007,  0.000,5556118.0,  1,  22.4,   0.8, 0.100
2025-11-13 16:56:49,        0,  29.8,   2.5,  26.1,  0.480, -0.007,  0.000,5556112.2,  1,  22.4,   0.9, 0.100
2025-11-13 16:56:50,        0,  29.8,   2.5,  26.1,  0.475, -0.006,  0.000,5556106.7,  1,  22.4,   0.8, 0.100
2025-11-13 16:56:51,        0,  29.8,   2.5,  26.1,  0.468, -0.006,  0.000,5556098.7,  1,  22.4,   0.9, 0.100
2025-11-13 16:56:52,        0,  29.7,   2.1,  26.1,  0.464, -0.007,  0.000,5556093.3,  1,  22.4,   0.9, 0.100
2025-11-13 16:56:53,        0,  29.7,   2.1,  26.1,  0.458, -0.006,  0.000,5556087.4,  1,  22.4,   0.9, 0.100
2025-11-13 16:56:54,        0,  29.8,   2.5,  26.1,  0.454, -0.006,  0.000,5556082.0,  1,  22.4,   0.8, 0.100
2025-11-13 16:56:54,        0,  29.9,   2.6,  26.2,  0.450, -0.006,  0.000,5556075.3,  1,  22.4,   0.9, 0.100
2025-11-13 16:56:56,        0,  29.8,   2.5,  26.1,  0.445, -0.006,  0.000,5556068.2,  1,  22.4,   0.8, 0.100
2025-11-13 16:56:57,        0,  29.7,   2.1,  26.1,  0.441, -0.006,  0.000,5556062.3,  1,  22.4,   0.8, 0.100
2025-11-13 16:56:58,        0,  29.9,   2.6,  26.1,  0.435, -0.006,  0.000,5556056.4,  1,  22.4,   0.8, 0.100
2025-11-13 16:56:59,        0,  29.9,   2.6,  26.1,  0.433, -0.006,  0.000,5556051.0,  1,  22.4,   0.8, 0.100
2025-11-13 16:57:00,        0,  29.9,   2.6,  26.1,  0.428, -0.005,  0.000,5556043.4,  1,  22.4,   0.8, 0.100
2025-11-13 16:57:01,        0,  29.8,   2.5,  26.1,  0.425, -0.006,  0.000,5556038.0,  1,  22.4,   0.8, 0.100
2025-11-13 16:57:02,        0,  29.8,   2.5,  26.1,  0.422, -0.006,  0.000,5556032.1,  1,  22.4,   0.8, 0.100
2025-11-13 16:57:03,        0,  29.9,   2.6,  26.1,  0.417, -0.006,  0.000,5556027.5,  1,  22.4,   0.8, 0.100
2025-11-13 16:57:03,        0,  29.9,   2.6,  26.1,  0.414, -0.005,  0.000,5556022.0,  1,  22.4,   0.8, 0.100
2025-11-13 16:57:05,        0,  29.9,   2.6,  26.1,  0.410, -0.005,  0.000,5556014.9,  1,  22.4,   0.8, 0.100
2025-11-13 16:57:06,        0,  29.8,   2.5,  26.1,  0.406, -0.006,  0.000,5556009.5,  1,  22.4,   0.8, 0.100
2025-11-13 16:57:07,        0,  29.9,   2.6,  26.1,  0.402, -0.005,  0.000,5556004.9,  1,  22.4,   0.8, 0.100
2025-11-13 16:57:07,        0,  29.9,   2.6,  26.1,  0.400, -0.006,  0.000,5555999.4,  1,  22.4,   0.8, 0.100
2025-11-13 16:57:09,        0,  29.8,   2.5,  26.1,  0.396, -0.006,  0.000,5555992.3,  1,  22.4,   0.8, 0.100
2025-11-13 16:57:10,        0,  29.9,   2.6,  26.1,  0.393, -0.006,  0.000,5555987.7,  1,  22.4,   0.8, 0.100
2025-11-13 16:57:11,        0,  29.9,   2.6,  26.1,  0.391, -0.006,  0.000,5555982.2,  1,  22.4,   0.8, 0.100
2025-11-13 16:57:12,        0,  29.8,   2.5,  26.1,  0.387, -0.005,  0.000,5555977.2,  1,  22.4,   0.8, 0.100
2025-11-13 16:57:12,        0,  29.9,   2.6,  26.1,  0.385, -0.005,  0.000,5555971.8,  1,  22.4,   0.8, 0.100
2025-11-13 16:57:14,        0,  29.9,   2.8,  26.1,  0.852,  0.387,  0.002,5556611.7,  1,  22.4,   0.8, 0.100
2025-11-13 16:57:15,        0,  29.9,   2.6,  26.1,  6.402,  4.358,  0.028,5560763.3,  1,  22.4,   0.8, 0.100
2025-11-13 16:57:16,        0,  29.8,   2.3,  26.1,  6.400,  4.356,  0.028,5564079.6,  1,  22.4,   0.8, 0.100
2025-11-13 16:57:16,        0,  29.4,   1.2,  26.1,  1.262,  0.043,  0.000,5564203.2,  1,  22.4,   0.8, 0.100
2025-11-13 16:57:18,        0,  29.3,   0.9,  26.1,  1.037, -0.001,  0.000,5564209.1,  1,  22.4,   0.8, 0.100
2025-11-13 16:57:19,        0,  29.5,   1.6,  26.1,  0.970, -0.004,  0.000,5564205.7,  1,  22.3,   0.8, 0.100
2025-11-13 16:57:20,        0,  29.6,   1.8,  26.1,  0.923, -0.006,  0.000,5564199.4,  1,  22.4,   0.8, 0.100
2025-11-13 16:57:21,        0,  29.6,   1.8,  26.1,  0.884, -0.007,  0.000,5564193.1,  1,  22.4,   0.8, 0.100
2025-11-13 16:57:21,        0,  29.5,   1.6,  26.1,  0.830, -0.007,  0.000,5564186.0,  1,  22.4,   0.8, 0.100
2025-11-13 16:57:23,        0,  29.5,   1.6,  26.1,  0.783, -0.007,  0.000,5564178.9,  1,  22.4,   0.8, 0.100
2025-11-13 16:57:24,        0,  29.5,   1.6,  26.1,  0.758, -0.008,  0.000,5564171.4,  1,  22.4,   0.8, 0.100
2025-11-13 16:57:25,        0,  29.5,   1.6,  26.1,  0.736, -0.008,  0.000,5564164.6,  1,  22.4,   0.8, 0.100
2025-11-13 16:57:25,        0,  29.6,   1.8,  26.0,  0.706, -0.008,  0.000,5564157.5,  1,  22.4,   0.8, 0.100
2025-11-13 16:57:27,        0,  29.5,   1.6,  26.1,  0.689, -0.007,  0.000,5564148.3,  1,  22.4,   0.8, 0.100
2025-11-13 16:57:28,        0,  29.5,   1.6,  26.1,  0.665, -0.007,  0.000,5564141.6,  1,  22.3,   0.8, 0.100
2025-11-13 16:57:29,        0,  29.6,   1.8,  26.1,  0.650, -0.007,  0.000,5564133.6,  1,  22.4,   0.8, 0.100
2025-11-13 16:57:30,        0,  29.6,   1.8,  26.1,  0.637, -0.008,  0.000,5564126.9,  1,  22.4,   0.8, 0.100
2025-11-13 16:57:31,        0,  29.5,   1.6,  26.1,  0.619, -0.007,  0.000,5564118.5,  1,  22.4,   0.9, 0.100
2025-11-13 16:57:32,        0,  29.6,   1.8,  26.1,  0.607, -0.007,  0.000,5564110.6,  1,  22.3,   0.9, 0.100
2025-11-13 16:57:33,        0,  29.6,   1.8,  26.0,  0.590, -0.007,  0.000,5564103.9,  1,  22.4,   0.9, 0.100
2025-11-13 16:57:34,        0,  29.6,   1.8,  26.0,  0.581, -0.007,  0.000,5564096.8,  1,  22.4,   0.9, 0.100
2025-11-13 16:57:34,        0,  29.6,   1.8,  26.1,  0.571, -0.007,  0.000,5564090.1,  1,  22.4,   0.9, 0.100
2025-11-13 16:57:36,        0,  29.6,   1.9,  26.1,  0.558, -0.007,  0.000,5564082.1,  1,  22.4,   0.9, 0.100
2025-11-13 16:57:37,        0,  29.6,   1.9,  26.1,  0.550, -0.007,  0.000,5564075.4,  1,  22.3,   0.9, 0.100
2025-11-13 16:57:38,        0,  29.6,   1.8,  26.1,  0.537, -0.007,  0.000,5564068.7,  1,  22.4,   0.9, 0.100
2025-11-13 16:57:38,        0,  29.6,   1.8,  26.1,  0.530, -0.006,  0.000,5564062.4,  1,  22.4,   1.0, 0.100
2025-11-13 16:57:40,        0,  29.6,   1.9,  26.0,  0.519, -0.006,  0.000,5564054.4,  1,  22.4,   1.0, 0.100
2025-11-13 16:57:41,        0,  29.6,   1.8,  26.1,  0.513, -0.007,  0.000,5564048.1,  1,  22.4,   1.0, 0.100
2025-11-13 16:57:42,        0,  29.6,   1.9,  26.1,  0.502, -0.006,  0.000,5564042.3,  1,  22.4,   1.0, 0.100
2025-11-13 16:57:42,        0,  29.6,   1.9,  26.1,  0.496, -0.006,  0.000,5564036.4,  1,  22.3,   1.0, 0.100
2025-11-13 16:57:44,        0,  29.6,   1.8,  26.1,  0.487, -0.006,  0.000,5564028.4,  1,  22.4,   1.0, 0.100
2025-11-13 16:57:45,        0,  29.6,   1.9,  26.1,  0.482, -0.006,  0.000,5564022.6,  1,  22.4,   1.0, 0.100
2025-11-13 16:57:46,        0,  29.6,   1.9,  26.1,  0.476, -0.006,  0.000,5564016.7,  1,  22.4,   1.0, 0.100
2025-11-13 16:57:46,        0,  29.6,   1.9,  26.1,  0.471, -0.000,  0.000,5564011.3,  1,  22.4,   1.0, 0.100
2025-11-13 16:57:48,        0,  29.6,   1.8,  26.1,  0.463, -0.006,  0.000,5564002.9,  1,  22.4,   1.0, 0.100
2025-11-13 16:57:49,        0,  29.6,   1.8,  26.1,  0.456, -0.006,  0.000,5563997.4,  1,  22.3,   0.9, 0.100
2025-11-13 16:57:50,        0,  29.6,   1.9,  26.1,  0.451, -0.006,  0.000,5563991.6,  1,  22.4,   0.9, 0.100
2025-11-13 16:57:50,        0,  29.6,   1.9,  26.0,  0.447, -0.006,  0.000,5563985.7,  1,  22.4,   1.0, 0.100
2025-11-13 16:57:52,        0,  29.6,   1.9,  26.1,  0.440, -0.006,  0.000,5563979.0,  1,  22.4,   0.9, 0.100
2025-11-13 16:57:53,        0,  29.6,   1.8,  26.1,  0.436, -0.006,  0.000,5563973.5,  1,  22.4,   0.9, 0.100
2025-11-13 16:57:54,        0,  29.6,   1.8,  26.1,  0.429, -0.005,  0.000,5563967.7,  1,  22.4,   0.9, 0.100
2025-11-13 16:57:54,        0,  29.6,   1.9,  26.1,  0.425, -0.006,  0.000,5563961.8,  1,  22.4,   0.9, 0.100
2025-11-13 16:57:56,        0,  29.6,   1.9,  26.0,  0.420, -0.005,  0.000,5563955.1,  1,  22.3,   0.9, 0.100
2025-11-13 16:57:57,        0,  29.6,   1.9,  26.1,  0.417, -0.006,  0.000,5563950.1,  1,  22.4,   1.0, 0.100
2025-11-13 16:57:58,        0,  29.7,   2.1,  26.1,  0.412, -0.006,  0.000,5563944.6,  1,  22.4,   0.9, 0.100
2025-11-13 16:57:58,        0,  29.6,   1.9,  26.1,  0.407, -0.006,  0.000,5563939.6,  1,  22.4,   0.9, 0.100
2025-11-13 16:58:00,        0,  29.6,   1.9,  26.1,  0.404, -0.006,  0.000,5563933.3,  1,  22.4,   0.9, 0.100
2025-11-13 16:58:01,        0,  29.6,   1.9,  26.1,  0.398, -0.005,  0.000,5563928.3,  1,  22.4,   0.9, 0.100
2025-11-13 16:58:02,        0,  29.7,   2.1,  26.1,  0.394, -0.005,  0.000,5563922.8,  1,  22.4,   0.9, 0.100
2025-11-13 16:58:03,        0,  29.7,   2.1,  26.1,  0.392, -0.006,  0.000,5563917.0,  1,  22.3,   0.8, 0.100
2025-11-13 16:58:03,        0,  29.8,   2.3,  26.1,  0.387, -0.005,  0.000,5563912.8,  1,  22.4,   0.8, 0.100
2025-11-13 16:58:05,        0,  29.6,   1.9,  26.1,  0.385, -0.005,  0.000,5563905.6,  1,  22.4,   0.8, 0.100
2025-11-13 16:58:06,        0,  29.7,   2.1,  26.1,  0.380, -0.005,  0.000,5563901.5,  1,  22.4,   0.8, 0.100
2025-11-13 16:58:07,        0,  29.7,   2.1,  26.1,  0.377, -0.005,  0.000,5563896.0,  1,  22.4,   0.8, 0.100
2025-11-13 16:58:07,        0,  29.7,   2.1,  26.0,  0.373, -0.005,  0.000,5563891.0,  1,  22.4,   0.8, 0.100
2025-11-13 16:58:09,        0,  29.7,   2.1,  26.1,  0.369, -0.005,  0.000,5563885.1,  1,  22.4,   0.8, 0.100
2025-11-13 16:58:10,        0,  29.6,   1.9,  26.0,  0.365, -0.005,  0.000,5563880.9,  1,  22.4,   0.8, 0.100
2025-11-13 16:58:11,        0,  29.7,   2.1,  26.0,  0.362, -0.005,  0.000,5563876.3,  1,  22.4,   0.8, 0.100
2025-11-13 16:58:12,        0,  29.7,   2.1,  26.1,  0.360, -0.005,  0.000,5563870.9,  1,  22.4,   0.8, 0.100
2025-11-13 16:58:13,        0,  29.6,   1.9,  26.0,  0.356, -0.005,  0.000,5563865.8,  1,  22.4,   0.8, 0.100
2025-11-13 16:58:14,        0,  29.7,   2.1,  26.1,  0.354, -0.005,  0.000,5563861.2,  1,  22.4,   0.8, 0.100
2025-11-13 16:58:15,        0,  29.6,   1.9,  26.0,  0.350, -0.005,  0.000,5563856.6,  1,  22.4,   0.8, 0.100
2025-11-13 16:58:16,        0,  29.6,   1.9,  26.0,  0.347, -0.005,  0.000,5563850.7,  1,  22.4,   0.8, 0.100
2025-11-13 16:58:16,        0,  29.6,   1.9,  26.0,  0.345, -0.005,  0.000,5563846.6,  1,  22.4,   0.8, 0.100
2025-11-13 16:58:18,        0,  29.7,   2.1,  26.1,  0.341, -0.005,  0.000,5563841.5,  1,  22.4,   0.8, 0.100
2025-11-13 16:58:19,        0,  29.7,   2.1,  26.1,  0.339, -0.004,  0.000,5563836.5,  1,  22.4,   0.8, 0.100
2025-11-13 16:58:20,        0,  29.8,   2.3,  26.1,  0.335, -0.005,  0.000,5563832.7,  1,  22.4,   0.8, 0.100
2025-11-13 16:58:20,        0,  29.8,   2.3,  26.0,  0.333, -0.005,  0.000,5563828.1,  1,  22.4,   0.9, 0.100
2025-11-13 16:58:22,        0,  29.7,   2.1,  26.1,  0.330, -0.005,  0.000,5563822.2,  1,  22.4,   0.9, 0.100
2025-11-13 16:58:23,        0,  29.7,   2.1,  26.0,  0.328, -0.005,  0.000,5563818.1,  1,  22.4,   0.9, 0.100
2025-11-13 16:58:24,        0,  29.6,   1.9,  26.0,  0.326, -0.004,  0.000,5563814.3,  1,  22.4,   0.9, 0.100
2025-11-13 16:58:25,        0,  29.7,   2.1,  26.0,  0.323, -0.005,  0.000,5563809.7,  1,  22.4,   0.9, 0.100
2025-11-13 16:58:25,        0,  29.7,   2.1,  26.1,  0.320, -0.004,  0.000,5563805.1,  1,  22.4,   0.9, 0.100
2025-11-13 16:58:27,        0,  29.8,   2.3,  26.1,  0.317, -0.005,  0.000,5563799.2,  1,  22.4,   0.9, 0.100
2025-11-13 16:58:28,        0,  29.8,   2.3,  26.1,  0.315, -0.005,  0.000,5563795.4,  1,  22.4,   0.9, 0.100
2025-11-13 16:58:29,        0,  29.8,   2.3,  26.1,  0.313, -0.004,  0.000,5563791.2,  1,  22.4,   0.9, 0.100
2025-11-13 16:58:29,        0,  29.8,   2.3,  26.0,  0.311, -0.004,  0.000,5563787.0,  1,  22.4,   0.9, 0.100
2025-11-13 16:58:31,        0,  29.7,   2.1,  26.0,  0.307, -0.004,  0.000,5563782.0,  1,  22.4,   0.9, 0.100
2025-11-13 16:58:32,        0,  29.8,   2.3,  26.0,  0.306, -0.005,  0.000,5563778.2,  1,  22.4,   0.9, 0.100
2025-11-13 16:58:33,        0,  29.7,   2.1,  26.0,  0.305, -0.004,  0.000,5563774.1,  1,  22.4,   0.9, 0.100
2025-11-13 16:58:34,        0,  29.7,   2.1,  26.0,  0.301, -0.004,  0.000,5563769.9,  1,  22.4,   0.9, 0.100
2025-11-13 16:58:35,        0,  29.8,   2.3,  26.1,  0.299, -0.004,  0.000,5563765.3,  1,  22.4,   0.9, 0.100
2025-11-13 16:58:36,        0,  29.8,   2.3,  26.1,  0.297, -0.004,  0.000,5563760.6,  1,  22.4,   0.9, 0.100
2025-11-13 16:58:37,        0,  29.8,   2.3,  26.0,  0.295, -0.004,  0.000,5563756.9,  1,  22.4,   0.9, 0.100
2025-11-13 16:58:38,        0,  29.8,   2.3,  26.0,  0.293, -0.004,  0.000,5563753.1,  1,  22.4,   0.9, 0.100
2025-11-13 16:58:39,        0,  29.7,   2.1,  26.0,  0.291, -0.005,  0.000,5563748.5,  1,  22.4,   0.9, 0.100
2025-11-13 16:58:40,        0,  29.7,   2.1,  26.0,  0.290, -0.004,  0.000,5563744.7,  1,  22.4,   0.9, 0.100
2025-11-13 16:58:41,        0,  29.8,   2.3,  26.0,  0.288, -0.004,  0.000,5563741.4,  1,  22.4,   0.8, 0.100
2025-11-13 16:58:42,        0,  29.8,   2.3,  26.0,  0.286, -0.004,  0.000,5563738.0,  1,  22.4,   0.9, 0.100
2025-11-13 16:58:42,        0,  29.8,   2.5,  26.0,  0.285, -0.004,  0.000,5563733.4,  1,  22.4,   0.9, 0.100
2025-11-13 16:58:44,        0,  29.8,   2.3,  26.1,  0.282, -0.003,  0.000,5563729.6,  1,  22.4,   0.9, 0.100
2025-11-13 16:58:45,        0,  29.8,   2.3,  26.0,  0.281, -0.005,  0.000,5563725.0,  1,  22.4,   0.8, 0.100
2025-11-13 16:58:46,        0,  29.8,   2.3,  26.0,  0.279, -0.004,  0.000,5563721.7,  1,  22.4,   0.8, 0.100
2025-11-13 16:58:46,        0,  29.8,   2.3,  26.0,  0.277, -0.004,  0.000,5563717.9,  1,  22.4,   0.8, 0.100
2025-11-13 16:58:48,        0,  29.8,   2.3,  26.0,  0.276, -0.004,  0.000,5563712.9,  1,  22.4,   0.8, 0.100
2025-11-13 16:58:49,        0,  29.6,   1.8,  26.0,  0.274, -0.004,  0.000,5563709.1,  1,  22.4,   0.8, 0.100
2025-11-13 16:58:50,        0,  29.8,   2.3,  26.0,  0.272, -0.004,  0.000,5563705.3,  1,  22.4,   0.8, 0.100
2025-11-13 16:58:51,        0,  29.7,   2.1,  26.0,  0.271, -0.004,  0.000,5563702.0,  1,  22.4,   0.8, 0.100
2025-11-13 16:58:51,        0,  29.8,   2.5,  26.1,  0.269, -0.004,  0.000,5563698.6,  1,  22.4,   0.8, 0.100
2025-11-13 16:58:53,        0,  29.8,   2.3,  26.0,  0.268, -0.004,  0.000,5563694.0,  1,  22.4,   0.8, 0.100
2025-11-13 16:58:54,        0,  29.7,   2.1,  26.0,  0.267, -0.004,  0.000,5563690.2,  1,  22.4,   0.8, 0.100
2025-11-13 16:58:55,        0,  29.8,   2.3,  26.0,  0.264, -0.004,  0.000,5563686.5,  1,  22.4,   0.8, 0.100
2025-11-13 16:58:55,        0,  29.8,   2.3,  26.0,  0.264, -0.004,  0.000,5563682.7,  1,  22.4,   0.9, 0.100
2025-11-13 16:58:57,        0,  29.8,   2.3,  26.0,  0.262, -0.004,  0.000,5563678.1,  1,  22.4,   0.9, 0.100
2025-11-13 16:58:58,        0,  29.7,   2.1,  26.0,  0.261, -0.003,  0.000,5563674.7,  1,  22.4,   0.9, 0.100
2025-11-13 16:58:59,        0,  29.8,   2.5,  26.0,  0.260, -0.003,  0.000,5563671.0,  1,  22.4,   0.9, 0.100
2025-11-13 16:58:59,        0,  29.8,   2.3,  26.0,  0.258, -0.003,  0.000,5563667.6,  1,  22.4,   0.9, 0.100
2025-11-13 16:59:01,        0,  29.8,   2.3,  26.0,  0.256, -0.004,  0.000,5563663.8,  1,  22.4,   0.9, 0.100
2025-11-13 16:59:02,        0,  29.8,   2.5,  26.0,  0.255, -0.004,  0.000,5563660.5,  1,  22.4,   0.9, 0.100
2025-11-13 16:59:03,        0,  29.8,   2.3,  26.0,  0.254, -0.004,  0.000,5563656.3,  1,  22.4,   0.9, 0.100
2025-11-13 16:59:04,        0,  29.8,   2.3,  26.0,  0.253, -0.003,  0.000,5563653.4,  1,  22.4,   1.0, 0.100
2025-11-13 16:59:05,        0,  29.8,   2.3,  26.0,  0.251, -0.004,  0.000,5563649.6,  1,  22.4,   0.9, 0.100
2025-11-13 16:59:06,        0,  29.8,   2.3,  26.0,  0.251, -0.004,  0.000,5563646.2,  1,  22.4,   0.9, 0.100
2025-11-13 16:59:07,        0,  29.8,   2.5,  26.0,  0.249, -0.004,  0.000,5563642.5,  1,  22.4,   0.9, 0.100
2025-11-13 16:59:08,        0,  29.8,   2.3,  26.0,  0.248, -0.003,  0.000,5563639.1,  1,  22.4,   0.9, 0.100
2025-11-13 16:59:08,        0,  29.7,   2.1,  26.0,  0.247, -0.004,  0.000,5563635.8,  1,  22.4,   0.9, 0.100
2025-11-13 16:59:10,        0,  29.7,   2.1,  26.0,  0.246, -0.004,  0.000,5563632.0,  1,  22.4,   0.9, 0.100
2025-11-13 16:59:11,        0,  29.8,   2.3,  26.0,  0.245, -0.004,  0.000,5563628.2,  1,  22.4,   0.9, 0.100
2025-11-13 16:59:12,        0,  29.8,   2.5,  26.0,  0.244, -0.003,  0.000,5563624.9,  1,  22.4,   1.0, 0.100
2025-11-13 16:59:12,        0,  29.8,   2.5,  26.0,  0.243, -0.003,  0.000,5563621.9,  1,  22.4,   1.0, 0.100
2025-11-13 16:59:14,        0,  29.8,   2.3,  26.0,  0.242, -0.003,  0.000,5563617.7,  1,  22.4,   0.9, 0.100
2025-11-13 16:59:15,        0,  29.8,   2.5,  26.0,  0.241, -0.004,  0.000,5563614.0,  1,  22.4,   0.9, 0.100
2025-11-13 16:59:16,        0,  29.7,   2.1,  26.0,  0.239, -0.003,  0.000,5563610.6,  1,  22.4,   1.0, 0.100
2025-11-13 16:59:17,        0,  29.8,   2.3,  26.0,  0.239, -0.003,  0.000,5563607.3,  1,  22.4,   0.9, 0.100
2025-11-13 16:59:17,        0,  29.8,   2.3,  26.1,  0.238, -0.003,  0.000,5563603.9,  1,  22.4,   0.9, 0.100
2025-11-13 16:59:19,        0,  29.8,   2.3,  26.0,  0.237, -0.004,  0.000,5563600.5,  1,  22.4,   0.9, 0.100
2025-11-13 16:59:20,        0,  29.8,   2.5,  26.0,  0.236, -0.003,  0.000,5563596.8,  1,  22.4,   0.9, 0.100
2025-11-13 16:59:21,        0,  29.8,   2.3,  26.0,  0.235, -0.003,  0.000,5563593.4,  1,  22.4,   0.9, 0.100
2025-11-13 16:59:21,        0,  29.8,   2.5,  26.0,  0.234, -0.003,  0.000,5563590.5,  1,  22.4,   0.9, 0.100
2025-11-13 16:59:23,        0,  29.8,   2.5,  26.0,  0.233, -0.003,  0.000,5563586.7,  1,  22.4,   0.9, 0.100
2025-11-13 16:59:24,        0,  29.8,   2.5,  26.0,  0.233, -0.003,  0.000,5563583.8,  1,  22.4,   0.9, 0.100
2025-11-13 16:59:25,        0,  29.8,   2.5,  26.0,  0.232, -0.003,  0.000,5563580.9,  1,  22.4,   0.9, 0.100
2165-165-165 45:165:85,        0,  29.8,   2.5,  26.0,  0.231, -0.003,  0.000,5563577.5,  1,  22.4,   0.8, 0.100
2025-11-13 16:59:27,        0,  29.9,   2.6,  26.0,  0.230, -0.003,  0.000,5563572.9,  1,  22.4,   0.8, 0.100
2025-11-13 16:59:28,        0,  29.8,   2.5,  26.0,  0.229, -0.003,  0.000,5563570.4,  1,  22.4,   0.8, 0.100
2025-11-13 16:59:29,        0,  29.9,   2.6,  26.0,  0.228, -0.003,  0.000,5563567.0,  1,  22.4,   0.8, 0.100
2025-11-13 16:59:30,        0,  29.8,   2.3,  26.0,  0.227, -0.003,  0.000,5563564.9,  1,  22.4,   0.8, 0.100
2025-11-13 16:59:31,        0,  29.8,   2.3,  26.0,  0.227, -0.003,  0.000,5563561.2,  1,  22.4,   0.8, 0.100
2025-11-13 16:59:32,        0,  29.9,   2.6,  26.0,  0.226, -0.003,  0.000,5563558.2,  1,  22.4,   0.8, 0.100
2025-11-13 16:59:33,        0,  29.8,   2.5,  26.0,  0.225, -0.003,  0.000,5563555.3,  1,  22.4,   0.8, 0.100
2025-11-13 16:59:34,        0,  29.9,   2.6,  26.0,  0.225, -0.003,  0.000,5563552.4,  1,  22.4,   0.8, 0.100
2025-11-13 16:59:34,        0,  29.8,   2.5,  26.0,  0.224, -0.003,  0.000,5563549.0,  1,  22.4,   0.8, 0.100
2025-11-13 16:59:36,        0,  29.8,   2.5,  26.0,  0.223, -0.003,  0.000,5563545.2,  1,  22.4,   0.8, 0.100
2025-11-13 16:59:37,        0,  29.8,   2.5,  26.0,  0.222, -0.003,  0.000,5563541.9,  1,  22.4,   0.8, 0.100
2025-11-13 16:59:38,        0,  29.8,   2.5,  26.0,  0.222, -0.003,  0.000,5563539.4,  1,  22.4,   0.8, 0.100
2025-11-13 16:59:38,        0,  29.8,   2.5,  26.0,  0.221, -0.003,  0.000,5563536.0,  1,  22.4,   0.8, 0.100
2025-11-13 16:59:40,        0,  29.8,   2.5,  26.0,  0.220, -0.003,  0.000,5563532.7,  1,  22.4,   0.9, 0.100
2025-11-13 16:59:41,        0,  29.8,   2.3,  26.0,  0.220, -0.003,  0.000,5563529.3,  1,  22.4,   0.8, 0.100
2025-11-13 16:59:42,        0,  29.8,   2.5,  26.0,  0.219, -0.003,  0.000,5563527.2,  1,  22.4,   0.8, 0.100
2025-11-13 16:59:42,        0,  29.9,   2.6,  26.0,  0.220, -0.003,  0.000,5563523.9,  1,  22.4,   0.9, 0.100
2025-11-13 16:59:44,        0,  29.8,   2.5,  26.0,  0.218, -0.003,  0.000,5563520.5,  1,  22.4,   0.9, 0.100
2025-11-13 16:59:45,        0,  29.9,   2.8,  26.0,  0.217, -0.003,  0.000,5563518.0,  1,  22.4,   0.9, 0.100
2025-11-13 16:59:46,        0,  29.8,   2.3,  26.0,  6.158,  4.136,  0.026,5567051.0,  1,  22.4,   0.8, 0.100
2025-11-13 16:59:46,        0,  29.7,   2.1,  26.0,  1.397,  0.103,  0.000,5567549.7,  1,  22.4,   0.9, 0.100
2025-11-13 16:59:48,        0,  29.8,   2.3,  26.0,  1.101,  0.011,  0.000,5567563.9,  1,  22.4,   0.9, 0.100
2025-11-13 16:59:49,        0,  29.6,   1.8,  26.0,  0.965, -0.004,  0.000,5567561.0,  1,  22.4,   0.9, 0.100
2025-11-13 16:59:50,        0,  29.7,   2.1,  26.0,  0.911, -0.005,  0.000,5567556.4,  1,  22.4,   0.9, 0.100
2025-11-13 16:59:50,        0,  29.6,   1.9,  26.0,  0.868, -0.006,  0.000,5567550.1,  1,  22.4,   1.0, 0.100
2025-11-13 16:59:52,        0,  29.7,   2.1,  26.0,  0.811, -0.006,  0.000,5567543.0,  1,  22.4,   0.9, 0.100
2025-11-13 16:59:53,        0,  29.7,   2.1,  26.0,  0.764, -0.007,  0.000,5567537.1,  1,  22.4,   1.0, 0.100
2025-11-13 16:59:54,        0,  29.7,   2.1,  26.0,  0.737, -0.007,  0.000,5567530.0,  1,  22.4,   1.0, 0.100
2025-11-13 16:59:55,        0,  29.7,   2.1,  26.0,  0.713, -0.007,  0.000,5567523.3,  1,  22.4,   1.0, 0.100
2025-11-13 16:59:56,        0,  29.6,   1.9,  26.0,  0.682, -0.007,  0.000,5567515.3,  1,  22.4,   1.0, 0.100
2025-11-13 16:59:57,        0,  29.7,   2.1,  26.0,  0.663, -0.007,  0.000,5567508.6,  1,  22.4,   1.0, 0.100
2025-11-13 16:59:58,        0,  29.7,   2.1,  26.0,  0.638, -0.007,  0.000,5567501.9,  1,  22.4,   1.0, 0.100
2025-11-13 16:59:59,        0,  29.6,   1.9,  26.0,  0.623, -0.007,  0.000,5567495.2,  1,  22.4,   1.0, 0.100
2025-11-13 16:59:59,        0,  29.6,   1.8,  26.0,  0.609, -0.007,  0.000,5567488.5,  1,  22.4,   1.0, 0.100
2025-11-13 17:00:01,        0,  29.7,   2.1,  26.0,  0.589, -0.007,  0.000,5567480.5,  1,  22.4,   1.0, 0.100
2025-11-13 17:00:02,        0,  29.7,   2.1,  26.0,  0.576, -0.006,  0.000,5567474.2,  1,  22.4,   1.0, 0.100
2025-11-13 17:00:03,        0,  29.7,   2.1,  26.0,  0.559, -0.007,  0.000,5567467.5,  1,  22.4,   0.9, 0.100
2025-11-13 17:00:04,        0,  29.7,   2.1,  26.0,  0.549, -0.007,  0.000,5567461.7,  1,  22.4,   1.0, 0.100
2025-11-13 17:00:05,        0,  29.7,   2.1,  26.0,  0.533, -0.006,  0.000,5567453.3,  1,  22.4,   1.0, 0.100
2025-11-13 17:00:06,        0,  29.7,   2.1,  26.0,  0.524, -0.007,  0.000,5567447.8,  1,  22.4,   0.9, 0.100
2025-11-13 17:00:07,        0,  29.7,   2.1,  26.0,  0.515, -0.007,  0.000,5567441.6,  1,  22.4,   0.9, 0.100
2025-11-13 17:00:08,        0,  29.7,   2.1,  26.0,  0.502, -0.006,  0.000,5567435.7,  1,  22.4,   0.9, 0.100
2025-11-13 17:00:08,        0,  29.7,   2.1,  26.0,  0.493, -0.006,  0.000,5567429.4,  1,  22.4,   1.0, 0.100
2025-11-13 17:00:10,        0,  29.7,   2.1,  26.0,  0.482, -0.006,  0.000,5567422.7,  1,  22.4,   0.9, 0.100
2025-11-13 17:00:11,        0,  29.7,   2.1,  26.0,  0.475, -0.006,  0.000,5567417.2,  1,  22.4,   0.9, 0.100
2025-11-13 17:00:12,        0,  29.7,   2.1,  26.0,  0.464, -0.006,  0.000,5567411.4,  1,  22.4,   0.9, 0.100
2025-11-13 17:00:13,        0,  29.7,   2.1,  26.0,  0.458, -0.005,  0.000,5567405.5,  1,  22.4,   0.9, 0.100
2025-11-13 17:00:14,        0,  29.8,   2.3,  26.0,  0.449, -0.006,  0.000,5567399.2,  1,  22.4,   0.9, 0.100
2025-11-13 17:00:15,        0,  29.6,   1.9,  26.0,  0.442, -0.006,  0.000,5567394.2,  1,  22.4,   0.9, 0.100
2025-11-13 17:00:16,        0,  29.7,   2.1,  26.0,  0.436, -0.005,  0.000,5567388.3,  1,  22.4,   0.9, 0.100
2025-11-13 17:00:17,        0,  29.6,   1.9,  26.0,  0.427, -0.005,  0.000,5567382.9,  1,  22.4,   0.9, 0.100
2025-11-13 17:00:17,        0,  29.7,   2.1,  26.0,  0.422, -0.005,  0.000,5567377.4,  1,  22.4,   0.9, 0.100
2025-11-13 17:00:19,        0,  29.8,   2.3,  26.0,  0.414, -0.005,  0.000,5567371.6,  1,  22.4,   0.9, 0.100
2025-11-13 17:00:20,        0,  29.8,   2.3,  26.0,  0.409, -0.005,  0.000,5567366.1,  1,  22.4,   0.9, 0.100
2025-11-13 17:00:21,        0,  29.8,   2.3,  26.0,  0.404, -0.005,  0.000,5567360.7,  1,  22.4,   0.9, 0.100
2025-11-13 17:00:22,        0,  29.8,   2.3,  26.0,  0.397, -0.005,  0.000,5567355.2,  1,  22.4,   0.9, 0.100
2025-11-13 17:00:22,        0,  29.7,   2.1,  26.0,  0.392, -0.005,  0.000,5567350.2,  1,  22.4,   0.9, 0.100
2025-11-13 17:00:24,        0,  29.8,   2.3,  26.0,  0.385, -0.005,  0.000,5567344.7,  1,  22.4,   0.9, 0.100
2025-11-13 17:00:25,        0,  29.8,   2.3,  26.0,  0.381, -0.005,  0.000,5567339.7,  1,  22.4,   0.9, 0.100
2025-11-13 17:00:26,        0,  29.8,   2.3,  26.0,  0.375, -0.005,  0.000,5567335.5,  1,  22.4,   0.9, 0.100
2025-11-13 17:00:27,        0,  29.8,   2.3,  26.0,  0.371, -0.005,  0.000,5567331.3,  1,  22.4,   0.9, 0.100
2025-11-13 17:00:28,        0,  29.8,   2.3,  26.0,  0.365, -0.005,  0.000,5567325.5,  1,  22.4,   0.9, 0.100
2025-11-13 17:00:29,        0,  29.7,   2.1,  26.0,  0.361, -0.005,  0.000,5567320.9,  1,  22.4,   0.9, 0.100
2025-11-13 17:00:30,        0,  29.8,   2.3,  26.0,  0.356, -0.005,  0.000,5567316.2,  1,  22.4,   0.9, 0.100
2025-11-13 17:00:30,        0,  29.8,   2.3,  26.0,  0.354, -0.004,  0.000,77727001190.2,  1,  22.4,   0.9, 0.100
2025-11-13 17:00:32,        0,  29.8,   2.3,  26.0,  0.348, -0.005,  0.000,5567306.6,  1,  22.4,   0.9, 0.100
2025-11-13 17:00:33,        0,  29.8,   2.3,  26.0,  0.343, -0.005,  0.000,5567302.8,  1,  22.4,   0.9, 0.100
2025-11-13 17:00:34,        0,  29.8,   2.3,  26.0,  0.340, -0.005,  0.000,5567297.8,  1,  22.4,   0.9, 0.100
2025-11-13 17:00:34,        0,  29.8,   2.5,  26.0,  0.336, -0.005,  0.000,5567293.2,  1,  22.4,   0.9, 0.100
2025-11-13 17:00:36,        0,  29.8,   2.3,  26.0,  0.331, -0.004,  0.000,5567288.6,  1,  22.4,   0.9, 0.100
2025-11-13 17:00:37,        0,  29.8,   2.3,  26.0,  0.328, -0.004,  0.000,5567284.0,  1,  22.4,   0.9, 0.100
2025-11-13 17:00:38,        0,  29.7,   2.1,  26.0,  0.324, -0.005,  0.000,5567279.8,  1,  22.4,   0.9, 0.100
2025-11-13 17:00:39,        0,  29.7,   2.1,  26.0,  0.321, -0.004,  0.000,5567276.0,  1,  22.4,   1.0, 0.100
2025-11-13 17:00:40,        0,  29.8,   2.3,  26.0,  0.317, -0.004,  0.000,5567270.1,  1,  22.4,   1.0, 0.100
2025-11-13 17:00:41,        0,  29.8,   2.3,  26.0,  0.314, -0.005,  0.000,5567266.8,  1,  22.4,   1.0, 0.100
2025-11-13 17:00:42,        0,  29.8,   2.3,  26.0,  0.311, -0.004,  0.000,5567262.6,  1,  22.4,   1.0, 0.100
2025-11-13 17:00:43,        0,  29.8,   2.5,  26.0,  0.307, -0.004,  0.000,5567258.8,  1,  22.4,   1.0, 0.100
2025-11-13 17:00:43,        0,  29.8,   2.5,  26.0,  0.304, -0.004,  0.000,5567254.6,  1,  22.4,   1.0, 0.100
2025-11-13 17:00:45,        0,  29.8,   2.3,  26.0,  0.301, -0.004,  0.000,5567249.6,  1,  22.4,   1.0, 0.100
2025-11-13 17:00:46,        0,  29.7,   2.1,  26.0,  0.298, -0.003,  0.000,5567246.3,  1,  22.4,   1.0, 0.100
2025-11-13 17:00:47,        0,  29.8,   2.3,  26.0,  0.295, -0.004,  0.000,5567241.6,  1,  22.4,   0.9, 0.100
2025-11-13 17:00:47,        0,  29.8,   2.3,  26.0,  0.292, -0.004,  0.000,5567238.3,  1,  22.4,   0.9, 0.100
2025-11-13 17:00:49,        0,  29.6,   1.9,  26.0,  0.289, -0.004,  0.000,5567234.1,  1,  22.4,   1.0, 0.100
2025-11-13 17:00:50,        0,  29.8,   2.3,  26.0,  0.286, -0.004,  0.000,77727001190.2,  1,  22.4,   1.0, 0.100
2025-11-13 17:00:51,        0,  29.7,   2.1,  26.0,  0.284, -0.004,  0.000,5567226.1,  1,  22.4,   1.0, 0.100
2025-11-13 17:00:52,        0,  29.8,   2.3,  26.0,  0.281, -0.004,  0.000,5567222.8,  1,  22.4,   0.9, 0.100
2025-11-13 17:00:52,        0,  29.8,   2.3,  26.0,  0.278, -0.004,  0.000,5567218.6,  1,  22.4,   0.9, 0.100
2025-11-13 17:00:54,        0,  29.8,   2.3,  26.0,  0.276, -0.004,  0.000,5567214.4,  1,  22.4,   0.9, 0.100
2025-11-13 17:00:55,        0,  29.8,   2.3,  26.0,  0.274, -0.004,  0.000,5567210.2,  1,  22.4,   1.0, 0.100
2025-11-13 17:00:56,        0,  29.8,   2.5,  26.0,  0.272, -0.003,  0.000,5567207.3,  1,  22.4,   0.9, 0.100
2025-11-13 17:00:57,        0,  29.8,   2.3,  26.0,  0.269, -0.003,  0.000,5567203.9,  1,  22.4,   0.9, 0.100
2025-11-13 17:00:57,        0,  29.8,   2.5,  26.0,  0.267, -0.004,  0.000,5567200.2,  1,  22.4,   1.0, 0.100
2025-11-13 17:00:59,        0,  29.8,   2.3,  26.0,  0.264, -0.004,  0.000,5567195.5,  1,  22.4,   1.0, 0.100
2025-11-13 17:01:00,        0,  29.6,   1.9,  26.0,  0.263, -0.004,  0.000,5567192.2,  1,  22.4,   1.0, 0.100
2025-11-13 17:01:01,        0,  29.8,   2.5,  26.0,  0.261, -0.003,  0.000,5567188.8,  1,  22.4,   0.9, 0.100
2025-11-13 17:01:01,        0,  29.8,   2.3,  26.0,  0.259, -0.004,  0.000,5567185.5,  1,  22.4,   1.0, 0.100
2025-11-13 17:01:03,        0,  29.8,   2.5,  26.0,  0.256, -0.004,  0.000,5567181.3,  1,  22.4,   1.0, 0.100
2025-11-13 17:01:04,        0,  29.8,   2.3,  26.0,  0.255, -0.004,  0.000,5567177.9,  1,  22.4,   0.9, 0.100
2025-11-13 17:01:05,        0,  29.8,   2.3,  26.0,  0.253, -0.004,  0.000,5567173.8,  1,  22.4,   1.0, 0.100
2025-11-13 17:01:06,        0,  29.8,   2.5,  26.0,  0.252, -0.003,  0.000,5567171.2,  1,  22.4,   0.9, 0.100
2025-11-13 17:01:07,        0,  29.8,   2.3,  26.0,  0.251, -0.004,  0.000,5567166.2,  1,  22.4,   0.9, 0.100
2025-11-13 17:01:08,        0,  29.8,   2.5,  26.0,  0.248, -0.003,  0.000,5567162.9,  1,  22.4,   0.9, 0.100
2025-11-13 17:01:09,        0,  29.8,   2.3,  26.0,  0.247, -0.004,  0.000,5567159.5,  1,  22.4,   0.9, 0.100
2025-11-13 17:01:10,        0,  29.8,   2.3,  26.0,  0.245, -0.003,  0.000,5567155.7,  1,  22.4,   0.9, 0.100
2025-11-13 17:01:10,        0,  29.6,   1.8,  26.0,  0.243, -0.003,  0.000,5567152.4,  1,  22.4,   0.9, 0.100
2025-11-13 17:01:12,        0,  29.8,   2.5,  26.0,  0.242, -0.003,  0.000,5567149.0,  1,  22.4,   1.0, 0.100
2025-11-13 17:01:13,        0,  29.8,   2.3,  26.0,  0.240, -0.003,  0.000,5567145.7,  1,  22.4,   0.9, 0.100
2025-11-13 17:01:14,        0,  29.8,   2.5,  26.0,  0.239, -0.003,  0.000,5567143.2,  1,  22.4,   0.9, 0.100
2025-11-13 17:01:14,        0,  29.8,   2.3,  26.0,  0.238, -0.003,  0.000,5567140.2,  1,  22.4,   0.9, 0.100
2025-11-13 17:01:16,        0,  29.8,   2.5,  26.0,  0.235, -0.003,  0.000,5567135.2,  1,  22.4,   0.9, 0.100
2025-11-13 17:01:17,        0,  29.8,   2.5,  26.0,  0.235, -0.003,  0.000,5567132.7,  1,  22.4,   0.9, 0.100
2025-11-13 17:01:18,        0,  29.8,   2.5,  26.0,  0.233, -0.003,  0.000,5567129.7,  1,  22.4,   0.9, 0.100
2025-11-13 17:01:19,        0,  29.8,   2.5,  26.0,  0.232, -0.003,  0.000,5567126.4,  1,  22.4,   0.9, 0.100
2025-11-13 17:01:19,        0,  29.8,   2.5,  26.0,  0.231, -0.003,  0.000,5567123.5,  1,  22.4,   1.0, 0.100
2025-11-13 17:01:21,        0,  29.7,   2.1,  26.0,  0.230, -0.003,  0.000,5567120.1,  1,  22.4,   0.9, 0.100
2025-11-13 17:01:22,        0,  29.8,   2.5,  26.0,  0.229, -0.003,  0.000,5567117.2,  1,  22.4,   0.9, 0.100
2025-11-13 17:01:23,        0,  29.8,   2.5,  26.0,  0.227, -0.003,  0.000,5567113.8,  1,  22.4,   0.9, 0.100
2025-11-13 17:01:23,        0,  29.8,   2.5,  26.0,  0.226, -0.003,  0.000,5567111.3,  1,  22.4,   0.9, 0.100
2025-11-13 17:01:25,        0,  29.8,   2.5,  26.0,  0.225, -0.003,  0.000,5567108.0,  1,  22.4,   0.9, 0.100
2025-11-13 17:01:26,        0,  29.8,   2.3,  26.0,  0.224, -0.003,  0.000,5567104.2,  1,  22.4,   0.9, 0.100
2025-11-13 17:01:27,        0,  29.8,   2.5,  26.0,  0.223, -0.003,  0.000,5567101.7,  1,  22.4,   0.9, 0.100
2025-11-13 17:01:27,        0,  29.8,   2.3,  26.0,  0.222, -0.003,  0.000,5567098.7,  1,  22.4,   0.9, 0.100
2025-11-13 17:01:29,        0,  29.8,   2.5,  26.0,  0.221, -0.003,  0.000,5567095.4,  1,  22.4,   0.9, 0.100
2025-11-13 17:01:30,        0,  29.8,   2.5,  26.0,  0.220, -0.003,  0.000,5567092.4,  1,  22.4,   0.9, 0.100
2025-11-13 17:01:31,        0,  29.8,   2.5,  26.0,  0.219, -0.003,  0.000,5567089.5,  1,  22.4,   0.9, 0.100
2025-11-13 17:01:32,        0,  29.8,   2.5,  26.0,  0.218, -0.003,  0.000,5567086.6,  1,  22.4,   0.9, 0.100
2025-11-13 17:01:32,        0,  29.9,   2.6,  26.0,  0.217, -0.003,  0.000,5567083.6,  1,  22.4,   0.9, 0.100
2025-11-13 17:01:34,        0,  29.8,   2.3,  26.0,  0.216, -0.003,  0.000,5567079.9,  1,  22.4,   0.9, 0.100
2025-11-13 17:01:35,        0,  29.8,   2.5,  26.0,  0.216, -0.003,  0.000,5567077.4,  1,  22.4,   0.9, 0.100
2025-11-13 17:01:36,        0,  29.9,   2.6,  26.0,  0.214, -0.003,  0.000,5567074.8,  1,  22.4,   1.0, 0.100
2025-11-13 17:01:36,        0,  29.9,   2.6,  26.0,  0.213, -0.003,  0.000,5567071.5,  1,  22.4,   0.9, 0.100
2025-11-13 17:01:38,        0,  29.9,   2.6,  26.0,  0.213, -0.003,  0.000,5567068.1,  1,  22.4,   0.9, 0.100
2025-11-13 17:01:39,        0,  29.9,   2.6,  26.0,  0.212, -0.003,  0.000,5567065.2,  1,  22.4,   0.9, 0.100
2025-11-13 17:01:40,        0,  29.9,   2.6,  26.0,  0.212, -0.003,  0.000,5567062.3,  1,  22.4,   0.9, 0.100
2025-11-13 17:01:40,        0,  29.9,   2.6,  26.0,  0.211, -0.003,  0.000,5567058.5,  1,  22.4,   1.0, 0.100
2025-11-13 17:01:42,        0,  29.9,   2.6,  26.0,  0.210, -0.003,  0.000,5567055.1,  1,  22.4,   0.9, 0.100
2025-11-13 17:01:43,        0,  29.9,   2.6,  26.0,  5.381,  3.542,  0.020,5568517.8,  1,  22.4,   1.0, 0.100
2025-11-13 17:01:44,        0,  29.9,   2.6,  26.0,  1.350,  0.078,  0.000,5568778.9,  1,  22.4,   1.0, 0.100
2025-11-13 17:01:45,        0,  29.9,   2.6,  26.0,  1.092,  0.008,  0.000,5568788.1,  1,  22.4,   1.0, 0.100
2025-11-13 17:01:45,        0,  29.9,   2.6,  26.0,  0.989, -0.001,  0.000,5568786.0,  1,  22.4,   1.0, 0.100
2025-11-13 17:01:47,        0,  29.9,   2.6,  26.0,  0.899, -0.005,  0.000,5568780.1,  1,  22.4,   1.0, 0.100
2025-11-13 17:01:48,        0,  29.9,   2.6,  26.0,  0.831, -0.006,  0.000,5568774.7,  1,  22.4,   1.0, 0.100
2025-11-13 17:01:49,        0,  29.8,   2.3,  26.0,  0.794, -0.006,  0.000,5568768.4,  1,  22.4,   1.0, 0.100
2025-11-13 17:01:49,        0,  29.8,   2.5,  26.0,  0.762, -0.006,  0.000,5568763.0,  1,  22.4,   0.9, 0.100
2025-11-13 17:01:51,        0,  29.8,   2.5,  26.0,  0.722, -0.007,  0.000,5568754.6,  1,  22.4,   0.9, 0.100
2025-11-13 17:01:52,        0,  29.8,   2.5,  26.0,  0.698, -0.007,  0.000,5568747.9,  1,  22.4,   0.9, 0.100
2025-11-13 17:01:53,        0,  29.8,   2.5,  26.0,  0.666, -0.007,  0.000,5568740.7,  1,  22.4,   0.9, 0.100
2025-11-13 17:01:54,        0,  29.8,   2.5,  26.0,  0.648, -0.007,  0.000,5568734.0,  1,  22.4,   0.9, 0.100
2025-11-13 17:01:54,        0,  29.8,   2.5,  26.0,  0.631, -0.007,  0.000,5568727.3,  1,  22.4,   1.0, 0.100
2025-11-13 17:01:56,        0,  29.8,   2.5,  26.0,  0.607, -0.007,  0.000,5568719.8,  1,  22.4,   0.9, 0.100
2025-11-13 17:01:57,        0,  29.9,   2.6,  26.0,  0.593, -0.007,  0.000,5568713.5,  1,  22.4,   0.9, 0.100
2025-11-13 17:01:58,        0,  29.8,   2.5,  26.0,  0.573, -0.007,  0.000,5568706.4,  1,  22.4,   0.9, 0.100
2025-11-13 17:01:58,        0,  29.8,   2.5,  26.0,  0.561, -0.006,  0.000,5568700.9,  1,  22.4,   1.0, 0.100
2025-11-13 17:02:00,        0,  29.8,   2.5,  26.0,  0.543, -0.006,  0.000,5568693.8,  1,  22.4,   0.9, 0.100
2025-11-13 17:02:01,        0,  29.9,   2.6,  26.0,  0.533, -0.006,  0.000,5568687.5,  1,  22.4,   0.9, 0.100
2025-11-13 17:02:02,        0,  29.8,   2.5,  26.0,  0.523, -0.006,  0.000,5568681.7,  1,  22.4,   0.9, 0.100
2025-11-13 17:02:03,        0,  29.8,   2.5,  26.0,  0.508, -0.007,  0.000,5568675.8,  1,  22.4,   0.9, 0.100
2025-11-13 17:02:04,        0,  29.9,   2.7,  26.0,  4.366,  2.809,  0.016,5569898.7,  1,  22.4,   0.9, 0.100
2025-11-13 17:02:05,        0,  29.9,   2.6,  26.0,  6.324,  4.267,  0.027,5572775.0,  1,  22.4,   0.9, 0.100
2025-11-13 17:02:06,        0,  29.8,   2.5,  26.0,  1.461,  0.135,  0.000,5572992.5,  1,  22.4,   1.0, 0.100
2025-11-13 17:02:07,        0,  29.4,   1.1,  26.0,  1.058,  0.004,  0.000,5573001.7,  1,  22.4,   0.9, 0.100
2025-11-13 17:02:07,        0,  29.8,   2.3,  26.0,  0.976, -0.003,  0.000,5572999.6,  1,  22.4,   1.0, 0.100
2025-11-13 17:02:09,        0,  29.7,   2.1,  25.9,  0.898, -0.006,  0.000,5572993.3,  1,  22.4,   1.0, 0.100
2025-11-13 17:02:10,        0,  29.7,   2.1,  26.0,  0.857, -0.006,  0.000,5572987.4,  1,  22.4,   1.0, 0.100
2025-11-13 17:02:11,        0,  29.7,   2.1,  26.0,  0.819, -0.006,  0.000,5572980.7,  1,  22.4,   1.0, 0.100
2025-11-13 17:02:11,        0,  29.7,   2.1,  26.0,  0.772, -0.007,  0.000,5572975.3,  1,  22.4,   1.0, 0.100
2025-11-13 17:02:13,        0,  29.7,   2.1,  26.0,  0.744, -0.007,  0.000,5572966.5,  1,  22.4,   1.0, 0.100
