Time, Cnts,  %T, set_Cell[mA], Cell[°C], Cell[Volt], Cell[mA], Cell[W], Cell[uAs], Cell_ON, Env[°C], TEC[°C], N2Flow[slpm]
2025-10-22 12:08:06,        0,  29.7,   2.0,  25.5,  0.266, -0.004,  0.000,     -3.7,  1,  22.1,   1.0, 0.100
2025-10-22 12:08:06,        0,  29.6,   1.8,  25.4,  0.262, -0.003,  0.000,     -6.6,  1,  22.0,   1.0, 0.100
2025-10-22 12:08:07,        0,  29.6,   1.8,  25.5,  0.260, -0.003,  0.000,     -9.7,  1,  22.1,   1.0, 0.100
2025-10-22 12:08:09,        0,  29.6,   1.8,  25.5,  0.256, -0.003,  0.000,    -13.4,  1,  22.1,   1.0, 0.099
2025-10-22 12:08:10,        0,  29.6,   1.8,  25.5,  0.254, -0.003,  0.000,    -16.9,  1,  22.1,   1.0, 0.099
2025-10-22 12:08:10,        0,  29.6,   1.8,  25.5,  0.252, -0.003,  0.000,    -20.0,  1,  22.1,   1.0, 0.099
2025-10-22 12:08:11,        0,  29.6,   1.8,  25.5,  0.249, -0.003,  0.000,    -23.2,  1,  22.1,   1.0, 0.099
2025-10-22 12:08:13,        0,  29.6,   1.9,  25.5,  0.247, -0.003,  0.000,    -26.9,  1,  22.1,   1.0, 0.099
2025-10-22 12:08:14,        0,  29.6,   1.9,  25.5,  0.243, -0.003,  0.000,    -30.0,  1,  22.1,   1.0, 0.099
2025-10-22 12:08:15,        0,  29.5,   1.6,  25.5,  0.242, -0.003,  0.000,    -33.2,  1,  22.1,   1.0, 0.100
2025-10-22 12:08:15,        0,  29.6,   1.8,  25.5,  0.240, -0.003,  0.000,    -36.3,  1,  22.1,   1.0, 0.100
2025-10-22 12:08:17,        0,  29.6,   1.9,  25.5,  0.237, -0.003,  0.000,    -40.3,  1,  22.1,   1.0, 0.100
2025-10-22 12:08:18,        0,  29.6,   1.9,  25.5,  0.236, -0.003,  0.000,    -42.9,  1,  22.1,   1.0, 0.100
2025-10-22 12:08:19,        0,  29.7,   2.0,  25.5,  0.233, -0.003,  0.000,    -46.1,  1,  22.1,   1.0, 0.100
2025-10-22 12:08:19,        0,  29.8,   2.3,  25.5,  0.231, -0.003,  0.000,    -48.9,  1,  22.1,   1.0, 0.100
2025-10-22 12:08:21,        0,  29.9,   2.6,  25.5,  0.229, -0.003,  0.000,    337.6,  1,  22.1,   1.0, 0.100
2025-10-22 12:08:22,        0,  29.8,   2.5,  25.5,  6.780,  4.898,  0.033,   4728.7,  1,  22.1,   1.0, 0.100
2025-10-22 12:08:23,        0,  30.7,   5.2,  25.5,  6.922,  5.030,  0.035,   9697.2,  1,  22.0,   1.0, 0.100
2025-10-22 12:08:23,        0,  31.0,   5.9,  25.5,  9.330,  7.293,  0.068,  16505.8,  1,  22.1,   1.0, 0.100
2025-10-22 12:08:25,        0,  31.8,   8.3,  25.5, 10.093,  7.991,  0.081,  25958.9,  1,  22.1,   1.0, 0.100
2025-10-22 12:08:26,        0,  32.8,  11.3,  25.5, 15.111, 12.746,  0.196,  37530.3,  1,  22.1,   1.0, 0.100
2025-10-22 12:08:27,        0,  34.1,  15.4,  25.5, 18.801, 16.214,  0.305,  53201.6,  1,  22.1,   1.0, 0.100
2025-10-22 12:08:27,        0,  34.1,  15.3,  25.5, 18.686, 16.076,  0.303,  67991.4,  1,  22.1,   1.0, 0.100
2025-10-22 12:08:29,        0,  35.2,  18.7,  25.4, 25.910, 23.024,  0.597,  91555.6,  1,  22.0,   1.0, 0.101
2025-10-22 12:08:30,        0,  35.4,  19.1,  25.5, 25.515, 22.643,  0.579, 112672.0,  1,  22.1,   1.1, 0.098
2025-10-22 12:08:31,        0,  36.5,  22.5,  25.5, 27.016, 24.079,  0.653, 135792.4,  1,  22.0,   1.0, 0.093
2025-10-22 12:08:31,        0,  38.1,  27.2,  25.4, 28.996, 26.007,  0.754, 161317.3,  1,  22.0,   1.0, 0.096
2025-10-22 12:08:32,        0,  36.3,  21.8,  25.4, 27.283, 24.377,  0.676, 187288.0,  1,  22.0,   1.0, 0.098
2025-10-22 12:08:34,        0,  40.8,  35.3,  25.5, 40.296, 36.847,  1.491, 226926.6,  1,  22.0,   1.0, 0.099
2025-10-22 12:08:35,        0,  36.5,  22.5,  25.4, 43.162, 39.266,  1.698, 263785.5,  1,  22.0,   1.0, 0.099
2025-10-22 12:08:35,        0,  43.0,  41.9,  25.4, 45.564, 41.285,  1.894, 298863.6,  1,  22.0,   1.0, 0.099
2025-10-22 12:08:36,        0,  42.2,  39.7,  25.5, 42.714, 38.011,  1.643, 338188.4,  1,  22.0,   1.0, 0.100
2025-10-22 12:08:38,        0,  41.2,  36.5,  25.4, 52.894, 46.348,  2.453, 391016.6,  1,  22.0,   1.0, 0.100
2025-10-22 12:08:39,        0,  41.8,  38.4,  25.5, 46.739, 40.257,  1.890, 428106.6,  1,  22.0,   1.0, 0.100
2025-10-22 12:08:39,        0,  41.7,  38.1,  25.5, 47.799, 40.696,  1.961, 464613.0,  1,  22.0,   1.0, 0.100
2025-10-22 12:08:40,        0,  40.9,  35.8,  25.4, 50.835, 43.130,  2.197, 505317.9,  1,  22.0,   1.0, 0.100
2025-10-22 12:08:42,        0,  41.3,  36.9,  25.5, 55.193, 46.759,  2.583, 557082.1,  1,  22.0,   1.0, 0.100
2025-10-22 12:08:43,        0,  39.3,  30.8,  25.5, 52.059, 43.772,  2.279, 597969.5,  1,  22.0,   1.0, 0.100
2025-10-22 12:08:43,        0,  44.7,  47.1,  25.5, 49.732, 41.536,  2.080, 637430.8,  1,  22.0,   1.0, 0.100
2025-10-22 12:08:44,        0,  41.2,  36.6,  25.5, 59.817, 50.249,  3.007, 685921.4,  1,  22.0,   1.0, 0.100
2025-10-22 12:08:46,        0,  41.2,  36.6,  25.5, 53.531, 44.471,  2.384, 733994.9,  1,  22.1,   1.0, 0.111
2025-10-22 12:08:47,        0,  46.4,  52.1,  25.5, 67.904, 56.837,  3.860, 783147.0,  1,  22.0,   1.0, 0.110
2025-10-22 12:08:48,        0,  39.8,  32.4,  25.5, 60.486, 50.265,  3.050, 832209.8,  1,  22.0,   1.0, 0.104
2025-10-22 12:08:48,        0,  47.5,  55.6,  25.5, 52.565, 43.145,  2.289, 875906.2,  1,  22.0,   0.9, 0.101
2025-10-22 12:08:50,        0,  44.6,  46.7,  25.5, 42.847, 34.996,  1.538, 928698.1,  1,  22.0,   1.0, 0.100
2025-10-22 12:08:51,        0,  41.5,  37.6,  25.5, 64.988, 53.577,  3.487, 978789.7,  1,  22.0,   1.0, 0.100
2025-10-22 12:08:52,        0,  41.7,  38.1,  25.5, 19.782, 15.281,  0.480,1005580.4,  1,  22.0,   1.0, 0.100
2025-10-22 12:08:52,        0,  43.0,  42.1,  25.5, 47.122, 38.494,  1.814,1044847.4,  1,  22.0,   1.0, 0.100
2025-10-22 12:08:53,        0,  39.7,  32.2,  25.5, 49.797, 40.544,  2.050,1079823.9,  1,  22.0,   1.0, 0.100
2025-10-22 12:08:55,        0,  40.2,  33.6,  25.5, 48.820, 39.319,  1.945,1123290.3,  1,  22.0,   1.0, 0.100
2025-10-22 12:08:56,        0,  40.0,  33.1,  25.5, 51.009, 40.784,  2.084,1161576.5,  1,  22.0,   1.0, 0.100
2025-10-22 12:08:56,        0,  40.7,  35.2,  25.5, 48.500, 38.526,  1.881,1198397.3,  1,  22.0,   1.0, 0.100
2025-10-22 12:08:57,        0,  38.5,  28.6,  25.5, 60.928, 48.752,  2.981,1241233.9,  1,  22.0,   1.0, 0.100
2025-10-22 12:08:59,        0,  40.3,  33.8,  25.5, 38.593, 30.159,  1.203,1281929.5,  1,  22.0,   1.0, 0.100
2025-10-22 12:09:00,        0,  43.4,  43.1,  25.5, 49.148, 38.529,  1.897,1319741.7,  1,  22.0,   1.0, 0.100
2025-10-22 12:09:00,        0,  37.4,  25.3,  25.5, 51.017, 40.032,  2.089,1361332.3,  1,  22.0,   1.0, 0.100
2025-10-22 12:09:01,        0,  40.9,  35.8,  25.5, 35.434, 27.409,  1.008,1389520.5,  1,  22.0,   1.0, 0.100
2025-10-22 12:09:03,        0,  37.0,  23.9,  25.5, 45.363, 35.330,  1.769,1435010.0,  1,  22.0,   1.0, 0.100
2025-10-22 12:09:04,        0,  38.0,  26.9,  25.5, 58.576, 46.183,  2.708,1471840.4,  1,  22.0,   1.0, 0.100
2025-10-22 12:09:04,        0,  40.6,  34.8,  25.5, 53.827, 42.065,  2.295,1507989.1,  1,  22.0,   1.0, 0.100
2025-10-22 12:09:05,        0,  44.1,  45.2,  25.5, 59.398, 46.360,  2.756,1549880.6,  1,  22.0,   1.0, 0.100
2025-10-22 12:09:07,        0,  43.4,  43.3,  25.5, 53.048, 41.272,  2.240,1598732.0,  1,  22.0,   1.0, 0.100
2025-10-22 12:09:08,        0,  39.1,  30.3,  25.5, 51.363, 39.724,  2.043,1639599.9,  1,  22.0,   1.0, 0.100
2025-10-22 12:09:08,        0,  42.7,  41.0,  25.6, 55.873, 43.179,  2.421,1678658.4,  1,  22.0,   1.0, 0.100
2025-10-22 12:09:09,        0,  41.2,  36.5,  25.5, 53.333, 41.106,  2.276,1717386.8,  1,  22.0,   1.0, 0.100
2025-10-22 12:09:11,        0,  43.3,  43.0,  25.5, 63.494, 49.040,  3.119,1769074.0,  1,  22.0,   1.0, 0.100
2025-10-22 12:09:12,        0,  42.2,  39.7,  25.5, 64.883, 50.072,  3.253,1813749.5,  1,  22.0,   1.0, 0.100
2025-10-22 12:09:12,        0,  43.9,  44.7,  25.5, 27.374, 20.341,  0.733,1842669.4,  1,  22.0,   1.0, 0.100
2025-10-22 12:09:13,        0,  43.6,  43.8,  25.5, 62.892, 48.762,  3.067,1889310.5,  1,  22.0,   1.0, 0.100
2025-10-22 12:09:15,        0,  42.7,  41.0,  25.6, 58.980, 45.466,  2.740,1937039.6,  1,  22.0,   1.0, 0.100
2025-10-22 12:09:16,        0,  43.9,  44.8,  25.5, 65.983, 51.046,  3.381,1983122.7,  1,  22.0,   1.0, 0.100
2025-10-22 12:09:16,        0,  45.6,  49.7,  25.6, 52.882, 40.503,  2.188,2024699.6,  1,  22.0,   1.0, 0.100
2025-10-22 12:09:17,        0,  41.8,  38.3,  25.6, 72.798, 56.377,  4.105,2076913.4,  1,  22.0,   1.0, 0.100
2025-10-22 12:09:19,        0,  47.1,  54.4,  25.6, 76.975, 59.581,  4.590,2135139.0,  1,  22.0,   1.0, 0.100
2025-10-22 12:09:20,        0,  48.4,  58.2,  25.6, 56.558, 43.439,  2.509,2182914.5,  1,  22.0,   1.0, 0.100
2025-10-22 12:09:21,        0,  44.8,  47.4,  25.6, 56.027, 42.896,  2.441,2227963.7,  1,  22.0,   1.0, 0.100
2025-10-22 12:09:21,        0,  43.1,  42.2,  25.6, 66.261, 50.855,  3.427,2278492.6,  1,  22.0,   0.9, 0.100
2025-10-22 12:09:22,        0,  47.6,  55.7,  25.6, 57.434, 43.771,  2.540,2321414.4,  1,  22.0,   1.0, 0.100
2025-10-22 12:09:24,        0,  42.8,  41.4,  25.7, 41.647, 31.273,  1.325,2374556.5,  1,  22.1,   0.9, 0.100
2025-10-22 12:09:25,        0,  45.1,  48.3,  25.6, 76.742, 59.336,  4.555,2426307.0,  1,  22.0,   0.9, 0.100
2025-10-22 12:09:25,        0,  47.1,  54.4,  25.7, 77.407, 59.758,  4.643,2482690.4,  1,  22.0,   1.0, 0.100
2025-10-22 12:09:26,        0,  42.3,  40.0,  25.7, 76.257, 58.930,  4.497,2538399.2,  1,  22.0,   0.9, 0.100
2025-10-22 12:09:28,        0,  46.7,  53.2,  25.7, 51.520, 39.106,  2.085,2592858.6,  1,  22.0,   0.9, 0.100
2025-10-22 12:09:29,        0,  41.8,  38.4,  25.7, 79.287, 61.232,  4.890,2647810.9,  1,  22.0,   0.9, 0.100
2025-10-22 12:09:30,        0,  48.4,  58.3,  25.7, 76.150, 58.634,  4.478,2700939.4,  1,  22.0,   0.9, 0.100
2025-10-22 12:09:30,        0,  45.1,  48.3,  25.6, 78.780, 60.890,  4.800,2760485.1,  1,  22.0,   0.9, 0.100
2025-10-22 12:09:32,        0,  42.9,  41.6,  25.7, 73.648, 56.580,  4.182,2827390.9,  1,  22.0,   0.9, 0.100
2025-10-22 12:09:33,        0,  42.2,  39.5,  25.7, 62.518, 47.811,  3.006,2873830.0,  1,  22.0,   0.9, 0.100
2025-10-22 12:09:34,        0,  45.9,  50.7,  25.7, 82.467, 63.563,  5.253,2927638.7,  1,  22.0,   0.9, 0.100
2025-10-22 12:09:34,        0,  44.9,  47.6,  25.8, 78.071, 59.868,  4.698,2985302.6,  1,  22.0,   1.0, 0.100
2025-10-22 12:09:35,        0,  46.8,  53.5,  25.7, 51.347, 38.758,  2.083,3027280.7,  1,  22.0,   0.9, 0.100
2025-10-22 12:09:37,        0,  45.9,  50.7,  25.7, 68.666, 52.217,  3.599,3090995.5,  1,  22.0,   1.0, 0.100
2025-10-22 12:09:38,        0,  45.4,  49.2,  25.8, 61.081, 46.177,  2.939,3136105.0,  1,  22.1,   0.9, 0.100
2025-10-22 12:09:38,        0,  46.7,  53.0,  25.8, 69.148, 52.490,  3.663,3185510.9,  1,  22.0,   1.0, 0.100
2025-10-22 12:09:39,        0,  44.2,  45.7,  25.8,106745.037, 57.196,  4.290,3238888.1,  1,  22.0,   1.0, 0.100
2025-10-22 12:09:41,        0,  44.2,  45.5,  25.8, 73.425, 56.080,  4.134,3303857.5,  1,  22.0,   0.9, 0.100
2165-165-165 45:165:85,        0,  39.7,  32.2,  25.8, 50.557, 37.633,  1.970,3342756.8,  1,  22.0,   1.0, 0.100
2025-10-22 12:09:42,        0,  43.5,  43.5,  25.8, 78.695, 60.156,  4.742,3389855.4,  1,  22.0,   1.0, 0.100
2025-10-22 12:09:43,        0,  45.3,  49.0,  25.8, 68.366, 51.514,  3.562,3436338.5,  1,  22.0,   1.0, 0.100
2025-10-22 12:09:45,        0,  49.0,  59.9,  25.8, 73.799, 55.784,  4.154,3498687.5,  1,  22.0,   1.0, 0.100
2025-10-22 12:09:46,        0,  43.1,  42.4,  25.8, 72.112, 54.912,  3.974,3552048.1,  1,  22.0,   1.0, 0.100
2025-10-22 12:09:46,        0,  44.7,  47.1,  25.8, 56.788, 42.333,  2.407,3594162.2,  1,  22.1,   1.0, 0.100
2025-10-22 12:09:47,        0,  47.8,  56.4,  25.8, 83.664, 64.135,  5.366,3650792.8,  1,  22.0,   1.0, 0.100
2025-10-22 12:09:49,        0,  41.3,  36.9,  25.8, 55.537, 41.456,  2.345,3707298.2,  1,  22.0,   1.0, 0.100
2025-10-22 12:09:50,        0,  45.3,  48.8,  25.8, 77.977, 59.254,  4.629,3756041.9,  1,  22.0,   1.0, 0.100
2025-10-22 12:09:50,        0,  40.1,  33.3,  25.8, 58.669, 43.601,  2.655,3799903.1,  1,  22.0,   1.0, 0.100
2025-10-22 12:09:51,        0,  44.3,  45.9,  25.8, 66.149, 49.412,  3.294,3842914.8,  1,  22.0,   1.0, 0.100
2025-10-22 12:09:53,        0,  43.9,  44.8,  25.8, 49.177, 35.950,  1.784,3894266.2,  1,  22.1,   1.0, 0.100
2025-10-22 12:09:54,        0,  44.4,  46.2,  25.8, 64.526, 47.824,  3.098,3942659.5,  1,  22.0,   1.0, 0.100
2025-10-22 12:09:54,        0,  38.0,  26.9,  25.8, 53.189, 39.068,  2.094,3985295.7,  1,  22.0,   1.0, 0.100
2025-10-22 12:09:55,        0,  40.4,  34.1,  25.8, 54.149, 39.522,  2.141,4020772.5,  1,  22.0,   1.0, 0.100
2025-10-22 12:09:57,        0,  43.9,  44.7,  25.8, 61.171, 45.111,  2.778,4072043.4,  1,  22.0,   1.0, 0.100
2025-10-22 12:09:58,        0,  40.6,  34.8,  25.8, 50.042, 36.361,  1.863,4108971.1,  1,  22.1,   1.0, 0.100
2025-10-22 12:09:58,        0,  43.4,  43.3,  25.9, 43.739, 31.233,  1.411,4143019.7,  1,  22.0,   1.0, 0.100
2025-10-22 12:09:59,        0,  42.3,  40.0,  25.9, 64.993, 47.449,  3.094,4187587.9,  1,  22.0,   1.0, 0.100
2025-10-22 12:10:01,        0,  40.7,  35.2,  25.9, 45.620, 32.491,  1.489,4227146.7,  1,  22.0,   1.0, 0.100
2025-10-22 12:10:02,        0,  41.4,  37.1,  25.8, 57.094, 40.909,  2.337,4265436.1,  1,  22.0,   1.0, 0.100
2025-10-22 12:10:03,        0,  38.8,  29.3,  25.8, 53.126, 37.851,  2.039,4298619.6,  1,  22.1,   1.0, 0.100
2025-10-22 12:10:03,        0,  39.3,  31.0,  25.8, 51.562, 36.493,  1.899,4334640.0,  1,  22.0,   1.0, 0.100
2025-10-22 12:10:04,        0,  38.1,  27.2,  25.9, 54.778, 38.888,  2.134,4370418.2,  1,  22.0,   1.0, 0.100
2025-10-22 12:10:06,        0,  37.1,  24.4,  25.9, 34.490, 23.582,  0.914,4401145.4,  1,  22.0,   1.0, 0.100
2025-10-22 12:10:07,        0,  36.8,  23.4,  25.8, 39.121, 26.853,  1.088,4428546.3,  1,  22.0,   1.0, 0.100
2025-10-22 12:10:07,        0,  37.3,  24.9,  25.9, 46.529, 32.186,  1.503,4458180.5,  1,  22.0,   1.0, 0.100
2025-10-22 12:10:08,        0,  38.4,  28.1,  25.9, 43.928, 30.212,  1.344,4482288.5,  1,  22.1,   1.0, 0.100
2025-10-22 12:10:10,        0,  37.8,  26.3,  25.9, 55.411, 38.632,  2.145,4523047.6,  1,  22.0,   1.0, 0.100
2025-10-22 12:10:11,        0,  39.9,  32.6,  25.9, 47.180, 32.351,  1.534,4553153.3,  1,  22.1,   1.0, 0.100
2025-10-22 12:10:11,        0,  37.2,  24.6,  25.9, 44.402, 30.297,  1.347,4583626.6,  1,  22.1,   1.0, 0.100
2025-10-22 12:10:12,        0,  37.8,  26.5,  25.9, 30.203, 19.955,  0.647,4604757.3,  1,  22.0,   1.0, 0.100
2025-10-22 12:10:14,        0,  33.6,  13.7,  25.9, 42.536, 28.811,  1.226,4639041.8,  1,  22.0,   1.0, 0.100
2025-10-22 12:10:15,        0,  32.0,   9.0,  25.9, 32.865, 21.724,  0.750,4659373.0,  1,  22.1,   1.0, 0.100
2025-10-22 12:10:16,        0,  33.5,  13.4,  25.9, 31.331, 20.495,  0.667,4676920.1,  1,  22.0,   1.0, 0.100
2025-10-22 12:10:16,        0,  36.6,  22.7,  25.9, 37.675, 24.882,  0.947,4696232.0,  1,  22.0,   1.0, 0.100
2025-10-22 12:10:18,        0,  35.2,  18.7,  25.9, 41.521, 27.539,  1.153,4727664.5,  1,  22.0,   1.0, 0.100
2025-10-22 12:10:19,        0,  35.4,  19.1,  25.9, 35.506, 23.171,  0.824,4748833.0,  1,  22.1,   0.9, 0.100
2025-10-22 12:10:20,        0,  36.0,  21.0,  25.9, 34.505, 22.393,  0.781,4769065.7,  1,  22.0,   1.0, 0.100
2025-10-22 12:10:20,        0,  34.4,  16.1,  26.0, 32.456, 20.923,  0.679,4789725.0,  1,  22.1,   1.0, 0.100
2025-10-22 12:10:21,        0,  32.7,  11.0,  26.0, 40.955, 26.784,  1.099,4812104.3,  1,  22.1,   1.0, 0.100
2025-10-22 12:10:23,        0,  33.6,  13.9,  25.9, 36.679, 23.672,  0.871,4834974.3,  1,  22.1,   0.9, 0.100
2025-10-22 12:10:24,        0,  34.3,  15.8,  25.9, 29.123, 18.436,  0.549,4852047.8,  1,  22.1,   1.0, 0.100
2025-10-22 12:10:24,        0,  36.5,  22.5,  25.9, 27.928, 17.522,  0.490,4869089.0,  1,  22.0,   1.0, 0.100
2025-10-22 12:10:25,        0,  32.8,  11.5,  26.0, 36.085, 23.020,  0.831,4891499.3,  1,  22.1,   1.0, 0.100
2025-10-22 12:10:27,        0,  35.9,  20.6,  25.9, 37.200, 23.804,  0.886,4912756.2,  1,  22.0,   1.0, 0.100
2025-10-22 12:10:28,        0,  30.6,   4.9,  25.9, 32.790, 20.810,  0.686,4932548.9,  1,  22.1,   1.0, 0.100
2025-10-22 12:10:29,        0,  34.0,  15.1,  25.9, 12.301,  6.955,  0.108,4942110.5,  1,  22.1,   1.0, 0.100
2025-10-22 12:10:29,        0,  33.0,  12.0,  25.9, 26.170, 16.282,  0.434,4956306.5,  1,  22.1,   1.0, 0.100
2025-10-22 12:10:31,        0,  34.3,  15.9,  26.0, 24.316, 14.949,  0.376,4974382.9,  1,  22.0,   1.0, 0.100
2025-10-22 12:10:32,        0,  30.0,   3.0,  26.0, 24.122, 14.731,  0.356,4989118.7,  1,  22.0,   1.0, 0.100
2025-10-22 12:10:33,        0,  34.0,  15.1,  25.9, 26.154, 16.051,  0.431,5001555.8,  1,  22.1,   1.0, 0.100
2025-10-22 12:10:33,        0,  33.0,  12.0,  25.9, 20.664, 12.395,  0.266,5013939.2,  1,  22.1,   1.0, 0.100
2025-10-22 12:10:34,        0,  31.7,   8.2,  26.0, 25.760, 15.718,  0.405,5028406.0,  1,  22.1,   1.0, 0.100
2025-10-22 12:10:36,        0,  34.1,  15.3,  25.9, 20.966, 12.497,  0.270,5043291.0,  1,  22.1,   0.9, 0.100
2025-10-22 12:10:37,        0,  31.1,   6.3,  25.9, 17.950, 10.490,  0.192,5056122.8,  1,  22.1,   1.0, 0.100
2025-10-22 12:10:37,        0,  33.7,  14.2,  25.9, 22.775, 13.606,  0.320,5067614.0,  1,  22.1,   0.9, 0.100
2025-10-22 12:10:38,        0,  32.6,  10.9,  25.9, 26.638, 16.155,  0.435,5081410.6,  1,  22.1,   0.9, 0.100
2025-10-22 12:10:40,        0,  31.3,   6.8,  25.9, 24.943, 14.972,  0.375,5097529.4,  1,  22.1,   0.9, 0.100
2025-10-22 12:10:41,        0,  32.6,  10.7,  26.0, 20.317, 11.898,  0.250,5109121.2,  1,  22.1,   0.9, 0.100
2025-10-22 12:10:42,        0,  29.1,   0.4,  25.9, 14.971,  8.430,  0.139,5118576.0,  1,  22.1,   0.9, 0.100
2025-10-22 12:10:42,        0,  32.5,  10.6,  25.9, 15.564,  8.765,  0.141,5125848.9,  1,  22.0,   0.9, 0.100
2025-10-22 12:10:44,        0,  32.7,  11.1,  26.0, 21.942, 12.916,  0.284,5140911.6,  1,  22.1,   0.9, 0.100
2025-10-22 12:10:45,        0,  31.8,   8.3,  25.9, 18.763, 10.828,  0.204,5150934.3,  1,  22.1,   0.9, 0.100
2025-10-22 12:10:46,        0,  32.1,   9.2,  25.9, 18.380, 10.643,  0.196,5161876.0,  1,  22.1,   0.9, 0.100
2025-10-22 12:10:46,        0,  33.0,  12.0,  25.9, 19.721, 11.417,  0.228,5172717.2,  1,  22.1,   0.9, 0.100
2025-10-22 12:10:47,        0,  31.4,   7.3,  25.9, 15.770,  8.869,  0.142,5182714.3,  1,  22.1,   0.9, 0.100
2025-10-22 12:10:49,        0,  31.6,   7.8,  25.9, 23.202, 13.593,  0.316,5196677.7,  1,  22.1,   0.9, 0.100
2025-10-22 12:10:50,        0,  31.3,   7.0,  25.9, 18.062, 10.264,  0.186,5205699.1,  1,  22.1,   0.9, 0.100
2025-10-22 12:10:50,        0,  32.7,  11.1,  25.9,  9.045,  4.497,  0.045,5211519.1,  1,  22.1,   0.9, 0.100
2025-10-22 12:10:51,        0,  31.3,   7.0,  25.9, 17.493,  9.856,  0.173,5221908.9,  1,  22.1,   0.9, 0.100
2025-10-22 12:10:53,        0,  31.0,   5.9,  25.9, 18.852, 10.718,  0.204,5232599.2,  1,  22.1,   0.9, 0.100
2025-10-22 12:10:54,        0,  30.3,   3.8,  26.0, 19.527, 11.131,  0.218,5242071.6,  1,  22.1,   0.9, 0.100
2025-10-22 12:10:55,        0,  30.1,   3.3,  25.9, 16.525,  9.212,  0.157,5249819.4,  1,  22.1,   0.9, 0.100
2025-10-22 12:10:55,        0,  30.3,   3.8,  25.9,  9.048,  4.510,  0.045,5255188.0,  1,  22.1,   0.9, 0.100
2025-10-22 12:10:56,        0,  31.9,   8.7,  26.0, 16.362,  9.146,  0.150,5262854.5,  1,  22.1,   0.9, 0.100
2025-10-22 12:10:58,        0,  30.0,   3.1,  25.9, 15.095,  8.335,  0.126,5272762.3,  1,  22.1,   0.9, 0.100
2025-10-22 12:10:59,        0,  31.7,   8.2,  26.0, 13.917,  7.574,  0.111,5278667.4,  1,  22.1,   1.0, 0.100
2025-10-22 12:10:59,        0,  31.5,   7.5,  26.0, 17.480,  9.830,  0.172,5288131.8,  1,  22.1,   0.9, 0.100
2025-10-22 12:11:00,        0,  31.1,   6.3,  25.9, 13.028,  6.996,  0.092,5295937.9,  1,  22.1,   1.0, 0.100
2025-10-22 12:11:02,        0,  31.7,   8.0,  25.9, 13.699,  7.404,  0.103,5304619.9,  1,  22.1,   0.9, 0.100
2025-10-22 12:11:03,        0,  31.3,   7.0,  25.9, 13.451,  7.245,  0.101,5311933.9,  1,  22.1,   0.9, 0.100
2025-10-22 12:11:03,        0,  30.3,   3.8,  26.0, 11.560,  6.035,  0.070,5318219.1,  1,  22.1,   1.0, 0.100
2025-10-22 12:11:04,        0,  30.9,   5.8,  25.9, 11.029,  5.681,  0.063,5323527.8,  1,  22.2,   1.0, 0.100
2025-10-22 12:11:06,        0,  30.8,   5.4,  25.9, 15.108,  8.242,  0.125,5332493.5,  1,  22.1,   0.9, 0.100
2025-10-22 12:11:07,        0,  31.3,   6.8,  25.9,  9.792,  4.890,  0.048,5337707.4,  1,  22.1,   1.0, 0.100
2025-10-22 12:11:08,        0,  30.9,   5.7,  25.9, 14.617,  7.910,  0.116,5345416.7,  1,  22.1,   0.9, 0.100
2025-10-22 12:11:08,        0,  30.4,   4.2,  25.9,  9.422,  4.663,  0.044,5350746.7,  1,  22.1,   0.9, 0.100
2025-10-22 12:11:09,        0,  30.9,   5.6,  25.9, 10.507,  5.311,  0.056,5356403.7,  1,  22.1,   0.9, 0.100
2025-10-22 12:11:11,        0,  30.2,   3.5,  26.0, 13.191,  7.010,  0.093,5363855.2,  1,  22.1,   0.9, 0.100
2025-10-22 12:11:12,        0,  29.9,   2.6,  25.9,  3.164,  0.823,  0.003,5366156.9,  1,  22.1,   0.9, 0.100
2025-10-22 12:11:12,        0,  30.5,   4.4,  25.9, 12.640,  6.652,  0.084,5370576.2,  1,  22.1,   0.9, 0.100
2025-10-22 12:11:13,        0,  30.9,   5.6,  25.9, 12.126,  6.346,  0.077,5376601.1,  1,  22.1,   0.9, 0.100
2025-10-22 12:11:15,        0,  29.9,   2.8,  26.0,  9.326,  4.593,  0.043,5382927.8,  1,  22.1,   0.9, 0.100
2025-10-22 12:11:16,        0,  30.4,   4.2,  25.9, 10.936,  5.586,  0.062,5388129.6,  1,  22.1,   1.0, 0.100
2025-10-22 12:11:17,        0,  29.9,   2.6,  25.9, 12.395,  6.498,  0.081,5393905.1,  1,  22.1,   1.0, 0.100
2025-10-22 12:11:17,        0,  30.9,   5.7,  25.9, 10.403,  5.247,  0.056,5398977.5,  1,  22.1,   1.0, 0.100
2025-10-22 12:11:19,        0,  29.8,   2.5,  25.9,  8.761,  4.232,  0.038,5405255.5,  1,  22.1,   1.0, 0.100
2025-10-22 12:11:20,        0,  30.6,   4.9,  25.9, 13.019,  6.844,  0.090,5410161.4,  1,  22.1,   1.0, 0.100
2025-10-22 12:11:21,        0,  29.8,   2.3,  25.9, 10.522,  5.315,  0.057,5415505.7,  1,  22.1,   1.0, 0.100
2025-10-22 12:11:21,        0,  30.5,   4.5,  25.9,  2.677,  0.525,  0.002,5417201.0,  1,  22.1,   1.0, 0.100
2025-10-22 12:11:22,        0,  30.6,   4.9,  25.9, 11.085,  5.645,  0.063,5422598.1,  1,  22.1,   1.0, 0.100
2025-10-22 12:11:24,        0,  30.0,   3.1,  25.9,  8.220,  3.901,  0.034,5427740.4,  1,  22.1,   1.0, 0.100
2025-10-22 12:11:25,        0,  30.3,   4.0,  25.9,  5.554,  2.252,  0.014,5429999.3,  1,  22.1,   1.0, 0.100
2025-10-22 12:11:25,        0,  30.3,   4.0,  25.9, 10.541,  5.362,  0.057,5434804.6,  1,  22.1,   1.0, 0.100
2025-10-22 12:11:26,        0,  30.0,   3.1,  25.9,  9.366,  4.647,  0.044,5439307.4,  1,  22.1,   1.0, 0.100
2025-10-22 12:11:28,        0,  29.6,   1.8,  25.9,  3.159,  0.799,  0.003,5442396.1,  1,  22.1,   1.0, 0.100
2025-10-22 12:11:29,        0,  29.9,   2.6,  25.9, 11.139,  5.770,  0.064,5446116.0,  1,  22.1,   1.0, 0.100
2025-10-22 12:11:29,        0,  30.2,   3.7,  25.9,  9.426,  4.703,  0.045,5450398.8,  1,  22.1,   1.0, 0.100
2025-10-22 12:11:31,        0,  29.9,   2.6,  25.9,  9.308,  4.637,  0.044,5455596.0,  1,  22.1,   1.0, 0.100
2025-10-22 12:11:32,        0,  30.6,   4.9,  26.0,  2.217,  0.262,  0.001,5456736.7,  1,  22.2,   1.0, 0.100
2025-10-22 12:11:33,        0,  29.5,   1.6,  25.9,  9.401,  4.685,  0.044,5461617.1,  1,  22.1,   1.0, 0.100
2025-10-22 12:11:33,        0,  29.5,   1.6,  25.9,  7.864,  3.728,  0.036,5464494.6,  1,  22.1,   1.0, 0.100
2025-10-22 12:11:35,        0,  29.8,   2.3,  25.9,  5.426,  2.176,  0.014,5466813.0,  1,  22.2,   1.0, 0.100
2025-10-22 12:11:36,        0,  30.3,   3.8,  25.9,  2.043,  0.191,  0.001,5467914.0,  1,  22.1,   1.0, 0.100
2025-10-22 12:11:37,        0,  29.8,   2.3,  25.9,  9.239,  4.596,  0.043,5472300.2,  1,  22.1,   0.9, 0.100
2025-10-22 12:11:37,        0,  29.7,   2.1,  25.9,  9.155,  4.546,  0.042,5475333.7,  1,  22.2,   1.0, 0.100
2025-10-22 12:11:38,        0,  30.0,   3.0,  25.9,  2.475,  0.385,  0.001,5476694.9,  1,  22.1,   1.0, 0.100
2025-10-22 12:11:40,        0,  29.9,   2.8,  25.9,  5.479,  2.218,  0.014,5479842.7,  1,  22.1,   0.9, 0.100
2025-10-22 12:11:41,        0,  29.4,   1.1,  25.9,  4.594,  1.663,  0.009,5481432.3,  1,  22.1,   0.9, 0.100
2025-10-22 12:11:41,        0,  29.8,   2.5,  25.9,  5.878,  2.583,  0.022,5483907.1,  1,  22.2,   0.9, 0.100
2025-10-22 12:11:42,        0,  29.8,   2.3,  25.9,  9.356,  4.701,  0.044,5488182.7,  1,  22.2,   0.9, 0.100
2025-10-22 12:11:44,        0,  29.8,   2.3,  25.9,  6.605,  2.954,  0.025,5491772.2,  1,  22.2,   0.9, 0.100
2025-10-22 12:11:45,        0,  29.5,   1.4,  25.9,  4.358,  1.576,  0.013,5493540.8,  1,  22.2,   0.9, 0.100
2025-10-22 12:11:45,        0,  29.9,   2.8,  25.9,  2.516,  0.399,  0.001,5494368.1,  1,  22.2,   0.9, 0.100
2025-10-22 12:11:46,        0,  29.6,   1.9,  25.9,  8.729,  4.333,  0.038,5497317.3,  1,  22.2,   0.9, 0.100
2025-10-22 12:11:48,        0,  29.8,   2.3,  25.9,  1.869,  0.073,  0.000,5497539.4,  1,  22.2,   0.9, 0.100
2025-10-22 12:11:49,        0,  29.9,   2.6,  25.9,  5.079,  2.236,  0.018,5500109.7,  1,  22.2,   0.9, 0.100
2025-10-22 12:11:49,        0,  29.6,   1.9,  25.9,  8.719,  4.344,  0.038,5504229.9,  1,  22.1,   0.9, 0.100
2025-10-22 12:11:50,        0,  28.7,   0.0,  25.9,  4.725,  1.807,  0.013,5506633.8,  1,  22.1,   0.9, 0.100
2025-10-22 12:11:52,        0,  29.8,   2.3,  25.9,  2.016,  0.134,  0.000,5507398.6,  1,  22.1,   0.9, 0.100
2025-10-22 12:11:53,        0,  29.6,   1.9,  25.9,  1.658,  0.005,  0.000,5507405.8,  1,  22.2,   1.0, 0.100
2025-10-22 12:11:54,        0,  29.7,   2.1,  25.9,  1.552, -0.007,  0.000,5508601.9,  1,  22.1,   1.0, 0.100
2025-10-22 12:11:54,        0,  29.9,   2.8,  25.9,  6.605,  3.173,  0.023,5511226.6,  1,  22.1,   1.0, 0.100
2025-10-22 12:11:55,        0,  29.6,   1.8,  25.9,  8.747,  4.529,  0.040,5515430.2,  1,  22.1,   1.0, 0.100
2025-10-22 12:11:57,        0,  29.5,   1.6,  25.9,  6.197,  2.790,  0.019,5518436.3,  1,  22.2,   1.0, 0.100
2025-10-22 12:11:58,        0,  29.6,   1.8,  25.9,  6.655,  3.192,  0.026,5520300.5,  1,  22.2,   1.0, 0.100
2025-10-22 12:11:58,        0,  29.6,   1.9,  25.9,  1.816,  0.050,  0.000,5520473.6,  1,  22.1,   1.0, 0.100
2025-10-22 12:11:59,        0,  29.8,   2.3,  25.9,  1.606,  0.001,  0.000,5520477.3,  1,  22.1,   1.0, 0.100
2025-10-22 12:12:01,        0,  29.6,   1.9,  25.9,  1.461, -0.005,  0.000,5520471.0,  1,  22.2,   1.0, 0.100
2025-10-22 12:12:02,        0,  29.7,   2.1,  25.9,  1.385, -0.008,  0.000,5520463.9,  1,  22.1,   1.0, 0.100
2025-10-22 12:12:02,        0,  29.9,   2.8,  25.9,  2.621,  0.962,  0.007,5522298.7,  1,  22.2,   1.0, 0.100
2025-10-22 12:12:03,        0,  29.3,   0.9,  25.9,  7.838,  4.350,  0.034,5526407.1,  1,  22.2,   1.0, 0.100
2025-10-22 12:12:05,        0,  29.5,   1.6,  25.9,  2.212,  0.240,  0.001,5527077.7,  1,  22.1,   1.0, 0.100
2025-10-22 12:12:06,        0,  29.7,   2.1,  25.9,  1.564,  0.009,  0.000,5527091.5,  1,  22.2,   1.0, 0.100
2025-10-22 12:12:07,        0,  29.9,   2.6,  25.9,  4.859,  2.559,  0.018,5529081.4,  1,  22.2,   1.0, 0.100
2025-10-22 12:12:07,        0,  29.6,   1.9,  25.9,  7.438,  4.169,  0.031,5532101.4,  1,  22.2,   1.0, 0.100
2025-10-22 12:12:09,        0,  29.1,   0.4,  25.9,  1.754,  0.047,  0.000,5532224.6,  1,  22.2,   1.0, 0.100
2025-10-22 12:12:10,        0,  29.8,   2.5,  25.9,  1.508,  0.009,  0.000,5532230.9,  1,  22.2,   1.0, 0.100
2025-10-22 12:12:11,        0,  29.9,   2.6,  25.9,  5.649,  3.246,  0.023,5534050.6,  1,  22.2,   1.0, 0.100
2025-10-22 12:12:11,        0,  30.0,   3.0,  25.9,  6.376,  3.495,  0.024,5536991.8,  1,  22.2,   1.0, 0.100
2025-10-22 12:12:12,        0,  29.9,   2.8,  25.9,  5.683,  2.925,  0.019,5538887.3,  1,  22.2,   1.0, 0.100
2025-10-22 12:12:14,        0,  29.7,   2.1,  25.9,  2.626,  0.555,  0.002,5540194.5,  1,  22.2,   1.0, 0.100
2025-10-22 12:12:15,        0,  29.9,   2.8,  25.9,  1.501,  0.011,  0.000,5540222.2,  1,  22.2,   1.0, 0.100
2025-10-22 12:12:15,        0,  29.5,   1.4,  25.9,  3.042,  0.945,  0.003,5541528.1,  1,  22.2,   1.0, 0.100
2025-10-22 12:12:16,        0,  29.6,   1.9,  25.9,  1.571,  0.037,  0.000,5541577.5,  1,  22.1,   1.0, 0.100
2025-10-22 12:12:18,        0,  29.6,   1.8,  25.9,  1.356, -0.007,  0.000,5541572.5,  1,  22.2,   1.0, 0.100
2025-10-22 12:12:19,        0,  29.8,   2.3,  25.9,  1.295, -0.010,  0.000,5541562.8,  1,  22.2,   1.0, 0.100
2025-10-22 12:12:20,        0,  29.7,   2.1,  25.9,  1.230, -0.011,  0.000,5541552.0,  1,  22.2,   1.0, 0.100
2025-10-22 12:12:20,        0,  29.6,   1.9,  25.9,  1.192, -0.012,  0.000,5541541.1,  1,  22.2,   1.0, 0.100
2025-10-22 12:12:22,        0,  29.8,   2.5,  25.8,  6.890,  4.345,  0.030,5544858.6,  1,  22.2,   1.0, 0.100
2025-10-22 12:12:23,        0,  29.6,   1.8,  25.9,  2.428,  0.570,  0.002,5546216.1,  1,  22.2,   1.0, 0.100
2025-10-22 12:12:24,        0,  29.8,   2.3,  25.9,  1.498,  0.021,  0.000,5546237.9,  1,  22.2,   1.0, 0.100
2025-10-22 12:12:24,        0,  29.8,   2.5,  25.9,  1.328, -0.007,  0.000,5546232.4,  1,  22.2,   1.0, 0.100
2025-10-22 12:12:25,        0,  29.9,   2.8,  25.8,  5.647,  3.447,  0.023,5548040.0,  1,  22.2,   1.0, 0.100
2025-10-22 12:12:27,        0,  29.5,   1.6,  25.9,  2.024,  0.302,  0.001,5549660.2,  1,  22.1,   1.0, 0.100
2025-10-22 12:12:28,        0,  29.4,   1.2,  25.9,  1.453,  0.012,  0.000,5549678.6,  1,  22.2,   1.0, 0.100
2025-10-22 12:12:28,        0,  29.8,   2.3,  25.9,  1.341, -0.006,  0.000,5549671.9,  1,  22.2,   1.0, 0.100
2025-10-22 12:12:29,        0,  29.9,   2.6,  25.9,  1.257, -0.011,  0.000,5549662.7,  1,  22.2,   1.0, 0.100
2025-10-22 12:12:31,        0,  29.8,   2.5,  25.9,  1.215, -0.011,  0.000,5549649.3,  1,  22.2,   1.0, 0.100
2025-10-22 12:12:32,        0,  29.9,   2.8,  25.9,  3.640,  1.738,  0.008,5550409.9,  1,  22.1,   1.0, 0.100
2025-10-22 12:12:33,        0,  29.8,   2.3,  25.9,  4.343,  2.234,  0.012,5552932.1,  1,  22.2,   1.0, 0.100
2025-10-22 12:12:33,        0,  29.9,   2.8,  25.9,  2.757,  0.877,  0.003,5553885.5,  1,  22.1,   1.0, 0.100
2025-10-22 12:12:35,        0,  29.5,   1.4,  25.9,  2.907,  1.002,  0.003,5555804.5,  1,  22.1,   1.0, 0.100
2025-10-22 12:12:36,        0,  29.4,   1.1,  25.9,  1.405,  0.004,  0.000,5555824.2,  1,  22.1,   1.0, 0.100
2025-10-22 12:12:37,        0,  29.8,   2.3,  25.9,  1.315, -0.007,  0.000,5555817.5,  1,  22.1,   1.0, 0.100
2025-10-22 12:12:37,        0,  29.9,   2.6,  25.9,  1.262, -0.011,  0.000,5555807.9,  1,  22.1,   0.9, 0.100
2025-10-22 12:12:38,        0,  29.8,   2.5,  25.9,  1.218, -0.011,  0.000,5555797.0,  1,  22.1,   0.9, 0.100
2025-10-22 12:12:40,        0,  29.8,   2.3,  25.9,  1.164, -0.011,  0.000,5555784.4,  1,  22.2,   0.9, 0.100
2025-10-22 12:12:41,        0,  29.9,   2.8,  25.9,  1.119, -0.012,  0.000,5555772.7,  1,  22.2,   0.8, 0.100
2025-10-22 12:12:41,        0,  29.9,   2.8,  25.9,  6.209,  3.926,  0.025,5558598.2,  1,  22.2,   0.8, 0.100
2025-10-22 12:12:42,        0,  29.9,   2.6,  25.9,  4.155,  2.094,  0.011,5560197.9,  1,  22.2,   0.8, 0.100
2025-10-22 12:12:44,        0,  29.8,   2.3,  25.9,  1.423,  0.008,  0.000,5560227.7,  1,  22.2,   0.8, 0.100
2025-10-22 12:12:45,        0,  29.8,   2.3,  25.9,  1.323, -0.007,  0.000,5560220.5,  1,  22.2,   0.8, 0.100
2025-10-22 12:12:46,        0,  29.8,   2.3,  25.9,  1.240, -0.010,  0.000,5560211.7,  1,  22.2,   0.8, 0.100
2025-10-22 12:12:46,        0,  29.7,   2.1,  25.9,  1.198, -0.011,  0.000,5560200.8,  1,  22.2,   0.8, 0.100
2025-10-22 12:12:48,        0,  29.8,   2.3,  25.8,  1.143, -0.012,  0.000,5560187.9,  1,  22.1,   0.8, 0.100
2025-10-22 12:12:49,        0,  29.7,   2.1,  25.9,  1.113, -0.012,  0.000,5560176.5,  1,  22.2,   0.8, 0.100
2025-10-22 12:12:50,        0,  29.9,   2.6,  25.9,  1.086, -0.012,  0.000,5560164.4,  1,  22.2,   0.8, 0.100
2025-10-22 12:12:50,        0,  29.7,   2.1,  25.9,  1.054, -0.012,  0.000,5560152.2,  1,  22.2,   0.8, 0.100
2025-10-22 12:12:51,        0,  29.9,   2.6,  25.9,  1.036, -0.013,  0.000,5560139.7,  1,  22.2,   0.8, 0.100
2025-10-22 12:12:53,        0,  29.9,   2.6,  25.9,  1.011, -0.013,  0.000,5560125.0,  1,  22.2,   0.8, 0.100
2025-10-22 12:12:54,        0,  29.8,   2.5,  25.8,  0.995, -0.013,  0.000,5560702.5,  1,  22.2,   0.8, 0.100
2025-10-22 12:12:54,        0,  29.9,   2.6,  25.9,  2.138,  0.427,  0.001,5561501.3,  1,  22.1,   0.8, 0.100
2025-10-22 12:12:55,        0,  29.9,   2.6,  25.9,  2.525,  0.726,  0.002,5563449.3,  1,  22.2,   0.8, 0.100
2025-10-22 12:12:57,        0,  29.8,   2.3,  25.9,  1.383,  0.002,  0.000,5563478.2,  1,  22.2,   0.9, 0.100
2025-10-22 12:12:58,        0,  29.8,   2.3,  25.9,  1.296, -0.008,  0.000,5563470.2,  1,  22.2,   0.9, 0.100
2025-10-22 12:12:59,        0,  29.7,   2.1,  25.9,  1.243, -0.011,  0.000,5563461.0,  1,  22.2,   0.8, 0.100
2025-10-22 12:12:59,        0,  29.9,   2.6,  25.8,  1.178, -0.011,  0.000,5563449.7,  1,  22.2,   0.9, 0.100
2025-10-22 12:13:00,        0,  29.8,   2.5,  25.8,  1.140, -0.011,  0.000,5563438.8,  1,  22.1,   0.9, 0.100
2025-10-22 12:13:02,        0,  29.8,   2.3,  25.8,  3.617,  1.722,  0.008,5564173.9,  1,  22.2,   0.9, 0.100
2025-10-22 12:13:03,        0,  29.8,   2.5,  25.8,  1.486,  0.031,  0.000,5564231.3,  1,  22.2,   0.9, 0.100
2025-10-22 12:13:03,        0,  29.8,   2.5,  25.8,  1.326, -0.003,  0.000,5564227.5,  1,  22.2,   0.9, 0.100
2025-10-22 12:13:04,        0,  29.8,   2.5,  25.8,  4.766,  2.888,  0.019,5565702.3,  1,  22.2,   0.9, 0.100
2025-10-22 12:13:06,        0,  29.8,   2.5,  25.9,  6.643,  4.374,  0.029,5570405.4,  1,  22.2,   0.9, 0.100
2025-10-22 12:13:07,        0,  29.4,   1.2,  25.8,  1.705,  0.122,  0.000,5570909.6,  1,  22.2,   0.9, 0.100
2025-10-22 12:13:08,        0,  29.4,   1.1,  25.9,  1.394,  0.004,  0.000,5570916.7,  1,  22.2,   0.9, 0.100
2025-10-22 12:13:08,        0,  29.6,   1.9,  25.8,  1.303, -0.007,  0.000,5570909.6,  1,  22.2,   1.0, 0.100
2025-10-22 12:13:09,        0,  29.5,   1.6,  25.8,  1.226, -0.011,  0.000,5570899.5,  1,  22.2,   0.9, 0.100
2025-10-22 12:13:11,        0,  29.6,   1.8,  25.9,  1.167, -0.011,  0.000,5570886.1,  1,  22.2,   1.0, 0.100
2025-10-22 12:13:12,        0,  29.6,   1.9,  25.9,  1.132, -0.011,  0.000,5570875.2,  1,  22.1,   0.9, 0.100
2025-10-22 12:13:12,        0,  29.7,   2.1,  25.9,  1.102, -0.012,  0.000,5570864.7,  1,  22.2,   0.9, 0.100
2025-10-22 12:13:13,        0,  29.6,   1.8,  25.8,  1.075, -0.012,  0.000,5570852.2,  1,  22.2,   1.0, 0.100
2025-10-22 12:13:15,        0,  29.6,   1.9,  25.8,  1.040, -0.012,  0.000,5570838.7,  1,  22.2,   1.0, 0.100
2025-10-22 12:13:16,        0,  29.7,   2.1,  25.8,  1.012, -0.012,  0.000,5570826.6,  1,  22.2,   1.0, 0.100
2025-10-22 12:13:17,        0,  29.7,   2.1,  25.8,  0.994, -0.012,  0.000,5570814.4,  1,  22.2,   0.9, 0.100
2025-10-22 12:13:17,        0,  29.7,   2.1,  25.8,  0.978, -0.013,  0.000,5570803.1,  1,  22.2,   1.0, 0.100
2025-10-22 12:13:19,        0,  29.7,   2.1,  25.8,  0.956, -0.012,  0.000,5570788.4,  1,  22.2,   1.0, 0.100
2025-10-22 12:13:20,        0,  29.8,   2.3,  25.8,  0.942, -0.012,  0.000,5570777.1,  1,  22.2,   1.0, 0.100
2025-10-22 12:13:21,        0,  29.7,   2.1,  25.9,  0.922, -0.012,  0.000,5570765.4,  1,  22.2,   1.0, 0.100
2025-10-22 12:13:21,        0,  29.8,   2.3,  25.8,  0.909, -0.012,  0.000,5570754.5,  1,  22.1,   0.9, 0.100
2025-10-22 12:13:22,        0,  29.7,   2.1,  25.9,  0.897, -0.012,  0.000,5570743.6,  1,  22.2,   0.9, 0.100
2025-10-22 12:13:24,        0,  29.8,   2.3,  25.8,  0.880, -0.012,  0.000,5570730.2,  1,  22.2,   0.9, 0.100
2025-10-22 12:13:25,        0,  29.8,   2.5,  25.9,  0.869, -0.011,  0.000,5570719.3,  1,  22.2,   0.9, 0.100
2025-10-22 12:13:25,        0,  29.8,   2.3,  25.8,  0.852, -0.011,  0.000,5570708.4,  1,  22.2,   0.9, 0.100
2025-10-22 12:13:26,        0,  29.7,   2.1,  25.9,  0.842, -0.011,  0.000,5570697.9,  1,  22.2,   0.9, 0.100
2025-10-22 12:13:28,        0,  29.8,   2.3,  25.8,  0.828, -0.011,  0.000,5570684.9,  1,  22.2,   0.9, 0.100
2025-10-22 12:13:29,        0,  29.8,   2.5,  25.8,  0.818, -0.011,  0.000,5570674.0,  1,  22.1,   0.9, 0.100
2025-10-22 12:13:29,        0,  29.8,   2.3,  25.8,  0.808, -0.011,  0.000,5570664.4,  1,  22.2,   0.9, 0.100
2025-10-22 12:13:30,        0,  29.8,   2.5,  25.8,  0.794, -0.011,  0.000,5570653.5,  1,  22.2,   0.9, 0.100
2025-10-22 12:13:32,        0,  29.9,   2.6,  25.8,  0.782, -0.010,  0.000,5570640.5,  1,  22.2,   0.9, 0.100
2025-10-22 12:13:33,        0,  29.9,   2.6,  25.8,  0.774, -0.011,  0.000,5570631.7,  1,  22.2,   0.9, 0.100
2025-10-22 12:13:33,        0,  29.9,   2.6,  25.8,  0.766, -0.010,  0.000,5570621.6,  1,  22.2,   0.9, 0.100
2025-10-22 12:13:34,        0,  29.9,   2.6,  25.8,  0.758, -0.010,  0.000,5570612.0,  1,  22.1,   0.9, 0.100
2025-10-22 12:13:36,        0,  29.9,   2.6,  25.8,  0.746, -0.010,  0.000,5570599.9,  1,  22.2,   0.9, 0.100
2025-10-22 12:13:37,        0,  29.9,   2.6,  25.8,  0.734, -0.009,  0.000,5570591.1,  1,  22.1,   0.9, 0.100
2025-10-22 12:13:37,        0,  29.8,   2.5,  25.8,  6.554,  4.347,  0.028,5573497.9,  1,  22.2,   0.9, 0.100
2025-10-22 12:13:38,        0,  29.5,   1.6,  25.8,  2.335,  0.578,  0.002,5574714.5,  1,  22.1,   0.9, 0.100
2025-10-22 12:13:40,        0,  29.8,   2.3,  25.8,  1.369,  0.001,  0.000,5574730.0,  1,  22.2,   0.9, 0.100
2025-10-22 12:13:41,        0,  29.6,   1.8,  25.8,  1.283, -0.007,  0.000,5574722.9,  1,  22.2,   0.9, 0.100
2025-10-22 12:13:41,        0,  29.7,   2.1,  25.8,  1.204, -0.010,  0.000,5574712.9,  1,  22.2,   0.9, 0.100
2025-10-22 12:13:42,        0,  29.7,   2.1,  25.8,  1.161, -0.011,  0.000,5574702.4,  1,  22.1,   0.9, 0.100
2025-10-22 12:13:44,        0,  29.6,   1.9,  25.8,  1.105, -0.012,  0.000,5574689.8,  1,  22.2,   0.9, 0.100
2025-10-22 12:13:45,        0,  29.8,   2.3,  25.8,  1.074, -0.012,  0.000,5574678.9,  1,  22.1,   0.9, 0.100
2025-10-22 12:13:45,        0,  29.8,   2.3,  25.8,  1.047, -0.011,  0.000,5574668.0,  1,  22.2,   0.9, 0.100
2025-10-22 12:13:46,        0,  29.8,   2.3,  25.8,  1.012, -0.012,  0.000,5574656.3,  1,  22.1,   0.9, 0.100
2025-10-22 12:13:48,        0,  29.8,   2.3,  25.8,  0.991, -0.012,  0.000,5574642.9,  1,  22.2,   0.9, 0.100
2025-10-22 12:13:49,        0,  29.7,   2.1,  25.8,  0.962, -0.012,  0.000,5574631.1,  1,  22.2,   0.9, 0.100
2025-10-22 12:13:50,        0,  29.8,   2.3,  25.8,  0.944, -0.012,  0.000,5574619.8,  1,  22.2,   0.9, 0.100
2025-10-22 12:13:50,        0,  29.8,   2.3,  25.8,  0.928, -0.011,  0.000,5574609.8,  1,  22.2,   0.9, 0.100
2025-10-22 12:13:51,        0,  29.8,   2.5,  25.8,  0.905, -0.011,  0.000,5574598.4,  1,  22.2,   0.9, 0.100
2025-10-22 12:13:53,        0,  29.8,   2.3,  25.8,  0.889, -0.011,  0.000,5574585.5,  1,  22.2,   0.9, 0.100
2025-10-22 12:13:54,        0,  29.8,   2.3,  25.8,  0.868, -0.011,  0.000,5574575.4,  1,  22.2,   0.9, 0.100
2025-10-22 12:13:54,        0,  29.8,   2.3,  25.8,  0.855, -0.011,  0.000,5574564.5,  1,  22.2,   0.9, 0.100
2025-10-22 12:13:55,        0,  29.8,   2.5,  25.8,  0.843, -0.011,  0.000,5574553.6,  1,  22.1,   1.0, 0.100
2025-10-22 12:13:57,        0,  29.8,   2.3,  25.8,  0.825, -0.010,  0.000,5574541.4,  1,  22.2,   1.0, 0.100
2025-10-22 12:13:58,        0,  29.8,   2.3,  25.8,  0.808, -0.011,  0.000,5574531.4,  1,  22.2,   1.0, 0.100
2025-10-22 12:13:59,        0,  29.8,   2.5,  25.8,  0.798, -0.011,  0.000,5574521.7,  1,  22.2,   1.0, 0.100
2025-10-22 12:13:59,        0,  29.8,   2.5,  25.8,  0.787, -0.011,  0.000,5574511.7,  1,  22.2,   1.0, 0.100
2025-10-22 12:14:00,        0,  29.7,   2.1,  25.8,  0.777, -0.010,  0.000,5574502.1,  1,  22.2,   1.0, 0.100
2025-10-22 12:14:02,        0,  29.9,   2.6,  25.8,  0.763, -0.010,  0.000,5574489.9,  1,  22.1,   1.0, 0.100
2025-10-22 12:14:03,        0,  29.9,   2.6,  25.8,  0.749, -0.010,  0.000,5574480.3,  1,  22.2,   1.0, 0.100
2025-10-22 12:14:03,        0,  29.8,   2.5,  25.8,  0.740, -0.010,  0.000,5574471.0,  1,  22.2,   1.0, 0.100
2025-10-22 12:14:04,        0,  29.8,   2.5,  25.8,  0.732, -0.010,  0.000,5574461.8,  1,  22.2,   1.0, 0.100
2025-10-22 12:14:06,        0,  29.8,   2.5,  25.8,  0.720, -0.009,  0.000,5574450.5,  1,  22.2,   1.0, 0.100
2025-10-22 12:14:07,        0,  29.8,   2.5,  25.8,  0.712, -0.009,  0.000,5574441.3,  1,  22.2,   1.0, 0.100
2025-10-22 12:14:08,        0,  29.9,   2.6,  25.8,  0.700, -0.009,  0.000,5574432.5,  1,  22.2,   1.0, 0.100
2025-10-22 12:14:08,        0,  29.8,   2.5,  25.8,  0.693, -0.009,  0.000,5574422.8,  1,  22.2,   1.0, 0.100
2025-10-22 12:14:09,        0,  29.8,   2.5,  25.8,  0.685, -0.010,  0.000,5574413.6,  1,  22.2,   1.0, 0.100
2025-10-22 12:14:11,        0,  29.8,   2.5,  25.8,  0.675, -0.009,  0.000,5574402.7,  1,  22.2,   1.0, 0.100
2025-10-22 12:14:12,        0,  29.9,   2.6,  25.8,  0.668, -0.009,  0.000,5574394.3,  1,  22.2,   1.0, 0.100
2025-10-22 12:14:12,        0,  29.8,   2.5,  25.8,  0.657, -0.009,  0.000,5574385.1,  1,  22.2,   1.0, 0.100
2025-10-22 12:14:13,        0,  29.8,   2.5,  25.8,  0.651, -0.009,  0.000,5574377.2,  1,  22.2,   1.0, 0.100
2025-10-22 12:14:15,        0,  29.9,   2.6,  25.8,  3.115,  1.547,  0.007,5575073.3,  1,  22.2,   1.0, 0.100
2025-10-22 12:14:16,        0,  29.8,   2.5,  25.8,  1.509,  0.041,  0.000,5575129.0,  1,  22.2,   1.0, 0.100
2025-10-22 12:14:16,        0,  29.8,   2.5,  25.8,  1.278, -0.006,  0.000,5575125.7,  1,  22.2,   1.0, 0.100
2025-10-22 12:14:17,        0,  29.9,   2.6,  25.8,  1.214, -0.009,  0.000,5575117.7,  1,  22.2,   0.9, 0.100
2025-10-22 12:14:19,        0,  29.8,   2.5,  25.8,  3.158,  1.485,  0.007,5575762.7,  1,  22.2,   0.9, 0.100
2025-10-22 12:14:20,        0,  29.9,   2.6,  25.8,  1.537,  0.052,  0.000,5575885.9,  1,  22.2,   0.9, 0.100
2025-10-22 12:14:21,        0,  29.9,   2.6,  25.8,  1.331, -0.000,  0.000,5575885.9,  1,  22.2,   0.9, 0.100
2025-10-22 12:14:21,        0,  29.9,   2.6,  25.8,  1.220, -0.009,  0.000,5575877.5,  1,  22.2,   0.9, 0.100
2025-10-22 12:14:22,        0,  29.9,   2.6,  25.8,  1.170, -0.010,  0.000,5575868.7,  1,  22.2,   0.9, 0.100
2025-10-22 12:14:24,        0,  29.8,   2.5,  25.8,  1.108, -0.011,  0.000,5575855.7,  1,  22.2,   0.9, 0.100
2025-10-22 12:14:25,        0,  29.8,   2.5,  25.8,  1.075, -0.011,  0.000,5575845.7,  1,  22.2,   0.9, 0.100
2025-10-22 12:14:25,        0,  29.8,   2.5,  25.8,  1.045, -0.011,  0.000,5575834.4,  1,  22.2,   0.9, 0.100
2025-10-22 12:14:26,        0,  29.8,   2.5,  25.8,  1.008, -0.011,  0.000,5575823.9,  1,  22.2,   0.8, 0.100
2025-10-22 12:14:28,        0,  29.9,   2.6,  25.8,  0.986, -0.011,  0.000,5575810.0,  1,  22.2,   0.8, 0.100
2025-10-22 12:14:29,        0,  29.9,   2.6,  25.8,  0.955, -0.012,  0.000,5575800.0,  1,  22.2,   0.8, 0.100
2025-10-22 12:14:30,        0,  29.9,   2.6,  25.8,  0.936, -0.012,  0.000,5575788.7,  1,  22.2,   0.8, 0.100
2025-10-22 12:14:30,        0,  29.9,   2.6,  25.8,  6.385,  4.214,  0.027,5578377.8,  1,  22.2,   0.9, 0.100
2025-10-22 12:14:32,        0,  29.4,   1.1,  25.8,  1.466,  0.026,  0.000,5578455.0,  1,  22.2,   0.9, 0.100
2025-10-22 12:14:33,        0,  29.8,   2.5,  25.8,  1.317, -0.003,  0.000,5578450.3,  1,  22.2,   0.9, 0.100
2025-10-22 12:14:34,        0,  29.8,   2.3,  25.8,  1.219, -0.010,  0.000,5578441.1,  1,  22.2,   0.9, 0.100
2025-10-22 12:14:34,        0,  29.8,   2.3,  25.8,  1.172, -0.010,  0.000,5578431.9,  1,  22.2,   0.8, 0.100
2025-10-22 12:14:35,        0,  29.7,   2.1,  25.8,  1.131, -0.011,  0.000,5578421.4,  1,  22.2,   0.8, 0.100
2025-10-22 12:14:37,        0,  29.8,   2.5,  25.8,  1.078, -0.011,  0.000,5578409.3,  1,  22.2,   0.8, 0.100
2025-10-22 12:14:38,        0,  29.7,   2.1,  25.8,  1.035, -0.012,  0.000,5578398.4,  1,  22.2,   0.8, 0.100
2025-10-22 12:14:38,        0,  29.8,   2.3,  25.8,  1.011, -0.011,  0.000,5578387.1,  1,  22.2,   0.8, 0.100
2025-10-22 12:14:39,        0,  29.8,   2.3,  25.8,  0.989, -0.011,  0.000,5578375.7,  1,  22.2,   0.8, 0.100
2025-10-22 12:14:41,        0,  29.6,   1.9,  25.8,  0.958, -0.012,  0.000,5578361.9,  1,  22.2,   0.8, 0.100
2025-10-22 12:14:42,        0,  29.8,   2.3,  25.8,  0.940, -0.011,  0.000,5578351.0,  1,  22.2,   0.8, 0.100
2025-10-22 12:14:43,        0,  29.8,   2.3,  25.8,  0.914, -0.012,  0.000,5578340.5,  1,  22.2,   0.9, 0.100
2025-10-22 12:14:43,        0,  29.8,   2.3,  25.8,  0.898, -0.011,  0.000,5578329.6,  1,  22.2,   0.8, 0.100
2025-10-22 12:14:44,        0,  29.8,   2.3,  25.8,  0.883, -0.011,  0.000,5578318.8,  1,  22.2,   0.9, 0.100
2025-10-22 12:14:46,        0,  29.8,   2.3,  25.8,  0.861, -0.011,  0.000,5578306.6,  1,  22.2,   0.9, 0.100
2025-10-22 12:14:47,        0,  29.8,   2.3,  25.8,  0.847, -0.011,  0.000,5578295.7,  1,  22.2,   0.9, 0.100
2025-10-22 12:14:47,        0,  29.7,   2.1,  25.8,  0.828, -0.011,  0.000,5578286.1,  1,  22.2,   0.9, 0.100
2025-10-22 12:14:48,        0,  29.8,   2.3,  25.8,  0.815, -0.010,  0.000,5578276.0,  1,  22.2,   0.9, 0.100
2025-10-22 12:14:50,        0,  29.7,   2.1,  25.8,  0.797, -0.011,  0.000,5578263.8,  1,  22.2,   0.9, 0.100
2025-10-22 12:14:51,        0,  29.8,   2.3,  25.8,  0.786, -0.011,  0.000,5578253.4,  1,  22.2,   0.9, 0.100
2025-10-22 12:14:52,        0,  29.8,   2.3,  25.8,  0.775, -0.010,  0.000,5578244.2,  1,  22.2,   0.9, 0.100
2025-10-22 12:14:52,        0,  29.8,   2.5,  25.8,  0.758, -0.009,  0.000,5578235.4,  1,  22.2,   0.9, 0.100
2025-10-22 12:14:54,        0,  29.8,   2.3,  25.8,  0.744, -0.010,  0.000,5578223.2,  1,  22.2,   0.9, 0.100
2025-10-22 12:14:55,        0,  29.8,   2.5,  25.8,  0.733, -0.009,  0.000,5578213.1,  1,  22.2,   0.9, 0.100
2025-10-22 12:14:56,        0,  29.8,   2.3,  25.8,  0.724, -0.010,  0.000,5578204.3,  1,  22.2,   0.9, 0.100
2025-10-22 12:14:56,        0,  29.8,   2.3,  25.8,  0.711, -0.009,  0.000,5578195.1,  1,  22.2,   1.0, 0.100
2025-10-22 12:14:57,        0,  29.7,   2.1,  25.8,  0.701, -0.009,  0.000,5578186.3,  1,  22.2,   1.0, 0.100
2025-10-22 12:14:59,        0,  29.8,   2.3,  25.8,  0.689, -0.009,  0.000,5578175.4,  1,  22.2,   0.9, 0.100
2025-10-22 12:15:00,        0,  29.8,   2.5,  25.8,  0.681, -0.009,  0.000,5578166.6,  1,  22.2,   1.0, 0.100
2025-10-22 12:15:00,        0,  29.8,   2.5,  25.8,  0.672, -0.009,  0.000,5578158.2,  1,  22.2,   1.0, 0.100
2025-10-22 12:15:01,        0,  29.7,   2.1,  25.8,  0.662, -0.009,  0.000,5578149.4,  1,  22.2,   1.0, 0.100
2025-10-22 12:15:03,        0,  29.8,   2.3,  25.8,  0.655, -0.009,  0.000,5578139.0,  1,  22.2,   1.0, 0.100
2025-10-22 12:15:04,        0,  29.8,   2.3,  25.8,  0.643, -0.009,  0.000,5578130.2,  1,  22.2,   1.0, 0.100
2025-10-22 12:15:05,        0,  29.8,   2.5,  25.8,  0.637, -0.009,  0.000,5578122.2,  1,  22.2,   0.9, 0.100
2025-10-22 12:15:05,        0,  29.8,   2.3,  25.8,  0.630, -0.008,  0.000,5578114.7,  1,  22.2,   1.0, 0.100
2025-10-22 12:15:07,        0,  29.8,   2.3,  25.8,  0.619, -0.008,  0.000,5578104.6,  1,  22.2,   1.0, 0.100
2025-10-22 12:15:08,        0,  29.8,   2.3,  25.8,  0.612, -0.008,  0.000,5578097.5,  1,  22.2,   1.0, 0.100
2025-10-22 12:15:09,        0,  29.8,   2.3,  25.8,  0.602, -0.008,  0.000,5578089.1,  1,  22.2,   1.0, 0.100
2025-10-22 12:15:09,        0,  29.8,   2.5,  25.8,  0.595, -0.008,  0.000,5578081.5,  1,  22.2,   1.0, 0.100
2025-10-22 12:15:10,        0,  29.8,   2.3,  25.8,  0.588, -0.008,  0.000,5578074.4,  1,  22.2,   1.0, 0.100
2025-10-22 12:15:12,        0,  29.8,   2.3,  25.8,  0.579, -0.008,  0.000,5578066.0,  1,  22.2,   1.0, 0.100
2025-10-22 12:15:13,        0,  29.8,   2.5,  25.8,  0.573, -0.007,  0.000,5578058.1,  1,  22.2,   1.0, 0.100
2025-10-22 12:15:13,        0,  29.8,   2.3,  25.8,  0.565, -0.008,  0.000,5578050.5,  1,  22.2,   1.0, 0.100
2025-10-22 12:15:15,        0,  29.8,   2.3,  25.8,  0.556, -0.008,  0.000,5578041.7,  1,  22.2,   1.0, 0.100
2025-10-22 12:15:16,        0,  29.8,   2.3,  25.8,  0.551, -0.007,  0.000,5578035.0,  1,  22.2,   1.0, 0.100
2025-10-22 12:15:17,        0,  29.8,   2.3,  25.8,  0.545, -0.007,  0.000,5578027.1,  1,  22.2,   1.0, 0.100
2025-10-22 12:15:17,        0,  29.7,   2.1,  25.8,  0.540, -0.007,  0.000,5578021.2,  1,  22.2,   1.0, 0.100
2025-10-22 12:15:18,        0,  29.8,   2.5,  25.8,  0.532, -0.008,  0.000,5578012.8,  1,  22.2,   1.0, 0.100
2025-10-22 12:15:20,        0,  29.7,   2.1,  25.8,  0.525, -0.007,  0.000,5578004.8,  1,  22.2,   1.0, 0.100
2025-10-22 12:15:21,        0,  29.8,   2.5,  25.8,  0.519, -0.007,  0.000,5577998.1,  1,  22.2,   1.0, 0.100
2025-10-22 12:15:21,        0,  29.8,   2.3,  25.8,  0.515, -0.007,  0.000,5577991.9,  1,  22.2,   1.0, 0.100
2025-10-22 12:15:22,        0,  29.8,   2.3,  25.8,  0.509, -0.007,  0.000,5577985.6,  1,  22.2,   1.0, 0.100
2025-10-22 12:15:24,        0,  29.8,   2.3,  25.8,  0.502, -0.007,  0.000,5577977.6,  1,  22.2,   1.0, 0.100
2025-10-22 12:15:25,        0,  29.8,   2.5,  25.8,  0.495, -0.007,  0.000,5577971.3,  1,  22.2,   1.0, 0.100
2025-10-22 12:15:25,        0,  29.8,   2.3,  25.8,  0.491, -0.006,  0.000,5577964.6,  1,  22.2,   1.0, 0.100
2025-10-22 12:15:26,        0,  29.8,   2.5,  25.8,  0.486, -0.007,  0.000,5577957.9,  1,  22.2,   1.0, 0.100
2025-10-22 12:15:28,        0,  29.8,   2.5,  25.8,  0.479, -0.007,  0.000,5577949.9,  1,  22.2,   1.0, 0.100
2025-10-22 12:15:29,        0,  29.8,   2.5,  25.8,  0.475, -0.007,  0.000,5577944.1,  1,  22.2,   0.9, 0.100
2025-10-22 12:15:29,        0,  29.8,   2.5,  25.8,  0.469, -0.007,  0.000,5577938.2,  1,  22.2,   0.9, 0.100
2025-10-22 12:15:30,        0,  29.8,   2.5,  25.8,  0.465, -0.006,  0.000,5577931.9,  1,  22.2,   1.0, 0.100
2025-10-22 12:15:32,        0,  29.8,   2.5,  25.8,  0.460, -0.006,  0.000,5577924.4,  1,  22.2,   0.9, 0.100
2025-10-22 12:15:33,        0,  29.8,   2.5,  25.8,  0.455, -0.007,  0.000,5577918.1,  1,  22.2,   1.0, 0.100
2025-10-22 12:15:34,        0,  29.8,   2.3,  25.8,  0.452, -0.007,  0.000,5577912.2,  1,  22.2,   1.0, 0.100
2025-10-22 12:15:34,        0,  29.8,   2.3,  25.8,  0.446, -0.006,  0.000,5577906.8,  1,  22.2,   1.0, 0.100
2025-10-22 12:15:35,        0,  29.8,   2.5,  25.8,  0.442, -0.006,  0.000,5577900.9,  1,  22.2,   1.0, 0.100
2025-10-22 12:15:37,        0,  29.8,   2.3,  25.8,  0.436, -0.006,  0.000,5577894.2,  1,  22.2,   1.0, 0.100
2025-10-22 12:15:38,        0,  29.8,   2.5,  25.8,  0.432, -0.006,  0.000,5577888.3,  1,  22.2,   1.0, 0.100
2025-10-22 12:15:38,        0,  29.8,   2.5,  25.8,  0.429, -0.006,  0.000,5577881.6,  1,  22.2,   1.0, 0.100
2025-10-22 12:15:39,        0,  29.8,   2.5,  25.8,  0.427, -0.006,  0.000,5577876.2,  1,  22.2,   1.0, 0.100
2025-10-22 12:15:41,        0,  29.8,   2.5,  25.8,  0.423, -0.006,  0.000,5577869.5,  1,  22.2,   0.9, 0.100
2025-10-22 12:15:42,        0,  29.8,   2.5,  25.8,  0.420, -0.006,  0.000,5577864.0,  1,  22.2,   1.0, 0.100
2025-10-22 12:15:43,        0,  29.8,   2.5,  25.8,  0.415, -0.006,  0.000,5577858.6,  1,  22.2,   0.9, 0.100
2025-10-22 12:15:43,        0,  29.8,   2.5,  25.8,  0.410, -0.006,  0.000,5577852.7,  1,  22.2,   0.9, 0.100
2025-10-22 12:15:44,        0,  29.8,   2.5,  25.8,  0.406, -0.005,  0.000,5577847.7,  1,  22.2,   0.9, 0.100
2025-10-22 12:15:46,        0,  29.8,   2.5,  25.8,  0.402, -0.005,  0.000,5577841.4,  1,  22.2,   0.9, 0.100
2025-10-22 12:15:47,        0,  29.8,   2.5,  25.8,  0.399, -0.005,  0.000,5577835.5,  1,  22.2,   0.9, 0.100
2025-10-22 12:15:47,        0,  29.8,   2.3,  25.8,  0.395, -0.005,  0.000,5577830.5,  1,  22.2,   0.9, 0.100
2025-10-22 12:15:48,        0,  29.8,   2.5,  25.8,  0.390, -0.005,  0.000,5577825.5,  1,  22.2,   0.9, 0.100
2025-10-22 12:15:50,        0,  29.8,   2.5,  25.8,  0.387, -0.005,  0.000,5577820.0,  1,  22.2,   0.9, 0.100
2025-10-22 12:15:51,        0,  29.8,   2.5,  25.8,  0.382, -0.005,  0.000,5577814.6,  1,  22.2,   0.9, 0.100
2025-10-22 12:15:51,        0,  29.8,   2.5,  25.8,  0.379, -0.005,  0.000,5577809.1,  1,  22.2,   0.9, 0.100
2025-10-22 12:15:52,        0,  29.8,   2.5,  25.8,  0.375, -0.005,  0.000,5577804.5,  1,  22.2,   0.9, 0.100
2025-10-22 12:15:54,        0,  29.8,   2.3,  25.8,  0.370, -0.005,  0.000,5577798.7,  1,  22.2,   0.9, 0.100
2025-10-22 12:15:55,        0,  29.8,   2.5,  25.8,  0.367, -0.005,  0.000,5577794.5,  1,  22.2,   0.9, 0.100
2025-10-22 12:15:56,        0,  29.8,   2.5,  25.8,  0.362, -0.005,  0.000,5577789.9,  1,  22.2,   0.9, 0.100
2025-10-22 12:15:56,        0,  29.8,   2.3,  25.8,  0.359, -0.005,  0.000,5577785.7,  1,  22.2,   0.8, 0.100
2025-10-22 12:15:57,        0,  29.8,   2.5,  25.8,  0.356, -0.005,  0.000,5577780.6,  1,  22.2,   0.8, 0.100
2025-10-22 12:15:59,        0,  29.8,   2.5,  25.8,  0.352, -0.005,  0.000,5577775.2,  1,  22.2,   0.8, 0.100
2025-10-22 12:16:00,        0,  29.8,   2.5,  25.8,  0.348, -0.005,  0.000,5577770.2,  1,  22.2,   0.8, 0.100
2025-10-22 12:16:00,        0,  29.8,   2.5,  25.8,  0.344, -0.005,  0.000,5577766.0,  1,  22.2,   0.8, 0.100
2025-10-22 12:16:01,        0,  29.8,   2.5,  25.8,  0.342, -0.005,  0.000,5577761.4,  1,  22.2,   0.8, 0.100
2025-10-22 12:16:03,        0,  29.8,   2.5,  25.8,  0.337, -0.005,  0.000,5577755.9,  1,  22.2,   0.8, 0.100
2025-10-22 12:16:04,        0,  29.9,   2.6,  25.8,  0.335, -0.005,  0.000,5577752.1,  1,  22.2,   0.8, 0.100
2025-10-22 12:16:04,        0,  29.8,   2.5,  25.8,  0.332, -0.005,  0.000,5577747.5,  1,  22.2,   0.8, 0.100
