Time, Cnts,  %T, set_Cell[mA], Cell[°C], Cell[Volt], Cell[mA], Cell[W], Cell[uAs], Cell_ON, Env[°C], TEC[°C], N2Flow[slpm]
2025-11-10 10:30:33,        0,  29.7,   2.0,  24.6,  0.134, -0.002,  0.000,     -1.7,  1,  22.1,   1.0, 0.100
2025-11-10 10:30:34,        0,  29.7,   2.0,  24.7,  0.134, -0.002,  0.000,     -4.0,  1,  22.0,   0.8, 0.100
2025-11-10 10:30:35,        0,  29.7,   2.2,  24.7,  0.134, -0.001,  0.000,     -5.4,  1,  22.1,   0.9, 0.100
2025-11-10 10:30:36,        0,  29.7,   2.0,  24.7,  0.134, -0.002,  0.000,     -6.9,  1,  22.0,   0.9, 0.100
2025-11-10 10:30:37,        0,  29.7,   2.0,  24.7,  0.135, -0.002,  0.000,     -8.9,  1,  22.1,   0.9, 0.101
2025-11-10 10:30:38,        0,  29.7,   2.0,  24.7,  0.134, -0.002,  0.000,    -11.2,  1,  22.1,   0.9, 0.100
2025-11-10 10:30:39,        0,  29.7,   2.0,  24.7,  0.135, -0.002,  0.000,    -12.9,  1,  22.1,   0.9, 0.100
2025-11-10 10:30:40,        0,  29.7,   2.0,  24.6,  0.134, -0.002,  0.000,    -14.9,  1,  22.1,   0.9, 0.101
2025-11-10 10:30:41,        0,  29.7,   2.0,  24.7,  0.134, -0.001,  0.000,    -16.3,  1,  22.0,   0.9, 0.100
2025-11-10 10:30:42,        0,  29.7,   2.2,  24.7,  0.134, -0.002,  0.000,    -18.6,  1,  22.1,   0.9, 0.100
2025-11-10 10:30:43,        0,  29.7,   2.0,  24.7,  0.134, -0.002,  0.000,    -20.3,  1,  22.1,   0.9, 0.100
2025-11-10 10:30:44,        0,  29.7,   2.0,  24.7,  0.134, -0.002,  0.000,    -22.6,  1,  22.1,   0.9, 0.100
2025-11-10 10:30:45,        0,  29.7,   2.2,  24.7,  0.134, -0.002,  0.000,    -24.3,  1,  22.0,   0.9, 0.100
2025-11-10 10:30:46,        0,  29.7,   2.0,  24.7,  0.134, -0.002,  0.000,    -26.3,  1,  22.0,   0.9, 0.100
2025-11-10 10:30:47,        0,  29.7,   2.2,  24.7,  0.134, -0.002,  0.000,    -28.3,  1,  22.0,   0.9, 0.100
2025-11-10 10:30:48,        0,  29.7,   2.2,  24.7,  0.134, -0.002,  0.000,    -30.0,  1,  22.0,   0.9, 0.100
2025-11-10 10:30:49,        0,  29.7,   2.2,  24.7,  0.134, -0.002,  0.000,    -31.8,  1,  22.1,   0.9, 0.100
2025-11-10 10:30:50,        0,  29.7,   2.0,  24.7,  0.134, -0.002,  0.000,    -33.5,  1,  22.1,   0.9, 0.100
2025-11-10 10:30:51,        0,  29.7,   2.2,  24.7,  0.134, -0.002,  0.000,    -35.5,  1,  22.0,   0.9, 0.100
2025-11-10 10:30:52,        0,  29.7,   2.2,  24.7,  0.134, -0.002,  0.000,    -37.5,  1,  22.0,   0.9, 0.100
2025-11-10 10:30:53,        0,  29.7,   2.2,  24.7,  0.134, -0.002,  0.000,    -39.2,  1,  22.1,   0.9, 0.100
2025-11-10 10:30:54,        0,  29.7,   2.0,  24.6,  0.134, -0.002,  0.000,    -41.2,  1,  22.1,   1.0, 0.100
2025-11-10 10:30:55,        0,  29.7,   2.2,  24.7,  0.134, -0.002,  0.000,    -43.5,  1,  22.0,   0.9, 0.100
2025-11-10 10:30:56,        0,  29.7,   2.0,  24.6,  0.134, -0.002,  0.000,    -45.2,  1,  22.0,   0.9, 0.100
2025-11-10 10:30:57,        0,  29.8,   2.4,  24.6,  0.134, -0.002,  0.000,    -46.9,  1,  22.0,   0.9, 0.100
2025-11-10 10:30:58,        0,  29.8,   2.5,  24.6,  0.134, -0.002,  0.000,    -48.4,  1,  22.0,   0.9, 0.091
2025-11-10 10:30:59,        0,  29.9,   2.7,  24.6,  0.260,  0.105,  0.001,   1024.2,  1,  22.0,   0.9, 0.098
2025-11-10 10:31:00,        0,  30.2,   3.5,  24.6,  6.510,  4.433,  0.029,   5389.0,  1,  21.9,   0.9, 0.099
2025-11-10 10:31:01,        0,  30.1,   3.4,  24.6,  6.413,  4.352,  0.028,   9699.4,  1,  22.0,   0.9, 0.099
2025-11-10 10:31:02,        0,  29.9,   2.8,  24.6,  3.089,  1.432,  0.005,  12217.7,  1,  22.0,   0.9, 0.099
2025-11-10 10:31:03,        0,  30.1,   3.2,  24.6,  8.381,  6.126,  0.051,  18426.7,  1,  22.0,   0.9, 0.099
2025-11-10 10:31:04,        0,  29.6,   1.8,  24.6,  7.923,  5.712,  0.046,  23444.7,  1,  21.9,   0.9, 0.099
2025-11-10 10:31:05,        0,  30.1,   3.4,  24.6,  6.242,  4.219,  0.031,  27439.5,  1,  22.0,   0.9, 0.099
2025-11-10 10:31:06,        0,  30.6,   4.7,  24.6,  7.805,  5.615,  0.048,  32078.4,  1,  22.0,   0.9, 0.099
2025-11-10 10:31:07,        0,  31.2,   6.5,  24.6, 11.007,  8.509,  0.094,  41086.6,  1,  22.0,   0.9, 0.100
2025-11-10 10:31:08,        0,  31.3,   6.9,  24.6,  8.189,  5.961,  0.050,  47468.4,  1,  22.0,   0.9, 0.100
2025-11-10 10:31:09,        0,  31.0,   5.9,  24.6, 13.194, 10.502,  0.141,  56530.7,  1,  21.9,   0.9, 0.100
2025-11-10 10:31:10,        0,  31.0,   6.0,  24.6,  9.662,  7.293,  0.071,  64755.5,  1,  22.0,   0.9, 0.100
2025-11-10 10:31:11,        0,  32.7,  11.2,  24.6, 10.549,  8.103,  0.086,  72562.4,  1,  22.0,   0.9, 0.100
2025-11-10 10:31:12,        0,  30.1,   3.4,  24.6, 15.089, 12.243,  0.186,  82831.2,  1,  22.0,   0.9, 0.100
2025-11-10 10:31:13,        0,  30.2,   3.5,  24.7, 10.738,  8.278,  0.090,  89155.5,  1,  22.0,   0.9, 0.103
2025-11-10 10:31:14,        0,  32.5,  10.6,  24.6, 15.456, 12.580,  0.194, 100117.5,  1,  22.0,   0.9, 0.104
2025-11-10 10:31:15,        0,  32.6,  10.7,  24.6, 13.937, 11.205,  0.157, 111157.3,  1,  21.9,   0.9, 0.103
2025-11-10 10:31:16,        0,  32.3,   9.9,  24.6, 14.138, 11.393,  0.161, 122565.4,  1,  21.9,   0.9, 0.103
2025-11-10 10:31:17,        0,  31.6,   7.9,  24.6, 14.843, 12.042,  0.179, 134270.7,  1,  21.9,   0.9, 0.101
2025-11-10 10:31:18,        0,  32.2,   9.7,  24.6, 13.518, 10.834,  0.147, 146520.1,  1,  21.9,   0.9, 0.100
2025-11-10 10:31:19,        0,  30.8,   5.4,  24.6, 15.925, 13.040,  0.209, 157916.2,  1,  21.9,   0.9, 0.100
2025-11-10 10:31:20,        0,  31.8,   8.4,  24.6, 10.317,  7.913,  0.085, 164784.1,  1,  21.9,   0.9, 0.100
2025-11-10 10:31:21,        0,  31.5,   7.4,  24.6, 10.584,  8.156,  0.088, 173891.0,  1,  21.9,   0.9, 0.100
2025-11-10 10:31:22,        0,  30.8,   5.4,  24.6,  9.461,  7.130,  0.067, 183061.1,  1,  21.9,   0.9, 0.100
2025-11-10 10:31:23,        0,  31.6,   7.7,  24.6, 10.863,  8.404,  0.092, 190898.3,  1,  21.9,   0.9, 0.100
2025-11-10 10:31:24,        0,  30.6,   4.7,  24.6, 12.581,  9.975,  0.126, 198964.7,  1,  21.9,   0.9, 0.100
2025-11-10 10:31:25,        0,  31.3,   7.0,  24.6,  9.112,  6.815,  0.064, 205702.1,  1,  21.9,   0.9, 0.100
2025-11-10 10:31:26,        0,  30.9,   5.7,  24.6, 10.243,  7.839,  0.080, 214611.3,  1,  21.9,   1.0, 0.100
2025-11-10 10:31:27,        0,  31.2,   6.5,  24.6, 11.995,  9.433,  0.113, 222904.3,  1,  21.9,   0.9, 0.100
2025-11-10 10:31:28,        0,  32.0,   9.1,  24.6, 10.764,  8.314,  0.089, 230905.2,  1,  21.9,   0.9, 0.100
2025-11-10 10:31:29,        0,  30.7,   5.2,  24.6, 12.552,  9.945,  0.126, 239114.9,  1,  21.9,   0.9, 0.100
2025-11-10 10:31:30,        0,  31.1,   6.4,  24.6, 12.585,  9.973,  0.126, 249309.3,  1,  21.9,   0.9, 0.100
2025-11-10 10:31:31,        0,  31.5,   7.5,  24.6, 12.797, 10.168,  0.130, 258282.3,  1,  21.9,   0.9, 0.100
2025-11-10 10:31:32,        0,  31.0,   6.0,  24.6, 10.007,  7.628,  0.078, 265907.8,  1,  21.9,   1.0, 0.100
2025-11-10 10:31:33,        0,  30.6,   4.7,  24.6,  8.191,  5.970,  0.049, 272689.8,  1,  21.9,   0.9, 0.100
2025-11-10 10:31:34,        0,  31.4,   7.2,  24.6, 11.151,  8.668,  0.097, 281794.2,  1,  21.9,   0.9, 0.100
2025-11-10 10:31:35,        0,  31.4,   7.2,  24.6,  8.799,  6.527,  0.060, 288280.7,  1,  21.9,   0.9, 0.100
2025-11-10 10:31:36,        0,  31.3,   7.0,  24.6,  9.226,  6.910,  0.066, 295573.4,  1,  21.9,   0.9, 0.100
2025-11-10 10:31:37,        0,  31.1,   6.4,  24.6, 12.059,  9.491,  0.115, 304217.7,  1,  21.9,   1.0, 0.100
2025-11-10 10:31:38,        0,  29.5,   1.5,  24.6, 10.829,  8.373,  0.091, 312889.5,  1,  21.9,   0.9, 0.100
2025-11-10 10:31:39,        0,  30.8,   5.5,  24.7, 10.012,  7.629,  0.077, 318109.7,  1,  21.9,   0.9, 0.100
2025-11-10 10:31:40,        0,  30.6,   4.7,  24.6,  8.412,  6.174,  0.054, 322848.1,  1,  21.9,   1.0, 0.100
2025-11-10 10:31:41,        0,  31.2,   6.5,  24.6,  9.036,  6.736,  0.062, 329123.8,  1,  21.9,   0.9, 0.100
2025-11-10 10:31:42,        0,  31.3,   7.0,  24.6,  9.589,  7.239,  0.069, 337953.2,  1,  21.9,   0.9, 0.100
2025-11-10 10:31:43,        0,  30.5,   4.4,  24.6, 10.730,  8.274,  0.089, 345741.7,  1,  21.9,   1.0, 0.100
2025-11-10 10:31:44,        0,  28.6,   0.0,  24.6,  8.632,  6.370,  0.056, 351700.1,  1,  21.9,   0.9, 0.100
2025-11-10 10:31:45,        0,  30.8,   5.4,  24.6,  6.058,  4.064,  0.030, 356534.7,  1,  21.9,   0.9, 0.100
2025-11-10 10:31:46,        0,  30.3,   4.0,  24.6,  8.048,  5.836,  0.047, 364124.1,  1,  21.9,   0.9, 0.100
2025-11-10 10:31:47,        0,  31.0,   6.0,  24.6,  8.123,  5.907,  0.048, 369276.8,  1,  21.9,   0.9, 0.100
2025-11-10 10:31:48,        0,  31.1,   6.2,  24.6,  8.132,  5.917,  0.049, 375744.7,  1,  21.9,   0.9, 0.100
2025-11-10 10:31:49,        0,  30.3,   4.0,  24.6,  9.810,  7.435,  0.073, 382572.8,  1,  21.9,   0.9, 0.100
2025-11-10 10:31:50,        0,  30.1,   3.2,  24.6,  8.203,  5.988,  0.054, 388853.4,  1,  21.9,   0.9, 0.100
2025-11-10 10:31:51,        0,  30.8,   5.4,  24.6,  8.508,  6.255,  0.055, 394471.6,  1,  21.9,   1.0, 0.100
2025-11-10 10:31:52,        0,  30.7,   5.0,  24.6,  7.771,  4.622,  0.031, 399598.5,  1,  21.9,   0.9, 0.100
2025-11-10 10:31:53,        0,  30.5,   4.5,  24.6,  9.298,  6.971,  0.065, 406089.9,  1,  21.9,   1.0, 0.100
2025-11-10 10:31:54,        0,  30.9,   5.7,  24.6,  8.020,  5.812,  0.047, 411585.4,  1,  21.9,   0.9, 0.100
2025-11-10 10:31:55,        0,  30.3,   4.0,  24.6,  7.623,  5.456,  0.045, 418692.4,  1,  21.9,   1.0, 0.100
2025-11-10 10:31:56,        0,  30.7,   5.2,  24.6,  8.840,  6.557,  0.058, 424813.3,  1,  21.9,   1.0, 0.100
2025-11-10 10:31:57,        0,  30.7,   5.0,  24.6, 10.458,  8.028,  0.084, 431664.0,  1,  21.9,   1.0, 0.100
2025-11-10 10:31:58,        0,  31.2,   6.5,  24.6, 10.405,  7.978,  0.084, 438881.8,  1,  21.9,   1.0, 0.100
2025-11-10 10:31:59,        0,  30.6,   4.7,  24.6,  7.695,  5.522,  0.044, 447413.9,  1,  21.9,   1.0, 0.100
2025-11-10 10:32:00,        0,  29.9,   2.8,  24.6,  7.035,  4.937,  0.040, 451888.3,  1,  21.9,   1.0, 0.100
2025-11-10 10:32:01,        0,  31.2,   6.7,  24.6, 10.518,  8.083,  0.089, 458733.0,  1,  21.9,   1.0, 0.100
2025-11-10 10:32:02,        0,  31.0,   6.0,  24.6, 10.490,  8.058,  0.085, 466684.9,  1,  21.9,   1.0, 0.100
2025-11-10 10:32:03,        0,  31.3,   7.0,  24.6, 10.338,  7.924,  0.082, 475697.4,  1,  21.9,   1.0, 0.100
2025-11-10 10:32:04,        0,  31.5,   7.4,  24.6, 10.314,  7.905,  0.083, 484009.5,  1,  21.9,   1.0, 0.100
2025-11-10 10:32:05,        0,  30.7,   5.2,  24.6,  7.244,  5.119,  0.041, 491068.6,  1,  21.9,   1.0, 0.100
2025-11-10 10:32:06,        0,  29.9,   2.8,  24.6, 10.620,  8.180,  0.088, 498933.5,  1,  21.9,   1.0, 0.100
2025-11-10 10:32:07,        0,  30.8,   5.4,  24.6, 12.748, 10.122,  0.130, 508851.0,  1,  21.9,   1.0, 0.100
2025-11-10 10:32:08,        0,  31.4,   7.2,  24.6,  9.527,  7.180,  0.069, 517227.8,  1,  21.9,   1.0, 0.100
2025-11-10 10:32:09,        0,  31.7,   8.0,  24.6, 13.713, 11.007,  0.152, 526993.9,  1,  21.9,   1.0, 0.100
2025-11-10 10:32:10,        0,  31.3,   6.9,  24.6, 12.348,  9.763,  0.121, 536319.4,  1,  21.9,   1.0, 0.100
2025-11-10 10:32:11,        0,  32.9,  11.7,  24.6, 13.667, 10.965,  0.152, 546236.0,  1,  21.9,   1.0, 0.100
2025-11-10 10:32:12,        0,  32.3,   9.9,  24.6, 14.089, 11.365,  0.163, 560406.9,  1,  21.9,   1.0, 0.100
2025-11-10 10:32:13,        0,  32.9,  11.6,  24.7, 13.735, 11.046,  0.155, 571620.4,  1,  21.9,   1.0, 0.100
2025-11-10 10:32:14,        0,  32.3,   9.9,  24.6, 10.473,  8.066,  0.086, 581123.6,  1,  21.9,   1.0, 0.100
2025-11-10 10:32:15,        0,  32.3,   9.9,  24.6, 16.639, 13.711,  0.228, 593384.7,  1,  21.9,   1.0, 0.100
2025-11-10 10:32:16,        0,  32.9,  11.7,  24.6, 14.121, 11.402,  0.165, 607393.7,  1,  21.9,   1.0, 0.100
2025-11-10 10:32:17,        0,  32.6,  10.7,  24.6, 17.998, 14.973,  0.270, 621872.8,  1,  21.9,   1.0, 0.100
2025-11-10 10:32:18,        0,  32.4,  10.1,  24.6, 16.812, 13.895,  0.234, 634396.1,  1,  21.9,   1.0, 0.100
2025-11-10 10:32:19,        0,  31.5,   7.5,  24.6, 16.700, 13.803,  0.232, 647087.8,  1,  21.9,   1.0, 0.100
2025-11-10 10:32:20,        0,  32.1,   9.2,  24.6, 19.521, 16.405,  0.321, 663263.0,  1,  21.9,   1.0, 0.100
2025-11-10 10:32:21,        0,  33.3,  12.9,  24.6, 18.421, 15.394,  0.284, 676969.3,  1,  21.9,   1.0, 0.100
2025-11-10 10:32:22,        0,  33.1,  12.2,  24.6, 19.649, 16.542,  0.326, 692373.9,  1,  21.9,   0.9, 0.100
2025-11-10 10:32:23,        0,  32.6,  10.9,  24.6, 17.108, 14.205,  0.248, 706878.4,  1,  21.9,   0.9, 0.100
2025-11-10 10:32:24,        0,  35.2,  18.7,  24.6, 21.312, 18.097,  0.389, 722967.9,  1,  21.9,   0.9, 0.100
2025-11-10 10:32:25,        0,  34.1,  15.3,  24.6, 17.955, 15.004,  0.279, 741321.4,  1,  21.9,   0.9, 0.100
2025-11-10 10:32:26,        0,  33.7,  14.1,  24.6, 19.970, 16.893,  0.345, 757845.5,  1,  21.9,   0.9, 0.100
2025-11-10 10:32:27,        0,  33.2,  12.6,  24.6, 22.722, 19.444,  0.444, 775167.6,  1,  21.9,   0.9, 0.100
2025-11-10 10:32:28,        0,  34.8,  17.3,  24.6, 14.397, 11.742,  0.170, 788716.2,  1,  21.9,   0.9, 0.100
2025-11-10 10:32:29,        0,  34.0,  14.9,  24.6, 23.870, 20.551,  0.491, 811324.1,  1,  21.9,   0.9, 0.100
2025-11-10 10:32:30,        0,  34.8,  17.4,  24.6, 21.568, 18.422,  0.398, 828304.8,  1,  21.9,   0.9, 0.100
2025-11-10 10:32:31,        0,  32.7,  11.2,  24.6, 26.182, 22.737,  0.598, 848881.0,  1,  21.9,   0.9, 0.100
2025-11-10 10:32:32,        0,  36.6,  22.8,  24.6, 22.880, 19.674,  0.463, 867233.9,  1,  21.9,   0.9, 0.100
2025-11-10 10:32:33,        0,  32.7,  11.1,  24.6, 20.078, 17.092,  0.345, 889564.8,  1,  21.9,   0.9, 0.100
2025-11-10 10:32:34,        0,  35.7,  20.1,  24.6, 21.999, 18.872,  0.422, 905804.7,  1,  21.9,   0.9, 0.100
2025-11-10 10:32:35,        0,  36.9,  23.6,  24.6, 20.241, 17.256,  0.355, 924918.4,  1,  21.9,   0.9, 0.100
2025-11-10 10:32:36,        0,  34.9,  17.6,  24.6, 25.244, 21.944,  0.555, 946112.2,  1,  21.9,   1.0, 0.100
2025-11-10 10:32:37,        0,  36.8,  23.5,  24.6, 25.990, 22.665,  0.592, 968068.6,  1,  21.9,   1.0, 0.100
2025-11-10 10:32:38,        0,  34.5,  16.4,  24.6, 21.378, 18.380,  0.399, 992589.6,  1,  21.9,   0.9, 0.100
2025-11-10 10:32:39,        0,  34.5,  16.4,  24.6, 26.343, 23.052,  0.608,1012821.3,  1,  22.0,   1.0, 0.100
2025-11-10 10:32:40,        0,  37.3,  24.8,  24.6, 27.093, 23.755,  0.645,1034388.6,  1,  21.9,   1.0, 0.100
2025-11-10 10:32:41,        0,  32.7,  11.2,  24.7, 26.697, 23.440,  0.627,1056678.2,  1,  21.9,   1.0, 0.100
2025-11-10 10:32:42,        0,  35.6,  19.9,  24.7, 24.323, 21.189,  0.520,1078811.2,  1,  21.9,   1.0, 0.100
2025-11-10 10:32:43,        0,  35.9,  20.8,  24.7, 27.563, 24.264,  0.670,1101137.4,  1,  21.9,   1.0, 0.100
2025-11-10 10:32:44,        0,  37.3,  25.0,  24.6, 24.099, 21.004,  0.509,1121472.8,  1,  21.9,   1.0, 0.100
2025-11-10 10:32:45,        0,  36.0,  21.1,  24.6, 28.712, 25.410,  0.738,1145945.5,  1,  21.9,   0.9, 0.100
2025-11-10 10:32:46,        0,  34.8,  17.3,  24.6, 25.295, 22.182,  0.572,1172265.5,  1,  21.9,   0.9, 0.100
2025-11-10 10:32:47,        0,  36.3,  22.0,  24.7, 18.050, 15.332,  0.278,1189799.9,  1,  21.9,   0.9, 0.100
2025-11-10 10:32:48,        0,  36.7,  23.0,  24.7, 29.757, 26.413,  0.787,1213537.2,  1,  21.9,   1.0, 0.100
2025-11-10 10:32:49,        0,  35.4,  19.3,  24.6, 25.817, 22.698,  0.587,1236413.1,  1,  21.9,   0.9, 0.100
2025-11-10 10:32:50,        0,  33.9,  14.8,  24.6, 27.374, 24.217,  0.667,1264342.8,  1,  21.9,   0.9, 0.100
2025-11-10 10:32:51,        0,  36.5,  22.6,  24.6, 27.399, 24.237,  0.677,1285075.2,  1,  21.9,   0.9, 0.100
2025-11-10 10:32:52,        0,  36.2,  21.5,  24.7, 32.193, 28.834,  0.928,1311480.5,  1,  21.9,   0.9, 0.100
2025-11-10 10:32:53,        0,  37.4,  25.3,  24.7, 24.262, 21.304,  0.521,1333255.7,  1,  21.9,   0.9, 0.100
2025-11-10 10:32:54,        0,  33.1,  12.4,  24.7, 27.684, 24.605,  0.683,1362575.4,  1,  21.9,   1.0, 0.100
2025-11-10 10:32:55,        0,  36.5,  22.6,  24.7, 27.316, 24.199,  0.666,1380981.4,  1,  21.9,   0.9, 0.100
2025-11-10 10:32:56,        0,  35.0,  18.1,  24.7, 28.535, 25.389,  0.725,1404913.6,  1,  21.9,   0.9, 0.100
2025-11-10 10:32:57,        0,  34.4,  16.3,  24.7, 25.030, 22.038,  0.552,1423915.4,  1,  21.9,   0.9, 0.100
2025-11-10 10:32:58,        0,  37.9,  26.7,  24.7, 22.894, 19.985,  0.466,1448824.4,  1,  21.9,   0.9, 0.100
2025-11-10 10:32:59,        0,  37.0,  24.1,  24.7, 29.461, 26.254,  0.782,1474069.5,  1,  21.9,   0.9, 0.100
2025-11-10 10:33:00,        0,  36.7,  23.1,  24.7, 29.891, 26.720,  0.802,1499137.7,  1,  21.9,   0.9, 0.100
2025-11-10 10:33:01,        0,  35.2,  18.6,  24.7, 27.519, 24.482,  0.675,1523032.1,  1,  21.9,   0.9, 0.100
2025-11-10 10:33:02,        0,  35.9,  20.8,  24.7, 26.829, 23.794,  0.640,1545666.5,  1,  21.9,   0.9, 0.100
2025-11-10 10:33:03,        0,  35.8,  20.5,  24.7, 31.079, 27.880,  0.867,1576592.8,  1,  21.9,   0.9, 0.100
2025-11-10 10:33:04,        0,  33.0,  12.1,  24.7, 26.177, 23.200,  0.607,1597888.0,  1,  21.9,   0.9, 0.100
2025-11-10 10:33:05,        0,  36.1,  21.3,  24.7, 27.401, 24.329,  0.667,1616644.9,  1,  22.0,   0.9, 0.100
2025-11-10 10:33:06,        0,  36.9,  23.8,  24.7, 29.665, 26.505,  0.788,1641960.7,  1,  21.9,   0.9, 0.100
2025-11-10 10:33:07,        0,  35.9,  20.8,  24.7, 31.997, 28.811,  0.926,1674138.2,  1,  21.9,   0.9, 0.100
2025-11-10 10:33:08,        0,  34.9,  17.8,  24.7, 24.747, 21.848,  0.542,1695561.3,  1,  21.9,   0.9, 0.100
2025-11-10 10:33:09,        0,  36.0,  21.0,  24.7, 25.992, 23.034,  0.600,1718226.0,  1,  21.9,   0.9, 0.100
2025-11-10 10:33:10,        0,  37.9,  26.8,  24.7, 24.002, 21.123,  0.545,1739367.6,  1,  21.9,   0.9, 0.100
2025-11-10 10:33:11,        0,  32.5,  10.6,  24.7, 27.674, 24.678,  0.684,1767445.0,  1,  21.9,   0.8, 0.100
2025-11-10 10:33:12,        0,  36.5,  22.6,  24.7, 28.345, 25.263,  0.723,1788072.6,  1,  21.9,   0.9, 0.100
2025-11-10 10:33:13,        0,  33.5,  13.6,  24.7, 27.397, 24.384,  0.687,1810547.5,  1,  21.9,   0.8, 0.100
2025-11-10 10:33:14,        0,  37.0,  24.1,  24.7, 24.766, 21.830,  0.553,1832522.5,  1,  21.9,   0.8, 0.100
2025-11-10 10:33:15,        0,  34.9,  17.6,  24.7, 30.209, 27.097,  0.820,1862467.5,  1,  21.9,   0.8, 0.100
2025-11-10 10:33:16,        0,  36.8,  23.3,  24.7, 26.096, 23.144,  0.609,1886246.3,  1,  21.9,   0.8, 0.100
2025-11-10 10:33:17,        0,  35.8,  20.5,  24.7, 14.678, 12.242,  0.183,1902705.2,  1,  21.9,   0.8, 0.100
2025-11-10 10:33:18,        0,  37.5,  25.6,  24.7, 22.500, 19.659,  0.463,1923485.2,  1,  21.9,   0.8, 0.100
2025-11-10 10:33:19,        0,  36.1,  21.3,  24.7, 28.577, 25.496,  0.735,1946895.9,  1,  21.9,   0.8, 0.100
2025-11-10 10:33:20,        0,  36.1,  21.3,  24.7, 28.415, 25.354,  0.727,1976012.9,  1,  21.9,   0.8, 0.100
2025-11-10 10:33:21,        0,  35.3,  18.8,  24.7, 29.203, 26.123,  0.764,1999157.5,  1,  21.9,   0.8, 0.100
2025-11-10 10:33:22,        0,  36.2,  21.5,  24.7, 24.257, 21.362,  0.526,2019512.5,  1,  21.9,   0.8, 0.100
2025-11-10 10:33:23,        0,  35.7,  20.1,  24.7, 29.366, 26.264,  0.772,2043433.8,  1,  21.9,   0.8, 0.100
2025-11-10 10:33:24,        0,  33.9,  14.6,  24.7, 26.094, 23.142,  0.616,2070158.0,  1,  21.9,   0.8, 0.100
2025-11-10 10:33:25,        0,  35.4,  19.1,  24.7, 20.311, 17.587,  0.358,2087569.6,  1,  21.9,   0.8, 0.100
2025-11-10 10:33:26,        0,  34.1,  15.3,  24.7, 27.528, 24.483,  0.678,2110088.8,  1,  21.9,   0.8, 0.100
2025-11-10 10:33:27,        0,  36.0,  21.1,  24.7, 28.348, 25.255,  0.716,2132008.9,  1,  21.9,   0.8, 0.100
2025-11-10 10:33:28,        0,  33.1,  12.2,  24.7, 20.475, 17.738,  0.367,2150655.1,  1,  21.9,   0.8, 0.100
2025-11-10 10:33:29,        0,  35.6,  19.9,  24.7, 26.441, 23.404,  0.621,2174144.8,  1,  21.9,   0.8, 0.100
2025-11-10 10:33:30,        0,  35.8,  20.5,  24.7, 24.311, 21.378,  0.521,2194272.0,  1,  21.9,   0.8, 0.100
2025-11-10 10:33:31,        0,  34.8,  17.3,  24.7, 21.766, 18.919,  0.418,2213513.1,  1,  21.9,   0.8, 0.100
2025-11-10 10:33:32,        0,  34.8,  17.3,  24.7, 28.285, 25.156,  0.716,2234613.9,  1,  22.0,   0.8, 0.100
2025-11-10 10:33:33,        0,  36.8,  23.5,  24.7, 24.669, 21.693,  0.535,2259479.7,  1,  21.9,   0.8, 0.100
2025-11-10 10:33:34,        0,  35.8,  20.3,  24.7, 21.465, 18.650,  0.409,2279645.3,  1,  21.9,   0.8, 0.100
2025-11-10 10:33:35,        0,  32.2,   9.5,  24.7, 25.045, 22.064,  0.563,2297335.1,  1,  21.9,   0.8, 0.100
2025-11-10 10:33:36,        0,  36.3,  21.8,  24.7, 25.449, 22.396,  0.579,2314409.2,  1,  21.9,   0.8, 0.100
2025-11-10 10:33:37,        0,  35.4,  19.3,  24.7, 23.477, 20.530,  0.483,2339437.8,  1,  21.9,   0.8, 0.100
2025-11-10 10:33:38,        0,  35.0,  18.1,  24.7, 23.263, 20.323,  0.482,2358625.0,  1,  21.9,   0.8, 0.100
2025-11-10 10:33:39,        0,  35.6,  19.9,  24.7, 26.542, 23.456,  0.623,2380525.3,  1,  21.9,   0.8, 0.100
2025-11-10 10:33:40,        0,  33.6,  13.7,  24.7, 25.366, 22.342,  0.567,2400403.6,  1,  22.0,   0.8, 0.100
2025-11-10 10:33:41,        0,  36.0,  21.0,  24.7, 24.094, 21.110,  0.513,2419487.9,  1,  21.9,   0.8, 0.100
2025-11-10 10:33:42,        0,  34.6,  16.9,  24.7, 19.380, 16.635,  0.325,2442217.1,  1,  21.9,   0.8, 0.100
2025-11-10 10:33:43,        0,  33.5,  13.6,  24.7, 25.366, 22.323,  0.567,2462158.7,  1,  21.9,   0.8, 0.100
2025-11-10 10:33:44,        0,  35.0,  17.9,  24.7, 20.534, 17.712,  0.364,2478767.9,  1,  21.9,   0.8, 0.100
2025-11-10 10:33:45,        0,  35.3,  18.9,  24.7, 22.352, 19.444,  0.435,2497865.2,  1,  22.0,   0.8, 0.100
2025-11-10 10:33:46,        0,  32.5,  10.4,  24.7, 13.677, 11.229,  0.179,2516270.2,  1,  21.9,   0.8, 0.100
2025-11-10 10:33:47,        0,  34.6,  16.8,  24.7, 22.598, 19.633,  0.449,2532709.8,  1,  22.0,   0.8, 0.100
2025-11-10 10:33:48,        0,  34.9,  17.6,  24.7, 15.777, 13.179,  0.218,2548691.8,  1,  22.0,   0.8, 0.100
2025-11-10 10:33:49,        0,  35.8,  20.5,  24.7, 22.397, 19.438,  0.435,2567696.3,  1,  21.9,   0.8, 0.100
2025-11-10 10:33:50,        0,  34.7,  17.1,  24.7, 17.096, 14.424,  0.248,2589228.6,  1,  22.0,   0.8, 0.100
2025-11-10 10:33:51,        0,  35.1,  18.4,  24.7, 24.086, 21.052,  0.508,2609603.5,  1,  21.9,   0.8, 0.100
2025-11-10 10:33:52,        0,  33.9,  14.8,  24.7, 24.621, 21.576,  0.532,2629808.5,  1,  22.0,   0.8, 0.100
2025-11-10 10:33:53,        0,  34.7,  17.1,  24.7, 23.031, 20.055,  0.462,2648199.7,  1,  21.9,   0.8, 0.100
2025-11-10 10:33:54,        0,  33.7,  14.2,  24.7, 18.347, 15.616,  0.287,2667363.2,  1,  22.0,   0.8, 0.100
2025-11-10 10:33:55,        0,  33.9,  14.8,  24.7, 17.719, 15.011,  0.266,2682647.8,  1,  22.0,   0.8, 0.100
2025-11-10 10:33:56,        0,  32.4,  10.2,  24.7, 19.122, 16.327,  0.314,2697327.9,  1,  22.0,   0.8, 0.100
2025-11-10 10:33:57,        0,  33.6,  13.7,  24.7, 17.494, 14.769,  0.260,2710574.6,  1,  22.0,   0.8, 0.100
2025-11-10 10:33:58,        0,  32.9,  11.7,  24.7, 21.720, 18.757,  0.408,2727430.4,  1,  21.9,   0.8, 0.100
2025-11-10 10:33:59,        0,  34.9,  17.6,  24.7, 15.997, 13.347,  0.219,2742369.7,  1,  21.9,   0.8, 0.100
2025-11-10 10:34:00,        0,  33.5,  13.4,  24.7, 23.544, 20.468,  0.482,2760721.0,  1,  22.0,   0.8, 0.100
2025-11-10 10:34:01,        0,  34.9,  17.6,  24.7, 18.282, 15.504,  0.284,2776094.5,  1,  22.0,   0.8, 0.100
2025-11-10 10:34:02,        0,  34.2,  15.6,  24.7, 21.217, 18.292,  0.390,2794038.3,  1,  22.0,   0.8, 0.100
2025-11-10 10:34:03,        0,  34.3,  15.9,  24.7, 19.707, 16.845,  0.336,2812044.5,  1,  22.0,   0.8, 0.100
2025-11-10 10:34:04,        0,  33.9,  14.8,  24.7, 15.361, 12.759,  0.200,2826805.6,  1,  22.0,   0.8, 0.100
2025-11-10 10:34:05,        0,  33.7,  14.2,  24.7, 11.653,  9.277,  0.114,2839308.7,  1,  22.0,   0.8, 0.100
2025-11-10 10:34:06,        0,  31.8,   8.4,  24.7, 18.082, 15.316,  0.278,2854665.4,  1,  22.0,   0.8, 0.100
2025-11-10 10:34:07,        0,  34.3,  15.9,  24.7, 19.626, 16.755,  0.329,2872123.0,  1,  21.9,   0.8, 0.100
2025-11-10 10:34:08,        0,  32.9,  11.6,  24.7, 19.765, 16.893,  0.339,2888403.0,  1,  22.0,   0.8, 0.100
2025-11-10 10:34:09,        0,  33.1,  12.4,  24.7, 20.688, 17.762,  0.368,2903939.3,  1,  21.9,   0.8, 0.100
2025-11-10 10:34:10,        0,  33.9,  14.6,  24.7, 14.158, 11.621,  0.167,2917390.3,  1,  22.0,   0.8, 0.100
2025-11-10 10:34:11,        0,  34.0,  14.9,  24.7, 18.106, 15.327,  0.279,2932180.0,  1,  22.0,   0.8, 0.100
2025-11-10 10:34:12,        0,  32.9,  11.6,  24.7, 16.533, 13.849,  0.232,2950313.6,  1,  22.0,   0.8, 0.100
2025-11-10 10:34:13,        0,  32.8,  11.4,  24.7, 15.703, 13.068,  0.209,2962358.2,  1,  22.0,   0.8, 0.100
2025-11-10 10:34:14,        0,  33.6,  13.7,  24.7, 16.516, 13.831,  0.229,2976156.3,  1,  22.0,   0.8, 0.100
2025-11-10 10:34:15,        0,  32.6,  10.9,  24.7, 17.523, 14.768,  0.260,2989995.6,  1,  22.0,   0.8, 0.100
2025-11-10 10:34:16,        0,  33.1,  12.2,  24.7, 19.002, 16.160,  0.307,3007406.7,  1,  22.0,   0.8, 0.100
2025-11-10 10:34:17,        0,  31.0,   5.9,  24.7, 14.409, 11.855,  0.174,3019361.2,  1,  21.9,   0.9, 0.100
2025-11-10 10:34:18,        0,  32.5,  10.6,  24.7, 17.773, 15.005,  0.267,3031557.3,  1,  22.0,   0.9, 0.100
2025-11-10 10:34:19,        0,  32.6,  10.7,  24.7, 16.917, 14.196,  0.240,3044585.3,  1,  21.9,   0.8, 0.100
2025-11-10 10:34:20,        0,  34.1,  15.4,  24.7, 16.700, 13.996,  0.235,3060174.8,  1,  21.9,   0.9, 0.100
2025-11-10 10:34:21,        0,  31.3,   7.0,  24.7, 17.710, 14.949,  0.271,3073277.8,  1,  22.0,   0.9, 0.100
2025-11-10 10:34:22,        0,  32.1,   9.4,  24.7, 14.673, 14.818,  0.261,3085471.8,  1,  21.9,   0.9, 0.100
2025-11-10 10:34:23,        0,  32.6,  10.9,  24.7, 14.248, 11.696,  0.168,3096729.3,  1,  22.0,   0.9, 0.100
2025-11-10 10:34:24,        0,  32.6,  10.7,  24.7, 17.435, 14.679,  0.256,3109612.5,  1,  21.9,   0.9, 0.100
2025-11-10 10:34:25,        0,  31.2,   6.5,  24.7, 16.023, 13.347,  0.214,3124642.5,  1,  22.0,   0.9, 0.100
2025-11-10 10:34:26,        0,  32.7,  11.1,  24.7, 13.668, 11.153,  0.154,3135511.1,  1,  22.0,   0.9, 0.100
2025-11-10 10:34:27,        0,  31.1,   6.4,  24.7, 13.854, 11.328,  0.157,3147332.1,  1,  22.0,   0.9, 0.100
2025-11-10 10:34:28,        0,  33.4,  13.1,  24.7, 12.853, 10.384,  0.135,3157009.5,  1,  21.9,   0.9, 0.100
2025-11-10 10:34:29,        0,  31.5,   7.4,  24.7, 12.882, 10.412,  0.134,3170873.3,  1,  21.9,   0.9, 0.100
2025-11-10 10:34:30,        0,  32.0,   9.1,  24.7, 15.508, 12.866,  0.201,3181586.7,  1,  22.0,   0.9, 0.100
2025-11-10 10:34:31,        0,  31.5,   7.5,  24.7, 15.886, 13.219,  0.211,3193020.8,  1,  22.0,   0.9, 0.100
2025-11-10 10:34:32,        0,  32.7,  11.2,  24.7, 16.324, 13.633,  0.223,3204356.9,  1,  22.0,   0.9, 0.100
2025-11-10 10:34:33,        0,  31.9,   8.7,  24.7, 13.257, 10.770,  0.144,3216571.5,  1,  21.9,   0.9, 0.100
2025-11-10 10:34:34,        0,  32.2,   9.7,  24.7, 16.299, 13.606,  0.222,3228504.0,  1,  22.0,   0.9, 0.100
2025-11-10 10:34:35,        0,  32.6,  10.9,  24.7, 13.836, 11.304,  0.158,3240040.6,  1,  22.0,   0.9, 0.100
2025-11-10 10:34:36,        0,  31.5,   7.4,  24.7, 16.290, 13.605,  0.222,3252078.7,  1,  21.9,   0.9, 0.100
2025-11-10 10:34:37,        0,  31.2,   6.5,  24.8, 13.947, 11.419,  0.159,3264851.2,  1,  21.9,   0.9, 0.100
2025-11-10 10:34:38,        0,  28.9,   0.0,  24.7,  8.619,  6.455,  0.058,3271304.7,  1,  22.0,   0.9, 0.100
2025-11-10 10:34:39,        0,  31.7,   8.2,  24.7, 12.031,  9.632,  0.117,3278378.6,  1,  21.9,   0.9, 0.100
2025-11-10 10:34:40,        0,  30.4,   4.2,  24.8, 13.708, 11.192,  0.154,3287730.1,  1,  22.0,   0.9, 0.100
2025-11-10 10:34:41,        0,  31.3,   6.9,  24.7, 16.495, 13.788,  0.228,3301500.1,  1,  21.9,   0.9, 0.100
2025-11-10 10:34:42,        0,  32.5,  10.6,  24.7, 15.020, 12.418,  0.188,3312762.4,  1,  22.0,   0.9, 0.100
2025-11-10 10:34:43,        0,  32.2,   9.6,  24.7, 12.444, 10.020,  0.126,3323881.8,  1,  22.0,   0.9, 0.100
2025-11-10 10:34:44,        0,  31.8,   8.4,  24.7, 14.056, 11.518,  0.162,3334727.6,  1,  22.0,   0.9, 0.100
2025-11-10 10:34:45,        0,  30.3,   3.9,  24.7, 12.629, 10.190,  0.129,3346088.6,  1,  22.0,   0.8, 0.100
2025-11-10 10:34:46,        0,  31.9,   8.7,  24.7, 11.825,  9.441,  0.112,3354081.4,  1,  21.9,   0.9, 0.100
2025-11-10 10:34:47,        0,  29.7,   2.2,  24.7, 13.918, 11.390,  0.159,3364450.5,  1,  22.0,   0.8, 0.100
2025-11-10 10:34:48,        0,  32.0,   8.9,  24.7,  9.260,  7.074,  0.078,3372367.0,  1,  22.0,   0.9, 0.100
2025-11-10 10:34:49,        0,  31.7,   8.2,  24.7, 14.253, 11.707,  0.168,3383422.3,  1,  21.9,   0.8, 0.100
2025-11-10 10:34:50,        0,  32.0,   8.9,  24.7, 13.453, 10.964,  0.148,3395877.6,  1,  22.0,   0.8, 0.100
2025-11-10 10:34:51,        0,  31.7,   8.1,  24.7, 11.045,  8.723,  0.099,3404295.3,  1,  22.0,   0.8, 0.100
2025-11-10 10:34:52,        0,  30.7,   5.2,  24.7, 13.309, 10.828,  0.145,3413732.3,  1,  22.0,   0.8, 0.100
2025-11-10 10:34:53,        0,  29.7,   2.2,  24.7, 10.687,  8.391,  0.091,3420623.5,  1,  22.0,   0.8, 0.100
2025-11-10 10:34:54,        0,  31.5,   7.4,  24.7, 11.976,  9.588,  0.117,3429149.5,  1,  22.0,   0.8, 0.100
2025-11-10 10:34:55,        0,  31.1,   6.4,  24.7, 12.441, 10.020,  0.125,3438235.9,  1,  22.0,   0.8, 0.100
2025-11-10 10:34:56,        0,  30.2,   3.7,  24.7, 10.156,  7.896,  0.081,3445374.8,  1,  22.0,   0.9, 0.100
2025-11-10 10:34:57,        0,  32.0,   8.9,  24.7, 10.611,  8.316,  0.090,3453031.3,  1,  22.0,   0.9, 0.100
2025-11-10 10:34:58,        0,  31.0,   5.9,  24.7, 12.070,  9.674,  0.119,3464530.8,  1,  22.0,   0.9, 0.100
2025-11-10 10:34:59,        0,  31.9,   8.7,  24.7,  9.122,  6.937,  0.064,3472302.5,  1,  22.0,   0.9, 0.100
2025-11-10 10:35:00,        0,  32.1,   9.2,  24.7, 12.552, 10.119,  0.128,3482179.1,  1,  22.0,   0.9, 0.100
2025-11-10 10:35:01,        0,  30.3,   4.0,  24.7, 10.596,  8.309,  0.089,3490656.4,  1,  22.0,   0.9, 0.100
2025-11-10 10:35:02,        0,  31.2,   6.7,  24.7,  9.780,  7.552,  0.074,3499216.4,  1,  22.0,   0.9, 0.100
2025-11-10 10:35:03,        0,  30.5,   4.5,  24.7,  9.631,  7.415,  0.073,3506192.6,  1,  22.0,   0.9, 0.100
2025-11-10 10:35:04,        0,  31.1,   6.4,  24.7,  8.093,  5.992,  0.049,3512417.5,  1,  22.0,   0.9, 0.100
2025-11-10 10:35:05,        0,  30.2,   3.5,  24.7, 10.176,  7.919,  0.081,3519964.7,  1,  22.0,   0.9, 0.100
2025-11-10 10:35:06,        0,  31.6,   7.9,  24.7, 11.123,  8.801,  0.099,3527624.5,  1,  22.0,   0.9, 0.100
2025-11-10 10:35:07,        0,  31.1,   6.2,  24.7,  8.394,  6.267,  0.053,3534799.0,  1,  22.0,   0.9, 0.100
2025-11-10 10:35:08,        0,  30.8,   5.5,  24.7, 12.646, 10.213,  0.132,3543510.8,  1,  22.0,   0.9, 0.100
2025-11-10 10:35:09,        0,  32.0,   8.9,  24.7, 10.992,  8.677,  0.097,3552172.2,  1,  22.0,   0.9, 0.100
2025-11-10 10:35:10,        0,  32.0,   9.1,  24.7, 10.165,  7.908,  0.082,3560668.1,  1,  22.0,   0.9, 0.100
2025-11-10 10:35:11,        0,  29.6,   1.7,  24.7,  8.965,  6.808,  0.066,3569915.4,  1,  22.0,   0.9, 0.100
2025-11-10 10:35:12,        0,  30.7,   5.2,  24.7,  9.159,  6.984,  0.064,3574981.4,  1,  22.0,   0.9, 0.100
2025-11-10 10:35:13,        0,  31.3,   7.0,  24.7,  9.944,  7.705,  0.077,3582375.1,  1,  22.0,   0.9, 0.100
2025-11-10 10:35:14,        0,  29.3,   1.0,  24.7,  8.447,  6.327,  0.055,3589467.1,  1,  22.0,   0.9, 0.100
2025-11-10 10:35:15,        0,  30.5,   4.5,  24.7,  5.664,  3.794,  0.028,3593448.0,  1,  22.0,   0.9, 0.100
2025-11-10 10:35:16,        0,  31.0,   5.9,  24.7,  9.658,  7.446,  0.072,3600043.3,  1,  22.0,   0.9, 0.100
2025-11-10 10:35:17,        0,  31.3,   6.9,  24.7, 10.421,  8.149,  0.085,3607590.4,  1,  22.0,   0.9, 0.100
2025-11-10 10:35:18,        0,  30.4,   4.2,  24.7, 10.095,  7.851,  0.080,3615149.6,  1,  22.0,   0.9, 0.100
2025-11-10 10:35:19,        0,  30.4,   4.2,  24.8, 10.078,  7.833,  0.079,3623982.9,  1,  22.0,   0.9, 0.100
2025-11-10 10:35:20,        0,  31.5,   7.4,  24.7,  7.481,  5.435,  0.041,3629556.9,  1,  22.0,   0.9, 0.100
2025-11-10 10:35:21,        0,  30.3,   3.9,  24.7,  2.486,  0.954,  0.003,3633646.0,  1,  22.0,   0.9, 0.100
2025-11-10 10:35:22,        0,  31.2,   6.5,  24.8, 10.304,  8.043,  0.083,3640543.9,  1,  22.0,   0.9, 0.100
2025-11-10 10:35:23,        0,  31.1,   6.4,  24.8,  9.173,  6.998,  0.065,3647363.0,  1,  22.0,   0.9, 0.100
2025-11-10 10:35:24,        0,  29.3,   0.8,  24.7,  8.915,  6.763,  0.062,3655717.2,  1,  22.0,   0.9, 0.100
2025-11-10 10:35:25,        0,  30.9,   5.7,  24.7,  3.064,  1.483,  0.008,3659476.5,  1,  22.0,   0.9, 0.100
2025-11-10 10:35:26,        0,  31.0,   6.0,  24.7,  9.894,  7.666,  0.076,3666576.4,  1,  22.0,   0.9, 0.100
2025-11-10 10:35:27,        0,  30.2,   3.5,  24.7,  9.578,  7.376,  0.071,3672619.3,  1,  22.0,   0.8, 0.100
2025-11-10 10:35:28,        0,  29.6,   1.8,  24.7,  8.842,  6.695,  0.060,3679765.3,  1,  22.0,   0.9, 0.100
2025-11-10 10:35:29,        0,  30.5,   4.5,  24.7,  8.132,  6.049,  0.053,3684787.7,  1,  22.0,   0.8, 0.100
2025-11-10 10:35:30,        0,  30.1,   3.4,  24.7,  7.432,  5.393,  0.040,3689886.9,  1,  22.0,   0.8, 0.100
2025-11-10 10:35:31,        0,  30.3,   3.9,  24.7,  6.729,  4.750,  0.032,3694542.6,  1,  22.0,   0.8, 0.100
2025-11-10 10:35:32,        0,  31.1,   6.2,  24.7,  7.128,  5.125,  0.040,3699364.3,  1,  22.0,   0.8, 0.100
2025-11-10 10:35:33,        0,  31.2,   6.5,  24.7,  5.985,  4.084,  0.029,3705838.0,  1,  22.0,   0.8, 0.100
2025-11-10 10:35:34,        0,  29.6,   1.7,  24.7,  7.825,  5.760,  0.046,3711917.4,  1,  22.0,   0.8, 0.100
2025-11-10 10:35:35,        0,  30.5,   4.4,  24.7,  8.332,  6.224,  0.052,3715380.8,  1,  22.0,   0.8, 0.100
2025-11-10 10:35:36,        0,  30.5,   4.5,  24.7,  8.973,  6.815,  0.061,3721643.8,  1,  22.0,   0.8, 0.100
2025-11-10 10:35:37,        0,  30.6,   4.9,  24.7,  8.009,  5.928,  0.048,3728911.7,  1,  22.0,   0.8, 0.100
2025-11-10 10:35:38,        0,  29.4,   1.3,  24.7,  3.925,  2.225,  0.011,3731929.2,  1,  22.0,   0.8, 0.100
2025-11-10 10:35:39,        0,  30.5,   4.4,  24.7,  4.924,  3.207,  0.021,3735201.1,  1,  22.0,   0.8, 0.100
2025-11-10 10:35:40,        0,  30.6,   4.7,  24.7,  8.224,  6.128,  0.051,3741030.3,  1,  22.0,   0.8, 0.100
2025-11-10 10:35:41,        0,  30.1,   3.2,  24.7,  7.672,  5.614,  0.043,3748056.0,  1,  22.0,   0.8, 0.100
2025-11-10 10:35:42,        0,  30.4,   4.2,  24.7,  8.443,  6.326,  0.054,3753664.8,  1,  22.0,   0.8, 0.100
2025-11-10 10:35:43,        0,  29.8,   2.3,  24.7,  8.074,  5.988,  0.049,3759289.4,  1,  22.0,   0.8, 0.100
2025-11-10 10:35:44,        0,  30.6,   4.7,  24.7,  3.185,  1.571,  0.007,3762792.2,  1,  22.0,   0.8, 0.100
2025-11-10 10:35:45,        0,  30.5,   4.4,  24.8,  7.083,  5.075,  0.036,3768521.7,  1,  22.0,   0.8, 0.100
2025-11-10 10:35:46,        0,  30.4,   4.2,  24.7,  5.451,  3.599,  0.023,3772474.6,  1,  22.0,   0.8, 0.100
2025-11-10 10:35:47,        0,  30.1,   3.2,  24.7,  6.995,  5.002,  0.037,3777233.4,  1,  22.0,   0.8, 0.100
2025-11-10 10:35:48,        0,  30.2,   3.5,  24.7,  6.396,  4.447,  0.028,3781416.4,  1,  22.0,   0.8, 0.100
2025-11-10 10:35:49,        0,  30.1,   3.2,  24.7,  7.611,  5.559,  0.042,3787341.2,  1,  22.0,   0.9, 0.100
2025-11-10 10:35:50,        0,  30.2,   3.7,  24.7,  5.988,  4.082,  0.028,3791668.3,  1,  22.0,   0.9, 0.100
2025-11-10 10:35:51,        0,  29.7,   2.2,  24.7,  5.361,  3.510,  0.021,3796063.4,  1,  22.0,   0.9, 0.100
2025-11-10 10:35:52,        0,  29.8,   2.5,  24.7,  1.530,  0.221,  0.000,3796975.3,  1,  22.0,   0.9, 0.100
2025-11-10 10:35:53,        0,  30.0,   3.0,  24.7,  5.911,  4.056,  0.026,3799844.0,  1,  22.0,   0.9, 0.100
2025-11-10 10:35:54,        0,  30.5,   4.5,  24.7,  7.432,  5.398,  0.040,3806045.0,  1,  22.1,   0.9, 0.100
2025-11-10 10:35:55,        0,  30.3,   4.0,  24.7,  6.704,  4.733,  0.033,3810953.0,  1,  22.0,   0.9, 0.100
2025-11-10 10:35:56,        0,  29.9,   2.8,  24.7,  7.295,  5.273,  0.039,3816253.3,  1,  22.0,   1.0, 0.100
2025-11-10 10:35:57,        0,  29.9,   2.8,  24.7,  2.874,  1.317,  0.006,3819069.2,  1,  22.0,   1.0, 0.100
2025-11-10 10:35:58,        0,  29.6,   1.7,  24.7,  5.150,  3.320,  0.019,3823297.0,  1,  22.0,   1.0, 0.100
2025-11-10 10:35:59,        0,  30.3,   4.0,  24.7,  3.033,  1.562,  0.010,3825005.7,  1,  22.0,   0.9, 0.100
2025-11-10 10:36:00,        0,  29.8,   2.5,  24.7,  6.581,  4.620,  0.031,3829916.6,  1,  22.0,   0.9, 0.100
2025-11-10 10:36:01,        0,  30.2,   3.7,  24.7,  7.038,  5.033,  0.035,3834531.3,  1,  22.0,   1.0, 0.100
2025-11-10 10:36:02,        0,  29.9,   2.8,  24.8,  2.982,  1.396,  0.005,3837709.7,  1,  22.0,   0.9, 0.100
2025-11-10 10:36:03,        0,  30.1,   3.4,  24.7,  6.664,  4.692,  0.031,3842073.3,  1,  22.0,   0.9, 0.100
2025-11-10 10:36:04,        0,  30.2,   3.5,  24.7,  6.623,  4.653,  0.031,3846663.7,  1,  22.0,   0.9, 0.100
2025-11-10 10:36:05,        0,  29.3,   1.0,  24.7,  5.965,  4.057,  0.025,3849543.7,  1,  22.0,   0.9, 0.100
2025-11-10 10:36:06,        0,  29.7,   2.2,  24.7,  5.864,  3.982,  0.026,3851336.1,  1,  22.0,   0.9, 0.100
2025-11-10 10:36:07,        0,  29.8,   2.5,  24.7,  3.257,  1.752,  0.011,3854008.3,  1,  22.0,   0.9, 0.100
2025-11-10 10:36:08,        0,  29.8,   2.5,  24.7,  6.242,  4.310,  0.028,3857959.9,  1,  22.0,   0.9, 0.100
2025-11-10 10:36:09,        0,  30.2,   3.5,  24.7,  7.198,  5.192,  0.039,3861400.3,  1,  22.0,   0.9, 0.099
2025-11-10 10:36:10,        0,  29.7,   2.0,  24.7,  6.520,  4.560,  0.030,3865900.5,  1,  22.0,   0.9, 0.100
2025-11-10 10:36:11,        0,  30.2,   3.5,  24.7,  2.905,  1.417,  0.008,3868300.3,  1,  22.0,   0.9, 0.100
2025-11-10 10:36:12,        0,  29.9,   2.8,  24.7,  1.897,  0.486,  0.001,3870543.7,  1,  22.1,   0.9, 0.100
2025-11-10 10:36:13,        0,  30.1,   3.4,  24.7,  2.238,  0.762,  0.002,3872211.3,  1,  22.0,   0.9, 0.100
2025-11-10 10:36:14,        0,  30.2,   3.5,  24.7,  6.604,  4.638,  0.031,3876606.7,  1,  22.0,   0.8, 0.100
2025-11-10 10:36:15,        0,  29.7,   2.2,  24.7,  4.540,  2.774,  0.015,3880428.1,  1,  22.0,   0.8, 0.100
2025-11-10 10:36:16,        0,  29.8,   2.5,  24.7,  1.235,  0.062,  0.000,3880501.4,  1,  22.0,   0.9, 0.100
2025-11-10 10:36:17,        0,  30.5,   4.4,  24.8,  6.315,  4.403,  0.029,3882505.1,  1,  22.0,   0.9, 0.100
2025-11-10 10:36:18,        0,  30.1,   3.2,  24.8,  7.851,  5.783,  0.046,3887895.1,  1,  22.0,   0.9, 0.100
2025-11-10 10:36:19,        0,  30.4,   4.2,  24.7,  6.973,  4.976,  0.035,3892552.9,  1,  22.0,   0.9, 0.100
2025-11-10 10:36:20,        0,  29.1,   0.3,  24.7,  2.624,  1.084,  0.003,3895681.4,  1,  22.0,   0.9, 0.100
2025-11-10 10:36:21,        0,  30.1,   3.2,  24.7,  1.169,  0.035,  0.000,3896778.2,  1,  22.0,   0.9, 0.100
2025-11-10 10:36:22,        0,  29.7,   2.0,  24.7,  6.716,  4.743,  0.032,3901239.1,  1,  22.0,   0.9, 0.100
2025-11-10 10:36:23,        0,  28.9,   0.0,  24.7,  2.017,  0.631,  0.003,3902980.0,  1,  22.0,   0.9, 0.100
2025-11-10 10:36:24,        0,  30.1,   3.2,  24.7,  5.775,  3.909,  0.025,3905590.1,  1,  22.0,   0.9, 0.100
2025-11-10 10:36:25,        0,  29.7,   2.0,  24.7,  6.221,  4.291,  0.028,3909761.4,  1,  22.0,   1.0, 0.100
2025-11-10 10:36:26,        0,  28.8,   0.0,  24.7,  5.197,  3.373,  0.021,3912171.2,  1,  22.0,   0.9, 0.100
2025-11-10 10:36:27,        0,  29.3,   0.8,  24.7,  1.181,  0.040,  0.000,3912278.0,  1,  22.0,   1.0, 0.100
2025-11-10 10:36:28,        0,  30.3,   3.9,  24.7,  6.488,  4.534,  0.029,3915020.2,  1,  22.0,   1.0, 0.100
2025-11-10 10:36:29,        0,  30.2,   3.5,  24.7,  7.347,  5.317,  0.039,3920089.1,  1,  22.0,   1.0, 0.100
2025-11-10 10:36:30,        0,  30.1,   3.2,  24.7,  3.296,  1.669,  0.007,3922911.3,  1,  22.1,   1.0, 0.100
2025-11-10 10:36:31,        0,  29.5,   1.5,  24.7,  6.317,  4.372,  0.028,3925854.6,  1,  22.1,   1.0, 0.100
2025-11-10 10:36:32,        0,  29.7,   2.2,  24.7,  1.172,  0.036,  0.000,3925935.1,  1,  22.0,   1.0, 0.100
2025-11-10 10:36:33,        0,  29.8,   2.5,  24.7,  0.993, -0.003,  0.000,3925936.8,  1,  22.1,   1.0, 0.100
2025-11-10 10:36:34,        0,  30.1,   3.2,  24.7,  6.335,  4.399,  0.028,3928673.0,  1,  22.0,   1.0, 0.100
2025-11-10 10:36:35,        0,  30.3,   3.9,  24.7,  6.630,  4.660,  0.031,3933071.0,  1,  22.0,   1.0, 0.100
2025-11-10 10:36:36,        0,  28.9,   0.0,  24.7,  6.436,  4.484,  0.029,3935929.7,  1,  22.1,   1.0, 0.100
2025-11-10 10:36:37,        0,  28.7,   0.0,  24.7,  4.948,  3.224,  0.021,3938131.6,  1,  22.0,   1.0, 0.100
2025-11-10 10:36:38,        0,  29.4,   1.3,  24.7,  1.205,  0.048,  0.000,3938296.3,  1,  22.0,   1.0, 0.100
2025-11-10 10:36:39,        0,  29.9,   2.7,  24.7,  1.030,  0.003,  0.000,3938302.2,  1,  22.0,   1.0, 0.100
2025-11-10 10:36:40,        0,  30.0,   3.0,  24.7,  4.981,  3.290,  0.021,3940909.8,  1,  22.0,   1.0, 0.100
2025-11-10 10:36:41,        0,  30.1,   3.4,  24.7,  6.355,  4.410,  0.028,3946331.6,  1,  22.0,   1.0, 0.100
2025-11-10 10:36:42,        0,  29.9,   2.8,  24.7,  6.432,  4.478,  0.029,3950632.8,  1,  22.0,   1.0, 0.100
2025-11-10 10:36:43,        0,  29.7,   2.0,  24.7,  3.504,  1.851,  0.008,3953464.2,  1,  22.0,   1.0, 0.100
2025-11-10 10:36:44,        0,  28.8,   0.0,  24.7,  1.203,  0.046,  0.000,3953546.3,  1,  22.0,   1.0, 0.100
2025-11-10 10:36:45,        0,  30.0,   3.0,  24.7,  0.994, -0.001,  0.000,3953549.3,  1,  22.0,   0.9, 0.100
2165-165-165 45:165:85,        0,  29.9,   2.7,  24.7,  3.257,  1.639,  0.007,3955430.6,  1,  22.1,   0.9, 0.100
2025-11-10 10:36:47,        0,  29.7,   2.2,  24.7,  6.306,  4.365,  0.028,3958721.3,  1,  22.1,   0.9, 0.100
2025-11-10 10:36:48,        0,  29.6,   1.8,  24.7,  1.288,  0.081,  0.000,3959037.3,  1,  22.1,   0.9, 0.100
2025-11-10 10:36:49,        0,  30.1,   3.2,  24.7,  5.224,  3.430,  0.020,3961516.3,  1,  22.0,   0.9, 0.100
2025-11-10 10:36:50,        0,  29.2,   0.5,  24.7,  2.189,  0.716,  0.002,3963497.7,  1,  22.1,   0.9, 0.100
2025-11-10 10:36:51,        0,  28.9,   0.0,  24.7,  1.142,  0.027,  0.000,3963535.5,  1,  22.0,   0.9, 0.100
2025-11-10 10:36:52,        0,  29.9,   2.7,  24.7,  1.010,  0.000,  0.000,3963535.5,  1,  22.1,   0.9, 0.100
2025-11-10 10:36:53,        0,  30.1,   3.4,  24.7,  5.425,  3.569,  0.021,3967708.4,  1,  22.1,   0.8, 0.100
2025-11-10 10:36:54,        0,  29.6,   1.8,  24.7,  6.498,  4.538,  0.030,3971419.9,  1,  22.1,   0.8, 0.100
2025-11-10 10:36:55,        0,  29.5,   1.5,  24.7,  5.244,  3.451,  0.022,3973480.6,  1,  22.1,   0.9, 0.100
2025-11-10 10:36:56,        0,  29.0,   0.0,  24.7,  1.546,  0.226,  0.000,3973990.6,  1,  22.0,   0.9, 0.100
2025-11-10 10:36:57,        0,  29.7,   2.0,  24.7,  1.030,  0.003,  0.000,3974003.2,  1,  22.1,   0.8, 0.100
2025-11-10 10:36:58,        0,  30.1,   3.2,  24.7,  0.960, -0.004,  0.000,3973999.4,  1,  22.1,   0.9, 0.100
2025-11-10 10:36:59,        0,  29.9,   2.8,  24.7,  6.301,  4.358,  0.027,3978242.8,  1,  22.1,   0.8, 0.100
2025-11-10 10:37:00,        0,  29.7,   2.0,  24.7,  6.611,  4.642,  0.031,3982430.8,  1,  22.1,   0.8, 0.100
2025-11-10 10:37:01,        0,  29.8,   2.5,  24.7,  1.533,  0.215,  0.000,3982856.6,  1,  22.0,   0.9, 0.100
2025-11-10 10:37:02,        0,  29.6,   1.8,  24.7,  1.033,  0.003,  0.000,3982868.3,  1,  22.1,   0.9, 0.100
2025-11-10 10:37:03,        0,  29.8,   2.3,  24.7,  0.962, -0.003,  0.000,3982865.0,  1,  22.1,   0.9, 0.100
2025-11-10 10:37:04,        0,  29.9,   2.7,  24.7,  0.896, -0.007,  0.000,3982859.1,  1,  22.1,   0.9, 0.100
2025-11-10 10:37:05,        0,  29.8,   2.5,  24.7,  6.301,  4.360,  0.027,3986172.5,  1,  22.1,   0.9, 0.100
2025-11-10 10:37:06,        0,  29.9,   2.8,  24.7,  6.302,  4.360,  0.027,3989915.0,  1,  22.1,   0.9, 0.100
2025-11-10 10:37:07,        0,  30.1,   3.4,  24.7,  4.126,  2.406,  0.012,3992436.3,  1,  22.1,   0.9, 0.100
2025-11-10 10:37:08,        0,  29.8,   2.3,  24.7,  4.210,  2.481,  0.013,3994481.0,  1,  22.1,   1.0, 0.100
2025-11-10 10:37:09,        0,  29.3,   1.0,  24.7,  1.097,  0.017,  0.000,3994517.5,  1,  22.1,   0.9, 0.100
2025-11-10 10:37:10,        0,  29.7,   2.2,  24.7,  0.989, -0.001,  0.000,3994517.1,  1,  22.1,   0.9, 0.100
2025-11-10 10:37:11,        0,  29.7,   2.2,  24.7,  0.912, -0.006,  0.000,3994511.2,  1,  22.1,   0.9, 0.100
2025-11-10 10:37:12,        0,  30.1,   3.2,  24.7,  0.874, -0.007,  0.000,3994557.3,  1,  22.1,   1.0, 0.100
2025-11-10 10:37:13,        0,  29.8,   2.5,  24.7,  6.386,  4.439,  0.028,3997912.6,  1,  22.1,   0.9, 0.100
2025-11-10 10:37:14,        0,  30.0,   2.9,  24.7,  3.847,  2.272,  0.014,3999374.4,  1,  22.1,   1.0, 0.100
2025-11-10 10:37:15,        0,  29.7,   2.0,  24.7,  1.410,  0.142,  0.000,4001275.0,  1,  22.1,   1.0, 0.100
2025-11-10 10:37:16,        0,  29.7,   2.0,  24.7,  1.070,  0.011,  0.000,4001294.7,  1,  22.1,   0.9, 0.100
2025-11-10 10:37:17,        0,  29.7,   2.2,  24.7,  0.977, -0.002,  0.000,4001292.6,  1,  22.1,   1.0, 0.100
2025-11-10 10:37:18,        0,  29.8,   2.5,  24.7,  0.922, -0.005,  0.000,4001287.6,  1,  22.1,   1.0, 0.100
2025-11-10 10:37:19,        0,  29.9,   2.7,  24.7,  6.373,  4.426,  0.028,4004909.4,  1,  22.1,   1.0, 0.100
2025-11-10 10:37:20,        0,  29.5,   1.5,  24.7,  5.065,  3.243,  0.018,4008468.8,  1,  22.1,   0.9, 0.100
2025-11-10 10:37:21,        0,  29.7,   2.0,  24.7,  1.272,  0.074,  0.000,4008646.0,  1,  22.1,   0.9, 0.100
2025-11-10 10:37:22,        0,  29.5,   1.5,  24.7,  1.044,  0.006,  0.000,4008653.2,  1,  22.1,   0.9, 0.100
2025-11-10 10:37:23,        0,  29.7,   2.0,  24.7,  0.936, -0.005,  0.000,4008649.4,  1,  22.1,   0.9, 0.100
2025-11-10 10:37:24,        0,  29.9,   2.7,  24.7,  0.893, -0.006,  0.000,4008642.7,  1,  22.1,   0.9, 0.100
2025-11-10 10:37:25,        0,  29.9,   2.7,  24.7,  6.295,  4.353,  0.027,4011272.9,  1,  22.1,   0.9, 0.100
2025-11-10 10:37:26,        0,  29.7,   2.0,  24.7,  6.300,  4.357,  0.027,4015399.3,  1,  22.1,   0.9, 0.100
2025-11-10 10:37:27,        0,  29.8,   2.5,  24.7,  1.726,  0.350,  0.001,4015947.5,  1,  22.1,   0.9, 0.100
2025-11-10 10:37:28,        0,  29.5,   1.5,  24.7,  1.040,  0.006,  0.000,4015961.8,  1,  22.1,   0.9, 0.100
2025-11-10 10:37:29,        0,  29.7,   2.0,  24.7,  0.962, -0.003,  0.000,4015958.4,  1,  22.1,   0.8, 0.100
2025-11-10 10:37:30,        0,  29.7,   2.2,  24.7,  0.891, -0.005,  0.000,4015953.0,  1,  22.1,   0.8, 0.100
2025-11-10 10:37:31,        0,  29.8,   2.3,  24.7,  0.853, -0.006,  0.000,4015947.5,  1,  22.2,   0.8, 0.100
2025-11-10 10:37:32,        0,  29.9,   2.7,  24.7,  0.803, -0.007,  0.000,4016508.3,  1,  22.1,   0.8, 0.100
2025-11-10 10:37:33,        0,  30.0,   3.0,  24.7,  6.300,  4.357,  0.027,4020672.8,  1,  22.1,   0.8, 0.100
2025-11-10 10:37:34,        0,  29.9,   2.8,  24.7,  6.309,  4.361,  0.028,4024818.5,  1,  22.1,   0.8, 0.100
2025-11-10 10:37:35,        0,  29.7,   2.2,  24.7,  2.073,  0.622,  0.001,4026677.6,  1,  22.1,   0.8, 0.100
2025-11-10 10:37:36,        0,  28.8,   0.0,  24.7,  1.136,  0.027,  0.000,4026712.4,  1,  22.1,   0.8, 0.100
2025-11-10 10:37:37,        0,  29.5,   1.5,  24.7,  0.968, -0.003,  0.000,4026712.0,  1,  22.1,   0.8, 0.100
2025-11-10 10:37:38,        0,  29.6,   1.7,  24.7,  0.917, -0.005,  0.000,4026706.5,  1,  22.1,   0.8, 0.100
2025-11-10 10:37:39,        0,  29.5,   1.5,  24.7,  0.856, -0.006,  0.000,4026701.5,  1,  22.1,   0.9, 0.100
2025-11-10 10:37:40,        0,  29.6,   1.9,  24.7,  0.821, -0.006,  0.000,4026695.2,  1,  22.1,   0.8, 0.100
2025-11-10 10:37:41,        0,  29.7,   2.0,  24.7,  0.777, -0.007,  0.000,4026687.7,  1,  22.1,   0.9, 0.100
2025-11-10 10:37:42,        0,  29.8,   2.3,  24.7,  0.752, -0.007,  0.000,4026681.0,  1,  22.1,   0.9, 0.100
2025-11-10 10:37:43,        0,  29.8,   2.3,  24.7,  0.729, -0.008,  0.000,4026673.8,  1,  22.1,   0.9, 0.100
2025-11-10 10:37:44,        0,  30.0,   3.0,  24.7,  5.335,  3.628,  0.023,4028385.0,  1,  22.1,   0.9, 0.100
2025-11-10 10:37:45,        0,  29.9,   2.7,  24.7,  6.302,  4.358,  0.027,4032537.4,  1,  22.1,   0.9, 0.100
2025-11-10 10:37:46,        0,  29.7,   2.0,  24.7,  1.738,  0.360,  0.001,4034946.8,  1,  22.1,   0.9, 0.100
2025-11-10 10:37:47,        0,  29.3,   1.0,  24.7,  1.115,  0.019,  0.000,4034973.2,  1,  22.1,   0.9, 0.100
2025-11-10 10:37:48,        0,  29.6,   1.8,  24.7,  0.997,  0.000,  0.000,4034973.2,  1,  22.1,   0.9, 0.100
2025-11-10 10:37:49,        0,  29.6,   1.7,  24.7,  0.913, -0.005,  0.000,4034967.7,  1,  22.1,   0.9, 0.100
2025-11-10 10:37:50,        0,  29.7,   2.0,  24.7,  0.870, -0.006,  0.000,4034960.6,  1,  22.1,   0.9, 0.100
2025-11-10 10:37:51,        0,  29.7,   2.0,  24.7,  0.818, -0.006,  0.000,4034955.1,  1,  22.1,   0.9, 0.100
2025-11-10 10:37:52,        0,  29.7,   2.2,  24.7,  0.785, -0.007,  0.000,4034948.9,  1,  22.1,   0.9, 0.100
2025-11-10 10:37:53,        0,  29.8,   2.3,  24.7,  0.758, -0.007,  0.000,4034942.2,  1,  22.1,   0.9, 0.100
2025-11-10 10:37:54,        0,  29.8,   2.5,  24.7,  0.722, -0.007,  0.000,4034934.6,  1,  22.1,   0.9, 0.100
2025-11-10 10:37:55,        0,  29.9,   2.7,  24.7,  4.537,  3.003,  0.019,4036303.4,  1,  22.1,   0.9, 0.100
2025-11-10 10:37:56,        0,  29.9,   2.7,  24.7,  6.303,  4.357,  0.027,4040461.6,  1,  22.1,   0.9, 0.100
2025-11-10 10:37:57,        0,  28.9,   0.0,  24.7,  5.656,  3.772,  0.022,4043353.0,  1,  22.1,   0.9, 0.100
2025-11-10 10:37:58,        0,  28.9,   0.0,  24.7,  1.317,  0.095,  0.000,4043435.5,  1,  22.2,   0.9, 0.100
2025-11-10 10:37:59,        0,  29.4,   1.3,  24.7,  1.000,  0.001,  0.000,4043438.9,  1,  22.1,   0.9, 0.100
2025-11-10 10:38:00,        0,  29.6,   1.7,  24.7,  0.909, -0.005,  0.000,4043435.1,  1,  22.1,   0.9, 0.100
2025-11-10 10:38:01,        0,  29.6,   1.7,  24.7,  0.866, -0.006,  0.000,4043429.3,  1,  22.1,   0.9, 0.100
2025-11-10 10:38:02,        0,  29.6,   1.8,  24.7,  0.829, -0.006,  0.000,4043423.8,  1,  22.1,   0.8, 0.100
2025-11-10 10:38:03,        0,  29.7,   2.0,  24.7,  0.780, -0.007,  0.000,4043415.8,  1,  22.1,   0.9, 0.100
2025-11-10 10:38:04,        0,  29.8,   2.3,  24.7,  0.752, -0.007,  0.000,4043410.4,  1,  22.1,   0.8, 0.100
2025-11-10 10:38:05,        0,  29.8,   2.5,  24.7,  0.715, -0.007,  0.000,4043403.7,  1,  22.1,   0.8, 0.100
2025-11-10 10:38:06,        0,  29.8,   2.5,  24.7,  0.696, -0.007,  0.000,4043396.6,  1,  22.1,   0.9, 0.100
2025-11-10 10:38:07,        0,  29.8,   2.5,  24.7,  0.678, -0.008,  0.000,4043389.0,  1,  22.1,   0.9, 0.100
2025-11-10 10:38:08,        0,  29.9,   2.7,  24.7,  1.178,  0.421,  0.003,4044658.0,  1,  22.1,   0.9, 0.100
2025-11-10 10:38:09,        0,  29.7,   2.0,  24.7,  6.304,  4.356,  0.027,4048769.4,  1,  22.1,   0.8, 0.100
2025-11-10 10:38:10,        0,  29.7,   2.2,  24.7,  1.372,  0.121,  0.000,4049302.5,  1,  22.2,   0.8, 0.100
2025-11-10 10:38:11,        0,  29.5,   1.5,  24.7,  1.060,  0.011,  0.000,4049316.7,  1,  22.1,   0.8, 0.100
2025-11-10 10:38:12,        0,  29.7,   2.2,  24.7,  0.934, -0.003,  0.000,4049314.2,  1,  22.1,   0.8, 0.100
2025-11-10 10:38:13,        0,  29.7,   2.0,  24.7,  0.886, -0.005,  0.000,4049308.7,  1,  22.2,   0.8, 0.100
2025-11-10 10:38:14,        0,  29.7,   2.2,  24.7,  0.843, -0.006,  0.000,4049303.7,  1,  22.2,   0.8, 0.100
2025-11-10 10:38:15,        0,  29.8,   2.3,  24.7,  0.791, -0.006,  0.000,4049297.4,  1,  22.2,   0.8, 0.100
2025-11-10 10:38:16,        0,  29.8,   2.3,  24.7,  0.744, -0.006,  0.000,4049290.3,  1,  22.1,   0.8, 0.100
2025-11-10 10:38:17,        0,  29.9,   2.7,  24.7,  0.719, -0.007,  0.000,4049284.0,  1,  22.2,   0.8, 0.100
2025-11-10 10:38:18,        0,  29.8,   2.5,  24.7,  0.696, -0.007,  0.000,4050371.6,  1,  22.1,   0.8, 0.100
2025-11-10 10:38:19,        0,  29.8,   2.5,  24.7,  1.481,  0.187,  0.000,4051639.7,  1,  22.2,   0.8, 0.100
2025-11-10 10:38:20,        0,  29.6,   1.8,  24.7,  1.067,  0.013,  0.000,4051662.0,  1,  22.2,   0.8, 0.100
2025-11-10 10:38:21,        0,  29.8,   2.5,  24.7,  0.928, -0.003,  0.000,4051659.9,  1,  22.2,   0.8, 0.100
2025-11-10 10:38:22,        0,  29.8,   2.5,  24.7,  0.878, -0.005,  0.000,4051654.8,  1,  22.1,   0.8, 0.100
2025-11-10 10:38:23,        0,  29.8,   2.3,  24.7,  0.835, -0.005,  0.000,4051649.4,  1,  22.1,   0.8, 0.100
2025-11-10 10:38:24,        0,  29.9,   2.8,  24.7,  1.978,  0.954,  0.006,4052250.8,  1,  22.2,   0.8, 0.100
2025-11-10 10:38:25,        0,  29.9,   2.7,  24.7,  6.303,  4.354,  0.027,4057298.4,  1,  22.2,   0.8, 0.100
2025-11-10 10:38:26,        0,  29.3,   1.0,  24.7,  2.037,  0.595,  0.001,4059211.5,  1,  22.2,   0.9, 0.100
2025-11-10 10:38:27,        0,  29.3,   1.0,  24.7,  1.129,  0.026,  0.000,4059248.0,  1,  22.1,   0.9, 0.100
2025-11-10 10:38:28,        0,  29.5,   1.5,  24.7,  0.994,  0.001,  0.000,4059248.8,  1,  22.1,   0.9, 0.100
2025-11-10 10:38:29,        0,  29.5,   1.5,  24.7,  0.904, -0.005,  0.000,4059243.4,  1,  22.1,   0.9, 0.100
2025-11-10 10:38:30,        0,  29.6,   1.7,  24.7,  0.862, -0.006,  0.000,4059237.5,  1,  22.2,   0.9, 0.100
2025-11-10 10:38:31,        0,  29.6,   1.7,  24.7,  0.806, -0.006,  0.000,4059231.7,  1,  22.2,   0.9, 0.100
2025-11-10 10:38:32,        0,  29.6,   1.8,  24.7,  0.773, -0.006,  0.000,4059226.2,  1,  22.2,   0.9, 0.100
2025-11-10 10:38:33,        0,  29.6,   1.8,  24.7,  0.732, -0.006,  0.000,4059219.1,  1,  22.2,   0.9, 0.100
2025-11-10 10:38:34,        0,  29.7,   2.2,  24.7,  0.708, -0.007,  0.000,4059212.4,  1,  22.2,   0.9, 0.100
2025-11-10 10:38:35,        0,  29.7,   2.2,  24.7,  0.687, -0.007,  0.000,4059205.7,  1,  22.2,   0.9, 0.100
2025-11-10 10:38:36,        0,  29.7,   2.0,  24.7,  0.659, -0.007,  0.000,4059199.0,  1,  22.1,   0.9, 0.100
2025-11-10 10:38:37,        0,  29.7,   2.2,  24.7,  0.637, -0.007,  0.000,4059189.7,  1,  22.2,   0.9, 0.100
2025-11-10 10:38:38,        0,  29.8,   2.3,  24.7,  0.623, -0.007,  0.000,4059183.0,  1,  22.2,   0.9, 0.100
2025-11-10 10:38:39,        0,  29.8,   2.4,  24.7,  0.611, -0.007,  0.000,4059175.9,  1,  22.2,   0.8, 0.100
2025-11-10 10:38:40,        0,  29.8,   2.5,  24.7,  0.600, -0.007,  0.000,4059168.8,  1,  22.1,   0.8, 0.100
2025-11-10 10:38:41,        0,  29.9,   2.8,  24.7,  0.584, -0.007,  0.000,4059160.4,  1,  22.2,   0.8, 0.100
2025-11-10 10:38:42,        0,  29.9,   2.7,  24.7,  6.308,  4.354,  0.027,4063255.0,  1,  22.2,   0.8, 0.100
2025-11-10 10:38:43,        0,  29.4,   1.2,  24.7,  2.818,  1.253,  0.004,4065396.1,  1,  22.1,   0.8, 0.100
2025-11-10 10:38:44,        0,  29.6,   1.7,  24.7,  1.169,  0.037,  0.000,4065440.5,  1,  22.1,   0.8, 0.100
2025-11-10 10:38:45,        0,  29.4,   1.2,  24.7,  0.965, -0.001,  0.000,4065443.1,  1,  22.2,   0.8, 0.100
2025-11-10 10:38:46,        0,  29.5,   1.5,  24.7,  0.904, -0.004,  0.000,4065437.6,  1,  22.1,   0.8, 0.100
2025-11-10 10:38:47,        0,  29.6,   1.7,  24.7,  0.841, -0.006,  0.000,4065432.2,  1,  22.1,   0.8, 0.100
2025-11-10 10:38:48,        0,  29.6,   1.7,  24.7,  0.804, -0.006,  0.000,4065427.1,  1,  22.1,   0.8, 0.100
2025-11-10 10:38:49,        0,  29.6,   1.8,  24.7,  0.771, -0.007,  0.000,4065421.3,  1,  22.2,   0.8, 0.100
2025-11-10 10:38:50,        0,  29.6,   1.8,  24.7,  0.727, -0.006,  0.000,4065413.3,  1,  22.2,   0.8, 0.100
2025-11-10 10:38:51,        0,  29.7,   2.0,  24.7,  0.702, -0.006,  0.000,4065407.4,  1,  22.1,   0.8, 0.100
2025-11-10 10:38:52,        0,  29.7,   2.0,  24.7,  0.668, -0.007,  0.000,4065401.2,  1,  22.1,   0.8, 0.100
2025-11-10 10:38:53,        0,  29.7,   2.0,  24.7,  0.650, -0.007,  0.000,4065394.4,  1,  22.1,   0.8, 0.100
2025-11-10 10:38:54,        0,  29.7,   2.2,  24.7,  0.626, -0.007,  0.000,4065386.5,  1,  22.2,   0.8, 0.100
2025-11-10 10:38:55,        0,  29.8,   2.3,  24.7,  0.612, -0.007,  0.000,4065379.8,  1,  22.2,   0.8, 0.100
2025-11-10 10:38:56,        0,  29.7,   2.2,  24.7,  0.598, -0.007,  0.000,4065373.5,  1,  22.1,   0.8, 0.100
2025-11-10 10:38:57,        0,  29.8,   2.3,  24.7,  0.582, -0.007,  0.000,4065366.4,  1,  22.2,   0.8, 0.100
2025-11-10 10:38:58,        0,  29.7,   2.2,  24.7,  0.571, -0.007,  0.000,4065360.1,  1,  22.2,   0.8, 0.100
2025-11-10 10:38:59,        0,  29.8,   2.5,  24.7,  0.556, -0.007,  0.000,4065352.1,  1,  22.2,   0.8, 0.100
2025-11-10 10:39:00,        0,  29.8,   2.5,  24.7,  0.546, -0.007,  0.000,4065345.8,  1,  22.1,   0.8, 0.100
2025-11-10 10:39:01,        0,  29.8,   2.5,  24.7,  2.410,  1.443,  0.009,4066008.0,  1,  22.2,   0.8, 0.100
2025-11-10 10:39:02,        0,  29.8,   2.5,  24.7,  1.510,  0.202,  0.000,4066839.5,  1,  22.2,   0.9, 0.100
2025-11-10 10:39:03,        0,  29.8,   2.3,  24.7,  1.002,  0.004,  0.000,4066856.7,  1,  22.1,   0.8, 0.100
2025-11-10 10:39:04,        0,  29.8,   2.5,  24.7,  0.920, -0.003,  0.000,4066855.0,  1,  22.1,   0.8, 0.100
2025-11-10 10:39:05,        0,  29.8,   2.5,  24.7,  0.866, -0.005,  0.000,4066850.4,  1,  22.2,   0.8, 0.100
2025-11-10 10:39:06,        0,  29.8,   2.5,  24.7,  0.799, -0.005,  0.000,4066845.4,  1,  22.1,   0.9, 0.100
2025-11-10 10:39:07,        0,  29.9,   2.7,  24.7,  0.762, -0.006,  0.000,4067301.8,  1,  22.2,   0.9, 0.100
2025-11-10 10:39:08,        0,  29.6,   1.7,  24.7,  2.509,  0.996,  0.004,4070716.5,  1,  22.2,   0.9, 0.100
2025-11-10 10:39:09,        0,  29.7,   2.0,  24.7,  1.475,  0.184,  0.000,4071179.2,  1,  22.1,   0.9, 0.100
2025-11-10 10:39:10,        0,  29.6,   1.7,  24.7,  1.069,  0.013,  0.000,4071191.4,  1,  22.2,   1.0, 0.100
2025-11-10 10:39:11,        0,  29.6,   1.8,  24.7,  0.928, -0.003,  0.000,4071189.7,  1,  22.1,   0.9, 0.100
2025-11-10 10:39:12,        0,  29.7,   2.0,  24.7,  0.876, -0.005,  0.000,4071184.2,  1,  22.2,   0.9, 0.100
2025-11-10 10:39:13,        0,  29.7,   2.0,  24.7,  0.813, -0.005,  0.000,4071178.8,  1,  22.2,   1.0, 0.100
2025-11-10 10:39:14,        0,  29.7,   2.2,  24.7,  0.777, -0.006,  0.000,4071173.8,  1,  22.2,   1.0, 0.100
2025-11-10 10:39:15,        0,  29.7,   2.2,  24.7,  0.745, -0.006,  0.000,4071167.5,  1,  22.2,   1.0, 0.100
2025-11-10 10:39:16,        0,  29.7,   2.2,  24.7,  0.705, -0.007,  0.000,4071161.2,  1,  22.2,   1.0, 0.100
2025-11-10 10:39:17,        0,  29.8,   2.3,  24.7,  0.670, -0.007,  0.000,4071153.7,  1,  22.2,   1.0, 0.100
2025-11-10 10:39:18,        0,  29.8,   2.3,  24.7,  0.651, -0.007,  0.000,4071146.9,  1,  22.1,   1.0, 0.100
2025-11-10 10:39:19,        0,  29.8,   2.3,  24.7,  0.633, -0.007,  0.000,4071140.7,  1,  22.2,   0.9, 0.100
2025-11-10 10:39:20,        0,  29.8,   2.3,  24.7,  0.618, -0.007,  0.000,4071134.0,  1,  22.2,   0.9, 0.100
2025-11-10 10:39:21,        0,  29.8,   2.5,  24.7,  0.597, -0.007,  0.000,4071126.4,  1,  22.2,   0.9, 0.100
2025-11-10 10:39:22,        0,  29.8,   2.5,  24.7,  0.578, -0.007,  0.000,4071119.7,  1,  22.2,   0.9, 0.100
2025-11-10 10:39:23,        0,  29.9,   2.7,  24.7,  0.567, -0.006,  0.000,4071113.4,  1,  22.2,   1.0, 0.100
2025-11-10 10:39:24,        0,  29.9,   2.7,  24.7,  0.556, -0.007,  0.000,4071107.6,  1,  22.2,   1.0, 0.100
2025-11-10 10:39:25,        0,  29.8,   2.5,  24.7,  3.125,  1.519,  0.006,4073571.4,  1,  22.2,   0.9, 0.100
2025-11-10 10:39:26,        0,  29.6,   1.8,  24.7,  1.172,  0.040,  0.000,4073609.6,  1,  22.2,   0.9, 0.100
2025-11-10 10:39:27,        0,  29.6,   1.8,  24.7,  0.951, -0.001,  0.000,4073611.2,  1,  22.2,   1.0, 0.100
2025-11-10 10:39:28,        0,  29.7,   2.0,  24.7,  0.889, -0.005,  0.000,4073607.0,  1,  22.2,   1.0, 0.100
2025-11-10 10:39:29,        0,  29.8,   2.3,  24.7,  0.840, -0.005,  0.000,4073602.0,  1,  22.2,   1.0, 0.100
2025-11-10 10:39:30,        0,  29.8,   2.5,  24.7,  0.780, -0.006,  0.000,4073596.1,  1,  22.2,   1.0, 0.100
2025-11-10 10:39:31,        0,  29.8,   2.3,  24.7,  0.746, -0.005,  0.000,4073590.3,  1,  22.2,   1.0, 0.100
2025-11-10 10:39:32,        0,  29.8,   2.3,  24.7,  0.701, -0.006,  0.000,4073584.4,  1,  22.2,   1.0, 0.100
2025-11-10 10:39:33,        0,  29.8,   2.3,  24.7,  0.676, -0.006,  0.000,4073579.0,  1,  22.2,   1.0, 0.100
2025-11-10 10:39:34,        0,  29.8,   2.3,  24.7,  0.643, -0.006,  0.000,4073571.4,  1,  22.1,   1.0, 0.100
2025-11-10 10:39:35,        0,  29.8,   2.5,  24.7,  0.626, -0.007,  0.000,4073565.1,  1,  22.2,   1.0, 0.100
2025-11-10 10:39:36,        0,  29.8,   2.5,  24.7,  0.602, -0.006,  0.000,4073558.8,  1,  22.1,   1.0, 0.100
2025-11-10 10:39:37,        0,  29.8,   2.5,  24.7,  0.587, -0.006,  0.000,4073552.6,  1,  22.2,   1.0, 0.100
2025-11-10 10:39:38,        0,  29.8,   2.5,  24.7,  0.573, -0.007,  0.000,4073545.8,  1,  22.1,   1.0, 0.100
2025-11-10 10:39:39,        0,  29.8,   2.5,  24.7,  0.556, -0.007,  0.000,4073538.3,  1,  22.2,   1.0, 0.100
2025-11-10 10:39:40,        0,  29.8,   2.3,  24.7,  0.545, -0.007,  0.000,4073531.6,  1,  22.1,   1.0, 0.100
2025-11-10 10:39:41,        0,  29.8,   2.5,  24.7,  0.530, -0.007,  0.000,4073525.7,  1,  22.2,   1.0, 0.100
2025-11-10 10:39:42,        0,  29.9,   2.7,  24.7,  2.631,  1.614,  0.010,4074927.2,  1,  22.1,   1.0, 0.100
2025-11-10 10:39:43,        0,  29.8,   2.5,  24.7,  6.321,  4.357,  0.028,4079964.3,  1,  22.2,   1.0, 0.100
2025-11-10 10:39:44,        0,  29.8,   2.5,  24.7,  1.829,  0.427,  0.001,4081113.5,  1,  22.2,   1.0, 0.100
2025-11-10 10:39:45,        0,  29.1,   0.2,  24.7,  1.117,  0.023,  0.000,4081135.7,  1,  22.2,   1.0, 0.100
2025-11-10 10:39:46,        0,  29.4,   1.2,  24.7,  0.945, -0.001,  0.000,4081136.1,  1,  22.2,   1.0, 0.100
2025-11-10 10:39:47,        0,  29.4,   1.3,  24.7,  0.890, -0.005,  0.000,4081130.6,  1,  22.2,   1.0, 0.100
2025-11-10 10:39:48,        0,  29.4,   1.2,  24.7,  0.827, -0.005,  0.000,4081125.6,  1,  22.2,   1.0, 0.100
2025-11-10 10:39:49,        0,  29.4,   1.3,  24.7,  0.791, -0.006,  0.000,4081120.2,  1,  22.2,   1.0, 0.100
2025-11-10 10:39:50,        0,  29.5,   1.5,  24.7,  0.758, -0.006,  0.000,4081114.7,  1,  22.2,   1.0, 0.100
2025-11-10 10:39:51,        0,  29.4,   1.3,  24.7,  0.713, -0.007,  0.000,4081108.4,  1,  22.2,   1.0, 0.100
2025-11-10 10:39:52,        0,  29.4,   1.3,  24.7,  0.676, -0.006,  0.000,4081101.3,  1,  22.2,   1.0, 0.100
2025-11-10 10:39:53,        0,  29.5,   1.5,  24.7,  0.656, -0.007,  0.000,4081094.6,  1,  22.2,   1.0, 0.100
2025-11-10 10:39:54,        0,  29.5,   1.5,  24.7,  0.636, -0.006,  0.000,4081088.7,  1,  22.2,   1.0, 0.100
2025-11-10 10:39:55,        0,  29.5,   1.5,  24.7,  0.620, -0.007,  0.000,4081082.4,  1,  22.2,   1.0, 0.100
2025-11-10 10:39:56,        0,  29.5,   1.5,  24.7,  0.597, -0.007,  0.000,4081074.9,  1,  22.2,   1.0, 0.100
2025-11-10 10:39:57,        0,  29.5,   1.5,  24.7,  0.578, -0.006,  0.000,4081068.6,  1,  22.2,   1.0, 0.100
2025-11-10 10:39:58,        0,  29.5,   1.5,  24.7,  0.566, -0.007,  0.000,4081061.9,  1,  22.2,   1.0, 0.100
2025-11-10 10:39:59,        0,  29.6,   1.7,  24.7,  0.556, -0.006,  0.000,4081055.6,  1,  22.2,   1.0, 0.100
2025-11-10 10:40:00,        0,  29.6,   1.7,  24.7,  0.540, -0.006,  0.000,4081049.7,  1,  22.2,   1.0, 0.100
2025-11-10 10:40:01,        0,  29.6,   1.7,  24.7,  0.530, -0.006,  0.000,4081042.2,  1,  22.1,   1.0, 0.100
2025-11-10 10:40:02,        0,  29.6,   1.8,  24.7,  0.517, -0.007,  0.000,4081035.9,  1,  22.2,   1.0, 0.100
2025-11-10 10:40:03,        0,  29.6,   1.7,  24.7,  0.508, -0.006,  0.000,4081030.1,  1,  22.2,   1.0, 0.100
2025-11-10 10:40:04,        0,  29.6,   1.8,  24.7,  0.501, -0.006,  0.000,4081024.2,  1,  22.2,   1.0, 0.100
2025-11-10 10:40:05,        0,  29.7,   2.0,  24.7,  0.490, -0.006,  0.000,4081017.1,  1,  22.2,   1.0, 0.100
2025-11-10 10:40:06,        0,  29.6,   1.8,  24.7,  0.482, -0.006,  0.000,4081010.8,  1,  22.2,   1.0, 0.100
2025-11-10 10:40:07,        0,  29.7,   2.0,  24.7,  0.472, -0.006,  0.000,4081004.5,  1,  22.2,   1.0, 0.100
2025-11-10 10:40:08,        0,  29.6,   1.9,  24.7,  0.466, -0.006,  0.000,4080999.0,  1,  22.2,   1.0, 0.100
2025-11-10 10:40:09,        0,  29.7,   2.0,  24.7,  0.457, -0.006,  0.000,4080991.9,  1,  22.2,   1.0, 0.100
2025-11-10 10:40:10,        0,  29.7,   2.2,  24.7,  0.452, -0.006,  0.000,4080986.5,  1,  22.2,   1.0, 0.100
2025-11-10 10:40:11,        0,  29.7,   2.0,  24.7,  0.447, -0.006,  0.000,4080980.6,  1,  22.2,   0.9, 0.100
2025-11-10 10:40:12,        0,  29.7,   2.0,  24.7,  0.439, -0.005,  0.000,4080975.1,  1,  22.2,   0.9, 0.100
2025-11-10 10:40:13,        0,  29.7,   2.0,  24.7,  0.434, -0.005,  0.000,4080969.7,  1,  22.2,   0.9, 0.100
2025-11-10 10:40:14,        0,  29.7,   2.2,  24.7,  0.427, -0.005,  0.000,4080963.0,  1,  22.2,   0.9, 0.100
2025-11-10 10:40:15,        0,  29.7,   2.2,  24.7,  0.423, -0.005,  0.000,4080958.4,  1,  22.2,   0.9, 0.100
2025-11-10 10:40:16,        0,  29.7,   2.0,  24.7,  0.416, -0.006,  0.000,4080952.5,  1,  22.2,   0.9, 0.100
2025-11-10 10:40:17,        0,  29.7,   2.2,  24.7,  0.412, -0.005,  0.000,4080947.5,  1,  22.2,   0.9, 0.100
2025-11-10 10:40:18,        0,  29.7,   2.2,  24.7,  0.406, -0.005,  0.000,4080941.2,  1,  22.2,   0.9, 0.100
2025-11-10 10:40:19,        0,  29.7,   2.2,  24.7,  0.402, -0.006,  0.000,4080935.8,  1,  22.2,   0.9, 0.100
2025-11-10 10:40:20,        0,  29.7,   2.2,  24.7,  0.398, -0.005,  0.000,4080931.1,  1,  22.2,   0.9, 0.100
2025-11-10 10:40:21,        0,  29.7,   2.2,  24.7,  0.394, -0.006,  0.000,4080925.3,  1,  22.2,   0.9, 0.100
2025-11-10 10:40:22,        0,  29.7,   2.2,  24.7,  0.389, -0.005,  0.000,4080919.8,  1,  22.1,   0.9, 0.100
2025-11-10 10:40:23,        0,  29.8,   2.3,  24.7,  0.385, -0.005,  0.000,4080914.0,  1,  22.1,   0.9, 0.100
2025-11-10 10:40:24,        0,  29.7,   2.2,  24.7,  0.381, -0.005,  0.000,4080908.9,  1,  22.2,   0.9, 0.100
2025-11-10 10:40:25,        0,  29.8,   2.3,  24.7,  0.379, -0.005,  0.000,77727001190.2,  1,  22.2,   0.9, 0.100
2025-11-10 10:40:26,        0,  29.8,   2.3,  24.7,  0.373, -0.005,  0.000,4080898.5,  1,  22.2,   0.9, 0.100
2025-11-10 10:40:27,        0,  29.8,   2.3,  24.7,  0.371, -0.005,  0.000,4080893.0,  1,  22.2,   0.9, 0.100
2025-11-10 10:40:28,        0,  29.8,   2.3,  24.7,  0.366, -0.005,  0.000,4080888.4,  1,  22.2,   0.9, 0.100
2025-11-10 10:40:29,        0,  29.8,   2.3,  24.7,  0.363, -0.005,  0.000,4080882.9,  1,  22.2,   0.9, 0.100
2025-11-10 10:40:30,        0,  29.8,   2.3,  24.7,  0.359, -0.005,  0.000,4080877.5,  1,  22.2,   0.9, 0.100
2025-11-10 10:40:31,        0,  29.8,   2.3,  24.7,  0.356, -0.005,  0.000,4080872.5,  1,  22.2,   0.9, 0.100
2025-11-10 10:40:32,        0,  29.8,   2.3,  24.7,106745.037, -0.005,  0.000,4080868.3,  1,  22.2,   0.9, 0.100
2025-11-10 10:40:33,        0,  29.8,   2.5,  24.7,  0.349, -0.005,  0.000,4080862.8,  1,  22.2,   0.9, 0.100
2025-11-10 10:40:34,        0,  29.8,   2.3,  24.7,  0.345, -0.005,  0.000,4080858.2,  1,  22.2,   0.9, 0.100
2025-11-10 10:40:35,        0,  29.8,   2.5,  24.7,  0.342, -0.005,  0.000,4080854.0,  1,  22.2,   0.9, 0.100
2025-11-10 10:40:36,        0,  29.9,   2.7,  24.7,  0.340, -0.005,  0.000,4080848.6,  1,  22.2,   0.9, 0.100
2025-11-10 10:40:37,        0,  29.8,   2.5,  24.7,  0.338, -0.005,  0.000,4080844.4,  1,  22.2,   0.9, 0.100
2025-11-10 10:40:38,        0,  29.9,   2.7,  24.7,  0.334, -0.005,  0.000,4080839.4,  1,  22.2,   0.9, 0.100
2025-11-10 10:40:39,        0,  29.9,   2.7,  24.7,  6.338,  4.359,  0.028,4084679.5,  1,  22.2,   0.9, 0.100
2025-11-10 10:40:40,        0,  29.6,   1.8,  24.7,  5.331,  3.457,  0.020,4087998.3,  1,  22.2,   0.8, 0.100
2025-11-10 10:40:41,        0,  28.8,   0.0,  24.7,  1.297,  0.082,  0.000,4088125.8,  1,  22.2,   0.8, 0.100
2025-11-10 10:40:42,        0,  29.6,   1.7,  24.7,  1.039,  0.009,  0.000,4088132.9,  1,  22.2,   0.8, 0.100
2025-11-10 10:40:43,        0,  29.2,   0.7,  24.7,  0.916, -0.003,  0.000,4088129.5,  1,  22.2,   0.8, 0.100
2025-11-10 10:40:44,        0,  29.4,   1.2,  24.7,  0.844, -0.006,  0.000,4088124.1,  1,  22.2,   0.8, 0.100
2025-11-10 10:40:45,        0,  29.4,   1.2,  24.7,  0.806, -0.006,  0.000,4088119.0,  1,  22.2,   0.8, 0.100
2025-11-10 10:40:46,        0,  29.4,   1.2,  24.7,  0.770, -0.006,  0.000,4088113.2,  1,  22.2,   0.8, 0.100
2025-11-10 10:40:47,        0,  29.4,   1.2,  24.7,  0.723, -0.006,  0.000,4088106.5,  1,  22.2,   0.8, 0.100
2025-11-10 10:40:48,        0,  29.4,   1.2,  24.7,  0.696, -0.007,  0.000,4088100.6,  1,  22.2,   0.8, 0.100
2025-11-10 10:40:49,        0,  29.4,   1.2,  24.7,  0.661, -0.007,  0.000,4088094.3,  1,  22.2,   0.8, 0.100
2025-11-10 10:40:50,        0,  29.3,   1.0,  24.7,  0.640, -0.007,  0.000,4088088.5,  1,  22.2,   0.8, 0.100
2025-11-10 10:40:51,        0,  29.4,   1.3,  24.7,  0.612, -0.007,  0.000,4088080.9,  1,  22.2,   0.8, 0.100
2025-11-10 10:40:52,        0,  29.4,   1.3,  24.7,  0.596, -0.007,  0.000,4088074.6,  1,  22.2,   0.8, 0.100
2025-11-10 10:40:53,        0,  29.4,   1.2,  24.7,  0.581, -0.006,  0.000,4088068.3,  1,  22.2,   0.8, 0.100
2025-11-10 10:40:54,        0,  29.4,   1.3,  24.7,  0.561, -0.006,  0.000,4088062.5,  1,  22.2,   0.8, 0.100
2025-11-10 10:40:55,        0,  29.4,   1.2,  24.7,  0.548, -0.007,  0.000,4088056.6,  1,  22.2,   0.8, 0.100
2025-11-10 10:40:56,        0,  29.4,   1.3,  24.7,  0.530, -0.006,  0.000,4088049.5,  1,  22.2,   0.8, 0.100
2025-11-10 10:40:57,        0,  29.4,   1.3,  24.7,  0.520, -0.006,  0.000,4088043.6,  1,  22.2,   0.8, 0.100
2025-11-10 10:40:58,        0,  29.4,   1.3,  24.7,  0.511, -0.006,  0.000,4088038.2,  1,  22.2,   0.9, 0.100
2025-11-10 10:40:59,        0,  29.4,   1.2,  24.7,  0.495, -0.006,  0.000,4088032.3,  1,  22.2,   0.9, 0.100
2025-11-10 10:41:00,        0,  29.4,   1.2,  24.7,  0.482, -0.006,  0.000,4088025.2,  1,  22.2,   0.9, 0.100
2025-11-10 10:41:01,        0,  29.4,   1.3,  24.7,  0.474, -0.006,  0.000,4088019.3,  1,  22.2,   0.9, 0.100
2025-11-10 10:41:02,        0,  29.4,   1.2,  24.7,  0.467, -0.006,  0.000,4088013.9,  1,  22.2,   0.9, 0.100
2025-11-10 10:41:03,        0,  29.4,   1.3,  24.7,  0.455, -0.005,  0.000,4088008.4,  1,  22.2,   0.9, 0.100
2025-11-10 10:41:04,        0,  29.4,   1.3,  24.7,  0.449, -0.005,  0.000,4088002.1,  1,  22.2,   0.9, 0.100
2025-11-10 10:41:05,        0,  29.4,   1.3,  24.7,  0.439, -0.005,  0.000,4087996.7,  1,  22.2,   0.9, 0.100
2025-11-10 10:41:06,        0,  29.4,   1.3,  24.7,  0.432, -0.005,  0.000,4087991.2,  1,  22.2,   0.9, 0.100
2025-11-10 10:41:07,        0,  29.4,   1.3,  24.7,  0.426, -0.006,  0.000,4087986.2,  1,  22.2,   0.9, 0.100
2025-11-10 10:41:08,        0,  29.5,   1.5,  24.7,  0.418, -0.005,  0.000,4087980.7,  1,  22.2,   0.9, 0.100
2025-11-10 10:41:09,        0,  29.4,   1.3,  24.7,  0.413, -0.005,  0.000,4087974.9,  1,  22.2,   1.0, 0.100
2025-11-10 10:41:10,        0,  29.4,   1.3,  24.7,  0.404, -0.005,  0.000,4087969.8,  1,  22.2,   1.0, 0.100
2025-11-10 10:41:11,        0,  29.4,   1.3,  24.7,  0.400, -0.005,  0.000,4087964.8,  1,  22.2,   1.0, 0.100
2025-11-10 10:41:12,        0,  29.4,   1.3,  24.7,  0.395, -0.005,  0.000,4087959.8,  1,  22.2,   1.0, 0.100
2025-11-10 10:41:13,        0,  29.5,   1.5,  24.7,  0.388, -0.005,  0.000,4087953.9,  1,  22.2,   1.0, 0.100
2025-11-10 10:41:14,        0,  29.4,   1.3,  24.7,  0.383, -0.005,  0.000,4087949.3,  1,  22.2,   1.0, 0.100
2025-11-10 10:41:15,        0,  29.5,   1.5,  24.7,  0.377, -0.005,  0.000,4087944.7,  1,  22.2,   1.0, 0.100
2025-11-10 10:41:16,        0,  29.6,   1.7,  24.7,  0.373, -0.005,  0.000,4087939.7,  1,  22.2,   1.0, 0.100
2025-11-10 10:41:17,        0,  29.5,   1.5,  24.7,  0.367, -0.005,  0.000,4087934.2,  1,  22.2,   1.0, 0.100
2025-11-10 10:41:18,        0,  29.6,   1.7,  24.7,  0.363, -0.005,  0.000,4087929.6,  1,  22.2,   1.0, 0.100
2025-11-10 10:41:19,        0,  29.6,   1.7,  24.7,  0.357, -0.005,  0.000,4087925.0,  1,  22.2,   1.0, 0.100
2025-11-10 10:41:20,        0,  29.6,   1.7,  24.7,  0.354, -0.005,  0.000,4087920.8,  1,  22.2,   1.0, 0.100
2025-11-10 10:41:21,        0,  29.5,   1.5,  24.7,  0.351, -0.005,  0.000,4087915.8,  1,  22.2,   1.0, 0.100
2025-11-10 10:41:22,        0,  29.5,   1.5,  24.7,  0.346, -0.005,  0.000,4087910.8,  1,  22.2,   1.0, 0.100
2025-11-10 10:41:23,        0,  29.5,   1.5,  24.7,  0.342, -0.004,  0.000,4087905.7,  1,  22.2,   0.9, 0.100
2025-11-10 10:41:24,        0,  29.6,   1.7,  24.7,  0.337, -0.005,  0.000,4087901.5,  1,  22.2,   0.9, 0.100
2025-11-10 10:41:25,        0,  29.6,   1.7,  24.7,  0.334, -0.005,  0.000,4087897.3,  1,  22.2,   0.9, 0.100
2025-11-10 10:41:26,        0,  29.6,   1.7,  24.7,  0.329, -0.004,  0.000,4087891.9,  1,  22.2,   0.8, 0.100
2025-11-10 10:41:27,        0,  29.6,   1.7,  24.7,  0.327, -0.004,  0.000,4087888.1,  1,  22.2,   0.8, 0.100
2025-11-10 10:41:28,        0,  29.6,   1.7,  24.7,  0.324, -0.004,  0.000,4087883.9,  1,  22.2,   0.8, 0.100
2025-11-10 10:41:29,        0,  29.5,   1.5,  24.7,  0.320, -0.005,  0.000,4087880.2,  1,  22.2,   0.8, 0.100
2025-11-10 10:41:30,        0,  29.6,   1.7,  24.7,  0.317, -0.004,  0.000,4087876.4,  1,  22.2,   0.8, 0.100
2025-11-10 10:41:31,        0,  29.6,   1.7,  24.7,  0.313, -0.004,  0.000,4087871.4,  1,  22.2,   0.8, 0.100
2025-11-10 10:41:32,        0,  29.6,   1.7,  24.7,  0.310, -0.004,  0.000,4087867.2,  1,  22.2,   0.8, 0.100
2025-11-10 10:41:33,        0,  29.6,   1.7,  24.7,  0.308, -0.004,  0.000,4087863.4,  1,  22.2,   0.8, 0.100
2025-11-10 10:41:34,        0,  29.5,   1.5,  24.7,  0.304, -0.004,  0.000,4087859.2,  1,  22.2,   0.8, 0.100
2025-11-10 10:41:35,        0,  29.6,   1.8,  24.7,  0.301, -0.004,  0.000,4087854.2,  1,  22.2,   0.8, 0.100
2025-11-10 10:41:36,        0,  29.6,   1.7,  24.7,  0.298, -0.004,  0.000,4087850.4,  1,  22.2,   0.8, 0.100
2025-11-10 10:41:37,        0,  29.6,   1.7,  24.7,  0.295, -0.004,  0.000,4087846.6,  1,  22.2,   0.8, 0.100
2025-11-10 10:41:38,        0,  29.6,   1.8,  24.7,  0.293, -0.004,  0.000,4087843.3,  1,  22.2,   0.8, 0.100
2025-11-10 10:41:39,        0,  29.6,   1.8,  24.7,  0.289, -0.004,  0.000,4087838.7,  1,  22.2,   0.8, 0.100
2025-11-10 10:41:40,        0,  29.6,   1.7,  24.7,  0.286, -0.004,  0.000,4087835.3,  1,  22.2,   0.8, 0.100
2025-11-10 10:41:41,        0,  29.6,   1.8,  24.7,  0.284, -0.004,  0.000,4087832.0,  1,  22.2,   0.8, 0.100
2025-11-10 10:41:42,        0,  29.6,   1.8,  24.7,  0.282, -0.003,  0.000,4087828.2,  1,  22.2,   0.8, 0.100
2025-11-10 10:41:43,        0,  29.6,   1.8,  24.7,  0.280, -0.004,  0.000,4087824.4,  1,  22.2,   0.8, 0.100
2025-11-10 10:41:44,        0,  29.6,   1.8,  24.7,  0.276, -0.004,  0.000,4087820.2,  1,  22.2,   0.8, 0.100
2025-11-10 10:41:45,        0,  29.6,   1.8,  24.7,  0.273, -0.004,  0.000,4087816.9,  1,  22.2,   0.8, 0.100
2025-11-10 10:41:46,        0,  29.6,   1.8,  24.7,  0.271, -0.004,  0.000,4087813.1,  1,  22.2,   0.9, 0.100
2025-11-10 10:41:47,        0,  29.6,   1.8,  24.7,  0.269, -0.004,  0.000,4087809.8,  1,  22.2,   0.8, 0.100
2025-11-10 10:41:48,        0,  29.6,   1.8,  24.7,  0.266, -0.004,  0.000,4087805.1,  1,  22.2,   0.9, 0.100
2025-11-10 10:41:49,        0,  29.7,   2.0,  24.7,  0.264, -0.003,  0.000,4087801.8,  1,  22.2,   0.9, 0.100
2025-11-10 10:41:50,        0,  29.7,   2.0,  24.7,  0.262, -0.004,  0.000,4087798.0,  1,  22.2,   0.9, 0.100
2025-11-10 10:41:51,        0,  29.6,   1.8,  24.7,  0.260, -0.003,  0.000,4087794.7,  1,  22.2,   0.9, 0.100
2025-11-10 10:41:52,        0,  29.7,   2.0,  24.7,  0.257, -0.003,  0.000,4087790.5,  1,  22.2,   0.9, 0.100
2025-11-10 10:41:53,        0,  29.6,   1.8,  24.7,  0.256, -0.004,  0.000,4087787.5,  1,  22.2,   0.9, 0.100
2025-11-10 10:41:54,        0,  29.6,   1.8,  24.7,  0.254, -0.003,  0.000,4087783.8,  1,  22.2,   0.9, 0.100
2025-11-10 10:41:55,        0,  29.7,   2.0,  24.7,  0.251, -0.003,  0.000,4087780.4,  1,  22.2,   0.9, 0.100
2025-11-10 10:41:56,        0,  29.6,   1.8,  24.7,  0.250, -0.003,  0.000,4087777.5,  1,  22.2,   0.9, 0.100
2025-11-10 10:41:57,        0,  29.6,   1.8,  24.7,  0.247, -0.003,  0.000,4087773.7,  1,  22.2,   0.9, 0.100
2025-11-10 10:41:58,        0,  29.7,   2.0,  24.7,  0.246, -0.004,  0.000,4087770.4,  1,  22.2,   0.9, 0.100
2025-11-10 10:41:59,        0,  29.6,   1.8,  24.7,  0.244, -0.004,  0.000,4087767.0,  1,  22.2,   1.0, 0.100
2025-11-10 10:42:00,        0,  29.6,   1.9,  24.7,  0.242, -0.003,  0.000,4087763.7,  1,  22.2,   1.0, 0.100
2025-11-10 10:42:01,        0,  29.7,   2.0,  24.7,  0.239, -0.003,  0.000,4087760.3,  1,  22.2,   1.0, 0.100
2025-11-10 10:42:02,        0,  29.7,   2.0,  24.7,  0.239, -0.003,  0.000,4087757.8,  1,  22.2,   1.0, 0.100
2025-11-10 10:42:03,        0,  29.7,   2.0,  24.7,  0.237, -0.003,  0.000,4087754.4,  1,  22.2,   1.0, 0.100
2025-11-10 10:42:04,        0,  29.7,   2.0,  24.7,  0.235, -0.003,  0.000,4087751.5,  1,  22.2,   1.0, 0.100
2025-11-10 10:42:05,        0,  29.7,   2.0,  24.7,  0.233, -0.003,  0.000,4087747.7,  1,  22.2,   1.0, 0.100
2025-11-10 10:42:06,        0,  29.7,   2.0,  24.7,  0.232, -0.003,  0.000,4087744.4,  1,  22.2,   1.0, 0.100
2025-11-10 10:42:07,        0,  29.7,   2.0,  24.7,  0.230, -0.003,  0.000,4087741.4,  1,  22.2,   1.0, 0.100
2025-11-10 10:42:08,        0,  29.7,   2.0,  24.7,  0.229, -0.003,  0.000,4087738.9,  1,  22.2,   1.0, 0.100
2025-11-10 10:42:09,        0,  29.7,   2.0,  24.7,  0.227, -0.003,  0.000,4087735.2,  1,  22.2,   1.0, 0.100
2025-11-10 10:42:10,        0,  29.7,   2.0,  24.7,  0.226, -0.003,  0.000,4087732.2,  1,  22.2,   1.0, 0.100
2025-11-10 10:42:11,        0,  29.7,   2.0,  24.7,  0.224, -0.003,  0.000,4087729.3,  1,  22.2,   1.0, 0.100
2025-11-10 10:42:12,        0,  29.6,   1.7,  24.7,  0.223, -0.003,  0.000,4087725.9,  1,  22.2,   1.0, 0.100
2025-11-10 10:42:13,        0,  29.7,   2.0,  24.7,  0.221, -0.003,  0.000,4087723.4,  1,  22.2,   1.0, 0.100
2025-11-10 10:42:14,        0,  29.7,   2.2,  24.7,  0.220, -0.003,  0.000,4087720.5,  1,  22.2,   1.0, 0.100
2025-11-10 10:42:15,        0,  29.7,   2.2,  24.7,  0.218, -0.003,  0.000,4087717.6,  1,  22.2,   1.0, 0.100
2025-11-10 10:42:16,        0,  29.7,   2.0,  24.7,  0.217, -0.003,  0.000,4087714.6,  1,  22.2,   0.9, 0.100
2025-11-10 10:42:17,        0,  29.7,   2.2,  24.7,  0.216, -0.003,  0.000,4087710.8,  1,  22.2,   0.9, 0.100
2025-11-10 10:42:18,        0,  29.7,   2.0,  24.7,  0.214, -0.003,  0.000,4087708.3,  1,  22.2,   0.9, 0.100
2025-11-10 10:42:19,        0,  29.7,   2.2,  24.7,  0.214, -0.003,  0.000,4087705.8,  1,  22.2,   0.9, 0.100
2025-11-10 10:42:20,        0,  29.7,   2.2,  24.7,  0.212, -0.003,  0.000,4087701.6,  1,  22.2,   0.9, 0.100
2025-11-10 10:42:21,        0,  29.7,   2.2,  24.7,  0.211, -0.003,  0.000,4087699.1,  1,  22.2,   0.9, 0.100
2025-11-10 10:42:22,        0,  29.7,   2.0,  24.7,  0.210, -0.003,  0.000,4087696.6,  1,  22.2,   0.9, 0.100
2025-11-10 10:42:23,        0,  29.6,   1.8,  24.7,  0.209, -0.003,  0.000,4087693.7,  1,  22.2,   0.9, 0.100
2025-11-10 10:42:24,        0,  29.7,   2.0,  24.7,  0.207, -0.003,  0.000,4087690.7,  1,  22.2,   0.9, 0.100
2025-11-10 10:42:25,        0,  29.7,   2.2,  24.7,  0.206, -0.003,  0.000,4087687.4,  1,  22.2,   0.9, 0.100
2025-11-10 10:42:26,        0,  29.7,   2.2,  24.7,  0.205, -0.003,  0.000,4087684.4,  1,  22.2,   0.9, 0.100
2025-11-10 10:42:27,        0,  29.7,   2.2,  24.7,  0.204, -0.003,  0.000,4087681.9,  1,  22.2,   0.8, 0.100
2025-11-10 10:42:28,        0,  29.7,   2.2,  24.7,  0.203, -0.003,  0.000,4087679.0,  1,  22.2,   0.8, 0.100
2025-11-10 10:42:29,        0,  29.7,   2.2,  24.7,  0.202, -0.002,  0.000,4087676.1,  1,  22.2,   0.8, 0.100
2025-11-10 10:42:30,        0,  29.7,   2.2,  24.7,  0.201, -0.003,  0.000,4087673.5,  1,  22.2,   0.8, 0.100
2025-11-10 10:42:31,        0,  29.7,   2.2,  24.7,  0.201, -0.003,  0.000,4087670.6,  1,  22.2,   0.9, 0.100
2025-11-10 10:42:32,        0,  29.7,   2.2,  24.7,  0.200, -0.003,  0.000,4087668.1,  1,  22.2,   0.8, 0.100
