Time, Cnts,  %T, set_Cell[mA], Cell[°C], Cell[Volt], Cell[mA], Cell[W], Cell[uAs], Cell_ON, Env[°C], TEC[°C], N2Flow[slpm]
2025-10-13 12:21:20,        0,  29.6,   1.7,  24.7,  0.149, -0.003,  0.000,     -2.6,  1,  21.5,   1.0, 0.100
2025-10-13 12:21:21,        0,  29.5,   1.5,  24.7,  0.149, -0.002,  0.000,     -4.6,  1,  21.4,   1.0, 0.100
2025-10-13 12:21:22,        0,  29.6,   1.7,  24.7,  0.149, -0.002,  0.000,     -7.2,  1,  21.5,   1.0, 0.100
2025-10-13 12:21:23,        0,  29.6,   1.7,  24.7,  0.149, -0.002,  0.000,     -9.2,  1,  21.4,   1.0, 0.099
2025-10-13 12:21:24,        0,  29.6,   1.7,  24.7,  0.148, -0.002,  0.000,    -11.4,  1,  21.5,   1.0, 0.099
2025-10-13 12:21:25,        0,  29.5,   1.5,  24.7,  0.149, -0.002,  0.000,    -13.4,  1,  21.5,   1.0, 0.099
2025-10-13 12:21:26,        0,  29.6,   1.7,  24.7,  0.149, -0.002,  0.000,    -15.7,  1,  21.4,   1.0, 0.099
2025-10-13 12:21:27,        0,  29.6,   1.7,  24.7,  0.147, -0.002,  0.000,    -18.0,  1,  21.5,   1.0, 0.099
2025-10-13 12:21:28,        0,  29.6,   1.7,  24.7,  0.148, -0.002,  0.000,    -20.0,  1,  21.5,   1.0, 0.099
2025-10-13 12:21:29,        0,  29.5,   1.5,  24.7,  0.148, -0.002,  0.000,    -21.7,  1,  21.5,   1.0, 0.099
2025-10-13 12:21:30,        0,  29.6,   1.7,  24.7,  0.147, -0.002,  0.000,    -24.3,  1,  21.5,   1.0, 0.100
2025-10-13 12:21:31,        0,  29.5,   1.5,  24.7,  0.146, -0.002,  0.000,    -26.3,  1,  21.5,   1.0, 0.100
2025-10-13 12:21:32,        0,  29.6,   1.7,  24.7,  0.146, -0.002,  0.000,    -28.3,  1,  21.5,   1.0, 0.100
2025-10-13 12:21:33,        0,  29.6,   1.9,  24.7,  0.146, -0.002,  0.000,    -30.0,  1,  21.5,   1.0, 0.100
2025-10-13 12:21:34,        0,  29.6,   1.9,  24.7,  0.145, -0.002,  0.000,    -32.3,  1,  21.5,   1.0, 0.100
2025-10-13 12:21:35,        0,  29.8,   2.4,  24.7,  0.146, -0.003,  0.000,    -34.6,  1,  21.5,   1.0, 0.100
2025-10-13 12:21:36,        0,  30.3,   3.8,  24.7,  1.330,  1.125,  0.006,   2122.6,  1,  21.5,   1.0, 0.100
2025-10-13 12:21:37,        0,  30.7,   5.1,  24.7,  6.316,  5.602,  0.035,   7376.0,  1,  21.5,   1.0, 0.100
2025-10-13 12:21:38,        0,  30.3,   3.8,  24.7,  6.365,  5.665,  0.036,  13546.4,  1,  21.5,   1.0, 0.100
2025-10-13 12:21:39,        0,  31.6,   7.7,  24.7,  8.975,  8.782,  0.080,  20278.4,  1,  21.5,   1.0, 0.100
2025-10-13 12:21:40,        0,  32.6,  10.7,  24.7,  9.349,  9.227,  0.087,  29568.4,  1,  21.5,   1.0, 0.100
2025-10-13 12:21:41,        0,  33.2,  12.5,  24.7, 11.084, 11.315,  0.126,  40826.8,  1,  21.5,   1.0, 0.100
2025-10-13 12:21:42,        0,  32.8,  11.4,  24.7, 13.900, 14.708,  0.205,  57972.1,  1,  21.5,   1.0, 0.101
2025-10-13 12:21:43,        0,  34.7,  17.2,  24.7, 14.819, 15.795,  0.235,  73635.0,  1,  21.4,   1.0, 0.102
2025-10-13 12:21:44,        0,  35.3,  19.0,  24.7, 18.112, 19.778,  0.359,  93108.6,  1,  21.5,   1.0, 0.101
2025-10-13 12:21:45,        0,  38.1,  27.3,  24.7, 18.633, 20.418,  0.381, 114143.1,  1,  21.5,   1.0, 0.094
2025-10-13 12:21:46,        0,  37.2,  24.6,  24.7, 27.551, 31.219,  0.864, 148192.7,  1,  21.4,   1.0, 0.097
2025-10-13 12:21:47,        0,  36.1,  21.3,  24.6, 30.019, 34.234,  1.028, 179003.1,  1,  21.4,   1.0, 0.098
2025-10-13 12:21:48,        0,  41.0,  35.9,  24.6, 30.915, 35.393,  1.130, 211669.1,  1,  21.4,   1.0, 0.098
2025-10-13 12:21:49,        0,  42.5,  40.4,  24.7, 42.377, 49.544,  2.105, 255354.9,  1,  21.4,   1.0, 0.099
2025-10-13 12:21:50,        0,  43.4,  43.2,  24.6, 45.234, 53.272,  2.411, 311710.2,  1,  21.4,   0.9, 0.099
2025-10-13 12:21:51,        0,  45.2,  48.7,  24.7, 38.332, 44.861,  1.722, 355437.7,  1,  21.4,   1.0, 0.099
2025-10-13 12:21:52,        0,  45.0,  48.1,  24.6, 44.837, 53.062,  2.384, 406524.5,  1,  21.4,   1.0, 0.100
2025-10-13 12:21:53,        0,  46.2,  51.5,  24.7, 48.107, 57.283,  2.761, 460882.8,  1,  21.4,   1.0, 0.100
2025-10-13 12:21:54,        0,  44.3,  45.8,  24.6, 46.513, 55.594,  2.593, 526633.7,  1,  21.4,   1.0, 0.100
2025-10-13 12:21:55,        0,  43.2,  42.5,  24.7, 37.008, 43.731,  1.626, 572212.4,  1,  21.4,   1.0, 0.100
2025-10-13 12:21:56,        0,  48.6,  58.8,  24.7, 50.954, 61.314,  3.129, 627091.9,  1,  21.4,   0.9, 0.100
2025-10-13 12:21:57,        0,  47.2,  54.7,  24.7, 48.138, 57.996,  2.815, 684398.5,  1,  21.4,   1.0, 0.100
2025-10-13 12:21:58,        0,  47.0,  54.0,  24.7, 51.842, 62.809,  3.259, 744697.4,  1,  21.4,   1.0, 0.100
2025-10-13 12:21:59,        0,  46.5,  52.6,  24.7, 45.297, 54.536,  2.492, 807725.5,  1,  21.4,   1.0, 0.100
2025-10-13 12:22:00,        0,  46.5,  52.6,  24.7, 48.650, 59.050,  2.888, 865903.5,  1,  21.5,   1.0, 0.111
2025-10-13 12:22:01,        0,  44.9,  47.6,  24.7, 48.140, 58.447,  2.815, 921153.9,  1,  21.4,   1.0, 0.110
2025-10-13 12:22:02,        0,  47.6,  55.9,  24.7, 51.910, 63.292,  3.291, 977954.7,  1,  21.4,   1.0, 0.104
2025-10-13 12:22:03,        0,  44.8,  47.3,  24.7, 42.564, 51.431,  2.193,1041204.1,  1,  21.4,   1.0, 0.101
2025-10-13 12:22:04,        0,  45.3,  48.9,  24.7, 46.469, 56.352,  2.622,1094053.3,  1,  21.4,   1.0, 0.100
2025-10-13 12:22:05,        0,  45.2,  48.5,  24.7, 32.539, 38.539,  1.259,1137610.5,  1,  21.4,   1.0, 0.100
2025-10-13 12:22:06,        0,  40.2,  33.7,  24.7, 36.304, 43.305,  1.574,1180945.6,  1,  21.4,   1.0, 0.100
2025-10-13 12:22:07,        0,  45.0,  48.1,  24.7, 35.881, 42.617,  1.542,1229768.7,  1,  21.4,   1.0, 0.100
2025-10-13 12:22:08,        0,  37.3,  24.8,  24.7, 35.077, 41.610,  1.468,1269998.6,  1,  21.4,   1.0, 0.100
2025-10-13 12:22:09,        0,  43.7,  44.1,  24.7, 26.574, 30.768,  0.828,1304273.2,  1,  21.4,   1.0, 0.100
2025-10-13 12:22:10,        0,  41.6,  37.9,  24.7, 35.441, 41.960,  1.490,1347670.9,  1,  21.4,   1.0, 0.100
2025-10-13 12:22:11,        0,  42.2,  39.7,  24.7, 36.472, 43.199,  1.584,1398354.6,  1,  21.4,   1.0, 0.100
2025-10-13 12:22:12,        0,  44.5,  46.5,  24.7, 36.256, 42.883,  1.558,1439809.0,  1,  21.4,   1.0, 0.100
2025-10-13 12:22:13,        0,  37.9,  26.6,  24.7, 38.202, 45.349,  1.737,1482118.6,  1,  21.4,   1.0, 0.100
2025-10-13 12:22:14,        0,  42.6,  40.9,  24.7, 35.455, 41.817,  1.513,1520970.0,  1,  21.4,   1.0, 0.100
2025-10-13 12:22:15,        0,  42.2,  39.5,  24.7, 32.682, 38.291,  1.255,1567664.7,  1,  21.4,   1.0, 0.100
2025-10-13 12:22:16,        0,  42.2,  39.5,  24.7, 42.211, 50.176,  2.123,1611794.0,  1,  21.4,   1.0, 0.100
2025-10-13 12:22:17,        0,  42.6,  40.7,  24.7, 38.898, 46.069,  1.797,1654481.6,  1,  21.5,   1.0, 0.100
2025-10-13 12:22:18,        0,  43.2,  42.7,  24.7, 36.819, 43.461,  1.604,1696241.3,  1,  21.4,   1.0, 0.100
2025-10-13 12:22:19,        0,  42.8,  41.4,  24.7, 34.340, 40.324,  1.387,1744711.6,  1,  21.4,   1.0, 0.100
2025-10-13 12:22:20,        0,  41.5,  37.4,  24.8, 36.927, 43.575,  1.614,1787008.8,  1,  21.4,   1.0, 0.100
2025-10-13 12:22:21,        0,  39.5,  31.5,  24.8, 34.992, 41.156,  1.442,1823052.2,  1,  21.4,   1.0, 0.100
2025-10-13 12:22:22,        0,  41.2,  36.5,  24.8, 37.848, 44.625,  1.693,1861435.0,  1,  21.4,   1.0, 0.100
2025-10-13 12:22:23,        0,  38.5,  28.5,  24.8, 29.715, 34.407,  1.034,1905991.8,  1,  21.4,   1.0, 0.100
2165-165-165 45:165:85,        0,  45.2,  48.5,  24.7, 41.987, 49.701,  2.088,1947877.8,  1,  21.4,   1.0, 0.100
2025-10-13 12:22:25,        0,  42.4,  40.2,  24.8, 37.562, 44.225,  1.671,1990265.3,  1,  21.4,   1.0, 0.100
2025-10-13 12:22:26,        0,  44.1,  45.3,  24.8, 39.766, 47.001,  1.869,2044406.1,  1,  21.4,   1.0, 0.100
2025-10-13 12:22:27,        0,  45.5,  49.5,  24.8, 39.988, 47.347,  1.895,2090787.0,  1,  21.4,   1.0, 0.100
2025-10-13 12:22:28,        0,  38.3,  27.8,  24.8, 32.738, 38.327,  1.269,2132571.4,  1,  21.4,   1.0, 0.100
2025-10-13 12:22:29,        0,  42.9,  41.6,  24.8, 39.845, 47.122,  1.887,2172057.9,  1,  21.4,   1.0, 0.100
2025-10-13 12:22:30,        0,  43.6,  43.7,  24.8, 36.054, 42.513,  1.534,2227612.1,  1,  21.5,   1.0, 0.100
2025-10-13 12:22:31,        0,  43.9,  44.8,  24.8, 34.427, 40.370,  1.396,2269269.7,  1,  21.4,   1.0, 0.100
2025-10-13 12:22:32,        0,  44.1,  45.3,  24.8, 40.919, 48.486,  1.997,2315862.2,  1,  21.4,   1.0, 0.100
2025-10-13 12:22:33,        0,  42.0,  38.9,  24.8, 43.226, 51.415,  2.226,2362383.0,  1,  21.5,   1.0, 0.100
2025-10-13 12:22:34,        0,  44.8,  47.4,  24.8, 45.211, 53.915,  2.440,2422300.7,  1,  21.4,   1.0, 0.100
2025-10-13 12:22:35,        0,  45.9,  50.6,  24.8, 44.705, 53.403,  2.388,2472230.6,  1,  21.5,   1.0, 0.100
2025-10-13 12:22:36,        0,  44.5,  46.4,  24.8, 41.789, 49.782,  2.100,2519766.3,  1,  21.5,   1.0, 0.100
2025-10-13 12:22:37,        0,  41.3,  37.0,  24.9, 44.985, 53.693,  2.416,2569737.7,  1,  21.4,   1.0, 0.100
2025-10-13 12:22:38,        0,  44.4,  46.2,  24.9, 47.487, 56.888,  2.703,2630330.9,  1,  21.5,   1.0, 0.100
2025-10-13 12:22:39,        0,  44.1,  45.3,  24.8, 41.530, 49.455,  2.058,2676710.7,  1,  21.4,   1.0, 0.100
2025-10-13 12:22:40,        0,  41.2,  36.7,  24.9, 41.309, 49.122,  2.060,2724239.4,  1,  21.4,   1.0, 0.100
2025-10-13 12:22:41,        0,  46.3,  51.8,  24.9, 45.522, 54.420,  2.481,2772986.9,  1,  21.5,   1.0, 0.100
2025-10-13 12:22:42,        0,  41.9,  38.6,  24.9, 42.001, 50.153,  2.112,2835065.6,  1,  21.4,   1.0, 0.100
2025-10-13 12:22:43,        0,  46.8,  53.4,  24.9, 44.709, 53.505,  2.395,2884287.9,  1,  21.5,   1.0, 0.100
2025-10-13 12:22:44,        0,  42.8,  41.4,  24.9, 41.883, 49.995,  2.130,2934218.7,  1,  21.4,   1.0, 0.100
2025-10-13 12:22:45,        0,  46.8,  53.4,  24.9, 42.665, 50.878,  2.183,2980745.4,  1,  21.5,   1.0, 0.100
2025-10-13 12:22:46,        0,  42.7,  41.1,  24.9, 47.815, 57.506,  2.751,3045740.7,  1,  21.5,   1.0, 0.100
2025-10-13 12:22:47,        0,  41.1,  36.3,  24.9, 41.324, 49.273,  2.039,3090436.6,  1,  21.4,   1.0, 0.100
2025-10-13 12:22:48,        0,  42.8,  41.5,  25.0, 40.934, 48.750,  1.996,3134652.2,  1,  21.4,   1.0, 0.100
2025-10-13 12:22:49,        0,  44.2,  45.5,  24.9, 40.703, 48.465,  1.974,3180695.7,  1,  21.4,   1.0, 0.100
2025-10-13 12:22:50,        0,  44.6,  46.7,  24.9, 39.966, 47.519,  1.899,3227204.3,  1,  21.4,   1.0, 0.100
2025-10-13 12:22:51,        0,  43.2,  42.5,  24.9, 39.576, 47.030,  1.866,3281795.9,  1,  21.4,   1.0, 0.100
2025-10-13 12:22:52,        0,  43.0,  42.1,  25.0, 37.689, 44.546,  1.683,3325808.8,  1,  21.5,   1.0, 0.100
2025-10-13 12:22:53,        0,  37.6,  25.7,  25.0, 34.709, 40.807,  1.419,3365220.3,  1,  21.5,   1.0, 0.100
2025-10-13 12:22:54,        0,  41.7,  38.1,  25.0, 29.301, 33.892,  1.021,3403256.6,  1,  21.4,   1.0, 0.100
2025-10-13 12:22:55,        0,  37.2,  24.7,  25.0, 38.981, 45.966,  1.797,3455430.8,  1,  21.5,   1.0, 0.100
2025-10-13 12:22:56,        0,  42.8,  41.4,  25.0, 33.696, 39.158,  1.321,3488899.5,  1,  21.4,   1.0, 0.100
2025-10-13 12:22:57,        0,  43.4,  43.2,  25.0, 39.789, 46.815,  1.865,3533664.5,  1,  21.5,   0.9, 0.100
2025-10-13 12:22:58,        0,  38.6,  28.7,  25.0, 36.588, 42.897,  1.583,3575459.2,  1,  21.5,   1.0, 0.100
2025-10-13 12:22:59,        0,  39.8,  32.4,  25.0, 32.940, 38.262,  1.264,3616275.7,  1,  21.4,   0.9, 0.100
2025-10-13 12:23:00,        0,  40.8,  35.4,  25.0, 28.378, 32.582,  0.927,3649928.2,  1,  21.4,   0.9, 0.100
2025-10-13 12:23:01,        0,  38.9,  29.8,  25.0, 31.658, 36.595,  1.159,3686465.8,  1,  21.4,   0.9, 0.100
2025-10-13 12:23:02,        0,  33.3,  13.0,  25.0, 25.733, 29.184,  0.752,3715378.3,  1,  21.4,   0.9, 0.100
2025-10-13 12:23:03,        0,  42.1,  39.2,  25.0, 27.546, 31.287,  0.883,3743829.9,  1,  21.5,   0.9, 0.100
2025-10-13 12:23:04,        0,  38.6,  28.7,  25.0, 30.305, 34.765,  1.055,3787148.4,  1,  21.4,   0.9, 0.100
2025-10-13 12:23:05,        0,  36.9,  23.6,  25.0, 27.991, 31.854,  0.892,3818480.3,  1,  21.4,   0.9, 0.100
2025-10-13 12:23:06,        0,  38.0,  26.9,  25.0, 26.454, 29.893,  0.793,3846902.1,  1,  21.5,   0.9, 0.100
2025-10-13 12:23:07,        0,  38.6,  28.7,  25.0, 22.408, 24.902,  0.563,3872843.3,  1,  21.4,   1.0, 0.100
2025-10-13 12:23:08,        0,  35.6,  19.9,  25.0, 27.846, 31.536,  0.884,3910519.5,  1,  21.4,   0.9, 0.100
2025-10-13 12:23:09,        0,  37.7,  26.2,  25.0, 14.734, 15.492,  0.247,3930911.8,  1,  21.5,   0.9, 0.100
2025-10-13 12:23:10,        0,  36.2,  21.6,  25.0, 25.694, 28.823,  0.741,3958067.1,  1,  21.4,   0.9, 0.100
2025-10-13 12:23:11,        0,  37.8,  26.4,  25.0, 23.774, 26.414,  0.630,3982794.6,  1,  21.4,   1.0, 0.100
2025-10-13 12:23:12,        0,  37.8,  26.4,  25.0, 21.047, 23.100,  0.487,4012432.6,  1,  21.4,   1.0, 0.100
2025-10-13 12:23:13,        0,  35.5,  19.4,  25.0, 22.171, 24.448,  0.549,4037332.3,  1,  21.4,   0.9, 0.100
2025-10-13 12:23:14,        0,  36.6,  22.7,  25.0, 25.079, 27.914,  0.701,4062527.8,  1,  21.4,   1.0, 0.100
2025-10-13 12:23:15,        0,  33.8,  14.4,  25.0, 21.637, 23.760,  0.518,4086968.6,  1,  21.4,   1.0, 0.100
2025-10-13 12:23:16,        0,  36.5,  22.5,  25.0, 19.838, 21.500,  0.429,4110645.0,  1,  21.4,   1.0, 0.100
2025-10-13 12:23:17,        0,  33.6,  13.7,  25.0, 18.648, 20.051,  0.374,4131068.3,  1,  21.4,   1.0, 0.100
2025-10-13 12:23:18,        0,  34.3,  15.8,  25.0, 17.714, 18.904,  0.341,4147820.8,  1,  21.4,   1.0, 0.100
2025-10-13 12:23:19,        0,  36.0,  20.9,  25.0, 18.348, 19.620,  0.360,4166746.3,  1,  21.4,   1.0, 0.100
2025-10-13 12:23:20,        0,  33.2,  12.6,  25.0, 20.301, 21.960,  0.448,4186654.6,  1,  21.4,   0.9, 0.100
2025-10-13 12:23:21,        0,  34.4,  16.3,  25.0, 14.978, 15.512,  0.245,4205970.3,  1,  21.4,   0.9, 0.100
2025-10-13 12:23:22,        0,  33.2,  12.7,  25.0, 17.522, 18.587,  0.327,4223653.2,  1,  21.4,   0.9, 0.100
2025-10-13 12:23:23,        0,  33.3,  12.8,  25.0, 15.843, 16.532,  0.262,4239267.4,  1,  21.4,   0.9, 0.100
2025-10-13 12:23:24,        0,  34.9,  17.6,  25.0, 15.837, 16.520,  0.270,4256269.7,  1,  21.4,   0.9, 0.100
2025-10-13 12:23:25,        0,  34.2,  15.5,  25.0, 12.158, 12.120,  0.149,4273784.5,  1,  21.4,   0.9, 0.100
2025-10-13 12:23:26,        0,  34.4,  16.2,  25.0, 16.587, 17.376,  0.289,4290708.4,  1,  21.4,   0.9, 0.100
2025-10-13 12:23:27,        0,  31.1,   6.4,  25.0, 13.478, 13.674,  0.186,4305522.1,  1,  21.4,   0.9, 0.100
2025-10-13 12:23:28,        0,  34.1,  15.3,  25.0, 13.160, 13.226,  0.174,4317177.6,  1,  21.4,   0.9, 0.100
2025-10-13 12:23:29,        0,  33.2,  12.5,  25.0, 11.427, 11.168,  0.128,4331605.4,  1,  21.4,   0.9, 0.100
2025-10-13 12:23:30,        0,  33.3,  12.8,  25.0, 14.547, 14.873,  0.217,4346042.8,  1,  21.4,   0.9, 0.100
2025-10-13 12:23:31,        0,  32.6,  10.7,  25.0, 13.827, 14.029,  0.195,4358707.8,  1,  21.4,   0.9, 0.100
2025-10-13 12:23:32,        0,  31.4,   7.2,  25.0, 11.565, 11.340,  0.133,4370504.5,  1,  21.4,   0.9, 0.100
2025-10-13 12:23:33,        0,  32.7,  11.0,  25.0,  9.157,  8.475,  0.086,4379745.2,  1,  21.4,   0.8, 0.100
2025-10-13 12:23:34,        0,  32.0,   9.1,  25.0, 12.164, 12.000,  0.148,4394175.9,  1,  21.4,   0.9, 0.100
2025-10-13 12:23:35,        0,  31.7,   8.2,  25.0, 13.455, 13.493,  0.182,4405987.6,  1,  21.4,   0.9, 0.100
2025-10-13 12:23:36,        0,  31.2,   6.5,  25.0,  9.784,  9.176,  0.091,4414566.1,  1,  21.4,   0.8, 0.100
2025-10-13 12:23:37,        0,  33.0,  11.9,  25.0,  9.412,  8.692,  0.082,4422835.3,  1,  21.4,   0.8, 0.100
2025-10-13 12:23:38,        0,  32.8,  11.4,  25.0, 12.135, 11.929,  0.145,4438312.9,  1,  21.4,   0.9, 0.100
2025-10-13 12:23:39,        0,  32.6,  10.7,  25.0, 11.383, 11.026,  0.128,4449491.8,  1,  21.4,   0.8, 0.100
2025-10-13 12:23:40,        0,  30.6,   4.7,  25.0, 13.659, 13.704,  0.187,4461429.3,  1,  21.4,   0.8, 0.100
2025-10-13 12:23:41,        0,  31.3,   7.0,  25.0, 11.193, 10.783,  0.121,4470252.5,  1,  21.4,   0.8, 0.100
2025-10-13 12:23:42,        0,  32.1,   9.3,  25.0, 13.551, 13.559,  0.185,4483524.8,  1,  21.4,   0.9, 0.100
2025-10-13 12:23:43,        0,  32.0,   9.1,  25.0,  8.107,  7.157,  0.063,4491329.2,  1,  21.4,   0.9, 0.100
2025-10-13 12:23:44,        0,  31.9,   8.7,  25.0,  8.520,  7.656,  0.066,4499775.3,  1,  21.4,   0.9, 0.100
2025-10-13 12:23:45,        0,  31.5,   7.5,  25.0, 11.167, 10.735,  0.120,4509462.6,  1,  21.4,   0.9, 0.100
2025-10-13 12:23:46,        0,  29.6,   1.9,  25.0,  6.092,  4.811,  0.029,4515658.6,  1,  21.4,   0.9, 0.100
2025-10-13 12:23:47,        0,  31.5,   7.5,  25.0, 10.565,  9.972,  0.106,4524543.0,  1,  21.4,   0.9, 0.100
2025-10-13 12:23:48,        0,  31.6,   7.9,  25.0,  7.459,  6.396,  0.049,4531796.6,  1,  21.4,   0.9, 0.100
2025-10-13 12:23:49,        0,  30.2,   3.6,  25.0, 11.091, 10.624,  0.118,4540767.8,  1,  21.4,   0.9, 0.100
2025-10-13 12:23:50,        0,  31.7,   8.2,  25.0,  6.705,  5.500,  0.037,4546607.1,  1,  21.4,   0.9, 0.100
2025-10-13 12:23:51,        0,  31.0,   5.9,  25.0,  9.002,  8.185,  0.074,4557180.8,  1,  21.4,   1.0, 0.100
2025-10-13 12:23:52,        0,  30.5,   4.5,  25.0,  8.105,  7.128,  0.058,4564100.9,  1,  21.4,   0.9, 0.100
2025-10-13 12:23:53,        0,  30.7,   5.2,  25.0,  9.390,  8.612,  0.081,4571417.9,  1,  21.4,   0.9, 0.100
2025-10-13 12:23:54,        0,  29.0,   0.0,  25.0,  7.423,  6.333,  0.047,4577294.5,  1,  21.4,   1.0, 0.100
2025-10-13 12:23:55,        0,  30.8,   5.4,  25.0,  8.527,  7.584,  0.065,4583953.5,  1,  21.4,   1.0, 0.100
2025-10-13 12:23:56,        0,  30.0,   2.9,  25.0,  8.158,  7.172,  0.059,4590759.6,  1,  21.4,   1.0, 0.100
2025-10-13 12:23:57,        0,  30.0,   2.9,  25.0,  7.896,  6.865,  0.055,4596122.7,  1,  21.4,   1.0, 0.100
2025-10-13 12:23:58,        0,  29.1,   0.4,  25.0,  6.744,  5.534,  0.038,4600804.4,  1,  21.4,   1.0, 0.100
2025-10-13 12:23:59,        0,  30.6,   4.7,  25.0,  4.447,  3.074,  0.020,4604237.2,  1,  21.4,   1.0, 0.100
2025-10-13 12:24:00,        0,  31.0,   5.9,  25.0,  6.792,  5.600,  0.038,4611019.5,  1,  21.4,   1.0, 0.100
2025-10-13 12:24:01,        0,  30.2,   3.6,  25.0,  7.708,  6.663,  0.052,4617065.3,  1,  21.4,   1.0, 0.100
2025-10-13 12:24:02,        0,  30.9,   5.6,  25.0,  6.606,  5.379,  0.036,4621938.2,  1,  21.4,   1.0, 0.100
2025-10-13 12:24:03,        0,  29.3,   1.0,  25.0,  3.913,  2.399,  0.012,4625580.9,  1,  21.4,   1.0, 0.100
2025-10-13 12:24:04,        0,  30.4,   4.2,  25.0,  7.397,  6.290,  0.047,4630554.3,  1,  21.4,   1.0, 0.100
2025-10-13 12:24:05,        0,  29.7,   2.2,  25.0,  6.600,  5.376,  0.036,4635790.9,  1,  21.4,   1.0, 0.100
2025-10-13 12:24:06,        0,  29.8,   2.4,  25.0,  3.689,  2.192,  0.012,4638947.5,  1,  21.4,   1.0, 0.100
2025-10-13 12:24:07,        0,  29.7,   2.2,  25.0,  5.484,  4.162,  0.025,4641862.8,  1,  21.4,   1.0, 0.100
2025-10-13 12:24:08,        0,  30.2,   3.6,  25.0,  6.369,  5.133,  0.033,4646931.3,  1,  21.4,   1.0, 0.100
2025-10-13 12:24:09,        0,  30.0,   2.9,  25.0,  5.362,  3.981,  0.023,4650947.5,  1,  21.4,   1.0, 0.100
2025-10-13 12:24:10,        0,  29.8,   2.4,  25.0,  3.351,  1.796,  0.008,4653607.1,  1,  21.4,   1.0, 0.100
2025-10-13 12:24:11,        0,  30.2,   3.6,  25.0,  3.512,  1.994,  0.010,4657016.8,  1,  21.4,   1.0, 0.100
2025-10-13 12:24:12,        0,  29.6,   1.7,  25.0,  5.427,  4.053,  0.023,4661350.3,  1,  21.4,   1.0, 0.100
2025-10-13 12:24:13,        0,  30.1,   3.4,  25.0,  1.538,  0.062,  0.000,4662561.9,  1,  21.4,   1.0, 0.100
2025-10-13 12:24:14,        0,  29.6,   1.9,  25.0,  5.874,  4.566,  0.027,4667101.1,  1,  21.4,   1.0, 0.100
2025-10-13 12:24:15,        0,  29.1,   0.3,  25.0,  6.310,  5.069,  0.032,4670705.7,  1,  21.4,   1.0, 0.100
2025-10-13 12:24:16,        0,  29.4,   1.2,  25.0,  2.908,  1.398,  0.008,4673206.5,  1,  21.4,   1.0, 0.100
2025-10-13 12:24:17,        0,  29.6,   1.9,  25.0,  1.553,  0.068,  0.000,4674241.6,  1,  21.4,   1.0, 0.100
2025-10-13 12:24:18,        0,  29.3,   1.0,  25.0,  2.036,  0.457,  0.001,4676112.1,  1,  21.4,   1.0, 0.100
2025-10-13 12:24:19,        0,  30.2,   3.6,  25.0,  3.209,  1.681,  0.007,4677268.4,  1,  21.4,   0.9, 0.100
2025-10-13 12:24:20,        0,  30.0,   2.9,  25.0,  3.618,  2.089,  0.010,4681630.3,  1,  21.4,   0.9, 0.100
2025-10-13 12:24:21,        0,  30.3,   3.8,  25.0,  5.328,  3.968,  0.022,4684918.5,  1,  21.4,   0.9, 0.100
2025-10-13 12:24:22,        0,  29.9,   2.6,  25.0,  4.859,  3.442,  0.018,4687775.1,  1,  21.4,   0.9, 0.100
2025-10-13 12:24:23,        0,  29.7,   2.0,  25.0,  1.513,  0.047,  0.000,4687815.3,  1,  21.4,   0.9, 0.100
2025-10-13 12:24:24,        0,  29.4,   1.3,  25.0,  1.314, -0.007,  0.000,4687807.8,  1,  21.4,   0.9, 0.100
2025-10-13 12:24:25,        0,  30.0,   3.1,  25.0,  2.409,  1.168,  0.007,4688469.9,  1,  21.4,   0.9, 0.100
2025-10-13 12:24:26,        0,  30.1,   3.3,  25.0,  5.814,  4.568,  0.027,4692781.2,  1,  21.4,   0.9, 0.100
2025-10-13 12:24:27,        0,  29.0,   0.0,  25.0,  5.707,  4.415,  0.025,4697010.7,  1,  21.4,   0.9, 0.100
2025-10-13 12:24:28,        0,  29.4,   1.3,  25.0,  1.519,  0.045,  0.000,4697380.7,  1,  21.4,   0.9, 0.100
2165-165-165 45:165:85,        0,  29.8,   2.4,  25.0,  1.350, -0.002,  0.000,4697381.1,  1,  21.4,   0.9, 0.100
2025-10-13 12:24:30,        0,  29.9,   2.8,  25.0,  2.392,  1.141,  0.007,4698044.2,  1,  21.4,   0.9, 0.100
2025-10-13 12:24:31,        0,  30.0,   2.9,  25.0,  3.903,  2.436,  0.012,4700886.9,  1,  21.4,   0.9, 0.100
2025-10-13 12:24:32,        0,  29.8,   2.4,  25.0,  5.765,  4.510,  0.026,4705249.2,  1,  21.4,   0.9, 0.100
2025-10-13 12:24:33,        0,  29.4,   1.1,  25.0,  1.649,  0.115,  0.000,4706440.7,  1,  21.4,   0.9, 0.100
2025-10-13 12:24:34,        0,  29.7,   2.0,  25.0,  1.376,  0.002,  0.000,4706442.4,  1,  21.4,   0.9, 0.100
2025-10-13 12:24:35,        0,  29.7,   2.2,  25.0,  1.272, -0.010,  0.000,4706433.6,  1,  21.4,   1.0, 0.100
2025-10-13 12:24:36,        0,  30.0,   2.9,  25.0,  3.851,  2.466,  0.012,4707739.1,  1,  21.4,   0.9, 0.100
2025-10-13 12:24:37,        0,  29.8,   2.4,  25.0,  1.917,  0.331,  0.001,4710278.0,  1,  21.4,   1.0, 0.100
2025-10-13 12:24:38,        0,  29.1,   0.3,  25.0,  1.398,  0.007,  0.000,4710290.5,  1,  21.4,   1.0, 0.100
2025-10-13 12:24:39,        0,  29.7,   2.2,  25.0,  1.764,  0.471,  0.003,4711473.6,  1,  21.4,   1.0, 0.100
2025-10-13 12:24:40,        0,  29.5,   1.5,  25.0,  1.459,  0.027,  0.000,4711593.5,  1,  21.4,   1.0, 0.100
2025-10-13 12:24:41,        0,  30.0,   3.1,  25.0,  1.319, -0.005,  0.000,4711588.9,  1,  21.4,   1.0, 0.100
2025-10-13 12:24:42,        0,  29.9,   2.6,  25.0,  4.500,  3.136,  0.017,4715042.7,  1,  21.4,   1.0, 0.100
2025-10-13 12:24:43,        0,  29.6,   1.9,  25.0,  3.295,  1.774,  0.008,4717141.1,  1,  21.4,   1.0, 0.100
2025-10-13 12:24:44,        0,  29.9,   2.6,  25.0,  1.455,  0.023,  0.000,4717162.4,  1,  21.4,   1.0, 0.100
2025-10-13 12:24:45,        0,  30.0,   3.1,  25.0,  1.290, -0.008,8005.878,4717154.1,  1,  21.4,   1.0, 0.100
2025-10-13 12:24:46,        0,  29.7,   2.2,  25.0,  2.982,  1.443,  0.006,4719951.9,  1,  21.4,   1.0, 0.100
2025-10-13 12:24:47,        0,  29.6,   1.9,  25.0,  1.442,  0.019,  0.000,4720000.1,  1,  21.4,   1.0, 0.100
2025-10-13 12:24:48,        0,  29.7,   2.0,  25.0,  2.093,  0.798,  0.005,4720879.4,  1,  21.4,   1.0, 0.100
2025-10-13 12:24:49,        0,  29.6,   1.7,  25.0,  1.613,  0.101,  0.000,4720987.9,  1,  21.4,   1.0, 0.100
2025-10-13 12:24:50,        0,  29.7,   2.0,  25.0,  1.303, -0.007,  0.000,4720982.5,  1,  21.4,   1.0, 0.100
2025-10-13 12:24:51,        0,  29.7,   2.2,  25.0,  1.226, -0.012,  0.000,4720971.6,  1,  21.4,   1.0, 0.100
2025-10-13 12:24:52,        0,  29.9,   2.6,  25.0,  1.191, -0.013,  0.000,4720959.9,  1,  21.4,   1.0, 0.100
2025-10-13 12:24:53,        0,  29.9,   2.6,  25.0,  1.160, -0.013,  0.000,4722135.4,  1,  21.4,   1.0, 0.100
2025-10-13 12:24:54,        0,  30.0,   2.9,  25.0,  5.524,  4.292,  0.024,4726575.3,  1,  21.4,   1.0, 0.100
2025-10-13 12:24:55,        0,  28.9,   0.0,  25.0,  5.097,  3.799,  0.020,4728923.5,  1,  21.4,   1.0, 0.100
2025-10-13 12:24:56,        0,  29.8,   2.4,  25.0,  1.411,  0.010,  0.000,4728960.0,  1,  21.4,   1.0, 0.100
2025-10-13 12:24:57,        0,  29.5,   1.5,  25.0,  1.308, -0.007,  0.000,4728954.9,  1,  21.4,   1.0, 0.100
2025-10-13 12:24:58,        0,  29.6,   1.7,  25.0,  1.230, -0.012,  0.000,4728942.4,  1,  21.4,   1.0, 0.100
2025-10-13 12:24:59,        0,  29.7,   2.0,  25.0,  1.193, -0.012,  0.000,4728931.0,  1,  21.4,   1.0, 0.100
2025-10-13 12:25:00,        0,  29.7,   2.0,  25.0,  1.163, -0.012,  0.000,4728918.9,  1,  21.4,   1.0, 0.100
2025-10-13 12:25:01,        0,  29.7,   2.2,  25.0,  1.121, -0.012,  0.000,4728907.2,  1,  21.4,   0.9, 0.100
2025-10-13 12:25:02,        0,  29.8,   2.4,  25.0,  1.095, -0.012,  0.000,4728895.0,  1,  21.4,   0.9, 0.100
2025-10-13 12:25:03,        0,  29.7,   2.0,  25.0,  1.057, -0.012,  0.000,4728881.2,  1,  21.4,   0.9, 0.100
2025-10-13 12:25:04,        0,  29.6,   1.9,  25.0,  1.034, -0.012,  0.000,4728869.4,  1,  21.4,   0.9, 0.100
2025-10-13 12:25:05,        0,  29.8,   2.4,  25.0,  1.014, -0.012,  0.000,4728857.7,  1,  21.4,   0.9, 0.100
2025-10-13 12:25:06,        0,  29.9,   2.6,  25.0,  0.986, -0.012,  0.000,4728846.0,  1,  21.4,   0.9, 0.100
2025-10-13 12:25:07,        0,  29.8,   2.4,  25.0,  0.961, -0.012,  0.000,4728832.6,  1,  21.4,   0.9, 0.100
2025-10-13 12:25:08,        0,  29.9,   2.7,  25.0,  0.946, -0.012,  0.000,4728820.8,  1,  21.4,   0.9, 0.100
2025-10-13 12:25:09,        0,  29.9,   2.7,  25.0,  5.550,  4.356,  0.024,4731562.1,  1,  21.4,   0.9, 0.100
2025-10-13 12:25:10,        0,  29.5,   1.5,  25.0,  4.391,  3.028,  0.015,4734255.2,  1,  21.4,   0.9, 0.100
2025-10-13 12:25:11,        0,  29.6,   1.9,  25.0,  1.513,  0.043,  0.000,4734412.4,  1,  21.4,   0.9, 0.100
2025-10-13 12:25:12,        0,  29.6,   1.7,  25.0,  1.296, -0.007,  0.000,4734409.5,  1,  21.4,   0.9, 0.100
2025-10-13 12:25:13,        0,  29.7,   2.0,  25.0,  1.241, -0.011,  0.000,4734399.4,  1,  21.4,   0.9, 0.100
2025-10-13 12:25:14,        0,  29.6,   1.9,  25.0,  1.200, -0.012,  0.000,4734387.2,  1,  21.4,   0.9, 0.100
2025-10-13 12:25:15,        0,  29.7,   2.0,  25.0,  1.151, -0.013,  0.000,4734375.5,  1,  21.4,   0.9, 0.100
2025-10-13 12:25:16,        0,  29.6,   1.9,  25.0,  1.120, -0.011,  0.000,4734362.1,  1,  21.4,   1.0, 0.100
2025-10-13 12:25:17,        0,  29.8,   2.4,  25.0,  1.075, -0.012,  0.000,4734350.8,  1,  21.4,   1.0, 0.100
2025-10-13 12:25:18,        0,  29.7,   2.2,  25.0,  1.049, -0.011,  0.000,4734339.9,  1,  21.4,   1.0, 0.100
2025-10-13 12:25:19,        0,  29.8,   2.4,  25.0,  1.024, -0.011,  0.000,4734328.6,  1,  21.4,   1.0, 0.100
2025-10-13 12:25:20,        0,  29.9,   2.6,  25.0,  0.992, -0.012,  0.000,4734314.7,  1,  21.4,   1.0, 0.100
2025-10-13 12:25:21,        0,  29.9,   2.6,  25.0,  0.972, -0.011,  0.000,4734303.4,  1,  21.4,   1.0, 0.100
2025-10-13 12:25:22,        0,  29.9,   2.6,  25.0,  0.946, -0.012,  0.000,4734292.1,  1,  21.4,   1.0, 0.100
2025-10-13 12:25:23,        0,  29.8,   2.4,  25.0,  3.835,  2.779,  0.015,4736549.4,  1,  21.4,   1.0, 0.100
2025-10-13 12:25:24,        0,  29.9,   2.6,  25.0,  2.186,  0.607,  0.002,4739019.9,  1,  21.4,   1.0, 0.100
2025-10-13 12:25:25,        0,  29.7,   2.0,  25.0,  3.112,  1.599,  0.006,4741653.1,  1,  21.4,   1.0, 0.100
2025-10-13 12:25:26,        0,  29.7,   2.0,  25.0,  1.365,  0.001,  0.000,4741667.4,  1,  21.4,   1.0, 0.100
2025-10-13 12:25:27,        0,  29.6,   1.7,  25.0,  1.283, -0.009,  0.000,4741660.2,  1,  21.4,   1.0, 0.100
2025-10-13 12:25:28,        0,  29.5,   1.5,  25.0,  1.233, -0.011,  0.000,4741649.3,  1,  21.4,   1.0, 0.100
2025-10-13 12:25:29,        0,  29.4,   1.1,  25.0,  1.177, -0.012,  0.000,4741634.7,  1,  21.4,   1.0, 0.100
2025-10-13 12:25:30,        0,  29.6,   1.7,  25.0,  1.144, -0.012,  0.000,4741623.3,  1,  21.4,   1.0, 0.100
2025-10-13 12:25:31,        0,  29.5,   1.5,  25.0,  1.100, -0.011,  0.000,4741612.0,  1,  21.4,   1.0, 0.100
2025-10-13 12:25:32,        0,  29.5,   1.5,  25.0,  1.072, -0.012,  0.000,4741601.1,  1,  21.4,   1.0, 0.100
2025-10-13 12:25:33,        0,  29.6,   1.9,  25.0,  1.033, -0.012,  0.000,4741587.7,  1,  21.4,   1.0, 0.100
2025-10-13 12:25:34,        0,  29.6,   1.9,  25.0,  1.008, -0.012,  0.000,4741576.0,  1,  21.4,   1.0, 0.100
2025-10-13 12:25:35,        0,  29.6,   1.7,  25.0,  0.987, -0.011,  0.000,4741565.1,  1,  21.4,   1.0, 0.100
2025-10-13 12:25:36,        0,  29.6,   1.9,  25.0,  0.957, -0.012,  0.000,4741554.2,  1,  21.4,   1.0, 0.100
2025-10-13 12:25:37,        0,  29.6,   1.9,  25.0,  0.940, -0.011,  0.000,4741543.3,  1,  21.4,   1.0, 0.100
2025-10-13 12:25:38,        0,  29.6,   1.9,  25.0,  0.916, -0.012,  0.000,4741529.9,  1,  21.4,   1.0, 0.100
2025-10-13 12:25:39,        0,  29.7,   2.0,  25.0,  0.901, -0.011,  0.000,4741519.0,  1,  21.4,   1.0, 0.100
2025-10-13 12:25:40,        0,  29.7,   2.0,  25.0,  0.886, -0.011,  0.000,4741508.5,  1,  21.4,   1.0, 0.100
2025-10-13 12:25:41,        0,  29.7,   2.0,  25.0,  0.867, -0.011,  0.000,4741497.6,  1,  21.4,   1.0, 0.100
2025-10-13 12:25:42,        0,  29.7,   2.2,  25.0,  0.848, -0.011,  0.000,4741484.6,  1,  21.4,   1.0, 0.100
2025-10-13 12:25:43,        0,  29.7,   2.2,  25.0,  0.837, -0.011,  0.000,4741474.6,  1,  21.4,   1.0, 0.100
2025-10-13 12:25:44,        0,  29.7,   2.2,  25.0,  0.825, -0.011,  0.000,4741464.1,  1,  21.4,   1.0, 0.100
2025-10-13 12:25:45,        0,  29.7,   2.2,  25.0,  0.814, -0.011,  0.000,4741454.0,  1,  21.4,   1.0, 0.100
2025-10-13 12:25:46,        0,  29.6,   1.9,  25.0,  0.797, -0.011,  0.000,4741443.6,  1,  21.4,   1.0, 0.100
2025-10-13 12:25:47,        0,  29.7,   2.2,  25.0,  0.782, -0.011,  0.000,4741431.8,  1,  21.4,   1.0, 0.100
2025-10-13 12:25:48,        0,  29.7,   2.1,  25.0,  0.771, -0.010,  0.000,4741421.8,  1,  21.4,   1.0, 0.100
2025-10-13 12:25:49,        0,  29.7,   2.0,  25.0,  0.762, -0.010,  0.000,4741411.7,  1,  21.4,   1.0, 0.100
2025-10-13 12:25:50,        0,  29.8,   2.4,  25.0,  0.747, -0.010,  0.000,4741402.5,  1,  21.4,   1.0, 0.100
2025-10-13 12:25:51,        0,  29.7,   2.2,  25.0,  0.737, -0.010,  0.000,4741391.2,  1,  21.4,   1.0, 0.100
2025-10-13 12:25:52,        0,  29.8,   2.4,  25.0,  0.722, -0.009,  0.000,4741381.5,  1,  21.4,   1.0, 0.100
2025-10-13 12:25:53,        0,  29.8,   2.4,  25.0,  0.713, -0.009,  0.000,4741373.1,  1,  21.4,   1.0, 0.100
2025-10-13 12:25:54,        0,  29.9,   2.6,  25.0,  0.703, -0.009,  0.000,4741363.9,  1,  21.4,   1.0, 0.100
2025-10-13 12:25:55,        0,  29.8,   2.4,  25.0,  0.689, -0.009,  0.000,4741355.5,  1,  21.4,   1.0, 0.100
2025-10-13 12:25:56,        0,  29.9,   2.6,  25.0,  0.679, -0.009,  0.000,4741345.1,  1,  21.4,   1.0, 0.100
2025-10-13 12:25:57,        0,  29.7,   2.2,  25.0,  0.664, -0.009,  0.000,4741336.7,  1,  21.5,   1.0, 0.100
2025-10-13 12:25:58,        0,  29.8,   2.4,  25.0,  0.655, -0.009,  0.000,4741328.7,  1,  21.4,   1.0, 0.100
2025-10-13 12:25:59,        0,  29.8,   2.4,  25.0,  0.645, -0.008,  0.000,4741321.2,  1,  21.4,   0.9, 0.100
2025-10-13 12:26:00,        0,  29.9,   2.6,  25.0,  0.631, -0.008,  0.000,4741311.5,  1,  21.4,   1.0, 0.100
2025-10-13 12:26:01,        0,  29.9,   2.6,  25.0,  0.618, -0.008,  0.000,4741304.0,  1,  21.5,   0.9, 0.100
2025-10-13 12:26:02,        0,  29.9,   2.6,  25.0,  0.609, -0.008,  0.000,4741296.9,  1,  21.4,   0.9, 0.100
2025-10-13 12:26:03,        0,  29.8,   2.4,  25.0,  0.599, -0.008,  0.000,4741289.7,  1,  21.4,   0.9, 0.100
2025-10-13 12:26:04,        0,  29.9,   2.6,  25.0,  0.591, -0.007,  0.000,4741282.6,  1,  21.5,   0.9, 0.100
2025-10-13 12:26:05,        0,  29.9,   2.6,  25.0,  0.577, -0.007,  0.000,4741667.8,  1,  21.4,   0.9, 0.100
2025-10-13 12:26:06,        0,  29.9,   2.6,  25.0,  5.502,  4.373,  0.024,4745839.0,  1,  21.4,   0.9, 0.100
2025-10-13 12:26:07,        0,  29.8,   2.4,  25.0,  3.696,  2.318,  0.011,4748462.6,  1,  21.5,   0.9, 0.100
2025-10-13 12:26:08,        0,  28.9,   0.0,  25.0,  1.408,  0.028,  0.000,4748499.4,  1,  21.4,   0.9, 0.100
2025-10-13 12:26:09,        0,  29.3,   1.0,  25.0,  1.221, -0.006,  0.000,4748494.0,  1,  21.5,   0.9, 0.100
2025-10-13 12:26:10,        0,  29.4,   1.3,  25.0,  1.166, -0.009,  0.000,4748485.2,  1,  21.5,   0.9, 0.100
2025-10-13 12:26:11,        0,  29.5,   1.5,  25.0,  1.101, -0.010,  0.000,4748475.6,  1,  21.5,   0.9, 0.100
2025-10-13 12:26:12,        0,  29.4,   1.3,  25.0,  1.067, -0.011,  0.000,4748465.5,  1,  21.4,   0.9, 0.100
2025-10-13 12:26:13,        0,  29.6,   1.7,  25.0,  1.018, -0.010,  0.000,4748453.8,  1,  21.5,   0.9, 0.100
2025-10-13 12:26:14,        0,  29.5,   1.5,  25.0,  0.988, -0.010,  0.000,4748443.7,  1,  21.4,   0.9, 0.100
2025-10-13 12:26:15,        0,  29.5,   1.5,  25.0,  0.960, -0.010,  0.000,4748434.1,  1,  21.5,   1.0, 0.100
2025-10-13 12:26:16,        0,  29.5,   1.5,  25.0,  0.921, -0.010,  0.000,4748424.8,  1,  21.4,   0.9, 0.100
2025-10-13 12:26:17,        0,  29.5,   1.5,  25.0,  0.898, -0.010,  0.000,4748413.1,  1,  21.5,   0.9, 0.100
2025-10-13 12:26:18,        0,  29.6,   1.7,  25.0,  0.865, -0.010,  0.000,4748403.9,  1,  21.4,   1.0, 0.100
2025-10-13 12:26:19,        0,  29.5,   1.5,  25.0,  0.846, -0.009,  0.000,4748394.7,  1,  21.4,   1.0, 0.100
2025-10-13 12:26:20,        0,  29.4,   1.3,  25.0,  0.827, -0.010,  0.000,4748385.4,  1,  21.4,   1.0, 0.100
2025-10-13 12:26:21,        0,  29.5,   1.5,  25.0,  0.801, -0.009,  0.000,4748374.5,  1,  21.5,   1.0, 0.100
2025-10-13 12:26:22,        0,  29.6,   1.7,  25.0,  0.785, -0.009,  0.000,4748365.3,  1,  21.5,   1.0, 0.100
2025-10-13 12:26:23,        0,  29.6,   1.7,  25.0,  0.762, -0.009,  0.000,4748356.5,  1,  21.5,   0.9, 0.100
2025-10-13 12:26:24,        0,  29.5,   1.5,  25.0,  0.748, -0.008,  0.000,4748347.7,  1,  21.5,   1.0, 0.100
2025-10-13 12:26:25,        0,  29.6,   1.7,  25.0,  0.727, -0.009,  0.000,4748337.7,  1,  21.5,   1.0, 0.100
2025-10-13 12:26:26,        0,  29.6,   1.7,  25.0,  0.715, -0.009,  0.000,4748329.3,  1,  21.5,   1.0, 0.100
2025-10-13 12:26:27,        0,  29.6,   1.7,  25.0,  0.702, -0.009,  0.000,4748320.9,  1,  21.5,   1.0, 0.100
2025-10-13 12:26:28,        0,  29.6,   1.7,  25.0,  0.684, -0.009,  0.000,4748312.9,  1,  21.4,   1.0, 0.100
2025-10-13 12:26:29,        0,  29.6,   1.7,  25.0,  0.667, -0.008,  0.000,4748303.3,  1,  21.5,   1.0, 0.100
2025-10-13 12:26:30,        0,  29.6,   1.7,  25.0,  0.656, -0.008,  0.000,4748295.8,  1,  21.4,   1.0, 0.100
2025-10-13 12:26:31,        0,  29.4,   1.1,  25.0,  0.645, -0.008,  0.000,4748288.2,  1,  21.5,   1.0, 0.100
2025-10-13 12:26:32,        0,  29.6,   1.7,  25.0,  0.630, -0.008,  0.000,4748280.7,  1,  21.5,   1.0, 0.100
2025-10-13 12:26:33,        0,  29.5,   1.5,  25.0,  0.620, -0.008,  0.000,4748273.5,  1,  21.5,   1.0, 0.100
2025-10-13 12:26:34,        0,  29.6,   1.7,  25.0,  0.606, -0.007,  0.000,4748264.3,  1,  21.5,   1.0, 0.100
2025-10-13 12:26:35,        0,  29.6,   1.7,  25.0,  0.596, -0.007,  0.000,4748257.6,  1,  21.5,   1.0, 0.100
2025-10-13 12:26:36,        0,  29.6,   1.7,  25.0,  0.587, -0.007,  0.000,4748250.5,  1,  21.5,   1.0, 0.100
2025-10-13 12:26:37,        0,  29.6,   1.9,  25.0,  0.573, -0.007,  0.000,4748243.4,  1,  21.5,   1.0, 0.100
2025-10-13 12:26:38,        0,  29.6,   1.7,  25.0,  0.564, -0.007,  0.000,4748234.6,  1,  21.5,   1.0, 0.100
2025-10-13 12:26:39,        0,  29.6,   1.9,  25.0,  0.552, -0.007,  0.000,4748227.9,  1,  21.5,   1.0, 0.100
2025-10-13 12:26:40,        0,  29.6,   1.7,  25.0,  0.543, -0.007,  0.000,4748220.7,  1,  21.5,   1.0, 0.100
2025-10-13 12:26:41,        0,  29.6,   1.9,  25.0,  0.534, -0.007,  0.000,4748214.9,  1,  21.5,   1.0, 0.100
2025-10-13 12:26:42,        0,  29.6,   1.7,  25.0,  0.522, -0.007,  0.000,4748208.2,  1,  21.5,   1.0, 0.100
2025-10-13 12:26:43,        0,  29.6,   1.7,  25.0,  0.510, -0.007,  0.000,4748200.6,  1,  21.5,   1.0, 0.100
2025-10-13 12:26:44,        0,  29.6,   1.9,  25.0,  0.502, -0.006,  0.000,4748194.3,  1,  21.5,   1.0, 0.100
2025-10-13 12:26:45,        0,  29.6,   1.9,  25.0,  0.495, -0.006,  0.000,4748188.5,  1,  21.5,   1.0, 0.100
2025-10-13 12:26:46,        0,  29.6,   1.9,  25.0,  0.487, -0.006,  0.000,4748182.2,  1,  21.5,   1.0, 0.100
2025-10-13 12:26:47,        0,  29.6,   1.9,  25.0,  0.477, -0.006,  0.000,4748175.9,  1,  21.5,   1.0, 0.100
2025-10-13 12:26:48,        0,  29.6,   1.7,  25.0,  0.465, -0.006,  0.000,4748170.5,  1,  21.5,   1.0, 0.100
2025-10-13 12:26:49,        0,  29.6,   1.7,  25.0,  0.458, -0.006,  0.000,4748164.6,  1,  21.5,   1.0, 0.100
2025-10-13 12:26:50,        0,  29.5,   1.5,  25.0,  0.452, -0.006,  0.000,4748159.1,  1,  21.5,   1.0, 0.100
2025-10-13 12:26:51,        0,  29.6,   1.9,  25.0,  0.441, -0.005,  0.000,4748152.8,  1,  21.5,   1.0, 0.100
2025-10-13 12:26:52,        0,  29.7,   2.0,  25.0,  0.435, -0.006,  0.000,4748147.4,  1,  21.5,   1.0, 0.100
2025-10-13 12:26:53,        0,  29.7,   2.0,  25.0,  0.426, -0.005,  0.000,4748142.4,  1,  21.5,   1.0, 0.100
2025-10-13 12:26:54,        0,  29.6,   1.9,  24.9,  0.420, -0.005,  0.000,4748137.3,  1,  21.5,   1.0, 0.100
2025-10-13 12:26:55,        0,  29.7,   2.0,  25.0,  0.414, -0.005,  0.000,4748132.3,  1,  21.5,   1.0, 0.100
2025-10-13 12:26:56,        0,  29.6,   1.9,  25.0,  0.406, -0.005,  0.000,4748126.4,  1,  21.5,   1.0, 0.100
2025-10-13 12:26:57,        0,  29.6,   1.9,  25.0,  0.400, -0.005,  0.000,4748121.8,  1,  21.5,   1.0, 0.100
2025-10-13 12:26:58,        0,  29.6,   1.7,  25.0,  0.392, -0.005,  0.000,4748116.4,  1,  21.5,   1.0, 0.100
2025-10-13 12:26:59,        0,  29.6,   1.9,  25.0,  0.386, -0.005,  0.000,4748112.2,  1,  21.5,   1.0, 0.100
2025-10-13 12:27:00,        0,  29.6,   1.9,  25.0,  0.380, -0.005,  0.000,4748106.3,  1,  21.5,   1.0, 0.100
2025-10-13 12:27:01,        0,  29.6,   1.9,  25.0,  0.375, -0.005,  0.000,4748101.7,  1,  21.5,   0.9, 0.100
2025-10-13 12:27:02,        0,  29.6,   1.9,  25.0,  0.370, -0.005,  0.000,4748097.5,  1,  21.5,   1.0, 0.100
2025-10-13 12:27:03,        0,  29.6,   1.9,  25.0,  0.364, -0.005,  0.000,4748092.1,  1,  21.5,   1.0, 0.100
2025-10-13 12:27:04,        0,  29.7,   2.0,  25.0,  0.358, -0.004,  0.000,4748087.5,  1,  21.5,   1.0, 0.100
2025-10-13 12:27:05,        0,  29.6,   1.9,  25.0,  0.354, -0.005,  0.000,4748082.4,  1,  21.5,   1.0, 0.100
2025-10-13 12:27:06,        0,  29.7,   2.0,  25.0,  0.350, -0.005,  0.000,4748078.2,  1,  21.5,   0.9, 0.100
2025-10-13 12:27:07,        0,  29.7,   2.0,  25.0,  0.347, -0.005,  0.000,4748074.5,  1,  21.5,   0.9, 0.100
2025-10-13 12:27:08,        0,  29.6,   1.9,  25.0,  0.342, -0.005,  0.000,4748070.3,  1,  21.6,   0.9, 0.100
2025-10-13 12:27:09,        0,  29.7,   2.0,  25.0,  0.336, -0.004,  0.000,4748064.8,  1,  21.5,   0.9, 0.100
2025-10-13 12:27:10,        0,  29.7,   2.0,  25.0,  0.333, -0.005,  0.000,4748060.6,  1,  21.5,   0.9, 0.100
2025-10-13 12:27:11,        0,  29.7,   2.0,  25.0,  0.330, -0.004,  0.000,4748056.5,  1,  21.5,   0.9, 0.100
2025-10-13 12:27:12,        0,  29.7,   2.0,  25.0,  0.325, -0.004,  0.000,4748052.3,  1,  21.5,   0.9, 0.100
2025-10-13 12:27:13,        0,  29.7,   2.0,  25.0,  0.323, -0.004,  0.000,4748047.7,  1,  21.6,   0.9, 0.100
2025-10-13 12:27:14,        0,  29.7,   2.0,  25.0,  0.319, -0.005,  0.000,4748043.5,  1,  21.6,   1.0, 0.100
2025-10-13 12:27:15,        0,  29.7,   2.2,  25.0,  0.315, -0.004,  0.000,4748039.3,  1,  21.5,   0.9, 0.100
2025-10-13 12:27:16,        0,  29.7,   2.0,  25.0,  0.312, -0.005,  0.000,4748035.1,  1,  21.5,   0.9, 0.100
2025-10-13 12:27:17,        0,  29.7,   2.2,  24.9,  0.309, -0.005,  0.000,4748030.5,  1,  21.5,   0.9, 0.100
2025-10-13 12:27:18,        0,  29.7,   2.0,  25.0,  0.307, -0.004,  0.000,4748026.3,  1,  21.5,   0.9, 0.100
2025-10-13 12:27:19,        0,  29.7,   2.0,  25.0,  0.303, -0.004,  0.000,4748022.5,  1,  21.6,   0.9, 0.100
2025-10-13 12:27:20,        0,  29.7,   2.0,  25.0,  0.301, -0.004,  0.000,4748018.7,  1,  21.5,   1.0, 0.100
2025-10-13 12:27:21,        0,  29.7,   2.0,  25.0,  0.298, -0.004,  0.000,4748015.0,  1,  21.5,   0.9, 0.100
2025-10-13 12:27:22,        0,  29.7,   2.0,  25.0,  0.295, -0.004,  0.000,4748010.4,  1,  21.5,   0.9, 0.100
2025-10-13 12:27:23,        0,  29.7,   2.0,  25.0,  0.292, -0.004,  0.000,4748006.2,  1,  21.5,   1.0, 0.100
2025-10-13 12:27:24,        0,  29.7,   2.2,  25.0,  0.289, -0.004,  0.000,4748002.8,  1,  21.5,   0.9, 0.100
2025-10-13 12:27:25,        0,  29.7,   2.2,  25.0,  0.287, -0.003,  0.000,4747999.0,  1,  21.5,   1.0, 0.100
2025-10-13 12:27:26,        0,  29.7,   2.2,  25.0,  0.285, -0.003,  0.000,4747995.7,  1,  21.5,   1.0, 0.100
2025-10-13 12:27:27,        0,  29.7,   2.2,  25.0,  0.283, -0.004,  0.000,4747991.1,  1,  21.5,   0.9, 0.100
2025-10-13 12:27:28,        0,  29.7,   2.0,  25.0,  0.279, -0.003,  0.000,4747987.3,  1,  21.5,   0.9, 0.100
2025-10-13 12:27:29,        0,  29.7,   2.2,  25.0,  0.278, -0.003,  0.000,4747984.0,  1,  21.5,   0.9, 0.100
2025-10-13 12:27:30,        0,  29.7,   2.0,  25.0,  0.275, -0.004,  0.000,4747980.2,  1,  21.5,   0.9, 0.100
2025-10-13 12:27:31,        0,  29.7,   2.2,  25.0,  0.272, -0.003,  0.000,4747976.0,  1,  21.5,   0.9, 0.100
2025-10-13 12:27:32,        0,  29.7,   2.2,  25.0,  0.271, -0.004,  0.000,4747972.2,  1,  21.5,   0.9, 0.100
2025-10-13 12:27:33,        0,  29.7,   2.2,  25.0,  0.268, -0.003,  0.000,4747968.9,  1,  21.6,   0.9, 0.100
2025-10-13 12:27:34,        0,  29.7,   2.2,  25.0,  0.266, -0.004,  0.000,4747965.5,  1,  21.5,   0.9, 0.100
2025-10-13 12:27:35,        0,  29.7,   2.2,  25.0,  0.263, -0.003,  0.000,4747961.3,  1,  21.5,   0.9, 0.100
2025-10-13 12:27:36,        0,  29.7,   2.2,  25.0,  0.262, -0.004,  0.000,4747957.5,  1,  21.5,   0.8, 0.100
2025-10-13 12:27:37,        0,  29.7,   2.2,  25.0,  0.260, -0.004,  0.000,4747953.8,  1,  21.5,   0.8, 0.100
2025-10-13 12:27:38,        0,  29.7,   2.2,  25.0,  0.258, -0.004,  0.000,4747950.4,  1,  21.5,   0.8, 0.100
2025-10-13 12:27:39,        0,  29.7,   2.2,  25.0,  0.256, -0.004,  0.000,4747946.7,  1,  21.6,   0.8, 0.100
2025-10-13 12:27:40,        0,  29.7,   2.2,  25.0,  0.254, -0.004,  0.000,4747942.5,  1,  21.5,   0.8, 0.100
2025-10-13 12:27:41,        0,  29.7,   2.2,  24.9,  0.253, -0.003,  0.000,4747939.1,  1,  21.5,   0.8, 0.100
2025-10-13 12:27:42,        0,  29.7,   2.0,  25.0,  0.252, -0.003,  0.000,4747936.2,  1,  21.6,   0.8, 0.100
2025-10-13 12:27:43,        0,  29.7,   2.2,  25.0,  0.249, -0.003,  0.000,4747932.8,  1,  21.5,   0.8, 0.100
2025-10-13 12:27:44,        0,  29.7,   2.2,  25.0,  0.248, -0.003,  0.000,4747929.1,  1,  21.6,   0.8, 0.100
2025-10-13 12:27:45,        0,  29.7,   2.2,  25.0,  0.246, -0.003,  0.000,4747925.7,  1,  21.5,   0.8, 0.100
2025-10-13 12:27:46,        0,  29.7,   2.1,  25.0,  0.244, -0.004,  0.000,4747922.3,  1,  21.5,   0.8, 0.100
2025-10-13 12:27:47,        0,  29.7,   2.0,  25.0,  0.243, -0.003,  0.000,4747919.4,  1,  21.5,   0.8, 0.100
2025-10-13 12:27:48,        0,  29.7,   2.2,  25.0,  0.241, -0.003,  0.000,4747915.6,  1,  21.6,   0.8, 0.100
2025-10-13 12:27:49,        0,  29.8,   2.4,  25.0,  0.240, -0.003,  0.000,4747912.7,  1,  21.5,   0.8, 0.100
2025-10-13 12:27:50,        0,  29.7,   2.0,  25.0,  0.239, -0.004,  0.000,4747908.9,  1,  21.6,   0.8, 0.100
2025-10-13 12:27:51,        0,  29.7,   2.2,  25.0,  0.237, -0.003,  0.000,4747906.0,  1,  21.6,   0.8, 0.100
2025-10-13 12:27:52,        0,  29.7,   2.2,  25.0,  0.236, -0.003,  0.000,4747903.5,  1,  21.5,   0.9, 0.100
2025-10-13 12:27:53,        0,  29.7,   2.0,  24.9,  0.235, -0.003,  0.000,4747900.1,  1,  21.5,   0.8, 0.100
2025-10-13 12:27:54,        0,  29.7,   2.2,  25.0,  0.233, -0.003,  0.000,4747896.8,  1,  21.6,   0.9, 0.100
2025-10-13 12:27:55,        0,  29.7,   2.2,  25.0,  0.232, -0.003,  0.000,4747893.4,  1,  21.6,   0.9, 0.100
2025-10-13 12:27:56,        0,  29.7,   2.2,  25.0,  0.231, -0.003,  0.000,4747890.5,  1,  21.6,   0.9, 0.100
2025-10-13 12:27:57,        0,  29.7,   2.0,  25.0,  0.229, -0.003,  0.000,4747887.1,  1,  21.6,   0.9, 0.100
2025-10-13 12:27:58,        0,  29.7,   2.2,  25.0,  0.229, -0.003,  0.000,4747884.2,  1,  21.6,   0.9, 0.100
2025-10-13 12:27:59,        0,  29.7,   2.2,  25.0,  0.227, -0.003,  0.000,4747881.3,  1,  21.6,   0.9, 0.100
2025-10-13 12:28:00,        0,  29.7,   2.2,  25.0,  0.226, -0.003,  0.000,4747877.5,  1,  21.6,   0.9, 0.100
2025-10-13 12:28:01,        0,  29.7,   2.2,  25.0,  0.225, -0.003,  0.000,4747874.2,  1,  21.6,   0.9, 0.100
2025-10-13 12:28:02,        0,  29.7,   2.0,  24.9,  0.223, -0.003,  0.000,4747871.2,  1,  21.5,   0.9, 0.100
2025-10-13 12:28:03,        0,  29.7,   2.2,  25.0,  0.222, -0.003,  0.000,4747868.7,  1,  21.5,   0.9, 0.100
2025-10-13 12:28:04,        0,  29.7,   2.2,  25.0,  0.221, -0.003,  0.000,4747865.8,  1,  21.5,   0.9, 0.100
2025-10-13 12:28:05,        0,  29.7,   2.0,  25.0,  0.221, -0.003,  0.000,4747862.8,  1,  21.5,   0.9, 0.100
2025-10-13 12:28:06,        0,  29.7,   2.2,  25.0,  0.220, -0.003,  0.000,4747859.1,  1,  21.6,   0.9, 0.100
2025-10-13 12:28:07,        0,  29.7,   2.2,  25.0,  0.219, -0.003,  0.000,4747856.5,  1,  21.5,   0.9, 0.100
2025-10-13 12:28:08,        0,  29.7,   2.2,  25.0,  0.218, -0.003,  0.000,4747853.6,  1,  21.5,   0.9, 0.100
2025-10-13 12:28:09,        0,  29.7,   2.2,  25.0,  0.217, -0.000,  0.000,4747851.1,  1,  21.5,   0.9, 0.100
2025-10-13 12:28:10,        0,  29.7,   2.2,  24.9,  0.216, -0.003,  0.000,4747846.9,  1,  21.5,   0.9, 0.100
2025-10-13 12:28:11,        0,  29.8,   2.4,  24.9,  0.215, -0.003,  0.000,4747844.4,  1,  21.5,   1.0, 0.100
2025-10-13 12:28:12,        0,  29.7,   2.2,  25.0,  0.214, -0.003,  0.000,4747841.5,  1,  21.5,   0.9, 0.100
2025-10-13 12:28:13,        0,  29.7,   2.2,  25.0,  0.213, -0.003,  0.000,4747838.5,  1,  21.5,   1.0, 0.100
2025-10-13 12:28:14,        0,  29.7,   2.2,  24.9,  0.213, -0.002,  0.000,4747835.6,  1,  21.5,   1.0, 0.100
2025-10-13 12:28:15,        0,  29.7,   2.2,  25.0,  0.212, -0.003,  0.000,4747832.7,  1,  21.6,   0.9, 0.100
2025-10-13 12:28:16,        0,  29.7,   2.2,  25.0,  0.211, -0.003,  0.000,4747829.7,  1,  21.5,   1.0, 0.100
2025-10-13 12:28:17,        0,  29.7,   2.2,  25.0,  0.210, -0.003,  0.000,4747827.6,  1,  21.6,   1.0, 0.100
2025-10-13 12:28:18,        0,  29.7,   2.2,  25.0,  0.209, -0.003,  0.000,4747824.3,  1,  21.6,   0.9, 0.100
2025-10-13 12:28:19,        0,  29.7,   2.0,  24.9,  0.209, -0.003,  0.000,4747821.3,  1,  21.5,   1.0, 0.100
2025-10-13 12:28:20,        0,  29.8,   2.4,  25.0,  0.208, -0.003,  0.000,4747818.8,  1,  21.5,   0.9, 0.100
2025-10-13 12:28:21,        0,  29.7,   2.2,  25.0,  0.208, -0.003,  0.000,4747816.7,  1,  21.6,   0.9, 0.100
2025-10-13 12:28:22,        0,  29.8,   2.4,  25.0,  0.206, -0.003,  0.000,4747813.4,  1,  21.6,   0.9, 0.100
2025-10-13 12:28:23,        0,  29.8,   2.4,  24.9,  0.206, -0.003,  0.000,4747810.4,  1,  21.5,   0.9, 0.100
2025-10-13 12:28:24,        0,  29.6,   1.7,  25.0,  0.206, -0.003,  0.000,4747807.9,  1,  21.6,   0.9, 0.100
2025-10-13 12:28:25,        0,  29.8,   2.4,  25.0,  0.204, -0.003,  0.000,4747805.0,  1,  21.5,   0.9, 0.100
2025-10-13 12:28:26,        0,  29.7,   2.2,  25.0,  0.203, -0.003,  0.000,4747801.6,  1,  21.5,   0.9, 0.100
2025-10-13 12:28:27,        0,  29.7,   2.2,  25.0,  0.203, -0.003,  0.000,4747798.7,  1,  21.5,   0.9, 0.100
2025-10-13 12:28:28,        0,  29.7,   2.2,  25.0,  0.203, -0.003,  0.000,4747796.6,  1,  21.5,   0.9, 0.100
2025-10-13 12:28:29,        0,  29.7,   2.2,  24.9,  0.202, -0.003,  0.000,4747793.7,  1,  21.5,   0.9, 0.100
2025-10-13 12:28:30,        0,  29.7,   2.2,  25.0,  0.201, -0.003,  0.000,4747790.3,  1,  21.6,   0.9, 0.100
2025-10-13 12:28:31,        0,  29.8,   2.4,  25.0,  0.200, -0.003,  0.000,4747787.4,  1,  21.5,   0.9, 0.100
2025-10-13 12:28:32,        0,  29.8,   2.4,  25.0,  0.200, -0.003,  0.000,4747784.9,  1,  21.5,   0.9, 0.100
2025-10-13 12:28:33,        0,  29.7,   2.2,  24.9,  0.199, -0.003,  0.000,4747782.8,  1,  21.5,   0.9, 0.100
2025-10-13 12:28:34,        0,  29.7,   2.2,  24.9,  0.199, -0.003,  0.000,4747779.9,  1,  21.6,   0.9, 0.100
2025-10-13 12:28:35,        0,  29.7,   2.2,  25.0,  0.198, -0.003,  0.000,4747776.5,  1,  21.5,   0.9, 0.100
2025-10-13 12:28:36,        0,  29.8,   2.4,  25.0,  0.198, -0.003,  0.000,4747773.6,  1,  21.5,   0.9, 0.100
2025-10-13 12:28:37,        0,  29.7,   2.2,  25.0,  0.197, -0.003,  0.000,4747771.5,  1,  21.5,   1.0, 0.100
2025-10-13 12:28:38,        0,  29.7,   2.2,  25.0,  0.197, -0.003,  0.000,4747768.5,  1,  21.6,   1.0, 0.100
2025-10-13 12:28:39,        0,  29.7,   2.2,  25.0,  0.196, -0.003,  0.000,4747765.2,  1,  21.5,   1.0, 0.100
2025-10-13 12:28:40,        0,  29.7,   2.2,  24.9,  0.196, -0.003,  0.000,4747762.7,  1,  21.5,   1.0, 0.100
2025-10-13 12:28:41,        0,  29.8,   2.4,  25.0,  0.195, -0.003,  0.000,4747760.2,  1,  21.5,   1.0, 0.100
2025-10-13 12:28:42,        0,  29.8,   2.4,  24.9,  0.194, -0.003,  0.000,4747757.6,  1,  21.5,   1.0, 0.100
2025-10-13 12:28:43,        0,  29.7,   2.2,  25.0,  0.194, -0.003,  0.000,4747755.1,  1,  21.5,   1.0, 0.100
2025-10-13 12:28:44,        0,  29.8,   2.4,  24.9,  0.193, -0.003,  0.000,4747751.8,  1,  21.5,   1.0, 0.100
2025-10-13 12:28:45,        0,  29.7,   2.2,  25.0,  0.193, -0.003,  0.000,4747749.3,  1,  21.5,   1.0, 0.100
2025-10-13 12:28:46,        0,  29.7,   2.2,  25.0,  0.192, -0.003,  0.000,4747746.3,  1,  21.5,   1.0, 0.100
2025-10-13 12:28:47,        0,  29.8,   2.4,  25.0,  0.192, -0.003,  0.000,4747744.2,  1,  21.5,   1.0, 0.100
2025-10-13 12:28:48,        0,  29.8,   2.4,  24.9,  0.191, -0.003,  0.000,4747740.9,  1,  21.5,   1.0, 0.100
2025-10-13 12:28:49,        0,  29.8,   2.4,  24.9,  0.191, -0.003,  0.000,4747738.4,  1,  21.5,   1.0, 0.100
2025-10-13 12:28:50,        0,  29.8,   2.4,  24.9,  0.190, -0.003,  0.000,4747735.8,  1,  21.6,   1.0, 0.100
2025-10-13 12:28:51,        0,  29.7,   2.2,  24.9,  0.190, -0.003,  0.000,4747732.9,  1,  21.6,   1.0, 0.100
2025-10-13 12:28:52,        0,  29.7,   2.2,  25.0,  0.190, -0.003,  0.000,4747730.0,  1,  21.5,   1.0, 0.100
2025-10-13 12:28:53,        0,  29.8,   2.4,  25.0,  0.189, -0.003,  0.000,4747727.5,  1,  21.5,   1.0, 0.100
2025-10-13 12:28:54,        0,  29.8,   2.4,  25.0,  0.188, -0.003,  0.000,4747725.0,  1,  21.6,   1.0, 0.100
2025-10-13 12:28:55,        0,  29.8,   2.4,  25.0,  0.188, -0.003,  0.000,4747722.4,  1,  21.5,   1.0, 0.100
2025-10-13 12:28:56,        0,  29.8,   2.4,  25.0,  0.188, -0.003,  0.000,4747720.3,  1,  21.5,   1.0, 0.100
2025-10-13 12:28:57,        0,  29.8,   2.4,  24.9,  0.188, -0.002,  0.000,4747717.4,  1,  21.5,   0.9, 0.100
2025-10-13 12:28:58,        0,  29.7,   2.2,  25.0,  0.187, -0.003,  0.000,4747714.9,  1,  21.6,   0.9, 0.100
2025-10-13 12:28:59,        0,  29.8,   2.4,  25.0,  0.187, -0.003,  0.000,4747711.5,  1,  21.6,   0.9, 0.100
2025-10-13 12:29:00,        0,  29.8,   2.4,  24.9,  0.186, -0.003,  0.000,4747709.4,  1,  21.5,   0.9, 0.100
2025-10-13 12:29:01,        0,  29.7,   2.2,  24.9,  0.186, -0.003,  0.000,4747706.1,  1,  21.6,   0.9, 0.100
2025-10-13 12:29:02,        0,  29.7,   2.2,  24.9,  0.186, -0.003,  0.000,4747703.6,  1,  21.6,   0.9, 0.100
2025-10-13 12:29:03,        0,  29.8,   2.4,  24.9,  0.185, -0.002,  0.000,4747701.1,  1,  21.5,   0.9, 0.100
2025-10-13 12:29:04,        0,  29.7,   2.2,  24.9,  0.185, -0.003,  0.000,4747698.1,  1,  21.6,   0.9, 0.100
2025-10-13 12:29:05,        0,  29.8,   2.4,  24.9,  0.184, -0.002,  0.000,4747695.6,  1,  21.6,   0.9, 0.100
2025-10-13 12:29:06,        0,  29.7,   2.2,  24.9,  0.184, -0.003,  0.000,4747693.1,  1,  21.5,   0.9, 0.100
2025-10-13 12:29:07,        0,  29.7,   2.2,  24.9,  0.184, -0.003,  0.000,4747690.2,  1,  21.5,   0.9, 0.100
2025-10-13 12:29:08,        0,  29.8,   2.4,  24.9,  0.183, -0.003,  0.000,4747687.7,  1,  21.5,   0.9, 0.100
2025-10-13 12:29:09,        0,  29.8,   2.4,  24.9,  0.183, -0.003,  0.000,4747685.1,  1,  21.6,   0.9, 0.100
2025-10-13 12:29:10,        0,  29.7,   2.2,  24.9,  0.183, -0.003,  0.000,4747682.6,  1,  21.5,   0.9, 0.100
2025-10-13 12:29:11,        0,  29.8,   2.4,  25.0,  0.182, -0.002,  0.000,4747680.1,  1,  21.5,   0.9, 0.100
2025-10-13 12:29:12,        0,  29.8,   2.4,  25.0,  0.182, -0.002,  0.000,4747677.6,  1,  21.6,   0.9, 0.100
2025-10-13 12:29:13,        0,  29.8,   2.4,  25.0,  0.181, -0.002,  0.000,4747675.5,  1,  21.5,   0.9, 0.100
2025-10-13 12:29:14,        0,  29.8,   2.4,  24.9,  0.181, -0.002,  0.000,4747672.6,  1,  21.5,   1.0, 0.100
2025-10-13 12:29:15,        0,  29.8,   2.4,  24.9,  0.181, -0.003,  0.000,4747670.1,  1,  21.5,   1.0, 0.100
2025-10-13 12:29:16,        0,  29.9,   2.6,  24.9,  0.181, -0.003,  0.000,4747668.4,  1,  21.6,   0.9, 0.100
2025-10-13 12:29:17,        0,  29.9,   2.6,  24.9,  0.180, -0.003,  0.000,4747665.9,  1,  21.6,   0.9, 0.100
2025-10-13 12:29:18,        0,  29.9,   2.6,  24.9,  0.180, -0.002,  0.000,4747662.5,  1,  21.6,   1.0, 0.100
2025-10-13 12:29:19,        0,  29.9,   2.6,  24.9,  0.180, -0.002,  0.000,4747660.0,  1,  21.6,   1.0, 0.100
