Time, Cnts,  %T, set_Cell[mA], Cell[°C], Cell[Volt], Cell[mA], Cell[W], Cell[uAs], Cell_ON, Env[°C], TEC[°C], N2Flow[slpm]
2025-10-09 11:48:36,        0,  29.6,   1.9,  25.2,  0.137, -0.002,  0.000,     -1.4,  1,  21.6,   1.1, 0.100
2025-10-09 11:48:37,        0,  29.6,   1.9,  25.2,  0.136, -0.002,  0.000,     -3.7,  1,  21.6,   1.0, 0.100
2025-10-09 11:48:38,        0,  29.6,   1.9,  25.3,  0.137, -0.002,  0.000,     -5.4,  1,  21.6,   1.0, 0.100
2025-10-09 11:48:39,        0,  29.6,   1.9,  25.3,  0.137, -0.002,  0.000,     -7.7,  1,  21.6,   1.0, 0.100
2025-10-09 11:48:40,        0,  29.7,   2.1,  25.2,  0.137, -0.002,  0.000,     -9.4,  1,  21.6,   1.0, 0.099
2025-10-09 11:48:41,        0,  29.6,   1.9,  25.2,  0.137, -0.002,  0.000,    -11.4,  1,  21.6,   1.0, 0.099
2025-10-09 11:48:42,        0,  29.7,   2.1,  25.3,  0.138, -0.002,  0.000,    -13.2,  1,  21.6,   1.0, 0.099
2025-10-09 11:48:43,        0,  29.6,   1.9,  25.2,  0.137, -0.002,  0.000,    -15.4,  1,  21.6,   1.0, 0.099
2025-10-09 11:48:44,        0,  29.6,   1.9,  25.3,  0.137, -0.002,  0.000,    -17.5,  1,  21.7,   1.0, 0.099
2025-10-09 11:48:45,        0,  29.7,   2.1,  25.3,  0.138, -0.002,  0.000,    -19.2,  1,  21.6,   1.0, 0.099
2025-10-09 11:48:46,        0,  29.6,   1.9,  25.3,  0.137, -0.002,  0.000,    -21.2,  1,  21.6,   1.0, 0.100
2025-10-09 11:48:47,        0,  29.6,   1.9,  25.3,  0.138, -0.002,  0.000,    -23.5,  1,  21.6,   1.0, 0.100
2025-10-09 11:48:48,        0,  29.7,   2.1,  25.3,  0.137, -0.002,  0.000,    -25.2,  1,  21.6,   1.0, 0.100
2025-10-09 11:48:49,        0,  29.6,   1.9,  25.3,  0.137, -0.002,  0.000,    -26.9,  1,  21.6,   1.0, 0.100
2025-10-09 11:48:50,        0,  29.8,   2.3,  25.3,  0.137, -0.002,  0.000,    -29.5,  1,  21.6,   1.0, 0.100
2025-10-09 11:48:51,        0,  29.7,   2.1,  25.2,  0.138, -0.002,  0.000,    -31.2,  1,  21.6,   1.0, 0.100
2025-10-09 11:48:52,        0,  29.8,   2.4,  25.3,  0.138, -0.001,  0.000,    -32.9,  1,  21.6,   1.0, 0.100
2025-10-09 11:48:53,        0,  29.9,   2.6,  25.3,  0.138, -0.002,  0.000,    585.4,  1,  21.6,   1.0, 0.100
2025-10-09 11:48:54,        0,  30.0,   3.1,  25.2,  5.552,  4.391,  0.024,   5686.3,  1,  21.6,   1.0, 0.100
2025-10-09 11:48:55,        0,  29.9,   2.6,  25.2,  5.714,  4.569,  0.026,   9942.9,  1,  21.6,   1.0, 0.100
2025-10-09 11:48:56,        0,  29.6,   1.7,  25.3,  4.377,  3.124,  0.015,  13574.1,  1,  21.6,   1.0, 0.100
2025-10-09 11:48:57,        0,  29.6,   1.9,  25.3,  5.681,  4.537,  0.027,  16597.4,  1,  21.6,   1.0, 0.100
2025-10-09 11:48:58,        0,  30.4,   4.3,  25.3,  5.788,  4.649,  0.027,  20038.9,  1,  21.6,   1.0, 0.101
2025-10-09 11:48:59,        0,  30.6,   4.8,  25.2,  6.393,  5.315,  0.034,  25170.7,  1,  21.6,   1.0, 0.102
2025-10-09 11:49:00,        0,  30.7,   5.0,  25.2,  7.730,  6.786,  0.054,  31133.7,  1,  21.5,   1.0, 0.102
2025-10-09 11:49:01,        0,  30.2,   3.6,  25.2,  6.128,  5.014,  0.031,  36611.9,  1,  21.6,   1.0, 0.090
2025-10-09 11:49:02,        0,  30.6,   4.7,  25.2,  6.092,  4.973,  0.031,  42761.4,  1,  21.5,   1.0, 0.096
2025-10-09 11:49:03,        0,  31.1,   6.4,  25.2,  9.180,  8.383,  0.079,  50252.2,  1,  21.5,   1.0, 0.097
2025-10-09 11:49:04,        0,  32.1,   9.3,  25.2, 11.586, 11.055,  0.128,  59767.6,  1,  21.5,   0.9, 0.098
2025-10-09 11:49:05,        0,  32.2,   9.6,  25.2, 11.405, 10.841,  0.124,  71116.7,  1,  21.6,   1.0, 0.099
2025-10-09 11:49:06,        0,  31.7,   8.2,  25.2, 11.832, 11.307,  0.135,  81512.5,  1,  21.5,   0.9, 0.099
2025-10-09 11:49:07,        0,  33.2,  12.6,  25.2, 12.968, 12.571,  0.163,  95047.2,  1,  21.5,   1.0, 0.099
2025-10-09 11:49:08,        0,  31.2,   6.5,  25.2, 11.657, 11.096,  0.130, 106735.3,  1,  21.5,   1.0, 0.100
2025-10-09 11:49:09,        0,  32.6,  10.7,  25.2, 13.327, 12.958,  0.173, 117390.6,  1,  21.5,   1.0, 0.100
2025-10-09 11:49:10,        0,  31.5,   7.4,  25.2, 12.087, 11.571,  0.141, 127535.3,  1,  21.5,   1.0, 0.100
2025-10-09 11:49:11,        0,  32.4,  10.1,  25.2, 11.171, 10.552,  0.118, 139468.3,  1,  21.5,   1.0, 0.100
2025-10-09 11:49:12,        0,  33.2,  12.6,  25.2, 12.426, 11.936,  0.149, 149382.0,  1,  21.5,   1.0, 0.100
2025-10-09 11:49:13,        0,  32.0,   8.9,  25.2, 11.195, 10.557,  0.119, 160974.3,  1,  21.5,   1.0, 0.100
2025-10-09 11:49:14,        0,  32.3,   9.8,  25.2, 11.171, 10.527,  0.118, 171751.5,  1,  21.5,   1.0, 0.100
2025-10-09 11:49:15,        0,  32.6,  10.8,  25.2, 13.650, 13.277,  0.182, 183928.6,  1,  21.5,   1.0, 0.100
2025-10-09 11:49:16,        0,  32.4,  10.2,  25.2, 10.551,  9.821,  0.104, 196958.8,  1,  21.6,   1.0, 0.110
2025-10-09 11:49:17,        0,  31.6,   7.9,  25.2, 11.040, 10.352,  0.114, 207772.4,  1,  21.6,   1.0, 0.111
2025-10-09 11:49:18,        0,  32.1,   9.3,  25.2, 11.985, 11.408,  0.141, 218437.7,  1,  21.5,   1.0, 0.105
2025-10-09 11:49:19,        0,  31.4,   7.1,  25.2, 11.456, 10.811,  0.124, 228682.4,  1,  21.5,   0.9, 0.101
2025-10-09 11:49:20,        0,  30.3,   4.0,  25.2,  9.326,  8.446,  0.079, 239136.6,  1,  21.5,   1.0, 0.100
2025-10-09 11:49:21,        0,  30.1,   3.4,  25.2,  6.706,  5.556,  0.038, 244578.0,  1,  21.5,   0.9, 0.100
2025-10-09 11:49:22,        0,  30.8,   5.3,  25.2, 10.517,  9.778,  0.103, 251975.4,  1,  21.5,   0.9, 0.100
2025-10-09 11:49:23,        0,  31.7,   8.2,  25.2,  9.535,  8.685,  0.083, 259908.2,  1,  21.5,   0.9, 0.100
2025-10-09 11:49:24,        0,  31.6,   7.9,  25.2, 10.238,  9.441,  0.097, 271996.0,  1,  21.5,   0.9, 0.100
2025-10-09 11:49:25,        0,  32.2,   9.6,  25.1,  9.290,  8.396,  0.079, 280792.0,  1,  21.5,   0.9, 0.100
2025-10-09 11:49:26,        0,  31.1,   6.2,  25.2, 11.099, 10.391,  0.116, 289740.4,  1,  21.5,   0.9, 0.100
2025-10-09 11:49:27,        0,  31.5,   7.6,  25.2, 11.180, 10.481,  0.118, 299129.4,  1,  21.5,   0.9, 0.100
2025-10-09 11:49:28,        0,  31.6,   7.7,  25.2, 10.431,  9.647,  0.102, 310813.3,  1,  21.5,   0.9, 0.100
2025-10-09 11:49:29,        0,  32.1,   9.4,  25.2, 12.235, 11.635,  0.143, 320813.4,  1,  21.5,   0.9, 0.100
2025-10-09 11:49:30,        0,  32.0,   8.9,  25.2, 10.006,  9.160,  0.094, 329398.2,  1,  21.5,   1.0, 0.100
2025-10-09 11:49:31,        0,  31.4,   7.2,  25.2,  9.791,  8.924,  0.088, 338432.4,  1,  21.5,   0.9, 0.100
2025-10-09 11:49:32,        0,  31.5,   7.6,  25.2, 11.107, 10.377,  0.115, 349450.8,  1,  21.5,   0.9, 0.100
2025-10-09 11:49:33,        0,  32.3,  10.0,  25.2,  9.300,  8.373,  0.078, 358015.5,  1,  21.5,   0.9, 0.100
2025-10-09 11:49:34,        0,  32.0,   9.1,  25.2, 11.313, 10.586,  0.120, 368481.2,  1,  21.5,   1.0, 0.100
2025-10-09 11:49:35,        0,  31.7,   8.1,  25.2,  7.694,  6.591,  0.054, 376542.4,  1,  21.5,   1.0, 0.100
2025-10-09 11:49:36,        0,  31.1,   6.2,  25.2, 11.296, 10.569,  0.120, 387785.3,  1,  21.5,   1.0, 0.100
2025-10-09 11:49:37,        0,  31.1,   6.2,  25.2,  9.931,  9.055,  0.090, 396004.2,  1,  21.5,   1.0, 0.100
2025-10-09 11:49:38,        0,  31.2,   6.5,  25.2,  8.886,  7.901,  0.071, 403832.8,  1,  21.5,   1.0, 0.100
2025-10-09 11:49:39,        0,  30.6,   4.8,  25.2,  8.472,  7.445,  0.064, 411529.3,  1,  21.5,   1.0, 0.100
2025-10-09 11:49:40,        0,  31.2,   6.5,  25.2,  7.465,  6.339,  0.048, 419768.5,  1,  21.5,   1.0, 0.100
2025-10-09 11:49:41,        0,  31.6,   7.9,  25.2, 10.155,  9.307,  0.095, 428318.3,  1,  21.5,   1.0, 0.100
2025-10-09 11:49:42,        0,  31.4,   7.1,  25.2, 11.259, 10.513,  0.119, 438059.2,  1,  21.5,   1.0, 0.100
2025-10-09 11:49:43,        0,  31.7,   8.1,  25.2,  9.937,  9.044,  0.090, 447442.3,  1,  21.5,   1.0, 0.100
2025-10-09 11:49:44,        0,  31.6,   7.9,  25.2,  8.613,  7.578,  0.066, 457110.8,  1,  21.5,   1.0, 0.100
2025-10-09 11:49:45,        0,  30.7,   5.0,  25.2,  8.853,  7.846,  0.074, 465785.4,  1,  21.5,   1.0, 0.100
2025-10-09 11:49:46,        0,  31.4,   7.2,  25.2,  9.048,  8.072,  0.074, 473245.8,  1,  21.5,   1.0, 0.100
2025-10-09 11:49:47,        0,  31.9,   8.8,  25.2, 10.514,  9.677,  0.102, 482346.5,  1,  21.5,   1.0, 0.100
2025-10-09 11:49:48,        0,  31.5,   7.6,  25.2,  9.543,  8.598,  0.083, 492437.9,  1,  21.5,   1.0, 0.100
2025-10-09 11:49:49,        0,  31.7,   8.1,  25.2, 11.784, 11.072,  0.131, 502591.4,  1,  21.5,   1.0, 0.100
2025-10-09 11:49:50,        0,  31.0,   5.9,  25.2, 10.844, 10.030,  0.110, 511624.8,  1,  21.5,   1.0, 0.100
2025-10-09 11:49:51,        0,  31.5,   7.4,  25.2,  9.734,  8.802,  0.086, 519754.6,  1,  21.5,   1.0, 0.100
2025-10-09 11:49:52,        0,  30.9,   5.8,  25.1, 11.703, 10.973,  0.129, 531439.1,  1,  21.5,   1.0, 0.100
2025-10-09 11:49:53,        0,  31.5,   7.6,  25.2, 11.908, 11.189,  0.134, 540707.6,  1,  21.5,   1.0, 0.100
2025-10-09 11:49:54,        0,  31.5,   7.4,  25.2, 11.599, 10.845,  0.126, 550085.8,  1,  21.5,   1.0, 0.100
2025-10-09 11:49:55,        0,  31.4,   7.2,  25.2, 11.315, 10.529,  0.119, 559419.3,  1,  21.5,   1.0, 0.100
2025-10-09 11:49:56,        0,  30.8,   5.3,  25.2, 11.110, 10.299,  0.115, 568781.4,  1,  21.5,   1.0, 0.100
2025-10-09 11:49:57,        0,  31.8,   8.4,  25.2, 11.365, 10.572,  0.120, 580021.2,  1,  21.5,   1.0, 0.100
2025-10-09 11:49:58,        0,  31.8,   8.4,  25.2, 12.306, 11.608,  0.143, 590818.1,  1,  21.5,   1.0, 0.100
2025-10-09 11:49:59,        0,  31.5,   7.6,  25.2,  8.884,  7.829,  0.072, 599236.5,  1,  21.5,   1.0, 0.100
2025-10-09 11:50:00,        0,  30.1,   3.3,  25.2,  8.132,  7.018,  0.061, 607103.3,  1,  21.5,   1.1, 0.100
2025-10-09 11:50:01,        0,  31.8,   8.4,  25.2, 10.045,  9.134,  0.092, 616429.2,  1,  21.5,   1.0, 0.100
2025-10-09 11:50:02,        0,  30.9,   5.7,  25.2,  9.829,  8.879,  0.088, 625458.8,  1,  21.5,   1.0, 0.100
2025-10-09 11:50:03,        0,  31.7,   8.1,  25.2, 11.364, 10.571,  0.120, 634646.7,  1,  21.5,   1.0, 0.100
2025-10-09 11:50:04,        0,  31.5,   7.6,  25.2,  8.016,  6.886,  0.059, 642565.7,  1,  21.5,   1.0, 0.100
2025-10-09 11:50:05,        0,  30.9,   5.8,  25.2, 11.524, 10.737,  0.124, 654023.6,  1,  21.5,   1.0, 0.100
2025-10-09 11:50:06,        0,  30.9,   5.8,  25.2, 10.119,  9.186,  0.096, 662587.8,  1,  21.5,   1.0, 0.100
2025-10-09 11:50:07,        0,  31.3,   6.9,  25.2,  5.759,  4.438,  0.031, 668508.6,  1,  21.5,   1.0, 0.100
2025-10-09 11:50:08,        0,  31.0,   6.0,  25.2,  9.007,  7.982,  0.073, 676812.2,  1,  21.5,   1.0, 0.100
2025-10-09 11:50:09,        0,  31.6,   7.9,  25.2,  7.674,  6.516,  0.051, 683836.9,  1,  21.5,   1.0, 0.100
2025-10-09 11:50:10,        0,  30.4,   4.1,  25.2,  9.584,  8.608,  0.086, 693926.0,  1,  21.5,   1.0, 0.100
2025-10-09 11:50:11,        0,  30.8,   5.3,  25.2,  8.856,  7.814,  0.069, 700815.3,  1,  21.5,   1.0, 0.100
2025-10-09 11:50:12,        0,  29.1,   0.2,  25.2,  9.261,  8.259,  0.077, 708087.2,  1,  21.5,   1.0, 0.100
2025-10-09 11:50:13,        0,  31.1,   6.4,  25.2,  6.368,  5.124,  0.036, 712643.4,  1,  21.5,   1.0, 0.100
2025-10-09 11:50:14,        0,  30.4,   4.1,  25.1,  6.080,  4.799,  0.031, 720253.4,  1,  21.5,   1.0, 0.100
2025-10-09 11:50:15,        0,  31.2,   6.5,  25.2,  8.059,  6.958,  0.057, 727159.9,  1,  21.5,   1.0, 0.100
2025-10-09 11:50:16,        0,  31.1,   6.2,  25.2,  8.830,  7.798,  0.070, 734723.1,  1,  21.5,   1.0, 0.100
2025-10-09 11:50:17,        0,  30.5,   4.6,  25.2,  7.633,  6.485,  0.050, 741267.9,  1,  21.5,   1.0, 0.100
2025-10-09 11:50:18,        0,  30.7,   5.0,  25.2,  9.068,  8.069,  0.074, 749129.4,  1,  21.5,   1.0, 0.100
2025-10-09 11:50:19,        0,  30.8,   5.5,  25.2,  8.158,  7.069,  0.059, 755495.5,  1,  21.5,   1.0, 0.100
2025-10-09 11:50:20,        0,  30.5,   4.5,  25.2,  7.963,  6.855,  0.055, 761922.0,  1,  21.5,   1.0, 0.100
2025-10-09 11:50:21,        0,  30.8,   5.3,  25.2,  6.701,  5.481,  0.037, 767348.4,  1,  21.5,   1.0, 0.100
2025-10-09 11:50:22,        0,  30.0,   3.1,  25.2,  3.930,  2.512,  0.012, 770533.3,  1,  21.5,   1.0, 0.100
2025-10-09 11:50:23,        0,  30.7,   5.0,  25.2,  5.777,  4.494,  0.026, 775907.4,  1,  21.5,   1.0, 0.100
2025-10-09 11:50:24,        0,  30.1,   3.3,  25.2,  8.428,  7.391,  0.062, 782362.5,  1,  21.5,   1.0, 0.100
2025-10-09 11:50:25,        0,  30.6,   4.8,  25.2,  6.310,  5.071,  0.032, 787971.8,  1,  21.5,   1.0, 0.100
2025-10-09 11:50:26,        0,  30.0,   2.9,  25.2,  7.317,  6.171,  0.045, 793892.4,  1,  21.5,   1.0, 0.100
2025-10-09 11:50:27,        0,  28.9,   0.0,  25.2,  7.473,  6.349,  0.048, 800314.0,  1,  21.5,   1.0, 0.100
2025-10-09 11:50:28,        0,  30.4,   4.3,  25.2,  7.010,  5.849,  0.041, 804358.6,  1,  21.5,   1.0, 0.100
2025-10-09 11:50:29,        0,  30.3,   3.8,  25.2,  5.312,  4.013,  0.024, 809110.8,  1,  21.5,   1.0, 0.100
2025-10-09 11:50:30,        0,  30.4,   4.3,  25.2,  6.581,  5.380,  0.036, 813572.0,  1,  21.5,   1.0, 0.100
2025-10-09 11:50:31,        0,  30.2,   3.6,  25.2,  6.057,  4.813,  0.029, 819519.5,  1,  21.5,   1.0, 0.100
2025-10-09 11:50:32,        0,  29.9,   2.6,  25.1,  4.476,  3.127,  0.017, 823503.4,  1,  21.5,   0.9, 0.100
2025-10-09 11:50:33,        0,  29.8,   2.4,  25.2,  6.169,  4.947,  0.031, 828035.0,  1,  21.5,   1.0, 0.100
2025-10-09 11:50:34,        0,  29.9,   2.8,  25.2,  5.723, -0.000,  0.026, 832188.1,  1,  21.5,   0.9, 0.100
2025-10-09 11:50:35,        0,  29.7,   2.1,  25.2,  2.677,  1.250,  0.005, 836201.2,  1,  21.5,   0.9, 0.100
2025-10-09 11:50:36,        0,  29.8,   2.4,  25.2,  4.944,  3.651,  0.021, 839317.2,  1,  21.5,   1.0, 0.100
2025-10-09 11:50:37,        0,  29.6,   1.9,  25.2,  3.193,  1.798,  0.007, 840685.3,  1,  21.5,   1.0, 0.100
2025-10-09 11:50:38,        0,  29.8,   2.4,  25.2,  1.263,  0.024,  0.000, 840739.1,  1,  21.5,   1.0, 0.100
2025-10-09 11:50:39,        0,  30.0,   3.1,  25.1,  1.115, -0.006,  0.000, 840735.4,  1,  21.5,   0.9, 0.100
2025-10-09 11:50:40,        0,  30.0,   2.9,  25.2,  5.605,  4.374,  0.025, 844868.1,  1,  21.5,   0.9, 0.100
2025-10-09 11:50:41,        0,  30.3,   4.0,  25.2,  6.188,  5.005,  0.031, 849497.9,  1,  21.5,   1.0, 0.100
2025-10-09 11:50:42,        0,  28.7,   0.0,  25.2,  3.775,  2.414,  0.011, 852992.0,  1,  21.5,   0.9, 0.100
2165-165-165 45:165:85,        0,  29.7,   2.1,  25.2,  3.829,  2.608,  0.016, 856068.2,  1,  21.5,   0.9, 0.100
2025-10-09 11:50:44,        0,  29.5,   1.4,  25.2,  1.428,  0.112,  0.000, 856746.5,  1,  21.5,   1.0, 0.100
2025-10-09 11:50:45,        0,  29.9,   2.6,  25.2,  3.020,  1.718,  0.008, 858304.6,  1,  21.5,   1.0, 0.100
2025-10-09 11:50:46,        0,  29.9,   2.6,  25.2,  4.194,  2.873,  0.014, 861002.9,  1,  21.5,   1.0, 0.100
2025-10-09 11:50:47,        0,  30.0,   2.9,  25.2,  5.599,  4.373,  0.024, 866079.4,  1,  21.5,   1.0, 0.100
2025-10-09 11:50:48,        0,  30.0,   2.9,  25.2,  4.209,  2.885,  0.014, 868694.4,  1,  21.5,   1.0, 0.100
2025-10-09 11:50:49,        0,  28.7,   0.0,  25.2,  2.746,  1.372,  0.006, 871348.3,  1,  21.5,   1.0, 0.100
2025-10-09 11:50:50,        0,  28.9,   0.0,  25.2,  1.452,  0.136,  0.000, 871742.9,  1,  21.5,   1.0, 0.100
2025-10-09 11:50:51,        0,  29.7,   2.1,  25.2,  1.114, -0.002,  0.000, 871746.0,  1,  21.5,   1.0, 0.100
2025-10-09 11:50:52,        0,  29.7,   2.1,  25.2,  1.058, -0.007,  0.000, 871739.5,  1,  21.5,   1.0, 0.100
2025-10-09 11:50:53,        0,  29.7,   2.2,  25.2,  1.020, -0.009,  0.000, 871730.6,  1,  21.5,   1.0, 0.100
2025-10-09 11:50:54,        0,  29.8,   2.4,  25.2,  0.978, -0.010,  0.000, 871720.9,  1,  21.5,   1.0, 0.100
2025-10-09 11:50:55,        0,  29.9,   2.6,  25.2,  5.593,  4.404,  0.025, 873904.0,  1,  21.6,   1.0, 0.100
2025-10-09 11:50:56,        0,  30.1,   3.3,  25.2,  5.574,  4.371,  0.024, 878070.6,  1,  21.5,   1.0, 0.100
2025-10-09 11:50:57,        0,  30.0,   2.9,  25.2,  5.723,  4.529,  0.026, 882393.6,  1,  21.5,   1.0, 0.100
2025-10-09 11:50:58,        0,  29.7,   2.2,  25.2,  1.768,  0.393,  0.001, 884466.9,  1,  21.5,   1.0, 0.100
2025-10-09 11:50:59,        0,  29.4,   1.2,  25.2,  3.946,  2.709,  0.014, 885735.8,  1,  21.5,   1.0, 0.100
2025-10-09 11:51:00,        0,  29.3,   1.0,  25.2,  1.182,  0.012,  0.000, 885834.5,  1,  21.5,   1.0, 0.100
2025-10-09 11:51:01,        0,  29.6,   1.9,  25.2,  1.083, -0.004,  0.000, 885831.9,  1,  21.5,   1.0, 0.100
2025-10-09 11:51:02,        0,  29.7,   2.1,  25.2,  1.030, -0.008,  0.000, 885824.8,  1,  21.5,   1.0, 0.100
2025-10-09 11:51:03,        0,  29.7,   2.2,  25.2,  0.977, -0.009,  0.000, 885815.9,  1,  21.5,   1.0, 0.100
2025-10-09 11:51:04,        0,  29.8,   2.4,  25.2,  0.949, -0.010,  0.000, 885804.5,  1,  21.5,   1.0, 0.100
2025-10-09 11:51:05,        0,  29.9,   2.6,  25.2,  0.913, -0.010,  0.000, 885795.0,  1,  21.5,   1.0, 0.100
2025-10-09 11:51:06,        0,  29.9,   2.6,  25.2,  0.890, -0.010,  0.000, 885785.6,  1,  21.5,   1.0, 0.100
2025-10-09 11:51:07,        0,  29.9,   2.8,  25.2,  0.869, -0.010,  0.000, 886968.7,  1,  21.5,   1.0, 0.100
2025-10-09 11:51:08,        0,  29.9,   2.6,  25.2,  5.583,  4.397,  0.026, 891170.7,  1,  21.5,   1.0, 0.100
2025-10-09 11:51:09,        0,  29.9,   2.8,  25.2,  1.711,  0.359,  0.001, 894120.0,  1,  21.5,   1.0, 0.100
2025-10-09 11:51:10,        0,  29.8,   2.4,  25.2,  1.853,  0.493,  0.001, 895002.6,  1,  21.5,   1.0, 0.100
2025-10-09 11:51:11,        0,  29.6,   1.7,  25.2,  1.166,  0.012,  0.000, 895019.3,  1,  21.5,   1.0, 0.100
2025-10-09 11:51:12,        0,  29.6,   1.9,  25.2,  1.070, -0.004,  0.000, 895015.5,  1,  21.5,   1.0, 0.100
2025-10-09 11:51:13,        0,  29.7,   2.1,  25.2,  0.997, -0.008,  0.000, 895006.7,  1,  21.5,   1.0, 0.100
2025-10-09 11:51:14,        0,  29.6,   1.7,  25.2,  0.947, -0.009,  0.000, 894997.8,  1,  21.5,   1.0, 0.100
2025-10-09 11:51:15,        0,  29.7,   2.1,  25.2,  0.921, -0.009,  0.000, 894988.6,  1,  21.5,   1.0, 0.100
2025-10-09 11:51:16,        0,  29.7,   2.2,  25.1,  0.896, -0.009,  0.000, 894979.8,  1,  21.5,   1.0, 0.100
2025-10-09 11:51:17,        0,  29.7,   2.1,  25.2,  0.861, -0.009,  0.000, 894971.0,  1,  21.5,   1.0, 0.100
2025-10-09 11:51:18,        0,  29.8,   2.4,  25.2,  0.841, -0.009,  0.000, 894960.0,  1,  21.5,   1.0, 0.100
2025-10-09 11:51:19,        0,  29.8,   2.4,  25.1,  0.813, -0.009,  0.000, 894951.2,  1,  21.5,   1.0, 0.100
2025-10-09 11:51:20,        0,  29.8,   2.4,  25.2,  0.796, -0.010,  0.000, 894942.1,  1,  21.5,   1.0, 0.100
2025-10-09 11:51:21,        0,  29.9,   2.6,  25.2,  0.780, -0.009,  0.000, 894933.5,  1,  21.5,   1.0, 0.100
2025-10-09 11:51:22,        0,  29.9,   2.6,  25.2,  5.547,  4.374,  0.024, 898197.0,  1,  21.5,   1.0, 0.100
2025-10-09 11:51:23,        0,  29.9,   2.6,  25.2,  5.616,  4.445,  0.025, 902421.6,  1,  21.5,   1.0, 0.100
2025-10-09 11:51:24,        0,  29.5,   1.6,  25.2,  1.956,  0.593,  0.001, 904507.3,  1,  21.5,   1.0, 0.100
2025-10-09 11:51:25,        0,  29.7,   2.1,  25.2,  1.174,  0.015,  0.000, 904532.5,  1,  21.4,   1.0, 0.100
2025-10-09 11:51:26,        0,  29.7,   2.1,  25.2,  1.040, -0.005,  0.000, 904528.5,  1,  21.4,   1.0, 0.100
2025-10-09 11:51:27,        0,  29.3,   1.0,  25.2,  0.993, -0.007,  0.000, 904521.2,  1,  21.5,   1.0, 0.100
2025-10-09 11:51:28,        0,  29.5,   1.5,  25.2,  0.958, -0.009,  0.000, 904512.8,  1,  21.5,   1.0, 0.100
2025-10-09 11:51:29,        0,  29.5,   1.5,  25.2,  0.913, -0.009,  0.000, 904504.2,  1,  21.5,   1.0, 0.100
2025-10-09 11:51:30,        0,  29.6,   1.9,  25.1,  0.888, -0.009,  0.000, 904495.6,  1,  21.5,   1.0, 0.100
2025-10-09 11:51:31,        0,  29.6,   1.7,  25.1,  0.852, -0.009,  0.000, 904485.3,  1,  21.5,   1.0, 0.100
2025-10-09 11:51:32,        0,  29.6,   1.9,  25.2,  0.830, -0.009,  0.000, 904476.4,  1,  21.4,   1.0, 0.100
2025-10-09 11:51:33,        0,  29.6,   1.9,  25.2,  0.801, -0.009,  0.000, 904467.8,  1,  21.5,   1.0, 0.100
2025-10-09 11:51:34,        0,  29.6,   1.9,  25.2,  0.783, -0.009,  0.000, 904459.2,  1,  21.4,   1.0, 0.100
2025-10-09 11:51:35,        0,  29.6,   1.9,  25.2,  0.759, -0.010,  0.000, 904448.3,  1,  21.4,   1.0, 0.100
2025-10-09 11:51:36,        0,  29.6,   1.9,  25.2,  0.745, -0.009,  0.000, 904439.7,  1,  21.5,   1.0, 0.100
2025-10-09 11:51:37,        0,  29.7,   2.1,  25.2,  0.732, -0.009,  0.000, 904431.1,  1,  21.5,   1.0, 0.100
2025-10-09 11:51:38,        0,  29.6,   1.7,  25.1,  0.715, -0.009,  0.000, 904422.3,  1,  21.4,   1.0, 0.100
2025-10-09 11:51:39,        0,  29.6,   1.9,  25.1,  0.703, -0.009,  0.000, 904414.0,  1,  21.4,   1.0, 0.100
2025-10-09 11:51:40,        0,  29.7,   2.1,  25.2,  0.688, -0.009,  0.000, 904403.8,  1,  21.4,   1.0, 0.100
2025-10-09 11:51:41,        0,  29.7,   2.1,  25.2,  0.677, -0.009,  0.000, 904395.4,  1,  21.4,   1.0, 0.100
2025-10-09 11:51:42,        0,  29.7,   2.1,  25.2,  0.668, -0.009,  0.000, 904386.8,  1,  21.4,   1.0, 0.100
2025-10-09 11:51:43,        0,  29.8,   2.3,  25.2,  0.654, -0.009,  0.000, 904378.9,  1,  21.4,   0.9, 0.100
2025-10-09 11:51:44,        0,  29.8,   2.3,  25.2,  0.645, -0.009,  0.000, 904368.8,  1,  21.5,   0.9, 0.100
2025-10-09 11:51:45,        0,  29.8,   2.3,  25.1,  0.633, -0.008,  0.000, 904361.0,  1,  21.5,   0.9, 0.100
2025-10-09 11:51:46,        0,  29.7,   2.2,  25.2,  0.626, -0.008,  0.000, 904353.4,  1,  21.5,   0.9, 0.100
2025-10-09 11:51:47,        0,  29.8,   2.3,  25.2,  0.618, -0.008,  0.000, 904345.3,  1,  21.4,   0.9, 0.100
2025-10-09 11:51:48,        0,  29.7,   2.2,  25.2,  0.607, -0.008,  0.000, 904335.9,  1,  21.5,   0.9, 0.100
2025-10-09 11:51:49,        0,  29.8,   2.4,  25.2,  0.596, -0.008,  0.000, 904327.9,  1,  21.4,   0.9, 0.100
2025-10-09 11:51:50,        0,  29.7,   2.2,  25.2,  0.591, -0.008,  0.000, 904320.2,  1,  21.4,   0.9, 0.100
2025-10-09 11:51:51,        0,  29.8,   2.4,  25.2,  0.584, -0.008,  0.000, 904312.4,  1,  21.4,   0.8, 0.100
2025-10-09 11:51:52,        0,  29.7,   2.2,  25.2,  0.579, -0.009,  0.000, 904304.5,  1,  21.4,   0.8, 0.100
2025-10-09 11:51:53,        0,  29.7,   2.2,  25.2,  0.571, -0.007,  0.000, 904295.6,  1,  21.5,   0.8, 0.100
2025-10-09 11:51:54,        0,  29.8,   2.4,  25.2,  0.563, -0.008,  0.000, 904287.9,  1,  21.5,   0.9, 0.100
2025-10-09 11:51:55,        0,  29.8,   2.4,  25.2,  0.558, -0.008,  0.000, 904280.2,  1,  21.5,   0.9, 0.100
2025-10-09 11:51:56,        0,  29.8,   2.4,  25.2,  0.553, -0.007,  0.000, 904272.9,  1,  21.4,   0.8, 0.100
2025-10-09 11:51:57,        0,  29.7,   2.2,  25.2,  0.546, -0.007,  0.000, 904264.1,  1,  21.4,   0.9, 0.100
2025-10-09 11:51:58,        0,  29.8,   2.4,  25.2,  0.542, -0.007,  0.000, 904256.9,  1,  21.5,   0.9, 0.100
2025-10-09 11:51:59,        0,  29.9,   2.6,  25.2,  0.534, -0.008,  0.000, 904249.8,  1,  21.5,   0.9, 0.100
2025-10-09 11:52:00,        0,  29.8,   2.4,  25.2,  0.531, -0.008,  0.000, 904242.6,  1,  21.5,   1.0, 0.100
2025-10-09 11:52:01,        0,  29.9,   2.6,  25.2,  0.526, -0.007,  0.000, 904235.5,  1,  21.4,   0.9, 0.100
2025-10-09 11:52:02,        0,  29.9,   2.6,  25.2,  0.521, -0.008,  0.000, 904226.9,  1,  21.4,   0.9, 0.100
2025-10-09 11:52:03,        0,  29.9,   2.6,  25.2,  0.517, -0.007,  0.000, 904220.0,  1,  21.4,   1.0, 0.100
2025-10-09 11:52:04,        0,  29.9,   2.6,  25.2,  0.511, -0.007,  0.000, 904212.9,  1,  21.5,   1.0, 0.100
2025-10-09 11:52:05,        0,  29.9,   2.6,  25.1,  0.508, -0.007,  0.000, 904206.3,  1,  21.5,   1.0, 0.100
2025-10-09 11:52:06,        0,  29.9,   2.6,  25.2,  0.502, -0.007,  0.000, 904198.3,  1,  21.5,   1.0, 0.100
2025-10-09 11:52:07,        0,  29.9,   2.6,  25.2,  0.499, -0.007,  0.000, 904191.7,  1,  21.5,   1.0, 0.100
2025-10-09 11:52:08,        0,  29.9,   2.6,  25.2,  0.495, -0.007,  0.000, 904184.9,  1,  21.5,   1.0, 0.100
2025-10-09 11:52:09,        0,  29.9,   2.6,  25.2,  2.005,  1.367,  0.008, 905281.5,  1,  21.5,   1.0, 0.100
2025-10-09 11:52:10,        0,  29.8,   2.4,  25.2,  4.719,  3.484,  0.018, 909836.2,  1,  21.4,   1.0, 0.100
2025-10-09 11:52:11,        0,  29.1,   0.2,  25.2,  1.264,  0.051,  0.000, 909983.0,  1,  21.5,   1.0, 0.100
2025-10-09 11:52:12,        0,  29.7,   2.1,  25.2,  1.086,  0.002,  0.000, 909985.0,  1,  21.4,   1.0, 0.100
2025-10-09 11:52:13,        0,  29.6,   1.7,  25.2,  0.987, -0.007,  0.000, 909979.5,  1,  21.5,   1.0, 0.100
2025-10-09 11:52:14,        0,  29.6,   1.9,  25.2,  0.948, -0.008,  0.000, 909971.6,  1,  21.5,   1.0, 0.100
2025-10-09 11:52:15,        0,  29.6,   1.7,  25.1,  0.900, -0.009,  0.000, 909961.3,  1,  21.5,   1.0, 0.100
2025-10-09 11:52:16,        0,  29.6,   1.7,  25.2,  0.871, -0.009,  0.000, 909952.9,  1,  21.4,   1.0, 0.100
2025-10-09 11:52:17,        0,  29.6,   1.9,  25.1,  0.845, -0.009,  0.000, 909944.6,  1,  21.4,   1.0, 0.100
2025-10-09 11:52:18,        0,  29.6,   1.7,  25.2,  0.808, -0.008,  0.000, 909936.7,  1,  21.5,   1.0, 0.100
2025-10-09 11:52:19,        0,  29.6,   1.9,  25.2,  0.786, -0.008,  0.000, 909927.1,  1,  21.5,   1.0, 0.100
2025-10-09 11:52:20,        0,  29.6,   1.7,  25.2,  0.756, -0.009,  0.000, 909919.2,  1,  21.5,   1.0, 0.100
2025-10-09 11:52:21,        0,  29.6,   1.7,  25.2,  0.738, -0.008,  0.000, 909910.9,  1,  21.5,   1.0, 0.100
2025-10-09 11:52:22,        0,  29.6,   1.7,  25.1,  0.722, -0.009,  0.000, 909902.8,  1,  21.4,   1.0, 0.100
2025-10-09 11:52:23,        0,  29.6,   1.9,  25.2,  0.699, -0.008,  0.000, 909893.4,  1,  21.5,   1.0, 0.100
2025-10-09 11:52:24,        0,  29.6,   1.9,  25.2,  0.685, -0.009,  0.000, 909885.1,  1,  21.5,   1.0, 0.100
2025-10-09 11:52:25,        0,  29.6,   1.7,  25.1,  0.666, -0.008,  0.000, 909877.4,  1,  21.5,   1.0, 0.100
2025-10-09 11:52:26,        0,  29.6,   1.9,  25.2,  0.653, -0.008,  0.000, 909869.7,  1,  21.5,   1.0, 0.100
2025-10-09 11:52:27,        0,  29.6,   1.9,  25.2,  0.643, -0.008,  0.000, 909862.0,  1,  21.5,   1.0, 0.100
2025-10-09 11:52:28,        0,  29.6,   1.9,  25.2,  0.627, -0.008,  0.000, 909852.8,  1,  21.5,   1.0, 0.100
2025-10-09 11:52:29,        0,  29.6,   1.9,  25.2,  0.612, -0.008,  0.000, 909845.4,  1,  21.5,   1.0, 0.100
2025-10-09 11:52:30,        0,  29.6,   1.7,  25.2,  0.602, -0.008,  0.000, 909838.3,  1,  21.4,   1.0, 0.100
2025-10-09 11:52:31,        0,  29.6,   1.7,  25.1,  0.590, -0.008,  0.000, 909829.4,  1,  21.5,   1.0, 0.100
2025-10-09 11:52:32,        0,  29.6,   1.9,  25.2,  0.582, -0.007,  0.000, 909822.0,  1,  21.5,   1.0, 0.100
2025-10-09 11:52:33,        0,  29.6,   1.9,  25.2,  0.573, -0.007,  0.000, 909814.7,  1,  21.5,   1.0, 0.100
2025-10-09 11:52:34,        0,  29.6,   1.7,  25.2,  0.566, -0.008,  0.000, 909807.6,  1,  21.5,   1.0, 0.100
2025-10-09 11:52:35,        0,  29.6,   1.7,  25.2,  0.556, -0.008,  0.000, 909800.2,  1,  21.5,   1.0, 0.100
2025-10-09 11:52:36,        0,  29.6,   1.9,  25.2,  0.546, -0.007,  0.000, 909791.6,  1,  21.5,   1.0, 0.100
2025-10-09 11:52:37,        0,  29.6,   1.9,  25.2,  0.540, -0.007,  0.000, 909784.4,  1,  21.5,   1.1, 0.100
2025-10-09 11:52:38,        0,  29.6,   1.9,  25.2,  0.534, -0.007,  0.000, 909777.5,  1,  21.5,   1.1, 0.100
2025-10-09 11:52:39,        0,  29.6,   1.9,  25.2,  0.526, -0.007,  0.000, 909770.7,  1,  21.5,   1.1, 0.100
2025-10-09 11:52:40,        0,  29.6,   1.9,  25.2,  0.520, -0.007,  0.000, 909762.1,  1,  21.5,   1.1, 0.100
2025-10-09 11:52:41,        0,  29.6,   1.9,  25.2,  0.513, -0.007,8005.878, 909755.5,  1,  21.5,   1.1, 0.100
2025-10-09 11:52:42,        0,  29.6,   1.9,  25.2,  0.507, -0.007,  0.000, 909748.9,  1,  21.5,   1.1, 0.100
2025-10-09 11:52:43,        0,  29.6,   1.7,  25.2,  0.503, -0.007,  0.000, 909742.1,  1,  21.5,   1.1, 0.100
2025-10-09 11:52:44,        0,  29.7,   2.1,  25.2,  0.496, -0.007,  0.000, 909733.8,  1,  21.5,   1.1, 0.100
2025-10-09 11:52:45,        0,  29.6,   1.9,  25.2,  0.492, -0.007,  0.000, 909727.6,  1,  21.5,   1.1, 0.100
2025-10-09 11:52:46,        0,  29.6,   1.9,  25.2,  0.485, -0.007,  0.000, 909721.0,  1,  21.5,   1.1, 0.100
2025-10-09 11:52:47,        0,  29.6,   1.9,  25.2,  0.482, -0.007,  0.000, 909714.7,  1,  21.5,   1.1, 0.100
2025-10-09 11:52:48,        0,  29.6,   1.9,  25.2,  0.475, -0.007,  0.000, 909706.9,  1,  21.5,   1.0, 0.100
2025-10-09 11:52:49,        0,  29.6,   1.9,  25.2,  0.472, -0.007,  0.000, 909700.6,  1,  21.5,   1.0, 0.100
2025-10-09 11:52:50,        0,  29.6,   1.9,  25.1,  0.468, -0.007,  0.000, 909694.3,  1,  21.5,   1.0, 0.100
2025-10-09 11:52:51,        0,  29.6,   1.7,  25.1,  0.463, -0.007,  0.000, 909688.1,  1,  21.5,   1.0, 0.100
2025-10-09 11:52:52,        0,  29.6,   1.7,  25.2,  0.460, -0.007,  0.000, 909681.8,  1,  21.5,   1.0, 0.100
2025-10-09 11:52:53,        0,  29.6,   1.9,  25.1,  0.454, -0.006,  0.000, 909674.3,  1,  21.5,   1.0, 0.100
2025-10-09 11:52:54,        0,  29.7,   2.1,  25.2,  0.451, -0.006,  0.000, 909668.3,  1,  21.5,   1.0, 0.100
2025-10-09 11:52:55,        0,  29.6,   1.9,  25.2,  0.446, -0.006,  0.000, 909662.3,  1,  21.5,   1.0, 0.100
2025-10-09 11:52:56,        0,  29.7,   2.1,  25.1,  0.443, -0.006,  0.000, 909656.6,  1,  21.5,   1.0, 0.100
2025-10-09 11:52:57,        0,  29.7,   2.1,  25.2,  0.439, -0.007,  0.000, 909649.2,  1,  21.5,   1.0, 0.100
2025-10-09 11:52:58,        0,  29.7,   2.1,  25.2,  0.435, -0.006,  0.000, 909643.4,  1,  21.5,   1.0, 0.100
2025-10-09 11:52:59,        0,  29.7,   2.1,  25.2,  0.433, -0.006,  0.000, 909637.3,  1,  21.5,   1.0, 0.100
2025-10-09 11:53:00,        0,  29.7,   2.1,  25.2,  0.429, -0.006,  0.000, 909631.7,  1,  21.5,   1.0, 0.100
2025-10-09 11:53:01,        0,  29.6,   1.9,  25.2,  0.426, -0.006,  0.000, 909624.8,  1,  21.5,   1.0, 0.100
2025-10-09 11:53:02,        0,  29.7,   2.1,  25.1,  0.422, -0.007,  0.000, 909618.8,  1,  21.5,   1.0, 0.100
2025-10-09 11:53:03,        0,  29.7,   2.1,  25.2,  0.420, -0.006,  0.000, 909612.7,  1,  21.5,   1.0, 0.100
2025-10-09 11:53:04,        0,  29.6,   1.9,  25.2,  0.417, -0.005,  0.000, 909607.4,  1,  21.5,   1.0, 0.100
2025-10-09 11:53:05,        0,  29.7,   2.1,  25.2,  0.413, -0.006,  0.000, 909601.9,  1,  21.5,   1.0, 0.100
2025-10-09 11:53:06,        0,  29.6,   1.7,  25.2,  0.410, -0.006,  0.000, 909595.1,  1,  21.5,   1.0, 0.100
2025-10-09 11:53:07,        0,  29.6,   1.9,  25.2,  0.407, -0.006,  0.000, 909589.4,  1,  21.5,   1.0, 0.100
2025-10-09 11:53:08,        0,  29.7,   2.1,  25.2,  0.404, -0.006,  0.000, 909583.6,  1,  21.5,   1.0, 0.100
2025-10-09 11:53:09,        0,  29.7,   2.1,  25.2,  0.402, -0.006,  0.000, 909578.1,  1,  21.5,   1.0, 0.100
2025-10-09 11:53:10,        0,  29.7,   2.1,  25.2,  0.399, -0.006,  0.000, 909571.5,  1,  21.5,   1.0, 0.100
2025-10-09 11:53:11,        0,  29.5,   1.5,  25.1,  0.396, -0.005,  0.000, 909566.4,  1,  21.5,   1.0, 0.100
2025-10-09 11:53:12,        0,  29.6,   1.9,  25.2,  0.392, -0.006,  0.000, 909561.0,  1,  21.5,   1.0, 0.100
2025-10-09 11:53:13,        0,  29.7,   2.1,  25.2,  0.390, -0.005,  0.000, 909555.8,  1,  21.5,   1.0, 0.100
2025-10-09 11:53:14,        0,  29.7,   2.1,  25.2,  0.388, -0.005,  0.000, 909550.4,  1,  21.5,   1.0, 0.100
2025-10-09 11:53:15,        0,  29.7,   2.1,  25.2,  0.385, -0.006,  0.000, 909543.8,  1,  21.5,   1.0, 0.100
2025-10-09 11:53:16,        0,  29.6,   1.9,  25.2,  0.382, -0.005,  0.000, 909538.4,  1,  21.5,   1.0, 0.100
2025-10-09 11:53:17,        0,  29.6,   1.9,  25.2,  0.380, -0.005,  0.000, 909533.3,  1,  21.5,   1.0, 0.100
2025-10-09 11:53:18,        0,  29.7,   2.1,  25.2,  0.377, -0.005,  0.000, 909528.4,  1,  21.5,   1.0, 0.100
2025-10-09 11:53:19,        0,  29.7,   2.1,  25.2,  0.375, -0.005,  0.000, 909522.1,  1,  21.5,   1.0, 0.100
2025-10-09 11:53:20,        0,  29.7,   2.1,  25.2,  0.372, -0.005,  0.000, 909517.3,  1,  21.5,   1.0, 0.100
2025-10-09 11:53:21,        0,  29.7,   2.1,  25.1,  0.370, -0.005,  0.000, 909511.8,  1,  21.5,   1.0, 0.100
2025-10-09 11:53:22,        0,  29.7,   2.1,  25.1,  0.367, -0.005,  0.000, 909506.9,  1,  21.5,   1.0, 0.100
2025-10-09 11:53:23,        0,  29.7,   2.1,  25.2,  0.364, -0.005,  0.000, 909501.2,  1,  21.5,   1.0, 0.100
2025-10-09 11:53:24,        0,  29.6,   1.9,  25.1,  0.362, -0.006,  0.000, 909496.1,  1,  21.5,   1.0, 0.100
2025-10-09 11:53:25,        0,  29.7,   2.1,  25.1,  0.361, -0.005,  0.000, 909491.2,  1,  21.5,   1.0, 0.100
2025-10-09 11:53:26,        0,  29.6,   1.9,  25.2,  0.358, -0.005,  0.000, 909486.1,  1,  21.5,   1.0, 0.100
2025-10-09 11:53:27,        0,  29.7,   2.1,  25.2,  0.356, -0.005,  0.000, 909481.1,  1,  21.5,   1.0, 0.100
2025-10-09 11:53:28,        0,  29.7,   2.1,  25.2,  0.352, -0.005,  0.000, 909475.2,  1,  21.5,   1.0, 0.100
2025-10-09 11:53:29,        0,  29.6,   1.9,  25.2,  0.351, -0.005,  0.000, 909470.7,  1,  21.5,   1.0, 0.100
2025-10-09 11:53:30,        0,  29.7,   2.1,  25.1,  0.348, -0.005,  0.000, 909465.7,  1,  21.5,   1.0, 0.100
2025-10-09 11:53:31,        0,  29.7,   2.1,  25.2,  0.346, -0.005,  0.000, 909461.1,  1,  21.5,   1.0, 0.100
2025-10-09 11:53:32,        0,  29.7,   2.1,  25.2,  0.343, -0.005,  0.000, 909455.1,  1,  21.5,   1.0, 0.100
2025-10-09 11:53:33,        0,  29.8,   2.3,  25.2,  0.341, -0.005,  0.000, 909450.8,  1,  21.5,   1.0, 0.100
2025-10-09 11:53:34,        0,  29.7,   2.1,  25.2,  0.339, -0.005,  0.000, 909446.3,  1,  21.5,   1.0, 0.100
2025-10-09 11:53:35,        0,  29.7,   2.1,  25.2,  0.336, -0.005,  0.000, 909441.4,  1,  21.5,   1.0, 0.100
2025-10-09 11:53:36,        0,  29.7,   2.0,  25.1,  0.334, -0.004,  0.000, 909436.8,  1,  21.5,   1.0, 0.100
2025-10-09 11:53:37,        0,  29.7,   2.1,  25.1,  0.331, -0.005,  0.000, 909431.4,  1,  21.5,   1.0, 0.100
2025-10-09 11:53:38,        0,  29.7,   2.1,  25.1,  0.329, -0.004,  0.000, 909427.4,  1,  21.5,   1.0, 0.100
2025-10-09 11:53:39,        0,  29.6,   1.9,  25.2,  0.327, -0.005,  0.000, 909423.1,  1,  21.5,   1.0, 0.100
2025-10-09 11:53:40,        0,  29.7,   2.1,  25.1,  0.324, -0.005,  0.000, 909418.8,  1,  21.5,   1.0, 0.100
2025-10-09 11:53:41,        0,  29.7,   2.1,  25.2,  0.322, -0.004,  0.000, 909413.4,  1,  21.5,   1.0, 0.100
2025-10-09 11:53:42,        0,  29.7,   2.1,  25.2,  0.320, -0.004,  0.000, 909409.4,  1,  21.5,   1.0, 0.100
2025-10-09 11:53:43,        0,  29.7,   2.1,  25.2,  0.317, -0.004,  0.000, 909405.1,  1,  21.5,   1.0, 0.100
2025-10-09 11:53:44,        0,  29.7,   2.2,  25.2,  0.316, -0.004,  0.000, 909400.8,  1,  21.5,   0.9, 0.100
2025-10-09 11:53:45,        0,  29.7,   2.1,  25.2,  0.313, -0.004,  0.000, 909395.6,  1,  21.5,   1.0, 0.100
2025-10-09 11:53:46,        0,  29.7,   2.1,  25.2,  0.311, -0.005,  0.000, 909391.3,  1,  21.5,   1.0, 0.100
2025-10-09 11:53:47,        0,  29.6,   1.9,  25.2,  0.308, -0.005,  0.000, 909387.0,  1,  21.5,   0.9, 0.100
2025-10-09 11:53:48,        0,  29.7,   2.1,  25.2,  0.306, -0.004,  0.000, 909383.1,  1,  21.5,   1.0, 0.100
2025-10-09 11:53:49,        0,  29.7,   2.1,  25.1,  0.303, -0.005,  0.000, 909377.8,  1,  21.5,   1.0, 0.100
2025-10-09 11:53:50,        0,  29.6,   1.9,  25.1,  0.301, -0.004,  0.000, 909373.8,  1,  21.5,   1.0, 0.100
2025-10-09 11:53:51,        0,  29.7,   2.1,  25.1,  0.299, -0.004,  0.000, 909369.9,  1,  21.5,   0.9, 0.100
2025-10-09 11:53:52,        0,  29.7,   2.1,  25.1,  0.297, -0.004,  0.000, 909365.9,  1,  21.5,   1.0, 0.100
2025-10-09 11:53:53,        0,  29.7,   2.1,  25.2,  0.295, -0.004,  0.000, 909361.9,  1,  21.5,   1.0, 0.100
2025-10-09 11:53:54,        0,  29.7,   2.1,  25.1,  0.292, -0.004,  0.000, 909357.3,  1,  21.5,   0.9, 0.100
2025-10-09 11:53:55,        0,  29.7,   2.1,  25.2,  0.290, -0.004,  0.000, 909353.3,  1,  21.5,   0.9, 0.100
2025-10-09 11:53:56,        0,  29.7,   2.1,  25.1,  0.288, -0.004,  0.000, 909349.2,  1,  21.5,   0.9, 0.100
2025-10-09 11:53:57,        0,  29.7,   2.1,  25.1,  0.286, -0.004,  0.000, 909345.2,  1,  21.5,   0.9, 0.100
2025-10-09 11:53:58,        0,  29.7,   2.1,  25.1,  0.283, -0.004,  0.000, 909340.7,  1,  21.5,   0.9, 0.100
2025-10-09 11:53:59,        0,  29.7,   2.1,  25.1,  0.282, -0.004,  0.000, 909337.0,  1,  21.5,   0.9, 0.100
2025-10-09 11:54:00,        0,  29.7,   2.1,  25.1,  0.280, -0.004,  0.000, 909333.0,  1,  21.5,   0.9, 0.100
2025-10-09 11:54:01,        0,  29.7,   2.1,  25.1,  0.276, -0.004,  0.000, 909329.8,  1,  21.5,   0.9, 0.100
2025-10-09 11:54:02,        0,  29.6,   1.9,  25.1,  0.274, -0.004,  0.000, 909325.5,  1,  21.5,   0.9, 0.100
2025-10-09 11:54:03,        0,  29.7,   2.1,  25.2,  0.272, -0.003,  0.000, 909322.1,  1,  21.5,   0.9, 0.100
2025-10-09 11:54:04,        0,  29.7,   2.1,  25.2,  0.270, -0.004,  0.000, 909318.1,  1,  21.5,   0.9, 0.100
2025-10-09 11:54:05,        0,  29.7,   2.1,  25.2,  0.269, -0.004,  0.000, 909314.4,  1,  21.5,   0.8, 0.100
2025-10-09 11:54:06,        0,  29.7,   2.1,  25.1,  0.266, -0.004,  0.000, 909311.0,  1,  21.5,   0.9, 0.100
2025-10-09 11:54:07,        0,  29.6,   1.9,  25.1,  0.264, -0.003,  0.000, 909306.7,  1,  21.5,   0.9, 0.100
2025-10-09 11:54:08,        0,  29.7,   2.1,  25.1,  0.262, -0.004,  0.000, 909303.2,  1,  21.5,   0.9, 0.100
2025-10-09 11:54:09,        0,  29.7,   2.1,  25.2,  0.260, -0.004,  0.000, 909299.8,  1,  21.5,   0.9, 0.100
2025-10-09 11:54:10,        0,  29.7,   2.1,  25.1,  0.258, -0.004,  0.000, 909296.3,  1,  21.5,   0.9, 0.100
2025-10-09 11:54:11,        0,  29.7,   2.1,  25.2,  0.256, -0.004,  0.000, 909292.3,  1,  21.5,   0.9, 0.100
2025-10-09 11:54:12,        0,  29.7,   2.1,  25.2,  0.254, -0.004,  0.000, 909289.0,  1,  21.5,   0.9, 0.100
2025-10-09 11:54:13,        0,  29.7,   2.1,  25.2,  0.252, -0.003,  0.000, 909285.8,  1,  21.5,   0.9, 0.100
2025-10-09 11:54:14,        0,  29.6,   1.9,  25.1,  0.251, -0.004,  0.000, 909282.4,  1,  21.5,   0.9, 0.100
2025-10-09 11:54:15,        0,  29.6,   1.9,  25.1,  0.249, -0.003,  0.000, 909278.3,  1,  21.5,   0.9, 0.100
2025-10-09 11:54:16,        0,  29.7,   2.1,  25.2,  0.247, -0.003,  0.000, 909274.8,  1,  21.5,   0.9, 0.100
2025-10-09 11:54:17,        0,  29.7,   2.1,  25.2,  0.245, -0.003,  0.000, 909271.5,  1,  21.5,   0.9, 0.100
2025-10-09 11:54:18,        0,  29.6,   1.9,  25.2,  0.243, -0.004,  0.000, 909267.7,  1,  21.5,   0.9, 0.100
2025-10-09 11:54:19,        0,  29.6,   1.9,  25.1,  0.242, -0.003,  0.000, 909264.7,  1,  21.5,   1.0, 0.100
2025-10-09 11:54:20,        0,  29.7,   2.1,  25.1,  0.240, -0.003,  0.000, 909261.7,  1,  21.5,   0.9, 0.100
2025-10-09 11:54:21,        0,  29.7,   2.1,  25.1,  0.239, -0.003,  0.000, 909258.6,  1,  21.5,   1.0, 0.100
2025-10-09 11:54:22,        0,  29.7,   2.1,  25.1,  0.237, -0.003,  0.000, 909254.8,  1,  21.5,   0.9, 0.100
2025-10-09 11:54:23,        0,  29.7,   2.1,  25.1,  0.235, -0.003,  0.000, 909251.8,  1,  21.5,   1.0, 0.100
2025-10-09 11:54:24,        0,  29.6,   1.9,  25.2,  0.234, -0.003,  0.000, 909248.8,  1,  21.5,   0.9, 0.100
2025-10-09 11:54:25,        0,  29.7,   2.1,  25.2,  0.232, -0.004,  0.000, 909245.4,  1,  21.5,   0.9, 0.100
2025-10-09 11:54:26,        0,  29.7,   2.1,  25.1,  0.231, -0.003,  0.000, 909241.9,  1,  21.5,   0.9, 0.100
2025-10-09 11:54:27,        0,  29.7,   2.1,  25.1,  0.230, -0.003,  0.000, 909238.6,  1,  21.5,   0.9, 0.100
2025-10-09 11:54:28,        0,  29.7,   2.1,  25.1,  0.228, -0.003,  0.000, 909235.4,  1,  21.5,   1.0, 0.100
2025-10-09 11:54:29,        0,  29.7,   2.1,  25.1,  0.226, -0.003,  0.000, 909232.3,  1,  21.5,   1.0, 0.100
2025-10-09 11:54:30,        0,  29.7,   2.1,  25.2,  0.225, -0.003,  0.000, 909229.1,  1,  21.5,   1.0, 0.100
2025-10-09 11:54:31,        0,  29.6,   1.9,  25.1,  0.224, -0.003,  0.000, 909225.4,  1,  21.5,   1.0, 0.100
2025-10-09 11:54:32,        0,  29.7,   2.1,  25.1,  0.223, -0.003,  0.000, 909222.5,  1,  21.5,   1.0, 0.100
2025-10-09 11:54:33,        0,  29.7,   2.1,  25.2,  0.222, -0.003,  0.000, 909219.4,  1,  21.5,   1.0, 0.100
2025-10-09 11:54:34,        0,  29.6,   1.7,  25.2,  0.221, -0.003,  0.000, 909216.6,  1,  21.5,   1.0, 0.100
2025-10-09 11:54:35,        0,  29.7,   2.1,  25.2,  0.220, -0.003,  0.000, 909213.1,  1,  21.5,   1.0, 0.100
2025-10-09 11:54:36,        0,  29.7,   2.1,  25.1,  0.218, -0.003,  0.000, 909210.3,  1,  21.5,   1.0, 0.100
2025-10-09 11:54:37,        0,  29.6,   1.9,  25.2,  0.217, -0.003,  0.000, 909207.1,  1,  21.5,   1.0, 0.100
2025-10-09 11:54:38,        0,  29.7,   2.1,  25.1,  0.216, -0.003,  0.000, 909204.2,  1,  21.5,   1.0, 0.100
2025-10-09 11:54:39,        0,  29.7,   2.1,  25.1,  0.215, -0.003,  0.000, 909200.8,  1,  21.5,   1.0, 0.100
2025-10-09 11:54:40,        0,  29.7,   2.1,  25.1,  0.214, -0.003,  0.000, 909197.6,  1,  21.5,   1.0, 0.100
2025-10-09 11:54:41,        0,  29.7,   2.1,  25.1,  0.213, -0.003,  0.000, 909195.1,  1,  21.5,   1.0, 0.100
2025-10-09 11:54:42,        0,  29.7,   2.1,  25.2,  0.212, -0.003,  0.000, 909192.0,  1,  21.5,   1.0, 0.100
2025-10-09 11:54:43,        0,  29.6,   1.9,  25.1,  0.212, -0.003,  0.000, 909188.8,  1,  21.5,   1.0, 0.100
2025-10-09 11:54:44,        0,  29.6,   1.9,  25.2,  0.210, -0.003,  0.000, 909185.4,  1,  21.5,   1.0, 0.100
2025-10-09 11:54:45,        0,  29.6,   1.9,  25.1,  0.210, -0.003,  0.000, 909182.8,  1,  21.5,   1.0, 0.100
2025-10-09 11:54:46,        0,  29.7,   2.1,  25.2,  0.208, -0.003,  0.000, 909179.6,  1,  21.5,   1.0, 0.100
2025-10-09 11:54:47,        0,  29.7,   2.1,  25.1,  0.207, -0.003,  0.000, 909176.8,  1,  21.5,   1.0, 0.100
2025-10-09 11:54:48,        0,  29.6,   1.9,  25.1,  0.206, -0.003,  0.000, 909173.3,  1,  21.5,   1.0, 0.100
2025-10-09 11:54:49,        0,  29.7,   2.1,  25.2,  0.205, -0.003,  0.000, 909170.8,  1,  21.5,   1.0, 0.100
2025-10-09 11:54:50,        0,  29.7,   2.1,  25.2,  0.204, -0.003,  0.000, 909167.9,  1,  21.5,   1.0, 0.100
2025-10-09 11:54:51,        0,  29.7,   2.1,  25.1,  0.204, -0.003,  0.000, 909165.7,  1,  21.5,   1.0, 0.100
2025-10-09 11:54:52,        0,  29.7,   2.1,  25.2,  0.204, -0.003,  0.000, 909163.0,  1,  21.5,   1.0, 0.100
2025-10-09 11:54:53,        0,  29.7,   2.1,  25.1,  0.202, -0.003,  0.000, 909159.6,  1,  21.5,   1.0, 0.100
2025-10-09 11:54:54,        0,  29.7,   2.1,  25.2,  0.202, -0.002,  0.000, 909157.1,  1,  21.5,   1.0, 0.100
2025-10-09 11:54:55,        0,  29.7,   2.1,  25.2,  0.200, -0.003,  0.000, 909154.4,  1,  21.5,   1.0, 0.100
2025-10-09 11:54:56,        0,  29.7,   2.1,  25.1,  0.200, -0.003,  0.000, 909151.3,  1,  21.5,   1.0, 0.100
2025-10-09 11:54:57,        0,  29.7,   2.1,  25.2,  0.199, -0.003,  0.000, 909147.8,  1,  21.5,   1.0, 0.100
2025-10-09 11:54:58,        0,  29.6,   1.9,  25.1,  0.198, -0.003,  0.000, 909145.0,  1,  21.5,   1.0, 0.100
2025-10-09 11:54:59,        0,  29.7,   2.1,  25.2,  0.198, -0.003,  0.000, 909142.2,  1,  21.5,   1.0, 0.100
2025-10-09 11:55:00,        0,  29.7,   2.1,  25.1,  0.197, -0.003,  0.000, 909139.6,  1,  21.5,   1.0, 0.100
2025-10-09 11:55:01,        0,  29.7,   2.1,  25.1,  0.196, -0.003,  0.000, 909135.9,  1,  21.5,   1.0, 0.100
2025-10-09 11:55:02,        0,  29.7,   2.1,  25.2,  0.196, -0.003,  0.000, 909133.3,  1,  21.5,   1.0, 0.100
2025-10-09 11:55:03,        0,  29.7,   2.1,  25.2,  0.195, -0.003,  0.000, 909130.3,  1,  21.5,   0.9, 0.100
2025-10-09 11:55:04,        0,  29.6,   1.9,  25.1,  0.195, -0.003,  0.000, 909127.5,  1,  21.5,   0.9, 0.100
2025-10-09 11:55:05,        0,  29.7,   2.1,  25.1,  0.194, -0.003,  0.000, 909124.5,  1,  21.5,   0.9, 0.100
2025-10-09 11:55:06,        0,  29.7,   2.1,  25.1,  0.193, -0.003,  0.000, 909121.5,  1,  21.5,   0.9, 0.100
2025-10-09 11:55:07,        0,  29.7,   2.1,  25.1,  0.193, -0.003,  0.000, 909118.9,  1,  21.5,   0.9, 0.100
2025-10-09 11:55:08,        0,  29.7,   2.1,  25.1,  0.193, -0.003,  0.000, 909116.4,  1,  21.5,   0.9, 0.100
2025-10-09 11:55:09,        0,  29.7,   2.1,  25.1,  0.192, -0.003,  0.000, 909114.1,  1,  21.5,   0.9, 0.100
2025-10-09 11:55:10,        0,  29.7,   2.1,  25.1,  0.191, -0.003,  0.000, 909110.6,  1,  21.5,   0.9, 0.100
2025-10-09 11:55:11,        0,  29.7,   2.1,  25.2,  0.190, -0.002,  0.000, 909108.1,  1,  21.5,   0.9, 0.100
2025-10-09 11:55:12,        0,  29.7,   2.1,  25.1,  0.190, -0.003,  0.000, 909105.5,  1,  21.5,   0.9, 0.100
2025-10-09 11:55:13,        0,  29.6,   1.9,  25.1,  0.189, -0.003,  0.000, 909103.0,  1,  21.5,   0.9, 0.100
2025-10-09 11:55:14,        0,  29.6,   1.9,  25.1,  0.189, -0.003,  0.000, 909099.9,  1,  21.5,   0.9, 0.100
2025-10-09 11:55:15,        0,  29.6,   1.9,  25.1,  0.189, -0.003,  0.000, 909097.2,  1,  21.5,   1.0, 0.100
2025-10-09 11:55:16,        0,  29.7,   2.1,  25.2,  0.188, -0.003,  0.000, 909094.6,  1,  21.5,   0.9, 0.100
2025-10-09 11:55:17,        0,  29.7,   2.1,  25.2,  0.187, -0.003,  0.000, 909092.4,  1,  21.5,   0.9, 0.100
2025-10-09 11:55:18,        0,  29.7,   2.1,  25.1,  0.187, -0.003,  0.000, 909089.2,  1,  21.5,   0.9, 0.100
2025-10-09 11:55:19,        0,  29.7,   2.1,  25.2,  0.187, -0.003,  0.000, 909086.7,  1,  21.5,   0.9, 0.100
2025-10-09 11:55:20,        0,  29.7,   2.1,  25.1,  0.186, -0.003,  0.000, 909084.0,  1,  21.5,   0.9, 0.100
2025-10-09 11:55:21,        0,  29.7,   2.1,  25.2,  0.186, -0.003,  0.000, 909081.2,  1,  21.5,   1.0, 0.100
2025-10-09 11:55:22,        0,  29.7,   2.1,  25.2,  0.185, -0.003,  0.000, 909078.4,  1,  21.5,   0.9, 0.100
2025-10-09 11:55:23,        0,  29.6,   1.9,  25.1,  0.185, -0.002,  0.000, 909075.8,  1,  21.5,   0.9, 0.100
2025-10-09 11:55:24,        0,  29.7,   2.1,  25.1,  0.185, -0.003,  0.000, 909073.1,  1,  21.5,   0.9, 0.100
2025-10-09 11:55:25,        0,  29.7,   2.1,  25.1,  0.184, -0.003,  0.000, 909070.6,  1,  21.5,   0.9, 0.100
2025-10-09 11:55:26,        0,  29.7,   2.2,  25.1,  0.184, -0.002,  0.000, 909068.3,  1,  21.5,   0.9, 0.100
2025-10-09 11:55:27,        0,  29.6,   1.9,  25.2,  0.183, -0.002,  0.000, 909065.5,  1,  21.5,   0.9, 0.100
2025-10-09 11:55:28,        0,  29.7,   2.1,  25.1,  0.183, -0.003,  0.000, 909062.9,  1,  21.5,   0.9, 0.100
2025-10-09 11:55:29,        0,  29.7,   2.1,  25.2,  0.182, -0.002,  0.000, 909060.3,  1,  21.5,   0.9, 0.100
2025-10-09 11:55:30,        0,  29.6,   1.9,  25.1,  0.182, -0.003,  0.000, 909057.7,  1,  21.5,   0.9, 0.100
2025-10-09 11:55:31,        0,  29.7,   2.1,  25.1,  0.182, -0.003,  0.000, 909054.9,  1,  21.4,   1.0, 0.100
2025-10-09 11:55:32,        0,  29.7,   2.1,  25.2,  0.181, -0.003,  0.000, 909052.3,  1,  21.5,   0.9, 0.100
2025-10-09 11:55:33,        0,  29.7,   2.1,  25.1,  0.181, -0.003,  0.000, 909049.8,  1,  21.5,   0.9, 0.100
2025-10-09 11:55:34,        0,  29.6,   1.9,  25.1,  0.181, -0.003,  0.000, 909047.2,  1,  21.5,   0.9, 0.100
2025-10-09 11:55:35,        0,  29.6,   1.9,  25.1,  0.180, -0.003,  0.000, 909044.0,  1,  21.5,   0.9, 0.100
2025-10-09 11:55:36,        0,  29.7,   2.1,  25.2,  0.180, -0.002,  0.000, 909041.7,  1,  21.5,   0.9, 0.100
2025-10-09 11:55:37,        0,  29.7,   2.1,  25.1,  0.179, -0.002,  0.000, 909039.4,  1,  21.5,   1.0, 0.100
2025-10-09 11:55:38,        0,  29.7,   2.1,  25.2,  0.179, -0.003,  0.000, 909036.9,  1,  21.5,   0.9, 0.100
2025-10-09 11:55:39,        0,  29.6,   1.9,  25.1,  0.179, -0.003,  0.000, 909034.6,  1,  21.5,   0.9, 0.100
2025-10-09 11:55:40,        0,  29.7,   2.1,  25.1,  0.179, -0.003,  0.000, 909031.4,  1,  21.5,   1.0, 0.100
2025-10-09 11:55:41,        0,  29.7,   2.1,  25.2,  0.179, -0.003,  0.000, 909029.1,  1,  21.5,   1.0, 0.100
2025-10-09 11:55:42,        0,  29.7,   2.1,  25.1,  0.178, -0.003,  0.000, 909026.5,  1,  21.5,   1.0, 0.100
2025-10-09 11:55:43,        0,  29.7,   2.1,  25.2,  0.178, -0.002,  0.000, 909024.0,  1,  21.5,   0.9, 0.100
2025-10-09 11:55:44,        0,  29.7,   2.1,  25.1,  0.177, -0.003,  0.000, 909021.2,  1,  21.5,   0.9, 0.100
2025-10-09 11:55:45,        0,  29.7,   2.1,  25.2,  0.177, -0.003,  0.000, 909018.6,  1,  21.4,   0.9, 0.100
2025-10-09 11:55:46,        0,  29.7,   2.1,  25.1,  0.177, -0.003,  0.000, 909015.9,  1,  21.5,   1.0, 0.100
2025-10-09 11:55:47,        0,  29.7,   2.1,  25.1,  0.176, -0.003,  0.000, 909013.4,  1,  21.4,   0.9, 0.100
2025-10-09 11:55:48,        0,  29.7,   2.1,  25.2,  0.176, -0.003,  0.000, 909010.8,  1,  21.5,   0.9, 0.100
2025-10-09 11:55:49,        0,  29.7,   2.1,  25.2,  0.175, -0.002,  0.000, 909008.3,  1,  21.4,   0.9, 0.100
2025-10-09 11:55:50,        0,  29.7,   2.1,  25.1,  0.176, -0.002,  0.000, 909006.0,  1,  21.5,   0.9, 0.100
2025-10-09 11:55:51,        0,  29.7,   2.1,  25.1,  0.175, -0.002,  0.000, 909003.7,  1,  21.5,   0.9, 0.100
2025-10-09 11:55:52,        0,  29.7,   2.1,  25.1,  0.175, -0.003,  0.000, 909001.4,  1,  21.5,   0.9, 0.100
2025-10-09 11:55:53,        0,  29.7,   2.1,  25.1,  0.174, -0.002,  0.000, 908998.5,  1,  21.5,   1.0, 0.100
2025-10-09 11:55:54,        0,  29.6,   1.9,  25.1,  0.175, -0.003,  0.000, 908995.9,  1,  21.5,   0.9, 0.100
2025-10-09 11:55:55,        0,  29.7,   2.1,  25.1,  0.175, -0.003,  0.000, 908993.6,  1,  21.5,   0.9, 0.100
2165-165-165 45:165:85,        0,  29.7,   2.2,  25.1,  0.174, -0.002,  0.000, 908991.1,  1,  21.5,   1.0, 0.100
2025-10-09 11:55:57,        0,  29.8,   2.3,  25.1,  0.174, -0.003,  0.000, 908988.6,  1,  21.4,   0.9, 0.100
2025-10-09 11:55:58,        0,  29.7,   2.1,  25.1,  0.174, -0.003,  0.000, 908985.9,  1,  21.5,   1.0, 0.100
2025-10-09 11:55:59,        0,  29.7,   2.1,  25.1,  0.173, -0.002,  0.000, 908983.7,  1,  21.5,   0.9, 0.100
2025-10-09 11:56:00,        0,  29.7,   2.2,  25.1,  0.173, -0.002,  0.000, 908981.4,  1,  21.4,   0.9, 0.100
2025-10-09 11:56:01,        0,  29.7,   2.1,  25.1,  0.173, -0.003,  0.000, 908978.5,  1,  21.4,   1.0, 0.100
2025-10-09 11:56:02,        0,  29.7,   2.1,  25.1,  0.173, -0.003,  0.000, 908975.9,  1,  21.5,   0.9, 0.100
2025-10-09 11:56:03,        0,  29.7,   2.1,  25.1,  0.172, -0.003,  0.000, 908973.6,  1,  21.5,   1.0, 0.100
2025-10-09 11:56:04,        0,  29.7,   2.1,  25.2,  0.173, -0.002,  0.000, 908971.4,  1,  21.5,   1.0, 0.100
2025-10-09 11:56:05,        0,  29.7,   2.1,  25.2,  0.172, -0.002,  0.000, 908968.3,  1,  21.5,   1.0, 0.100
2025-10-09 11:56:06,        0,  29.7,   2.1,  25.1,  0.171, -0.002,  0.000, 908965.9,  1,  21.4,   1.0, 0.100
2025-10-09 11:56:07,        0,  29.7,   2.2,  25.2,  0.172, -0.003,  0.000, 908963.3,  1,  21.4,   1.0, 0.100
2025-10-09 11:56:08,        0,  29.7,   2.2,  25.1,  0.171, -0.002,  0.000, 908961.0,  1,  21.5,   1.0, 0.100
2025-10-09 11:56:09,        0,  29.7,   2.1,  25.1,  0.171, -0.003,  0.000, 908958.7,  1,  21.5,   1.0, 0.100
2025-10-09 11:56:10,        0,  29.7,   2.2,  25.1,  0.171, -0.002,  0.000, 908956.2,  1,  21.4,   1.0, 0.100
2025-10-09 11:56:11,        0,  29.7,   2.1,  25.1,  0.170, -0.002,  0.000, 908953.9,  1,  21.5,   1.0, 0.100
2025-10-09 11:56:12,        0,  29.6,   1.9,  25.1,  0.171, -0.002,  0.000, 908951.4,  1,  21.5,   1.0, 0.100
2025-10-09 11:56:13,        0,  29.7,   2.1,  25.1,  0.170, -0.002,  0.000, 908949.3,  1,  21.4,   1.0, 0.100
2025-10-09 11:56:14,        0,  29.7,   2.1,  25.1,  0.170, -0.003,  0.000, 908945.8,  1,  21.5,   1.0, 0.100
2025-10-09 11:56:15,        0,  29.7,   2.1,  25.2,  0.170, -0.003,  0.000, 908943.6,  1,  21.5,   1.0, 0.100
2025-10-09 11:56:16,        0,  29.7,   2.1,  25.1,  0.169, -0.003,  0.000, 908941.3,  1,  21.5,   1.0, 0.100
2025-10-09 11:56:17,        0,  29.7,   2.1,  25.1,  0.169, -0.002,  0.000, 908939.3,  1,  21.5,   1.0, 0.100
2025-10-09 11:56:18,        0,  29.7,   2.1,  25.1,  0.169, -0.002,  0.000, 908936.7,  1,  21.5,   1.0, 0.100
2025-10-09 11:56:19,        0,  29.7,   2.2,  25.2,  0.169, -0.002,  0.000, 908934.2,  1,  21.5,   1.0, 0.100
2025-10-09 11:56:20,        0,  29.6,   1.9,  25.1,  0.169, -0.003,  0.000, 908931.6,  1,  21.5,   1.0, 0.100
2025-10-09 11:56:21,        0,  29.7,   2.1,  25.2,  0.169, -0.002,  0.000, 908929.3,  1,  21.4,   1.0, 0.100
2025-10-09 11:56:22,        0,  29.7,   2.1,  25.1,  0.168, -0.002,  0.000, 908926.8,  1,  21.5,   1.0, 0.100
2025-10-09 11:56:23,        0,  29.7,   2.1,  25.1,  0.168, -0.002,  0.000, 908924.2,  1,  21.4,   1.0, 0.100
2025-10-09 11:56:24,        0,  29.7,   2.2,  25.1,  0.168, -0.002,  0.000, 908921.8,  1,  21.4,   1.0, 0.100
2025-10-09 11:56:25,        0,  29.7,   2.1,  25.2,  0.168, -0.002,  0.000, 908919.5,  1,  21.5,   1.0, 0.100
2025-10-09 11:56:26,        0,  29.7,   2.1,  25.1,  0.168, -0.002,  0.000, 908916.7,  1,  21.5,   0.9, 0.100
2025-10-09 11:56:27,        0,  29.7,   2.1,  25.1,  0.167, -0.002,  0.000, 908914.4,  1,  21.5,   0.9, 0.100
2025-10-09 11:56:28,        0,  29.7,   2.2,  25.1,  0.167, -0.002,  0.000, 908912.1,  1,  21.5,   0.9, 0.100
2025-10-09 11:56:29,        0,  29.7,   2.2,  25.1,  0.167, -0.003,  0.000, 908909.9,  1,  21.5,   0.9, 0.100
2025-10-09 11:56:30,        0,  29.7,   2.2,  25.1,  0.167, -0.002,  0.000, 908907.3,  1,  21.4,   0.9, 0.100
2025-10-09 11:56:31,        0,  29.7,   2.1,  25.1,  0.167, -0.003,  0.000, 908905.0,  1,  21.5,   0.9, 0.100
2025-10-09 11:56:32,        0,  29.7,   2.2,  25.1,  0.167, -0.002,  0.000, 908902.7,  1,  21.5,   0.9, 0.100
2025-10-09 11:56:33,        0,  29.6,   1.9,  25.1,  0.166, -0.003,  0.000, 908900.1,  1,  21.4,   0.9, 0.100
2025-10-09 11:56:34,        0,  29.8,   2.3,  25.2,  0.167, -0.003,  0.000, 908897.0,  1,  21.5,   0.9, 0.100
2025-10-09 11:56:35,        0,  29.7,   2.2,  25.1,  0.166, -0.002,  0.000, 908894.9,  1,  21.4,   0.9, 0.100
