Time, Cnts,  %T, set_Cell[mA], Cell[°C], Cell[Volt], Cell[mA], Cell[W], Cell[uAs], Cell_ON, Env[°C], TEC[°C], N2Flow[slpm]
2025-11-03 16:04:04,        0,  29.7,   2.1,  25.0,  0.144, -0.002,  0.000,     -2.3,  1,  21.5,   1.0, 0.100
2025-11-03 16:04:05,        0,  29.7,   2.0,  25.0,  0.144, -0.002,  0.000,     -4.3,  1,  21.4,   1.0, 0.100
2025-11-03 16:04:07,        0,  29.7,   2.1,  25.0,  0.144, -0.002,  0.000,     -6.6,  1,  21.5,   1.0, 0.100
2025-11-03 16:04:08,        0,  29.7,   2.1,  25.0,  0.143, -0.002,  0.000,     -8.3,  1,  21.5,   1.0, 0.099
2025-11-03 16:04:09,        0,  29.7,   2.0,  25.0,  0.144, -0.002,  0.000,    -10.3,  1,  21.5,   1.0, 0.098
2025-11-03 16:04:09,        0,  29.7,   2.1,  25.0,  0.143, -0.002,  0.000,    -12.0,  1,  21.5,   1.0, 0.097
2025-11-03 16:04:11,        0,  29.7,   2.1,  25.0,  0.143, -0.002,  0.000,    -14.6,  1,  21.5,   1.0, 0.097
2025-11-03 16:04:12,        0,  29.7,   2.1,  25.0,  0.143, -0.002,  0.000,    -16.6,  1,  21.5,   1.0, 0.096
2025-11-03 16:04:12,        0,  29.7,   2.1,  25.0,  0.142, -0.002,  0.000,    -18.3,  1,  21.5,   1.0, 0.096
2025-11-03 16:04:13,        0,  29.7,   2.0,  25.0,  0.142, -0.002,  0.000,    -20.3,  1,  21.5,   1.0, 0.096
2025-11-03 16:04:15,        0,  29.7,   2.1,  25.1,  0.142, -0.002,  0.000,    -22.6,  1,  21.5,   1.0, 0.095
2025-11-03 16:04:16,        0,  29.7,   2.0,  25.0,  0.142, -0.002,  0.000,    -24.3,  1,  21.4,   1.0, 0.095
2025-11-03 16:04:16,        0,  29.7,   2.1,  25.0,  0.142, -0.002,  0.000,    -26.3,  1,  21.4,   1.0, 0.095
2025-11-03 16:04:17,        0,  29.7,   2.1,  25.0,  0.142, -0.002,  0.000,    -28.0,  1,  21.4,   1.0, 0.095
2025-11-03 16:04:19,        0,  29.7,   2.1,  25.0,  0.141, -0.002,  0.000,    -30.3,  1,  21.5,   1.0, 0.094
2025-11-03 16:04:20,        0,  29.7,   2.1,  25.0,  0.141, -0.002,  0.000,    -32.3,  1,  21.5,   1.0, 0.094
2025-11-03 16:04:20,        0,  29.7,   2.1,  25.0,  0.141, -0.002,  0.000,    -33.8,  1,  21.4,   1.0, 0.094
2025-11-03 16:04:21,        0,  29.7,   2.0,  25.0,  0.140, -0.002,  0.000,    -36.0,  1,  21.5,   1.0, 0.094
2025-11-03 16:04:23,        0,  29.9,   2.7,  25.0,  0.140, -0.002,  0.000,    -38.1,  1,  21.5,   1.0, 0.094
2025-11-03 16:04:24,        0,  30.1,   3.2,  25.0,  4.378,  2.503,  0.013,   2660.5,  1,  21.5,   1.0, 0.095
2025-11-03 16:04:24,        0,  30.2,   3.5,  25.0,  6.788,  4.605,  0.031,   7111.9,  1,  21.4,   1.0, 0.096
2025-11-03 16:04:25,        0,  30.2,   3.5,  25.0,  8.280,  5.923,  0.049,  12261.8,  1,  21.5,   1.0, 0.096
2025-11-03 16:04:27,        0,  30.6,   4.9,  25.0,  9.471,  6.981,  0.066,  19766.5,  1,  21.4,   1.0, 0.100
2025-11-03 16:04:28,        0,  31.5,   7.5,  25.0,  9.903,  7.365,  0.073,  26566.9,  1,  21.4,   1.0, 0.111
2025-11-03 16:04:28,        0,  31.9,   8.8,  25.0, 12.555,  9.724,  0.122,  35846.0,  1,  21.5,   1.0, 0.214
2025-11-03 16:04:29,        0,  32.5,  10.4,  25.0, 16.300, 13.071,  0.216,  48191.6,  1,  21.4,   1.0, 0.123
2025-11-03 16:04:31,        0,  33.4,  13.3,  25.0, 17.912, 14.530,  0.261,  65257.6,  1,  21.4,   1.0, 0.101
2025-11-03 16:04:32,        0,  35.8,  20.5,  25.0, 23.799, 19.853,  0.479,  83238.6,  1,  21.4,   1.0, 0.099
2025-11-03 16:04:33,        0,  36.9,  23.8,  25.0, 24.786, 20.811,  0.517, 104348.1,  1,  21.4,   1.0, 0.098
2025-11-03 16:04:33,        0,  38.8,  29.3,  25.0, 34.355, 29.578,  1.016, 131094.9,  1,  21.4,   1.0, 0.098
2025-11-03 16:04:35,        0,  39.7,  32.2,  25.0, 36.335, 31.618,  1.159, 169385.7,  1,  21.4,   1.0, 0.098
2025-11-03 16:04:36,        0,  38.9,  29.8,  25.0, 40.122, 35.379,  1.423, 203335.5,  1,  21.4,   1.0, 0.098
2025-11-03 16:04:37,        0,  41.7,  38.0,  25.0, 46.696, 41.942,  1.971, 241700.1,  1,  21.4,   1.0, 0.098
2025-11-03 16:04:37,        0,  43.3,  42.8,  25.0, 44.230, 39.962,  1.789, 281082.6,  1,  21.4,   1.0, 0.099
2025-11-03 16:04:39,        0,  42.9,  41.7,  25.0, 54.640, 50.400,  2.758, 335068.7,  1,  21.4,   1.0, 0.099
2025-11-03 16:04:40,        0,  43.8,  44.4,  25.0, 47.707, 44.093,  2.106, 379077.5,  1,  21.4,   1.0, 0.099
2025-11-03 16:04:41,        0,  44.5,  46.6,  25.0, 50.606, 47.218,  2.394, 422878.1,  1,  21.4,   1.0, 0.099
2025-11-03 16:04:41,        0,  45.5,  49.4,  25.0, 56.200, 53.113,  2.989, 472131.4,  1,  21.4,   1.0, 0.099
2025-11-03 16:04:43,        0,  46.6,  52.8,  25.0, 51.768, 49.115,  2.567, 532610.1,  1,  21.4,   1.0, 0.099
2025-11-03 16:04:44,        0,  44.9,  47.8,  25.0, 58.112, 56.163,  3.266, 586819.9,  1,  21.4,   1.0, 0.099
2025-11-03 16:04:45,        0,  45.6,  49.9,  25.1, 51.474, 49.745,  2.566, 636746.2,  1,  21.4,   1.0, 0.104
2025-11-03 16:04:45,        0,  45.5,  49.6,  25.0, 55.347, 53.971,  2.993, 687590.3,  1,  21.4,   1.0, 0.104
2025-11-03 16:04:47,        0,  42.6,  40.9,  25.0, 47.021, 45.646,  2.148, 744130.6,  1,  21.4,   1.0, 0.103
2025-11-03 16:04:48,        0,  43.1,  42.2,  25.1, 54.571, 53.359,  2.933, 792562.6,  1,  21.4,   1.0, 0.102
2025-11-03 16:04:49,        0,  42.1,  39.2,  25.0, 41.573, 40.200,  1.677, 833405.7,  1,  21.4,   1.0, 0.101
2025-11-03 16:04:49,        0,  41.1,  36.3,  25.0, 31.962, 30.327,  0.972, 866857.1,  1,  21.4,   1.0, 0.100
2025-11-03 16:04:51,        0,  37.8,  26.4,  25.0, 39.350, 37.677,  1.495, 911411.0,  1,  21.4,   1.0, 0.100
2025-11-03 16:04:52,        0,  40.2,  33.6,  25.0, 30.915, 29.008,  0.899, 940676.1,  1,  21.4,   1.0, 0.100
2025-11-03 16:04:52,        0,  38.5,  28.4,  25.0, 36.943, 34.958,  1.294, 973191.3,  1,  21.4,   1.0, 0.100
2025-11-03 16:04:53,        0,  35.9,  20.7,  25.1, 30.606, 28.444,  0.871,1000230.3,  1,  21.4,   1.0, 0.100
2025-11-03 16:04:55,        0,  36.4,  22.2,  25.0, 25.221, 22.976,  0.581,1028101.0,  1,  21.4,   1.0, 0.100
2025-11-03 16:04:56,        0,  36.0,  21.0,  25.1, 22.866, 20.540,  0.471,1048783.7,  1,  21.4,   1.0, 0.100
2025-11-03 16:04:56,        0,  35.4,  19.3,  25.1, 26.604, 24.082,  0.641,1070926.6,  1,  21.4,   1.0, 0.100
2025-11-03 16:04:57,        0,  35.6,  19.7,  25.1, 27.815, 25.182,  0.704,1093035.8,  1,  21.4,   1.0, 0.100
2025-11-03 16:04:59,        0,  35.2,  18.6,  25.1, 26.174, 23.471,  0.614,1119680.5,  1,  21.4,   1.0, 0.100
2025-11-03 16:05:00,        0,  35.3,  19.0,  25.1, 22.264, 19.631,  0.439,1138906.0,  1,  21.4,   1.0, 0.100
2025-11-03 16:05:00,        0,  33.8,  14.5,  25.1, 22.045, 19.319,  0.427,1158247.1,  1,  21.4,   1.0, 0.100
2025-11-03 16:05:02,        0,  35.5,  19.5,  25.1, 24.142, 21.242,  0.513,1181029.7,  1,  21.4,   1.0, 0.100
2025-11-03 16:05:03,        0,  36.0,  21.0,  25.1, 22.846, 19.957,  0.458,1200816.6,  1,  21.4,   1.0, 0.100
2025-11-03 16:05:04,        0,  33.5,  13.6,  25.1, 23.925, 20.968,  0.505,1220905.5,  1,  21.4,   1.0, 0.100
2025-11-03 16:05:04,        0,  34.7,  17.1,  25.1, 20.298, 17.502,  0.357,1236634.6,  1,  21.4,   1.0, 0.100
2025-11-03 16:05:06,        0,  34.8,  17.4,  25.1, 21.627, 18.722,  0.412,1257576.1,  1,  21.4,   1.0, 0.100
2025-11-03 16:05:07,        0,  34.6,  16.9,  25.1, 18.929, 16.121,  0.315,1272939.2,  1,  21.4,   1.0, 0.100
2025-11-03 16:05:08,        0,  34.5,  16.4,  25.1, 18.861, 15.983,  0.304,1289267.7,  1,  21.4,   1.0, 0.100
2025-11-03 16:05:08,        0,  35.3,  18.8,  25.1, 22.836, 19.687,  0.450,1307990.8,  1,  21.4,   1.0, 0.100
2025-11-03 16:05:10,        0,  33.3,  12.8,  25.1, 18.723, 15.811,  0.317,1327244.3,  1,  21.4,   1.0, 0.100
2025-11-03 16:05:11,        0,  36.2,  21.7,  25.1, 23.503, 20.259,  0.480,1345958.6,  1,  21.4,   1.0, 0.100
2025-11-03 16:05:11,        0,  35.0,  17.9,  25.1, 28.774, 25.239,  0.727,1368493.4,  1,  21.4,   1.0, 0.100
2025-11-03 16:05:12,        0,  33.0,  11.9,  25.1, 23.764, 20.530,  0.492,1388320.6,  1,  21.4,   1.0, 0.100
2025-11-03 16:05:14,        0,  35.0,  18.1,  25.1, 23.916, 20.624,  0.494,1410791.7,  1,  21.4,   1.0, 0.100
2025-11-03 16:05:15,        0,  35.8,  20.3,  25.1, 18.953, 15.968,  0.316,1428829.0,  1,  21.4,   1.0, 0.100
2025-11-03 16:05:15,        0,  33.0,  12.1,  25.1, 24.139, 20.825,  0.503,1449132.8,  1,  21.4,   1.0, 0.100
2025-11-03 16:05:16,        0,  35.9,  20.8,  25.1, 20.118, 17.048,  0.347,1466497.8,  1,  21.4,   1.0, 0.100
2025-11-03 16:05:18,        0,  35.4,  19.3,  25.1, 20.765, 17.635,  0.367,1490824.5,  1,  21.4,   1.0, 0.100
2025-11-03 16:05:19,        0,  35.5,  19.5,  25.1, 25.875, 22.400,  0.580,1512223.3,  1,  21.4,   0.9, 0.100
2025-11-03 16:05:20,        0,  36.2,  21.6,  25.2, 26.994, 23.461,  0.635,1533807.4,  1,  21.4,   0.9, 0.100
2025-11-03 16:05:20,        0,  36.4,  22.2,  25.1, 23.002, 19.734,  0.457,1554336.9,  1,  21.3,   0.9, 0.100
2025-11-03 16:05:21,        0,  35.2,  18.6,  25.1, 32.073, 28.275,  0.919,1580327.1,  1,  21.4,   0.9, 0.100
2025-11-03 16:05:23,        0,  38.0,  26.9,  25.1, 26.982, 23.502,  0.636,1607618.5,  1,  21.4,   0.9, 0.100
2025-11-03 16:05:24,        0,  36.0,  21.0,  25.2, 28.169, 24.663,  0.696,1632963.3,  1,  21.4,   0.9, 0.100
2025-11-03 16:05:24,        0,  35.2,  18.5,  25.1, 31.009, 27.361,  0.849,1658289.9,  1,  21.4,   0.9, 0.100
2025-11-03 16:05:25,        0,  35.1,  18.3,  25.1, 34.544, 30.750,  1.080,1685758.0,  1,  21.4,   0.8, 0.100
2025-11-03 16:05:27,        0,  37.4,  25.3,  25.1, 29.723, 26.260,  0.787,1714112.7,  1,  21.4,   0.8, 0.100
2025-11-03 16:05:28,        0,  37.0,  24.0,  25.2, 34.567, 30.858,  1.069,1742515.8,  1,  21.4,   0.9, 0.100
2025-11-03 16:05:29,        0,  38.0,  26.9,  25.2, 34.738, 31.040,  1.085,1770213.1,  1,  21.4,   0.8, 0.100
2025-11-03 16:05:29,        0,  37.3,  24.8,  25.1, 35.690, 32.009,  1.145,1799980.6,  1,  21.4,   0.8, 0.100
2025-11-03 16:05:31,        0,  37.8,  26.4,  25.2, 29.960, 26.579,  0.807,1831546.8,  1,  21.4,   0.8, 0.100
2025-11-03 16:05:32,        0,  40.7,  35.1,  25.2, 37.812, 34.138,  1.292,1863700.7,  1,  21.4,   0.8, 0.100
2025-11-03 16:05:33,        0,  35.4,  19.3,  25.2, 35.173, 31.811,  1.122,1897896.5,  1,  21.4,   0.8, 0.100
2025-11-03 16:05:33,        0,  38.9,  29.8,  25.2, 40.223, 36.694,  1.477,1928423.6,  1,  21.4,   0.8, 0.100
2025-11-03 16:05:34,        0,  38.5,  28.4,  25.1, 35.737, 32.464,  1.161,1960166.7,  1,  21.4,   0.8, 0.100
2025-11-03 16:05:36,        0,  39.0,  29.9,  25.1, 41.220, 37.810,  1.564,2000838.2,  1,  21.4,   0.8, 0.100
2025-11-03 16:05:37,        0,  40.4,  34.1,  25.2, 40.031, 36.768,  1.474,2036487.1,  1,  21.4,   0.8, 0.100
2025-11-03 16:05:37,        0,  40.0,  33.0,  25.2, 34.050, 31.079,  1.078,2068444.6,  1,  21.4,   0.8, 0.100
2025-11-03 16:05:38,        0,  37.0,  24.1,  25.2, 40.706, 37.652,  1.534,2103994.5,  1,  21.4,   0.9, 0.100
2025-11-03 16:05:40,        0,  39.4,  31.1,  25.2, 36.213, 33.331,  1.227,2141851.0,  1,  21.4,   0.9, 0.100
2025-11-03 16:05:41,        0,  39.6,  31.8,  25.2, 41.646, 38.684,  1.619,2176841.2,  1,  21.4,   0.9, 0.100
2025-11-03 16:05:42,        0,  40.2,  33.7,  25.2, 34.716, 31.896,  1.115,2208618.7,  1,  21.4,   0.9, 0.100
2025-11-03 16:05:42,        0,  38.6,  28.9,  25.2, 43.816, 40.885,  1.793,2246729.5,  1,  21.4,   0.9, 0.100
2025-11-03 16:05:44,        0,  39.8,  32.4,  25.2, 40.054, 37.277,  1.496,2288401.6,  1,  21.4,   0.9, 0.100
2025-11-03 16:05:45,        0,  36.0,  21.0,  25.2, 39.464, 36.796,  1.459,2322829.5,  1,  21.4,   0.8, 0.100
2025-11-03 16:05:46,        0,  40.8,  35.3,  25.2, 43.580, 40.780,  1.780,2357125.3,  1,  21.4,   0.8, 0.100
2025-11-03 16:05:46,        0,  40.5,  34.4,  25.2, 40.807, 38.154,  1.558,2393350.8,  1,  21.4,   0.9, 0.100
2025-11-03 16:05:48,        0,  41.9,  38.7,  25.2, 30.207, 27.717,  0.842,2433354.1,  1,  21.4,   0.9, 0.100
2025-11-03 16:05:49,        0,  37.9,  26.7,  25.2, 45.813, 43.216,  1.981,2473430.7,  1,  21.4,   0.8, 0.100
2025-11-03 16:05:50,        0,  39.0,  29.9,  25.2, 41.560, 39.009,  1.621,2507508.8,  1,  21.4,   0.9, 0.100
2025-11-03 16:05:50,        0,  41.9,  38.7,  25.2, 41.954, 39.449,  1.656,2542779.6,  1,  21.4,   0.9, 0.100
2025-11-03 16:05:52,        0,  36.6,  22.9,  25.3, 36.425, 33.994,  1.253,2582961.0,  1,  21.4,   0.9, 0.100
2025-11-03 16:05:53,        0,  40.1,  33.2,  25.3, 42.455, 39.869,  1.696,2616941.0,  1,  21.4,   0.9, 0.100
2025-11-03 16:05:53,        0,  40.8,  35.3,  25.2, 39.180, 36.657,  1.438,2652706.2,  1,  21.4,   0.9, 0.100
2025-11-03 16:05:54,        0,  39.4,  31.1,  25.3, 37.723, 35.276,  1.331,2687870.8,  1,  21.4,   0.9, 0.100
2025-11-03 16:05:56,        0,  36.2,  21.5,  25.3, 34.907, 32.471,  1.138,2726919.1,  1,  21.4,   0.9, 0.100
2025-11-03 16:05:57,        0,  41.2,  36.7,  25.3, 27.704, 25.192,  0.708,2751564.2,  1,  21.4,   1.0, 0.100
2025-11-03 16:05:57,        0,  40.2,  33.7,  25.3, 40.469, 37.768,  1.534,2788291.4,  1,  21.4,   1.0, 0.100
2025-11-03 16:05:58,        0,  37.4,  25.3,  25.3, 40.840, 38.239,  1.562,2824780.8,  1,  21.4,   1.0, 0.100
2025-11-03 16:06:00,        0,  36.6,  22.9,  25.3, 29.190, 26.737,  0.787,2858477.1,  1,  21.4,   1.0, 0.100
2025-11-03 16:06:01,        0,  41.3,  36.8,  25.3, 42.072, 39.445,  1.661,2891945.6,  1,  21.4,   1.0, 0.100
2025-11-03 16:06:01,        0,  40.3,  33.8,  25.3, 31.723, 29.303,  0.941,2924507.4,  1,  21.4,   1.0, 0.100
2025-11-03 16:06:02,        0,  39.0,  30.1,  25.3, 34.153, 31.699,  1.084,2956863.9,  1,  21.4,   1.0, 0.100
2025-11-03 16:06:04,        0,  39.7,  32.0,  25.3, 34.024, 31.523,  1.092,2993897.0,  1,  21.4,   1.0, 0.100
2025-11-03 16:06:05,        0,  39.1,  30.3,  25.3, 34.078, 31.551,  1.079,3024827.7,  1,  21.4,   0.9, 0.100
2025-11-03 16:06:05,        0,  38.0,  26.9,  25.3, 34.517, 31.877,  1.103,3055079.9,  1,  21.4,   1.0, 0.100
2025-11-03 16:06:06,        0,  39.4,  31.3,  25.3, 31.999, 29.370,  0.945,3084433.5,  1,  21.4,   1.0, 0.100
2025-11-03 16:06:08,        0,  38.7,  29.1,  25.3, 37.450, 34.823,  1.305,3124626.6,  1,  21.4,   1.0, 0.100
2025-11-03 16:06:09,        0,  38.4,  28.2,  25.3, 33.821, 31.233,  1.056,3155006.2,  1,  21.4,   1.0, 0.100
2025-11-03 16:06:10,        0,  35.8,  20.5,  25.3, 26.222, 23.725,  0.632,3180642.9,  1,  21.4,   1.0, 0.100
2025-11-03 16:06:10,        0,  39.3,  30.8,  25.3, 36.751, 33.909,  1.246,3209558.3,  1,  21.4,   1.0, 0.100
2025-11-03 16:06:12,        0,  37.8,  26.5,  25.3, 29.280, 26.611,  0.789,3244490.3,  1,  21.4,   1.0, 0.100
2025-11-03 16:06:13,        0,  39.5,  31.5,  25.3, 33.619, 30.777,  1.037,3272743.8,  1,  21.4,   1.0, 0.100
2025-11-03 16:06:14,        0,  38.2,  27.7,  25.3, 32.498, 29.717,  0.969,3303790.8,  1,  21.4,   1.0, 0.100
2025-11-03 16:06:14,        0,  35.4,  19.2,  25.3, 29.019, 26.295,  0.784,3329739.1,  1,  21.4,   1.0, 0.100
2025-11-03 16:06:15,        0,  36.0,  21.0,  25.3, 28.315, 25.529,  0.739,3354730.8,  1,  21.4,   1.0, 0.100
2025-11-03 16:06:17,        0,  37.0,  23.9,  25.3, 25.248, 22.456,  0.570,3383344.9,  1,  21.4,   1.0, 0.100
2025-11-03 16:06:18,        0,  37.7,  26.2,  25.3, 23.291, 20.532,  0.492,3405909.9,  1,  21.4,   1.0, 0.100
2025-11-03 16:06:18,        0,  36.3,  21.9,  25.3, 33.301, 30.235,  1.010,3434215.8,  1,  21.4,   1.0, 0.100
2025-11-03 16:06:19,        0,  36.3,  21.9,  25.3, 28.638, 25.727,  0.744,3457131.1,  1,  21.3,   1.0, 0.100
2025-11-03 16:06:21,        0,  37.2,  24.6,  25.3, 29.226, 26.222,  0.769,3487492.0,  1,  21.4,   1.0, 0.100
2025-11-03 16:06:22,        0,  35.6,  19.7,  25.3, 28.267, 25.199,  0.713,3511940.9,  1,  21.4,   1.0, 0.100
2025-11-03 16:06:23,        0,  34.8,  17.4,  25.3, 25.956, 23.006,  0.608,3533251.3,  1,  21.4,   1.0, 0.100
2025-11-03 16:06:23,        0,  33.9,  14.7,  25.3, 26.197, 23.149,  0.608,3554215.7,  1,  21.4,   1.0, 0.100
2025-11-03 16:06:25,        0,  35.6,  19.7,  25.3, 28.408, 25.234,  0.718,3580347.5,  1,  21.4,   1.0, 0.100
2025-11-03 16:06:26,        0,  33.4,  13.3,  25.3, 29.169, 25.971,  0.760,3602830.7,  1,  21.3,   1.0, 0.100
2025-11-03 16:06:27,        0,  33.9,  14.7,  25.3, 17.986, 15.258,  0.288,3619575.3,  1,  21.4,   1.0, 0.100
2025-11-03 16:06:27,        0,  35.9,  20.8,  25.3, 24.958, 21.828,  0.552,3639004.9,  1,  21.4,   1.0, 0.100
2025-11-03 16:06:28,        0,  33.7,  14.0,  25.3, 25.417, 22.255,  0.567,3659856.2,  1,  21.4,   1.0, 0.100
2025-11-03 16:06:30,        0,  35.4,  19.3,  25.3, 26.340, 23.095,  0.612,3684169.6,  1,  21.4,   1.0, 0.100
2025-11-03 16:06:31,        0,  33.4,  13.3,  25.3, 24.507, 21.331,  0.523,3704403.5,  1,  21.4,   1.0, 0.100
2025-11-03 16:06:31,        0,  34.3,  16.0,  25.3, 19.054, 16.134,  0.326,3720123.3,  1,  21.4,   1.0, 0.100
2025-11-03 16:06:32,        0,  32.8,  11.4,  25.3, 20.769, 17.703,  0.368,3736714.0,  1,  21.4,   1.0, 0.100
2025-11-03 16:06:34,        0,  35.0,  18.1,  25.3, 24.268, 20.973,  0.510,3758426.1,  1,  21.4,   1.0, 0.100
2025-11-03 16:06:35,        0,  35.0,  18.1,  25.3, 22.724, 19.504,  0.445,3777975.6,  1,  21.3,   1.0, 0.100
2025-11-03 16:06:35,        0,  35.4,  19.1,  25.3, 20.655, 17.553,  0.365,3795932.2,  1,  21.4,   1.0, 0.100
2025-11-03 16:06:36,        0,  34.8,  17.4,  25.3, 22.775, 19.522,  0.447,3815320.4,  1,  21.4,   1.0, 0.100
2025-11-03 16:06:38,        0,  33.8,  14.5,  25.3, 20.109, 17.012,  0.352,3833142.0,  1,  21.4,   1.0, 0.100
2025-11-03 16:06:39,        0,  34.1,  15.3,  25.3, 22.178, 18.917,  0.422,3850628.7,  1,  21.3,   1.0, 0.100
2025-11-03 16:06:39,        0,  33.4,  13.1,  25.3, 18.009, 15.003,  0.273,3865400.6,  1,  21.4,   1.0, 0.100
2025-11-03 16:06:40,        0,  33.3,  12.8,  25.3, 20.385, 17.182,  0.354,3880474.2,  1,  21.4,   1.0, 0.100
2025-11-03 16:06:42,        0,  33.5,  13.6,  25.3, 19.305, 16.142,  0.312,3898194.3,  1,  21.4,   1.0, 0.100
2025-11-03 16:06:43,        0,  33.5,  13.5,  25.3, 19.457, 16.265,  0.317,3913962.8,  1,  21.4,   1.0, 0.100
2025-11-03 16:06:43,        0,  32.8,  11.4,  25.3, 18.227, 15.127,  0.277,3929056.5,  1,  21.4,   1.0, 0.100
2025-11-03 16:06:44,        0,  33.1,  12.3,  25.3, 21.563, 18.214,  0.393,3944711.4,  1,  21.3,   1.0, 0.100
2025-11-03 16:06:46,        0,  33.8,  14.3,  25.3, 19.207, 16.003,  0.308,3963014.1,  1,  21.4,   1.0, 0.100
2025-11-03 16:06:47,        0,  32.7,  11.2,  25.3, 18.066, 14.937,  0.270,3977184.6,  1,  21.3,   0.9, 0.100
2025-11-03 16:06:47,        0,  32.2,   9.5,  25.4, 15.818, 12.833,  0.203,3987569.7,  1,  21.3,   0.9, 0.100
2025-11-03 16:06:48,        0,  33.4,  13.1,  25.3, 17.071, 13.949,  0.239,3999739.8,  1,  21.4,   0.9, 0.100
2025-11-03 16:06:50,        0,  33.2,  12.6,  25.3, 16.739, 13.630,  0.228,4015120.2,  1,  21.3,   0.9, 0.100
2025-11-03 16:06:51,        0,  32.5,  10.6,  25.3, 16.781, 13.663,  0.233,4028512.8,  1,  21.3,   0.9, 0.100
2025-11-03 16:06:51,        0,  33.6,  13.8,  25.3, 15.763, 12.714,  0.200,4041544.2,  1,  21.4,   0.9, 0.100
2025-11-03 16:06:52,        0,  32.2,   9.5,  25.3, 16.136, 13.072,  0.217,4052777.2,  1,  21.3,   1.0, 0.100
2025-11-03 16:06:54,        0,  33.3,  12.8,  25.3, 14.922, 11.930,  0.179,4067129.5,  1,  21.4,   1.0, 0.100
2025-11-03 16:06:55,        0,  31.8,   8.5,  25.4, 17.875, 14.636,  0.262,4078986.1,  1,  21.3,   1.0, 0.100
2025-11-03 16:06:55,        0,  31.4,   7.3,  25.3, 12.203,  9.426,  0.116,4088026.0,  1,  21.4,   1.0, 0.100
2025-11-03 16:06:56,        0,  30.6,   4.9,  25.3, 15.334, 12.281,  0.189,4097537.8,  1,  21.3,   1.0, 0.100
2025-11-03 16:06:58,        0,  32.4,  10.2,  25.3, 14.050, 11.103,  0.159,4109226.4,  1,  21.4,   1.0, 0.100
2025-11-03 16:06:59,        0,  31.3,   6.9,  25.3, 16.265, 13.108,  0.213,4121210.4,  1,  21.3,   1.0, 0.100
2025-11-03 16:06:59,        0,  32.1,   9.2,  25.3, 16.505, 13.322,  0.220,4132532.2,  1,  21.3,   1.0, 0.100
2025-11-03 16:07:00,        0,  32.4,  10.2,  25.3, 15.746, 12.623,  0.200,4144199.0,  1,  21.4,   1.0, 0.100
2025-11-03 16:07:02,        0,  31.3,   6.8,  25.3, 12.261,  9.443,  0.116,4156344.0,  1,  21.3,   1.0, 0.100
2025-11-03 16:07:03,        0,  32.6,  10.9,  25.3, 12.923, 10.044,  0.131,4166117.3,  1,  21.4,   1.0, 0.100
2025-11-03 16:07:04,        0,  30.2,   3.5,  25.3, 15.334, 12.236,  0.188,4177748.8,  1,  21.4,   1.0, 0.100
2025-11-03 16:07:04,        0,  32.5,  10.6,  25.3, 14.103, 11.115,  0.157,4186091.3,  1,  21.3,   1.0, 0.100
2025-11-03 16:07:06,        0,  32.0,   9.0,  25.3, 12.810,  9.933,  0.127,4198964.3,  1,  21.3,   1.0, 0.100
2025-11-03 16:07:07,        0,  31.1,   6.4,  25.3, 11.178,  8.458,  0.095,4207513.0,  1,  21.4,   1.0, 0.100
2025-11-03 16:07:08,        0,  32.5,  10.4,  25.3, 12.526,  9.683,  0.121,4216538.6,  1,  21.4,   1.0, 0.100
2025-11-03 16:07:08,        0,  32.0,   9.0,  25.3, 12.443,  9.599,  0.122,4226009.3,  1,  21.4,   1.0, 0.100
2025-11-03 16:07:09,        0,  31.7,   8.1,  25.4, 13.391, 10.450,  0.140,4235812.8,  1,  21.3,   1.0, 0.100
2025-11-03 16:07:11,        0,  31.0,   5.9,  25.3, 11.524,  8.759,  0.102,4246427.6,  1,  21.4,   1.0, 0.100
2025-11-03 16:07:12,        0,  31.1,   6.2,  25.3,  8.176,  5.756,  0.051,4252631.1,  1,  21.4,   1.0, 0.100
2025-11-03 16:07:12,        0,  30.6,   4.7,  25.3, 10.463,  7.809,  0.086,4260068.8,  1,  21.3,   0.9, 0.101
2025-11-03 16:07:13,        0,  32.2,   9.5,  25.3, 11.784,  9.004,  0.109,4268267.1,  1,  21.4,   0.9, 0.100
2025-11-03 16:07:15,        0,  31.5,   7.6,  25.3, 11.686,  8.908,  0.107,4279196.3,  1,  21.4,   0.9, 0.100
2025-11-03 16:07:16,        0,  31.4,   7.1,  25.3, 12.612,  9.739,  0.123,4288568.1,  1,  21.3,   0.9, 0.100
2025-11-03 16:07:16,        0,  31.4,   7.1,  25.3, 10.430,  7.773,  0.085,4296196.0,  1,  21.4,   0.8, 0.100
2025-11-03 16:07:18,        0,  30.5,   4.4,  25.3, 11.822,  9.034,  0.107,4306528.4,  1,  21.4,   0.8, 0.100
2025-11-03 16:07:19,        0,  31.3,   6.9,  25.3, 10.339,  7.698,  0.080,4313605.7,  1,  21.3,   0.8, 0.100
2025-11-03 16:07:20,        0,  31.0,   6.1,  25.3, 11.569,  8.802,  0.102,4321437.3,  1,  21.4,   0.8, 0.100
2025-11-03 16:07:20,        0,  30.1,   3.3,  25.3,  9.626,  7.054,  0.068,4327438.3,  1,  21.3,   0.8, 0.100
2025-11-03 16:07:21,        0,  30.9,   5.8,  25.3,  8.995,  6.496,  0.059,4333017.3,  1,  21.4,   0.8, 0.100
2025-11-03 16:07:23,        0,  29.9,   2.6,  25.4, 11.243,  8.523,  0.096,4341719.8,  1,  21.4,   0.9, 0.100
2025-11-03 16:07:24,        0,  30.5,   4.4,  25.3,  8.751,  6.279,  0.056,4346424.6,  1,  21.3,   0.8, 0.100
2025-11-03 16:07:24,        0,  31.4,   7.1,  25.3,  9.968,  7.379,  0.074,4352644.4,  1,  21.4,   0.8, 0.100
2025-11-03 16:07:25,        0,  31.2,   6.6,  25.3, 10.785,  8.111,  0.088,4360252.2,  1,  21.4,   0.8, 0.100
2025-11-03 16:07:27,        0,  31.6,   7.8,  25.4, 12.126,  9.316,  0.114,4370401.8,  1,  21.3,   0.8, 0.100
2025-11-03 16:07:28,        0,  30.5,   4.4,  25.3,  3.373,  1.517,  0.006,4374913.4,  1,  21.4,   0.8, 0.100
2025-11-03 16:07:28,        0,  30.8,   5.4,  25.3, 10.742,  8.086,  0.087,4381794.9,  1,  21.4,   0.9, 0.100
2025-11-03 16:07:29,        0,  31.2,   6.6,  25.3,  9.032,  6.535,  0.060,4388454.4,  1,  21.4,   0.9, 0.100
2025-11-03 16:07:31,        0,  30.6,   4.7,  25.3,  8.752,  6.284,  0.055,4396165.7,  1,  21.3,   0.9, 0.100
2025-11-03 16:07:32,        0,  30.6,   4.7,  25.3,  8.416,  5.986,  0.051,4401914.4,  1,  21.4,   0.9, 0.100
2025-11-03 16:07:32,        0,  31.1,   6.4,  25.3,  9.789,  7.227,  0.072,4408459.5,  1,  21.4,   0.9, 0.100
2025-11-03 16:07:33,        0,  30.6,   4.7,  25.3,  9.486,  6.948,  0.066,4415612.6,  1,  21.4,   0.9, 0.100
2025-11-03 16:07:35,        0,  30.6,   4.9,  25.3,  6.442,  4.224,  0.028,4421114.0,  1,  21.3,   0.9, 0.100
2025-11-03 16:07:36,        0,  30.5,   4.4,  25.3,  7.468,  5.141,  0.039,4426346.9,  1,  21.3,   0.9, 0.100
2025-11-03 16:07:36,        0,  30.7,   5.2,  25.3,  9.167,  6.672,  0.062,4433035.2,  1,  21.4,   1.0, 0.100
2025-11-03 16:07:37,        0,  29.1,   0.4,  25.3,  8.405,  5.987,  0.052,4439125.1,  1,  21.4,   1.0, 0.100
2025-11-03 16:07:39,        0,  30.3,   4.0,  25.3,  3.909,  2.083,  0.014,4443430.0,  1,  21.3,   1.0, 0.100
2025-11-03 16:07:40,        0,  30.5,   4.4,  25.3,  8.103,  5.725,  0.046,4448912.2,  1,  21.4,   1.0, 0.100
2025-11-03 16:07:41,        0,  30.2,   3.7,  25.3,  7.562,  5.238,  0.040,4453953.1,  1,  21.4,   1.0, 0.100
2025-11-03 16:07:41,        0,  30.7,   5.2,  25.4,  9.296,  6.803,  0.065,4460178.3,  1,  21.3,   1.0, 0.100
2025-11-03 16:07:42,        0,  29.8,   2.3,  25.3,  8.087,  5.715,  0.048,4465552.0,  1,  21.4,   1.0, 0.100
2025-11-03 16:07:44,        0,  30.7,   5.1,  25.3,  8.446,  6.039,  0.052,4471218.5,  1,  21.4,   1.0, 0.100
2025-11-03 16:07:45,        0,  30.7,   5.2,  25.3,  5.962,  3.819,  0.025,4475623.2,  1,  21.4,   1.0, 0.100
2025-11-03 16:07:45,        0,  30.6,   4.7,  25.3,  8.674,  6.246,  0.054,4481881.6,  1,  21.4,   1.0, 0.100
2025-11-03 16:07:46,        0,  30.2,   3.5,  25.3,  9.055,  6.591,  0.060,4487926.2,  1,  21.4,   1.0, 0.100
2025-11-03 16:07:48,        0,  30.2,   3.5,  25.3,  6.717,  4.492,  0.031,4493346.8,  1,  21.4,   1.0, 0.100
2025-11-03 16:07:49,        0,  29.9,   2.8,  25.3,  7.693,  5.371,  0.042,4498216.6,  1,  21.4,   1.0, 0.100
2025-11-03 16:07:49,        0,  30.2,   3.7,  25.3,  7.752,  5.422,  0.043,4502599.1,  1,  21.4,   1.0, 0.100
2025-11-03 16:07:50,        0,  30.3,   3.8,  25.3,  6.188,  4.033,  0.028,4506880.2,  1,  21.4,   1.0, 0.100
2025-11-03 16:07:52,        0,  29.7,   2.0,  25.4,  6.586,  4.383,  0.029,4512389.6,  1,  21.4,   0.9, 0.100
2025-11-03 16:07:53,        0,  29.1,   0.4,  25.3,  5.415,  3.357,  0.021,4514629.7,  1,  21.4,   1.0, 0.100
2025-11-03 16:07:54,        0,  30.4,   4.2,  25.3,  7.301,  5.032,  0.037,4517760.7,  1,  21.4,   1.0, 0.100
2025-11-03 16:07:54,        0,  30.2,   3.7,  25.3,  8.243,  5.874,  0.048,4523359.8,  1,  21.4,   1.0, 0.100
2025-11-03 16:07:56,        0,  30.1,   3.3,  25.3,  6.969,  4.730,  0.033,4529278.7,  1,  21.4,   0.9, 0.100
2025-11-03 16:07:57,        0,  30.3,   4.0,  25.3,  3.188,  1.414,  0.006,4532261.0,  1,  21.4,   0.9, 0.100
2025-11-03 16:07:58,        0,  30.2,   3.5,  25.3,  6.899,  4.675,  0.032,4536269.2,  1,  21.4,   0.9, 0.100
2025-11-03 16:07:58,        0,  30.1,   3.2,  25.3,  6.816,  4.601,  0.031,4540695.3,  1,  21.4,   0.9, 0.100
2025-11-03 16:08:00,        0,  29.8,   2.3,  25.3,  6.539,  4.352,  0.028,4545822.5,  1,  21.4,   0.8, 0.100
2025-11-03 16:08:01,        0,  29.5,   1.6,  25.3,  6.879,  4.661,  0.032,4549837.0,  1,  21.4,   0.8, 0.100
2025-11-03 16:08:02,        0,  29.7,   2.0,  25.3,  3.802,  1.999,  0.012,4551937.5,  1,  21.4,   0.8, 0.100
2025-11-03 16:08:02,        0,  30.2,   3.5,  25.3,  2.250,  0.690,  0.004,4553805.9,  1,  21.4,   0.8, 0.100
2025-11-03 16:08:03,        0,  30.2,   3.5,  25.3,  6.915,  4.698,  0.033,4558463.7,  1,  21.4,   0.8, 0.100
2025-11-03 16:08:05,        0,  29.9,   2.6,  25.3,  5.846,  3.753,  0.024,4563352.4,  1,  21.4,   0.8, 0.100
2025-11-03 16:08:06,        0,  29.4,   1.3,  25.3,  3.660,  1.834,  0.009,4566375.8,  1,  21.4,   0.8, 0.100
2025-11-03 16:08:06,        0,  29.8,   2.3,  25.3,  2.326,  0.755,  0.004,4568223.6,  1,  21.4,   0.8, 0.100
2025-11-03 16:08:08,        0,  29.7,   2.1,  25.3,  1.510,  0.115,  0.000,4569269.2,  1,  21.4,   0.8, 0.100
2025-11-03 16:08:09,        0,  30.1,   3.3,  25.3,  3.103,  1.483,  0.008,4571228.1,  1,  21.4,   0.8, 0.100
2025-11-03 16:08:10,        0,  30.0,   3.0,  25.3,  6.746,  4.559,  0.031,4575614.7,  1,  21.4,   0.8, 0.100
2025-11-03 16:08:10,        0,  29.6,   1.8,  25.3,  4.192,  2.304,  0.012,4578448.2,  1,  21.4,   0.8, 0.100
2025-11-03 16:08:12,        0,  30.1,   3.2,  25.3,  6.580,  4.411,  0.029,4582248.2,  1,  21.4,   0.8, 0.100
2025-11-03 16:08:13,        0,  29.9,   2.7,  25.3,  5.841,  3.754,  0.024,4586246.3,  1,  21.4,   0.8, 0.100
2025-11-03 16:08:14,        0,  29.8,   2.5,  25.3,  5.626,  3.567,  0.022,4590040.4,  1,  21.4,   0.8, 0.100
2025-11-03 16:08:14,        0,  29.5,   1.6,  25.3,  6.653,  4.478,  0.030,4593603.5,  1,  21.4,   0.8, 0.100
2025-11-03 16:08:16,        0,  29.7,   2.0,  25.4,  1.396,  0.061,  0.000,4593783.3,  1,  21.4,   0.8, 0.100
2025-11-03 16:08:17,        0,  29.6,   1.8,  25.3,  6.143,  4.083,  0.027,4595642.9,  1,  21.4,   0.8, 0.100
2025-11-03 16:08:18,        0,  29.9,   2.8,  25.3,  5.179,  3.228,  0.022,4598188.4,  1,  21.4,   0.8, 0.100
2025-11-03 16:08:18,        0,  29.8,   2.5,  25.3,  6.725,  4.548,  0.031,4602324.1,  1,  21.4,   0.9, 0.100
2025-11-03 16:08:19,        0,  29.5,   1.6,  25.3,  6.069,  3.995,  0.026,4604415.8,  1,  21.4,   0.9, 0.100
2025-11-03 16:08:21,        0,  29.8,   2.5,  25.3,  1.587,  0.171,  0.000,4605402.3,  1,  21.4,   0.9, 0.100
2025-11-03 16:08:22,        0,  29.7,   2.0,  25.3,  1.521,  0.133,  0.000,4606142.0,  1,  21.4,   0.9, 0.100
2025-11-03 16:08:22,        0,  29.9,   2.6,  25.3,  3.992,  2.309,  0.016,4608003.7,  1,  21.4,   0.9, 0.100
2025-11-03 16:08:23,        0,  29.7,   2.1,  25.3,  6.531,  4.389,  0.029,4612185.0,  1,  21.4,   0.9, 0.100
2025-11-03 16:08:25,        0,  29.8,   2.5,  25.4,  1.497,  0.122,  0.000,4612911.7,  1,  21.4,   0.9, 0.100
2025-11-03 16:08:26,        0,  30.0,   3.0,  25.3,  1.554,  0.298,  0.002,4614635.4,  1,  21.4,   0.9, 0.100
2025-11-03 16:08:26,        0,  29.8,   2.3,  25.3,  5.938,  3.868,  0.024,4618356.1,  1,  21.4,   0.9, 0.100
2025-11-03 16:08:27,        0,  29.8,   2.3,  25.3,  1.448,  0.099,  0.000,4618577.8,  1,  21.4,   0.9, 0.100
2025-11-03 16:08:29,        0,  29.7,   2.0,  25.3,  6.096,  4.022,  0.025,4620672.1,  1,  21.4,   0.8, 0.100
2025-11-03 16:08:30,        0,  29.9,   2.8,  25.3,  1.457,  0.107,  0.000,4621667.8,  1,  21.4,   0.8, 0.100
2025-11-03 16:08:31,        0,  29.7,   2.0,  25.3,  5.037,  3.083,  0.017,4623738.2,  1,  21.4,   0.8, 0.100
2025-11-03 16:08:31,        0,  29.7,   2.1,  25.3,  5.177,  3.283,  0.021,4625352.9,  1,  21.4,   0.8, 0.100
2025-11-03 16:08:32,        0,  29.8,   2.3,  25.3,  1.487,  0.129,  0.000,4625623.3,  1,  21.4,   0.8, 0.100
2025-11-03 16:08:34,        0,  29.9,   2.8,  25.3,  1.132, -0.002,  0.000,4625627.0,  1,  21.4,   0.8, 0.100
2025-11-03 16:08:35,        0,  29.9,   2.8,  25.3,  6.543,  4.429,  0.029,4629668.4,  1,  21.4,   0.9, 0.100
2025-11-03 16:08:35,        0,  29.6,   1.8,  25.3,  6.478,  4.364,  0.028,4633402.1,  1,  21.4,   0.9, 0.100
2025-11-03 16:08:37,        0,  29.7,   2.1,  25.3,  1.370,  0.074,  0.000,4633642.6,  1,  21.4,   0.9, 0.100
2025-11-03 16:08:38,        0,  29.8,   2.3,  25.3,  3.495,  1.949,  0.013,4634547.9,  1,  21.4,   0.9, 0.100
2025-11-03 16:08:39,        0,  29.9,   2.8,  25.3,  2.232,  0.727,  0.004,4636435.1,  1,  21.4,   0.9, 0.100
2025-11-03 16:08:39,        0,  29.8,   2.3,  25.3,  6.459,  4.357,  0.028,4640600.0,  1,  21.4,   0.9, 0.100
2025-11-03 16:08:40,        0,  29.6,   1.8,  25.3,  1.473,  0.128,  0.000,4641565.2,  1,  21.4,   0.9, 0.100
2025-11-03 16:08:42,        0,  29.9,   2.7,  25.3,  1.168,  0.007,  0.000,4641580.3,  1,  21.4,   0.9, 0.100
2025-11-03 16:08:43,        0,  29.8,   2.5,  25.3,  1.058, -0.006,  0.000,4641574.9,  1,  21.4,   0.9, 0.100
2025-11-03 16:08:43,        0,  29.8,   2.3,  25.3,  5.690,  3.763,  0.024,4643925.1,  1,  21.4,   0.9, 0.100
2025-11-03 16:08:44,        0,  30.0,   3.0,  25.3,  2.023,  0.527,  0.001,4645582.7,  1,  21.4,   0.9, 0.100
2025-11-03 16:08:46,        0,  29.9,   2.6,  25.3,  2.936,  1.284,  0.005,4648375.5,  1,  21.4,   0.9, 0.100
2025-11-03 16:08:47,        0,  29.3,   0.8,  25.3,  1.248,  0.033,  0.000,4648406.9,  1,  21.4,   0.9, 0.100
2025-11-03 16:08:48,        0,  29.8,   2.3,  25.3,  1.070, -0.004,  0.000,4648405.3,  1,  21.4,   0.9, 0.100
2025-11-03 16:08:48,        0,  29.8,   2.5,  25.3,  1.021, -0.007,  0.000,4648398.6,  1,  21.4,   1.0, 0.100
2025-11-03 16:08:50,        0,  29.8,   2.3,  25.3,  0.967, -0.008,  0.000,4648388.5,  1,  21.4,   1.0, 0.100
2025-11-03 16:08:51,        0,  29.8,   2.5,  25.3,  0.936, -0.009,  0.000,4649464.7,  1,  21.4,   1.0, 0.100
2025-11-03 16:08:52,        0,  29.8,   2.5,  25.3,  4.631,  2.777,  0.015,4652587.8,  1,  21.4,   0.9, 0.100
2025-11-03 16:08:52,        0,  29.8,   2.3,  25.3,  1.679,  0.284,  0.001,4653827.1,  1,  21.4,   0.9, 0.100
2025-11-03 16:08:53,        0,  29.7,   2.1,  25.3,  1.162,  0.013,  0.000,4653846.0,  1,  21.4,   1.0, 0.100
2025-11-03 16:08:55,        0,  29.9,   2.8,  25.3,  6.413,  4.358,  0.028,4657296.4,  1,  21.4,   0.9, 0.100
2025-11-03 16:08:56,        0,  29.7,   2.1,  25.3,  5.434,  3.488,  0.020,4660091.3,  1,  21.4,   0.9, 0.100
2025-11-03 16:08:56,        0,  29.7,   2.0,  25.3,  1.338,  0.080,  0.000,4660163.8,  1,  21.4,   1.0, 0.100
2025-11-03 16:08:58,        0,  29.5,   1.5,  25.3,  1.069, -0.002,  0.000,4660163.8,  1,  21.4,   0.9, 0.100
2025-11-03 16:08:59,        0,  29.7,   2.0,  25.3,  0.990, -0.007,  0.000,4660157.1,  1,  21.4,   0.9, 0.100
2025-11-03 16:09:00,        0,  29.7,   2.1,  25.3,  0.954, -0.008,  0.000,4660149.6,  1,  21.4,   1.0, 0.100
2025-11-03 16:09:00,        0,  29.7,   2.1,  25.3,  0.921, -0.008,  0.000,4660142.0,  1,  21.4,   1.0, 0.100
2025-11-03 16:09:01,        0,  29.9,   2.7,  25.3,  0.892, -0.008,  0.000,4660133.6,  1,  21.4,   1.0, 0.100
2025-11-03 16:09:03,        0,  29.9,   2.8,  25.3,  6.393,  4.355,  0.028,4663696.0,  1,  21.4,   1.0, 0.100
2025-11-03 16:09:04,        0,  29.7,   2.1,  25.3,  3.021,  1.417,  0.007,4666225.6,  1,  21.4,   0.9, 0.100
2025-11-03 16:09:04,        0,  29.7,   2.0,  25.3,  1.486,  0.170,  0.000,4666811.1,  1,  21.4,   1.0, 0.100
2025-11-03 16:09:05,        0,  29.8,   2.5,  25.3,  1.121,  0.009,  0.000,4666821.6,  1,  21.4,   1.0, 0.100
2025-11-03 16:09:07,        0,  29.8,   2.3,  25.3,  1.004, -0.006,  0.000,4666815.7,  1,  21.4,   0.9, 0.100
2025-11-03 16:09:08,        0,  29.7,   2.0,  25.3,  0.962, -0.007,  0.000,4666809.0,  1,  21.4,   1.0, 0.100
2025-11-03 16:09:08,        0,  29.9,   2.7,  25.3,  0.908, -0.007,  0.000,4666801.9,  1,  21.4,   1.0, 0.100
2025-11-03 16:09:09,        0,  29.8,   2.3,  25.3,  6.134,  4.127,  0.026,4669498.7,  1,  21.4,   1.0, 0.100
2025-11-03 16:09:11,        0,  29.8,   2.3,  25.3,  1.181,  0.028,  0.000,4669669.7,  1,  21.4,   1.0, 0.100
2025-11-03 16:09:12,        0,  29.7,   2.1,  25.3,  1.047, -0.001,  0.000,4669670.6,  1,  21.4,   1.0, 0.100
2025-11-03 16:09:13,        0,  29.8,   2.3,  25.3,  0.987, -0.006,  0.000,4669664.3,  1,  21.4,   0.9, 0.100
2025-11-03 16:09:13,        0,  29.8,   2.5,  25.3,  0.923, -0.007,  0.000,4669657.6,  1,  21.4,   1.0, 0.100
2025-11-03 16:09:15,        0,  30.0,   3.0,  25.3,  0.888, -0.007,  0.000,4671128.2,  1,  21.4,   0.9, 0.100
2025-11-03 16:09:16,        0,  29.8,   2.3,  25.3,  6.263,  4.247,  0.027,4674961.7,  1,  21.4,   0.9, 0.100
2025-11-03 16:09:17,        0,  29.6,   1.8,  25.3,  2.416,  0.980,  0.006,4676091.5,  1,  21.4,   0.9, 0.100
2025-11-03 16:09:17,        0,  29.7,   2.1,  25.3,  1.453,  0.161,  0.000,4676277.6,  1,  21.4,   0.9, 0.100
2025-11-03 16:09:18,        0,  29.7,   2.0,  25.3,  1.047,  0.000,  0.000,4676281.8,  1,  21.4,   1.0, 0.100
2025-11-03 16:09:20,        0,  29.8,   2.3,  25.3,  0.959, -0.006,  0.000,4676275.9,  1,  21.4,   0.9, 0.100
2025-11-03 16:09:21,        0,  29.8,   2.3,  25.3,  0.920, -0.007,  0.000,4676269.2,  1,  21.4,   0.9, 0.100
2025-11-03 16:09:21,        0,  29.7,   2.1,  25.3,  0.886, -0.007,  0.000,4676262.1,  1,  21.4,   0.9, 0.100
2025-11-03 16:09:22,        0,  29.7,   2.1,  25.3,  0.856, -0.008,  0.000,4676254.6,  1,  21.4,   0.9, 0.100
2025-11-03 16:09:24,        0,  29.8,   2.3,  25.3,  0.816, -0.008,  0.000,4676245.3,  1,  21.4,   1.0, 0.100
2025-11-03 16:09:25,        0,  29.8,   2.3,  25.3,  0.784, -0.008,  0.000,4676237.4,  1,  21.4,   0.9, 0.100
2025-11-03 16:09:25,        0,  29.7,   2.0,  25.3,  0.766, -0.008,  0.000,4676229.4,  1,  21.4,   0.9, 0.100
2025-11-03 16:09:26,        0,  29.8,   2.3,  25.3,  0.750, -0.009,  0.000,4676221.0,  1,  21.4,   0.9, 0.100
2025-11-03 16:09:28,        0,  29.9,   2.8,  25.3,  1.494,  0.601,  0.004,4677375.2,  1,  21.4,   0.9, 0.100
2025-11-03 16:09:29,        0,  30.0,   3.0,  25.3,  6.376,  4.355,  0.028,4681533.5,  1,  21.4,   0.9, 0.100
2025-11-03 16:09:30,        0,  29.2,   0.6,  25.3,  2.115,  0.652,  0.002,4683691.4,  1,  21.4,   0.9, 0.100
2025-11-03 16:09:30,        0,  29.7,   2.1,  25.3,  1.150,  0.023,  0.000,4683732.1,  1,  21.4,   0.9, 0.100
2025-11-03 16:09:31,        0,  29.7,   2.0,  25.3,  1.029, -0.001,  0.000,4683731.6,  1,  21.4,   0.9, 0.100
2025-11-03 16:09:33,        0,  29.8,   2.3,  25.3,  0.947, -0.006,  0.000,4683724.9,  1,  21.4,   0.9, 0.100
2025-11-03 16:09:34,        0,  29.6,   1.8,  25.3,  0.907, -0.007,  0.000,4683717.8,  1,  21.4,   0.9, 0.100
2025-11-03 16:09:34,        0,  29.6,   1.8,  25.3,  0.858, -0.007,  0.000,4683710.7,  1,  21.4,   0.9, 0.100
2025-11-03 16:09:36,        0,  29.5,   1.6,  25.3,  0.830, -0.008,  0.000,4683701.5,  1,  21.4,   0.9, 0.100
2025-11-03 16:09:37,        0,  29.5,   1.6,  25.3,  0.794, -0.008,  0.000,4683693.9,  1,  21.4,   0.9, 0.100
2025-11-03 16:09:38,        0,  29.8,   2.3,  25.3,  0.774, -0.009,  0.000,4683686.0,  1,  21.4,   0.9, 0.100
2025-11-03 16:09:38,        0,  29.8,   2.3,  25.3,  0.756, -0.008,  0.000,4683677.6,  1,  21.4,   0.9, 0.100
2025-11-03 16:09:40,        0,  29.7,   2.1,  25.3,  0.734, -0.009,  0.000,4683667.5,  1,  21.4,   1.0, 0.100
2025-11-03 16:09:41,        0,  29.8,   2.5,  25.3,  0.721, -0.008,  0.000,4683659.6,  1,  21.4,   0.9, 0.100
2025-11-03 16:09:41,        0,  29.7,   2.1,  25.3,  0.703, -0.008,  0.000,4683651.6,  1,  21.4,   0.9, 0.100
2025-11-03 16:09:42,        0,  29.8,   2.5,  25.3,  0.692, -0.009,  0.000,4683642.8,  1,  21.4,   0.9, 0.100
2025-11-03 16:09:44,        0,  29.8,   2.5,  25.3,  0.676, -0.009,  0.000,4683632.7,  1,  21.4,   0.9, 0.100
2025-11-03 16:09:45,        0,  29.8,   2.5,  25.3,  0.667, -0.009,  0.000,4683624.3,  1,  21.4,   0.9, 0.100
2025-11-03 16:09:45,        0,  29.9,   2.8,  25.3,  0.658, -0.008,  0.000,4683616.0,  1,  21.4,   0.9, 0.100
2025-11-03 16:09:46,        0,  29.9,   2.8,  25.3,  6.380,  4.359,  0.028,4687729.0,  1,  21.4,   0.9, 0.100
2025-11-03 16:09:48,        0,  29.8,   2.5,  25.3,  1.494,  0.196,  0.000,4689976.6,  1,  21.4,   1.0, 0.100
2025-11-03 16:09:49,        0,  29.8,   2.3,  25.3,  1.090,  0.011,  0.000,4689997.5,  1,  21.4,   0.9, 0.100
2025-11-03 16:09:49,        0,  29.8,   2.3,  25.3,  0.997, -0.003,  0.000,4689995.4,  1,  21.4,   0.9, 0.100
2025-11-03 16:09:50,        0,  29.6,   1.8,  25.3,  0.944, -0.006,  0.000,4689989.6,  1,  21.4,   0.9, 0.100
2165-165-165 45:165:85,        0,  29.8,   2.3,  25.3,  0.886, -0.007,  0.000,4689982.0,  1,  21.4,   0.9, 0.100
2025-11-03 16:09:53,        0,  29.7,   2.1,  25.3,  0.835, -0.007,  0.000,4689974.9,  1,  21.4,   0.9, 0.100
2025-11-03 16:09:53,        0,  29.8,   2.3,  25.3,  0.806, -0.008,  0.000,4689967.8,  1,  21.4,   0.9, 0.100
2025-11-03 16:09:54,        0,  29.8,   2.3,  25.3,  0.782, -0.007,  0.000,4689960.6,  1,  21.4,   0.9, 0.100
2025-11-03 16:09:56,        0,  29.7,   2.1,  25.3,  0.750, -0.007,  0.000,4689951.4,  1,  21.4,   0.9, 0.100
2025-11-03 16:09:57,        0,  29.8,   2.3,  25.3,  0.732, -0.008,  0.000,4689943.5,  1,  21.4,   0.9, 0.100
2025-11-03 16:09:57,        0,  29.8,   2.3,  25.3,  0.709, -0.008,  0.000,4689935.5,  1,  21.4,   0.9, 0.100
2025-11-03 16:09:58,        0,  29.8,   2.5,  25.3,  0.697, -0.009,  0.000,4689927.1,  1,  21.4,   0.9, 0.100
2025-11-03 16:10:00,        0,  29.8,   2.3,  25.3,  0.680, -0.009,  0.000,4689917.1,  1,  21.4,   0.9, 0.100
2025-11-03 16:10:01,        0,  29.8,   2.3,  25.3,  0.668, -0.009,  0.000,4689909.1,  1,  21.4,   0.9, 0.100
2025-11-03 16:10:02,        0,  29.8,   2.5,  25.3,  0.657, -0.008,  0.000,4689901.6,  1,  21.4,   0.9, 0.100
2025-11-03 16:10:02,        0,  29.8,   2.5,  25.3,  0.643, -0.009,  0.000,4689893.2,  1,  21.4,   0.9, 0.100
2025-11-03 16:10:04,        0,  29.8,   2.3,  25.3,  0.634, -0.008,  0.000,4689883.5,  1,  21.4,   0.9, 0.100
2025-11-03 16:10:05,        0,  29.9,   2.8,  25.3,  0.621, -0.008,  0.000,4689876.0,  1,  21.4,   0.9, 0.100
2025-11-03 16:10:06,        0,  29.9,   2.7,  25.3,  6.377,  4.357,  0.028,4693723.7,  1,  21.4,   0.9, 0.100
2025-11-03 16:10:06,        0,  29.7,   2.1,  25.3,  4.810,  2.973,  0.016,4696022.4,  1,  21.4,   0.9, 0.100
2025-11-03 16:10:08,        0,  29.7,   2.1,  25.3,  1.112,  0.017,  0.000,4696071.5,  1,  21.4,   0.9, 0.100
2025-11-03 16:10:09,        0,  29.7,   2.0,  25.3,  1.004, -0.002,  0.000,4696069.8,  1,  21.4,   0.9, 0.100
2025-11-03 16:10:10,        0,  29.5,   1.6,  25.3,  0.925, -0.006,  0.000,4696064.3,  1,  21.4,   0.9, 0.100
2025-11-03 16:10:10,        0,  29.7,   2.0,  25.3,  0.885, -0.006,  0.000,4696058.5,  1,  21.4,   0.9, 0.100
2025-11-03 16:10:12,        0,  29.7,   2.0,  25.3,  0.833, -0.007,  0.000,4696050.1,  1,  21.4,   0.9, 0.100
2025-11-03 16:10:13,        0,  29.6,   1.8,  25.3,  0.802, -0.007,  0.000,4696043.0,  1,  21.4,   0.9, 0.100
2025-11-03 16:10:14,        0,  29.7,   2.0,  25.3,  0.779, -0.008,  0.000,4696035.4,  1,  21.4,   1.0, 0.100
2025-11-03 16:10:14,        0,  29.7,   2.0,  25.3,  0.746, -0.008,  0.000,4696027.9,  1,  21.4,   0.9, 0.100
2025-11-03 16:10:15,        0,  29.7,   2.0,  25.3,  0.728, -0.008,  0.000,4696019.9,  1,  21.4,   1.0, 0.100
2025-11-03 16:10:17,        0,  29.7,   2.0,  25.3,  0.704, -0.007,  0.000,4696011.1,  1,  21.4,   1.0, 0.100
2025-11-03 16:10:18,        0,  29.7,   2.0,  25.3,  0.690, -0.008,  0.000,4696003.2,  1,  21.4,   1.0, 0.100
2025-11-03 16:10:19,        0,  29.7,   2.1,  25.3,  0.670, -0.008,  0.000,4695995.2,  1,  21.4,   1.0, 0.100
2025-11-03 16:10:19,        0,  29.7,   2.0,  25.3,  0.659, -0.008,  0.000,4695987.7,  1,  21.4,   1.0, 0.100
2025-11-03 16:10:21,        0,  29.6,   1.8,  25.3,  0.642, -0.008,  0.000,4695978.0,  1,  21.4,   1.0, 0.100
2025-11-03 16:10:22,        0,  29.7,   2.1,  25.3,  0.631, -0.008,  0.000,4695970.9,  1,  21.4,   1.0, 0.100
2025-11-03 16:10:23,        0,  29.7,   2.1,  25.3,  0.622, -0.008,  0.000,4695963.8,  1,  21.4,   1.0, 0.100
2025-11-03 16:10:23,        0,  29.7,   2.1,  25.3,  0.608, -0.008,  0.000,4695956.2,  1,  21.4,   1.0, 0.100
2025-11-03 16:10:24,        0,  29.7,   2.0,  25.3,  0.599, -0.008,  0.000,4695949.1,  1,  21.4,   1.0, 0.100
2025-11-03 16:10:26,        0,  29.8,   2.3,  25.3,  0.586, -0.007,  0.000,4695939.9,  1,  21.4,   1.0, 0.100
2025-11-03 16:10:27,        0,  29.7,   2.0,  25.3,  0.578, -0.007,  0.000,4695933.2,  1,  21.4,   1.0, 0.100
2025-11-03 16:10:27,        0,  29.7,   2.1,  25.3,  0.570, -0.007,  0.000,4695925.6,  1,  21.4,   1.0, 0.100
2025-11-03 16:10:28,        0,  29.8,   2.3,  25.3,  0.559, -0.007,  0.000,4695919.3,  1,  21.4,   1.0, 0.100
2025-11-03 16:10:30,        0,  29.8,   2.3,  25.3,  0.552, -0.007,  0.000,4695911.0,  1,  21.4,   1.0, 0.100
2025-11-03 16:10:31,        0,  29.8,   2.3,  25.3,  0.541, -0.007,  0.000,4695904.3,  1,  21.4,   1.0, 0.100
2025-11-03 16:10:31,        0,  29.8,   2.3,  25.3,  0.536, -0.007,  0.000,4695897.5,  1,  21.4,   1.0, 0.100
2025-11-03 16:10:33,        0,  29.7,   2.1,  25.3,  0.526, -0.007,  0.000,4695889.6,  1,  21.4,   1.0, 0.100
2025-11-03 16:10:34,        0,  29.8,   2.3,  25.3,  0.520, -0.007,  0.000,4695883.3,  1,  21.4,   1.0, 0.100
2025-11-03 16:10:35,        0,  29.7,   2.1,  25.3,  0.513, -0.007,  0.000,4695877.0,  1,  21.4,   1.0, 0.100
2025-11-03 16:10:35,        0,  29.7,   2.1,  25.3,  0.507, -0.008,  0.000,4695869.9,  1,  21.4,   1.0, 0.100
2025-11-03 16:10:36,        0,  29.8,   2.5,  25.3,  0.506, -0.007,  0.000,4695862.8,  1,  21.4,   1.0, 0.100
2025-11-03 16:10:38,        0,  29.8,   2.5,  25.3,  0.501, -0.007,  0.000,4695854.4,  1,  21.4,   1.0, 0.100
2025-11-03 16:10:39,        0,  29.8,   2.3,  25.3,  0.499, -0.007,  0.000,4695848.1,  1,  21.4,   1.0, 0.100
2025-11-03 16:10:39,        0,  29.8,   2.5,  25.3,  0.496, -0.007,  0.000,4695841.4,  1,  21.4,   1.0, 0.100
2025-11-03 16:10:40,        0,  29.8,   2.3,  25.3,  0.488, -0.007,  0.000,4695835.1,  1,  21.4,   1.0, 0.100
2025-11-03 16:10:42,        0,  29.8,   2.5,  25.3,  0.480, -0.006,  0.000,4695827.1,  1,  21.4,   1.0, 0.100
2025-11-03 16:10:43,        0,  29.8,   2.5,  25.3,  0.475, -0.007,  0.000,4695821.3,  1,  21.4,   1.0, 0.100
2025-11-03 16:10:43,        0,  29.8,   2.5,  25.3,  0.471, -0.006,  0.000,4695815.0,  1,  21.4,   1.0, 0.100
2025-11-03 16:10:44,        0,  29.8,   2.5,  25.3,  0.466, -0.006,  0.000,4695808.7,  1,  21.4,   1.0, 0.100
2025-11-03 16:10:46,        0,  29.8,   2.5,  25.3,  0.460, -0.007,  0.000,4695801.2,  1,  21.4,   1.0, 0.100
2025-11-03 16:10:47,        0,  29.8,   2.5,  25.3,  0.458, -0.007,  0.000,4695794.5,  1,  21.4,   1.0, 0.100
2025-11-03 16:10:47,        0,  29.8,   2.5,  25.3,  0.458, -0.007,  0.000,4695788.6,  1,  21.4,   1.0, 0.100
2025-11-03 16:10:48,        0,  29.8,   2.5,  25.3,  0.455, -0.007,  0.000,4695781.9,  1,  21.4,   1.0, 0.100
2025-11-03 16:10:50,        0,  29.8,   2.5,  25.3,  0.452, -0.000,  0.000,4695773.9,  1,  21.5,   1.0, 0.100
2025-11-03 16:10:51,        0,  29.8,   2.5,  25.3,  0.451, -0.006,  0.000,4695768.5,  1,  21.4,   1.0, 0.100
2025-11-03 16:10:52,        0,  29.8,   2.5,  25.3,  0.447, -0.006,  0.000,4695762.2,  1,  21.4,   1.0, 0.100
2025-11-03 16:10:52,        0,  29.9,   2.6,  25.3,  0.445, -0.007,  0.000,4695755.9,  1,  21.4,   1.0, 0.100
2025-11-03 16:10:53,        0,  29.9,   2.6,  25.3,  0.443, -0.006,  0.000,4695749.6,  1,  21.4,   1.0, 0.100
2025-11-03 16:10:55,        0,  29.8,   2.5,  25.3,  6.383,  4.354,  0.028,4698814.9,  1,  21.4,   1.0, 0.100
2025-11-03 16:10:56,        0,  29.5,   1.4,  25.3,  1.483,  0.185,  0.000,4699035.7,  1,  21.4,   1.0, 0.100
2025-11-03 16:10:56,        0,  29.8,   2.3,  25.3,  1.025,  0.002,  0.000,4699042.4,  1,  21.4,   1.0, 0.100
2025-11-03 16:10:57,        0,  29.7,   2.1,  25.3,  0.954, -0.005,  0.000,4699038.7,  1,  21.4,   1.0, 0.100
2025-11-03 16:10:59,        0,  29.8,   2.3,  25.3,  0.887, -0.006,  0.000,4699031.5,  1,  21.4,   1.0, 0.100
2025-11-03 16:11:00,        0,  29.8,   2.5,  25.3,  0.849, -0.007,  0.000,4699025.3,  1,  21.4,   1.0, 0.100
2025-11-03 16:11:00,        0,  29.8,   2.3,  25.3,  0.816, -0.007,  0.000,4699018.1,  1,  21.4,   1.0, 0.100
2025-11-03 16:11:01,        0,  29.8,   2.3,  25.3,  0.773, -0.007,  0.000,4699011.0,  1,  21.4,   1.0, 0.100
2025-11-03 16:11:03,        0,  29.8,   2.3,  25.3,  0.750, -0.007,  0.000,4699002.2,  1,  21.4,   1.0, 0.100
2025-11-03 16:11:04,        0,  29.7,   2.1,  25.3,  0.720, -0.007,  0.000,4698995.1,  1,  21.4,   1.0, 0.100
2025-11-03 16:11:04,        0,  29.8,   2.3,  25.3,  0.701, -0.008,  0.000,4698988.0,  1,  21.4,   1.0, 0.100
2025-11-03 16:11:06,        0,  29.7,   2.1,  25.3,  0.678, -0.008,  0.000,4698978.3,  1,  21.4,   1.0, 0.100
2025-11-03 16:11:07,        0,  29.8,   2.3,  25.3,  0.663, -0.008,  0.000,4698971.2,  1,  21.4,   1.0, 0.100
2025-11-03 16:11:08,        0,  29.8,   2.3,  25.3,  0.649, -0.008,  0.000,4698964.1,  1,  21.4,   0.9, 0.100
2025-11-03 16:11:08,        0,  29.8,   2.3,  25.3,  0.630, -0.007,  0.000,4698956.5,  1,  21.4,   0.9, 0.100
2025-11-03 16:11:10,        0,  29.8,   2.3,  25.3,  0.613, -0.007,  0.000,4698947.7,  1,  21.4,   0.9, 0.100
2025-11-03 16:11:11,        0,  29.8,   2.3,  25.3,  0.602, -0.007,  0.000,4698940.6,  1,  21.4,   0.9, 0.100
2025-11-03 16:11:12,        0,  29.8,   2.3,  25.3,  0.594, -0.007,  0.000,4698933.5,  1,  21.4,   0.9, 0.100
2025-11-03 16:11:12,        0,  29.8,   2.5,  25.3,  0.585, -0.008,  0.000,4698926.4,  1,  21.4,   0.9, 0.100
2025-11-03 16:11:13,        0,  29.8,   2.3,  25.3,  0.571, -0.007,  0.000,4698919.6,  1,  21.4,   0.9, 0.100
2025-11-03 16:11:15,        0,  29.8,   2.5,  25.3,  0.558, -0.007,  0.000,4698911.3,  1,  21.4,   0.9, 0.100
2025-11-03 16:11:16,        0,  29.8,   2.3,  25.3,  0.550, -0.007,  0.000,4698904.6,  1,  21.4,   0.9, 0.100
2025-11-03 16:11:16,        0,  29.8,   2.5,  25.3,  0.543, -0.007,  0.000,4698897.9,  1,  21.4,   0.9, 0.100
2025-11-03 16:11:17,        0,  29.8,   2.3,  25.3,  0.533, -0.007,  0.000,4698891.1,  1,  21.4,   0.9, 0.100
2025-11-03 16:11:19,        0,  29.8,   2.3,  25.3,  0.525, -0.006,  0.000,4698883.6,  1,  21.4,   0.9, 0.100
2025-11-03 16:11:20,        0,  29.8,   2.5,  25.3,  0.516, -0.007,  0.000,4698876.9,  1,  21.4,   0.9, 0.100
2025-11-03 16:11:21,        0,  29.8,   2.5,  25.3,  0.510, -0.007,  0.000,4698870.6,  1,  21.4,   0.9, 0.100
2025-11-03 16:11:21,        0,  29.8,   2.5,  25.3,  0.504, -0.007,  0.000,4698863.9,  1,  21.4,   0.9, 0.100
2025-11-03 16:11:22,        0,  29.8,   2.3,  25.3,  0.496, -0.006,  0.000,4698857.6,  1,  21.4,   0.9, 0.100
2025-11-03 16:11:24,        0,  29.8,   2.5,  25.3,  0.491, -0.007,  0.000,4698849.7,  1,  21.4,   0.9, 0.100
2025-11-03 16:11:25,        0,  29.8,   2.5,  25.3,  0.482, -0.006,  0.000,4698843.8,  1,  21.4,   0.9, 0.100
2025-11-03 16:11:25,        0,  29.8,   2.5,  25.3,  0.478, -0.007,  0.000,4698837.1,  1,  21.4,   1.0, 0.100
2025-11-03 16:11:26,        0,  29.8,   2.5,  25.3,  0.474, -0.007,  0.000,4698831.2,  1,  21.5,   1.0, 0.100
2025-11-03 16:11:27,        0,  29.8,   2.3,  25.3,  0.468, -0.006,  0.000,4698824.9,  1,  21.4,   0.9, 0.100
2025-11-03 16:11:29,        0,  29.8,   2.5,  25.3,  0.462, -0.006,  0.000,4698817.8,  1,  21.4,   0.9, 0.100
2025-11-03 16:11:30,        0,  29.8,   2.5,  25.3,  0.458, -0.006,  0.000,4698811.5,  1,  21.5,   1.0, 0.100
2025-11-03 16:11:30,        0,  29.8,   2.5,  25.3,  0.454, -0.006,  0.000,4698805.7,  1,  21.4,   0.9, 0.100
2025-11-03 16:11:32,        0,  29.8,   2.5,  25.3,  0.449, -0.006,  0.000,4698798.9,  1,  21.4,   0.9, 0.100
2025-11-03 16:11:33,        0,  29.8,   2.3,  25.3,  0.445, -0.006,  0.000,4698793.1,  1,  21.5,   0.9, 0.100
2025-11-03 16:11:34,        0,  29.8,   2.5,  25.3,  0.440, -0.006,  0.000,4698787.2,  1,  21.5,   0.9, 0.100
2025-11-03 16:11:34,        0,  29.8,   2.5,  25.3,  0.437, -0.006,  0.000,4698781.3,  1,  21.5,   0.9, 0.100
2025-11-03 16:11:36,        0,  29.8,   2.5,  25.3,  0.433, -0.006,  0.000,4698774.6,  1,  21.4,   0.9, 0.100
2025-11-03 16:11:37,        0,  29.8,   2.5,  25.3,  0.430, -0.006,  0.000,4698768.8,  1,  21.4,   0.9, 0.100
2025-11-03 16:11:38,        0,  29.8,   2.5,  25.3,  0.427, -0.006,  0.000,4698763.3,  1,  21.5,   0.9, 0.100
2025-11-03 16:11:38,        0,  29.8,   2.5,  25.3,  0.424, -0.006,  0.000,4698757.5,  1,  21.5,   0.9, 0.100
2025-11-03 16:11:39,        0,  29.9,   2.6,  25.3,  0.420, -0.006,  0.000,4698752.0,  1,  21.4,   0.9, 0.100
2025-11-03 16:11:41,        0,  29.8,   2.5,  25.3,  0.414, -0.006,  0.000,4698745.3,  1,  21.5,   0.9, 0.100
2025-11-03 16:11:42,        0,  29.8,   2.5,  25.3,  0.410, -0.006,  0.000,4698739.4,  1,  21.5,   0.9, 0.100
2025-11-03 16:11:42,        0,  29.8,   2.5,  25.3,  0.409, -0.006,  0.000,4698734.0,  1,  21.5,   0.9, 0.100
2025-11-03 16:11:43,        0,  29.8,   2.5,  25.3,  0.405, -0.006,  0.000,4698728.1,  1,  21.4,   0.9, 0.100
2025-11-03 16:11:45,        0,  29.8,   2.5,  25.3,  0.404, -0.005,  0.000,4698721.8,  1,  21.5,   0.9, 0.100
2025-11-03 16:11:46,        0,  29.8,   2.5,  25.3,  0.401, -0.006,  0.000,4698716.0,  1,  21.5,   0.9, 0.100
2025-11-03 16:11:46,        0,  29.8,   2.5,  25.3,  0.398, -0.006,  0.000,4698710.9,  1,  21.5,   0.9, 0.100
2025-11-03 16:11:47,        0,  29.8,   2.5,  25.3,  0.396, -0.005,  0.000,4698705.5,  1,  21.5,   0.9, 0.100
2025-11-03 16:11:49,        0,  29.8,   2.5,  25.3,  0.392, -0.006,  0.000,4698699.2,  1,  21.5,   0.9, 0.100
2025-11-03 16:11:50,        0,  29.8,   2.5,  25.3,  0.391, -0.005,  0.000,4698693.8,  1,  21.5,   0.9, 0.100
2025-11-03 16:11:50,        0,  29.8,   2.5,  25.3,  0.387, -0.005,  0.000,4698688.3,  1,  21.5,   0.9, 0.100
2025-11-03 16:11:51,        0,  29.8,   2.3,  25.3,  0.386, -0.005,  0.000,4698683.3,  1,  21.5,   0.9, 0.100
2025-11-03 16:11:53,        0,  29.8,   2.5,  25.3,  0.383, -0.005,  0.000,4698676.6,  1,  21.4,   0.9, 0.100
2025-11-03 16:11:54,        0,  29.8,   2.5,  25.3,  0.381, -0.005,  0.000,4698672.0,  1,  21.4,   0.9, 0.100
2025-11-03 16:11:54,        0,  29.8,   2.5,  25.3,  0.380, -0.005,  0.000,4698666.5,  1,  21.5,   0.9, 0.100
2025-11-03 16:11:55,        0,  29.8,   2.5,  25.3,  0.375, -0.004,  0.000,4698661.9,  1,  21.5,   0.9, 0.100
2025-11-03 16:11:57,        0,  29.8,   2.5,  25.3,  0.370, -0.005,  0.000,4698656.0,  1,  21.4,   0.9, 0.100
2025-11-03 16:11:58,        0,  29.8,   2.5,  25.3,  0.370, -0.005,  0.000,4698651.0,  1,  21.4,   0.9, 0.100
2025-11-03 16:11:59,        0,  29.8,   2.5,  25.3,  0.368, -0.005,  0.000,4698646.0,  1,  21.5,   0.9, 0.100
2025-11-03 16:11:59,        0,  29.8,   2.5,  25.3,  0.364, -0.005,  0.000,4698641.4,  1,  21.4,   0.9, 0.100
2025-11-03 16:12:01,        0,  29.8,   2.5,  25.3,  0.361, -0.005,  0.000,4698635.9,  1,  21.5,   0.9, 0.100
2025-11-03 16:12:02,        0,  29.9,   2.7,  25.3,  0.359, -0.005,  0.000,4698630.9,  1,  21.5,   0.9, 0.100
2025-11-03 16:12:03,        0,  29.9,   2.7,  25.2,  5.345,  3.483,  0.020,4700881.8,  1,  21.5,   0.9, 0.100
2025-11-03 16:12:03,        0,  29.6,   1.8,  25.3,  6.185,  4.167,  0.026,4703990.3,  1,  21.5,   0.9, 0.100
