Time, Cnts,  %T, set_Cell[mA], Cell[°C], Cell[Volt], Cell[mA], Cell[W], Cell[uAs], Cell_ON, Env[°C], TEC[°C], N2Flow[slpm]
2025-10-17 08:07:17,        0,  29.6,   1.7,  24.0,  0.041, -0.001,  0.000,     -0.6,  1,  21.2,   0.9, 0.100
2025-10-17 08:07:18,        0,  29.6,   1.7,  23.9,  0.041,  0.000,  0.000,     -0.6,  1,  21.1,   0.9, 0.100
2025-10-17 08:07:19,        0,  29.6,   1.7,  24.0,  0.041, -0.000,  0.000,     -0.9,  1,  21.1,   1.0, 0.100
2025-10-17 08:07:20,        0,  29.6,   1.9,  24.0,  0.041, -0.000,  0.000,     -1.4,  1,  21.2,   1.0, 0.099
2025-10-17 08:07:21,        0,  29.6,   1.9,  24.0,  0.041, -0.001,  0.000,     -1.7,  1,  21.2,   1.0, 0.099
2025-10-17 08:07:22,        0,  29.6,   1.9,  24.0,  0.041,  0.000,  0.000,     -1.7,  1,  21.2,   1.0, 0.098
2025-10-17 08:07:23,        0,  29.6,   1.9,  24.0,  0.041, -0.000,  0.000,     -2.3,  1,  21.2,   1.0, 0.098
2025-10-17 08:07:24,        0,  29.6,   1.9,  24.0,  0.041, -0.000,  0.000,     -2.6,  1,  21.2,   1.0, 0.098
2025-10-17 08:07:25,        0,  29.6,   1.9,  24.0,  0.042, -0.000,  0.000,     -2.9,  1,  21.2,   1.0, 0.098
2025-10-17 08:07:26,        0,  29.6,   1.9,  24.0,  0.041, -0.001,  0.000,     -3.1,  1,  21.2,   1.0, 0.099
2025-10-17 08:07:27,        0,  29.6,   1.9,  24.0,  0.041,  0.000,  0.000,     -3.4,  1,  21.2,   1.0, 0.099
2025-10-17 08:07:28,        0,  29.6,   1.9,  24.0,  0.041, -0.000,  0.000,     -3.7,  1,  21.2,   1.0, 0.099
2025-10-17 08:07:29,        0,  29.6,   1.9,  24.0,  0.041, -0.001,  0.000,     -4.0,  1,  21.2,   1.0, 0.099
2025-10-17 08:07:30,        0,  29.7,   2.1,  24.0,  0.041, -0.001,  0.000,     -4.6,  1,  21.2,   1.0, 0.099
2025-10-17 08:07:31,        0,  29.9,   2.8,  24.0,  0.041, -0.000,  0.000,     -5.1,  1,  21.2,   1.0, 0.100
2025-10-17 08:07:32,        0,  30.3,   4.0,  24.0,  6.107,  4.322,  0.026,   3681.6,  1,  21.2,   1.0, 0.100
2025-10-17 08:07:33,        0,  30.3,   4.0,  24.0,  9.916,  7.888,  0.079,  10157.8,  1,  21.2,   1.0, 0.100
2025-10-17 08:07:34,        0,  30.9,   5.7,  24.0,  9.936,  7.911,  0.079,  16939.0,  1,  21.2,   1.0, 0.100
2025-10-17 08:07:35,        0,  32.2,   9.7,  24.0, 10.389,  8.334,  0.087,  26501.1,  1,  21.2,   1.0, 0.100
2025-10-17 08:07:36,        0,  31.9,   8.7,  24.1, 14.879, 12.654,  0.192,  37575.2,  1,  21.2,   1.0, 0.100
2025-10-17 08:07:37,        0,  34.0,  15.0,  24.0, 16.974, 14.663,  0.256,  51634.9,  1,  21.2,   1.0, 0.100
2025-10-17 08:07:38,        0,  34.0,  15.0,  24.0, 19.316, 16.897,  0.330,  67505.6,  1,  21.2,   1.0, 0.100
2025-10-17 08:07:39,        0,  34.7,  17.2,  24.0, 21.858, 19.409,  0.437,  90281.3,  1,  21.1,   1.0, 0.101
2025-10-17 08:07:40,        0,  36.3,  21.9,  24.0, 27.183, 24.663,  0.673, 112498.9,  1,  21.1,   1.0, 0.102
2025-10-17 08:07:41,        0,  37.9,  26.6,  24.0, 30.796, 28.273,  0.871, 138260.4,  1,  21.2,   1.0, 0.126
2025-10-17 08:07:42,        0,  37.9,  26.6,  24.0, 31.113, 28.639,  0.893, 167108.9,  1,  21.1,   1.0, 0.097
2025-10-17 08:07:43,        0,  38.4,  28.2,  23.9, 31.665, 29.278,  0.943, 201736.5,  1,  21.1,   1.0, 0.098
2025-10-17 08:07:44,        0,  40.9,  35.8,  24.0, 40.304, 37.702,  1.520, 236239.3,  1,  21.1,   1.0, 0.099
2025-10-17 08:07:45,        0,  40.8,  35.3,  24.0, 50.311, 46.762,  2.356, 279139.7,  1,  21.1,   0.9, 0.099
2025-10-17 08:07:46,        0,  46.5,  52.5,  24.0, 48.339, 43.583,  2.125, 322773.4,  1,  21.1,   0.9, 0.099
2025-10-17 08:07:47,        0,  44.8,  47.5,  24.0, 57.851, 48.726,  2.820, 383845.5,  1,  21.1,   1.0, 0.099
2025-10-17 08:07:48,        0,  41.6,  37.7,  24.0, 62.894, 52.838,  3.366, 430981.9,  1,  21.1,   1.0, 0.100
2025-10-17 08:07:49,        0,  47.8,  56.4,  24.0, 69.104, 57.870,  4.005, 480858.5,  1,  21.1,   0.9, 0.100
2025-10-17 08:07:50,        0,  45.3,  48.9,  24.0, 67.469, 56.071,  3.785, 535216.2,  1,  21.1,   1.0, 0.100
2025-10-17 08:07:51,        0,  43.0,  41.9,  24.0, 60.450, 49.587,  3.022, 593882.6,  1,  21.1,   1.0, 0.100
2025-10-17 08:07:52,        0,  44.0,  44.9,  24.0, 58.571, 47.504,  2.805, 640616.8,  1,  21.1,   1.0, 0.100
2025-10-17 08:07:53,        0,  44.0,  45.0,  24.0, 67.613, 54.785,  3.713, 692037.7,  1,  21.1,   1.0, 0.100
2025-10-17 08:07:54,        0,  43.7,  44.2,  24.0, 75.631, 61.085,  4.625, 744020.2,  1,  21.1,   1.0, 0.100
2025-10-17 08:07:55,        0,  45.4,  49.2,  24.0, 63.291, 50.566,  3.261, 804195.2,  1,  21.1,   1.0, 0.100
2025-10-17 08:07:56,        0,  46.3,  51.8,  24.0, 76.105, 61.039,  4.648, 859373.5,  1,  21.1,   0.9, 0.100
2025-10-17 08:07:57,        0,  47.2,  54.6,  24.1, 78.703, 63.058,  4.989, 916425.7,  1,  21.1,   1.0, 0.120
2025-10-17 08:07:58,        0,  44.9,  47.7,  24.0, 66.474, 52.639,  3.518, 965196.7,  1,  21.1,   1.0, 0.113
2025-10-17 08:07:59,        0,  43.7,  44.0,  24.1, 78.887, 62.702,  4.948,1020958.0,  1,  21.1,   0.9, 0.103
2025-10-17 08:08:00,        0,  46.7,  53.2,  24.1, 78.227, 61.713,  4.832,1085505.9,  1,  21.1,   0.9, 0.096
2025-10-17 08:08:01,        0,  45.3,  49.0,  24.1, 57.492, 44.495,  2.574,1133330.2,  1,  21.1,   0.9, 0.096
2025-10-17 08:08:02,        0,  39.5,  31.6,  24.1, 31.208, 23.263,  0.840,1168003.0,  1,  21.1,   0.9, 0.097
2025-10-17 08:08:03,        0,  37.5,  25.6,  24.1, 44.519, 34.396,  1.534,1199713.3,  1,  21.1,   0.9, 0.098
2025-10-17 08:08:04,        0,  39.9,  32.7,  24.1, 50.323, 39.390,  1.984,1239834.9,  1,  21.1,   0.8, 0.098
2025-10-17 08:08:05,        0,  41.7,  38.1,  24.1, 41.868, 32.253,  1.362,1271352.0,  1,  21.1,   0.9, 0.099
2025-10-17 08:08:06,        0,  37.9,  26.6,  24.1, 51.545, 39.979,  2.070,1309047.7,  1,  21.1,   0.8, 0.099
2025-10-17 08:08:07,        0,  42.7,  41.0,  24.1, 44.427, 33.992,  1.515,1343351.6,  1,  21.1,   0.9, 0.099
2025-10-17 08:08:08,        0,  38.9,  29.7,  24.1, 52.076, 39.984,  2.104,1389710.4,  1,  21.1,   0.9, 0.099
2025-10-17 08:08:09,        0,  40.0,  33.0,  24.1, 47.067, 35.951,  1.694,1422279.5,  1,  21.1,   0.9, 0.100
2025-10-17 08:08:10,        0,  40.3,  33.9,  24.1, 59.318, 45.714,  2.714,1462989.0,  1,  21.1,   0.8, 0.100
2025-10-17 08:08:11,        0,  44.4,  46.3,  24.1, 58.057, 44.617,  2.601,1503166.3,  1,  21.1,   0.9, 0.100
2025-10-17 08:08:12,        0,  44.6,  46.8,  24.2, 65.058, 50.122,  3.268,1560492.1,  1,  21.1,   1.0, 0.100
2025-10-17 08:08:13,        0,  45.2,  48.7,  24.1, 63.009, 48.358,  3.051,1608287.2,  1,  21.1,   0.9, 0.100
2025-10-17 08:08:14,        0,  46.9,  53.7,  24.1, 69.261, 53.385,  3.770,1661319.9,  1,  21.1,   0.9, 0.100
2025-10-17 08:08:15,        0,  43.0,  42.1,  24.2, 67.232, 51.691,  3.486,1712038.7,  1,  21.1,   1.0, 0.100
2025-10-17 08:08:16,        0,  39.8,  32.3,  24.2, 51.982, 39.362,  2.083,1759049.0,  1,  21.1,   1.0, 0.100
2025-10-17 08:08:17,        0,  44.1,  45.2,  24.2, 62.341, 48.147,  3.044,1797021.2,  1,  21.1,   1.0, 0.100
2025-10-17 08:08:18,        0,  37.5,  25.4,  24.2, 56.960, 43.541,  2.517,1840174.8,  1,  21.1,   1.0, 0.100
2025-10-17 08:08:19,        0,  46.6,  52.7,  24.2, 61.864, 47.464,  2.999,1882426.5,  1,  21.1,   1.0, 0.100
2025-10-17 08:08:20,        0,  44.4,  46.1,  24.2, 61.405, 46.959,  2.894,1939919.2,  1,  21.1,   1.0, 0.100
2025-10-17 08:08:21,        0,  40.7,  35.1,  24.2, 62.437, 47.804,  2.993,1984623.9,  1,  21.1,   1.0, 0.100
2025-10-17 08:08:22,        0,  41.6,  37.9,  24.2, 48.349, 36.347,  1.781,2021883.1,  1,  21.1,   1.0, 0.100
2025-10-17 08:08:23,        0,  43.1,  42.4,  24.2, 69.804, 53.640,  3.746,2068635.5,  1,  21.1,   1.0, 0.100
2025-10-17 08:08:24,        0,  40.1,  33.2,  24.2, 62.246, 47.488,  3.021,2123987.0,  1,  21.1,   1.0, 0.100
2025-10-17 08:08:25,        0,  45.5,  49.4,  24.2, 59.451, 45.177,  2.688,2166922.7,  1,  21.1,   1.0, 0.100
2025-10-17 08:08:26,        0,  41.6,  37.7,  24.2, 70.177, 53.767,  3.778,2214113.9,  1,  21.1,   1.0, 0.100
2025-10-17 08:08:27,        0,  45.3,  49.0,  24.2, 69.621, 53.356,  3.721,2260471.0,  1,  21.1,   1.0, 0.100
2025-10-17 08:08:28,        0,  42.7,  41.2,  24.2, 61.638, 46.769,  2.883,2316538.0,  1,  21.1,   1.0, 0.100
2025-10-17 08:08:29,        0,  36.5,  22.6,  24.2, 64.763, 49.322,  3.200,2362130.1,  1,  21.1,   1.0, 0.100
2025-10-17 08:08:30,        0,  41.3,  36.9,  24.2, 64.487, 48.971,  3.197,2404268.5,  1,  21.1,   1.0, 0.100
2025-10-17 08:08:31,        0,  45.2,  48.7,  24.2, 66.238, 50.498,  3.393,2452115.9,  1,  21.1,   1.0, 0.100
2025-10-17 08:08:32,        0,  47.8,  56.5,  24.2, 65.517, 50.021,  3.278,2513695.9,  1,  21.1,   0.9, 0.100
2025-10-17 08:08:33,        0,  39.6,  31.8,  24.2, 64.169, 49.071,  3.153,2563975.1,  1,  21.1,   0.9, 0.100
2025-10-17 08:08:34,        0,  48.1,  57.2,  24.2, 79.758, 61.886,  5.007,2614126.4,  1,  21.1,   0.9, 0.100
2025-10-17 08:08:35,        0,  46.7,  53.0,  24.2, 69.209, 53.152,  3.684,2668189.4,  1,  21.1,   0.9, 0.100
2025-10-17 08:08:36,        0,  49.1,  60.4,  24.3, 73.451, 56.948,  4.343,2737560.2,  1,  21.1,   0.9, 0.100
2025-10-17 08:08:37,        0,  49.3,  61.0,  24.3, 73.387, 56.784,  4.190,2796013.3,  1,  21.1,   0.9, 0.100
2025-10-17 08:08:38,        0,  49.8,  62.3,  24.3, 84.275, 66.110,  5.597,2859213.9,  1,  21.1,   0.9, 0.100
2025-10-17 08:08:39,        0,  48.5,  58.4,  24.3, 86.959, 68.477,  5.958,2923941.2,  1,  21.1,   0.9, 0.100
2025-10-17 08:08:40,        0,  51.0,  66.1,  24.3, 78.368, 61.541,  4.941,2993918.6,  1,  21.1,   0.9, 0.100
2025-10-17 08:08:41,        0,  46.6,  52.9,  24.3, 81.149, 63.885,  5.192,3055937.1,  1,  21.1,   0.9, 0.100
2025-10-17 08:08:42,        0,  51.0,  66.1,  24.3, 85.160, 67.138,  5.740,3117499.1,  1,  21.1,   0.9, 0.100
2025-10-17 08:08:43,        0,  41.2,  36.7,  24.3, 75.295, 59.164,  4.528,3179844.1,  1,  21.1,   0.9, 0.100
2025-10-17 08:08:44,        0,  45.9,  50.6,  24.3, 89.714, 71.451,  6.423,3251900.6,  1,  21.1,   0.9,-1.000
2025-10-17 08:08:45,        0,  51.4,  67.3,  24.4, 72.455, 56.490,  4.101,3304645.6,  1,  21.1,   0.9, 0.100
2025-10-17 08:08:46,        0,  47.7,  56.0,  24.4, 87.397, 69.430,  6.070,3371704.8,  1,  21.1,   0.9, 0.100
2025-10-17 08:08:47,        0,  48.4,  58.3,  24.4, 79.449, 62.624,  4.985,3431571.3,  1,  21.1,   0.9, 0.100
2025-10-17 08:08:48,        0,  50.0,  63.0,  24.4, 71.649, 56.004,  4.097,3488899.3,  1,  21.1,   0.9, 0.100
2025-10-17 08:08:49,        0,  47.2,  54.6,  24.4, 53.649, 41.021,  2.287,3551173.9,  1,  21.1,   0.9, 0.100
2025-10-17 08:08:50,        0,  45.1,  48.3,  24.4, 67.148, 51.605,  3.489,3602598.1,  1,  21.1,   0.9, 0.100
2025-10-17 08:08:51,        0,  49.8,  62.5,  24.4, 80.626, 62.665,  5.054,3660084.2,  1,  21.1,   0.9, 0.100
2025-10-17 08:08:52,        0,  47.3,  55.0,  24.4, 86.610, 68.032,  5.893,3723230.9,  1,  21.1,   0.9, 0.100
2025-10-17 08:08:53,        0,  50.3,  63.8,  24.5, 78.323, 61.166,  4.820,3797395.2,  1,  21.1,   0.9, 0.100
2025-10-17 08:08:54,        0,  43.0,  41.9,  24.4, 78.605, 61.612,  4.895,3853971.8,  1,  21.1,   0.9, 0.100
2025-10-17 08:08:55,        0,  51.8,  68.5,  24.4, 81.440, 63.576,  5.201,3910380.8,  1,  21.1,   0.9, 0.100
2025-10-17 08:08:56,        0,  48.2,  57.7,  24.4, 63.447, 48.684,  3.108,3964544.2,  1,  21.1,   0.9, 0.100
2025-10-17 08:08:57,        0,  43.0,  42.1,  24.5, 51.750, 38.729,  2.020,4019327.5,  1,  21.1,   0.9, 0.100
2025-10-17 08:08:58,        0,  44.8,  47.3,  24.5, 64.513, 48.799,  3.178,4063091.9,  1,  21.1,   0.9, 0.100
2025-10-17 08:08:59,        0,  45.7,  50.1,  24.5, 64.082, 47.899,  3.105,4110367.1,  1,  21.1,   0.9, 0.100
2025-10-17 08:09:00,        0,  46.5,  52.5,  24.5, 63.519, 47.024,  2.991,4157568.6,  1,  21.1,   0.9, 0.100
2025-10-17 08:09:01,        0,  43.2,  42.6,  24.5, 59.218, 43.644,  2.648,4202450.7,  1,  21.1,   0.9, 0.100
2025-10-17 08:09:02,        0,  44.3,  45.9,  24.5, 66.826, 49.714,  3.357,4259947.2,  1,  21.1,   0.9, 0.100
2025-10-17 08:09:03,        0,  41.5,  37.6,  24.5, 61.956, 45.759,  2.840,4304889.3,  1,  21.1,   0.9, 0.100
2025-10-17 08:09:04,        0,  44.0,  45.0,  24.5, 66.127, 48.793,  3.237,4346301.4,  1,  21.1,   0.9, 0.100
2025-10-17 08:09:05,        0,  40.9,  35.6,  24.5, 60.007, 43.834,  2.630,4389864.6,  1,  21.1,   0.9, 0.100
2025-10-17 08:09:06,        0,  44.7,  47.1,  24.5, 41.917, 30.055,  1.355,4427605.0,  1,  21.1,   0.9, 0.100
2025-10-17 08:09:07,        0,  39.2,  30.6,  24.5, 59.247, 43.383,  2.623,4469661.6,  1,  21.1,   0.9, 0.100
2025-10-17 08:09:08,        0,  40.5,  34.6,  24.5, 48.887, 35.133,  1.722,4502675.8,  1,  21.1,   0.9, 0.100
2025-10-17 08:09:09,        0,  40.0,  33.0,  24.5, 60.543, 44.149,  2.683,4542215.8,  1,  21.1,   0.9, 0.100
2025-10-17 08:09:10,        0,  35.7,  20.0,  24.5, 54.029, 38.842,  2.104,4582823.2,  1,  21.1,   0.9, 0.100
2025-10-17 08:09:11,        0,  36.2,  21.7,  24.5, 51.760, 37.119,  1.934,4613272.9,  1,  21.1,   0.9, 0.100
2025-10-17 08:09:12,        0,  38.9,  29.6,  24.5, 33.225, 22.857,  0.771,4636993.7,  1,  21.1,   1.0, 0.100
2025-10-17 08:09:13,        0,  40.0,  33.0,  24.5, 38.446, 26.502,  1.044,4665413.0,  1,  21.1,   0.9, 0.100
2025-10-17 08:09:14,        0,  39.1,  30.3,  24.5, 47.938, 33.123,  1.599,4698720.6,  1,  21.1,   1.0, 0.100
2025-10-17 08:09:15,        0,  39.3,  31.0,  24.5, 44.791, 24.474,  0.893,4732655.1,  1,  21.1,   0.9, 0.100
2025-10-17 08:09:16,        0,  35.3,  18.8,  24.5, 43.189, 29.628,  1.302,4762757.5,  1,  21.1,   0.9, 0.100
2025-10-17 08:09:17,        0,  36.5,  22.6,  24.5, 43.326, 29.629,  1.286,4787757.8,  1,  21.1,   0.9, 0.100
2025-10-17 08:09:18,        0,  36.7,  23.1,  24.5, 36.796, 24.643,  0.907,4811544.8,  1,  21.1,   0.9, 0.100
2025-10-17 08:09:19,        0,  36.4,  22.3,  24.5, 46.348, 31.203,  1.448,4845831.4,  1,  21.1,   1.0, 0.100
2025-10-17 08:09:20,        0,  35.3,  18.8,  24.5, 33.771, 22.404,  0.758,4867549.7,  1,  21.1,   1.0, 0.100
2025-10-17 08:09:21,        0,  35.8,  20.4,  24.5, 29.732, 19.660,  0.596,4887465.1,  1,  21.1,   1.0, 0.100
2025-10-17 08:09:22,        0,  36.9,  23.8,  24.5, 41.819, 28.168,  1.180,4913403.3,  1,  21.1,   1.0, 0.100
2025-10-17 08:09:23,        0,  37.4,  25.2,  24.5, 40.578, 26.913,  1.095,4944377.8,  1,  21.1,   1.0, 0.100
2025-10-17 08:09:24,        0,  29.8,   2.4,  24.5, 33.526, 21.887,  0.749,4965126.0,  1,  21.1,   1.0, 0.100
2025-10-17 08:09:25,        0,  34.6,  16.9,  24.5, 35.275, 23.549,  0.833,4981422.5,  1,  21.1,   1.0, 0.100
2025-10-17 08:09:26,        0,  34.1,  15.3,  24.5, 29.059, 18.837,  0.548,4999931.8,  1,  21.1,   1.0, 0.100
2025-10-17 08:09:27,        0,  33.3,  13.0,  24.5, 38.288, 25.129,  0.974,5020252.1,  1,  21.1,   1.0, 0.100
2025-10-17 08:09:28,        0,  36.1,  21.2,  24.5, 28.628, 18.297,  0.526,5042498.0,  1,  21.1,   1.0, 0.100
2025-10-17 08:09:29,        0,  33.8,  14.3,  24.5, 32.269, 20.658,  0.679,5060617.6,  1,  21.1,   1.0, 0.100
2025-10-17 08:09:30,        0,  35.6,  19.8,  24.5, 34.136, 22.010,  0.756,5078800.1,  1,  21.1,   1.0, 0.100
2025-10-17 08:09:31,        0,  32.0,   9.0,  24.6, 27.300, 17.105,  0.470,5096047.9,  1,  21.1,   1.0, 0.100
2025-10-17 08:09:32,        0,  32.7,  11.1,  24.5, 24.026, 14.946,  0.363,5112554.4,  1,  21.1,   1.0, 0.100
2025-10-17 08:09:33,        0,  32.6,  10.9,  24.5, 25.965, 16.213,  0.424,5126635.2,  1,  21.1,   1.0, 0.100
2025-10-17 08:09:34,        0,  30.9,   5.7,  24.5, 20.117, 12.219,  0.254,5140369.3,  1,  21.1,   1.0, 0.100
2025-10-17 08:09:35,        0,  35.2,  18.6,  24.5, 27.910, 17.409,  0.487,5154114.8,  1,  21.1,   1.0, 0.100
2025-10-17 08:09:36,        0,  33.0,  12.0,  24.5, 21.810, 13.269,  0.290,5172742.3,  1,  21.1,   1.0, 0.100
2025-10-17 08:09:37,        0,  32.4,  10.3,  24.5, 26.106, 16.154,  0.426,5187626.9,  1,  21.1,   1.0, 0.100
2025-10-17 08:09:38,        0,  30.2,   3.6,  24.5, 20.558, 12.469,  0.262,5198528.4,  1,  21.1,   1.0, 0.100
2025-10-17 08:09:39,        0,  28.7,   0.0,  24.5, 13.176,  7.625,  0.106,5204718.0,  1,  21.1,   1.0, 0.100
2025-10-17 08:09:40,        0,  32.8,  11.5,  24.5, 24.188, 15.107,  0.371,5214494.3,  1,  21.1,   1.0, 0.100
2025-10-17 08:09:41,        0,  32.2,   9.7,  24.5, 15.296,  9.313,  0.146,5226829.5,  1,  21.1,   1.0, 0.100
2025-10-17 08:09:42,        0,  33.4,  13.1,  24.5, 15.016,  9.389,  0.142,5236733.6,  1,  21.1,   0.9, 0.100
2025-10-17 08:09:43,        0,  33.1,  12.2,  24.5, 21.229, 13.451,  0.286,5250709.6,  1,  21.1,   1.0, 0.100
2025-10-17 08:09:44,        0,  32.0,   9.0,  24.5, 17.611, 10.615,  0.187,5262546.5,  1,  21.1,   0.9, 0.100
2025-10-17 08:09:45,        0,  31.3,   6.9,  24.5, 20.155, 12.344,  0.249,5276233.7,  1,  21.1,   0.9, 0.100
2025-10-17 08:09:46,        0,  30.1,   3.3,  24.5, 14.542,  8.427,  0.130,5284087.5,  1,  21.1,   0.9, 0.100
2025-10-17 08:09:47,        0,  30.7,   5.2,  24.5, 16.481,  9.903,  0.163,5292006.8,  1,  21.1,   0.9, 0.100
2025-10-17 08:09:48,        0,  30.7,   5.0,  24.5, 16.278,  9.689,  0.161,5300739.9,  1,  21.1,   0.9, 0.100
2025-10-17 08:09:49,        0,  31.4,   7.3,  24.5, 16.940, 10.062,  0.174,5309655.3,  1,  21.1,   0.9, 0.100
2025-10-17 08:09:50,        0,  30.8,   5.4,  24.5, 12.587,  7.139,  0.091,5318852.7,  1,  21.1,   0.9, 0.100
2025-10-17 08:09:51,        0,  30.9,   5.6,  24.5, 11.432,  6.369,  0.073,5325018.1,  1,  21.1,   0.9, 0.100
2025-10-17 08:09:52,        0,  30.5,   4.5,  24.5, 11.320,  6.289,  0.076,5330949.9,  1,  21.1,   0.9, 0.100
2025-10-17 08:09:53,        0,  31.2,   6.6,  24.5, 10.702,  5.876,  0.064,5336754.0,  1,  21.1,   0.9, 0.100
2025-10-17 08:09:54,        0,  30.4,   4.3,  24.5, 11.656,  6.485,  0.078,5345241.5,  1,  21.1,   0.9, 0.100
2025-10-17 08:09:55,        0,  30.0,   3.1,  24.5, 12.080,  6.738,  0.082,5351897.6,  1,  21.1,   0.9, 0.100
2025-10-17 08:09:56,        0,  30.8,   5.4,  24.5,  8.927,  4.669,  0.042,5356518.1,  1,  21.1,   0.9, 0.100
2025-10-17 08:09:57,        0,  31.1,   6.4,  24.5, 11.755,  6.511,  0.077,5363044.7,  1,  21.1,   0.9, 0.100
2025-10-17 08:09:58,        0,  30.0,   3.1,  24.5,  8.174,  4.214,  0.041,5369086.7,  1,  21.1,   0.9, 0.100
2025-10-17 08:09:59,        0,  30.4,   4.3,  24.5, 10.219,  5.572,  0.057,5374185.5,  1,  21.1,   0.9, 0.100
2025-10-17 08:10:00,        0,  30.6,   4.9,  24.5,  7.871,  4.028,  0.034,5378832.8,  1,  21.1,   0.9, 0.100
2025-10-17 08:10:01,        0,  29.9,   2.8,  24.6,  9.490,  5.105,  0.050,5383834.3,  1,  21.1,   0.9, 0.100
2025-10-17 08:10:02,        0,  30.3,   3.8,  24.5,  8.984,  4.791,  0.044,5387947.3,  1,  21.1,   0.9, 0.100
2025-10-17 08:10:03,        0,  29.5,   1.4,  24.5,  7.716,  3.969,  0.033,5393337.3,  1,  21.1,   0.9, 0.100
2025-10-17 08:10:04,        0,  29.7,   2.2,  24.5,  9.552,  5.282,  0.057,5398166.5,  1,  21.1,   0.9, 0.100
2025-10-17 08:10:05,        0,  29.3,   1.0,  24.5,  4.756,  2.019,  0.011,5400768.2,  1,  21.1,   0.9, 0.100
2025-10-17 08:10:06,        0,  30.1,   3.3,  24.5, 10.111,  5.891,  0.061,5403964.7,  1,  21.1,   0.9, 0.100
2025-10-17 08:10:07,        0,  30.4,   4.2,  24.5, 10.418,  6.148,  0.064,5410352.5,  1,  21.1,   0.9, 0.100
2025-10-17 08:10:08,        0,  30.4,   4.2,  24.5,  9.654,  5.534,  0.054,5415604.6,  1,  21.1,   0.8, 0.100
2025-10-17 08:10:09,        0,  30.2,   3.5,  24.5,  9.292,  5.227,  0.049,5420633.8,  1,  21.1,   0.9, 0.100
2025-10-17 08:10:10,        0,  29.6,   1.9,  24.5,  3.249,  0.979,  0.004,5423002.9,  1,  21.1,   0.9, 0.100
2025-10-17 08:10:11,        0,  29.5,   1.4,  24.5,  8.799,  5.105,  0.046,5425504.5,  1,  21.1,   0.9, 0.100
2025-10-17 08:10:12,        0,  30.0,   3.1,  24.5,  8.009,  4.560,  0.037,5429065.6,  1,  21.1,   0.9, 0.100
2025-10-17 08:10:13,        0,  30.4,   4.2,  24.5,  5.614,  2.787,  0.018,5432743.1,  1,  21.1,   0.9, 0.100
2025-10-17 08:10:14,        0,  29.9,   2.6,  24.5,  6.434,  3.407,  0.026,5435127.8,  1,  21.1,   0.9, 0.100
2025-10-17 08:10:15,        0,  29.5,   1.6,  24.5,  1.515,  0.046,  0.000,5435199.8,  1,  21.1,   0.9, 0.100
2025-10-17 08:10:16,        0,  30.4,   4.2,  24.5,  4.303,  2.276,  0.018,5436311.3,  1,  21.1,   0.9, 0.100
2025-10-17 08:10:17,        0,  30.3,   3.8,  24.5,  7.900,  4.753,  0.038,5441229.4,  1,  21.1,   0.9, 0.100
2025-10-17 08:10:18,        0,  30.0,   3.1,  24.5,  7.961,  4.786,  0.038,5445810.9,  1,  21.1,   0.9, 0.100
2025-10-17 08:10:19,        0,  30.0,   3.1,  24.5,  7.295,  4.216,  0.031,5449414.7,  1,  21.1,   0.9, 0.100
2025-10-17 08:10:20,        0,  30.1,   3.3,  24.5,  8.398,  5.079,  0.043,5454938.8,  1,  21.1,   0.9, 0.100
2025-10-17 08:10:21,        0,  29.2,   0.7,  24.5,  3.134,  0.934,  0.003,5457468.9,  1,  21.1,   0.9, 0.100
2025-10-17 08:10:22,        0,  29.7,   2.2,  24.5,  1.591,  0.062,  0.000,5457560.3,  1,  21.1,   0.9, 0.100
2025-10-17 08:10:23,        0,  29.3,   1.0,  24.5,  1.319,  0.019,  0.000,5457578.7,  1,  21.1,   0.9, 0.100
2025-10-17 08:10:24,        0,  29.7,   2.2,  24.5,  5.609,  3.098,  0.020,5459023.3,  1,  21.1,   0.9, 0.100
2025-10-17 08:10:25,        0,  29.8,   2.4,  24.5,  1.720,  0.120,  0.000,5459146.5,  1,  21.1,   0.9, 0.100
2025-10-17 08:10:26,        0,  29.8,   2.4,  24.5,  5.928,  3.515,  0.025,5460832.5,  1,  21.1,   0.9, 0.100
2025-10-17 08:10:27,        0,  29.8,   2.4,  24.5,  2.409,  0.491,  0.001,5462184.1,  1,  21.1,   0.9, 0.100
2165-165-165 45:165:85,        0,  29.9,   2.8,  24.5,  7.099,  4.429,  0.031,5464533.2,  1,  21.1,   0.9, 0.100
2025-10-17 08:10:29,        0,  30.0,   2.9,  24.5,  7.048,  4.346,  0.031,5468630.2,  1,  21.1,   1.0, 0.100
2025-10-17 08:10:30,        0,  29.9,   2.8,  24.5,  7.064,  4.349,  0.031,5472312.0,  1,  21.1,   0.9, 0.100
2025-10-17 08:10:31,        0,  30.0,   2.9,  24.5,  7.367,  4.617,  0.035,5475894.8,  1,  21.1,   0.9, 0.100
2025-10-17 08:10:32,        0,  28.6,   0.0,  24.5,  5.251,  2.784,  0.017,5478740.1,  1,  21.1,   1.0, 0.100
2025-10-17 08:10:33,        0,  29.4,   1.2,  24.5,  4.718,  2.389,  0.014,5479825.9,  1,  21.1,   1.0, 0.100
2025-10-17 08:10:34,        0,  28.8,   0.0,  24.5,  1.600,  0.090,  0.000,5479950.8,  1,  21.1,   1.0, 0.100
2025-10-17 08:10:35,        0,  28.5,   0.0,  24.5,  1.279,  0.015,  0.000,5479964.7,  1,  21.1,   1.0, 0.100
2025-10-17 08:10:36,        0,  29.4,   1.2,  24.5,  1.084,  0.005,  0.000,5479973.0,  1,  21.1,   1.0, 0.100
2025-10-17 08:10:37,        0,  29.5,   1.6,  24.5,  0.963,  0.009,  0.000,5479980.6,  1,  21.1,   1.0, 0.100
2025-10-17 08:10:38,        0,  29.6,   1.7,  24.5,  0.799,  0.006,  0.000,5479987.7,  1,  21.1,   1.0, 0.100
2025-10-17 08:10:39,        0,  29.7,   2.2,  24.5,  0.705,  0.007,  0.000,5479994.4,  1,  21.1,   1.0, 0.100
2025-10-17 08:10:40,        0,  29.7,   2.2,  24.5,  0.628,  0.003,  0.000,5479997.3,  1,  21.1,   1.0, 0.100
2025-10-17 08:10:41,        0,  29.7,   2.2,  24.5,  0.543,  0.002,  0.000,5479999.4,  1,  21.1,   1.0, 0.100
2025-10-17 08:10:42,        0,  30.0,   2.9,  24.5,  0.494, -0.002,  0.000,5479997.8,  1,  21.1,   1.0, 0.100
2025-10-17 08:10:43,        0,  29.9,   2.6,  24.5,  6.691,  4.356,  0.029,5483903.7,  1,  21.1,   1.0, 0.100
2025-10-17 08:10:44,        0,  29.9,   2.8,  24.5,  6.722,  4.356,  0.029,5488072.9,  1,  21.1,   1.0, 0.100
2025-10-17 08:10:45,        0,  29.3,   0.9,  24.5,  2.983,  1.037,  0.004,5490898.0,  1,  21.1,   0.9, 0.100
2025-10-17 08:10:46,        0,  29.2,   0.7,  24.5,  1.457,  0.052,  0.000,5490951.2,  1,  21.1,   1.0, 0.100
2025-10-17 08:10:47,        0,  29.6,   1.7,  24.5,  1.145,  0.010,  0.000,5490962.6,  1,  21.1,   1.0, 0.100
2025-10-17 08:10:48,        0,  29.3,   1.0,  24.5,  1.013,  0.009,  0.000,5490971.4,  1,  21.1,   1.0, 0.100
2025-10-17 08:10:49,        0,  29.3,   0.9,  24.5,  0.842,  0.006,  0.000,5490979.7,  1,  21.1,   1.0, 0.100
2025-10-17 08:10:50,        0,  29.6,   1.7,  24.5,  0.742,  0.007,  0.000,5490986.4,  1,  21.1,   0.9, 0.100
2025-10-17 08:10:51,        0,  29.5,   1.4,  24.5,  0.647,  0.007,  0.000,5490993.6,  1,  21.1,   0.9, 0.100
2025-10-17 08:10:52,        0,  29.6,   1.7,  24.5,  0.538,  0.003,  0.000,5490996.9,  1,  21.1,   1.0, 0.100
2025-10-17 08:10:53,        0,  29.6,   1.9,  24.5,  0.498, -0.001,  0.000,5490995.2,  1,  21.1,   1.0, 0.100
2025-10-17 08:10:54,        0,  29.7,   2.1,  24.5,  0.466, -0.003,  0.000,5490991.9,  1,  21.1,   0.9, 0.100
2025-10-17 08:10:55,        0,  29.7,   2.1,  24.5,  0.454, -0.004,  0.000,5490988.5,  1,  21.1,   1.0, 0.100
2025-10-17 08:10:56,        0,  29.7,   2.1,  24.5,  0.445, -0.005,  0.000,5490983.9,  1,  21.1,   1.0, 0.100
2025-10-17 08:10:57,        0,  29.7,   2.2,  24.5,  0.435, -0.005,  0.000,5490979.7,  1,  21.1,   1.0, 0.100
2025-10-17 08:10:58,        0,  29.7,   2.2,  24.5,  0.427, -0.005,  0.000,5490973.9,  1,  21.1,   0.9, 0.100
2025-10-17 08:10:59,        0,  29.9,   2.6,  24.5,  0.422, -0.005,  0.000,5490969.3,  1,  21.1,   1.0, 0.100
2025-10-17 08:11:00,        0,  29.9,   2.6,  24.5,  0.420, -0.005,  0.000,5490965.1,  1,  21.1,   1.0, 0.100
2025-10-17 08:11:01,        0,  29.9,   2.6,  24.5,  3.129,  2.074,  0.013,5493603.7,  1,  21.1,   1.0, 0.100
2025-10-17 08:11:02,        0,  29.9,   2.8,  24.5,  6.516,  4.354,  0.028,5497766.1,  1,  21.1,   1.0, 0.100
2025-10-17 08:11:03,        0,  29.4,   1.2,  24.5,  4.100,  2.102,  0.011,5501694.7,  1,  21.1,   0.9, 0.100
2025-10-17 08:11:04,        0,  29.5,   1.6,  24.5,  1.520,  0.060,  0.000,5501796.6,  1,  21.1,   1.0, 0.100
2025-10-17 08:11:05,        0,  29.2,   0.7,  24.5,  1.264,  0.012,  0.000,5501809.2,  1,  21.1,   1.0, 0.100
2025-10-17 08:11:06,        0,  29.5,   1.4,  24.5,  1.037,  0.009,  0.000,5501819.6,  1,  21.1,   1.0, 0.100
2025-10-17 08:11:07,        0,  29.2,   0.7,  24.5,  0.920,  0.007,  0.000,5501827.2,  1,  21.1,   0.9, 0.100
2025-10-17 08:11:08,        0,  29.2,   0.7,  24.5,  0.766,  0.007,  0.000,5501833.9,  1,  21.1,   1.0, 0.100
2025-10-17 08:11:09,        0,  29.3,   1.0,  24.5,  0.668,  0.008,  0.000,5501841.0,  1,  21.1,   0.9, 0.100
2025-10-17 08:11:10,        0,  29.3,   1.0,  24.5,  0.581,  0.006,  0.000,5501846.0,  1,  21.1,   0.9, 0.100
2025-10-17 08:11:11,        0,  29.3,   0.9,  24.5,  0.500,  0.001,  0.000,5501846.9,  1,  21.1,   0.9, 0.100
2025-10-17 08:11:12,        0,  29.4,   1.2,  24.5,  0.472, -0.003,  0.000,5501843.5,  1,  21.1,   0.9, 0.100
2025-10-17 08:11:13,        0,  29.3,   1.0,  24.5,  0.449, -0.004,  0.000,5501840.2,  1,  21.1,   0.9, 0.100
2025-10-17 08:11:14,        0,  29.4,   1.2,  24.5,  0.438, -0.004,  0.000,5501835.1,  1,  21.1,   0.9, 0.100
2025-10-17 08:11:15,        0,  29.5,   1.4,  24.5,  0.429, -0.004,  0.000,5501831.4,  1,  21.1,   0.8, 0.100
2025-10-17 08:11:16,        0,  29.4,   1.2,  24.5,  0.421, -0.005,  0.000,5501825.9,  1,  21.1,   0.9, 0.100
2025-10-17 08:11:17,        0,  29.5,   1.6,  24.5,  0.416, -0.005,  0.000,5501820.9,  1,  21.1,   0.8, 0.100
2025-10-17 08:11:18,        0,  29.5,   1.6,  24.5,  0.408, -0.005,  0.000,5501816.7,  1,  21.1,   0.9, 0.100
2025-10-17 08:11:19,        0,  29.5,   1.6,  24.5,  0.403, -0.005,  0.000,5501812.1,  1,  21.1,   0.9, 0.100
2025-10-17 08:11:20,        0,  29.5,   1.4,  24.5,  0.398, -0.005,  0.000,5501806.2,  1,  21.1,   0.9, 0.100
2025-10-17 08:11:21,        0,  29.6,   1.7,  24.5,  0.394, -0.005,  0.000,5501801.2,  1,  21.1,   0.9, 0.100
2025-10-17 08:11:22,        0,  29.6,   1.9,  24.5,  0.390, -0.005,  0.000,5501796.6,  1,  21.1,   0.9, 0.100
2025-10-17 08:11:23,        0,  29.6,   1.7,  24.5,  0.388, -0.005,  0.000,5501792.0,  1,  21.1,   0.9, 0.100
2025-10-17 08:11:24,        0,  29.6,   1.7,  24.5,  0.385, -0.005,  0.000,5501787.4,  1,  21.1,   0.9, 0.100
2025-10-17 08:11:25,        0,  29.6,   1.9,  24.5,  0.381, -0.005,  0.000,5501781.5,  1,  21.1,   0.9, 0.100
2025-10-17 08:11:26,        0,  29.6,   1.9,  24.5,  0.379, -0.005,  0.000,5501777.3,  1,  21.1,   1.0, 0.100
2025-10-17 08:11:27,        0,  29.7,   2.1,  24.5,  0.376, -0.005,  0.000,5501772.3,  1,  21.1,   1.0, 0.100
2025-10-17 08:11:28,        0,  29.7,   2.1,  24.5,  0.373, -0.005,  0.000,5501768.1,  1,  21.1,   1.0, 0.100
2025-10-17 08:11:29,        0,  29.6,   1.9,  24.5,  0.371, -0.005,  0.000,5501762.2,  1,  21.1,   1.0, 0.100
2025-10-17 08:11:30,        0,  29.6,   1.9,  24.6,  0.369, -0.005,  0.000,5501757.6,  1,  21.1,   1.0, 0.100
2025-10-17 08:11:31,        0,  29.7,   2.1,  24.5,  0.367, -0.005,  0.000,5501753.0,  1,  21.1,   1.0, 0.100
2025-10-17 08:11:32,        0,  29.6,   1.9,  24.5,  0.365, -0.005,  0.000,5501748.4,  1,  21.1,   0.9, 0.100
2025-10-17 08:11:33,        0,  29.7,   2.1,  24.5,  0.363, -0.005,  0.000,5501742.9,  1,  21.1,   1.0, 0.100
2025-10-17 08:11:34,        0,  29.7,   2.2,  24.5,  0.361, -0.005,  0.000,5501737.9,  1,  21.1,   1.0, 0.100
2025-10-17 08:11:35,        0,  29.7,   2.1,  24.5,  0.360, -0.005,  0.000,5501733.7,  1,  21.1,   0.9, 0.100
2025-10-17 08:11:36,        0,  29.8,   2.3,  24.5,  0.359, -0.005,  0.000,5501728.7,  1,  21.1,   0.9, 0.100
2025-10-17 08:11:37,        0,  29.7,   2.2,  24.5,  0.357, -0.005,  0.000,5501723.7,  1,  21.1,   0.9, 0.100
2025-10-17 08:11:38,        0,  29.7,   2.1,  24.5,  0.354, -0.005,  0.000,5501718.6,  1,  21.1,   0.9, 0.100
2025-10-17 08:11:39,        0,  29.8,   2.4,  24.5,  0.353, -0.005,  0.000,5501714.0,  1,  21.1,   0.9, 0.100
2025-10-17 08:11:40,        0,  29.8,   2.4,  24.5,  0.351, -0.005,  0.000,5501709.4,  1,  21.1,   0.9, 0.100
2025-10-17 08:11:41,        0,  29.7,   2.2,  24.5,  0.349, -0.004,  0.000,5501705.2,  1,  21.1,   0.9, 0.100
2025-10-17 08:11:42,        0,  29.9,   2.6,  24.5,  0.347, -0.004,  0.000,5501699.4,  1,  21.1,   0.9, 0.100
2025-10-17 08:11:43,        0,  29.7,   2.2,  24.5,  0.344, -0.005,  0.000,5501694.7,  1,  21.1,   0.9, 0.100
2025-10-17 08:11:44,        0,  29.7,   2.2,  24.5,  0.342, -0.005,  0.000,5501689.7,  1,  21.1,   0.9, 0.100
2025-10-17 08:11:45,        0,  29.8,   2.3,  24.5,  0.340, -0.005,  0.000,5501685.5,  1,  21.1,   0.9, 0.100
2025-10-17 08:11:46,        0,  29.7,   2.2,  24.5,  0.338, -0.005,  0.000,5501680.9,  1,  21.1,   0.8, 0.100
2025-10-17 08:11:47,        0,  29.8,   2.4,  24.5,  0.336, -0.005,  0.000,5501676.7,  1,  21.1,   0.9, 0.100
2025-10-17 08:11:48,        0,  29.9,   2.6,  24.5,  0.334, -0.005,  0.000,5501671.7,  1,  21.1,   0.8, 0.100
2025-10-17 08:11:49,        0,  29.9,   2.6,  24.5,  0.333, -0.005,  0.000,5501667.1,  1,  21.1,   0.8, 0.100
2025-10-17 08:11:50,        0,  29.9,   2.6,  24.5,  0.330, -0.004,  0.000,5501662.9,  1,  21.1,   0.8, 0.100
2025-10-17 08:11:51,        0,  29.9,   2.6,  24.5,  6.438,  4.354,  0.028,5505485.5,  1,  21.1,   0.9, 0.100
2025-10-17 08:11:52,        0,  29.9,   2.6,  24.5,  6.431,  4.355,  0.028,5508935.5,  1,  21.1,   0.8, 0.100
2025-10-17 08:11:53,        0,  28.9,   0.0,  24.5,  1.531,  0.069,  0.000,5509085.5,  1,  21.1,   0.8, 0.100
2025-10-17 08:11:54,        0,  29.3,   1.0,  24.5,  1.253,  0.011,  0.000,5509099.3,  1,  21.1,   0.8, 0.100
2025-10-17 08:11:55,        0,  29.5,   1.6,  24.5,  1.063,  0.006,  0.000,5509105.2,  1,  21.1,   0.8, 0.100
2025-10-17 08:11:56,        0,  29.2,   0.5,  24.5,  0.947,  0.006,  0.000,5509111.5,  1,  21.1,   0.8, 0.100
2025-10-17 08:11:57,        0,  29.2,   0.7,  24.5,  0.779,  0.007,  0.000,5509118.6,  1,  21.1,   0.8, 0.100
2025-10-17 08:11:58,        0,  29.3,   0.9,  24.5,  0.682,  0.006,  0.000,5509124.5,  1,  21.1,   0.8, 0.100
2025-10-17 08:11:59,        0,  29.4,   1.2,  24.5,  0.599,  0.005,  0.000,5509129.9,  1,  21.1,   0.8, 0.100
2025-10-17 08:12:00,        0,  29.4,   1.2,  24.5,  0.490,  0.003,  0.000,5509133.3,  1,  21.1,   0.8, 0.100
2025-10-17 08:12:01,        0,  29.4,   1.2,  24.5,  0.451, -0.001,  0.000,5509132.4,  1,  21.1,   0.8, 0.100
2025-10-17 08:12:02,        0,  29.3,   1.0,  24.5,  0.420, -0.003,  0.000,5509129.9,  1,  21.1,   0.8, 0.100
2025-10-17 08:12:03,        0,  29.4,   1.2,  24.5,  0.406, -0.003,  0.000,5509126.6,  1,  21.1,   0.8, 0.100
2025-10-17 08:12:04,        0,  29.4,   1.2,  24.5,  0.388, -0.004,  0.000,5509121.9,  1,  21.1,   0.8, 0.100
2025-10-17 08:12:05,        0,  29.4,   1.2,  24.5,  0.379, -0.003,  0.000,5509118.6,  1,  21.1,   0.8, 0.100
2025-10-17 08:12:06,        0,  29.5,   1.4,  24.5,  0.368, -0.003,  0.000,5509115.2,  1,  21.1,   0.8, 0.100
2025-10-17 08:12:07,        0,  29.5,   1.4,  24.5,  0.354, -0.003,  0.000,5509111.5,  1,  21.1,   0.8, 0.100
2025-10-17 08:12:08,        0,  29.5,   1.4,  24.5,  0.345, -0.003,  0.000,5509108.1,  1,  21.1,   0.8, 0.100
2025-10-17 08:12:09,        0,  29.5,   1.4,  24.5,  0.330, -0.003,  0.000,5509105.6,  1,  21.1,   0.8, 0.100
2025-10-17 08:12:10,        0,  29.5,   1.4,  24.5,  0.321, -0.003,  0.000,5509102.7,  1,  21.1,   0.9, 0.100
2025-10-17 08:12:11,        0,  29.5,   1.4,  24.5,  0.306, -0.002,  0.000,5509099.3,  1,  21.1,   0.9, 0.100
2025-10-17 08:12:12,        0,  29.5,   1.4,  24.5,  0.297, -0.003,  0.000,5509096.8,  1,  21.1,   0.9, 0.100
2025-10-17 08:12:13,        0,  29.5,   1.4,  24.5,  0.289, -0.003,  0.000,5509094.3,  1,  21.1,   0.9, 0.100
2025-10-17 08:12:14,        0,  29.5,   1.4,  24.5,  0.278, -0.003,  0.000,5509092.2,  1,  21.1,   0.8, 0.100
2025-10-17 08:12:15,        0,  29.5,   1.4,  24.5,  0.270, -0.002,  0.000,5509090.1,  1,  21.1,   0.9, 0.100
2025-10-17 08:12:16,        0,  29.5,   1.4,  24.5,  0.258, -0.002,  0.000,5509087.2,  1,  21.1,   0.9, 0.100
2025-10-17 08:12:17,        0,  29.5,   1.4,  24.5,  0.249, -0.002,  0.000,5509085.1,  1,  21.1,   0.9, 0.100
2025-10-17 08:12:18,        0,  29.5,   1.6,  24.5,  0.238, -0.000,  0.000,5509085.1,  1,  21.1,   0.9, 0.100
2025-10-17 08:12:19,        0,  29.5,   1.6,  24.5,  0.206,  0.001,  0.000,5509086.7,  1,  21.1,   0.9, 0.100
2025-10-17 08:12:20,        0,  29.5,   1.6,  24.5,  0.190, -0.000,  0.000,5509085.5,  1,  21.1,   0.8, 0.100
2025-10-17 08:12:21,        0,  29.5,   1.6,  24.5,  0.176, -0.001,8005.878,5509085.1,  1,  21.1,   0.9, 0.100
2025-10-17 08:12:22,        0,  29.5,   1.6,  24.5,  0.169, -0.001,  0.000,5509084.2,  1,  21.1,   0.9, 0.100
2025-10-17 08:12:23,        0,  29.5,   1.6,  24.5,  0.163, -0.001,  0.000,5509083.0,  1,  21.1,   0.9, 0.100
2025-10-17 08:12:24,        0,  29.5,   1.6,  24.5,  0.155, -0.001,  0.000,5509081.7,  1,  21.1,   0.9, 0.100
2025-10-17 08:12:25,        0,  29.5,   1.6,  24.5,  0.149, -0.001,  0.000,5509080.9,  1,  21.1,   0.9, 0.100
2025-10-17 08:12:26,        0,  29.5,   1.6,  24.5,  0.145, -0.001,  0.000,5509079.6,  1,  21.1,   0.9, 0.100
2025-10-17 08:12:27,        0,  29.5,   1.6,  24.5,  0.141, -0.001,  0.000,5509078.4,  1,  21.1,   0.9, 0.100
2025-10-17 08:12:28,        0,  29.6,   1.7,  24.5,  0.136, -0.001,  0.000,5509077.1,  1,  21.1,   0.9, 0.100
2025-10-17 08:12:29,        0,  29.5,   1.6,  24.5,  0.133, -0.001,  0.000,5509076.3,  1,  21.1,   1.0, 0.100
2025-10-17 08:12:30,        0,  29.6,   1.7,  24.5,  0.130, -0.001,  0.000,5509075.0,  1,  21.1,   0.9, 0.100
2025-10-17 08:12:31,        0,  29.5,   1.6,  24.5,  0.127, -0.001,  0.000,5509073.8,  1,  21.1,   1.0, 0.100
2025-10-17 08:12:32,        0,  29.5,   1.6,  24.5,  0.124, -0.001,  0.000,5509072.9,  1,  21.1,   1.0, 0.100
2025-10-17 08:12:33,        0,  29.5,   1.6,  24.5,  0.122, -0.001,  0.000,5509071.2,  1,  21.1,   1.0, 0.100
2025-10-17 08:12:34,        0,  29.6,   1.7,  24.5,  0.120, -0.001,  0.000,5509070.4,  1,  21.1,   1.0, 0.100
2025-10-17 08:12:35,        0,  29.6,   1.7,  24.5,  0.117, -0.001,  0.000,5509069.6,  1,  21.1,   1.0, 0.100
2025-10-17 08:12:36,        0,  29.5,   1.6,  24.5,  0.116, -0.001,  0.000,5509068.3,  1,  21.1,   1.0, 0.100
2025-10-17 08:12:37,        0,  29.6,   1.7,  24.5,  0.114, -0.001,  0.000,5509067.5,  1,  21.1,   1.0, 0.100
2025-10-17 08:12:38,        0,  29.6,   1.9,  24.5,  0.113, -0.001,  0.000,5509067.0,  1,  21.1,   1.0, 0.100
2025-10-17 08:12:39,        0,  29.6,   1.9,  24.5,  0.111, -0.001,  0.000,5509065.8,  1,  21.1,   1.0, 0.100
2025-10-17 08:12:40,        0,  29.6,   1.7,  24.5,  0.109, -0.001,  0.000,5509064.5,  1,  21.1,   1.0, 0.100
2025-10-17 08:12:41,        0,  29.6,   1.7,  24.5,  0.108, -0.001,  0.000,5509063.7,  1,  21.1,   1.0, 0.100
2025-10-17 08:12:42,        0,  29.6,   1.9,  24.5,  0.107, -0.001,  0.000,5509062.4,  1,  21.1,   1.0, 0.100
2025-10-17 08:12:43,        0,  29.6,   1.9,  24.5,  0.105, -0.001,  0.000,5509061.2,  1,  21.1,   1.0, 0.100
2025-10-17 08:12:44,        0,  29.6,   1.9,  24.5,  0.105, -0.001,  0.000,5509060.8,  1,  21.1,   1.0, 0.100
2025-10-17 08:12:45,        0,  29.6,   1.9,  24.5,  0.103, -0.001,  0.000,5509059.5,  1,  21.1,   0.9, 0.100
2025-10-17 08:12:46,        0,  29.5,   1.6,  24.5,  0.102, -0.001,  0.000,5509059.1,  1,  21.1,   0.9, 0.100
2025-10-17 08:12:47,        0,  29.6,   1.7,  24.5,  0.101, -0.001,  0.000,5509057.8,  1,  21.1,   0.9, 0.100
2025-10-17 08:12:48,        0,  29.6,   1.9,  24.5,  0.101, -0.001,  0.000,5509056.6,  1,  21.1,   0.9, 0.100
2025-10-17 08:12:49,        0,  29.6,   1.9,  24.5,  0.099, -0.001,  0.000,5509055.7,  1,  21.1,   0.9, 0.100
2025-10-17 08:12:50,        0,  29.6,   1.9,  24.5,  0.098, -0.001,  0.000,5509055.3,  1,  21.1,   0.9, 0.100
2025-10-17 08:12:51,        0,  29.6,   1.9,  24.5,  0.097, -0.001,  0.000,5509053.6,  1,  21.1,   0.9, 0.100
2025-10-17 08:12:52,        0,  29.6,   1.9,  24.5,  0.097, -0.001,  0.000,5509053.2,  1,  21.1,   0.9, 0.100
2025-10-17 08:12:53,        0,  29.6,   1.9,  24.5,  0.096, -0.001,  0.000,5509052.4,  1,  21.1,   0.9, 0.100
2025-10-17 08:12:54,        0,  29.7,   2.1,  24.5,  0.096, -0.001,  0.000,5509050.7,  1,  21.1,   0.9, 0.100
2025-10-17 08:12:55,        0,  29.7,   2.1,  24.5,  0.095, -0.001,  0.000,5509049.9,  1,  21.1,   0.9, 0.100
2025-10-17 08:12:56,        0,  29.6,   1.9,  24.5,  0.094, -0.001,  0.000,5509048.6,  1,  21.1,   0.9, 0.100
2025-10-17 08:12:57,        0,  29.6,   1.9,  24.5,  0.093, -0.001,  0.000,5509047.3,  1,  21.1,   0.9, 0.100
2025-10-17 08:12:58,        0,  29.7,   2.1,  24.5,  0.093, -0.001,  0.000,5509047.3,  1,  21.1,   0.9, 0.100
2025-10-17 08:12:59,        0,  29.6,   1.9,  24.5,  0.092, -0.001,  0.000,5509046.5,  1,  21.1,   0.9, 0.100
2025-10-17 08:13:00,        0,  29.7,   2.1,  24.5,  0.091, -0.001,  0.000,5509045.3,  1,  21.1,   0.9, 0.100
2025-10-17 08:13:01,        0,  29.6,   1.9,  24.5,  0.091, -0.001,  0.000,5509044.0,  1,  21.1,   0.9, 0.100
2025-10-17 08:13:02,        0,  29.6,   1.9,  24.5,  0.090, -0.001,  0.000,5509042.7,  1,  21.1,   0.9, 0.100
2025-10-17 08:13:03,        0,  29.7,   2.1,  24.5,  0.090, -0.001,  0.000,5509041.9,  1,  21.1,   0.9, 0.100
2025-10-17 08:13:04,        0,  29.7,   2.1,  24.5,  0.089, -0.001,  0.000,5509041.5,  1,  21.1,   0.9, 0.100
2025-10-17 08:13:05,        0,  29.7,   2.1,  24.5,  0.089, -0.001,  0.000,5509039.8,  1,  21.1,   0.9, 0.100
2025-10-17 08:13:06,        0,  29.7,   2.1,  24.5,  0.089, -0.001,  0.000,5509039.4,  1,  21.1,   0.9, 0.100
2025-10-17 08:13:07,        0,  29.7,   2.1,  24.5,  0.088, -0.001,  0.000,5509038.5,  1,  21.1,   0.9, 0.100
2025-10-17 08:13:08,        0,  29.7,   2.1,  24.5,  0.087, -0.001,  0.000,5509036.9,  1,  21.1,   0.9, 0.100
2025-10-17 08:13:09,        0,  29.7,   2.2,  24.5,  0.087, -0.001,  0.000,5509036.5,  1,  21.1,   0.9, 0.100
2025-10-17 08:13:10,        0,  29.7,   2.1,  24.5,  0.086, -0.000,  0.000,5509036.0,  1,  21.1,   0.9, 0.100
2025-10-17 08:13:11,        0,  29.7,   2.1,  24.5,  0.086, -0.001,  0.000,5509035.2,  1,  21.1,   0.9, 0.100
2025-10-17 08:13:12,        0,  29.7,   2.2,  24.5,  0.085, -0.001,  0.000,5509033.5,  1,  21.1,   0.9, 0.100
2025-10-17 08:13:13,        0,  29.7,   2.2,  24.5,  0.085, -0.001,  0.000,5509033.1,  1,  21.1,   0.9, 0.100
2025-10-17 08:13:14,        0,  29.7,   2.2,  24.5,  0.085, -0.001,  0.000,5509032.7,  1,  21.1,   0.9, 0.100
2025-10-17 08:13:15,        0,  29.7,   2.2,  24.5,  0.085, -0.001,  0.000,5509031.4,  1,  21.1,   0.9, 0.100
2025-10-17 08:13:16,        0,  29.7,   2.2,  24.5,  0.085, -0.001,  0.000,5509030.2,  1,  21.1,   0.9, 0.100
2025-10-17 08:13:17,        0,  29.7,   2.1,  24.5,  0.084, -0.001,  0.000,5509029.7,  1,  21.2,   0.9, 0.100
2025-10-17 08:13:18,        0,  29.7,   2.1,  24.6,  0.084, -0.001,  0.000,5509029.3,  1,  21.2,   0.9, 0.100
2025-10-17 08:13:19,        0,  29.7,   2.2,  24.5,  0.084, -0.001,  0.000,5509028.1,  1,  21.1,   0.9, 0.100
2025-10-17 08:13:20,        0,  29.7,   2.2,  24.5,  0.083, -0.001,  0.000,5509026.8,  1,  21.1,   0.9, 0.100
2025-10-17 08:13:21,        0,  29.7,   2.2,  24.5,  0.083, -0.001,  0.000,5509026.4,  1,  21.1,   0.9, 0.100
2025-10-17 08:13:22,        0,  29.8,   2.3,  24.5,  0.082, -0.001,  0.000,5509025.6,  1,  21.1,   0.9, 0.100
2025-10-17 08:13:23,        0,  29.7,   2.2,  24.5,  0.082, -0.001,  0.000,5509024.7,  1,  21.1,   0.9, 0.100
2025-10-17 08:13:24,        0,  29.8,   2.4,  24.5,  0.081, -0.001,  0.000,5509023.5,  1,  21.2,   0.9, 0.100
2025-10-17 08:13:25,        0,  29.8,   2.4,  24.5,  0.082, -0.001,  0.000,5509022.2,  1,  21.1,   1.0, 0.100
2025-10-17 08:13:26,        0,  29.7,   2.2,  24.5,  0.081, -0.001,  0.000,5509021.8,  1,  21.1,   1.0, 0.100
2025-10-17 08:13:27,        0,  29.7,   2.2,  24.5,  0.081, -0.001,  0.000,5509021.4,  1,  21.1,   1.0, 0.100
2025-10-17 08:13:28,        0,  29.7,   2.2,  24.5,  0.081, -0.000,  0.000,5509020.9,  1,  21.1,   0.9, 0.100
2025-10-17 08:13:29,        0,  29.7,   2.2,  24.5,  0.080, -0.001,  0.000,5509019.3,  1,  21.1,   0.9, 0.100
2025-10-17 08:13:30,        0,  29.7,   2.2,  24.5,  0.080, -0.001,  0.000,5509018.4,  1,  21.1,   0.9, 0.100
2025-10-17 08:13:31,        0,  29.8,   2.4,  24.5,  0.080, -0.001,  0.000,5509018.0,  1,  21.1,   1.0, 0.100
2025-10-17 08:13:32,        0,  29.7,   2.2,  24.5,  0.080, -0.001,  0.000,5509017.2,  1,  21.1,   1.0, 0.100
2025-10-17 08:13:33,        0,  29.7,   2.2,  24.5,  0.080, -0.001,  0.000,5509015.9,  1,  21.2,   1.0, 0.100
2025-10-17 08:13:34,        0,  29.8,   2.4,  24.5,  0.079, -0.001,  0.000,5509015.5,  1,  21.1,   1.0, 0.100
2025-10-17 08:13:35,        0,  29.8,   2.4,  24.5,  0.079, -0.001,  0.000,5509014.2,  1,  21.1,   1.0, 0.100
2025-10-17 08:13:36,        0,  29.8,   2.4,  24.5,  0.079, -0.001,  0.000,5509013.0,  1,  21.2,   1.0, 0.100
2025-10-17 08:13:37,        0,  29.8,   2.4,  24.5,  0.078, -0.001,  0.000,5509013.0,  1,  21.1,   1.0, 0.100
2025-10-17 08:13:38,        0,  29.7,   2.2,  24.5,  0.078, -0.001,  0.000,5509012.1,  1,  21.1,   1.0, 0.100
2025-10-17 08:13:39,        0,  29.8,   2.4,  24.5,  0.078, -0.001,  0.000,5509010.9,  1,  21.1,   1.0, 0.100
2025-10-17 08:13:40,        0,  29.8,   2.4,  24.5,  0.078, -0.001,  0.000,5509010.5,  1,  21.2,   1.0, 0.100
2025-10-17 08:13:41,        0,  29.8,   2.4,  24.5,  0.078, -0.001,  0.000,5509009.6,  1,  21.1,   1.0, 0.100
2025-10-17 08:13:42,        0,  29.8,   2.4,  24.5,  0.078, -0.001,  0.000,5509008.4,  1,  21.1,   1.0, 0.100
2025-10-17 08:13:43,        0,  29.7,   2.2,  24.5,  0.078, -0.001,  0.000,5509007.5,  1,  21.1,   1.0, 0.100
2025-10-17 08:13:44,        0,  29.8,   2.4,  24.5,  0.077, -0.001,  0.000,5509007.5,  1,  21.1,   1.0, 0.100
2025-10-17 08:13:45,        0,  29.8,   2.4,  24.5,  0.078, -0.001,  0.000,5509006.7,  1,  21.1,   1.0, 0.100
2025-10-17 08:13:46,        0,  29.9,   2.6,  24.5,  0.077, -0.001,  0.000,5509005.0,  1,  21.1,   1.0, 0.100
2025-10-17 08:13:47,        0,  29.9,   2.6,  24.5,  0.077, -0.001,  0.000,5509004.6,  1,  21.1,   1.0, 0.100
2025-10-17 08:13:48,        0,  29.8,   2.4,  24.5,  0.076, -0.001,  0.000,5509004.2,  1,  21.2,   1.0, 0.100
2025-10-17 08:13:49,        0,  29.9,   2.6,  24.5,  0.076, -0.001,  0.000,5509002.5,  1,  21.1,   1.0, 0.100
2025-10-17 08:13:50,        0,  29.9,   2.6,  24.5,  0.077, -0.000,  0.000,5509002.5,  1,  21.1,   1.0, 0.100
2025-10-17 08:13:51,        0,  29.9,   2.6,  24.5,  0.077, -0.001,  0.000,5509001.7,  1,  21.2,   1.0, 0.100
2025-10-17 08:13:52,        0,  29.9,   2.6,  24.5,  0.076, -0.001,  0.000,5509001.2,  1,  21.1,   1.0, 0.100
2025-10-17 08:13:53,        0,  29.9,   2.6,  24.5,  0.077, -0.001,  0.000,5509000.8,  1,  21.1,   0.9, 0.100
2025-10-17 08:13:54,        0,  29.9,   2.6,  24.5,  5.352,  3.981,  0.023,5511942.9,  1,  21.1,   1.0, 0.100
2025-10-17 08:13:55,        0,  29.8,   2.4,  24.5,  2.050,  0.544,  0.001,5514212.3,  1,  21.1,   1.0, 0.100
2025-10-17 08:13:56,        0,  29.7,   2.1,  24.5,  1.181,  0.036,  0.000,5514245.8,  1,  21.2,   0.9, 0.100
2025-10-17 08:13:57,        0,  29.1,   0.3,  24.5,  0.943,  0.003,  0.000,5514251.3,  1,  21.2,   0.9, 0.100
2025-10-17 08:13:58,        0,  29.6,   1.7,  24.5,  0.858,  0.001,  0.000,5514252.1,  1,  21.2,   0.9, 0.100
2025-10-17 08:13:59,        0,  29.3,   1.0,  24.5,  0.736,  0.004,  0.000,5514255.4,  1,  21.2,   0.9, 0.100
2025-10-17 08:14:00,        0,  29.5,   1.6,  24.5,  0.653,  0.004,  0.000,5514259.2,  1,  21.1,   0.9, 0.100
2025-10-17 08:14:01,        0,  29.5,   1.6,  24.5,  0.579,  0.004,  0.000,5514263.8,  1,  21.2,   0.9, 0.100
2025-10-17 08:14:02,        0,  29.5,   1.6,  24.5,  0.472,  0.005,  0.000,5514268.4,  1,  21.2,   0.9, 0.100
2025-10-17 08:14:03,        0,  29.5,   1.6,  24.5,  0.406,  0.005,  0.000,5514275.1,  1,  21.2,   0.9, 0.100
2025-10-17 08:14:04,        0,  29.5,   1.6,  24.5,  0.312,  0.006,  0.000,5514280.6,  1,  21.2,   0.9, 0.100
2025-10-17 08:14:05,        0,  29.5,   1.6,  24.5,  0.260,  0.005,  0.000,5514285.6,  1,  21.2,   0.9, 0.100
2025-10-17 08:14:06,        0,  29.5,   1.4,  24.5,  0.222,  0.003,  0.000,5514288.1,  1,  21.2,   0.9, 0.100
2025-10-17 08:14:07,        0,  29.5,   1.6,  24.5,  0.186,  0.001,  0.000,5514289.0,  1,  21.2,   0.9, 0.100
2025-10-17 08:14:08,        0,  29.5,   1.4,  24.5,  0.169,  0.000,  0.000,5514289.4,  1,  21.1,   0.9, 0.100
2025-10-17 08:14:09,        0,  29.6,   1.7,  24.5,  0.152,  0.000,  0.000,5514289.4,  1,  21.2,   0.9, 0.100
2025-10-17 08:14:10,        0,  29.5,   1.6,  24.5,  0.142, -0.001,  0.000,5514289.0,  1,  21.2,   0.9, 0.100
2025-10-17 08:14:11,        0,  29.5,   1.6,  24.5,  0.132,  0.000,  0.000,5514289.0,  1,  21.2,   0.9, 0.100
2025-10-17 08:14:12,        0,  29.5,   1.6,  24.5,  0.126, -0.001,  0.000,5514288.1,  1,  21.2,   0.9, 0.100
2025-10-17 08:14:13,        0,  29.5,   1.6,  24.5,  0.122,  0.000,  0.000,5514288.1,  1,  21.2,   0.9, 0.100
2025-10-17 08:14:14,        0,  29.5,   1.6,  24.5,  0.115, -0.000,  0.000,5514286.9,  1,  21.2,   0.8, 0.100
2025-10-17 08:14:15,        0,  29.5,   1.6,  24.5,  0.110, -0.001,  0.000,5514286.5,  1,  21.2,   0.9, 0.100
2025-10-17 08:14:16,        0,  29.6,   1.7,  24.5,  0.107, -0.001,  0.000,5514285.6,  1,  21.2,   0.8, 0.100
2025-10-17 08:14:17,        0,  29.6,   1.7,  24.5,  0.105, -0.001,  0.000,5514283.9,  1,  21.2,   0.8, 0.100
2025-10-17 08:14:18,        0,  29.5,   1.6,  24.5,  0.101, -0.001,  0.000,5514283.5,  1,  21.2,   0.8, 0.100
2025-10-17 08:14:19,        0,  29.6,   1.7,  24.5,  0.099, -0.001,  0.000,5514282.7,  1,  21.2,   0.8, 0.100
2025-10-17 08:14:20,        0,  29.5,   1.6,  24.5,  0.097, -0.001,  0.000,5514282.3,  1,  21.2,   0.8, 0.100
2025-10-17 08:14:21,        0,  29.6,   1.7,  24.5,  0.096, -0.001,  0.000,5514280.6,  1,  21.2,   0.8, 0.100
2025-10-17 08:14:22,        0,  29.6,   1.7,  24.5,  0.095, -0.001,  0.000,5514280.2,  1,  21.2,   0.8, 0.100
2025-10-17 08:14:23,        0,  29.5,   1.6,  24.5,  0.093, -0.001,  0.000,5514279.8,  1,  21.2,   0.8, 0.100
2025-10-17 08:14:24,        0,  29.5,   1.6,  24.5,  0.092, -0.001,  0.000,5514278.5,  1,  21.2,   0.8, 0.100
2025-10-17 08:14:25,        0,  29.6,   1.7,  24.5,  0.091, -0.001,  0.000,5514277.7,  1,  21.2,   0.8, 0.100
2025-10-17 08:14:26,        0,  29.6,   1.7,  24.5,  0.090, -0.001,  0.000,5514276.4,  1,  21.2,   0.8, 0.100
2025-10-17 08:14:27,        0,  29.6,   1.7,  24.5,  0.089, -0.001,  0.000,5514275.1,  1,  21.2,   0.8, 0.100
2025-10-17 08:14:28,        0,  29.5,   1.6,  24.5,  0.088, -0.001,  0.000,5514274.7,  1,  21.2,   0.8, 0.100
2025-10-17 08:14:29,        0,  29.6,   1.7,  24.5,  0.087, -0.001,  0.000,5514274.3,  1,  21.2,   0.8, 0.100
2025-10-17 08:14:30,        0,  29.6,   1.7,  24.5,  0.087, -0.001,  0.000,5514272.6,  1,  21.2,   0.8, 0.100
2025-10-17 08:14:31,        0,  29.5,   1.4,  24.5,  0.086, -0.001,  0.000,5514272.2,  1,  21.2,   0.8, 0.100
2025-10-17 08:14:32,        0,  29.6,   1.7,  24.5,  0.085, -0.001,  0.000,5514271.8,  1,  21.2,   0.8, 0.100
2025-10-17 08:14:33,        0,  29.6,   1.7,  24.5,  0.085, -0.001,  0.000,5514269.7,  1,  21.2,   0.8, 0.100
2025-10-17 08:14:34,        0,  29.6,   1.7,  24.5,  0.084, -0.001,  0.000,5514269.3,  1,  21.2,   0.8, 0.100
2025-10-17 08:14:35,        0,  29.6,   1.7,  24.5,  0.084, -0.001,  0.000,5514268.4,  1,  21.2,   0.8, 0.100
2025-10-17 08:14:36,        0,  29.6,   1.7,  24.5,  0.084, -0.001,  0.000,5514266.8,  1,  21.2,   0.8, 0.100
2025-10-17 08:14:37,        0,  29.6,   1.7,  24.5,  0.083, -0.001,  0.000,5514265.9,  1,  21.2,   0.8, 0.100
2025-10-17 08:14:38,        0,  29.6,   1.7,  24.5,  0.084, -0.001,  0.000,5514265.5,  1,  21.2,   0.8, 0.100
2025-10-17 08:14:39,        0,  29.6,   1.7,  24.5,  0.083, -0.001,  0.000,5514265.1,  1,  21.2,   0.8, 0.100
2025-10-17 08:14:40,        0,  29.6,   1.9,  24.5,  0.082, -0.001,  0.000,5514263.8,  1,  21.2,   0.8, 0.100
2025-10-17 08:14:41,        0,  29.6,   1.7,  24.5,  0.082, -0.001,  0.000,5514262.6,  1,  21.2,   0.8, 0.100
2025-10-17 08:14:42,        0,  29.6,   1.9,  24.5,  0.082, -0.001,  0.000,5514261.3,  1,  21.2,   0.8, 0.100
2025-10-17 08:14:43,        0,  29.6,   1.7,  24.5,  0.081, -0.001,  0.000,5514260.9,  1,  21.2,   0.9, 0.100
2025-10-17 08:14:44,        0,  29.6,   1.9,  24.5,  0.081, -0.001,  0.000,5514260.5,  1,  21.2,   0.9, 0.100
2025-10-17 08:14:45,        0,  29.6,   1.7,  24.5,  0.081, -0.001,  0.000,5514259.2,  1,  21.2,   0.9, 0.100
2025-10-17 08:14:46,        0,  29.6,   1.9,  24.5,  0.080, -0.001,  0.000,5514258.4,  1,  21.2,   0.9, 0.100
2025-10-17 08:14:47,        0,  29.6,   1.7,  24.5,  0.080, -0.001,  0.000,5514258.0,  1,  21.2,   0.9, 0.100
2025-10-17 08:14:48,        0,  29.6,   1.9,  24.5,  0.080, -0.001,  0.000,5514257.1,  1,  21.2,   0.9, 0.100
2025-10-17 08:14:49,        0,  29.6,   1.9,  24.5,  0.080, -0.001,  0.000,5514255.4,  1,  21.2,   0.9, 0.100
2025-10-17 08:14:50,        0,  29.6,   1.9,  24.5,  0.080, -0.001,  0.000,5514255.4,  1,  21.2,   0.9, 0.100
2025-10-17 08:14:51,        0,  29.6,   1.9,  24.5,  0.079, -0.001,  0.000,5514254.6,  1,  21.2,   0.9, 0.100
2025-10-17 08:14:52,        0,  29.6,   1.9,  24.5,  0.080, -0.001,  0.000,5514254.2,  1,  21.2,   0.9, 0.100
2025-10-17 08:14:53,        0,  29.6,   1.9,  24.5,  0.079, -0.001,  0.000,5514252.5,  1,  21.2,   0.9, 0.100
2025-10-17 08:14:54,        0,  29.6,   1.9,  24.5,  0.079, -0.001,  0.000,5514251.3,  1,  21.2,   0.9, 0.100
2025-10-17 08:14:55,        0,  29.6,   1.9,  24.5,  0.079, -0.001,  0.000,5514251.3,  1,  21.2,   0.9, 0.100
2025-10-17 08:14:56,        0,  29.6,   1.9,  24.5,  0.079, -0.001,  0.000,5514250.0,  1,  21.2,   0.9, 0.100
2025-10-17 08:14:57,        0,  29.6,   1.7,  24.5,  0.079, -0.001,  0.000,5514248.7,  1,  21.2,   0.9, 0.100
2025-10-17 08:14:58,        0,  29.6,   1.9,  24.5,  0.078, -0.000,  0.000,5514248.3,  1,  21.2,   0.9, 0.100
2025-10-17 08:14:59,        0,  29.6,   1.9,  24.5,  0.078, -0.001,  0.000,5514247.1,  1,  21.2,   0.9, 0.100
2025-10-17 08:15:00,        0,  29.6,   1.9,  24.5,  0.078, -0.001,  0.000,5514246.6,  1,  21.2,   0.9, 0.100
2025-10-17 08:15:01,        0,  29.6,   1.9,  24.5,  0.079, -0.001,  0.000,5514245.4,  1,  21.2,   0.9, 0.100
2025-10-17 08:15:02,        0,  29.6,   1.9,  24.5,  0.078, -0.001,  0.000,5514245.0,  1,  21.2,   0.8, 0.100
2025-10-17 08:15:03,        0,  29.7,   2.1,  24.5,  0.078, -0.001,  0.000,5514244.1,  1,  21.2,   0.9, 0.100
2025-10-17 08:15:04,        0,  29.6,   1.9,  24.5,  0.078, -0.001,  0.000,5514243.3,  1,  21.2,   0.8, 0.100
2025-10-17 08:15:05,        0,  29.6,   1.9,  24.5,  0.077, -0.001,  0.000,5514242.0,  1,  21.2,   0.8, 0.100
2025-10-17 08:15:06,        0,  29.6,   1.9,  24.5,  0.078, -0.001,  0.000,5514240.8,  1,  21.2,   0.8, 0.100
2025-10-17 08:15:07,        0,  29.6,   1.7,  24.5,  0.077, -0.001,  0.000,5514240.4,  1,  21.2,   0.8, 0.100
2025-10-17 08:15:08,        0,  29.5,   1.6,  24.5,  0.077, -0.001,  0.000,5514239.9,  1,  21.2,   0.8, 0.100
2025-10-17 08:15:09,        0,  29.6,   1.9,  24.5,  0.078, -0.001,  0.000,5514238.3,  1,  21.2,   0.8, 0.100
2025-10-17 08:15:10,        0,  29.7,   2.1,  24.5,  0.078, -0.001,  0.000,5514237.4,  1,  21.2,   0.8, 0.100
2025-10-17 08:15:11,        0,  29.6,   1.9,  24.5,  0.077, -0.001,  0.000,5514236.6,  1,  21.2,   0.8, 0.100
2025-10-17 08:15:12,        0,  29.7,   2.1,  24.5,  0.077, -0.001,  0.000,5514235.3,  1,  21.2,   0.8, 0.100
2025-10-17 08:15:13,        0,  29.7,   2.1,  24.5,  0.077, -0.001,  0.000,5514234.9,  1,  21.2,   0.8, 0.100
2025-10-17 08:15:14,        0,  29.7,   2.1,  24.5,  0.077, -0.001,  0.000,5514234.1,  1,  21.2,   0.8, 0.100
2025-10-17 08:15:15,        0,  29.7,   2.1,  24.5,  0.077, -0.001,  0.000,5514232.8,  1,  21.2,   0.8, 0.100
2025-10-17 08:15:16,        0,  29.7,   2.1,  24.5,  0.077, -0.001,  0.000,5514231.6,  1,  21.2,   0.8, 0.100
