Time, Cnts,  %T, set_Cell[mA], Cell[°C], Cell[Volt], Cell[mA], Cell[W], Cell[uAs], Cell_ON, Env[°C], TEC[°C], N2Flow[slpm]
2025-11-03 11:11:32,        0,  29.4,   1.2,  24.8,  0.188,  0.005,  0.000,      4.9,  1,  21.0,   1.0, 0.100
2025-11-03 11:11:33,        0,  29.4,   1.3,  24.8,  0.157,  0.002,  0.000,      6.6,  1,  21.0,   0.9, 0.100
2025-11-03 11:11:34,        0,  29.4,   1.3,  24.8,  0.128,  0.001,  0.000,      8.3,  1,  21.1,   1.0, 0.100
2025-11-03 11:11:35,        0,  29.4,   1.3,  24.8,  0.116,  0.001,  0.000,      8.6,  1,  21.0,   1.0, 0.100
2025-11-03 11:11:36,        0,  29.5,   1.5,  24.8,  0.102, -0.000,  0.000,      8.6,  1,  21.1,   1.0, 0.099
2025-11-03 11:11:37,        0,  29.5,   1.5,  24.8,  0.097, -0.000,  0.000,      8.6,  1,  21.0,   1.0, 0.099
2025-11-03 11:11:38,        0,  29.4,   1.3,  24.8,  0.089,  0.000,  0.000,      8.3,  1,  21.0,   1.0, 0.099
2025-11-03 11:11:39,        0,  29.5,   1.5,  24.8,  0.085,  0.000,  0.000,      8.3,  1,  21.0,   1.0, 0.099
2025-11-03 11:11:40,        0,  29.5,   1.5,  24.8,  0.081, -0.000,  0.000,      8.0,  1,  21.1,   1.0, 0.099
2025-11-03 11:11:41,        0,  29.5,   1.5,  24.8,  0.076,  0.000,  0.000,      7.7,  1,  21.0,   1.0, 0.099
2025-11-03 11:11:42,        0,  29.5,   1.5,  24.8,  0.072,  0.000,  0.000,      7.4,  1,  21.1,   1.0, 0.099
2025-11-03 11:11:43,        0,  29.5,   1.5,  24.8,  0.070,  0.000,  0.000,      7.4,  1,  21.1,   1.0, 0.099
2025-11-03 11:11:44,        0,  29.6,   1.7,  24.8,  0.068, -0.001,  0.000,      6.9,  1,  21.0,   1.0, 0.099
2025-11-03 11:11:45,        0,  29.6,   1.7,  24.8,  0.066,  0.000,  0.000,      6.9,  1,  21.0,   1.0, 0.099
2025-11-03 11:11:46,        0,  29.6,   1.7,  24.8,  0.064, -0.001,  0.000,      6.3,  1,  21.0,   1.0, 0.099
2025-11-03 11:11:47,        0,  29.6,   1.7,  24.8,  0.063, -0.000,  0.000,      5.4,  1,  21.1,   1.0, 0.099
2025-11-03 11:11:48,        0,  29.6,   1.9,  24.8,  0.062, -0.001,  0.000,      4.9,  1,  21.0,   1.0, 0.099
2025-11-03 11:11:49,        0,  29.6,   1.9,  24.8,  0.061, -0.001,  0.000,      4.3,  1,  21.0,   1.0, 0.099
2025-11-03 11:11:50,        0,  29.7,   2.2,  24.8,  0.060, -0.001,  0.000,      3.7,  1,  21.1,   1.0, 0.099
2025-11-03 11:11:51,        0,  30.3,   3.8,  24.8,  2.439,  1.703,  0.011,   2303.7,  1,  21.1,   1.0, 0.099
2025-11-03 11:11:52,        0,  30.4,   4.3,  24.8,  8.521,  5.892,  0.050,   7705.9,  1,  21.1,   1.0, 0.100
2025-11-03 11:11:53,        0,  30.7,   5.1,  24.8,  8.397,  5.789,  0.049,  13265.1,  1,  21.1,   1.0, 0.100
2025-11-03 11:11:54,        0,  31.6,   7.7,  24.8, 11.374,  8.349,  0.095,  21882.5,  1,  21.0,   1.0, 0.100
2025-11-03 11:11:55,        0,  31.7,   8.2,  24.8, 12.226,  9.093,  0.112,  30818.4,  1,  21.0,   1.0, 0.102
2025-11-03 11:11:56,        0,  32.6,  10.8,  24.8, 14.620, 11.163,  0.164,  41901.7,  1,  21.1,   1.0, 0.123
2025-11-03 11:11:57,        0,  31.9,   8.6,  24.8, 13.797, 10.470,  0.146,  53208.7,  1,  21.0,   1.0, 0.102
2025-11-03 11:11:59,        0,  33.2,  12.5,  24.8, 18.927, 14.916,  0.283,  70501.3,  1,  21.0,   0.9, 0.098
2025-11-03 11:11:59,        0,  35.7,  20.1,  24.7, 26.417, 21.491,  0.572,  88480.9,  1,  21.0,   1.0, 0.098
2025-11-03 11:12:00,        0,  35.4,  19.2,  24.7, 30.796, 25.436,  0.785, 110847.5,  1,  21.0,   1.0, 0.098
2025-11-03 11:12:01,        0,  38.2,  27.5,  24.7, 32.541, 27.062,  0.890, 136750.6,  1,  21.0,   0.9, 0.098
2025-11-03 11:12:03,        0,  38.2,  27.6,  24.7, 38.364, 32.518,  1.248, 174391.4,  1,  21.0,   0.9, 0.098
2025-11-03 11:12:03,        0,  38.0,  27.1,  24.8, 35.601, 30.255,  1.079, 204366.0,  1,  21.0,   0.9, 0.099
2025-11-03 11:12:04,        0,  42.3,  40.0,  24.7, 49.573, 43.237,  2.147, 241114.4,  1,  21.0,   0.9, 0.099
2025-11-03 11:12:05,        0,  39.4,  31.3,  24.7, 45.552, 40.005,  1.823, 279847.0,  1,  21.0,   0.9, 0.099
2025-11-03 11:12:07,        0,  43.5,  43.5,  24.8, 46.824, 41.417,  1.966, 323430.3,  1,  21.0,   0.9, 0.099
2025-11-03 11:12:07,        0,  43.5,  43.5,  24.7, 48.279, 43.200,  2.089, 365530.3,  1,  21.0,   0.9, 0.099
2025-11-03 11:12:08,        0,  42.3,  40.0,  24.7, 51.302, 46.508,  2.386, 408984.1,  1,  21.0,   0.9, 0.099
2025-11-03 11:12:09,        0,  43.1,  42.4,  24.7, 51.871, 47.434,  2.471, 452877.3,  1,  21.0,   0.9, 0.099
2025-11-03 11:12:11,        0,  43.5,  43.6,  24.8, 40.268, 36.610,  1.487, 500113.1,  1,  21.0,   0.9, 0.099
2025-11-03 11:12:11,        0,  40.8,  35.4,  24.7, 42.738, 39.088,  1.677, 540685.6,  1,  21.0,   1.0, 0.099
2025-11-03 11:12:12,        0,  39.5,  31.4,  24.8, 48.020, 44.326,  2.133, 581739.9,  1,  21.0,   1.0, 0.104
2025-11-03 11:12:13,        0,  36.7,  23.0,  24.8, 44.457, 40.962,  1.828, 619299.6,  1,  21.0,   1.0, 0.105
2025-11-03 11:12:14,        0,  42.1,  39.3,  24.8, 38.140, 34.698,  1.343, 650237.9,  1,  21.0,   0.9, 0.104
2025-11-03 11:12:15,        0,  40.5,  34.5,  24.8, 42.983, 39.477,  1.700, 696393.0,  1,  21.0,   0.9, 0.103
2025-11-03 11:12:16,        0,  39.8,  32.5,  24.8, 46.294, 42.781,  1.984, 734939.0,  1,  21.0,   0.9, 0.102
2025-11-03 11:12:17,        0,  36.6,  22.8,  24.8, 38.739, 35.447,  1.377, 768809.3,  1,  20.9,   0.9, 0.101
2025-11-03 11:12:18,        0,  39.6,  31.9,  24.8, 32.676, 29.411,  0.968, 794077.2,  1,  21.0,   0.9, 0.100
2025-11-03 11:12:19,        0,  37.5,  25.4,  24.8, 26.968, 23.854,  0.647, 825971.4,  1,  21.0,   0.9, 0.100
2025-11-03 11:12:20,        0,  37.6,  25.8,  24.8, 29.096, 25.677,  0.751, 849809.4,  1,  21.0,   0.9, 0.100
2025-11-03 11:12:21,        0,  34.6,  16.8,  24.8, 33.841, 30.139,  1.024, 876759.3,  1,  21.0,   0.9, 0.100
2025-11-03 11:12:22,        0,  36.0,  21.1,  24.8, 15.026, 12.335,  0.193, 891720.5,  1,  21.0,   0.9, 0.100
2025-11-03 11:12:23,        0,  34.4,  16.3,  24.8, 23.063, 19.756,  0.457, 915782.5,  1,  21.0,   0.9, 0.100
2025-11-03 11:12:24,        0,  36.7,  23.0,  24.8, 19.578, 16.436,  0.332, 931261.6,  1,  21.0,   0.9, 0.100
2025-11-03 11:12:25,        0,  33.9,  14.8,  24.8, 23.694, 20.160,  0.478, 952038.4,  1,  21.0,   0.9, 0.100
2025-11-03 11:12:26,        0,  34.8,  17.3,  24.8, 18.173, 15.025,  0.275, 967783.1,  1,  21.0,   0.9, 0.100
2025-11-03 11:12:27,        0,  34.9,  17.7,  24.8, 21.042, 17.607,  0.371, 988528.0,  1,  21.0,   0.9, 0.100
2025-11-03 11:12:28,        0,  33.2,  12.5,  24.8, 20.566, 17.129,  0.354,1005956.1,  1,  21.0,   0.9, 0.100
2025-11-03 11:12:29,        0,  36.0,  21.1,  24.8, 16.215, 13.111,  0.218,1021443.0,  1,  21.0,   0.9, 0.100
2025-11-03 11:12:30,        0,  35.0,  18.0,  24.8, 12.770,  9.955,  0.143,1037154.7,  1,  21.0,   0.9, 0.100
2025-11-03 11:12:31,        0,  33.8,  14.4,  24.8, 21.004, 17.430,  0.366,1058486.7,  1,  21.0,   0.9, 0.100
2025-11-03 11:12:32,        0,  34.6,  16.8,  24.8, 24.249, 20.352,  0.497,1077012.6,  1,  21.0,   0.9, 0.100
2025-11-03 11:12:33,        0,  34.1,  15.4,  24.8, 21.849, 18.155,  0.404,1094681.3,  1,  21.0,   0.9, 0.100
2025-11-03 11:12:34,        0,  34.5,  16.6,  24.8, 22.199, 18.452,  0.413,1112380.6,  1,  21.0,   0.9, 0.100
2025-11-03 11:12:35,        0,  34.9,  17.8,  24.8, 22.854, 19.014,  0.436,1134382.7,  1,  21.0,   0.9, 0.100
2025-11-03 11:12:36,        0,  33.9,  14.8,  24.8, 18.819, 15.338,  0.291,1151282.0,  1,  21.0,   0.9, 0.100
2025-11-03 11:12:37,        0,  35.6,  19.7,  24.9, 24.060, 20.082,  0.484,1169894.3,  1,  21.0,   0.9, 0.100
2025-11-03 11:12:38,        0,  34.4,  16.3,  24.8, 22.899, 19.039,  0.436,1189103.0,  1,  21.0,   0.9, 0.100
2025-11-03 11:12:39,        0,  32.9,  11.8,  24.9, 25.646, 21.525,  0.552,1212360.5,  1,  20.9,   0.9, 0.100
2025-11-03 11:12:40,        0,  35.8,  20.4,  24.8, 25.466, 21.346,  0.550,1232037.0,  1,  21.0,   0.9, 0.100
2025-11-03 11:12:41,        0,  35.9,  20.8,  24.8, 23.849, 19.886,  0.475,1252898.7,  1,  21.0,   1.0, 0.100
2025-11-03 11:12:42,        0,  35.0,  18.0,  24.8, 24.574, 20.565,  0.511,1272928.7,  1,  20.9,   1.0, 0.100
2025-11-03 11:12:43,        0,  35.4,  19.2,  24.9, 22.967, 19.074,  0.439,1295597.1,  1,  21.0,   1.0, 0.100
2025-11-03 11:12:44,        0,  36.1,  21.4,  24.8, 24.972, 20.914,  0.523,1315744.1,  1,  21.0,   1.0, 0.100
2025-11-03 11:12:45,        0,  35.2,  18.5,  24.8, 25.901, 21.774,  0.566,1338554.5,  1,  21.0,   1.0, 0.100
2025-11-03 11:12:46,        0,  36.3,  21.8,  24.8, 28.938, 24.585,  0.712,1361504.8,  1,  20.9,   1.0, 0.100
2025-11-03 11:12:48,        0,  37.6,  25.9,  24.8, 21.875, 18.133,  0.410,1387830.0,  1,  21.0,   1.0, 0.100
2025-11-03 11:12:48,        0,  37.1,  24.2,  24.9, 30.210, 25.834,  0.781,1413747.3,  1,  20.9,   1.0, 0.100
2025-11-03 11:12:49,        0,  36.7,  23.2,  24.8, 28.813, 24.573,  0.708,1438293.2,  1,  21.0,   1.0, 0.100
2025-11-03 11:12:50,        0,  36.8,  23.5,  24.8, 32.062, 27.578,  0.886,1464957.9,  1,  21.0,   1.0, 0.100
2025-11-03 11:12:51,        0,  36.4,  22.1,  24.8, 32.442, 28.003,  0.909,1492071.3,  1,  20.9,   1.0, 0.100
2025-11-03 11:12:52,        0,  38.3,  28.0,  24.9, 41.209, 36.188,  1.500,1529130.1,  1,  21.0,   1.0, 0.100
2025-11-03 11:12:53,        0,  37.7,  26.1,  24.9, 36.568, 32.065,  1.174,1560010.1,  1,  21.0,   1.0, 0.100
2025-11-03 11:12:54,        0,  37.6,  25.9,  24.9, 38.153, 33.660,  1.287,1589413.0,  1,  21.0,   1.0, 0.100
2025-11-03 11:12:55,        0,  41.0,  36.0,  24.9, 38.507, 34.033,  1.320,1622859.0,  1,  21.0,   1.0, 0.100
2025-11-03 11:12:57,        0,  36.8,  23.3,  24.9, 38.660, 34.495,  1.335,1664746.4,  1,  21.0,   1.0, 0.100
2025-11-03 11:12:57,        0,  41.0,  35.9,  24.9, 35.170, 31.227,  1.112,1693701.6,  1,  21.0,   1.0, 0.100
2025-11-03 11:12:58,        0,  42.0,  39.1,  24.9, 46.239, 41.836,  1.935,1732912.6,  1,  21.0,   1.0, 0.100
2025-11-03 11:12:59,        0,  40.6,  34.8,  24.9, 42.894, 38.846,  1.671,1771552.7,  1,  21.0,   1.0, 0.100
2025-11-03 11:13:00,        0,  41.1,  36.2,  24.9, 44.831, 40.781,  1.831,1811512.0,  1,  21.0,   1.0, 0.100
2025-11-03 11:13:01,        0,  40.4,  34.2,  24.9, 42.723, 38.986,  1.669,1855158.7,  1,  20.9,   1.0, 0.100
2025-11-03 11:13:02,        0,  43.8,  44.5,  24.9, 48.959, 45.100,  2.208,1896087.5,  1,  21.0,   1.0, 0.100
2025-11-03 11:13:03,        0,  40.6,  34.8,  24.9, 42.578, 39.106,  1.669,1936477.8,  1,  21.0,   1.0, 0.100
2025-11-03 11:13:04,        0,  43.7,  44.1,  24.9, 40.600, 37.166,  1.580,1975983.8,  1,  21.0,   1.0, 0.100
2025-11-03 11:13:05,        0,  38.3,  27.8,  25.0, 38.059, 35.022,  1.339,2021644.2,  1,  20.9,   1.0, 0.100
2025-11-03 11:13:06,        0,  44.2,  45.5,  25.0, 42.736, 39.505,  1.709,2059010.1,  1,  21.0,   1.0, 0.100
2025-11-03 11:13:07,        0,  42.6,  40.7,  24.9, 50.629, 47.523,  2.406,2105929.3,  1,  21.0,   1.0, 0.100
2025-11-03 11:13:08,        0,  42.8,  41.5,  24.9, 54.958, 51.977,  2.861,2153407.3,  1,  21.0,   1.0, 0.100
2025-11-03 11:13:10,        0,  41.9,  38.8,  24.9, 50.510, 48.023,  2.429,2207905.0,  1,  21.0,   1.0, 0.101
2025-11-03 11:13:10,        0,  44.8,  47.4,  24.9, 51.217, 48.868,  2.505,2253348.3,  1,  21.0,   1.0, 0.101
2025-11-03 11:13:11,        0,  43.6,  43.9,  24.9, 46.805, 44.582,  2.108,2296634.1,  1,  21.0,   1.0, 0.100
2025-11-03 11:13:12,        0,  44.6,  46.7,  25.0, 48.111, 45.912,  2.211,2341370.0,  1,  21.0,   1.0, 0.100
2025-11-03 11:13:14,        0,  44.5,  46.4,  25.0, 56.787, 54.649,  3.115,2397625.2,  1,  20.9,   1.0, 0.100
2025-11-03 11:13:14,        0,  43.5,  43.6,  25.0, 55.106, 53.352,  2.941,2447749.0,  1,  21.0,   1.0, 0.100
2025-11-03 11:13:15,        0,  44.3,  45.9,  25.0, 42.463, 40.691,  1.730,2487251.8,  1,  21.0,   1.0, 0.100
2025-11-03 11:13:16,        0,  42.7,  41.1,  25.0, 50.774, 49.078,  2.503,2531171.7,  1,  21.0,   1.0, 0.100
2025-11-03 11:13:17,        0,  44.5,  46.5,  25.0, 45.798, 43.929,  2.022,2573312.8,  1,  20.9,   1.0, 0.100
2025-11-03 11:13:18,        0,  43.2,  42.6,  25.0, 50.663, 49.074,  2.489,2632312.8,  1,  21.0,   1.0, 0.100
2025-11-03 11:13:19,        0,  45.6,  49.8,  25.0, 53.472, 52.011,  2.789,2680098.5,  1,  21.0,   1.0, 0.100
2025-11-03 11:13:20,        0,  42.7,  41.2,  25.0, 46.459, 44.973,  2.101,2725130.9,  1,  21.0,   0.9, 0.100
2025-11-03 11:13:21,        0,  44.5,  46.6,  25.0, 47.754, 46.319,  2.223,2766226.5,  1,  21.0,   0.9, 0.100
2025-11-03 11:13:22,        0,  43.6,  43.8,  25.0, 48.215, 46.876,  2.267,2821166.7,  1,  21.0,   0.9, 0.100
2025-11-03 11:13:23,        0,  40.3,  34.0,  25.0, 44.411, 42.771,  1.906,2864096.1,  1,  20.9,   0.9, 0.100
2025-11-03 11:13:24,        0,  43.8,  44.5,  25.0, 54.778, 53.242,  2.920,2909291.1,  1,  21.0,   0.9, 0.100
2025-11-03 11:13:25,        0,  42.5,  40.4,  25.0, 50.524, 49.061,  2.480,2956580.3,  1,  21.0,   0.8, 0.100
2025-11-03 11:13:27,        0,  41.1,  36.2,  25.0, 48.514, 47.090,  2.329,3009019.2,  1,  21.0,   0.8, 0.100
2025-11-03 11:13:27,        0,  43.5,  43.4,  25.0, 42.924, 41.242,  1.773,3046779.9,  1,  21.0,   0.8, 0.100
2025-11-03 11:13:28,        0,  43.7,  44.1,  25.0, 47.930, 46.283,  2.221,3091458.6,  1,  21.0,   0.8, 0.100
2025-11-03 11:13:29,        0,  38.7,  29.0,  25.0, 50.292, 48.762,  2.453,3136630.3,  1,  21.0,   0.8, 0.100
2025-11-03 11:13:31,        0,  44.6,  46.7,  25.0, 52.386, 50.918,  2.673,3190522.0,  1,  21.0,   0.8, 0.100
2025-11-03 11:13:31,        0,  39.2,  30.7,  25.1, 50.425, 49.083,  2.493,3235939.3,  1,  21.0,   0.8, 0.100
2025-11-03 11:13:32,        0,  43.9,  44.8,  25.0, 42.296, 40.675,  1.728,3275494.4,  1,  20.9,   0.8, 0.100
2025-11-03 11:13:33,        0,  41.3,  36.9,  25.0, 48.862, 47.361,  2.316,3321093.2,  1,  20.9,   0.8, 0.100
2025-11-03 11:13:35,        0,  42.4,  40.3,  25.0, 35.412, 33.612,  1.207,3364724.1,  1,  20.9,   0.8, 0.100
2025-11-03 11:13:35,        0,  41.3,  36.9,  25.0, 46.377, 44.688,  2.077,3407024.7,  1,  20.9,   0.8, 0.100
2025-11-03 11:13:36,        0,  39.5,  31.4,  25.0, 41.011, 39.228,  1.610,3443695.1,  1,  21.0,   0.8, 0.100
2025-11-03 11:13:37,        0,  42.1,  39.3,  25.0, 39.071, 37.106,  1.456,3481403.4,  1,  20.9,   0.8, 0.100
2025-11-03 11:13:39,        0,  38.9,  29.7,  25.1, 45.380, 43.427,  1.971,3531388.8,  1,  20.9,   0.8, 0.100
2025-11-03 11:13:39,        0,  42.8,  41.4,  25.0, 35.234, 33.159,  1.171,3562645.4,  1,  20.9,   0.8, 0.100
2025-11-03 11:13:40,        0,  42.0,  39.0,  25.1, 37.848, 35.748,  1.363,3601348.0,  1,  20.9,   0.8, 0.100
2025-11-03 11:13:41,        0,  42.4,  40.3,  25.0, 39.644, 37.532,  1.492,3637624.4,  1,  20.9,   0.8, 0.100
2025-11-03 11:13:43,        0,  41.1,  36.4,  25.0, 41.680, 39.468,  1.649,3685775.1,  1,  20.9,   0.8, 0.100
2025-11-03 11:13:43,        0,  41.4,  37.2,  25.1, 39.204, 36.939,  1.451,3723153.0,  1,  20.9,   0.8, 0.100
2025-11-03 11:13:44,        0,  41.3,  36.8,  25.1, 45.887, 43.695,  2.007,3763670.2,  1,  20.9,   0.8, 0.100
2025-11-03 11:13:45,        0,  39.1,  30.2,  25.1, 34.526, 32.359,  1.125,3798235.1,  1,  20.9,   0.8, 0.100
2025-11-03 11:13:46,        0,  36.9,  23.7,  25.1, 42.052, 39.743,  1.673,3832443.3,  1,  21.0,   0.8, 0.100
2025-11-03 11:13:47,        0,  40.4,  34.2,  25.1, 41.233, 38.813,  1.601,3873780.4,  1,  21.0,   0.9, 0.100
2025-11-03 11:13:48,        0,  39.0,  29.9,  25.1, 36.782, 34.355,  1.266,3908704.4,  1,  20.9,   0.8, 0.100
2025-11-03 11:13:49,        0,  40.3,  34.0,  25.1, 33.193, 30.770,  1.024,3940357.0,  1,  20.9,   0.9, 0.100
2025-11-03 11:13:50,        0,  41.9,  38.6,  25.1, 40.249, 37.711,  1.521,3976822.9,  1,  20.9,   0.9, 0.100
2025-11-03 11:13:51,        0,  38.6,  28.8,  25.1, 37.160, 34.678,  1.290,4020967.0,  1,  20.9,   0.9, 0.100
2025-11-03 11:13:52,        0,  39.4,  31.2,  25.1, 42.093, 39.410,  1.664,4055396.9,  1,  20.9,   0.9, 0.100
2025-11-03 11:13:53,        0,  40.0,  32.9,  25.2, 37.887, 35.232,  1.335,4089845.3,  1,  20.9,   0.9, 0.100
2025-11-03 11:13:54,        0,  39.3,  30.9,  25.2, 39.533, 36.839,  1.457,4125599.6,  1,  21.0,   0.9, 0.100
2025-11-03 11:13:56,        0,  36.9,  23.7,  25.2, 29.879, 27.278,  0.819,4160427.6,  1,  20.9,   1.0, 0.100
2025-11-03 11:13:56,        0,  38.2,  27.6,  25.2, 33.483, 30.632,  1.035,4188335.6,  1,  20.9,   0.9, 0.100
2025-11-03 11:13:57,        0,  35.6,  19.9,  25.1, 33.814, 30.943,  1.061,4216691.6,  1,  20.9,   1.0, 0.100
2025-11-03 11:13:58,        0,  37.2,  24.5,  25.1, 31.125, 28.197,  0.886,4243148.2,  1,  20.9,   1.0, 0.100
2025-11-03 11:13:59,        0,  37.7,  26.1,  25.1, 29.913, 26.972,  0.808,4269065.5,  1,  20.9,   0.9, 0.100
2025-11-03 11:14:00,        0,  36.0,  20.9,  25.2, 26.543, 23.676,  0.630,4300902.5,  1,  20.9,   0.9, 0.100
2025-11-03 11:14:01,        0,  39.2,  30.6,  25.2, 32.661, 29.509,  0.966,4327665.0,  1,  20.9,   1.0, 0.100
2025-11-03 11:14:02,        0,  36.2,  21.6,  25.2, 22.642, 19.887,  0.457,4350641.9,  1,  20.9,   1.0, 0.100
2025-11-03 11:14:03,        0,  37.6,  25.9,  25.2, 30.863, 27.637,  0.856,4377317.8,  1,  20.9,   1.0, 0.100
2025-11-03 11:14:05,        0,  36.9,  23.7,  25.2, 27.274, 24.160,  0.659,4406798.2,  1,  20.9,   1.0, 0.100
2025-11-03 11:14:05,        0,  37.4,  25.2,  25.2, 32.757, 29.311,  0.966,4433324.0,  1,  20.9,   1.0, 0.100
2025-11-03 11:14:06,        0,  35.4,  19.2,  25.2, 31.696, 28.316,  0.898,4460346.4,  1,  20.9,   1.0, 0.100
2025-11-03 11:14:07,        0,  35.5,  19.4,  25.2, 28.426, 25.141,  0.715,4483476.2,  1,  20.9,   1.0, 0.100
2025-11-03 11:14:09,        0,  34.3,  15.8,  25.2, 31.688, 28.215,  0.895,4513373.6,  1,  20.9,   1.0, 0.100
2025-11-03 11:14:09,        0,  33.8,  14.4,  25.2, 22.301, 19.266,  0.430,4531936.2,  1,  20.9,   1.0, 0.100
2025-11-03 11:14:10,        0,  35.3,  19.0,  25.3, 26.573, 23.205,  0.617,4551444.2,  1,  20.9,   1.0, 0.100
2025-11-03 11:14:11,        0,  36.0,  21.1,  25.2, 18.320, 15.408,  0.295,4569490.9,  1,  20.9,   1.0, 0.100
2025-11-03 11:14:12,        0,  33.6,  13.9,  25.2, 28.304, 24.773,  0.701,4592707.5,  1,  20.9,   1.0, 0.100
2025-11-03 11:14:13,        0,  35.5,  19.4,  25.2, 24.915, 21.511,  0.541,4616494.1,  1,  20.9,   1.0, 0.100
2025-11-03 11:14:14,        0,  34.7,  17.1,  25.2, 21.656, 18.475,  0.406,4634348.8,  1,  20.9,   1.0, 0.100
2025-11-03 11:14:15,        0,  35.6,  19.7,  25.2, 22.033, 18.722,  0.415,4651456.3,  1,  20.9,   1.0, 0.100
2025-11-03 11:14:16,        0,  35.3,  19.0,  25.2, 26.368, 22.782,  0.602,4672463.4,  1,  20.9,   1.0, 0.100
2025-11-03 11:14:18,        0,  34.0,  14.9,  25.2, 19.435, 16.300,  0.322,4694981.4,  1,  20.9,   1.0, 0.100
2025-11-03 11:14:18,        0,  34.9,  17.8,  25.2, 24.773, 21.235,  0.526,4713637.0,  1,  21.0,   1.0, 0.100
2025-11-03 11:14:19,        0,  34.7,  17.0,  25.3, 17.805, 14.739,  0.278,4730550.0,  1,  20.9,   1.0, 0.100
2025-11-03 11:14:20,        0,  35.5,  19.4,  25.2, 24.777, 21.143,  0.525,4750304.9,  1,  20.9,   1.0, 0.100
2025-11-03 11:14:22,        0,  34.0,  14.9,  25.2, 21.907, 18.503,  0.406,4773878.2,  1,  20.9,   1.0, 0.100
2025-11-03 11:14:22,        0,  33.2,  12.5,  25.2, 23.053, 19.523,  0.456,4791074.5,  1,  20.9,   1.0, 0.100
2025-11-03 11:14:23,        0,  34.0,  14.9,  25.2, 21.142, 17.726,  0.376,4807716.3,  1,  20.9,   1.0, 0.100
2025-11-03 11:14:24,        0,  35.4,  19.2,  25.2, 22.335, 18.813,  0.421,4825348.5,  1,  20.9,   1.0, 0.100
2025-11-03 11:14:25,        0,  34.4,  16.3,  25.3, 22.099, 18.585,  0.412,4844266.5,  1,  20.9,   1.0, 0.100
2025-11-03 11:14:26,        0,  32.0,   9.1,  25.3, 20.309, 16.942,  0.363,4866015.4,  1,  20.9,   1.0, 0.100
2025-11-03 11:14:27,        0,  32.9,  11.7,  25.2, 19.835, 16.472,  0.327,4880241.6,  1,  20.9,   1.0, 0.100
2025-11-03 11:14:28,        0,  32.8,  11.3,  25.2, 19.724, 16.350,  0.323,4894636.7,  1,  20.9,   1.0, 0.100
2025-11-03 11:14:29,        0,  31.8,   8.5,  25.2, 15.493, 12.443,  0.194,4906206.2,  1,  20.9,   1.0, 0.100
2025-11-03 11:14:30,        0,  32.7,  11.1,  25.2, 16.690, 13.479,  0.226,4921370.3,  1,  20.9,   1.0, 0.100
2025-11-03 11:14:31,        0,  30.4,   4.1,  25.2, 16.974, 13.732,  0.240,4934428.5,  1,  20.9,   1.0, 0.100
2025-11-03 11:14:32,        0,  33.5,  13.6,  25.3, 15.890, 12.690,  0.202,4944389.5,  1,  20.9,   1.0, 0.100
2025-11-03 11:14:33,        0,  33.1,  12.2,  25.2, 17.829, 14.464,  0.258,4958598.1,  1,  20.9,   1.0, 0.100
2025-11-03 11:14:35,        0,  32.8,  11.3,  25.2, 16.888, 13.608,  0.233,4975013.7,  1,  20.9,   1.0, 0.100
2025-11-03 11:14:35,        0,  33.0,  12.0,  25.2, 17.102, 13.786,  0.236,4988275.1,  1,  20.9,   1.0, 0.100
2025-11-03 11:14:36,        0,  32.6,  10.8,  25.3, 16.298, 13.047,  0.216,5001126.6,  1,  20.9,   1.0, 0.100
2025-11-03 11:14:37,        0,  32.7,  11.0,  25.2, 16.974, 13.659,  0.232,5013982.8,  1,  20.9,   1.0, 0.100
2025-11-03 11:14:38,        0,  32.1,   9.3,  25.2, 12.566,  9.666,  0.133,5025033.5,  1,  20.9,   1.0, 0.100
2025-11-03 11:14:39,        0,  32.9,  11.8,  25.2, 10.795,  8.041,  0.092,5037777.8,  1,  20.9,   1.0, 0.100
2025-11-03 11:14:40,        0,  32.1,   9.3,  25.2, 16.782, 13.439,  0.227,5049105.9,  1,  20.9,   1.0, 0.100
2025-11-03 11:14:41,        0,  32.9,  11.8,  25.2, 16.762, 13.413,  0.228,5061260.5,  1,  20.9,   1.0, 0.100
2025-11-03 11:14:42,        0,  32.1,   9.2,  25.2, 13.333, 10.321,  0.139,5071529.2,  1,  20.9,   1.0, 0.100
2025-11-03 11:14:43,        0,  32.4,  10.1,  25.2, 12.378,  9.429,  0.120,5083309.1,  1,  20.9,   0.9, 0.100
2025-11-03 11:14:44,        0,  33.1,  12.3,  25.2, 14.253, 11.123,  0.159,5094041.7,  1,  20.9,   0.9, 0.100
2025-11-03 11:14:45,        0,  30.5,   4.6,  25.3, 13.704, 10.635,  0.155,5104887.9,  1,  20.9,   0.9, 0.100
2025-11-03 11:14:46,        0,  31.6,   7.9,  25.2, 11.188,  8.338,  0.094,5112294.6,  1,  20.9,   0.9, 0.100
2025-11-03 11:14:48,        0,  32.1,   9.2,  25.2, 14.577, 11.375,  0.166,5124732.9,  1,  20.9,   0.9, 0.100
2025-11-03 11:14:48,        0,  31.5,   7.5,  25.2, 11.349,  8.490,  0.099,5133564.9,  1,  20.9,   0.9, 0.100
2025-11-03 11:14:49,        0,  30.9,   5.8,  25.2, 10.632,  7.833,  0.086,5141478.3,  1,  20.9,   0.9, 0.100
2025-11-03 11:14:50,        0,  31.6,   7.7,  25.2, 10.403,  7.613,  0.080,5148786.4,  1,  20.9,   0.9, 0.100
2025-11-03 11:14:52,        0,  31.2,   6.5,  25.3, 12.701,  9.656,  0.123,5159368.6,  1,  20.9,   0.8, 0.100
2025-11-03 11:14:52,        0,  31.2,   6.7,  25.2,  9.747,  7.025,  0.069,5166611.4,  1,  20.9,   0.9, 0.100
2025-11-03 11:14:53,        0,  30.2,   3.6,  25.2,  9.061,  6.419,  0.060,5172736.5,  1,  20.9,   0.9, 0.100
2025-11-03 11:14:54,        0,  30.2,   3.6,  25.3,  9.530,  6.828,  0.067,5179529.2,  1,  20.9,   0.9, 0.100
2025-11-03 11:14:55,        0,  31.1,   6.3,  25.2,  9.904,  7.145,  0.071,5185923.7,  1,  20.9,   0.9, 0.100
2025-11-03 11:14:56,        0,  30.7,   5.1,  25.2, 10.990,  8.108,  0.089,5195009.3,  1,  20.9,   0.9, 0.100
2025-11-03 11:14:57,        0,  31.2,   6.7,  25.2,  8.513,  5.918,  0.051,5201187.6,  1,  20.9,   0.9, 0.100
2025-11-03 11:14:58,        0,  31.9,   8.7,  25.2, 12.462,  9.408,  0.118,5209561.9,  1,  20.9,   0.9, 0.100
2025-11-03 11:14:59,        0,  31.0,   6.0,  25.2, 11.581,  8.636,  0.103,5217554.1,  1,  20.9,   0.9, 0.100
2025-11-03 11:15:01,        0,  29.7,   2.2,  25.3,  8.941,  6.293,  0.058,5224354.8,  1,  20.9,   0.9, 0.100
2025-11-03 11:15:01,        0,  30.1,   3.4,  25.2,  6.242,  4.000,  0.032,5228208.8,  1,  20.9,   1.0, 0.100
2025-11-03 11:15:02,        0,  30.5,   4.4,  25.2, 10.672,  7.816,  0.084,5234659.0,  1,  20.9,   0.9, 0.100
2025-11-03 11:15:03,        0,  30.1,   3.2,  25.2,  8.709,  6.084,  0.054,5240460.6,  1,  20.9,   1.0, 0.100
2025-11-03 11:15:05,        0,  30.3,   3.8,  25.2,  9.476,  6.754,  0.064,5247968.7,  1,  20.9,   0.9, 0.100
2025-11-03 11:15:05,        0,  30.2,   3.7,  25.2,  9.407,  6.695,  0.064,5252826.8,  1,  20.9,   1.0, 0.100
2025-11-03 11:15:06,        0,  30.5,   4.6,  25.2,  9.453,  6.741,  0.065,5258404.6,  1,  20.9,   0.9, 0.100
2025-11-03 11:15:07,        0,  30.3,   3.9,  25.2,  9.535,  6.805,  0.067,5264502.0,  1,  20.9,   0.9, 0.100
2025-11-03 11:15:08,        0,  30.3,   3.9,  25.3, 10.071,  7.277,  0.073,5270233.1,  1,  20.9,   0.9, 0.100
2025-11-03 11:15:09,        0,  30.0,   2.9,  25.2,  6.013,  3.745,  0.025,5275582.4,  1,  20.9,   0.9, 0.100
2025-11-03 11:15:10,        0,  30.1,   3.4,  25.2, 10.187,  7.379,  0.076,5281335.8,  1,  20.9,   0.9, 0.100
2025-11-03 11:15:11,        0,  30.4,   4.1,  25.2,  8.389,  5.802,  0.049,5286328.4,  1,  20.9,   0.9, 0.100
2025-11-03 11:15:12,        0,  30.1,   3.2,  25.3,  7.531,  5.049,  0.039,5291290.1,  1,  20.9,   0.9, 0.100
2025-11-03 11:15:13,        0,  30.4,   4.2,  25.2,  7.403,  4.952,  0.037,5295732.5,  1,  20.9,   0.9, 0.100
2025-11-03 11:15:14,        0,  30.4,   4.1,  25.2,  8.431,  5.838,  0.049,5301363.5,  1,  20.9,   0.9, 0.100
2025-11-03 11:15:15,        0,  30.0,   2.9,  25.2,  8.288,  5.713,  0.048,5306515.8,  1,  20.9,   0.9, 0.100
2025-11-03 11:15:16,        0,  30.5,   4.4,  25.2,  5.704,  3.520,  0.027,5309867.8,  1,  20.9,   0.9, 0.100
2025-11-03 11:15:17,        0,  30.5,   4.6,  25.2,  8.529,  5.923,  0.051,5316698.6,  1,  20.9,   0.9, 0.100
2165-165-165 45:165:85,        0,  30.4,   4.1,  25.2,  7.079,  4.655,  0.033,5321586.5,  1,  20.9,   0.9, 0.100
2025-11-03 11:15:19,        0,  30.0,   3.0,  25.2,  8.328,  5.749,  0.049,5326248.9,  1,  20.9,   0.9, 0.100
2025-11-03 11:15:20,        0,  29.8,   2.5,  25.2,  6.237,  3.933,  0.025,5328868.3,  1,  20.9,   0.9, 0.100
2025-11-03 11:15:22,        0,  30.2,   3.6,  25.2,  7.877,  5.370,  0.042,5333460.7,  1,  20.9,   0.9, 0.100
2025-11-03 11:15:22,        0,  29.3,   1.0,  25.3,  7.301,  4.855,  0.035,5337505.8,  1,  20.9,   0.9, 0.100
2025-11-03 11:15:23,        0,  29.6,   1.8,  25.2,  1.443,  0.063,  0.000,5337730.1,  1,  20.9,   0.9, 0.100
2025-11-03 11:15:24,        0,  30.2,   3.6,  25.2,  3.901,  2.131,  0.015,5339402.7,  1,  21.0,   0.9, 0.100
2025-11-03 11:15:26,        0,  30.1,   3.4,  25.2,  6.161,  3.878,  0.025,5344460.3,  1,  20.9,   0.9, 0.100
2025-11-03 11:15:26,        0,  30.1,   3.2,  25.2,  7.630,  5.145,  0.039,5349013.3,  1,  20.9,   0.9, 0.100
2025-11-03 11:15:27,        0,  29.9,   2.6,  25.2,  7.467,  5.003,  0.038,5352377.8,  1,  20.9,   0.9, 0.100
2025-11-03 11:15:28,        0,  30.1,   3.2,  25.2,  1.387,  0.038,  0.000,5352503.6,  1,  20.9,   1.0, 0.100
2025-11-03 11:15:30,        0,  29.4,   1.3,  25.2,  5.853,  3.612,  0.023,5357310.2,  1,  20.9,   1.0, 0.100
2025-11-03 11:15:30,        0,  30.0,   3.0,  25.3,  4.094,  2.171,  0.014,5359133.2,  1,  20.9,   1.0, 0.100
2025-11-03 11:15:31,        0,  30.3,   3.9,  25.2,  7.718,  5.228,  0.041,5363658.6,  1,  20.9,   1.0, 0.100
2025-11-03 11:15:32,        0,  30.1,   3.2,  25.2,  7.021,  4.614,  0.033,5367905.3,  1,  20.9,   1.0, 0.100
2025-11-03 11:15:34,        0,  29.6,   1.8,  25.2,  6.775,  4.399,  0.030,5373097.5,  1,  20.9,   1.0, 0.100
2025-11-03 11:15:34,        0,  29.5,   1.5,  25.2,  1.552,  0.111,  0.000,5373789.8,  1,  21.0,   1.0, 0.100
2025-11-03 11:15:35,        0,  29.0,   0.1,  25.2,  1.270,  0.006,  0.000,5373803.7,  1,  20.9,   1.0, 0.100
2025-11-03 11:15:36,        0,  29.6,   1.7,  25.2,  1.187, -0.005,  0.000,5373799.1,  1,  20.9,   1.0, 0.100
2025-11-03 11:15:38,        0,  30.0,   3.1,  25.3,  6.696,  4.349,  0.029,5377129.6,  1,  20.9,   1.0, 0.100
2025-11-03 11:15:38,        0,  29.7,   2.2,  25.2,  7.180,  4.762,  0.034,5381517.1,  1,  20.9,   1.0, 0.100
2025-11-03 11:15:39,        0,  30.0,   2.9,  25.3,  1.619,  0.145,  0.000,5382469.3,  1,  20.9,   1.0, 0.100
2025-11-03 11:15:40,        0,  29.3,   1.0,  25.2,  4.785,  2.697,  0.015,5384923.9,  1,  20.9,   1.0, 0.100
2025-11-03 11:15:41,        0,  29.7,   2.2,  25.2,  1.444,  0.061,  0.000,5385007.3,  1,  20.9,   1.0, 0.100
2025-11-03 11:15:42,        0,  30.0,   3.0,  25.2,  3.582,  1.901,  0.013,5386801.1,  1,  21.0,   1.0, 0.100
2025-11-03 11:15:43,        0,  30.1,   3.2,  25.2,  6.837,  4.464,  0.031,5391088.4,  1,  20.9,   1.0, 0.100
2025-11-03 11:15:44,        0,  30.0,   2.9,  25.2,  6.338,  4.025,  0.026,5395082.4,  1,  20.9,   1.0, 0.100
2025-11-03 11:15:45,        0,  29.3,   1.0,  25.2,  4.983,  2.862,  0.016,5397827.0,  1,  20.9,   1.0, 0.100
2025-11-03 11:15:46,        0,  29.8,   2.5,  25.2,  1.315,  0.019,  0.000,5397910.4,  1,  20.9,   1.0, 0.100
2025-11-03 11:15:47,        0,  29.8,   2.4,  25.2,  1.956,  0.608,  0.004,5399228.9,  1,  20.9,   1.0, 0.100
2025-11-03 11:15:48,        0,  29.2,   0.5,  25.2,  2.883,  1.094,  0.004,5400472.8,  1,  21.0,   1.0, 0.100
2025-11-03 11:15:49,        0,  30.0,   2.9,  25.2,  1.269,  0.009,  0.000,5400494.2,  1,  20.9,   0.9, 0.100
2025-11-03 11:15:51,        0,  29.7,   2.0,  25.2,  3.189,  1.353,  0.005,5402284.5,  1,  20.9,   0.9, 0.100
2025-11-03 11:15:51,        0,  29.8,   2.5,  25.2,  1.266,  0.010,  0.000,5402303.8,  1,  20.9,   0.9, 0.100
2025-11-03 11:15:52,        0,  29.9,   2.7,  25.2,  5.320,  3.287,  0.022,5404758.5,  1,  20.9,   0.9, 0.100
2025-11-03 11:15:53,        0,  30.0,   3.1,  25.2,  6.966,  4.589,  0.032,5408332.9,  1,  20.9,   1.0, 0.100
2025-11-03 11:15:54,        0,  29.7,   2.2,  25.2,  6.677,  4.336,  0.030,5412335.3,  1,  20.9,   0.9, 0.100
2025-11-03 11:15:55,        0,  29.2,   0.6,  25.2,  1.348,  0.029,  0.000,5412574.6,  1,  20.9,   0.9, 0.100
2025-11-03 11:15:56,        0,  29.5,   1.5,  25.2,  1.203,  0.001,  0.000,5412577.1,  1,  20.9,   0.9, 0.100
2025-11-03 11:15:57,        0,  29.6,   1.8,  25.2,  1.130, -0.005,  0.000,5412572.9,  1,  20.9,   0.9, 0.100
2025-11-03 11:15:58,        0,  29.7,   2.0,  25.2,  1.075, -0.006,  0.000,5413429.1,  1,  21.0,   0.9, 0.100
2025-11-03 11:15:59,        0,  30.0,   3.1,  25.2,  1.669,  0.179,  0.000,5414414.0,  1,  20.9,   0.9, 0.100
2025-11-03 11:16:00,        0,  30.1,   3.2,  25.3,  6.829,  4.478,  0.031,5418658.2,  1,  21.0,   0.8, 0.100
2025-11-03 11:16:01,        0,  30.0,   2.9,  25.2,  2.733,  0.979,  0.003,5420653.5,  1,  20.9,   0.9, 0.100
2025-11-03 11:16:02,        0,  29.7,   2.2,  25.2,  6.693,  4.364,  0.029,5423865.4,  1,  21.0,   0.9, 0.100
2025-11-03 11:16:03,        0,  29.2,   0.7,  25.3,  6.175,  3.918,  0.025,5426191.4,  1,  21.0,   0.9, 0.100
2025-11-03 11:16:04,        0,  29.3,   1.0,  25.2,  1.535,  0.108,  0.000,5426513.7,  1,  20.9,   0.9, 0.100
2025-11-03 11:16:05,        0,  29.7,   2.2,  25.2,  1.185,  0.001,  0.000,5426518.3,  1,  20.9,   0.8, 0.100
2025-11-03 11:16:06,        0,  29.6,   1.9,  25.1,  1.110, -0.005,  0.000,5426514.5,  1,  20.9,   0.9, 0.100
2025-11-03 11:16:07,        0,  29.6,   1.7,  25.2,  1.055, -0.007,  0.000,5426509.1,  1,  20.9,   0.9, 0.100
2025-11-03 11:16:08,        0,  29.7,   2.2,  25.2,  0.973, -0.005,  0.000,5426503.2,  1,  20.9,   0.9, 0.100
2025-11-03 11:16:09,        0,  29.6,   1.9,  25.2,  0.927, -0.005,  0.000,5426999.0,  1,  20.9,   0.9, 0.100
2025-11-03 11:16:10,        0,  29.8,   2.4,  25.2,  1.546,  0.123,  0.000,5427547.6,  1,  20.9,   0.9, 0.100
2025-11-03 11:16:11,        0,  29.8,   2.5,  25.2,  1.224,  0.007,  0.000,5427558.9,  1,  20.9,   0.9, 0.100
2025-11-03 11:16:13,        0,  29.9,   2.6,  25.2,  1.227,  0.123,  0.001,5428248.7,  1,  20.9,   1.0, 0.100
2025-11-03 11:16:13,        0,  30.0,   2.9,  25.2,  6.645,  4.347,  0.029,5432397.4,  1,  21.0,   1.0, 0.100
2025-11-03 11:16:14,        0,  29.7,   2.2,  25.3,  5.677,  3.506,  0.021,5434655.0,  1,  20.9,   1.0, 0.100
2025-11-03 11:16:15,        0,  29.6,   1.8,  25.2,  4.803,  2.847,  0.018,5436096.3,  1,  20.9,   0.9, 0.100
2025-11-03 11:16:16,        0,  29.8,   2.4,  25.2,  1.551,  0.127,  0.000,5436340.2,  1,  20.9,   1.0, 0.100
2025-11-03 11:16:17,        0,  29.5,   1.5,  25.2,  1.163,  0.001,  0.000,5436348.2,  1,  20.9,   0.9, 0.100
2025-11-03 11:16:18,        0,  29.6,   1.9,  25.2,  1.084, -0.004,  0.000,5436344.0,  1,  20.9,   0.9, 0.100
2025-11-03 11:16:19,        0,  29.7,   2.0,  25.2,  0.993, -0.005,  0.000,5436339.8,  1,  20.9,   1.0, 0.100
2025-11-03 11:16:20,        0,  29.8,   2.4,  25.2,  0.938, -0.004,  0.000,5436335.2,  1,  20.9,   0.9, 0.100
2025-11-03 11:16:21,        0,  29.7,   2.2,  25.1,  0.865, -0.005,  0.000,5436329.3,  1,  20.9,   0.9, 0.100
2025-11-03 11:16:22,        0,  29.9,   2.6,  25.2,  0.822, -0.005,  0.000,5436325.1,  1,  20.9,   1.0, 0.100
2025-11-03 11:16:23,        0,  29.8,   2.5,  25.2,  0.785, -0.005,  0.000,5436320.5,  1,  20.9,   0.9, 0.100
2025-11-03 11:16:24,        0,  30.0,   2.9,  25.2,  0.732, -0.004,  0.000,5436315.5,  1,  20.9,   0.9, 0.100
2025-11-03 11:16:26,        0,  29.8,   2.4,  25.2,  6.669,  4.387,  0.029,5441070.5,  1,  20.9,   0.9, 0.100
2025-11-03 11:16:26,        0,  29.3,   0.8,  25.2,  1.720,  0.238,  0.000,5442230.6,  1,  20.9,   1.0, 0.100
2025-11-03 11:16:27,        0,  29.7,   2.0,  25.2,  1.232,  0.014,  0.000,5442251.5,  1,  20.9,   0.9, 0.100
2025-11-03 11:16:28,        0,  29.6,   1.7,  25.2,  1.119, -0.002,  0.000,5442250.3,  1,  21.0,   1.0, 0.100
2025-11-03 11:16:29,        0,  29.7,   2.0,  25.2,  1.014, -0.003,  0.000,5442246.5,  1,  20.9,   1.0, 0.100
2025-11-03 11:16:30,        0,  29.7,   2.2,  25.2,  0.957, -0.005,  0.000,5442241.5,  1,  20.9,   1.0, 0.100
2025-11-03 11:16:31,        0,  29.7,   2.2,  25.2,  0.876, -0.003,  0.000,5442237.7,  1,  20.9,   1.0, 0.100
2025-11-03 11:16:32,        0,  29.8,   2.5,  25.2,  0.825, -0.004,  0.000,5442233.9,  1,  20.9,   1.0, 0.100
2025-11-03 11:16:33,        0,  29.8,   2.4,  25.2,  0.783, -0.005,  0.000,5442230.2,  1,  20.9,   1.0, 0.100
2025-11-03 11:16:35,        0,  29.8,   2.5,  25.2,  6.594,  4.344,  0.029,5445022.6,  1,  20.9,   1.0, 0.100
2025-11-03 11:16:35,        0,  29.8,   2.4,  25.2,  1.341,  0.047,  0.000,5445209.9,  1,  20.9,   1.0, 0.100
2025-11-03 11:16:36,        0,  29.9,   2.7,  25.2,  1.146,  0.004,  0.000,5445217.1,  1,  20.9,   1.0, 0.100
2025-11-03 11:16:37,        0,  29.7,   2.2,  25.2,  6.596,  4.349,  0.029,5448039.2,  1,  20.9,   1.0, 0.100
2025-11-03 11:16:38,        0,  29.9,   2.6,  25.2,  1.348,  0.054,  0.000,5448280.2,  1,  20.9,   1.0, 0.100
2025-11-03 11:16:39,        0,  29.4,   1.3,  25.2,  1.146,  0.004,  0.000,5448288.6,  1,  20.9,   1.0, 0.100
2025-11-03 11:16:40,        0,  29.6,   1.9,  25.1,  1.025, -0.004,  0.000,5448285.3,  1,  20.9,   0.9, 0.100
2025-11-03 11:16:41,        0,  29.8,   2.4,  25.2,  0.966, -0.004,  0.000,5448281.5,  1,  20.9,   1.0, 0.100
2025-11-03 11:16:42,        0,  29.7,   2.2,  25.2,  0.911, -0.004,  0.000,5448276.5,  1,  20.9,   1.0, 0.100
2025-11-03 11:16:44,        0,  29.7,   2.0,  25.2,  0.838, -0.004,  0.000,5448271.8,  1,  20.9,   0.9, 0.100
2025-11-03 11:16:44,        0,  29.7,   2.2,  25.2,  0.791, -0.004,  0.000,5448268.1,  1,  20.9,   1.0, 0.100
2025-11-03 11:16:45,        0,  29.8,   2.4,  25.2,  0.734, -0.004,  0.000,5448263.0,  1,  20.9,   1.0, 0.100
2025-11-03 11:16:46,        0,  29.9,   2.6,  25.1,  0.697, -0.004,  0.000,5448259.7,  1,  20.9,   1.0, 0.100
2025-11-03 11:16:47,        0,  29.7,   2.2,  25.2,  0.661, -0.004,  0.000,5448255.5,  1,  20.9,   1.0, 0.100
2025-11-03 11:16:48,        0,  29.9,   2.7,  25.2,  0.615, -0.004,  0.000,5448250.9,  1,  20.9,   0.9, 0.100
2025-11-03 11:16:49,        0,  29.9,   2.7,  25.2,  4.748,  2.890,  0.016,5449627.2,  1,  20.9,   1.0, 0.100
2025-11-03 11:16:50,        0,  29.6,   1.7,  25.2,  6.589,  4.349,  0.029,5452843.3,  1,  20.9,   0.9, 0.100
2025-11-03 11:16:51,        0,  29.2,   0.5,  25.2,  1.712,  0.252,  0.000,5453405.3,  1,  20.9,   0.9, 0.100
2025-11-03 11:16:52,        0,  29.5,   1.5,  25.2,  1.131,  0.004,  0.000,5453419.6,  1,  20.9,   0.9, 0.100
2025-11-03 11:16:53,        0,  29.7,   2.0,  25.2,  1.045, -0.002,  0.000,5453417.9,  1,  20.9,   0.9, 0.100
2025-11-03 11:16:54,        0,  29.7,   2.0,  25.2,  0.946, -0.003,  0.000,5453414.6,  1,  20.9,   0.9, 0.100
2025-11-03 11:16:55,        0,  29.7,   2.2,  25.2,  0.891, -0.005,  0.000,5453409.5,  1,  20.9,   0.9, 0.100
2025-11-03 11:16:56,        0,  29.7,   2.2,  25.2,  0.841, -0.003,  0.000,5453407.4,  1,  20.9,   0.9, 0.100
2025-11-03 11:16:57,        0,  29.7,   2.0,  25.2,  0.765, -0.005,  0.000,5453403.7,  1,  20.9,   1.0, 0.100
2025-11-03 11:16:58,        0,  29.7,   2.0,  25.2,  0.726, -0.004,  0.000,5453398.6,  1,  21.0,   0.9, 0.100
2025-11-03 11:16:59,        0,  29.7,   2.2,  25.1,  0.668, -0.004,  0.000,5453395.3,  1,  20.9,   0.9, 0.100
2025-11-03 11:17:00,        0,  29.8,   2.5,  25.2,  0.637, -0.005,  0.000,5453391.5,  1,  20.9,   0.9, 0.100
2025-11-03 11:17:01,        0,  29.9,   2.6,  25.2,  0.605, -0.003,  0.000,5453388.2,  1,  20.9,   0.9, 0.100
2025-11-03 11:17:02,        0,  29.8,   2.4,  25.2,  0.557, -0.003,  0.000,5453384.4,  1,  20.9,   0.9, 0.100
2025-11-03 11:17:03,        0,  29.7,   2.2,  25.2,  0.529, -0.003,  0.000,5453381.0,  1,  20.9,   0.9, 0.100
2025-11-03 11:17:04,        0,  29.8,   2.4,  25.2,  0.489, -0.003,  0.000,5453378.5,  1,  20.9,   0.9, 0.100
2025-11-03 11:17:05,        0,  29.9,   2.6,  25.2,  0.468, -0.003,  0.000,5453375.2,  1,  20.9,   0.8, 0.100
2025-11-03 11:17:06,        0,  29.9,   2.7,  25.2,  0.436, -0.003,  0.000,5453372.7,  1,  21.0,   0.8, 0.100
2025-11-03 11:17:07,        0,  29.8,   2.5,  25.2,  3.594,  1.804,  0.008,5454399.4,  1,  20.9,   0.9, 0.100
2025-11-03 11:17:08,        0,  29.7,   2.2,  25.1,  1.279,  0.043,  0.000,5454435.9,  1,  20.9,   0.9, 0.100
2025-11-03 11:17:09,        0,  29.8,   2.5,  25.2,  1.042, -0.001,  0.000,5454436.3,  1,  20.9,   0.9, 0.100
2025-11-03 11:17:10,        0,  29.9,   2.7,  25.2,  0.931, -0.002,  0.000,5454433.8,  1,  21.0,   0.9, 0.100
2025-11-03 11:17:11,        0,  29.9,   2.6,  25.2,  4.371,  2.464,  0.013,5456924.5,  1,  20.9,   0.8, 0.100
2025-11-03 11:17:12,        0,  29.6,   1.9,  25.2,  6.556,  4.346,  0.028,5460665.3,  1,  20.9,   0.9, 0.100
2025-11-03 11:17:13,        0,  29.7,   2.0,  25.2,  1.696,  0.262,  0.000,5460924.3,  1,  20.9,   0.9, 0.100
2025-11-03 11:17:15,        0,  29.3,   0.8,  25.2,  1.105,  0.005,  0.000,5460934.0,  1,  20.9,   0.9, 0.100
2025-11-03 11:17:15,        0,  29.4,   1.3,  25.2,  0.986, -0.003,  0.000,5460931.5,  1,  20.9,   0.9, 0.100
2025-11-03 11:17:16,        0,  29.3,   1.0,  25.2,  0.926, -0.004,  0.000,5460927.7,  1,  20.9,   0.9, 0.100
2025-11-03 11:17:17,        0,  29.6,   1.7,  25.2,  0.874, -0.003,  0.000,5460924.3,  1,  20.9,   0.9, 0.100
2165-165-165 45:165:85,        0,  29.4,   1.3,  25.1,  0.797, -0.003,  0.000,5460919.7,  1,  20.9,   0.9, 0.100
2025-11-03 11:17:19,        0,  29.6,   1.7,  25.1,  0.751, -0.004,  0.000,5460915.9,  1,  20.9,   1.0, 0.100
2025-11-03 11:17:20,        0,  29.6,   1.7,  25.2,  0.692, -0.004,  0.000,5460912.6,  1,  20.9,   1.0, 0.100
2025-11-03 11:17:21,        0,  29.6,   1.7,  25.2,  0.660, -0.005,  0.000,5460908.0,  1,  20.9,   1.0, 0.100
2025-11-03 11:17:22,        0,  29.6,   1.7,  25.2,  0.628, -0.004,  0.000,5460904.6,  1,  20.9,   1.0, 0.100
2025-11-03 11:17:23,        0,  29.5,   1.5,  25.1,  0.582, -0.003,  0.000,5460900.4,  1,  20.9,   1.0, 0.100
2025-11-03 11:17:24,        0,  29.6,   1.7,  25.1,  0.554, -0.004,  0.000,5460897.1,  1,  20.9,   1.0, 0.100
2025-11-03 11:17:25,        0,  29.6,   1.8,  25.2,  0.515, -0.003,  0.000,5460894.2,  1,  20.9,   1.0, 0.100
2025-11-03 11:17:26,        0,  29.6,   1.9,  25.2,  0.488, -0.003,  0.000,5460891.6,  1,  20.9,   1.0, 0.100
2025-11-03 11:17:27,        0,  29.6,   1.8,  25.2,  0.453, -0.003,  0.000,5460888.3,  1,  20.9,   1.0, 0.100
2025-11-03 11:17:28,        0,  29.6,   1.9,  25.2,  0.431, -0.003,  0.000,5460886.2,  1,  20.9,   1.0, 0.100
2025-11-03 11:17:29,        0,  29.6,   1.7,  25.2,  0.410, -0.002,  0.000,5460884.1,  1,  20.9,   1.0, 0.100
2025-11-03 11:17:30,        0,  29.6,   1.7,  25.2,  0.381, -0.003,  0.000,5460881.6,  1,  20.9,   1.0, 0.100
2025-11-03 11:17:32,        0,  29.6,   1.8,  25.2,  0.354, -0.002,  0.000,5460879.5,  1,  20.9,   1.0, 0.100
2025-11-03 11:17:32,        0,  29.7,   2.0,  25.1,  0.338, -0.002,  0.000,5460877.0,  1,  20.9,   1.0, 0.100
2025-11-03 11:17:33,        0,  29.6,   1.9,  25.1,  0.323, -0.002,  0.000,5460875.7,  1,  20.9,   1.0, 0.100
2025-11-03 11:17:34,        0,  29.6,   1.8,  25.2,  0.302, -0.002,  0.000,5460873.6,  1,  20.9,   1.0, 0.100
2025-11-03 11:17:35,        0,  29.6,   1.9,  25.2,  0.291, -0.003,  0.000,5460871.1,  1,  20.9,   1.0, 0.100
2025-11-03 11:17:36,        0,  29.6,   1.7,  25.2,  0.274, -0.002,  0.000,5460869.0,  1,  20.9,   1.0, 0.100
2025-11-03 11:17:37,        0,  29.7,   2.0,  25.1,  0.266, -0.003,  0.000,5460866.9,  1,  20.9,   1.0, 0.100
2025-11-03 11:17:38,        0,  29.6,   1.9,  25.2,  0.257, -0.002,  0.000,5460864.4,  1,  20.9,   1.0, 0.100
2025-11-03 11:17:39,        0,  29.6,   1.8,  25.2,  0.246, -0.003,  0.000,5460862.7,  1,  20.9,   1.0, 0.100
2025-11-03 11:17:41,        0,  29.7,   2.0,  25.2,  0.239, -0.002,  0.000,5460859.8,  1,  20.9,   1.0, 0.100
2025-11-03 11:17:41,        0,  29.7,   2.0,  25.2,  0.230, -0.003,  0.000,5460857.3,  1,  20.9,   1.0, 0.100
2025-11-03 11:17:42,        0,  29.7,   2.0,  25.2,  0.226, -0.002,  0.000,5460855.6,  1,  20.9,   1.0, 0.100
2025-11-03 11:17:43,        0,  29.7,   2.2,  25.1,  0.221, -0.002,  0.000,5460853.5,  1,  20.9,   1.0, 0.100
2025-11-03 11:17:45,        0,  29.7,   2.2,  25.2,  0.215, -0.002,  0.000,5460850.6,  1,  20.9,   1.0, 0.100
2025-11-03 11:17:45,        0,  29.7,   2.0,  25.1,  0.212, -0.003,  0.000,5460848.5,  1,  20.9,   1.0, 0.100
2025-11-03 11:17:46,        0,  29.6,   1.8,  25.2,  0.204, -0.001,  0.000,5460847.2,  1,  20.9,   1.0, 0.100
2025-11-03 11:17:47,        0,  29.7,   2.0,  25.2,  0.198, -0.002,  0.000,5460845.1,  1,  20.9,   1.0, 0.100
2025-11-03 11:17:48,        0,  29.7,   2.2,  25.1,  0.193, -0.003,  0.000,5460842.6,  1,  20.9,   1.0, 0.100
2025-11-03 11:17:49,        0,  29.8,   2.4,  25.2,  0.195, -0.003,  0.000,5460839.7,  1,  20.9,   1.0, 0.100
2025-11-03 11:17:50,        0,  29.7,   2.0,  25.1,  0.193, -0.003,  0.000,5460836.7,  1,  20.9,   1.0, 0.100
2025-11-03 11:17:51,        0,  29.7,   2.2,  25.1,  0.190, -0.002,  0.000,5460835.5,  1,  20.9,   1.0, 0.100
2025-11-03 11:17:52,        0,  29.7,   2.2,  25.2,  0.187, -0.001,  0.000,5460833.4,  1,  20.9,   1.0, 0.100
2025-11-03 11:17:54,        0,  29.7,   2.2,  25.1,  0.181, -0.002,  0.000,5460832.5,  1,  20.9,   1.0, 0.100
2025-11-03 11:17:54,        0,  29.8,   2.4,  25.1,  0.176, -0.002,  0.000,5460830.0,  1,  20.9,   1.0, 0.100
2025-11-03 11:17:55,        0,  29.8,   2.4,  25.1,  0.177, -0.003,  0.000,5460827.9,  1,  20.9,   1.0, 0.100
2025-11-03 11:17:56,        0,  29.6,   1.9,  25.2,  0.177, -0.002,  0.000,5460825.4,  1,  20.9,   1.0, 0.100
2025-11-03 11:17:58,        0,  29.7,   2.2,  25.1,  0.176, -0.002,  0.000,5460822.9,  1,  20.9,   1.0, 0.100
2025-11-03 11:17:58,        0,  29.7,   2.2,  25.2,  0.174, -0.002,  0.000,5460821.2,  1,  20.9,   1.0, 0.100
2025-11-03 11:17:59,        0,  29.7,   2.2,  25.1,  0.173, -0.002,  0.000,5460818.7,  1,  20.9,   1.0, 0.100
2025-11-03 11:18:00,        0,  29.8,   2.4,  25.2,  0.171, -0.002,  0.000,5460817.0,  1,  20.9,   1.0, 0.100
2025-11-03 11:18:01,        0,  29.7,   2.2,  25.1,  0.169, -0.002,  0.000,5460815.4,  1,  20.9,   1.0, 0.100
2025-11-03 11:18:02,        0,  29.8,   2.4,  25.2,  0.168, -0.002,  0.000,5460812.8,  1,  20.9,   1.0, 0.100
2025-11-03 11:18:03,        0,  29.7,   2.0,  25.1,  0.166, -0.002,  0.000,5460810.8,  1,  20.9,   1.0, 0.100
2025-11-03 11:18:04,        0,  29.8,   2.4,  25.1,  0.165, -0.002,  0.000,5460808.2,  1,  20.9,   1.0, 0.100
2025-11-03 11:18:05,        0,  29.9,   2.6,  25.2,  0.163, -0.002,  0.000,5460807.0,  1,  20.9,   1.0, 0.100
2025-11-03 11:18:07,        0,  29.8,   2.4,  25.1,  0.161, -0.002,  0.000,5460804.5,  1,  20.9,   1.0, 0.100
2025-11-03 11:18:07,        0,  29.8,   2.5,  25.1,  0.159, -0.002,  0.000,5460802.4,  1,  20.9,   1.0, 0.100
2025-11-03 11:18:08,        0,  29.8,   2.4,  25.1,  0.158, -0.002,  0.000,5460800.3,  1,  20.9,   1.0, 0.100
2025-11-03 11:18:09,        0,  29.8,   2.5,  25.1,  0.157, -0.002,  0.000,5460799.0,  1,  20.9,   1.0, 0.100
2025-11-03 11:18:11,        0,  29.8,   2.4,  25.1,  0.156, -0.002,  0.000,5460796.9,  1,  20.9,   1.0, 0.100
2025-11-03 11:18:11,        0,  29.9,   2.7,  25.2,  0.155, -0.002,  0.000,5460794.4,  1,  20.9,   0.9, 0.100
2025-11-03 11:18:12,        0,  29.8,   2.4,  25.1,  2.331,  0.773,  0.002,5461742.4,  1,  20.9,   0.9, 0.100
2025-11-03 11:18:13,        0,  29.8,   2.4,  25.1,  1.166,  0.031,  0.000,5461778.4,  1,  20.9,   0.9, 0.100
2025-11-03 11:18:14,        0,  29.9,   2.6,  25.1,  1.004,  0.002,  0.000,5461780.1,  1,  20.9,   0.9, 0.100
2025-11-03 11:18:15,        0,  29.7,   2.2,  25.1,  0.892, -0.003,  0.000,5461776.8,  1,  20.9,   0.9, 0.100
2025-11-03 11:18:16,        0,  29.8,   2.4,  25.1,  0.812, -0.004,  0.000,5461773.0,  1,  20.9,   0.9, 0.100
2025-11-03 11:18:17,        0,  29.8,   2.4,  25.2,  0.763, -0.003,  0.000,5461769.6,  1,  20.9,   0.9, 0.100
2025-11-03 11:18:18,        0,  29.8,   2.4,  25.1,  0.715, -0.003,  0.000,5461766.7,  1,  20.9,   0.9, 0.100
2025-11-03 11:18:20,        0,  29.9,   2.6,  25.1,  0.653, -0.003,  0.000,5461762.9,  1,  20.9,   0.9, 0.100
2025-11-03 11:18:20,        0,  29.8,   2.4,  25.1,  0.618, -0.003,  0.000,5461760.0,  1,  20.9,   0.8, 0.100
2025-11-03 11:18:21,        0,  29.8,   2.5,  25.1,  0.568, -0.003,  0.000,5461757.1,  1,  20.9,   0.8, 0.100
2025-11-03 11:18:22,        0,  29.8,   2.5,  25.1,  0.536, -0.003,  0.000,5461754.1,  1,  20.9,   0.8, 0.100
2025-11-03 11:18:23,        0,  29.8,   2.5,  25.1,  0.509, -0.003,  0.000,5461751.6,  1,  20.9,   0.8, 0.100
2025-11-03 11:18:24,        0,  29.7,   2.2,  25.1,  0.469, -0.002,  0.000,5461749.1,  1,  20.9,   0.8, 0.100
2025-11-03 11:18:25,        0,  29.8,   2.4,  25.1,  0.443, -0.002,  0.000,5461746.6,  1,  20.9,   0.8, 0.100
2025-11-03 11:18:26,        0,  29.8,   2.5,  25.1,  0.407, -0.001,  0.000,5461744.5,  1,  20.9,   0.9, 0.100
2025-11-03 11:18:27,        0,  29.8,   2.4,  25.1,  0.383, -0.002,  0.000,5461743.2,  1,  20.9,   0.8, 0.100
2025-11-03 11:18:28,        0,  29.9,   2.6,  25.1,  0.352, -0.001,  0.000,5461741.1,  1,  20.9,   0.9, 0.100
2025-11-03 11:18:29,        0,  29.8,   2.5,  25.1,  0.330, -0.001,  0.000,5461739.9,  1,  20.9,   0.8, 0.100
2025-11-03 11:18:30,        0,  29.8,   2.5,  25.1,  0.309, -0.001,  0.000,5461738.6,  1,  20.9,   0.8, 0.100
2025-11-03 11:18:31,        0,  29.8,   2.4,  25.2,  0.281, -0.001,  0.000,5461738.6,  1,  20.9,   0.9, 0.100
2025-11-03 11:18:33,        0,  29.8,   2.5,  25.1,  0.253, -0.001,  0.000,5461737.8,  1,  20.9,   0.9, 0.100
2025-11-03 11:18:33,        0,  29.8,   2.5,  25.1,  0.235, -0.001,  0.000,5461737.0,  1,  20.9,   0.9, 0.100
2025-11-03 11:18:34,        0,  29.8,   2.5,  25.1,  0.223, -0.001,  0.000,5461736.5,  1,  20.9,   0.9, 0.100
2025-11-03 11:18:35,        0,  29.8,   2.4,  25.1,  0.207, -0.001,  0.000,5461735.3,  1,  20.9,   0.9, 0.100
2025-11-03 11:18:36,        0,  29.8,   2.4,  25.1,  0.196, -0.001,  0.000,5461734.4,  1,  20.9,   1.0, 0.100
2025-11-03 11:18:37,        0,  29.8,   2.5,  25.1,  0.186, -0.001,  0.000,5461732.3,  1,  20.9,   0.9, 0.100
2025-11-03 11:18:38,        0,  29.8,   2.5,  25.1,  0.179, -0.001,  0.000,5461731.5,  1,  20.9,   1.0, 0.100
2025-11-03 11:18:39,        0,  29.9,   2.6,  25.1,  0.173, -0.001,  0.000,5461731.1,  1,  20.9,   1.0, 0.100
2025-11-03 11:18:40,        0,  29.8,   2.5,  25.1,  6.458,  4.264,  0.028,5464218.0,  1,  20.9,   0.9, 0.100
2025-11-03 11:18:42,        0,  29.7,   2.2,  25.1,  3.451,  1.761,  0.011,5466387.2,  1,  20.9,   1.0, 0.100
2025-11-03 11:18:42,        0,  29.8,   2.5,  25.1,  1.274,  0.059,  0.000,5466551.9,  1,  20.9,   1.0, 0.100
2025-11-03 11:18:43,        0,  29.6,   1.8,  25.1,  1.049,  0.008,  0.000,5466561.2,  1,  20.9,   0.9, 0.100
2025-11-03 11:18:44,        0,  29.7,   2.0,  25.1,  0.954, -0.002,  0.000,5466559.1,  1,  20.9,   1.0, 0.100
2025-11-03 11:18:45,        0,  29.6,   1.8,  25.1,  0.869, -0.004,  0.000,5466555.3,  1,  20.9,   1.0, 0.100
2025-11-03 11:18:46,        0,  29.6,   1.8,  25.1,  0.798, -0.005,  0.000,5466549.8,  1,  20.9,   1.0, 0.100
2025-11-03 11:18:47,        0,  29.6,   1.8,  25.1,  0.755, -0.004,  0.000,5466546.1,  1,  20.9,   1.0, 0.100
2025-11-03 11:18:48,        0,  29.6,   1.8,  25.1,  0.713, -0.004,  0.000,5466541.9,  1,  20.9,   1.0, 0.100
2025-11-03 11:18:49,        0,  29.6,   1.9,  25.1,  0.676, -0.003,  0.000,5466538.5,  1,  20.9,   1.0, 0.100
2025-11-03 11:18:50,        0,  29.6,   1.9,  25.1,  0.624, -0.004,  0.000,5466534.8,  1,  20.9,   1.0, 0.100
2025-11-03 11:18:51,        0,  29.6,   1.8,  25.1,  0.577, -0.003,  0.000,5466531.0,  1,  20.9,   1.0, 0.100
2025-11-03 11:18:52,        0,  29.6,   1.8,  25.1,  0.548, -0.003,  0.000,5466528.1,  1,  20.9,   1.0, 0.100
2025-11-03 11:18:53,        0,  29.6,   1.8,  25.1,  0.521, -0.003,  0.000,5466524.7,  1,  20.9,   1.0, 0.100
2025-11-03 11:18:55,        0,  29.6,   1.9,  25.1,  0.482, -0.003,  0.000,5466521.3,  1,  20.9,   1.0, 0.100
2025-11-03 11:18:55,        0,  29.6,   1.9,  25.1,  0.460, -0.003,  0.000,5466518.4,  1,  20.9,   1.0, 0.100
2025-11-03 11:18:56,        0,  29.6,   1.8,  25.1,  0.426, -0.003,  0.000,5466515.9,  1,  20.9,   1.0, 0.100
2025-11-03 11:18:57,        0,  29.6,   1.9,  25.1,  0.405, -0.003,  0.000,5466513.8,  1,  20.9,   1.0, 0.100
2025-11-03 11:18:58,        0,  29.6,   1.7,  25.1,  0.384, -0.002,  0.000,5466512.1,  1,  20.9,   1.0, 0.100
2025-11-03 11:18:59,        0,  29.6,   1.9,  25.1,  0.355, -0.002,  0.000,5466509.6,  1,  20.9,   1.0, 0.100
2025-11-03 11:19:00,        0,  29.6,   1.8,  25.1,  0.337, -0.001,  0.000,5466507.5,  1,  20.9,   1.0, 0.100
2025-11-03 11:19:01,        0,  29.7,   2.0,  25.1,  0.309, -0.001,  0.000,5466507.1,  1,  20.9,   1.0, 0.100
2025-11-03 11:19:02,        0,  29.7,   2.0,  25.1,106745.037, -0.001,  0.000,5466505.8,  1,  20.9,   1.0, 0.100
2025-11-03 11:19:03,        0,  29.7,   2.0,  25.1,  0.263, -0.001,  0.000,5466504.6,  1,  20.9,   1.0, 0.100
2025-11-03 11:19:04,        0,  29.6,   1.8,  25.1,  0.247, -0.001,  0.000,5466504.2,  1,  20.9,   1.0, 0.100
2025-11-03 11:19:05,        0,  29.6,   1.9,  25.1,  0.233, -0.001,  0.000,5466503.3,  1,  20.9,   1.0, 0.100
2025-11-03 11:19:06,        0,  29.7,   2.0,  25.1,  0.218, -0.001,  0.000,5466501.6,  1,  20.9,   1.0, 0.100
2025-11-03 11:19:07,        0,  29.7,   2.0,  25.1,  0.207, -0.001,  0.000,5466500.8,  1,  20.9,   1.0, 0.100
2025-11-03 11:19:08,        0,  29.6,   1.7,  25.1,  0.193, -0.001,  0.000,5466499.1,  1,  20.9,   1.0, 0.100
2025-11-03 11:19:09,        0,  29.6,   1.8,  25.1,  0.185, -0.001,  0.000,77727001190.2,  1,  20.9,   0.9, 0.100
2025-11-03 11:19:10,        0,  29.7,   2.0,  25.1,  0.178, -0.001,  0.000,5466497.5,  1,  20.9,   0.9, 0.100
2165-165-165 45:165:85,        0,  29.6,   1.9,  25.1,  0.169, -0.001,  0.000,5466496.2,  1,  20.9,   0.9, 0.100
2025-11-03 11:19:12,        0,  29.7,   2.0,  25.1,  0.162, -0.002,  0.000,5466493.7,  1,  20.9,   0.9, 0.100
2025-11-03 11:19:13,        0,  29.7,   2.0,  25.1,  0.159, -0.002,  0.000,5466492.8,  1,  20.9,   0.9, 0.100
2025-11-03 11:19:14,        0,  29.7,   2.0,  25.1,  0.155, -0.002,  0.000,5466490.8,  1,  20.9,   1.0, 0.100
2025-11-03 11:19:15,        0,  29.7,   2.0,  25.1,  0.151, -0.002,  0.000,5466489.5,  1,  20.9,   1.0, 0.100
2025-11-03 11:19:16,        0,  29.7,   2.2,  25.1,  0.149, -0.001,  0.000,5466487.0,  1,  20.9,   1.0, 0.100
2025-11-03 11:19:17,        0,  29.7,   2.0,  25.1,  0.144, -0.001,  0.000,5466486.1,  1,  20.9,   1.0, 0.100
2025-11-03 11:19:18,        0,  29.7,   2.0,  25.1,  0.143, -0.002,  0.000,5466484.0,  1,  20.9,   1.0, 0.100
2025-11-03 11:19:20,        0,  29.7,   2.0,  25.1,  0.141, -0.002,  0.000,5466482.4,  1,  20.9,   1.0, 0.100
2025-11-03 11:19:20,        0,  29.7,   2.0,  25.1,  0.140, -0.001,  0.000,5466481.1,  1,  20.9,   1.0, 0.100
2025-11-03 11:19:21,        0,  29.7,   2.0,  25.1,  0.138, -0.001,  0.000,5466479.4,  1,  20.9,   1.0, 0.100
2025-11-03 11:19:22,        0,  29.7,   2.0,  25.0,  0.137, -0.002,  0.000,5466477.8,  1,  20.9,   1.0, 0.100
2025-11-03 11:19:24,        0,  29.7,   2.0,  25.1,  0.136, -0.001,  0.000,5466476.1,  1,  20.9,   1.0, 0.100
2025-11-03 11:19:24,        0,  29.7,   2.0,  25.1,  0.134, -0.001,  0.000,5466474.4,  1,  20.9,   1.0, 0.100
2025-11-03 11:19:25,        0,  29.7,   2.2,  25.1,  0.133, -0.001,  0.000,5466473.1,  1,  20.9,   1.0, 0.100
2025-11-03 11:19:26,        0,  29.7,   2.2,  25.0,  0.131, -0.001,  0.000,5466471.5,  1,  20.9,   1.0, 0.100
2025-11-03 11:19:27,        0,  29.7,   2.0,  25.1,  0.130, -0.001,  0.000,5466469.8,  1,  20.9,   1.0, 0.100
2025-11-03 11:19:28,        0,  29.7,   2.2,  25.1,  0.130, -0.001,  0.000,5466469.0,  1,  20.9,   1.0, 0.100
2025-11-03 11:19:29,        0,  29.7,   2.0,  25.1,  0.129, -0.001,  0.000,5466466.9,  1,  20.9,   1.0, 0.100
2025-11-03 11:19:30,        0,  29.7,   2.0,  25.1,  0.128, -0.001,  0.000,5466465.2,  1,  20.9,   1.0, 0.100
2025-11-03 11:19:31,        0,  29.7,   2.0,  25.1,  0.127, -0.002,  0.000,5466463.9,  1,  20.9,   1.0, 0.100
