Time, Cnts,  %T, set_Cell[mA], Cell[°C], Cell[Volt], Cell[mA], Cell[W], Cell[uAs], Cell_ON, Env[°C], TEC[°C], N2Flow[slpm]
2025-11-12 10:32:02,        0,  29.5,   1.6,  25.0,  0.198, -0.003,  0.000,     -1.1,  1,  22.0,   0.9, 0.100
2025-11-12 10:32:03,        0,  29.6,   1.8,  25.0,  0.196, -0.002,  0.000,     -3.4,  1,  22.0,   1.0, 0.100
2025-11-12 10:32:04,        0,  29.5,   1.6,  25.0,  0.194, -0.002,  0.000,     -6.3,  1,  22.0,   0.9, 0.100
2025-11-12 10:32:05,        0,  29.6,   1.8,  25.1,  0.192, -0.002,  0.000,     -8.3,  1,  22.1,   1.0, 0.100
2025-11-12 10:32:06,        0,  29.6,   1.8,  25.2,  0.188, -0.002,  0.000,    -10.6,  1,  22.1,   1.0, 0.100
2025-11-12 10:32:07,        0,  29.6,   1.8,  25.1,  0.187, -0.002,  0.000,    -13.4,  1,  22.1,   1.0, 0.100
2025-11-12 10:32:08,        0,  29.6,   1.8,  25.1,  0.185, -0.003,  0.000,    -16.0,  1,  22.1,   1.0, 0.100
2025-11-12 10:32:09,        0,  29.6,   1.8,  25.1,  0.184, -0.003,  0.000,    -18.6,  1,  22.1,   0.9, 0.101
2025-11-12 10:32:10,        0,  29.6,   1.8,  25.1,  0.183, -0.002,  0.000,    -20.9,  1,  22.1,   1.0, 0.100
2025-11-12 10:32:11,        0,  29.6,   1.8,  25.1,  0.180, -0.003,  0.000,    -23.5,  1,  22.1,   1.0, 0.100
2025-11-12 10:32:12,        0,  29.6,   1.8,  25.1,  0.178, -0.002,  0.000,    -25.7,  1,  22.1,   0.9, 0.100
2025-11-12 10:32:13,        0,  29.7,   2.0,  25.1,  0.177, -0.003,  0.000,    -28.0,  1,  22.1,   1.0, 0.100
2025-11-12 10:32:14,        0,  29.7,   2.0,  25.1,  0.176, -0.002,  0.000,    -30.6,  1,  22.1,   0.9, 0.100
2025-11-12 10:32:15,        0,  29.7,   2.0,  25.1,  0.174, -0.003,  0.000,    -32.9,  1,  22.1,   0.9, 0.100
2025-11-12 10:32:16,        0,  29.6,   1.8,  25.1,  0.173, -0.002,  0.000,    -34.9,  1,  22.1,   0.9, 0.100
2025-11-12 10:32:17,        0,  29.6,   1.8,  25.1,  0.171, -0.003,  0.000,    -37.8,  1,  22.1,   0.9, 0.100
2025-11-12 10:32:18,        0,  29.7,   2.0,  25.1,  0.170, -0.002,  0.000,    -40.1,  1,  22.1,   0.9, 0.100
2025-11-12 10:32:19,        0,  29.7,   2.1,  25.1,  0.169, -0.002,  0.000,    -42.1,  1,  22.1,   0.9, 0.100
2025-11-12 10:32:20,        0,  29.7,   2.1,  25.1,  0.546,  0.389,  0.002,    775.1,  1,  22.1,   0.9, 0.100
2025-11-12 10:32:21,        0,  30.2,   3.5,  25.2,  2.887,  1.648,  0.008,   3223.5,  1,  22.1,   0.9, 0.100
2025-11-12 10:32:22,        0,  30.2,   3.5,  25.1,  5.606,  4.610,  0.026,   7635.2,  1,  22.1,   0.9, 0.100
2025-11-12 10:32:23,        0,  30.7,   5.1,  25.2,  5.574,  4.576,  0.026,  13030.5,  1,  22.1,   0.9, 0.100
2025-11-12 10:32:24,        0,  30.6,   4.8,  25.1,  7.274,  6.522,  0.048,  18897.3,  1,  22.1,   0.9, 0.100
2025-11-12 10:32:25,        0,  30.4,   4.1,  25.1,  8.486,  7.918,  0.068,  25862.2,  1,  22.1,   0.9, 0.100
2025-11-12 10:32:26,        0,  32.8,  11.3,  25.1, 10.546, 10.296,  0.109,  34328.3,  1,  22.0,   0.8, 0.101
2025-11-12 10:32:27,        0,  32.5,  10.4,  25.2, 12.241, 12.262,  0.151,  48137.0,  1,  22.1,   0.9, 0.097
2025-11-12 10:32:28,        0,  33.9,  14.6,  25.1, 14.738, 15.167,  0.224,  65204.7,  1,  22.0,   0.8, 0.097
2025-11-12 10:32:29,        0,  36.7,  23.2,  25.0, 18.073, 19.060,  0.346,  83303.0,  1,  22.0,   0.8, 0.098
2025-11-12 10:32:30,        0,  35.3,  19.0,  25.1, 27.682, 30.348,  0.842, 110735.3,  1,  22.0,   0.8, 0.098
2025-11-12 10:32:31,        0,  35.6,  19.9,  25.1, 21.313, 22.941,  0.489, 137097.4,  1,  22.0,   0.8, 0.099
2025-11-12 10:32:32,        0,  35.0,  18.1,  25.0, 23.896, 26.004,  0.622, 160516.3,  1,  22.0,   0.8, 0.099
2025-11-12 10:32:33,        0,  38.1,  27.2,  25.1, 27.415, 30.177,  0.828, 186022.0,  1,  22.0,   0.8, 0.099
2025-11-12 10:32:34,        0,  37.9,  26.7,  25.0, 33.484, 37.452,  1.255, 225499.0,  1,  22.0,   0.8, 0.099
2025-11-12 10:32:35,        0,  40.2,  33.7,  25.1, 29.753, 33.119,  1.010, 256323.6,  1,  22.0,   0.8, 0.099
2025-11-12 10:32:36,        0,  40.8,  35.5,  25.1, 32.169, 36.033,  1.171, 292952.8,  1,  22.0,   0.9, 0.099
2025-11-12 10:32:37,        0,  43.1,  42.3,  25.0, 31.571, 35.492,  1.129, 335248.1,  1,  22.0,   0.9, 0.099
2025-11-12 10:32:38,        0,  42.6,  40.9,  25.0, 40.137, 45.872,  1.843, 377525.5,  1,  22.0,   0.9, 0.099
2025-11-12 10:32:39,        0,  41.5,  37.6,  25.1, 40.589, 46.668,  1.896, 421740.0,  1,  22.0,   0.9, 0.099
2025-11-12 10:32:40,        0,  40.2,  33.7,  25.0, 44.444, 51.510,  2.291, 476761.2,  1,  22.0,   0.9, 0.099
2025-11-12 10:32:41,        0,  45.9,  50.7,  25.1, 41.991, 48.639,  2.046, 518592.5,  1,  22.1,   0.9, 0.099
2025-11-12 10:32:42,        0,  46.8,  53.5,  25.1, 46.839, 54.805,  2.568, 571136.3,  1,  22.1,   1.0, 0.101
2025-11-12 10:32:43,        0,  43.0,  42.1,  25.1, 43.521, 50.951,  2.229, 617891.7,  1,  22.1,   1.0, 0.105
2025-11-12 10:32:44,        0,  41.6,  37.9,  25.1, 42.310, 49.668,  2.108, 674654.4,  1,  22.0,   1.0, 0.105
2025-11-12 10:32:45,        0,  39.2,  30.7,  25.1, 35.545, 41.318,  1.473, 713685.9,  1,  22.0,   0.9, 0.102
2025-11-12 10:32:46,        0,  41.7,  38.1,  25.1, 38.940, 45.560,  1.783, 753043.3,  1,  22.1,   0.9, 0.101
2025-11-12 10:32:47,        0,  42.5,  40.6,  25.1, 39.820, 46.648,  1.859, 806037.7,  1,  22.0,   0.9, 0.100
2025-11-12 10:32:48,        0,  39.7,  32.0,  25.1, 29.792, 34.284,  1.023, 842692.3,  1,  22.0,   0.9, 0.100
2025-11-12 10:32:49,        0,  41.1,  36.2,  25.1, 34.291, 39.780,  1.365, 879171.2,  1,  22.0,   0.9, 0.100
2025-11-12 10:32:50,        0,  33.9,  14.8,  25.1, 22.992, 25.842,  0.618, 915573.2,  1,  22.0,   1.0, 0.100
2025-11-12 10:32:51,        0,  37.2,  24.6,  25.2, 29.955, 34.275,  1.032, 942501.9,  1,  22.1,   0.9, 0.100
2025-11-12 10:32:52,        0,  35.9,  20.7,  25.2, 18.786, 20.576,  0.398, 965134.9,  1,  22.0,   0.9, 0.100
2025-11-12 10:32:53,        0,  37.0,  24.1,  25.2, 26.151, 29.420,  0.772, 990392.4,  1,  22.0,   0.9, 0.100
2025-11-12 10:32:54,        0,  36.3,  21.8,  25.2, 27.899, 31.492,  0.892,1024181.6,  1,  22.0,   0.9, 0.100
2025-11-12 10:32:55,        0,  34.7,  17.2,  25.1, 23.181, 25.697,  0.606,1047518.7,  1,  22.1,   0.9, 0.100
2025-11-12 10:32:56,        0,  37.4,  25.1,  25.2, 26.052, 29.101,  0.758,1072430.8,  1,  22.0,   0.9, 0.100
2025-11-12 10:32:57,        0,  39.1,  30.2,  25.2, 24.802, 27.565,  0.685,1104545.1,  1,  22.1,   0.8, 0.100
2025-11-12 10:32:58,        0,  37.2,  24.6,  25.2, 21.412, 23.512,  0.506,1129145.3,  1,  22.0,   0.8, 0.100
2025-11-12 10:32:59,        0,  38.3,  27.9,  25.2, 20.388, 22.245,  0.457,1153658.9,  1,  22.1,   0.8, 0.100
2025-11-12 10:33:00,        0,  37.1,  24.4,  25.2, 22.632, 24.905,  0.564,1185389.1,  1,  22.1,   0.8, 0.100
2025-11-12 10:33:01,        0,  39.8,  32.3,  25.2, 24.936, 27.637,  0.691,1212402.4,  1,  22.1,   0.8, 0.100
2025-11-12 10:33:02,        0,  38.7,  29.2,  25.2, 26.975, 30.115,  0.816,1242204.7,  1,  22.1,   0.8, 0.100
2025-11-12 10:33:03,        0,  38.3,  27.9,  25.2, 22.000, 24.112,  0.536,1267903.4,  1,  22.1,   0.8, 0.100
2025-11-12 10:33:04,        0,  37.6,  25.8,  25.2, 24.316, 26.881,  0.655,1299020.9,  1,  22.1,   0.8, 0.100
2025-11-12 10:33:05,        0,  37.8,  26.5,  25.2, 22.307, 24.484,  0.563,1322832.4,  1,  22.1,   0.8, 0.100
2025-11-12 10:33:06,        0,  36.9,  23.7,  25.1, 25.485, 28.274,  0.724,1349819.6,  1,  22.0,   0.8, 0.100
2025-11-12 10:33:07,        0,  36.5,  22.6,  25.2, 21.707, 23.723,  0.515,1378771.3,  1,  22.0,   0.8, 0.100
2025-11-12 10:33:08,        0,  39.5,  31.4,  25.2, 24.469, 27.015,  0.662,1404758.4,  1,  22.0,   0.8, 0.100
2025-11-12 10:33:09,        0,  35.9,  20.6,  25.2, 25.696, 28.505,  0.750,1432302.0,  1,  22.1,   0.8, 0.100
2025-11-12 10:33:10,        0,  36.5,  22.5,  25.2, 28.626, 32.017,  0.919,1463086.9,  1,  22.0,   0.8, 0.100
2025-11-12 10:33:11,        0,  39.0,  30.0,  25.2, 22.774, 24.967,  0.569,1486855.0,  1,  22.0,   0.8, 0.100
2025-11-12 10:33:12,        0,  38.3,  27.8,  25.2, 27.680, 30.873,  0.862,1517735.8,  1,  22.1,   0.8, 0.100
2025-11-12 10:33:13,        0,  41.6,  37.9,  25.2, 30.685, 34.434,  1.060,1550855.2,  1,  22.0,   0.8, 0.100
2025-11-12 10:33:14,        0,  35.0,  18.1,  25.2, 28.587, 31.965,  0.916,1582969.8,  1,  22.0,   0.8, 0.100
2025-11-12 10:33:15,        0,  40.2,  33.7,  25.2, 22.283, 24.367,  0.551,1607744.8,  1,  22.1,   0.8, 0.100
2025-11-12 10:33:16,        0,  40.6,  34.9,  25.2, 33.766, 38.168,  1.289,1643934.7,  1,  22.1,   0.8, 0.100
2025-11-12 10:33:17,        0,  38.6,  28.8,  25.2, 31.202, 35.149,  1.098,1684241.6,  1,  22.1,   0.8, 0.100
2025-11-12 10:33:18,        0,  39.5,  31.4,  25.2, 35.587, 40.476,  1.463,1721691.8,  1,  22.1,   0.8, 0.100
2025-11-12 10:33:19,        0,  41.3,  36.9,  25.2, 26.320, 29.375,  0.784,1753235.2,  1,  22.1,   0.8, 0.100
2025-11-12 10:33:20,        0,  42.1,  39.2,  25.2, 38.728, 44.441,  1.669,1803039.4,  1,  22.1,   0.8, 0.100
2025-11-12 10:33:21,        0,  42.5,  40.4,  25.3, 35.474, 40.573,  1.450,1842631.9,  1,  22.1,   0.8, 0.100
2025-11-12 10:33:22,        0,  38.8,  29.4,  25.2, 38.806, 44.765,  1.739,1882780.8,  1,  22.1,   0.8, 0.100
2025-11-12 10:33:23,        0,  38.7,  29.2,  25.2, 28.519, 32.231,  0.920,1914749.2,  1,  22.1,   0.9, 0.100
2025-11-12 10:33:24,        0,  41.7,  38.1,  25.2, 33.747, 38.576,  1.303,1957277.5,  1,  22.1,   0.8, 0.100
2025-11-12 10:33:25,        0,  40.4,  34.2,  25.2, 32.926, 37.625,  1.247,1994802.2,  1,  22.0,   0.8, 0.100
2025-11-12 10:33:26,        0,  40.1,  33.2,  25.2, 31.912, 36.393,  1.162,2029444.6,  1,  22.1,   0.8, 0.100
2025-11-12 10:33:27,        0,  40.9,  35.8,  25.2, 30.478, 34.676,  1.070,2070161.8,  1,  22.0,   0.9, 0.100
2025-11-12 10:33:28,        0,  41.8,  38.3,  25.2, 44.538, 51.859,  2.313,2114616.1,  1,  22.1,   0.8, 0.100
2025-11-12 10:33:29,        0,  41.6,  37.8,  25.3, 30.277, 34.476,  1.052,2151504.0,  1,  22.1,   0.8, 0.100
2025-11-12 10:33:30,        0,  39.4,  31.1,  25.3, 38.555, 44.573,  1.719,2190834.8,  1,  22.1,   0.8, 0.100
2025-11-12 10:33:31,        0,  39.8,  32.3,  25.3, 37.100, 42.764,  1.606,2236278.4,  1,  22.0,   0.9, 0.100
2025-11-12 10:33:32,        0,  39.8,  32.3,  25.2, 34.224, 39.164,  1.345,2273390.9,  1,  22.0,   0.9, 0.100
2025-11-12 10:33:33,        0,  40.7,  35.1,  25.2, 36.866, 42.475,  1.567,2310947.7,  1,  22.1,   0.9, 0.100
2025-11-12 10:33:34,        0,  38.0,  26.9,  25.3, 33.047, 37.818,  1.293,2354973.0,  1,  22.1,   0.9, 0.100
2025-11-12 10:33:35,        0,  40.8,  35.3,  25.3, 34.270, 39.332,  1.350,2388754.8,  1,  22.1,   0.9, 0.100
2025-11-12 10:33:36,        0,  37.3,  24.9,  25.3, 39.499, 45.751,  1.815,2427961.8,  1,  22.1,   0.9, 0.100
2025-11-12 10:33:37,        0,  41.6,  37.8,  25.3, 24.857, 27.852,  0.711,2459874.2,  1,  22.1,   0.9, 0.100
2025-11-12 10:33:38,        0,  40.9,  35.8,  25.3, 30.916, 35.261,  1.092,2504817.8,  1,  22.1,   0.9, 0.100
2025-11-12 10:33:39,        0,  40.8,  35.5,  25.3, 27.457, 31.006,  0.869,2534315.2,  1,  22.1,   0.9, 0.100
2025-11-12 10:33:40,        0,  40.8,  35.5,  25.3, 34.563, 39.592,  1.369,2571825.0,  1,  22.1,   0.9, 0.100
2025-11-12 10:33:41,        0,  40.4,  34.2,  25.3, 32.840, 37.539,  1.234,2613556.6,  1,  22.1,   0.9, 0.100
2025-11-12 10:33:42,        0,  37.2,  24.7,  25.3, 33.773, 38.673,  1.316,2650075.1,  1,  22.1,   0.9, 0.100
2025-11-12 10:33:43,        0,  39.4,  31.3,  25.3, 26.911, 30.278,  0.816,2679065.8,  1,  22.0,   1.0, 0.100
2025-11-12 10:33:44,        0,  39.4,  31.1,  25.3, 29.520, 33.386,  0.990,2717395.4,  1,  22.1,   1.0, 0.100
2025-11-12 10:33:45,        0,  38.4,  28.1,  25.3, 31.197, 35.421,  1.108,2751376.7,  1,  22.1,   1.0, 0.100
2025-11-12 10:33:46,        0,  35.1,  18.3,  25.3, 31.096, 35.295,  1.099,2782848.4,  1,  22.1,   1.0, 0.100
2025-11-12 10:33:47,        0,  42.5,  40.4,  25.3, 34.043, 38.816,  1.337,2812101.9,  1,  22.1,   1.0, 0.100
2025-11-12 10:33:48,        0,  36.8,  23.5,  25.3, 26.479, 29.713,  0.789,2850508.4,  1,  22.1,   1.0, 0.100
2025-11-12 10:33:49,        0,  38.7,  29.0,  25.3, 26.118, 29.187,  0.763,2877375.8,  1,  22.1,   1.0, 0.100
2025-11-12 10:33:50,        0,  32.5,  10.6,  25.3, 30.099, 34.020,  1.024,2908182.2,  1,  22.1,   1.0, 0.100
2025-11-12 10:33:51,        0,  38.7,  29.0,  25.3, 24.871, 27.568,  0.691,2932812.8,  1,  22.1,   1.0, 0.100
2025-11-12 10:33:52,        0,  37.2,  24.7,  25.3, 20.183, 21.938,  0.447,2957315.9,  1,  22.1,   1.0, 0.100
2025-11-12 10:33:53,        0,  37.0,  24.1,  25.3, 24.090, 26.600,  0.650,2982448.4,  1,  22.1,   1.0, 0.100
2025-11-12 10:33:54,        0,  39.1,  30.4,  25.3, 31.721, 35.781,  1.135,3013283.5,  1,  22.1,   1.0, 0.100
2025-11-12 10:33:55,        0,  37.3,  24.9,  25.3, 24.983, 27.721,  0.701,3048353.4,  1,  22.1,   1.0, 0.100
2025-11-12 10:33:56,        0,  39.1,  30.2,  25.3, 25.532, 28.312,  0.724,3076378.3,  1,  22.1,   1.0, 0.100
2025-11-12 10:33:57,        0,  36.5,  22.6,  25.3, 29.297, 32.858,  0.963,3107643.4,  1,  22.1,   1.0, 0.100
2025-11-12 10:33:58,        0,  38.1,  27.4,  25.3, 26.687, 29.672,  0.794,3139381.5,  1,  22.1,   1.0, 0.100
2025-11-12 10:33:59,        0,  35.7,  20.2,  25.3, 20.867, 22.714,  0.508,3162897.3,  1,  22.1,   1.0, 0.100
2025-11-12 10:34:00,        0,  34.3,  15.8,  25.3, 22.061, 24.054,  0.534,3186114.6,  1,  22.1,   1.0, 0.100
2025-11-12 10:34:01,        0,  37.0,  23.9,  25.3, 23.037, 25.197,  0.588,3206300.5,  1,  22.1,   1.0, 0.100
2025-11-12 10:34:02,        0,  36.2,  21.6,  25.3, 22.836, 24.937,  0.570,3234426.8,  1,  22.1,   1.0, 0.100
2025-11-12 10:34:03,        0,  36.3,  22.0,  25.3, 23.680, 25.891,  0.614,3259060.8,  1,  22.1,   0.9, 0.100
2025-11-12 10:34:04,        0,  36.0,  20.9,  25.3, 26.155, 28.834,  0.759,3284762.5,  1,  22.1,   1.0, 0.100
2025-11-12 10:34:05,        0,  36.0,  20.9,  25.3, 22.777, 24.809,  0.565,3313293.0,  1,  22.1,   0.9, 0.100
2025-11-12 10:34:06,        0,  34.0,  15.1,  25.3, 21.685, 23.502,  0.510,3335551.5,  1,  22.1,   0.9, 0.100
2025-11-12 10:34:07,        0,  35.5,  19.5,  25.3, 18.464, 19.668,  0.366,3353344.4,  1,  22.1,   0.9, 0.100
2025-11-12 10:34:08,        0,  34.3,  15.8,  25.3, 20.162, 21.634,  0.437,3372535.4,  1,  22.1,   0.9, 0.100
2025-11-12 10:34:09,        0,  33.4,  13.2,  25.3, 16.782, 17.628,  0.301,3391680.8,  1,  22.1,   0.8, 0.100
2025-11-12 10:34:10,        0,  34.0,  15.1,  25.3, 18.106, 19.165,  0.348,3408305.4,  1,  22.1,   0.8, 0.100
2025-11-12 10:34:11,        0,  34.6,  16.9,  25.3, 17.370, 18.285,  0.318,3425388.6,  1,  22.1,   0.8, 0.100
2025-11-12 10:34:12,        0,  32.3,   9.9,  25.3, 13.913, 14.194,  0.198,3444626.3,  1,  22.1,   0.8, 0.100
2025-11-12 10:34:13,        0,  35.8,  20.4,  25.3, 15.131, 15.617,  0.244,3458938.0,  1,  22.1,   0.8, 0.100
2025-11-12 10:34:14,        0,  33.5,  13.4,  25.3, 18.827, 19.961,  0.377,3478093.4,  1,  22.1,   0.8, 0.100
2025-11-12 10:34:15,        0,  35.8,  20.4,  25.3, 20.269, 21.641,  0.448,3496688.2,  1,  22.1,   0.8, 0.100
2025-11-12 10:34:16,        0,  33.0,  12.0,  25.3, 15.577, 16.123,  0.258,3516201.3,  1,  22.1,   0.8, 0.100
2025-11-12 10:34:17,        0,  32.9,  11.8,  25.3, 19.565, 20.784,  0.407,3533968.8,  1,  22.1,   0.8, 0.100
2025-11-12 10:34:18,        0,  34.2,  15.6,  25.3, 14.034, 14.288,  0.201,3547703.4,  1,  22.1,   0.8, 0.100
2025-11-12 10:34:19,        0,  33.9,  14.6,  25.3, 18.794, 19.859,  0.376,3569728.9,  1,  22.1,   0.8, 0.100
2025-11-12 10:34:20,        0,  32.7,  11.1,  25.3, 13.438, 13.581,  0.183,3583939.6,  1,  22.1,   0.8, 0.100
2025-11-12 10:34:21,        0,  31.5,   7.6,  25.3,  7.444,  6.620,  0.053,3592926.7,  1,  22.1,   0.8, 0.100
2025-11-12 10:34:22,        0,  32.6,  10.9,  25.3, 15.892, 16.436,  0.261,3608629.3,  1,  22.1,   0.8, 0.100
2025-11-12 10:34:23,        0,  33.0,  12.0,  25.3, 14.229, 14.490,  0.206,3622015.2,  1,  22.1,   0.8, 0.100
2025-11-12 10:34:24,        0,  30.7,   5.1,  25.3,  9.975,  9.539,  0.095,3632645.6,  1,  22.1,   0.8, 0.100
2025-11-12 10:34:25,        0,  32.2,   9.7,  25.3, 14.236, 14.505,  0.209,3643468.3,  1,  22.1,   0.8, 0.100
2025-11-12 10:34:26,        0,  32.8,  11.3,  25.3,  7.841,  7.082,  0.056,3654967.9,  1,  22.1,   0.8, 0.100
2025-11-12 10:34:27,        0,  33.4,  13.2,  25.3, 13.746, 13.925,  0.192,3667896.5,  1,  22.1,   0.8, 0.100
2025-11-12 10:34:28,        0,  33.4,  13.2,  25.3, 13.770, 13.951,  0.193,3681786.6,  1,  22.1,   0.8, 0.100
2025-11-12 10:34:29,        0,  32.5,  10.6,  25.3, 13.968, 14.184,  0.198,3698835.8,  1,  22.1,   0.9, 0.100
2025-11-12 10:34:30,        0,  33.3,  12.8,  25.3, 12.132, 12.051,  0.147,3710988.3,  1,  22.1,   0.9, 0.100
2025-11-12 10:34:31,        0,  32.2,   9.7,  25.3, 13.003, 13.061,  0.170,3723675.2,  1,  22.1,   0.9, 0.100
2025-11-12 10:34:32,        0,  31.5,   7.6,  25.3, 11.667, 11.513,  0.137,3734800.0,  1,  22.1,   0.9, 0.100
2025-11-12 10:34:33,        0,  30.9,   5.8,  25.3, 12.507, 12.483,  0.157,3748396.7,  1,  22.1,   0.9, 0.100
2025-11-12 10:34:34,        0,  31.8,   8.5,  25.3, 13.424, 13.557,  0.182,3759282.3,  1,  22.1,   0.9, 0.100
2025-11-12 10:34:35,        0,  30.8,   5.5,  25.3, 10.103,  9.695,  0.100,3768185.2,  1,  22.1,   0.9, 0.100
2025-11-12 10:34:36,        0,  32.1,   9.2,  25.3,  8.497,  7.850,  0.071,3777077.1,  1,  22.1,   0.9, 0.100
2025-11-12 10:34:37,        0,  30.8,   5.3,  25.3, 10.885, 10.605,  0.116,3786934.6,  1,  22.1,   0.9, 0.100
2025-11-12 10:34:38,        0,  31.8,   8.3,  25.3,  9.540,  9.051,  0.088,3795492.1,  1,  22.1,   1.0, 0.100
2025-11-12 10:34:39,        0,  32.2,   9.5,  25.3, 10.619, 10.296,  0.113,3804801.1,  1,  22.1,   0.9, 0.100
2025-11-12 10:34:40,        0,  30.2,   3.5,  25.3, 10.920, 10.650,  0.117,3816432.6,  1,  22.1,   0.9, 0.100
2025-11-12 10:34:41,        0,  31.6,   7.9,  25.3,  7.479,  6.687,  0.056,3822650.8,  1,  22.1,   0.9, 0.100
2025-11-12 10:34:42,        0,  31.3,   6.9,  25.3,  9.660,  9.193,  0.089,3831601.8,  1,  22.1,   0.9, 0.100
2025-11-12 10:34:43,        0,  31.3,   7.0,  25.3,  9.050,  8.502,  0.082,3841539.0,  1,  22.1,   0.9, 0.100
2025-11-12 10:34:44,        0,  30.9,   5.8,  25.3,  9.149,  8.611,  0.082,3849337.1,  1,  22.0,   1.0, 0.100
2025-11-12 10:34:45,        0,  31.3,   7.0,  25.3,  8.587,  7.962,  0.069,3857152.8,  1,  22.1,   1.0, 0.100
2025-11-12 10:34:46,        0,  30.6,   4.9,  25.3,  8.476,  7.829,  0.066,3864686.8,  1,  22.1,   1.0, 0.100
2025-11-12 10:34:47,        0,  30.6,   4.9,  25.4,  6.934,  6.070,  0.042,3870824.9,  1,  22.0,   1.0, 0.100
2025-11-12 10:34:48,        0,  31.0,   6.0,  25.3,  9.566,  9.096,  0.087,3878523.7,  1,  22.0,   0.9, 0.100
2025-11-12 10:34:49,        0,  30.7,   5.1,  25.3,  7.821,  7.088,  0.056,3885038.9,  1,  22.1,   1.0, 0.100
2025-11-12 10:34:50,        0,  30.4,   4.2,  25.3,  7.586,  6.831,  0.055,3891855.9,  1,  22.0,   1.0, 0.100
2025-11-12 10:34:51,        0,  29.9,   2.7,  25.3,  8.811,  8.237,  0.074,3898570.3,  1,  22.1,   1.0, 0.100
2025-11-12 10:34:52,        0,  30.9,   5.6,  25.3,  4.860,  3.721,  0.021,3903304.8,  1,  22.1,   1.0, 0.100
2025-11-12 10:34:53,        0,  30.5,   4.6,  25.3,  7.621,  6.874,  0.055,3910753.4,  1,  22.1,   0.9, 0.100
2025-11-12 10:34:54,        0,  31.2,   6.5,  25.3,  7.300,  6.499,  0.048,3917695.3,  1,  22.1,   0.9, 0.100
2025-11-12 10:34:55,        0,  31.5,   7.6,  25.3,  8.855,  8.288,  0.074,3925357.2,  1,  22.1,   0.9, 0.100
2025-11-12 10:34:56,        0,  30.8,   5.3,  25.3,  7.003,  6.165,  0.045,3932512.4,  1,  22.1,   0.9, 0.100
2025-11-12 10:34:57,        0,  30.2,   3.7,  25.3,  7.540,  6.789,  0.054,3940398.5,  1,  22.0,   0.9, 0.100
2025-11-12 10:34:58,        0,  30.9,   5.8,  25.3,  2.933,  1.606,  0.006,3943666.2,  1,  22.0,   1.0, 0.100
2025-11-12 10:34:59,        0,  30.5,   4.6,  25.3,  7.935,  7.244,  0.058,3949457.2,  1,  22.1,   1.0, 0.100
2025-11-12 10:35:00,        0,  31.6,   7.9,  25.3,  6.014,  5.041,  0.031,3956146.0,  1,  22.1,   0.9, 0.100
2025-11-12 10:35:01,        0,  30.4,   4.2,  25.3,  7.371,  6.605,  0.054,3960672.2,  1,  22.1,   1.0, 0.100
2025-11-12 10:35:02,        0,  30.7,   5.1,  25.3,  3.985,  2.782,  0.015,3964595.4,  1,  22.0,   1.0, 0.100
2025-11-12 10:35:03,        0,  30.3,   3.9,  25.3,  7.416,  6.650,  0.050,3970026.4,  1,  22.0,   1.0, 0.100
2025-11-12 10:35:04,        0,  30.1,   3.2,  25.3,  6.702,  5.831,  0.039,3976307.8,  1,  22.1,   1.0, 0.100
2025-11-12 10:35:05,        0,  30.2,   3.5,  25.3,  2.606,  1.262,  0.004,3978164.8,  1,  22.1,   1.0, 0.100
2025-11-12 10:35:06,        0,  30.6,   4.8,  25.3,  6.546,  5.658,  0.038,3983111.0,  1,  22.1,   1.0, 0.100
2025-11-12 10:35:07,        0,  30.2,   3.7,  25.3,  5.744,  4.734,  0.027,3989653.9,  1,  22.0,   1.0, 0.100
2025-11-12 10:35:08,        0,  30.6,   4.8,  25.3,  5.591,  4.569,  0.026,3993608.1,  1,  22.0,   1.0, 0.100
2025-11-12 10:35:09,        0,  30.5,   4.6,  25.3,  6.846,  6.000,  0.041,3999203.8,  1,  22.0,   1.0, 0.100
2025-11-12 10:35:10,        0,  30.4,   4.1,  25.3,  6.332,  5.408,  0.034,4004746.3,  1,  22.1,   1.0, 0.100
2025-11-12 10:35:11,        0,  30.0,   3.0,  25.3,  2.381,  1.029,  0.003,4008273.0,  1,  22.0,   1.0, 0.100
2025-11-12 10:35:12,        0,  29.3,   0.9,  25.3,  2.360,  1.008,  0.003,4009935.6,  1,  22.0,   1.0, 0.100
2025-11-12 10:35:13,        0,  30.1,   3.4,  25.3,  1.203,  0.019,  0.000,4010145.1,  1,  22.1,   1.0, 0.100
2025-11-12 10:35:14,        0,  30.1,   3.2,  25.3,  6.127,  5.186,  0.032,4016027.6,  1,  22.0,   0.9, 0.100
2025-11-12 10:35:15,        0,  30.2,   3.5,  25.3,  4.667,  3.525,  0.018,4020001.0,  1,  22.1,   0.9, 0.100
2025-11-12 10:35:16,        0,  29.2,   0.7,  25.3,  6.479,  5.587,  0.036,4024754.0,  1,  22.0,   1.0, 0.100
2025-11-12 10:35:17,        0,  29.0,   0.0,  25.3,  1.437,  0.133,  0.000,4025190.2,  1,  22.1,   0.9, 0.100
2025-11-12 10:35:18,        0,  30.4,   4.1,  25.3,  6.089,  5.146,  0.031,4029374.1,  1,  22.0,   0.9, 0.100
2025-11-12 10:35:19,        0,  30.1,   3.4,  25.3,  5.463,  4.431,  0.025,4033409.1,  1,  22.0,   0.9, 0.100
2025-11-12 10:35:20,        0,  30.3,   3.9,  25.3,  6.160,  5.227,  0.032,4038328.4,  1,  22.1,   0.9, 0.100
2025-11-12 10:35:21,        0,  30.4,   4.1,  25.3,  5.076,  3.997,  0.022,4042754.1,  1,  22.0,   0.9, 0.100
2025-11-12 10:35:22,        0,  30.3,   3.9,  25.3,  4.842,  3.737,  0.021,4047598.8,  1,  22.1,   0.9, 0.100
2025-11-12 10:35:23,        0,  29.4,   1.1,  25.3,  1.923,  0.561,  0.001,4049631.0,  1,  22.1,   0.9, 0.100
2025-11-12 10:35:24,        0,  29.5,   1.6,  25.3,  3.433,  2.261,  0.011,4050705.2,  1,  22.1,   0.9, 0.100
2025-11-12 10:35:25,        0,  28.9,   0.0,  25.3,  1.274,  0.049,  0.000,4050753.8,  1,  22.1,   0.9, 0.100
2025-11-12 10:35:26,        0,  29.9,   2.8,  25.3,  3.035,  1.751,  0.007,4051618.4,  1,  22.1,   0.9, 0.100
2025-11-12 10:35:27,        0,  30.0,   3.0,  25.3,  2.555,  1.270,  0.006,4053915.4,  1,  22.1,   0.9, 0.100
2025-11-12 10:35:28,        0,  29.9,   2.7,  25.3,  5.731,  4.747,  0.027,4058277.8,  1,  22.1,   0.9, 0.100
2025-11-12 10:35:29,        0,  29.4,   1.3,  25.3,  4.737,  3.621,  0.019,4062058.5,  1,  22.1,   0.9, 0.100
2025-11-12 10:35:30,        0,  29.8,   2.5,  25.3,  4.242,  3.192,  0.020,4064726.8,  1,  22.0,   0.9, 0.100
2025-11-12 10:35:31,        0,  29.6,   1.8,  25.3,  3.098,  1.814,  0.008,4067111.9,  1,  22.0,   0.9, 0.100
2025-11-12 10:35:32,        0,  29.9,   2.8,  25.3,  3.150,  2.049,  0.012,4068191.5,  1,  22.1,   0.9, 0.100
2025-11-12 10:35:33,        0,  29.2,   0.7,  25.3,  3.808,  2.598,  0.012,4070991.9,  1,  22.0,   0.9, 0.100
2025-11-12 10:35:34,        0,  29.1,   0.4,  25.3,  4.347,  3.300,  0.018,4072689.2,  1,  22.1,   0.9, 0.100
2025-11-12 10:35:35,        0,  29.9,   2.8,  25.3,  3.031,  1.845,  0.010,4074679.9,  1,  22.1,   0.9, 0.100
2025-11-12 10:35:36,        0,  29.4,   1.1,  25.3,  5.423,  4.402,  0.024,4078368.8,  1,  22.1,   0.9, 0.100
2025-11-12 10:35:37,        0,  29.7,   2.0,  25.3,  1.227,  0.037,  0.000,4078512.1,  1,  22.1,   1.0, 0.100
2025-11-12 10:35:38,        0,  29.9,   2.7,  25.3,  3.058,  1.862,  0.008,4079348.2,  1,  22.1,   1.0, 0.100
2025-11-12 10:35:39,        0,  29.9,   2.7,  25.3,  2.222,  0.990,  0.005,4081208.6,  1,  22.1,   0.9, 0.100
2025-11-12 10:35:40,        0,  29.8,   2.3,  25.3,  4.395,  3.255,  0.016,4085080.6,  1,  22.0,   1.0, 0.100
2025-11-12 10:35:41,        0,  29.9,   2.8,  25.3,  4.549,  3.434,  0.018,4088698.2,  1,  22.0,   0.9, 0.100
2025-11-12 10:35:42,        0,  30.3,   3.9,  25.3,  2.030,  0.682,  0.002,4090992.4,  1,  22.1,   1.0, 0.100
2025-11-12 10:35:43,        0,  29.5,   1.4,  25.3,  2.282,  0.946,  0.003,4094852.6,  1,  22.1,   1.0, 0.100
2025-11-12 10:35:44,        0,  28.4,   0.0,  25.3,  1.173,  0.022,  0.000,4094897.9,  1,  22.0,   1.0, 0.100
2025-11-12 10:35:45,        0,  29.4,   1.1,  25.3,  1.055, -0.001,  0.000,4094897.1,  1,  22.1,   1.0, 0.100
2025-11-12 10:35:46,        0,  29.4,   1.1,  25.3,  0.999, -0.005,  0.000,4094891.6,  1,  22.1,   1.0, 0.100
2025-11-12 10:35:47,        0,  29.6,   1.8,  25.3,  0.943, -0.007,  0.000,4094884.5,  1,  22.1,   0.9, 0.100
2025-11-12 10:35:48,        0,  29.9,   2.7,  25.3,  3.111,  1.850,  0.008,4097113.7,  1,  22.1,   0.9, 0.100
2025-11-12 10:35:49,        0,  29.8,   2.5,  25.3,  5.379,  4.368,  0.023,4100098.5,  1,  22.1,   0.9, 0.100
2025-11-12 10:35:50,        0,  30.2,   3.5,  25.3,  3.088,  1.853,  0.009,4103029.6,  1,  22.1,   0.9, 0.100
2025-11-12 10:35:51,        0,  29.6,   1.8,  25.3,  3.047,  1.779,  0.007,4105693.8,  1,  22.1,   0.9, 0.100
2025-11-12 10:35:52,        0,  29.5,   1.4,  25.3,  1.239,  0.042,  0.000,4105814.1,  1,  22.1,   0.9, 0.100
2025-11-12 10:35:53,        0,  29.3,   0.9,  25.3,  1.032, -0.003,  0.000,4105814.1,  1,  22.1,   0.9, 0.100
2025-11-12 10:35:54,        0,  29.8,   2.5,  25.3,  0.977, -0.005,  0.000,4105809.1,  1,  22.1,   0.8, 0.100
2025-11-12 10:35:55,        0,  29.7,   2.1,  25.3,  0.934, -0.007,  0.000,4105802.3,  1,  22.1,   0.9, 0.100
2025-11-12 10:35:56,        0,  29.9,   2.6,  25.3,  3.549,  2.544,  0.013,4106910.4,  1,  22.1,   0.9, 0.100
2025-11-12 10:35:57,        0,  30.0,   3.0,  25.3,  1.988,  0.664,  0.002,4109873.4,  1,  22.1,   0.9, 0.100
2025-11-12 10:35:58,        0,  29.9,   2.7,  25.3,  1.698,  0.364,  0.001,4111603.9,  1,  22.1,   0.8, 0.100
2025-11-12 10:35:59,        0,  29.8,   2.3,  25.3,  1.138,  0.015,  0.000,4112087.9,  1,  22.1,   0.8, 0.100
2025-11-12 10:36:00,        0,  29.9,   2.7,  25.3,  1.590,  0.272,  0.000,4113453.8,  1,  22.1,   0.8, 0.100
2025-11-12 10:36:01,        0,  29.7,   2.1,  25.3,  1.770,  0.431,  0.001,4115418.9,  1,  22.1,   0.8, 0.100
2025-11-12 10:36:02,        0,  29.5,   1.6,  25.3,  1.144,  0.017,  0.000,4115432.3,  1,  22.1,   0.9, 0.100
2025-11-12 10:36:03,        0,  29.8,   2.5,  25.3,  0.998, -0.004,  0.000,4115429.4,  1,  22.1,   0.8, 0.100
2025-11-12 10:36:04,        0,  29.9,   2.8,  25.3,  0.950, -0.006,  0.000,4115423.1,  1,  22.1,   0.9, 0.100
2025-11-12 10:36:05,        0,  29.9,   2.8,  25.3,  5.371,  4.370,  0.023,4120128.7,  1,  22.1,   0.9, 0.100
2025-11-12 10:36:06,        0,  29.7,   2.1,  25.3,  5.373,  4.371,  0.023,4124307.1,  1,  22.1,   0.9, 0.100
2025-11-12 10:36:07,        0,  29.2,   0.7,  25.3,  1.296,  0.067,  0.000,4124890.0,  1,  22.1,   0.9, 0.100
2025-11-12 10:36:08,        0,  28.7,   0.0,  25.3,  1.084,  0.006,  0.000,4124899.7,  1,  22.1,   0.9, 0.100
2025-11-12 10:36:09,        0,  29.7,   2.1,  25.3,  1.002, -0.003,  0.000,4124897.6,  1,  22.1,   0.9, 0.100
2025-11-12 10:36:10,        0,  29.5,   1.4,  25.3,  0.929, -0.006,  0.000,4124890.9,  1,  22.1,   0.9, 0.100
2025-11-12 10:36:11,        0,  29.9,   2.8,  25.3,  0.892, -0.007,  0.000,4124883.7,  1,  22.1,   0.9, 0.100
2025-11-12 10:36:12,        0,  29.6,   1.9,  25.3,  1.651,  0.333,  0.001,4126369.9,  1,  22.1,   0.9, 0.100
2025-11-12 10:36:13,        0,  29.8,   2.5,  25.3,  1.119,  0.013,  0.000,4126392.9,  1,  22.1,   0.9, 0.100
2025-11-12 10:36:14,        0,  29.7,   2.0,  25.3,  0.978, -0.003,  0.000,4126390.4,  1,  22.1,   0.9, 0.100
2025-11-12 10:36:15,        0,  29.7,   2.1,  25.3,  0.926, -0.006,  0.000,4126384.5,  1,  22.1,   0.9, 0.100
2025-11-12 10:36:16,        0,  29.8,   2.5,  25.3,  0.887, -0.007,  0.000,4126975.9,  1,  22.1,   0.9, 0.100
2025-11-12 10:36:17,        0,  29.9,   2.8,  25.3,  5.366,  4.371,  0.023,4130467.4,  1,  22.1,   0.9, 0.100
2025-11-12 10:36:18,        0,  29.9,   2.8,  25.3,  5.504,  4.522,  0.025,4134701.9,  1,  22.1,   1.0, 0.100
2025-11-12 10:36:19,        0,  28.7,   0.0,  25.3,  1.420,  0.147,  0.000,4136493.5,  1,  22.1,   0.9, 0.100
2025-11-12 10:36:20,        0,  29.8,   2.3,  25.3,  1.098,  0.009,  0.000,4136505.7,  1,  22.1,   1.0, 0.100
2025-11-12 10:36:21,        0,  29.4,   1.3,  25.3,  1.006, -0.002,  0.000,4136503.6,  1,  22.1,   1.0, 0.100
2025-11-12 10:36:22,        0,  29.5,   1.4,  25.3,  0.926, -0.006,  0.000,4136498.1,  1,  22.1,   1.0, 0.100
2025-11-12 10:36:23,        0,  29.6,   1.9,  25.3,  0.870, -0.007,  0.000,4136490.2,  1,  22.1,   1.0, 0.100
2025-11-12 10:36:24,        0,  29.5,   1.4,  25.3,  0.837, -0.007,  0.000,4136483.5,  1,  22.1,   1.0, 0.100
2025-11-12 10:36:25,        0,  29.8,   2.3,  25.3,  0.809, -0.007,  0.000,4136476.3,  1,  22.1,   1.0, 0.100
2025-11-12 10:36:26,        0,  29.7,   2.1,  25.3,  0.782, -0.007,  0.000,4136469.6,  1,  22.1,   1.0, 0.100
2025-11-12 10:36:27,        0,  29.8,   2.3,  25.3,  0.746, -0.007,  0.000,4136461.3,  1,  22.1,   1.0, 0.100
2025-11-12 10:36:28,        0,  29.8,   2.5,  25.3,  0.716, -0.007,  0.000,4136454.1,  1,  22.1,   1.0, 0.100
2025-11-12 10:36:29,        0,  29.8,   2.3,  25.3,  0.697, -0.007,  0.000,4136447.0,  1,  22.1,   1.0, 0.100
2025-11-12 10:36:30,        0,  29.9,   2.7,  25.3,  0.682, -0.008,  0.000,4136439.5,  1,  22.1,   1.0, 0.100
2025-11-12 10:36:31,        0,  29.9,   2.8,  25.3,  5.362,  4.368,  0.023,4139419.6,  1,  22.1,   1.0, 0.100
2025-11-12 10:36:32,        0,  29.8,   2.3,  25.3,  5.368,  4.370,  0.023,4143704.9,  1,  22.1,   1.0, 0.100
2025-11-12 10:36:33,        0,  29.8,   2.3,  25.3,  1.191,  0.031,  0.000,4143800.9,  1,  22.1,   1.0, 0.100
2025-11-12 10:36:34,        0,  29.5,   1.6,  25.3,  1.043,  0.002,  0.000,4143804.2,  1,  22.1,   1.0, 0.100
2025-11-12 10:36:35,        0,  29.6,   1.8,  25.3,  0.971, -0.004,  0.000,4143800.9,  1,  22.1,   1.0, 0.100
2025-11-12 10:36:36,        0,  29.6,   1.8,  25.3,  0.899, -0.007,  0.000,4143793.7,  1,  22.1,   1.0, 0.100
2025-11-12 10:36:37,        0,  29.7,   2.1,  25.3,  0.861, -0.007,  0.000,4143787.5,  1,  22.1,   1.0, 0.100
2025-11-12 10:36:38,        0,  29.7,   2.0,  25.3,  0.811, -0.007,  0.000,4143780.7,  1,  22.1,   1.0, 0.100
2025-11-12 10:36:39,        0,  29.7,   2.1,  25.3,  0.782, -0.007,  0.000,4143774.0,  1,  22.1,   1.0, 0.100
2025-11-12 10:36:40,        0,  29.8,   2.3,  25.3,  0.756, -0.007,  0.000,4143767.3,  1,  22.1,   1.0, 0.100
2025-11-12 10:36:41,        0,  29.8,   2.3,  25.3,  0.721, -0.007,  0.000,4143759.4,  1,  22.1,   1.0, 0.100
2025-11-12 10:36:42,        0,  29.8,   2.5,  25.3,  0.689, -0.007,  0.000,4143752.7,  1,  22.1,   1.0, 0.100
2025-11-12 10:36:43,        0,  29.9,   2.7,  25.3,  0.672, -0.007,  0.000,4144103.0,  1,  22.1,   1.0, 0.100
2025-11-12 10:36:44,        0,  29.9,   2.7,  25.3,  5.368,  4.369,  0.023,4148278.9,  1,  22.1,   1.0, 0.100
2025-11-12 10:36:45,        0,  29.7,   2.1,  25.3,  1.945,  0.619,  0.001,4150831.2,  1,  22.1,   0.9, 0.100
2025-11-12 10:36:46,        0,  29.6,   1.8,  25.3,  1.140,  0.020,  0.000,4150852.1,  1,  22.1,   1.0, 0.100
2025-11-12 10:36:47,        0,  29.5,   1.6,  25.3,  0.978, -0.003,  0.000,4150851.7,  1,  22.1,   0.9, 0.100
2025-11-12 10:36:48,        0,  29.4,   1.3,  25.3,  0.925, -0.005,  0.000,4150846.3,  1,  22.1,   0.9, 0.100
2025-11-12 10:36:49,        0,  29.6,   1.8,  25.3,  0.863, -0.006,  0.000,4150839.1,  1,  22.1,   0.9, 0.100
2025-11-12 10:36:50,        0,  29.6,   1.8,  25.3,  0.827, -0.007,  0.000,4150833.7,  1,  22.1,   0.9, 0.100
2025-11-12 10:36:51,        0,  29.7,   2.0,  25.3,  0.795, -0.007,  0.000,4150827.0,  1,  22.1,   0.8, 0.100
2025-11-12 10:36:52,        0,  29.7,   2.0,  25.3,  0.754, -0.007,  0.000,4150820.3,  1,  22.1,   0.8, 0.100
2025-11-12 10:36:53,        0,  29.7,   2.0,  25.3,  0.729, -0.007,  0.000,4150814.0,  1,  22.1,   0.9, 0.100
2025-11-12 10:36:54,        0,  29.7,   2.0,  25.3,  0.697, -0.007,  0.000,4150806.0,  1,  22.1,   0.8, 0.100
2025-11-12 10:36:55,        0,  29.7,   2.1,  25.3,  0.678, -0.007,  0.000,4150799.3,  1,  22.1,   0.8, 0.100
2025-11-12 10:36:56,        0,  29.8,   2.3,  25.3,  0.660, -0.007,  0.000,4150792.6,  1,  22.1,   0.8, 0.100
2025-11-12 10:36:57,        0,  29.8,   2.3,  25.3,  0.637, -0.007,  0.000,4150785.9,  1,  22.1,   0.8, 0.100
2025-11-12 10:36:58,        0,  29.8,   2.5,  25.3,  0.616, -0.007,  0.000,4150778.0,  1,  22.1,   0.8, 0.100
2025-11-12 10:36:59,        0,  29.7,   2.1,  25.3,  0.604, -0.007,  0.000,4150771.7,  1,  22.1,   0.8, 0.100
2025-11-12 10:37:00,        0,  29.8,   2.5,  25.3,  0.592, -0.006,  0.000,4150765.0,  1,  22.1,   0.8, 0.100
2025-11-12 10:37:01,        0,  29.9,   2.7,  25.3,  0.580, -0.007,  0.000,4150758.3,  1,  22.1,   0.8, 0.100
2025-11-12 10:37:02,        0,  29.9,   2.8,  25.3,  5.367,  4.370,  0.023,77727001190.2,  1,  22.1,   0.8, 0.100
2025-11-12 10:37:03,        0,  29.9,   2.7,  25.3,  5.371,  4.371,  0.023,4159128.9,  1,  22.1,   0.8, 0.100
2025-11-12 10:37:04,        0,  29.4,   1.3,  25.3,  1.964,  0.636,  0.001,4160894.5,  1,  22.1,   0.8, 0.100
2025-11-12 10:37:05,        0,  29.5,   1.6,  25.3,  1.145,  0.020,  0.000,4160916.7,  1,  22.1,   0.8, 0.100
2025-11-12 10:37:06,        0,  29.2,   0.7,  25.3,  0.983, -0.002,  0.000,4160916.3,  1,  22.1,   0.9, 0.100
2025-11-12 10:37:07,        0,  29.2,   0.5,  25.3,  0.929, -0.005,  0.000,4160911.3,  1,  22.1,   0.9, 0.100
2025-11-12 10:37:08,        0,  29.4,   1.3,  25.3,  0.866, -0.006,  0.000,4160905.4,  1,  22.1,   0.9, 0.100
2025-11-12 10:37:09,        0,  29.4,   1.1,  25.3,  0.831, -0.007,  0.000,4160898.7,  1,  22.1,   0.9, 0.100
2025-11-12 10:37:10,        0,  29.4,   1.3,  25.3,  0.800, -0.007,  0.000,4160892.4,  1,  22.1,   0.9, 0.100
2025-11-12 10:37:11,        0,  29.4,   1.3,  25.3,  0.756, -0.007,  0.000,4160885.3,  1,  22.1,   0.9, 0.100
2025-11-12 10:37:12,        0,  29.5,   1.4,  25.3,  0.730, -0.007,  0.000,4160878.6,  1,  22.1,   0.9, 0.100
2025-11-12 10:37:13,        0,  29.5,   1.4,  25.3,  0.696, -0.007,  0.000,4160872.3,  1,  22.1,   1.0, 0.100
2025-11-12 10:37:14,        0,  29.5,   1.4,  25.3,  0.676, -0.007,  0.000,4160865.2,  1,  22.1,   0.9, 0.100
2025-11-12 10:37:15,        0,  29.6,   1.8,  25.3,  0.650, -0.007,  0.000,4160857.2,  1,  22.1,   1.0, 0.100
2025-11-12 10:37:16,        0,  29.6,   1.8,  25.3,  0.634, -0.007,  0.000,4160851.3,  1,  22.1,   1.0, 0.100
2025-11-12 10:37:17,        0,  29.5,   1.6,  25.3,  0.620, -0.007,  0.000,4160844.6,  1,  22.1,   1.0, 0.100
2025-11-12 10:37:18,        0,  29.7,   2.1,  25.3,  0.599, -0.007,  0.000,4160837.9,  1,  22.1,   1.0, 0.100
2025-11-12 10:37:19,        0,  29.6,   1.8,  25.3,  0.587, -0.007,  0.000,4160830.4,  1,  22.1,   1.0, 0.100
2025-11-12 10:37:20,        0,  29.7,   2.1,  25.3,  0.569, -0.007,  0.000,4160823.7,  1,  22.1,   1.0, 0.100
2025-11-12 10:37:21,        0,  29.7,   2.1,  25.3,  0.559, -0.007,  0.000,4160817.8,  1,  22.1,   1.0, 0.100
2025-11-12 10:37:22,        0,  29.7,   2.0,  25.3,  0.548, -0.006,  0.000,4160811.5,  1,  22.1,   1.0, 0.100
2025-11-12 10:37:23,        0,  29.7,   2.1,  25.3,  0.534, -0.007,  0.000,4160804.0,  1,  22.1,   1.0, 0.100
2025-11-12 10:37:24,        0,  29.8,   2.3,  25.3,  0.521, -0.006,  0.000,4160798.1,  1,  22.1,   1.0, 0.100
2025-11-12 10:37:25,        0,  29.8,   2.3,  25.3,  0.513, -0.006,  0.000,4160791.8,  1,  22.1,   1.0, 0.100
2025-11-12 10:37:26,        0,  29.8,   2.5,  25.2,  0.505, -0.006,  0.000,4160785.5,  1,  22.1,   1.0, 0.100
2025-11-12 10:37:27,        0,  29.8,   2.5,  25.3,  0.497, -0.006,  0.000,4160780.1,  1,  22.1,   1.0, 0.100
2025-11-12 10:37:28,        0,  29.7,   2.1,  25.3,  0.486, -0.007,  0.000,4160772.1,  1,  22.1,   1.0, 0.100
2025-11-12 10:37:29,        0,  29.9,   2.7,  25.3,  1.570,  1.022,  0.005,4161352.6,  1,  22.1,   1.0, 0.100
2025-11-12 10:37:30,        0,  29.9,   2.7,  25.3,  5.349,  4.348,  0.023,4165126.9,  1,  22.1,   1.0, 0.100
2025-11-12 10:37:31,        0,  29.5,   1.6,  25.3,  1.338,  0.093,  0.000,4165292.9,  1,  22.1,   1.0, 0.100
2025-11-12 10:37:32,        0,  29.3,   0.9,  25.3,  1.021,  0.002,  0.000,4165299.6,  1,  22.1,   1.0, 0.100
2025-11-12 10:37:33,        0,  29.4,   1.3,  25.3,  0.946, -0.003,  0.000,4165296.3,  1,  22.1,   1.0, 0.100
2025-11-12 10:37:34,        0,  29.6,   1.8,  25.3,  0.871, -0.005,  0.000,4165291.2,  1,  22.1,   1.0, 0.100
2025-11-12 10:37:35,        0,  29.5,   1.6,  25.3,  0.832, -0.006,  0.000,4165285.8,  1,  22.1,   1.0, 0.100
2025-11-12 10:37:36,        0,  29.7,   2.1,  25.3,  0.796, -0.006,  0.000,4165279.9,  1,  22.1,   0.9, 0.100
2025-11-12 10:37:37,        0,  29.8,   2.3,  25.3,  0.749, -0.006,  0.000,4165272.4,  1,  22.1,   0.9, 0.100
2025-11-12 10:37:38,        0,  29.7,   2.1,  25.3,  0.721, -0.006,  0.000,4165266.1,  1,  22.1,   0.9, 0.100
2025-11-12 10:37:39,        0,  29.8,   2.3,  25.3,  0.685, -0.007,  0.000,4165259.8,  1,  22.1,   0.9, 0.100
2025-11-12 10:37:40,        0,  29.7,   2.1,  25.3,  0.663, -0.007,  0.000,4165253.1,  1,  22.1,   0.9, 0.100
2025-11-12 10:37:41,        0,  29.8,   2.3,  25.3,  0.635, -0.006,  0.000,4165246.0,  1,  22.1,   0.9, 0.100
2025-11-12 10:37:42,        0,  29.7,   2.1,  25.3,  0.617, -0.007,  0.000,4165239.3,  1,  22.1,   0.9, 0.100
2025-11-12 10:37:43,        0,  29.8,   2.5,  25.3,  0.602, -0.007,  0.000,4165233.0,  1,  22.1,   0.9, 0.100
2025-11-12 10:37:44,        0,  29.9,   2.7,  25.3,  0.581, -0.006,  0.000,4165227.1,  1,  22.2,   0.9, 0.100
2025-11-12 10:37:45,        0,  29.9,   2.6,  25.3,  3.259,  2.495,  0.013,4166427.8,  1,  22.1,   0.9, 0.100
2025-11-12 10:37:46,        0,  29.8,   2.3,  25.3,  5.364,  4.369,  0.023,4170295.6,  1,  22.1,   0.9, 0.100
2025-11-12 10:37:47,        0,  29.2,   0.6,  25.3,  1.363,  0.110,  0.000,4170503.9,  1,  22.1,   0.9, 0.100
2025-11-12 10:37:48,        0,  29.7,   2.1,  25.3,  1.022,  0.002,  0.000,4170511.1,  1,  22.1,   0.9, 0.100
2025-11-12 10:37:49,        0,  29.6,   1.8,  25.2,  0.946, -0.003,  0.000,4170508.5,  1,  22.1,   0.9, 0.100
2025-11-12 10:37:50,        0,  29.6,   1.8,  25.3,  0.874, -0.006,  0.000,4170501.8,  1,  22.1,   0.8, 0.100
2025-11-12 10:37:51,        0,  29.7,   2.0,  25.3,  0.834, -0.006,  0.000,4170496.0,  1,  22.1,   0.9, 0.100
2025-11-12 10:37:52,        0,  29.6,   1.8,  25.3,  0.798, -0.006,  0.000,4170489.7,  1,  22.1,   0.9, 0.100
2025-11-12 10:37:53,        0,  29.7,   2.0,  25.3,  0.750, -0.006,  0.000,4170484.2,  1,  22.1,   0.8, 0.100
2025-11-12 10:37:54,        0,  29.7,   2.0,  25.3,  0.722, -0.006,  0.000,4170477.1,  1,  22.1,   0.8, 0.100
2025-11-12 10:37:55,        0,  29.7,   2.0,  25.3,  0.685, -0.006,  0.000,4170470.4,  1,  22.1,   0.9, 0.100
2025-11-12 10:37:56,        0,  29.7,   2.0,  25.3,  0.664, -0.006,  0.000,4170464.5,  1,  22.1,   0.8, 0.100
2025-11-12 10:37:57,        0,  29.7,   2.1,  25.2,  0.644, -0.007,  0.000,4170458.3,  1,  22.1,   0.9, 0.100
2025-11-12 10:37:58,        0,  29.7,   2.1,  25.3,  0.618, -0.007,  0.000,4170450.3,  1,  22.1,   0.8, 0.100
2025-11-12 10:37:59,        0,  29.8,   2.3,  25.2,  0.602, -0.007,  0.000,4170444.0,  1,  22.1,   0.8, 0.100
2025-11-12 10:38:00,        0,  29.6,   1.9,  25.3,  0.581, -0.006,  0.000,4170438.1,  1,  22.1,   0.8, 0.100
2025-11-12 10:38:01,        0,  29.7,   2.1,  25.2,  0.567, -0.006,  0.000,4170432.7,  1,  22.1,   0.8, 0.100
2025-11-12 10:38:02,        0,  29.8,   2.3,  25.3,  0.555, -0.006,  0.000,4170426.0,  1,  22.2,   0.8, 0.100
2025-11-12 10:38:03,        0,  29.8,   2.3,  25.3,  0.538, -0.007,  0.000,4170418.9,  1,  22.2,   0.8, 0.100
2025-11-12 10:38:04,        0,  29.8,   2.5,  25.3,  0.523, -0.006,  0.000,4170413.0,  1,  22.1,   0.8, 0.100
2025-11-12 10:38:05,        0,  29.8,   2.5,  25.3,  0.513, -0.007,  0.000,4170406.7,  1,  22.1,   0.8, 0.100
2025-11-12 10:38:06,        0,  29.8,   2.5,  25.2,  0.503, -0.006,  0.000,4170401.3,  1,  22.1,   0.9, 0.100
2025-11-12 10:38:07,        0,  29.8,   2.5,  25.2,  0.491, -0.006,  0.000,4170394.5,  1,  22.1,   0.9, 0.100
2025-11-12 10:38:08,        0,  29.8,   2.5,  25.3,  0.483, -0.006,  0.000,4170388.7,  1,  22.1,   0.9, 0.100
2025-11-12 10:38:09,        0,  29.8,   2.5,  25.3,  3.286,  2.557,  0.014,4171645.5,  1,  22.2,   0.9, 0.100
2025-11-12 10:38:10,        0,  29.9,   2.7,  25.3,  3.552,  2.401,  0.013,4174218.4,  1,  22.1,   0.9, 0.100
2025-11-12 10:38:11,        0,  29.6,   1.8,  25.3,  4.492,  3.386,  0.017,4176748.9,  1,  22.2,   0.9, 0.100
2025-11-12 10:38:12,        0,  29.7,   2.0,  25.3,  1.111,  0.017,  0.000,4176790.4,  1,  22.1,   0.9, 0.100
2025-11-12 10:38:13,        0,  29.5,   1.6,  25.3,  0.993,  0.000,  0.000,4176789.9,  1,  22.2,   0.9, 0.100
2025-11-12 10:38:14,        0,  29.5,   1.6,  25.2,  0.904, -0.005,  0.000,4176785.3,  1,  22.2,   1.0, 0.100
2025-11-12 10:38:15,        0,  29.5,   1.6,  25.3,  0.861, -0.006,  0.000,4176779.9,  1,  22.1,   1.0, 0.100
2025-11-12 10:38:16,        0,  29.5,   1.4,  25.2,  0.807, -0.007,  0.000,4176772.8,  1,  22.1,   0.9, 0.100
2025-11-12 10:38:17,        0,  29.5,   1.6,  25.3,  0.775, -0.006,  0.000,4176766.5,  1,  22.1,   1.0, 0.100
2025-11-12 10:38:18,        0,  29.5,   1.6,  25.2,  0.744, -0.006,  0.000,4176760.2,  1,  22.1,   1.0, 0.100
2025-11-12 10:38:19,        0,  29.5,   1.4,  25.3,  0.705, -0.006,  0.000,4176754.3,  1,  22.2,   1.0, 0.100
2025-11-12 10:38:20,        0,  29.5,   1.6,  25.3,  0.681, -0.007,  0.000,4176748.5,  1,  22.1,   1.0, 0.100
2025-11-12 10:38:21,        0,  29.6,   1.8,  25.2,  0.649, -0.007,  0.000,4176740.1,  1,  22.1,   1.0, 0.100
2025-11-12 10:38:22,        0,  29.6,   1.8,  25.3,  0.630, -0.006,  0.000,4176733.8,  1,  22.1,   1.0, 0.100
2025-11-12 10:38:23,        0,  29.6,   1.8,  25.2,  0.604, -0.006,  0.000,4176727.9,  1,  22.2,   1.0, 0.100
2025-11-12 10:38:24,        0,  29.6,   1.8,  25.2,  0.589, -0.006,  0.000,4176721.6,  1,  22.1,   1.0, 0.100
2025-11-12 10:38:25,        0,  29.5,   1.6,  25.3,  0.569, -0.006,  0.000,4176714.1,  1,  22.2,   1.0, 0.100
2025-11-12 10:38:26,        0,  29.6,   1.8,  25.3,  0.556, -0.006,  0.000,4176707.8,  1,  22.1,   1.0, 0.100
2025-11-12 10:38:27,        0,  29.5,   1.6,  25.2,  0.544, -0.006,  0.000,4176701.9,  1,  22.2,   1.0, 0.100
2025-11-12 10:38:28,        0,  29.7,   2.1,  25.2,  0.526, -0.006,  0.000,4176696.5,  1,  22.1,   1.0, 0.100
2025-11-12 10:38:29,        0,  29.7,   2.0,  25.3,  0.517, -0.006,  0.000,4176690.6,  1,  22.2,   1.0, 0.100
2025-11-12 10:38:30,        0,  29.7,   2.0,  25.3,  0.502, -0.006,  0.000,4176683.9,  1,  22.1,   1.0, 0.100
2025-11-12 10:38:31,        0,  29.7,   2.0,  25.3,  0.493, -0.006,  0.000,4176678.0,  1,  22.1,   1.0, 0.100
2025-11-12 10:38:32,        0,  29.7,   2.1,  25.2,  0.484, -0.006,  0.000,4176672.6,  1,  22.2,   1.0, 0.100
2025-11-12 10:38:33,        0,  29.8,   2.3,  25.3,  0.472, -0.006,  0.000,4176666.7,  1,  22.2,   1.0, 0.100
2025-11-12 10:38:34,        0,  29.7,   2.1,  25.2,  0.464, -0.005,  0.000,4176660.0,  1,  22.2,   1.0, 0.100
2025-11-12 10:38:35,        0,  29.8,   2.3,  25.2,  0.453, -0.006,  0.000,4176655.0,  1,  22.2,   0.9, 0.100
2025-11-12 10:38:36,        0,  29.8,   2.3,  25.3,  0.446, -0.005,  0.000,4176649.5,  1,  22.2,   0.9, 0.100
2025-11-12 10:38:37,        0,  29.7,   2.1,  25.2,  0.439, -0.006,  0.000,4176643.7,  1,  22.2,   1.0, 0.100
2025-11-12 10:38:38,        0,  29.8,   2.3,  25.2,  0.430, -0.006,  0.000,4176638.6,  1,  22.2,   0.9, 0.100
2025-11-12 10:38:39,        0,  29.8,   2.5,  25.2,  0.422, -0.005,  0.000,4176632.4,  1,  22.2,   0.9, 0.100
2025-11-12 10:38:40,        0,  29.8,   2.3,  25.2,  0.416, -0.005,  0.000,4176627.3,  1,  22.2,   0.9, 0.100
2025-11-12 10:38:41,        0,  29.8,   2.5,  25.2,  0.411, -0.005,  0.000,4176622.3,  1,  22.2,   0.9, 0.100
2025-11-12 10:38:42,        0,  29.8,   2.5,  25.2,  0.405, -0.005,  0.000,4176617.3,  1,  22.2,   0.9, 0.100
2025-11-12 10:38:43,        0,  29.8,   2.5,  25.3,  0.396, -0.005,  0.000,4176611.4,  1,  22.2,   0.9, 0.100
2025-11-12 10:38:44,        0,  29.9,   2.7,  25.2,  0.389, -0.005,  0.000,4176606.8,  1,  22.2,   0.9, 0.100
2025-11-12 10:38:45,        0,  29.8,   2.5,  25.3,  4.165,  3.045,  0.014,4178044.3,  1,  22.2,   0.9, 0.100
2025-11-12 10:38:46,        0,  29.8,   2.3,  25.3,  1.219,  0.041,  0.000,4178097.1,  1,  22.2,   0.9, 0.100
2025-11-12 10:38:47,        0,  29.7,   2.1,  25.2,  0.984,  0.001,  0.000,4178100.0,  1,  22.2,   0.9, 0.100
2025-11-12 10:38:48,        0,  29.8,   2.3,  25.3,  0.913, -0.003,  0.000,4178096.7,  1,  22.2,   0.9, 0.100
2025-11-12 10:38:49,        0,  29.8,   2.5,  25.2,  0.838, -0.005,  0.000,4178092.1,  1,  22.2,   0.9, 0.100
2025-11-12 10:38:50,        0,  29.9,   2.7,  25.2,  0.798, -0.005,  0.000,4178086.2,  1,  22.2,   0.9, 0.100
2025-11-12 10:38:51,        0,  29.8,   2.5,  25.2,  0.746, -0.006,  0.000,4178079.5,  1,  22.2,   0.9, 0.100
2025-11-12 10:38:52,        0,  29.8,   2.5,  25.2,  0.717, -0.006,  0.000,4178074.0,  1,  22.2,   0.8, 0.100
2025-11-12 10:38:53,        0,  29.8,   2.5,  25.2,  0.689, -0.006,  0.000,4178068.6,  1,  22.2,   0.8, 0.100
2025-11-12 10:38:54,        0,  29.8,   2.5,  25.2,  0.652, -0.006,  0.000,4178062.3,  1,  22.2,   0.8, 0.100
2025-11-12 10:38:55,        0,  29.9,   2.7,  25.2,  0.631, -0.006,  0.000,4178055.2,  1,  22.2,   0.8, 0.100
2025-11-12 10:38:56,        0,  29.9,   2.7,  25.2,  0.602, -0.006,  0.000,4178049.7,  1,  22.2,   0.8, 0.100
2025-11-12 10:38:57,        0,  29.9,   2.7,  25.3,  4.921,  3.993,  0.021,4180730.7,  1,  22.2,   0.8, 0.100
2025-11-12 10:38:58,        0,  29.8,   2.5,  25.2,  5.364,  4.367,  0.023,4184792.6,  1,  22.2,   0.9, 0.100
2025-11-12 10:38:59,        0,  29.8,   2.5,  25.2,  1.271,  0.062,  0.000,4185145.4,  1,  22.2,   0.8, 0.100
2025-11-12 10:39:00,        0,  29.4,   1.3,  25.2,  1.007,  0.002,  0.000,4185150.5,  1,  22.2,   0.8, 0.100
2025-11-12 10:39:01,        0,  29.5,   1.6,  25.2,  0.934, -0.003,  0.000,4185148.8,  1,  22.2,   0.8, 0.100
2025-11-12 10:39:02,        0,  29.1,   0.4,  25.3,  0.884, -0.006,  0.000,4185142.9,  1,  22.2,   0.8, 0.100
2025-11-12 10:39:03,        0,  29.5,   1.4,  25.2,  0.844, -0.005,  0.000,4185137.5,  1,  22.2,   0.8, 0.100
2025-11-12 10:39:04,        0,  29.4,   1.3,  25.2,  0.790, -0.006,  0.000,4185130.8,  1,  22.2,   0.8, 0.100
2025-11-12 10:39:05,        0,  29.4,   1.3,  25.2,  0.742, -0.006,  0.000,4185124.9,  1,  22.2,   0.8, 0.100
2025-11-12 10:39:06,        0,  29.4,   1.3,  25.2,  0.716, -0.006,  0.000,4185118.6,  1,  22.2,   0.8, 0.100
2025-11-12 10:39:07,        0,  29.5,   1.4,  25.2,  0.690, -0.006,  0.000,4185112.8,  1,  22.2,   0.8, 0.100
2025-11-12 10:39:08,        0,  29.5,   1.4,  25.2,  0.657, -0.007,  0.000,4185105.2,  1,  22.2,   0.8, 0.100
2025-11-12 10:39:09,        0,  29.5,   1.4,  25.2,  0.637, -0.007,  0.000,4185099.8,  1,  22.2,   0.8, 0.100
2025-11-12 10:39:10,        0,  29.4,   1.1,  25.3,  0.610, -0.006,  0.000,4185093.5,  1,  22.2,   0.8, 0.100
2025-11-12 10:39:11,        0,  29.5,   1.4,  25.2,  0.593, -0.006,  0.000,4185087.2,  1,  22.1,   0.8, 0.100
2025-11-12 10:39:12,        0,  29.5,   1.4,  25.2,  0.571, -0.007,8005.878,4185080.1,  1,  22.2,   0.8, 0.100
2025-11-12 10:39:13,        0,  29.5,   1.4,  25.2,  0.558, -0.006,  0.000,4185074.2,  1,  22.2,   0.8, 0.100
2025-11-12 10:39:14,        0,  29.5,   1.4,  25.2,  0.545, -0.006,  0.000,4185068.3,  1,  22.2,   0.8, 0.100
2025-11-12 10:39:15,        0,  29.5,   1.4,  25.2,  0.526, -0.006,  0.000,4185062.5,  1,  22.2,   0.8, 0.100
2025-11-12 10:39:16,        0,  29.5,   1.6,  25.2,  0.516, -0.006,  0.000,4185056.2,  1,  22.2,   0.8, 0.100
2025-11-12 10:39:17,        0,  29.6,   1.8,  25.2,  0.501, -0.006,  0.000,4185049.0,  1,  22.2,   0.8, 0.100
2025-11-12 10:39:18,        0,  29.6,   1.8,  25.2,  0.492, -0.006,  0.000,4185043.2,  1,  22.2,   0.8, 0.100
2025-11-12 10:39:19,        0,  29.5,   1.6,  25.2,  0.482, -0.006,  0.000,4185038.2,  1,  22.2,   0.8, 0.100
2025-11-12 10:39:20,        0,  29.5,   1.6,  25.2,  0.469, -0.005,  0.000,4185032.3,  1,  22.2,   0.8, 0.100
2025-11-12 10:39:21,        0,  29.6,   1.8,  25.2,  0.458, -0.006,  0.000,4185025.6,  1,  22.2,   0.8, 0.100
2025-11-12 10:39:22,        0,  29.6,   1.8,  25.2,  0.450, -0.005,  0.000,4185021.0,  1,  22.2,   0.8, 0.100
2025-11-12 10:39:23,        0,  29.6,   1.8,  25.2,  0.443, -0.005,  0.000,4185015.5,  1,  22.2,   0.8, 0.100
2025-11-12 10:39:24,        0,  29.7,   2.0,  25.2,  0.432, -0.005,  0.000,4185010.5,  1,  22.2,   0.8, 0.100
2025-11-12 10:39:25,        0,  29.7,   2.0,  25.2,  0.426, -0.005,  0.000,4185005.0,  1,  22.2,   0.8, 0.100
2025-11-12 10:39:26,        0,  29.7,   2.0,  25.2,  0.416, -0.005,  0.000,4184999.6,  1,  22.2,   0.8, 0.100
2025-11-12 10:39:27,        0,  29.7,   2.0,  25.2,  0.410, -0.005,  0.000,4184994.1,  1,  22.2,   0.8, 0.100
2025-11-12 10:39:28,        0,  29.6,   1.8,  25.2,  0.404, -0.005,  0.000,4184989.5,  1,  22.2,   0.8, 0.100
2025-11-12 10:39:29,        0,  29.7,   2.0,  25.2,  0.396, -0.005,  0.000,4184984.1,  1,  22.2,   0.8, 0.100
2025-11-12 10:39:30,        0,  29.6,   1.8,  25.2,  0.390, -0.005,  0.000,4184978.6,  1,  22.2,   0.8, 0.100
2025-11-12 10:39:31,        0,  29.7,   2.0,  25.2,  0.383, -0.005,  0.000,4184974.0,  1,  22.2,   0.8, 0.100
2025-11-12 10:39:32,        0,  29.7,   2.1,  25.2,  0.377, -0.005,  0.000,4184969.4,  1,  22.2,   0.8, 0.100
2025-11-12 10:39:33,        0,  29.7,   2.0,  25.2,  0.372, -0.005,  0.000,4184965.2,  1,  22.2,   0.8, 0.100
2025-11-12 10:39:34,        0,  29.7,   2.1,  25.2,  0.365, -0.005,  0.000,4184959.8,  1,  22.2,   0.8, 0.100
2025-11-12 10:39:35,        0,  29.7,   2.0,  25.2,  0.361, -0.004,  0.000,4184954.8,  1,  22.2,   0.8, 0.100
2025-11-12 10:39:36,        0,  29.7,   2.0,  25.2,  0.354, -0.005,  0.000,4184949.7,  1,  22.2,   0.8, 0.100
2025-11-12 10:39:37,        0,  29.7,   2.1,  25.2,  0.350, -0.004,  0.000,4184946.0,  1,  22.2,   0.9, 0.100
2025-11-12 10:39:38,        0,  29.8,   2.3,  25.2,  0.346, -0.004,  0.000,4184941.8,  1,  22.2,   0.9, 0.100
2025-11-12 10:39:39,        0,  29.7,   2.1,  25.2,  0.340, -0.004,  0.000,4184937.2,  1,  22.2,   0.9, 0.100
2025-11-12 10:39:40,        0,  29.8,   2.3,  25.2,  0.334, -0.005,  0.000,4184932.5,  1,  22.2,   0.8, 0.100
2025-11-12 10:39:41,        0,  29.8,   2.3,  25.1,  0.330, -0.005,  0.000,4184928.4,  1,  22.2,   0.9, 0.100
2025-11-12 10:39:42,        0,  29.8,   2.3,  25.2,  0.326, -0.004,  0.000,4184924.2,  1,  22.2,   0.9, 0.100
2025-11-12 10:39:43,        0,  29.8,   2.5,  25.2,  0.322, -0.004,  0.000,4184919.5,  1,  22.2,   0.9, 0.100
2025-11-12 10:39:44,        0,  29.8,   2.3,  25.2,  0.318, -0.004,  0.000,4184915.4,  1,  22.2,   0.9, 0.100
2025-11-12 10:39:45,        0,  29.8,   2.5,  25.2,  0.313, -0.004,  0.000,4184911.6,  1,  22.2,   0.9, 0.100
2025-11-12 10:39:46,        0,  29.8,   2.5,  25.2,  0.310, -0.004,  0.000,4184907.8,  1,  22.2,   0.9, 0.100
2025-11-12 10:39:47,        0,  29.8,   2.5,  25.2,  0.307, -0.004,  0.000,4184903.6,  1,  22.2,   0.9, 0.100
2025-11-12 10:39:48,        0,  29.9,   2.7,  25.2,  0.301, -0.004,  0.000,4184899.4,  1,  22.2,   0.9, 0.100
2025-11-12 10:39:49,        0,  29.8,   2.5,  25.2,  0.299, -0.004,  0.000,4184895.2,  1,  22.2,   0.9, 0.100
2025-11-12 10:39:50,        0,  29.8,   2.5,  25.2,  2.285,  1.553,  0.007,4185577.5,  1,  22.2,   0.9, 0.100
2025-11-12 10:39:51,        0,  29.8,   2.5,  25.2,  1.226,  0.046,  0.000,4185692.4,  1,  22.2,   0.9, 0.100
2025-11-12 10:39:52,        0,  29.8,   2.5,  25.2,  0.972,  0.000,  0.000,4185697.4,  1,  22.2,   0.9, 0.100
2025-11-12 10:39:53,        0,  29.8,   2.5,  25.2,  0.902, -0.004,  0.000,4185694.0,  1,  22.2,   0.9, 0.100
2025-11-12 10:39:54,        0,  29.8,   2.3,  25.2,  0.849, -0.005,  0.000,4185689.4,  1,  22.2,   0.9, 0.100
2025-11-12 10:39:55,        0,  29.8,   2.5,  25.2,  0.783, -0.005,  0.000,4185684.8,  1,  22.2,   0.9, 0.100
2025-11-12 10:39:56,        0,  29.9,   2.7,  25.2,  5.369,  4.369,  0.023,4187862.4,  1,  22.2,   0.9, 0.100
2025-11-12 10:39:57,        0,  29.7,   2.0,  25.2,  5.366,  4.370,  0.023,4191805.7,  1,  22.2,   0.9, 0.100
2025-11-12 10:39:58,        0,  29.6,   1.8,  25.2,  1.354,  0.105,  0.000,4192044.2,  1,  22.2,   0.9, 0.100
2025-11-12 10:39:59,        0,  29.7,   2.1,  25.2,  1.073,  0.010,  0.000,4192052.5,  1,  22.2,   0.9, 0.100
2025-11-12 10:40:00,        0,  28.9,   0.0,  25.2,  0.939, -0.003,  0.000,4192050.5,  1,  22.2,   0.9, 0.100
2025-11-12 10:40:01,        0,  29.4,   1.3,  25.2,  0.863, -0.005,  0.000,4192044.6,  1,  22.2,   0.9, 0.100
2025-11-12 10:40:02,        0,  29.5,   1.4,  25.2,  0.823, -0.006,  0.000,4192039.1,  1,  22.2,   1.0, 0.100
2025-11-12 10:40:03,        0,  29.5,   1.4,  25.1,  0.788, -0.006,  0.000,4192033.3,  1,  22.2,   1.0, 0.100
2025-11-12 10:40:04,        0,  29.4,   1.3,  25.2,  0.741, -0.007,  0.000,4192027.0,  1,  22.2,   0.9, 0.100
2025-11-12 10:40:05,        0,  29.5,   1.4,  25.2,  0.713, -0.006,  0.000,4192020.3,  1,  22.2,   0.9, 0.100
2025-11-12 10:40:06,        0,  29.5,   1.4,  25.2,  0.675, -0.006,  0.000,4192014.4,  1,  22.2,   0.9, 0.100
2025-11-12 10:40:07,        0,  29.5,   1.4,  25.1,  0.653, -0.007,  0.000,4192008.1,  1,  22.2,   0.9, 0.100
2025-11-12 10:40:08,        0,  29.5,   1.6,  25.2,  0.633, -0.006,  0.000,4192002.3,  1,  22.2,   0.9, 0.100
2025-11-12 10:40:09,        0,  29.5,   1.6,  25.1,  0.605, -0.006,  0.000,4191995.1,  1,  22.2,   0.9, 0.100
2025-11-12 10:40:10,        0,  29.5,   1.4,  25.2,  0.588, -0.006,  0.000,4191989.3,  1,  22.2,   0.8, 0.100
2025-11-12 10:40:11,        0,  29.5,   1.4,  25.2,  0.565, -0.006,  0.000,4191983.8,  1,  22.2,   0.8, 0.100
2025-11-12 10:40:12,        0,  29.5,   1.6,  25.2,  0.552, -0.006,  0.000,4191977.9,  1,  22.2,   0.8, 0.100
2025-11-12 10:40:13,        0,  29.6,   1.8,  25.2,  0.538, -0.005,  0.000,4191972.9,  1,  22.2,   0.9, 0.100
2025-11-12 10:40:14,        0,  29.6,   1.8,  25.2,  0.519, -0.006,  0.000,4191966.2,  1,  22.2,   0.9, 0.100
2025-11-12 10:40:15,        0,  29.5,   1.6,  25.2,  0.508, -0.006,  0.000,4191960.8,  1,  22.2,   0.9, 0.100
2025-11-12 10:40:16,        0,  29.6,   1.8,  25.2,  0.492, -0.006,  0.000,4191954.9,  1,  22.2,   0.9, 0.100
2025-11-12 10:40:17,        0,  29.6,   1.8,  25.2,  0.482, -0.006,  0.000,4191949.5,  1,  22.2,   0.9, 0.100
2025-11-12 10:40:18,        0,  29.5,   1.6,  25.2,  0.468, -0.006,  0.000,4191943.2,  1,  22.2,   0.9, 0.100
2025-11-12 10:40:19,        0,  29.5,   1.6,  25.2,  0.459, -0.005,  0.000,4191937.7,  1,  22.2,   0.9, 0.100
2025-11-12 10:40:20,        0,  29.6,   1.8,  25.2,  0.446, -0.005,  0.000,4191933.1,  1,  22.2,   0.9, 0.100
2025-11-12 10:40:21,        0,  29.6,   1.8,  25.2,  0.439, -0.005,  0.000,4191928.1,  1,  22.2,   0.9, 0.100
2025-11-12 10:40:22,        0,  29.7,   2.0,  25.2,  0.431, -0.006,  0.000,4191923.0,  1,  22.1,   0.9, 0.100
2025-11-12 10:40:23,        0,  29.7,   2.0,  25.1,  0.420, -0.005,  0.000,4191916.8,  1,  22.2,   0.9, 0.100
2025-11-12 10:40:24,        0,  29.6,   1.8,  25.2,  0.413, -0.005,  0.000,4191911.7,  1,  22.2,   0.9, 0.100
2025-11-12 10:40:25,        0,  29.7,   2.0,  25.2,  0.404, -0.005,  0.000,4191907.1,  1,  22.2,   0.9, 0.100
2025-11-12 10:40:26,        0,  29.6,   1.8,  25.2,  0.397, -0.005,  0.000,4191902.1,  1,  22.2,   0.9, 0.100
2025-11-12 10:40:27,        0,  29.7,   2.0,  25.1,  0.389, -0.005,  0.000,4191896.6,  1,  22.2,   0.9, 0.100
2025-11-12 10:40:28,        0,  29.7,   2.0,  25.2,  0.383, -0.005,  0.000,4191892.0,  1,  22.2,   0.9, 0.100
2025-11-12 10:40:29,        0,  29.6,   1.8,  25.2,  0.377, -0.005,  0.000,4191887.4,  1,  22.2,   0.9, 0.100
2025-11-12 10:40:30,        0,  29.7,   2.1,  25.2,  0.369, -0.005,  0.000,4191883.2,  1,  22.2,   0.9, 0.100
2025-11-12 10:40:31,        0,  29.7,   2.1,  25.2,  0.365, -0.005,  0.000,4191877.4,  1,  22.2,   0.9, 0.100
2025-11-12 10:40:32,        0,  29.7,   2.1,  25.2,  0.357, -0.005,  0.000,4191873.2,  1,  22.2,   0.9, 0.100
2025-11-12 10:40:33,        0,  29.7,   2.1,  25.2,  0.352, -0.005,  0.000,4191869.0,  1,  22.2,   0.9, 0.100
2025-11-12 10:40:34,        0,  29.7,   2.1,  25.2,  0.347, -0.005,  0.000,4191864.4,  1,  22.2,   0.9, 0.100
2025-11-12 10:40:35,        0,  29.7,   2.1,  25.2,  0.341, -0.005,  0.000,4191859.3,  1,  22.2,   0.9, 0.100
2025-11-12 10:40:36,        0,  29.7,   2.1,  25.2,  0.337, -0.005,  0.000,4191855.2,  1,  22.2,   0.9, 0.100
2025-11-12 10:40:37,        0,  29.8,   2.3,  25.1,  0.330, -0.004,  0.000,4191851.0,  1,  22.2,   0.9, 0.100
2025-11-12 10:40:38,        0,  29.8,   2.3,  25.2,  0.326, -0.004,  0.000,4191846.8,  1,  22.2,   0.9, 0.100
2025-11-12 10:40:39,        0,  29.7,   2.1,  25.2,  0.320, -0.004,  0.000,4191842.2,  1,  22.2,   0.8, 0.100
2025-11-12 10:40:40,        0,  29.7,   2.1,  25.2,  0.317, -0.004,  0.000,4191838.4,  1,  22.2,   0.8, 0.100
2025-11-12 10:40:41,        0,  29.7,   2.1,  25.2,  0.313, -0.004,  0.000,4191834.6,  1,  22.2,   0.8, 0.100
2025-11-12 10:40:42,        0,  29.8,   2.3,  25.1,  0.308, -0.004,  0.000,4191830.4,  1,  22.2,   0.8, 0.100
2025-11-12 10:40:43,        0,  29.8,   2.5,  25.1,  0.303, -0.004,  0.000,4191825.8,  1,  22.2,   0.8, 0.100
2025-11-12 10:40:44,        0,  29.8,   2.5,  25.1,  0.299, -0.004,  0.000,4191822.0,  1,  22.2,   0.8, 0.100
2025-11-12 10:40:45,        0,  29.8,   2.5,  25.2,  0.296, -0.004,  0.000,4191818.7,  1,  22.2,   0.8, 0.100
2025-11-12 10:40:46,        0,  29.8,   2.5,  25.2,  0.293, -0.004,  0.000,4191814.9,  1,  22.2,   0.8, 0.100
2025-11-12 10:40:47,        0,  29.8,   2.5,  25.2,  0.289, -0.003,  0.000,4191811.6,  1,  22.2,   0.8, 0.100
2025-11-12 10:40:48,        0,  29.8,   2.5,  25.1,  0.284, -0.004,  0.000,4191807.0,  1,  22.2,   0.9, 0.100
2025-11-12 10:40:49,        0,  29.8,   2.5,  25.2,  0.282, -0.004,  0.000,4191803.6,  1,  22.2,   0.8, 0.100
2025-11-12 10:40:50,        0,  29.9,   2.7,  25.2,  0.280, -0.003,  0.000,4191799.8,  1,  22.2,   0.9, 0.100
2025-11-12 10:40:51,        0,  29.5,   1.6,  25.2,  0.275, -0.003,  0.000,4191796.5,  1,  22.2,   0.8, 0.100
2025-11-12 10:40:52,        0,  29.8,   2.5,  25.2,  0.272, -0.003,  0.000,4191791.9,  1,  22.2,   0.8, 0.100
2025-11-12 10:40:53,        0,  29.8,   2.5,  25.1,  0.268, -0.003,  0.000,4191788.5,  1,  22.2,   0.8, 0.100
2025-11-12 10:40:54,        0,  29.8,   2.3,  25.2,  0.315,  0.042,  0.000,4191830.0,  1,  22.2,   0.8, 0.100
2025-11-12 10:40:55,        0,  29.9,   2.7,  25.1,  0.409, -0.001,  0.000,4191831.7,  1,  22.2,   0.8, 0.100
2025-11-12 10:40:56,        0,  29.9,   2.7,  25.2,  5.367,  4.368,  0.023,4195477.8,  1,  22.2,   0.8, 0.100
2025-11-12 10:40:57,        0,  29.7,   2.1,  25.2,  3.740,  2.555,  0.012,4198134.9,  1,  22.2,   0.8, 0.100
2025-11-12 10:40:58,        0,  29.2,   0.6,  25.2,  1.098,  0.014,  0.000,4198158.8,  1,  22.2,   0.8, 0.100
2025-11-12 10:40:59,        0,  29.7,   2.0,  25.1,  0.983,  0.000,  0.000,4198159.6,  1,  22.2,   0.8, 0.100
2025-11-12 10:41:00,        0,  29.5,   1.4,  25.1,  0.917, -0.004,  0.000,4198155.8,  1,  22.2,   0.8, 0.100
2025-11-12 10:41:01,        0,  29.5,   1.6,  25.2,  0.846, -0.005,  0.000,4198149.5,  1,  22.2,   0.8, 0.100
2025-11-12 10:41:02,        0,  29.5,   1.4,  25.2,  0.790, -0.005,  0.000,4198144.5,  1,  22.2,   0.8, 0.100
2025-11-12 10:41:03,        0,  29.5,   1.6,  25.1,  0.756, -0.006,  0.000,4198138.6,  1,  22.2,   0.8, 0.100
2025-11-12 10:41:04,        0,  29.5,   1.4,  25.2,  0.727, -0.006,  0.000,4198133.2,  1,  22.2,   0.8, 0.100
2025-11-12 10:41:05,        0,  29.5,   1.6,  25.1,  0.686, -0.006,  0.000,4198125.7,  1,  22.2,   0.8, 0.100
2025-11-12 10:41:06,        0,  29.5,   1.4,  25.2,  0.662, -0.007,  0.000,4198120.2,  1,  22.2,   0.8, 0.100
2025-11-12 10:41:07,        0,  29.5,   1.6,  25.2,  0.629, -0.006,  0.000,4198113.9,  1,  22.2,   0.8, 0.100
2025-11-12 10:41:08,        0,  29.5,   1.6,  25.1,  0.610, -0.006,  0.000,4198108.5,  1,  22.2,   0.9, 0.100
2025-11-12 10:41:09,        0,  29.5,   1.6,  25.1,  0.591, -0.006,  0.000,4198103.0,  1,  22.2,   0.9, 0.100
2025-11-12 10:41:10,        0,  29.5,   1.6,  25.2,  0.567, -0.006,  0.000,4198095.9,  1,  22.2,   0.8, 0.100
2025-11-12 10:41:11,        0,  29.6,   1.8,  25.1,  0.552, -0.006,  0.000,4198090.0,  1,  22.2,   0.8, 0.100
2025-11-12 10:41:12,        0,  29.5,   1.6,  25.1,  0.531, -0.006,  0.000,4198085.0,  1,  22.2,   0.8, 0.100
2025-11-12 10:41:13,        0,  29.5,   1.6,  25.1,  0.518, -0.006,  0.000,4198079.1,  1,  22.2,   0.8, 0.100
2025-11-12 10:41:14,        0,  29.6,   1.8,  25.1,  0.500, -0.006,  0.000,4198072.9,  1,  22.2,   0.8, 0.100
2025-11-12 10:41:15,        0,  29.6,   1.8,  25.1,  0.489, -0.005,  0.000,4198067.8,  1,  22.2,   0.9, 0.100
2025-11-12 10:41:16,        0,  29.7,   2.0,  25.1,  0.479, -0.006,  0.000,4198062.0,  1,  22.2,   0.9, 0.100
2025-11-12 10:41:17,        0,  29.5,   1.6,  25.2,  0.464, -0.005,  0.000,4198057.3,  1,  22.2,   0.8, 0.100
2025-11-12 10:41:18,        0,  29.7,   2.0,  25.1,  0.455, -0.005,  0.000,4198051.9,  1,  22.2,   0.9, 0.100
2025-11-12 10:41:19,        0,  29.7,   2.0,  25.2,  0.442, -0.006,  0.000,4198045.6,  1,  22.2,   0.8, 0.100
2025-11-12 10:41:20,        0,  29.6,   1.8,  25.2,  0.434, -0.005,  0.000,4198041.0,  1,  22.2,   0.8, 0.100
2025-11-12 10:41:21,        0,  29.7,   2.0,  25.1,  0.426, -0.005,  0.000,4198036.4,  1,  22.2,   0.8, 0.100
2025-11-12 10:41:22,        0,  29.7,   2.0,  25.2,  0.414, -0.005,  0.000,4198031.4,  1,  22.2,   0.8, 0.100
2025-11-12 10:41:23,        0,  29.7,   2.0,  25.1,  0.405, -0.005,  0.000,4198025.9,  1,  22.2,   0.8, 0.100
2025-11-12 10:41:24,        0,  29.7,   2.0,  25.1,  0.398, -0.005,  0.000,4198020.9,  1,  22.2,   0.8, 0.100
2025-11-12 10:41:25,        0,  29.7,   2.0,  25.1,  0.392, -0.005,  0.000,4198016.3,  1,  22.2,   0.8, 0.100
2025-11-12 10:41:26,        0,  29.7,   2.0,  25.1,  0.383, -0.005,  0.000,4198012.1,  1,  22.2,   0.8, 0.100
2025-11-12 10:41:27,        0,  29.7,   2.0,  25.1,  0.377, -0.005,  0.000,4198007.1,  1,  22.2,   0.8, 0.100
2025-11-12 10:41:28,        0,  29.7,   2.1,  25.1,  0.368, -0.005,  0.000,4198002.0,  1,  22.2,   0.8, 0.100
2025-11-12 10:41:29,        0,  29.7,   2.0,  25.1,  0.363, -0.004,  0.000,4197997.4,  1,  22.2,   0.8, 0.100
2025-11-12 10:41:30,        0,  29.7,   2.1,  25.1,  0.357, -0.004,  0.000,4197993.6,  1,  22.2,   0.8, 0.100
2025-11-12 10:41:31,        0,  29.7,   2.1,  25.1,  0.350, -0.005,  0.000,4197989.0,  1,  22.2,   0.8, 0.100
2025-11-12 10:41:32,        0,  29.7,   2.1,  25.1,  0.345, -0.005,  0.000,4197984.4,  1,  22.2,   0.8, 0.100
2025-11-12 10:41:33,        0,  29.7,   2.1,  25.1,  0.338, -0.005,  0.000,4197979.8,  1,  22.2,   0.8, 0.100
2025-11-12 10:41:34,        0,  29.7,   2.1,  25.1,  0.333, -0.004,  0.000,4197975.6,  1,  22.2,   0.8, 0.100
2025-11-12 10:41:35,        0,  29.7,   2.1,  25.1,  0.329, -0.004,  0.000,4197971.8,  1,  22.2,   0.8, 0.100
2025-11-12 10:41:36,        0,  29.7,   2.1,  25.1,  0.322, -0.004,  0.000,4197967.2,  1,  22.2,   0.8, 0.100
2025-11-12 10:41:37,        0,  29.8,   2.3,  25.1,  0.319, -0.004,  0.000,4197963.0,  1,  22.2,   0.8, 0.100
2025-11-12 10:41:38,        0,  29.8,   2.3,  25.1,  0.313, -0.004,  0.000,4197959.3,  1,  22.2,   0.8, 0.100
2025-11-12 10:41:39,        0,  29.8,   2.3,  25.1,  0.309, -0.004,  0.000,4197955.5,  1,  22.2,   0.8, 0.100
2025-11-12 10:41:40,        0,  29.8,   2.3,  25.1,  0.305, -0.004,  0.000,4197951.3,  1,  22.2,   0.9, 0.100
2025-11-12 10:41:41,        0,  29.8,   2.3,  25.1,  0.299, -0.004,  0.000,4197947.1,  1,  22.2,   0.9, 0.100
2025-11-12 10:41:42,        0,  29.7,   2.1,  25.1,  0.295, -0.004,  0.000,4197943.4,  1,  22.2,   0.9, 0.100
2025-11-12 10:41:43,        0,  29.8,   2.3,  25.1,  0.291, -0.004,  0.000,4197940.0,  1,  22.2,   0.9, 0.100
2025-11-12 10:41:44,        0,  29.7,   2.1,  25.1,  0.288, -0.003,  0.000,4197936.6,  1,  22.2,   0.8, 0.100
2025-11-12 10:41:45,        0,  29.8,   2.5,  25.1,  0.284, -0.003,  0.000,4197932.0,  1,  22.2,   0.9, 0.100
2025-11-12 10:41:46,        0,  29.8,   2.5,  25.1,  0.280, -0.003,  0.000,4197929.1,  1,  22.2,   0.9, 0.100
2025-11-12 10:41:47,        0,  29.8,   2.3,  25.1,  0.276, -0.003,  0.000,4197925.7,  1,  22.2,   0.9, 0.100
2025-11-12 10:41:48,        0,  29.8,   2.5,  25.1,  0.273, -0.003,  0.000,4197922.4,  1,  22.2,   0.9, 0.100
2025-11-12 10:41:49,        0,  29.8,   2.3,  25.2,  0.268, -0.003,  0.000,4197917.8,  1,  22.2,   0.9, 0.100
2025-11-12 10:41:50,        0,  29.8,   2.5,  25.2,  0.266, -0.004,  0.000,4197914.4,  1,  22.2,   0.9, 0.100
2025-11-12 10:41:51,        0,  29.8,   2.3,  25.1,  0.264, -0.004,  0.000,4197910.7,  1,  22.2,   0.9, 0.100
2025-11-12 10:41:52,        0,  29.9,   2.7,  25.1,  0.308,  0.048,  0.000,4198216.6,  1,  22.2,   0.9, 0.100
2025-11-12 10:41:53,        0,  29.9,   2.7,  25.1,  5.367,  4.369,  0.023,4202397.9,  1,  22.2,   0.9, 0.100
2025-11-12 10:41:54,        0,  29.2,   0.7,  25.1,  1.495,  0.199,  0.000,4204485.0,  1,  22.2,   0.9, 0.100
2025-11-12 10:41:55,        0,  29.5,   1.6,  25.1,  1.102,  0.014,  0.000,4204502.2,  1,  22.2,   0.9, 0.100
2025-11-12 10:41:56,        0,  29.4,   1.1,  25.1,  0.985,  0.001,  0.000,4204502.2,  1,  22.2,   0.9, 0.100
2025-11-12 10:41:57,        0,  29.4,   1.3,  25.1,  0.892, -0.005,  0.000,4204498.4,  1,  22.2,   0.9, 0.100
2025-11-12 10:41:58,        0,  29.4,   1.1,  25.1,  0.828, -0.006,  0.000,4204491.7,  1,  22.2,   0.9, 0.100
2025-11-12 10:41:59,        0,  29.4,   1.3,  25.1,  0.793, -0.006,  0.000,4204485.8,  1,  22.2,   0.9, 0.100
2025-11-12 10:42:00,        0,  29.4,   1.3,  25.1,  0.758, -0.006,  0.000,4204480.0,  1,  22.2,   0.9, 0.100
2025-11-12 10:42:01,        0,  29.5,   1.4,  25.1,  0.729, -0.006,  0.000,4204474.5,  1,  22.2,   0.9, 0.100
2025-11-12 10:42:02,        0,  29.5,   1.4,  25.1,  0.688, -0.006,  0.000,4204467.4,  1,  22.2,   0.9, 0.100
2025-11-12 10:42:03,        0,  29.5,   1.4,  25.1,  0.653, -0.006,  0.000,4204461.5,  1,  22.2,   0.9, 0.100
2025-11-12 10:42:04,        0,  29.5,   1.4,  25.1,  0.631, -0.006,  0.000,4204455.7,  1,  22.2,   0.9, 0.100
2025-11-12 10:42:05,        0,  29.5,   1.4,  25.1,  0.612, -0.006,  0.000,4204450.2,  1,  22.2,   0.9, 0.100
2025-11-12 10:42:06,        0,  29.5,   1.4,  25.1,  0.584, -0.006,  0.000,4204444.4,  1,  22.2,   0.9, 0.100
2025-11-12 10:42:07,        0,  29.5,   1.4,  25.1,  0.568, -0.006,  0.000,4204437.2,  1,  22.2,   0.9, 0.100
2025-11-12 10:42:08,        0,  29.5,   1.4,  25.1,  0.545, -0.006,  0.000,4204432.2,  1,  22.2,   0.9, 0.100
2025-11-12 10:42:09,        0,  29.5,   1.4,  25.1,  0.531, -0.006,  0.000,4204426.3,  1,  22.2,   0.9, 0.100
2025-11-12 10:42:10,        0,  29.5,   1.4,  25.1,  0.519, -0.006,  0.000,4204420.5,  1,  22.2,   0.9, 0.100
2025-11-12 10:42:11,        0,  29.5,   1.4,  25.1,  0.501, -0.005,  0.000,4204414.2,  1,  22.2,   0.8, 0.100
2025-11-12 10:42:12,        0,  29.5,   1.4,  25.1,  0.489, -0.006,  0.000,4204408.7,  1,  22.2,   0.8, 0.100
2025-11-12 10:42:13,        0,  29.5,   1.4,  25.1,  0.473, -0.005,  0.000,4204403.3,  1,  22.2,   0.8, 0.100
2025-11-12 10:42:14,        0,  29.5,   1.6,  25.1,  0.463, -0.005,  0.000,4204398.7,  1,  22.2,   0.8, 0.100
2025-11-12 10:42:15,        0,  29.5,   1.6,  25.1,  0.449, -0.005,  0.000,4204392.0,  1,  22.2,   0.8, 0.100
2025-11-12 10:42:16,        0,  29.5,   1.6,  25.1,  0.441, -0.005,  0.000,4204387.8,  1,  22.2,   0.8, 0.100
2025-11-12 10:42:17,        0,  29.5,   1.4,  25.1,  0.433, -0.005,  0.000,4204382.3,  1,  22.2,   0.8, 0.100
2025-11-12 10:42:18,        0,  29.5,   1.4,  25.1,  0.421, -0.005,  0.000,4204377.3,  1,  22.2,   0.8, 0.100
2025-11-12 10:42:19,        0,  29.5,   1.6,  25.1,  0.410, -0.005,  0.000,4204371.4,  1,  22.2,   0.8, 0.100
2025-11-12 10:42:20,        0,  29.5,   1.6,  25.1,  0.402, -0.005,  0.000,4204367.2,  1,  22.2,   0.8, 0.100
2025-11-12 10:42:21,        0,  29.5,   1.6,  25.1,  0.396, -0.005,  0.000,4204362.2,  1,  22.2,   0.8, 0.100
2025-11-12 10:42:22,        0,  29.5,   1.6,  25.1,  0.389, -0.004,  0.000,4204358.0,  1,  22.2,   0.8, 0.100
2025-11-12 10:42:23,        0,  29.6,   1.8,  25.1,  0.380, -0.005,  0.000,4204353.0,  1,  22.2,   0.9, 0.100
2025-11-12 10:42:24,        0,  29.7,   2.0,  25.1,  0.371, -0.005,  0.000,4204348.4,  1,  22.2,   0.8, 0.100
2025-11-12 10:42:25,        0,  29.6,   1.8,  25.1,  0.365, -0.005,  0.000,4204344.2,  1,  22.2,   0.8, 0.100
2025-11-12 10:42:26,        0,  29.6,   1.8,  25.1,  0.359, -0.004,  0.000,4204340.0,  1,  22.2,   0.8, 0.100
2025-11-12 10:42:27,        0,  29.7,   2.0,  25.1,  0.352, -0.004,  0.000,4204335.8,  1,  22.2,   0.8, 0.100
2025-11-12 10:42:28,        0,  29.6,   1.8,  25.1,  0.347, -0.005,  0.000,4204330.4,  1,  22.2,   0.8, 0.100
2025-11-12 10:42:29,        0,  29.7,   2.0,  25.1,  0.340, -0.004,  0.000,4204326.6,  1,  22.2,   0.9, 0.100
2025-11-12 10:42:30,        0,  29.6,   1.8,  25.1,  0.334, -0.004,  0.000,4204322.8,  1,  22.2,   0.8, 0.100
2025-11-12 10:42:31,        0,  29.7,   2.0,  25.1,  0.330, -0.004,  0.000,4204319.0,  1,  22.2,   0.8, 0.100
2025-11-12 10:42:32,        0,  29.6,   1.8,  25.1,  0.324, -0.004,  0.000,4204314.4,  1,  22.2,   0.8, 0.100
2025-11-12 10:42:33,        0,  29.7,   2.0,  25.1,  0.319, -0.003,  0.000,4204310.2,  1,  22.2,   0.9, 0.100
2025-11-12 10:42:34,        0,  29.7,   2.0,  25.1,  0.313, -0.004,  0.000,4204306.5,  1,  22.2,   0.9, 0.100
2025-11-12 10:42:35,        0,  29.7,   2.0,  25.1,  0.309, -0.005,  0.000,4204302.7,  1,  22.2,   0.9, 0.100
2025-11-12 10:42:36,        0,  29.7,   2.0,  25.1,  0.303, -0.004,  0.000,4204298.1,  1,  22.2,   0.9, 0.100
2025-11-12 10:42:37,        0,  29.7,   2.0,  25.1,  0.299, -0.004,  0.000,4204294.3,  1,  22.2,   0.9, 0.100
2025-11-12 10:42:38,        0,  29.6,   1.8,  25.1,  0.296, -0.004,  0.000,4204290.5,  1,  22.2,   0.9, 0.100
2025-11-12 10:42:39,        0,  29.7,   2.0,  25.1,  0.291, -0.003,  0.000,4204287.2,  1,  22.2,   0.9, 0.100
2025-11-12 10:42:40,        0,  29.7,   2.0,  25.1,  0.287, -0.004,  0.000,4204282.6,  1,  22.2,   1.0, 0.100
2025-11-12 10:42:41,        0,  29.6,   1.8,  25.1,  0.282, -0.003,  0.000,4204279.2,  1,  22.2,   0.9, 0.100
2025-11-12 10:42:42,        0,  29.7,   2.0,  25.1,  0.279, -0.003,  0.000,4204275.9,  1,  22.2,   0.9, 0.100
2025-11-12 10:42:43,        0,  29.7,   2.0,  25.1,  0.276, -0.003,  0.000,4204272.9,  1,  22.2,   1.0, 0.100
2025-11-12 10:42:44,        0,  29.6,   1.8,  25.0,  0.271, -0.003,  0.000,4204269.6,  1,  22.2,   0.9, 0.100
2025-11-12 10:42:45,        0,  29.7,   2.1,  25.1,  0.267, -0.003,  0.000,4204265.4,  1,  22.2,   1.0, 0.100
2025-11-12 10:42:46,        0,  29.7,   2.1,  25.1,  0.264, -0.003,  0.000,4204262.0,  1,  22.2,   1.0, 0.100
2025-11-12 10:42:47,        0,  29.7,   2.1,  25.1,  0.261, -0.003,  0.000,4204259.1,  1,  22.2,   1.0, 0.100
2025-11-12 10:42:48,        0,  29.7,   2.1,  25.1,  0.257, -0.003,  0.000,4204256.2,  1,  22.2,   1.0, 0.100
2025-11-12 10:42:49,        0,  29.7,   2.1,  25.1,  0.255, -0.003,  0.000,4204251.6,  1,  22.2,   1.0, 0.100
2025-11-12 10:42:50,        0,  29.7,   2.1,  25.1,  0.251, -0.003,  0.000,4204249.1,  1,  22.2,   1.0, 0.100
2025-11-12 10:42:51,        0,  29.7,   2.1,  25.0,  0.248, -0.003,  0.000,4204246.1,  1,  22.2,   1.0, 0.100
2025-11-12 10:42:52,        0,  29.7,   2.1,  25.1,  0.247, -0.003,  0.000,4204243.2,  1,  22.2,   1.0, 0.100
2025-11-12 10:42:53,        0,  29.7,   2.1,  25.1,  0.243, -0.003,  0.000,4204239.8,  1,  22.2,   1.0, 0.100
2025-11-12 10:42:54,        0,  29.7,   2.1,  25.0,  0.241, -0.003,  0.000,4204236.1,  1,  22.2,   1.0, 0.100
2025-11-12 10:42:55,        0,  29.7,   2.0,  25.1,  0.238, -0.003,  0.000,4204232.7,  1,  22.2,   1.0, 0.100
2025-11-12 10:42:56,        0,  29.7,   2.1,  25.1,  0.235, -0.003,  0.000,4204229.8,  1,  22.2,   1.0, 0.100
2025-11-12 10:42:57,        0,  29.7,   2.1,  25.0,  0.233, -0.003,  0.000,4204226.8,  1,  22.2,   1.0, 0.100
2025-11-12 10:42:58,        0,  29.8,   2.3,  25.1,  0.231, -0.003,  0.000,4204223.1,  1,  22.2,   1.0, 0.100
2025-11-12 10:42:59,        0,  29.7,   2.1,  25.1,  0.229, -0.003,  0.000,4204220.1,  1,  22.2,   1.0, 0.100
2025-11-12 10:43:00,        0,  29.8,   2.3,  25.1,  0.227, -0.003,  0.000,4204217.6,  1,  22.2,   1.0, 0.100
2025-11-12 10:43:01,        0,  29.8,   2.3,  25.1,  0.225, -0.003,  0.000,4204214.7,  1,  22.2,   1.0, 0.100
2025-11-12 10:43:02,        0,  29.8,   2.3,  25.1,  0.222, -0.003,  0.000,4204211.3,  1,  22.2,   1.0, 0.100
2025-11-12 10:43:03,        0,  29.7,   2.1,  25.1,  0.221, -0.003,  0.000,4204208.4,  1,  22.2,   1.0, 0.100
2025-11-12 10:43:04,        0,  29.8,   2.3,  25.1,  0.218, -0.003,  0.000,4204205.5,  1,  22.2,   1.0, 0.100
2025-11-12 10:43:05,        0,  29.8,   2.3,  25.1,  0.217, -0.003,  0.000,4204202.5,  1,  22.2,   0.9, 0.100
2025-11-12 10:43:06,        0,  29.8,   2.3,  25.1,  0.215, -0.003,  0.000,4204199.6,  1,  22.2,   0.9, 0.100
2025-11-12 10:43:07,        0,  29.8,   2.3,  25.1,  0.213, -0.003,  0.000,4204196.3,  1,  22.2,   0.9, 0.100
2025-11-12 10:43:08,        0,  29.7,   2.1,  25.0,  0.212, -0.003,  0.000,4204193.7,  1,  22.2,   0.9, 0.100
2025-11-12 10:43:09,        0,  29.8,   2.3,  25.0,  0.210, -0.003,  0.000,4204191.2,  1,  22.2,   0.9, 0.100
2025-11-12 10:43:10,        0,  29.8,   2.3,  25.1,  0.208, -0.003,  0.000,4204188.3,  1,  22.2,   0.9, 0.100
2025-11-12 10:43:11,        0,  29.8,   2.3,  25.0,  0.206, -0.002,  0.000,4204185.4,  1,  22.2,   0.9, 0.100
2025-11-12 10:43:12,        0,  29.8,   2.3,  25.1,  0.205, -0.003,  0.000,4204182.4,  1,  22.2,   0.9, 0.100
2025-11-12 10:43:13,        0,  29.8,   2.5,  25.1,  0.203, -0.003,  0.000,4204180.3,  1,  22.2,   0.9, 0.100
2025-11-12 10:43:14,        0,  29.8,   2.5,  25.0,  0.202, -0.003,  0.000,4204177.4,  1,  22.2,   0.9, 0.100
2025-11-12 10:43:15,        0,  29.8,   2.5,  25.1,  0.200, -0.003,  0.000,4204174.5,  1,  22.2,   0.9, 0.100
2025-11-12 10:43:16,        0,  29.8,   2.5,  25.1,  1.809,  1.257,  0.005,4204776.3,  1,  22.2,   0.9, 0.100
2025-11-12 10:43:17,        0,  29.8,   2.5,  25.1,  1.926,  0.760,  0.004,4206196.2,  1,  22.2,   0.9, 0.100
2025-11-12 10:43:18,        0,  29.8,   2.5,  25.1,  1.989,  0.658,  0.002,4207136.6,  1,  22.2,   0.9, 0.100
2025-11-12 10:43:19,        0,  29.6,   1.8,  25.0,  1.057,  0.008,  0.000,4207150.9,  1,  22.2,   0.8, 0.100
2025-11-12 10:43:20,        0,  29.7,   2.1,  25.1,  0.923, -0.003,  0.000,4207149.6,  1,  22.2,   0.9, 0.100
2025-11-12 10:43:21,        0,  29.7,   2.1,  25.1,  0.868, -0.005,  0.000,4207144.6,  1,  22.2,   0.9, 0.100
2025-11-12 10:43:22,        0,  29.7,   2.1,  25.1,  0.826, -0.006,  0.000,4207139.6,  1,  22.2,   0.9, 0.100
2025-11-12 10:43:23,        0,  29.7,   2.1,  25.1,  0.788, -0.006,  0.000,4207133.7,  1,  22.2,   0.9, 0.100
2025-11-12 10:43:24,        0,  29.7,   2.1,  25.1,  0.738, -0.005,  0.000,4207127.0,  1,  22.2,   0.9, 0.100
2025-11-12 10:43:25,        0,  29.7,   2.1,  25.0,  0.694, -0.006,  0.000,4207121.5,  1,  22.2,   0.9, 0.100
2025-11-12 10:43:26,        0,  29.8,   2.3,  25.0,  0.667, -0.006,  0.000,4207115.7,  1,  22.2,   0.9, 0.100
2025-11-12 10:43:27,        0,  29.7,   2.0,  25.1,  0.643, -0.006,  0.000,4207109.8,  1,  22.2,   0.9, 0.100
2025-11-12 10:43:28,        0,  29.7,   2.1,  25.1,  0.612, -0.006,  0.000,4207105.2,  1,  22.2,   0.9, 0.100
2025-11-12 10:43:29,        0,  29.7,   2.1,  25.1,  0.593, -0.006,  0.000,4207098.1,  1,  22.2,   0.9, 0.100
2025-11-12 10:43:30,        0,  29.7,   2.1,  25.1,  0.567, -0.006,  0.000,4207092.2,  1,  22.2,   0.9, 0.100
2025-11-12 10:43:31,        0,  29.8,   2.3,  25.1,  0.550, -0.006,  0.000,4207087.2,  1,  22.2,   0.9, 0.100
2025-11-12 10:43:32,        0,  29.8,   2.3,  25.1,  0.536, -0.006,  0.000,4207081.3,  1,  22.2,   0.9, 0.100
2025-11-12 10:43:33,        0,  29.8,   2.3,  25.0,  0.515, -0.006,  0.000,4207074.6,  1,  22.2,   0.9, 0.100
2025-11-12 10:43:34,        0,  29.7,   2.1,  25.1,  0.502, -0.005,  0.000,4207069.6,  1,  22.2,   0.9, 0.100
2025-11-12 10:43:35,        0,  29.8,   2.3,  25.0,  0.484, -0.005,  0.000,4207064.1,  1,  22.2,   0.9, 0.100
2025-11-12 10:43:36,        0,  29.8,   2.3,  25.0,  0.474, -0.006,  0.000,4207059.1,  1,  22.2,   0.9, 0.100
2025-11-12 10:43:37,        0,  29.7,   2.1,  25.0,  0.463, -0.005,  0.000,4207054.1,  1,  22.2,   0.8, 0.100
2025-11-12 10:43:38,        0,  29.8,   2.3,  25.0,  0.448, -0.005,  0.000,4207047.8,  1,  22.2,   0.9, 0.100
2025-11-12 10:43:39,        0,  29.8,   2.3,  25.0,  0.439, -0.005,  0.000,4207043.2,  1,  22.2,   0.9, 0.100
2025-11-12 10:43:40,        0,  29.7,   2.1,  25.1,  0.426, -0.005,  0.000,4207038.6,  1,  22.2,   0.9, 0.100
2025-11-12 10:43:41,        0,  29.8,   2.5,  25.0,  0.417, -0.005,  0.000,4207033.5,  1,  22.2,   0.9, 0.100
2025-11-12 10:43:42,        0,  29.8,   2.5,  25.0,  0.406, -0.005,  0.000,4207028.1,  1,  22.2,   0.9, 0.100
2025-11-12 10:43:43,        0,  29.8,   2.5,  25.0,  0.398, -0.004,  0.000,4207023.5,  1,  22.2,   0.9, 0.100
2025-11-12 10:43:44,        0,  29.8,   2.5,  25.0,  0.388, -0.005,  0.000,4207018.9,  1,  22.2,   0.9, 0.100
2025-11-12 10:43:45,        0,  29.8,   2.5,  25.0,  0.381, -0.005,  0.000,4207014.2,  1,  22.2,   0.9, 0.100
2025-11-12 10:43:46,        0,  29.8,   2.5,  25.1,  0.371, -0.005,  0.000,4207009.2,  1,  22.2,   0.9, 0.100
2025-11-12 10:43:47,        0,  29.8,   2.5,  25.0,  0.365, -0.004,  0.000,4207005.0,  1,  22.2,   0.9, 0.100
2025-11-12 10:43:48,        0,  29.8,   2.5,  25.0,  0.359, -0.005,  0.000,4207000.4,  1,  22.2,   0.9, 0.100
2025-11-12 10:43:49,        0,  29.8,   2.5,  25.0,  0.920,  0.552,  0.003,4207357.5,  1,  22.2,   1.0, 0.100
2025-11-12 10:43:50,        0,  29.8,   2.3,  25.0,  1.327,  0.084,  0.000,4207697.4,  1,  22.2,   0.9, 0.100
2025-11-12 10:43:51,        0,  29.8,   2.5,  25.1,  1.008,  0.003,  0.000,4207706.2,  1,  22.2,   1.0, 0.100
2025-11-12 10:43:52,        0,  29.8,   2.5,  25.0,  0.923, -0.002,  0.000,4207704.5,  1,  22.2,   1.0, 0.100
2025-11-12 10:43:53,        0,  29.8,   2.3,  25.0,  0.864, -0.005,  0.000,4207700.3,  1,  22.2,   1.0, 0.100
2025-11-12 10:43:54,        0,  29.8,   2.5,  25.0,  0.797, -0.006,  0.000,4207694.4,  1,  22.2,   1.0, 0.100
2025-11-12 10:43:55,        0,  29.9,   2.7,  25.1,  0.759, -0.005,  0.000,4207687.7,  1,  22.2,   1.0, 0.100
2025-11-12 10:43:56,        0,  29.8,   2.5,  25.1,  0.710, -0.005,  0.000,4207683.1,  1,  22.2,   1.0, 0.100
2025-11-12 10:43:57,        0,  29.8,   2.5,  25.1,  0.680, -0.005,  0.000,4207677.7,  1,  22.2,   1.0, 0.100
2165-165-165 45:165:85,        0,  29.8,   2.5,  25.0,  0.654, -0.006,  0.000,4207672.2,  1,  22.2,   1.0, 0.100
2025-11-12 10:43:59,        0,  29.8,   2.5,  25.0,  0.620, -0.005,  0.000,4207665.9,  1,  22.2,   1.0, 0.100
2025-11-12 10:44:00,        0,  29.8,   2.5,  25.1,  0.590, -0.006,  0.000,4207660.1,  1,  22.2,   1.0, 0.100
2025-11-12 10:44:01,        0,  29.8,   2.5,  25.1,  0.572, -0.006,  0.000,4207654.6,  1,  22.2,   1.0, 0.100
2025-11-12 10:44:02,        0,  29.9,   2.7,  25.1,  0.554, -0.006,  0.000,4207649.2,  1,  22.2,   1.0, 0.100
