Time, Cnts,  %T, set_Cell[mA], Cell[°C], Cell[Volt], Cell[mA], Cell[W], Cell[uAs], Cell_ON, Env[°C], TEC[°C], N2Flow[slpm]
2025-10-13 10:40:25,        0,  29.8,   2.4,  25.0,  0.330, -0.004,  0.000,     -4.0,  1,  21.3,   1.0, 0.100
2025-10-13 10:40:26,        0,  29.7,   2.2,  25.0,  0.324, -0.004,  0.000,     -8.0,  1,  21.2,   1.0, 0.100
2025-10-13 10:40:27,        0,  29.8,   2.4,  25.0,  0.319, -0.004,  0.000,    -11.7,  1,  21.3,   1.0, 0.100
2025-10-13 10:40:28,        0,  29.8,   2.4,  25.0,  0.312, -0.004,  0.000,    -15.4,  1,  21.3,   1.1, 0.100
2025-10-13 10:40:29,        0,  29.8,   2.4,  25.0,  0.308, -0.004,  0.000,    -19.2,  1,  21.3,   1.1, 0.099
2025-10-13 10:40:30,        0,  29.8,   2.4,  25.0,  0.301, -0.004,  0.000,    -23.7,  1,  21.3,   1.1, 0.099
2025-10-13 10:40:31,        0,  29.8,   2.4,  25.0,  0.296, -0.004,  0.000,    -27.5,  1,  21.3,   1.1, 0.099
2025-10-13 10:40:32,        0,  29.9,   2.6,  25.0,  0.292, -0.003,  0.000,    -30.6,  1,  21.3,   1.1, 0.099
2025-10-13 10:40:33,        0,  29.7,   2.2,  25.0,  0.285, -0.003,  0.000,    -34.0,  1,  21.3,   1.1, 0.099
2025-10-13 10:40:34,        0,  29.8,   2.4,  25.0,  0.281, -0.004,  0.000,    -38.3,  1,  21.3,   1.1, 0.099
2025-10-13 10:40:35,        0,  29.8,   2.4,  25.0,  0.275, -0.003,  0.000,    -41.5,  1,  21.3,   1.1, 0.100
2025-10-13 10:40:36,        0,  29.9,   2.6,  25.0,  0.271, -0.003,  0.000,    -44.6,  1,  21.3,   1.0, 0.100
2025-10-13 10:40:37,        0,  29.9,   2.6,  25.0,  0.267, -0.003,  0.000,    -47.8,  1,  21.3,   1.0, 0.100
2025-10-13 10:40:38,        0,  29.9,   2.8,  25.0,  0.262, -0.003,  0.000,    -51.5,  1,  21.3,   1.0, 0.100
2025-10-13 10:40:39,        0,  29.9,   2.8,  25.0,  5.611,  4.355,  0.024,   3559.1,  1,  21.3,   1.1, 0.100
2025-10-13 10:40:40,        0,  29.7,   2.2,  25.0,  5.609,  4.367,  0.024,   7706.2,  1,  21.3,   1.0, 0.100
2025-10-13 10:40:41,        0,  30.0,   3.1,  25.0,  5.756,  4.530,  0.026,  11316.8,  1,  21.3,   1.0, 0.100
2025-10-13 10:40:42,        0,  29.8,   2.4,  25.0,  5.814,  4.598,  0.027,  16493.8,  1,  21.3,   1.0, 0.100
2025-10-13 10:40:43,        0,  30.4,   4.2,  25.0,  6.282,  5.108,  0.033,  21324.1,  1,  21.3,   1.0, 0.100
2025-10-13 10:40:44,        0,  30.4,   4.2,  25.0,  7.143,  6.050,  0.044,  27521.9,  1,  21.3,   1.0, 0.100
2025-10-13 10:40:45,        0,  31.0,   5.9,  25.0,  8.076,  7.064,  0.057,  33719.4,  1,  21.3,   1.0, 0.100
2025-10-13 10:40:46,        0,  34.2,  15.5,  25.0, 13.342, 12.864,  0.181,  48240.9,  1,  21.3,   1.0, 0.100
2025-10-13 10:40:47,        0,  35.1,  18.3,  25.0, 17.895, 17.905,  0.320,  65435.6,  1,  21.3,   1.0, 0.101
2025-10-13 10:40:48,        0,  35.2,  18.5,  25.0, 21.579, 22.012,  0.478,  85652.4,  1,  21.3,   1.0, 0.102
2025-10-13 10:40:49,        0,  35.4,  19.2,  25.0, 19.989, 20.250,  0.406, 106826.0,  1,  21.2,   0.9, 0.102
2025-10-13 10:40:50,        0,  38.7,  29.1,  25.0, 27.326, 28.469,  0.779, 137438.1,  1,  21.3,   1.0, 0.090
2025-10-13 10:40:51,        0,  38.5,  28.5,  25.0, 30.543, 32.093,  0.981, 168505.1,  1,  21.2,   1.0, 0.096
2025-10-13 10:40:52,        0,  39.6,  31.9,  25.0, 32.651, 34.559,  1.138, 200559.4,  1,  21.2,   1.0, 0.098
2025-10-13 10:40:53,        0,  41.5,  37.4,  25.0, 37.746, 40.400,  1.529, 238740.1,  1,  21.2,   1.0, 0.098
2025-10-13 10:40:54,        0,  41.2,  36.5,  25.0, 37.099, 39.822,  1.478, 286657.3,  1,  21.2,   1.0, 0.099
2025-10-13 10:40:55,        0,  43.3,  42.9,  25.0, 43.985, 47.758,  2.128, 331813.1,  1,  21.2,   1.0, 0.099
2025-10-13 10:40:56,        0,  45.0,  48.0,  25.0, 38.979, 42.313,  1.705, 376104.7,  1,  21.2,   1.0, 0.099
2025-10-13 10:40:57,        0,  47.2,  54.5,  25.0, 49.906, 55.098,  2.751, 427969.3,  1,  21.2,   1.0, 0.100
2025-10-13 10:40:58,        0,  47.8,  56.3,  25.0, 50.995, 56.797,  2.897, 493657.2,  1,  21.2,   1.0, 0.100
2025-10-13 10:40:59,        0,  49.4,  61.2,  25.0, 59.346, 66.976,  3.978, 556497.0,  1,  21.2,   1.0, 0.100
2025-10-13 10:41:00,        0,  44.4,  46.2,  25.0, 57.279, 65.031,  3.726, 617232.8,  1,  21.2,   1.0, 0.100
2025-10-13 10:41:01,        0,  46.9,  53.6,  25.0, 60.091, 68.601,  4.131, 676223.4,  1,  21.2,   1.0, 0.100
2025-10-13 10:41:02,        0,  47.5,  55.4,  25.0, 51.635, 58.691,  3.035, 745046.7,  1,  21.2,   1.0, 0.100
2025-10-13 10:41:03,        0,  50.0,  63.0,  25.0, 57.083, 65.576,  3.745, 807379.0,  1,  21.2,   1.0, 0.100
2025-10-13 10:41:04,        0,  51.2,  66.7,  25.0, 59.360, 68.492,  4.066, 872962.2,  1,  21.2,   1.0, 0.100
2025-10-13 10:41:05,        0,  46.7,  53.1,  25.0, 59.788, 69.283,  4.144, 940274.4,  1,  21.3,   1.0, 0.113
2025-10-13 10:41:06,        0,  48.7,  59.1,  25.0, 57.579, 66.670,  3.852,1012567.3,  1,  21.2,   1.0, 0.109
2025-10-13 10:41:07,        0,  50.6,  64.8,  25.0, 56.003, 64.795,  3.629,1074753.9,  1,  21.2,   1.0, 0.102
2025-10-13 10:41:08,        0,  46.6,  52.7,  25.0, 54.433, 63.146,  3.481,1137975.1,  1,  21.2,   1.0, 0.101
2025-10-13 10:41:09,        0,  47.2,  54.5,  25.0, 53.098, 61.511,  3.267,1195233.6,  1,  21.2,   1.0, 0.100
2025-10-13 10:41:10,        0,  44.3,  46.0,  25.0, 46.331, 53.079,  2.461,1259855.3,  1,  21.2,   1.0, 0.100
2025-10-13 10:41:11,        0,  41.4,  37.2,  25.0, 41.979, 47.691,  2.004,1304504.8,  1,  21.2,   1.0, 0.100
2025-10-13 10:41:12,        0,  44.3,  46.0,  25.1, 40.359, 45.683,  1.854,1345897.1,  1,  21.2,   1.0, 0.100
2025-10-13 10:41:13,        0,  38.9,  29.8,  25.0, 37.722, 42.446,  1.603,1388287.7,  1,  21.2,   1.0, 0.100
2025-10-13 10:41:14,        0,  41.2,  36.7,  25.1, 46.710, 53.102,  2.482,1442412.5,  1,  21.2,   1.0, 0.100
2025-10-13 10:41:15,        0,  41.8,  38.4,  25.1, 42.632, 48.129,  2.062,1484800.3,  1,  21.2,   1.0, 0.100
2025-10-13 10:41:16,        0,  44.3,  45.9,  25.1, 47.368, 53.814,  2.577,1533508.7,  1,  21.2,   1.0, 0.100
2025-10-13 10:41:17,        0,  42.5,  40.5,  25.1, 40.571, 45.758,  1.861,1576894.0,  1,  21.2,   1.0, 0.100
2025-10-13 10:41:18,        0,  43.0,  42.0,  25.1, 45.748, 51.888,  2.376,1635335.1,  1,  21.2,   1.0, 0.100
2025-10-13 10:41:19,        0,  45.6,  49.7,  25.1, 44.132, 49.953,  2.207,1681673.9,  1,  21.2,   1.0, 0.100
2025-10-13 10:41:20,        0,  46.9,  53.8,  25.1,106745.037, 56.161,  2.774,1733784.5,  1,  21.2,   1.0, 0.100
2025-10-13 10:41:21,        0,  44.0,  45.0,  25.1, 51.230, 58.602,  3.008,1787449.7,  1,  21.2,   1.0, 0.100
2025-10-13 10:41:22,        0,  44.2,  45.5,  25.2, 41.942, 47.499,  2.001,1845282.7,  1,  21.2,   1.0, 0.100
2025-10-13 10:41:23,        0,  44.5,  46.4,  25.1, 47.406, 53.996,  2.561,1895184.6,  1,  21.2,   1.0, 0.100
2025-10-13 10:41:24,        0,  45.3,  49.0,  25.2, 48.501, 55.287,  2.693,1947141.9,  1,  21.2,   1.0, 0.100
2025-10-13 10:41:25,        0,  45.8,  50.3,  25.2, 47.590, 54.235,  2.585,2007530.1,  1,  21.2,   1.0, 0.100
2025-10-13 10:41:26,        0,  43.8,  44.4,  25.2, 48.642, 55.571,  2.704,2059690.5,  1,  21.2,   1.0, 0.100
2025-10-13 10:41:27,        0,  42.6,  40.7,  25.2, 37.415, 42.011,  1.579,2101140.3,  1,  21.2,   0.9, 0.100
2025-10-13 10:41:28,        0,  44.8,  47.3,  25.2, 39.160, 44.017,  1.725,2144513.1,  1,  21.2,   0.9, 0.100
2025-10-13 10:41:29,        0,  44.1,  45.2,  25.2, 40.541, 45.549,  1.850,2199895.9,  1,  21.2,   0.9, 0.100
2025-10-13 10:41:30,        0,  44.8,  47.3,  25.2, 40.792, 45.787,  1.869,2246474.7,  1,  21.2,   0.9, 0.100
2025-10-13 10:41:31,        0,  41.7,  38.1,  25.2, 44.427, 50.075,  2.227,2293332.1,  1,  21.2,   0.9, 0.100
2025-10-13 10:41:32,        0,  46.2,  51.7,  25.2, 45.581, 51.321,  2.349,2338718.8,  1,  21.2,   0.9, 0.100
2025-10-13 10:41:33,        0,  44.5,  46.6,  25.2, 43.040, 48.334,  2.081,2397564.4,  1,  21.2,   0.9, 0.100
2025-10-13 10:41:34,        0,  45.5,  49.4,  25.3, 38.143, 42.479,  1.634,2441348.1,  1,  21.2,   1.0, 0.100
2025-10-13 10:41:35,        0,  39.5,  31.5,  25.3, 43.232, 48.497,  2.106,2486365.6,  1,  21.2,   0.9, 0.100
2025-10-13 10:41:36,        0,  41.7,  38.1,  25.2, 43.136, 48.223,  2.153,2533454.3,  1,  21.2,   0.9, 0.100
2025-10-13 10:41:37,        0,  42.9,  41.6,  25.3, 41.558, 46.337,  1.937,2587569.2,  1,  21.2,   0.9, 0.100
2025-10-13 10:41:38,        0,  46.2,  51.7,  25.3, 50.890, 57.406,  2.922,2639004.1,  1,  21.2,   1.0, 0.100
2025-10-13 10:41:39,        0,  42.4,  40.2,  25.3, 44.465, 49.831,  2.217,2689034.6,  1,  21.2,   0.9, 0.100
2025-10-13 10:41:40,        0,  46.8,  53.4,  25.3, 44.718, 50.086,  2.262,2739086.9,  1,  21.3,   1.0, 0.100
2025-10-13 10:41:41,        0,  46.5,  52.4,  25.3, 46.856, 52.691,  2.488,2792221.5,  1,  21.2,   1.0, 0.100
2025-10-13 10:41:42,        0,  48.9,  59.8,  25.3, 46.048, 51.694,  2.407,2857491.6,  1,  21.3,   1.0, 0.100
2025-10-13 10:41:43,        0,  45.9,  50.8,  25.3, 52.689, 59.928,  3.159,2917093.0,  1,  21.3,   1.0, 0.100
2025-10-13 10:41:44,        0,  49.5,  61.4,  25.3, 50.530, 57.472,  2.907,2972910.2,  1,  21.2,   0.9, 0.100
2025-10-13 10:41:45,        0,  45.7,  50.1,  25.3, 55.537, 63.553,  3.553,3030729.8,  1,  21.2,   0.9, 0.100
2025-10-13 10:41:46,        0,  45.6,  49.7,  25.3, 55.050, 62.947,  3.465,3101086.9,  1,  21.2,   0.9, 0.100
2025-10-13 10:41:47,        0,  46.9,  53.8,  25.3, 43.064, 48.692,  2.111,3148783.9,  1,  21.2,   0.9, 0.100
2025-10-13 10:41:48,        0,  44.9,  47.8,  25.3, 47.335, 53.683,  2.542,3201756.7,  1,  21.3,   0.9, 0.100
2025-10-13 10:41:49,        0,  45.9,  50.6,  25.3, 44.245, 49.897,  2.227,3251201.7,  1,  21.2,   0.9, 0.100
2025-10-13 10:41:50,        0,  47.1,  54.3,  25.3, 48.427, 54.805,  2.661,3315009.2,  1,  21.2,   0.9, 0.100
2025-10-13 10:41:51,        0,  47.9,  56.6,  25.3, 48.976, 55.510,  2.722,3368612.3,  1,  21.2,   0.9, 0.100
2025-10-13 10:41:52,        0,  46.4,  52.2,  25.3, 55.421, 63.197,  3.505,3428195.7,  1,  21.2,   0.9, 0.100
2025-10-13 10:41:53,        0,  47.6,  55.9,  25.3, 47.564, 53.906,  2.583,3481231.5,  1,  21.2,   0.9, 0.100
2025-10-13 10:41:54,        0,  42.6,  40.9,  25.3, 50.806, 57.778,  2.939,3536534.5,  1,  21.3,   0.9, 0.101
2025-10-13 10:41:55,        0,  47.3,  55.0,  25.3, 53.542, 60.867,  3.270,3599517.8,  1,  21.3,   0.9, 0.100
2025-10-13 10:41:56,        0,  46.3,  51.8,  25.3, 44.723, 50.474,  2.263,3650802.5,  1,  21.2,   0.9, 0.100
2025-10-13 10:41:57,        0,  48.1,  57.4,  25.3, 47.762, 54.133,  2.589,3704631.0,  1,  21.2,   0.9, 0.100
2025-10-13 10:41:58,        0,  41.3,  37.0,  25.4, 35.144, 39.275,  1.439,3750480.1,  1,  21.2,   0.9, 0.100
2025-10-13 10:41:59,        0,  45.8,  50.5,  25.4, 46.829, 52.892,  2.478,3807472.4,  1,  21.2,   0.9, 0.100
2025-10-13 10:42:00,        0,  40.8,  35.4,  25.4, 38.980, 43.609,  1.707,3852049.9,  1,  21.2,   0.9, 0.100
2025-10-13 10:42:01,        0,  45.3,  48.8,  25.3, 43.001, 48.164,  2.084,3898678.4,  1,  21.2,   0.9, 0.100
2025-10-13 10:42:02,        0,  40.5,  34.4,  25.4, 31.957, 35.168,  1.131,3938619.0,  1,  21.2,   0.9, 0.100
2025-10-13 10:42:03,        0,  37.7,  26.2,  25.4, 38.101, 42.285,  1.612,3984507.0,  1,  21.2,   0.9, 0.100
2025-10-13 10:42:04,        0,  37.9,  26.8,  25.4, 29.552, 32.053,  0.958,4014676.0,  1,  21.2,   0.9, 0.100
2025-10-13 10:42:05,        0,  38.5,  28.4,  25.4, 39.207, 43.194,  1.700,4050197.6,  1,  21.2,   0.9, 0.100
2025-10-13 10:42:06,        0,  39.1,  30.3,  25.4, 30.230, 32.685,  0.988,4080861.2,  1,  21.2,   0.9, 0.100
2025-10-13 10:42:07,        0,  38.6,  28.7,  25.4, 36.736, 40.098,  1.476,4117684.5,  1,  21.2,   0.9, 0.100
2025-10-13 10:42:08,        0,  40.5,  34.5,  25.4, 30.293, 32.550,  0.996,4159089.0,  1,  21.2,   1.0, 0.100
2025-10-13 10:42:09,        0,  36.0,  21.1,  25.4, 35.965, 39.092,  1.408,4196228.8,  1,  21.2,   0.9, 0.100
2025-10-13 10:42:10,        0,  40.6,  34.9,  25.4, 29.409, 31.452,  0.927,4225876.9,  1,  21.3,   1.0, 0.100
2025-10-13 10:42:11,        0,  38.8,  29.4,  25.4, 30.654, 32.878,  1.022,4257161.9,  1,  21.2,   1.0, 0.100
2025-10-13 10:42:12,        0,  40.0,  32.9,  25.4, 27.917, 29.646,  0.828,4294105.6,  1,  21.2,   1.0, 0.100
2025-10-13 10:42:13,        0,  37.4,  25.3,  25.4, 26.373, 27.829,  0.735,4325049.5,  1,  21.2,   1.0, 0.100
2025-10-13 10:42:14,        0,  37.9,  26.8,  25.4, 28.897, 30.660,  0.899,4352883.2,  1,  21.3,   1.0, 0.100
2025-10-13 10:42:15,        0,  38.4,  28.2,  25.5, 22.229, 22.979,  0.512,4377555.8,  1,  21.2,   1.0, 0.100
2025-10-13 10:42:16,        0,  38.8,  29.4,  25.5, 27.562, 28.995,  0.804,4405281.5,  1,  21.3,   1.0, 0.100
2025-10-13 10:42:17,        0,  39.0,  29.9,  25.5, 26.362, 27.610,  0.743,4440091.5,  1,  21.3,   1.0, 0.100
2025-10-13 10:42:18,        0,  37.0,  24.1,  25.5, 25.120, 26.141,  0.657,4468041.8,  1,  21.3,   1.0, 0.100
2025-10-13 10:42:19,        0,  37.3,  25.0,  25.5, 22.075, 22.655,  0.501,4491362.8,  1,  21.2,   1.0, 0.100
2025-10-13 10:42:20,        0,  35.3,  18.8,  25.5, 23.917, 24.707,  0.595,4516323.7,  1,  21.2,   1.0, 0.100
2025-10-13 10:42:21,        0,  37.1,  24.3,  25.4, 22.284, 22.787,  0.508,4541173.1,  1,  21.3,   1.0, 0.100
2025-10-13 10:42:22,        0,  34.6,  16.7,  25.4, 22.470, 22.981,  0.520,4562678.9,  1,  21.3,   1.0, 0.100
2025-10-13 10:42:23,        0,  35.0,  18.1,  25.5, 19.067, 19.068,  0.364,4580382.4,  1,  21.3,   1.0, 0.100
2025-10-13 10:42:24,        0,  35.6,  19.7,  25.4, 25.570, 26.316,  0.678,4602691.6,  1,  21.3,   1.0, 0.100
2025-10-13 10:42:25,        0,  34.9,  17.8,  25.4, 21.728, 21.992,  0.479,4628711.1,  1,  21.3,   1.0, 0.100
2025-10-13 10:42:26,        0,  33.2,  12.5,  25.5, 17.753, 17.551,  0.314,4645929.3,  1,  21.2,   1.0, 0.100
2025-10-13 10:42:27,        0,  35.2,  18.6,  25.4, 14.581, 13.973,  0.208,4661441.6,  1,  21.3,   1.0, 0.100
2025-10-13 10:42:28,        0,  35.5,  19.5,  25.4, 18.744, 18.562,  0.352,4681031.4,  1,  21.3,   1.0, 0.100
2025-10-13 10:42:29,        0,  34.3,  16.0,  25.4, 20.522, 20.505,  0.422,4705338.5,  1,  21.2,   1.0, 0.100
2025-10-13 10:42:30,        0,  32.3,  10.0,  25.4, 13.460, 12.692,  0.173,4719162.4,  1,  21.2,   1.0, 0.100
2025-10-13 10:42:31,        0,  36.2,  21.6,  25.5, 13.960, 13.168,  0.188,4733319.4,  1,  21.3,   1.0, 0.100
2025-10-13 10:42:32,        0,  32.7,  11.1,  25.5, 20.281, 20.153,  0.415,4751649.4,  1,  21.3,   1.0, 0.100
2025-10-13 10:42:33,        0,  32.4,  10.3,  25.5, 13.634, 12.826,  0.184,4764557.1,  1,  21.2,   1.0, 0.100
2025-10-13 10:42:34,        0,  32.1,   9.4,  25.5, 14.844, 14.108,  0.210,4781633.1,  1,  21.2,   1.0, 0.100
2025-10-13 10:42:35,        0,  34.6,  16.9,  25.5, 12.649, 11.676,  0.148,4793138.1,  1,  21.3,   1.0, 0.100
2025-10-13 10:42:36,        0,  32.7,  11.1,  25.5, 12.783, 11.823,  0.155,4805765.4,  1,  21.3,   1.0, 0.100
2025-10-13 10:42:37,        0,  33.0,  12.1,  25.5, 13.828, 12.917,  0.179,4818852.1,  1,  21.2,   1.0, 0.100
2025-10-13 10:42:38,        0,  31.9,   8.8,  25.5, 12.793, 11.793,  0.153,4832943.8,  1,  21.3,   1.0, 0.100
2025-10-13 10:42:39,        0,  32.1,   9.3,  25.5, 13.873, 12.913,  0.179,4843811.3,  1,  21.3,   1.0, 0.100
2025-10-13 10:42:40,        0,  32.4,  10.2,  25.5, 10.515,  9.269,  0.103,4854253.5,  1,  21.3,   1.0, 0.100
2025-10-13 10:42:41,        0,  31.9,   8.7,  25.5, 12.704, 11.642,  0.149,4865057.8,  1,  21.3,   1.0, 0.100
2025-10-13 10:42:42,        0,  33.0,  11.9,  25.5, 12.559, 11.453,  0.144,4877312.9,  1,  21.3,   1.0, 0.100
2025-10-13 10:42:43,        0,  31.7,   8.2,  25.5, 13.363, 12.328,  0.166,4889106.3,  1,  21.3,   1.0, 0.100
2025-10-13 10:42:44,        0,  32.0,   8.9,  25.5,  7.692,  6.196,  0.054,4896402.3,  1,  21.3,   1.0, 0.100
2025-10-13 10:42:45,        0,  30.6,   4.9,  25.5, 12.257, 11.088,  0.136,4906657.2,  1,  21.2,   1.0, 0.100
2025-10-13 10:42:46,        0,  31.0,   6.1,  25.5, 11.876, 10.668,  0.127,4918092.6,  1,  21.3,   1.0, 0.100
2025-10-13 10:42:47,        0,  30.9,   5.6,  25.5, 10.852,  9.554,  0.104,4926452.7,  1,  21.2,   1.0, 0.100
2025-10-13 10:42:48,        0,  30.9,   5.7,  25.5,  8.976,  7.522,  0.068,4933005.7,  1,  21.3,   1.0, 0.100
2025-10-13 10:42:49,        0,  30.8,   5.4,  25.5,  7.699,  6.125,  0.049,4939378.8,  1,  21.3,   1.0, 0.100
2025-10-13 10:42:50,        0,  31.7,   8.0,  25.5, 10.654,  9.307,  0.100,4947477.9,  1,  21.3,   1.0, 0.100
2025-10-13 10:42:51,        0,  31.6,   7.7,  25.5,  7.185,  5.583,  0.041,4955935.2,  1,  21.3,   1.0, 0.100
2025-10-13 10:42:52,        0,  30.2,   3.6,  25.5,  9.945,  8.540,  0.085,4964226.2,  1,  21.3,   1.0, 0.100
2025-10-13 10:42:53,        0,  31.0,   6.1,  25.5,  6.860,  5.231,  0.036,4969874.3,  1,  21.3,   1.0, 0.100
2025-10-13 10:42:54,        0,  30.7,   5.2,  25.5,  6.807,  5.195,  0.037,4976033.3,  1,  21.3,   1.0, 0.100
2025-10-13 10:42:55,        0,  31.0,   6.1,  25.5,  9.032,  7.544,  0.068,4984155.0,  1,  21.3,   1.0, 0.100
2025-10-13 10:42:56,        0,  28.9,   0.0,  25.5,  9.199,  7.740,  0.073,4991138.8,  1,  21.3,   1.0, 0.100
2025-10-13 10:42:57,        0,  30.3,   4.0,  25.5,  1.785,  0.214,  0.000,4991751.5,  1,  21.3,   1.0, 0.100
2025-10-13 10:42:58,        0,  30.5,   4.5,  25.5,  8.059,  6.499,  0.053,4998157.8,  1,  21.3,   1.0, 0.100
2025-10-13 10:42:59,        0,  30.7,   5.2,  25.5,  9.118,  7.635,  0.070,5005980.2,  1,  21.3,   1.0, 0.100
2025-10-13 10:43:00,        0,  30.2,   3.6,  25.4,  6.952,  5.327,  0.038,5010786.4,  1,  21.3,   1.0, 0.100
2025-10-13 10:43:01,        0,  31.0,   5.9,  25.4,  6.555,  4.906,  0.032,5015524.7,  1,  21.3,   1.0, 0.100
2025-10-13 10:43:02,        0,  30.1,   3.4,  25.5,  7.383,  5.793,  0.044,5021337.5,  1,  21.3,   1.0, 0.100
2025-10-13 10:43:03,        0,  30.9,   5.6,  25.5,  6.577,  4.933,  0.033,5027260.6,  1,  21.3,   1.0, 0.100
2025-10-13 10:43:04,        0,  29.8,   2.4,  25.4,  6.922,  5.313,  0.039,5031273.0,  1,  21.3,   1.0, 0.100
2025-10-13 10:43:05,        0,  30.5,   4.5,  25.5,  6.943,  5.348,  0.037,5033677.8,  1,  21.3,   1.0, 0.100
2025-10-13 10:43:06,        0,  30.1,   3.3,  25.5,  5.754,  4.084,  0.026,5038444.6,  1,  21.3,   1.0, 0.100
2025-10-13 10:43:07,        0,  29.5,   1.5,  25.5,  5.854,  4.185,  0.026,5043586.9,  1,  21.3,   1.0, 0.100
2025-10-13 10:43:08,        0,  29.5,   1.5,  25.5,  2.677,  1.150,  0.007,5044981.6,  1,  21.3,   1.0, 0.100
2025-10-13 10:43:09,        0,  30.2,   3.5,  25.4,  5.012,  3.386,  0.021,5048143.3,  1,  21.3,   1.0, 0.100
2025-10-13 10:43:10,        0,  30.4,   4.3,  25.5,  2.422,  0.772,  0.003,5050766.4,  1,  21.3,   1.0, 0.100
2025-10-13 10:43:11,        0,  29.7,   2.2,  25.5,  6.469,  4.825,  0.031,5056531.9,  1,  21.3,   1.0, 0.100
2025-10-13 10:43:12,        0,  29.6,   1.9,  25.5,  5.386,  3.740,  0.023,5058932.0,  1,  21.3,   1.0, 0.100
2025-10-13 10:43:13,        0,  29.8,   2.4,  25.4,  1.558,  0.069,  0.000,5059093.4,  1,  21.3,   1.0, 0.100
2025-10-13 10:43:14,        0,  30.2,   3.6,  25.5,  4.080,  2.588,  0.016,5062017.4,  1,  21.3,   1.0, 0.100
2025-10-13 10:43:15,        0,  30.2,   3.6,  25.5,  6.530,  4.893,  0.032,5068015.9,  1,  21.3,   1.0, 0.100
2025-10-13 10:43:16,        0,  30.2,   3.6,  25.5,  6.349,  4.698,8005.878,5072729.9,  1,  21.3,   1.0, 0.100
2025-10-13 10:43:17,        0,  29.7,   2.0,  25.5,  5.876,  4.200,  0.025,5076967.4,  1,  21.3,   1.0, 0.100
2025-10-13 10:43:18,        0,  29.9,   2.6,  25.5,  6.110,  4.464,  0.028,5079333.6,  1,  21.3,   1.0, 0.100
2025-10-13 10:43:19,        0,  29.7,   2.0,  25.4,  1.622,  0.098,  0.000,5079459.3,  1,  21.3,   1.0, 0.100
2025-10-13 10:43:20,        0,  29.9,   2.6,  25.4,  3.729,  2.267,  0.014,5081387.6,  1,  21.3,   1.0, 0.100
2025-10-13 10:43:21,        0,  30.0,   2.9,  25.4,  1.865,  0.267,  0.001,5081691.8,  1,  21.3,   1.0, 0.100
2025-10-13 10:43:22,        0,  29.6,   1.7,  25.5,  4.855,  3.206,  0.018,5084888.3,  1,  21.3,   1.0, 0.100
2025-10-13 10:43:23,        0,  30.0,   2.9,  25.5,  1.758,  0.183,  0.000,5086247.8,  1,  21.3,   1.0, 0.100
2025-10-13 10:43:24,        0,  30.0,   2.9,  25.5,  3.349,  1.656,  0.007,5089589.7,  1,  21.3,   1.0, 0.100
2025-10-13 10:43:25,        0,  29.6,   1.9,  25.5,  3.802,  2.118,  0.010,5091481.9,  1,  21.3,   1.0, 0.100
2025-10-13 10:43:26,        0,  29.9,   2.7,  25.4,  1.391,  0.003,  0.000,5091504.9,  1,  21.3,   1.0, 0.100
2025-10-13 10:43:27,        0,  30.0,   2.9,  25.4,  2.481,  0.821,  0.002,5092808.7,  1,  21.3,   1.0, 0.100
2025-10-13 10:43:28,        0,  29.7,   2.2,  25.4,  2.237,  0.582,  0.001,5095725.2,  1,  21.3,   1.0, 0.100
2025-10-13 10:43:29,        0,  30.0,   2.9,  25.4,  5.382,  3.819,  0.023,5098158.9,  1,  21.3,   1.0, 0.100
2025-10-13 10:43:30,        0,  29.7,   2.2,  25.4,  5.568,  3.933,  0.023,5100965.2,  1,  21.3,   1.0, 0.100
2025-10-13 10:43:31,        0,  29.5,   1.5,  25.4,  1.432,  0.013,  0.000,5101015.9,  1,  21.3,   1.0, 0.100
2025-10-13 10:43:32,        0,  29.7,   2.2,  25.4,  2.786,  1.352,  0.007,5101768.6,  1,  21.3,   1.0, 0.100
2025-10-13 10:43:33,        0,  30.0,   2.9,  25.5,  1.415,  0.013,  0.000,5101886.3,  1,  21.3,   1.0, 0.100
2025-10-13 10:43:34,        0,  29.7,   2.2,  25.4,  3.519,  1.861,  0.008,5103789.0,  1,  21.3,   1.0, 0.100
2025-10-13 10:43:35,        0,  29.8,   2.4,  25.4,  2.189,  0.728,  0.004,5105340.1,  1,  21.3,   0.9, 0.100
2025-10-13 10:43:36,        0,  29.7,   2.0,  25.4,  1.516,  0.044,  0.000,5105562.2,  1,  21.3,   0.9, 0.100
2025-10-13 10:43:37,        0,  29.8,   2.4,  25.4,  1.344, -0.003,  0.000,5105559.7,  1,  21.3,   0.9, 0.100
2025-10-13 10:43:38,        0,  29.8,   2.4,  25.4,  1.259, -0.012,  0.000,5105549.2,  1,  21.3,   0.9, 0.100
2025-10-13 10:43:39,        0,  29.9,   2.8,  25.5,  1.224, -0.013,  0.000,5105537.1,  1,  21.3,   0.9, 0.100
2025-10-13 10:43:40,        0,  30.0,   3.1,  25.4,  5.905,  4.364,  0.026,5109164.8,  1,  21.3,   0.9, 0.100
2025-10-13 10:43:41,        0,  30.0,   2.9,  25.5,  5.312,  3.694,  0.021,5112878.4,  1,  21.3,   0.9, 0.100
2025-10-13 10:43:42,        0,  29.3,   0.8,  25.4,  4.140,  2.477,  0.012,5116132.6,  1,  21.3,   1.0, 0.100
2025-10-13 10:43:43,        0,  28.9,   0.0,  25.4,  1.502,  0.036,  0.000,5116234.9,  1,  21.3,   0.9, 0.100
2025-10-13 10:43:44,        0,  29.6,   1.7,  25.4,  1.347, -0.003,  0.000,5116232.4,  1,  21.3,   0.9, 0.100
2025-10-13 10:43:45,        0,  29.5,   1.5,  25.4,  1.284, -0.010,  0.000,5116222.8,  1,  21.3,   1.0, 0.100
2025-10-13 10:43:46,        0,  29.6,   1.9,  25.5,  1.224, -0.012,  0.000,5116208.9,  1,  21.3,   0.9, 0.100
2025-10-13 10:43:47,        0,  29.9,   2.6,  25.4,  1.178, -0.013,  0.000,5116197.2,  1,  21.3,   1.0, 0.100
2025-10-13 10:43:48,        0,  29.6,   1.9,  25.5,  1.151, -0.013,  0.000,5116184.2,  1,  21.3,   1.0, 0.100
2025-10-13 10:43:49,        0,  29.6,   1.9,  25.4,  1.124, -0.013,  0.000,5116172.5,  1,  21.3,   1.0, 0.100
2025-10-13 10:43:50,        0,  29.8,   2.4,  25.4,  1.086, -0.012,  0.000,5116158.2,  1,  21.3,   0.9, 0.100
2025-10-13 10:43:51,        0,  29.9,   2.7,  25.5,  1.062, -0.012,  0.000,5117605.3,  1,  21.4,   0.9, 0.100
2025-10-13 10:43:52,        0,  29.8,   2.4,  25.5,  4.975,  3.369,  0.018,5121195.3,  1,  21.3,   1.0, 0.100
2025-10-13 10:43:53,        0,  29.5,   1.5,  25.4,  1.539,  0.050,  0.000,5121327.8,  1,  21.3,   0.9, 0.100
2025-10-13 10:43:54,        0,  29.6,   1.9,  25.5,  1.315, -0.006,  0.000,5121324.4,  1,  21.3,   0.9, 0.100
2025-10-13 10:43:55,        0,  29.7,   2.2,  25.4,  1.259, -0.011,  0.000,5121313.9,  1,  21.3,   0.9, 0.100
2025-10-13 10:43:56,        0,  29.9,   2.6,  25.4,  1.218, -0.012,  0.000,5121303.4,  1,  21.3,   0.9, 0.100
2025-10-13 10:43:57,        0,  29.7,   2.2,  25.4,  1.168, -0.012,  0.000,5121292.1,  1,  21.3,   0.9, 0.100
2025-10-13 10:43:58,        0,  29.8,   2.4,  25.4,  1.138, -0.012,  0.000,5121279.6,  1,  21.3,   0.9, 0.100
2025-10-13 10:43:59,        0,  29.7,   2.2,  25.5,  1.094, -0.012,  0.000,5121267.0,  1,  21.4,   0.9, 0.100
2025-10-13 10:44:00,        0,  29.9,   2.6,  25.4,  1.067, -0.012,  0.000,5121255.2,  1,  21.3,   0.9, 0.100
2025-10-13 10:44:01,        0,  29.9,   2.7,  25.4,  1.043, -0.012,  0.000,5121964.8,  1,  21.4,   0.9, 0.100
2025-10-13 10:44:02,        0,  29.9,   2.7,  25.5,  5.900,  4.366,  0.026,5125647.4,  1,  21.3,   1.0, 0.100
2025-10-13 10:44:03,        0,  29.4,   1.1,  25.4,  2.007,  0.374,  0.001,5128571.4,  1,  21.3,   0.9, 0.100
2025-10-13 10:44:04,        0,  29.4,   1.1,  25.4,  1.422,  0.010,  0.000,5128595.3,  1,  21.3,   1.0, 0.100
2025-10-13 10:44:05,        0,  29.2,   0.6,  25.4,  1.317, -0.007,  0.000,5128589.0,  1,  21.4,   0.9, 0.100
2025-10-13 10:44:06,        0,  29.5,   1.5,  25.4,  1.262, -0.011,  0.000,5128578.1,  1,  21.3,   0.9, 0.100
2025-10-13 10:44:07,        0,  29.5,   1.5,  25.4,  1.203, -0.012,  0.000,5128564.7,  1,  21.3,   1.0, 0.100
2025-10-13 10:44:08,        0,  29.6,   1.9,  25.4,  1.154, -0.012,  0.000,5128553.4,  1,  21.3,   0.9, 0.100
2025-10-13 10:44:09,        0,  29.6,   1.7,  25.4,  1.125, -0.012,  0.000,5128540.8,  1,  21.3,   1.0, 0.100
2025-10-13 10:44:10,        0,  29.5,   1.5,  25.4,  1.096, -0.012,  0.000,5128530.3,  1,  21.3,   0.9, 0.100
2025-10-13 10:44:11,        0,  29.7,   2.2,  25.4,  1.056, -0.012,  0.000,5128519.0,  1,  21.3,   0.9, 0.100
2025-10-13 10:44:12,        0,  29.7,   2.2,  25.4,  1.032, -0.012,  0.000,5128505.2,  1,  21.3,   1.0, 0.100
2025-10-13 10:44:13,        0,  29.7,   2.0,  25.4,  1.001, -0.012,  0.000,5128493.4,  1,  21.3,   1.0, 0.100
2025-10-13 10:44:14,        0,  29.8,   2.4,  25.4,  0.982, -0.012,  0.000,5128481.7,  1,  21.4,   1.0, 0.100
2025-10-13 10:44:15,        0,  29.9,   2.6,  25.4,  0.965, -0.012,  0.000,5128469.6,  1,  21.3,   1.0, 0.100
2025-10-13 10:44:16,        0,  29.7,   2.2,  25.4,  0.941, -0.012,  0.000,5128456.1,  1,  21.3,   1.0, 0.100
2025-10-13 10:44:17,        0,  29.7,   2.2,  25.4,  0.927, -0.012,  0.000,5128444.8,  1,  21.3,   1.0, 0.100
2025-10-13 10:44:18,        0,  29.8,   2.4,  25.4,  0.906, -0.011,  0.000,5128433.1,  1,  21.3,   1.0, 0.100
2025-10-13 10:44:19,        0,  29.8,   2.4,  25.4,  0.893, -0.012,  0.000,5128422.6,  1,  21.3,   1.0, 0.100
2025-10-13 10:44:20,        0,  29.7,   2.2,  25.4,  0.880, -0.012,  0.000,5128500.1,  1,  21.3,   1.0, 0.100
2025-10-13 10:44:21,        0,  29.9,   2.7,  25.4,  1.307,  0.003,  0.000,5129761.6,  1,  21.3,   1.0, 0.100
2025-10-13 10:44:22,        0,  29.8,   2.4,  25.4,  5.442,  3.895,  0.022,5132193.6,  1,  21.4,   1.0, 0.100
2025-10-13 10:44:23,        0,  29.6,   1.9,  25.4,  1.424,  0.012,  0.000,5132226.7,  1,  21.3,   1.0, 0.100
2025-10-13 10:44:24,        0,  29.2,   0.6,  25.4,  1.312, -0.006,  0.000,5132221.3,  1,  21.3,   1.0, 0.100
2025-10-13 10:44:25,        0,  29.7,   2.2,  25.4,  1.230, -0.011,  0.000,5132208.3,  1,  21.3,   1.0, 0.100
2025-10-13 10:44:26,        0,  29.5,   1.5,  25.4,  1.191, -0.013,  0.000,5132197.0,  1,  21.3,   1.0, 0.100
2025-10-13 10:44:27,        0,  29.8,   2.4,  25.4,  1.140, -0.012,  0.000,5132185.7,  1,  21.3,   1.0, 0.100
2025-10-13 10:44:28,        0,  29.7,   2.0,  25.4,  1.108, -0.011,  0.000,5132173.5,  1,  21.4,   1.0, 0.100
2025-10-13 10:44:29,        0,  29.7,   2.1,  25.4,  1.078, -0.012,  0.000,5132162.6,  1,  21.3,   1.0, 0.100
2025-10-13 10:44:30,        0,  29.8,   2.4,  25.4,  1.037, -0.012,  0.000,5132148.8,  1,  21.3,   1.0, 0.100
2025-10-13 10:44:31,        0,  29.7,   2.0,  25.4,  1.012, -0.011,  0.000,5132138.3,  1,  21.3,   1.0, 0.100
2025-10-13 10:44:32,        0,  29.7,   2.0,  25.4,  0.979, -0.011,  0.000,5132127.4,  1,  21.3,   1.0, 0.100
2025-10-13 10:44:33,        0,  29.9,   2.6,  25.4,  0.960, -0.012,  0.000,5132115.7,  1,  21.3,   1.0, 0.100
2025-10-13 10:44:34,        0,  29.7,   2.2,  25.4,  0.941, -0.012,  0.000,5132105.2,  1,  21.3,   1.0, 0.100
2025-10-13 10:44:35,        0,  29.9,   2.6,  25.4,  0.916, -0.011,  0.000,5132091.4,  1,  21.3,   1.0, 0.100
2025-10-13 10:44:36,        0,  29.8,   2.4,  25.3,  0.893, -0.011,  0.000,5132081.3,  1,  21.3,   1.0, 0.100
2025-10-13 10:44:37,        0,  29.8,   2.4,  25.4,  0.878, -0.011,  0.000,5132070.4,  1,  21.3,   1.0, 0.100
2025-10-13 10:44:38,        0,  29.9,   2.6,  25.4,  4.567,  3.275,  0.019,5134586.2,  1,  21.3,   1.0, 0.100
2025-10-13 10:44:39,        0,  29.7,   2.2,  25.4,  1.861,  0.266,  0.001,5136538.8,  1,  21.3,   1.0, 0.100
2025-10-13 10:44:40,        0,  29.0,   0.1,  25.4,  1.396,  0.007,  0.000,5136547.2,  1,  21.3,   1.0, 0.100
2025-10-13 10:44:41,        0,  29.7,   2.0,  25.4,  1.265, -0.009,  0.000,5136538.8,  1,  21.3,   1.0, 0.100
2025-10-13 10:44:42,        0,  29.7,   2.0,  25.4,  1.218, -0.011,  0.000,5136528.3,  1,  21.3,   1.0, 0.100
2025-10-13 10:44:43,        0,  29.7,   2.2,  25.4,  1.164, -0.012,  0.000,5136514.5,  1,  21.3,   1.0, 0.100
2025-10-13 10:44:44,        0,  29.7,   2.0,  25.4,  1.130, -0.011,  0.000,5136503.2,  1,  21.3,   1.0, 0.100
2025-10-13 10:44:45,        0,  29.7,   2.0,  25.4,  1.099, -0.011,  0.000,5136491.9,  1,  21.3,   1.0, 0.100
2025-10-13 10:44:46,        0,  29.7,   2.0,  25.4,  1.055, -0.011,  0.000,5136481.8,  1,  21.3,   1.0, 0.100
2025-10-13 10:44:47,        0,  29.6,   1.9,  25.4,  1.028, -0.012,  0.000,5136470.5,  1,  21.3,   1.0, 0.100
2025-10-13 10:44:48,        0,  29.7,   2.1,  25.4,  0.991, -0.011,  0.000,5136457.1,  1,  21.3,   1.0, 0.100
2025-10-13 10:44:49,        0,  29.6,   1.9,  25.4,  0.969, -0.011,  0.000,5136446.2,  1,  21.3,   1.0, 0.100
2025-10-13 10:44:50,        0,  29.6,   1.7,  25.4,  0.948, -0.011,  0.000,5136436.1,  1,  21.3,   1.0, 0.100
2025-10-13 10:44:51,        0,  29.7,   2.2,  25.4,  0.921, -0.011,  0.000,5136424.4,  1,  21.3,   1.0, 0.100
2025-10-13 10:44:52,        0,  29.7,   2.2,  25.4,  0.904, -0.011,  0.000,5136411.8,  1,  21.3,   1.0, 0.100
2025-10-13 10:44:53,        0,  29.7,   2.0,  25.4,  0.880, -0.011,  0.000,5136401.8,  1,  21.3,   1.0, 0.100
2025-10-13 10:44:54,        0,  29.7,   2.2,  25.4,  0.865, -0.011,  0.000,5136391.3,  1,  21.3,   1.0, 0.100
2025-10-13 10:44:55,        0,  29.7,   2.0,  25.4,  0.851, -0.011,  0.000,5136381.2,  1,  21.3,   1.0, 0.100
2025-10-13 10:44:56,        0,  29.7,   2.2,  25.4,  0.831, -0.011,  0.000,5136368.2,  1,  21.3,   1.0, 0.100
2025-10-13 10:44:57,        0,  29.7,   2.2,  25.4,  0.819, -0.011,  0.000,5136358.6,  1,  21.3,   1.0, 0.100
2025-10-13 10:44:58,        0,  29.7,   2.1,  25.3,  0.801, -0.010,  0.000,5136348.5,  1,  21.3,   1.0, 0.100
2025-10-13 10:44:59,        0,  29.7,   2.2,  25.3,  0.790, -0.010,  0.000,5136338.9,  1,  21.3,   1.0, 0.100
2025-10-13 10:45:00,        0,  29.7,   2.0,  25.4,  0.773, -0.010,  0.000,5136327.2,  1,  21.3,   1.0, 0.100
2025-10-13 10:45:01,        0,  29.7,   2.2,  25.4,  0.763, -0.010,  0.000,5136318.4,  1,  21.3,   0.9, 0.100
2025-10-13 10:45:02,        0,  29.7,   2.2,  25.4,  0.753, -0.010,  0.000,5136308.7,  1,  21.3,   0.9, 0.100
2025-10-13 10:45:03,        0,  29.8,   2.4,  25.4,  0.737, -0.010,  0.000,5136299.5,  1,  21.3,   1.0, 0.100
2025-10-13 10:45:04,        0,  29.7,   2.2,  25.4,  0.723, -0.010,  0.000,5136288.2,  1,  21.3,   1.0, 0.100
2025-10-13 10:45:05,        0,  29.9,   2.6,  25.4,  0.713, -0.009,  0.000,5136279.0,  1,  21.3,   0.9, 0.100
2025-10-13 10:45:06,        0,  29.7,   2.2,  25.4,  0.703, -0.009,  0.000,5136270.6,  1,  21.3,   0.9, 0.100
2025-10-13 10:45:07,        0,  29.8,   2.4,  25.4,  0.689, -0.009,  0.000,5136261.8,  1,  21.3,   0.9, 0.100
2025-10-13 10:45:08,        0,  29.9,   2.6,  25.3,  0.679, -0.009,  0.000,5136253.4,  1,  21.3,   0.9, 0.100
2025-10-13 10:45:09,        0,  29.8,   2.4,  25.4,  0.665, -0.009,  0.000,5136243.8,  1,  21.3,   0.9, 0.100
2025-10-13 10:45:10,        0,  29.8,   2.4,  25.4,  0.657, -0.008,  0.000,5136235.8,  1,  21.3,   0.9, 0.100
2025-10-13 10:45:11,        0,  29.9,   2.6,  25.3,  0.647, -0.008,  0.000,5136227.4,  1,  21.4,   0.9, 0.100
2025-10-13 10:45:12,        0,  29.8,   2.4,  25.3,  3.192,  2.178,  0.012,5137217.3,  1,  21.3,   0.9, 0.100
2025-10-13 10:45:13,        0,  29.7,   2.2,  25.3,  1.554,  0.080,  0.000,5137526.6,  1,  21.3,   0.9, 0.100
2025-10-13 10:45:14,        0,  29.7,   2.2,  25.3,  1.263, -0.005,  0.000,5137523.7,  1,  21.3,   0.8, 0.100
2025-10-13 10:45:15,        0,  29.8,   2.4,  25.3,  1.196, -0.009,  0.000,5137514.9,  1,  21.3,   0.9, 0.100
2025-10-13 10:45:16,        0,  29.8,   2.4,  25.3,  1.147, -0.010,  0.000,5137506.1,  1,  21.3,   0.9, 0.100
2025-10-13 10:45:17,        0,  29.7,   2.2,  25.3,  1.088, -0.011,  0.000,5137493.1,  1,  21.3,   0.9, 0.100
2025-10-13 10:45:18,        0,  29.8,   2.4,  25.3,  1.036, -0.010,  0.000,5137483.4,  1,  21.3,   0.9, 0.100
2025-10-13 10:45:19,        0,  29.9,   2.6,  25.4,  1.002, -0.010,  0.000,5137474.2,  1,  21.3,   0.9, 0.100
2025-10-13 10:45:20,        0,  29.8,   2.4,  25.4,  0.972, -0.010,  0.000,5137464.2,  1,  21.3,   1.0, 0.100
2025-10-13 10:45:21,        0,  29.9,   2.6,  25.4,  0.945, -0.010,  0.000,5137454.5,  1,  21.3,   1.0, 0.100
2025-10-13 10:45:22,        0,  29.8,   2.4,  25.3,  0.908, -0.010,  0.000,5137443.2,  1,  21.3,   1.0, 0.100
2025-10-13 10:45:23,        0,  29.8,   2.4,  25.3,  0.874, -0.010,  0.000,5137434.0,  1,  21.3,   1.0, 0.100
2025-10-13 10:45:24,        0,  29.8,   2.4,  25.4,  0.853, -0.009,  0.000,5137424.4,  1,  21.3,   1.0, 0.100
2025-10-13 10:45:25,        0,  29.9,   2.6,  25.4,  0.833, -0.009,  0.000,5137415.6,  1,  21.3,   1.0, 0.100
2025-10-13 10:45:26,        0,  29.8,   2.4,  25.3,  0.806, -0.009,  0.000,5137403.8,  1,  21.3,   1.0, 0.100
2025-10-13 10:45:27,        0,  29.9,   2.6,  25.4,  0.789, -0.009,  0.000,5137395.4,  1,  21.3,   1.0, 0.100
2025-10-13 10:45:28,        0,  29.9,   2.6,  25.3,  0.765, -0.009,  0.000,5137386.6,  1,  21.3,   1.0, 0.100
2025-10-13 10:45:29,        0,  29.8,   2.4,  25.4,  0.749, -0.009,  0.000,5137378.3,  1,  21.3,   1.0, 0.100
2025-10-13 10:45:30,        0,  29.9,   2.6,  25.4,  2.551,  1.631,  0.009,5139282.6,  1,  21.3,   1.0, 0.100
2025-10-13 10:45:31,        0,  29.8,   2.4,  25.3,  5.745,  4.367,  0.025,5143074.6,  1,  21.3,   1.0, 0.100
2025-10-13 10:45:32,        0,  29.4,   1.3,  25.4,  1.975,  0.455,  0.001,5143735.9,  1,  21.3,   1.0, 0.100
2025-10-13 10:45:33,        0,  29.4,   1.1,  25.3,  1.248,  0.001,  0.000,5143742.6,  1,  21.3,   1.0, 0.100
2025-10-13 10:45:34,        0,  29.4,   1.1,  25.3,  1.169, -0.006,  0.000,5143736.8,  1,  21.3,   1.0, 0.100
2025-10-13 10:45:35,        0,  29.5,   1.5,  25.3,  1.095, -0.009,  0.000,5143725.9,  1,  21.3,   1.0, 0.100
2025-10-13 10:45:36,        0,  29.5,   1.5,  25.3,  1.056, -0.010,  0.000,5143716.7,  1,  21.3,   1.0, 0.100
2025-10-13 10:45:37,        0,  29.4,   1.3,  25.3,  1.021, -0.010,  0.000,5143706.6,  1,  21.3,   1.0, 0.100
2025-10-13 10:45:38,        0,  29.5,   1.5,  25.4,  0.973, -0.009,  0.000,5143698.2,  1,  21.3,   1.0, 0.100
2025-10-13 10:45:39,        0,  29.4,   1.3,  25.3,  0.943, -0.009,  0.000,5143689.0,  1,  21.3,   1.0, 0.100
2025-10-13 10:45:40,        0,  29.5,   1.5,  25.4,  0.901, -0.009,  0.000,5143677.7,  1,  21.3,   1.0, 0.100
2025-10-13 10:45:41,        0,  29.4,   1.3,  25.3,  0.874, -0.009,  0.000,5143669.3,  1,  21.3,   1.0, 0.100
2025-10-13 10:45:42,        0,  29.5,   1.5,  25.3,  0.838, -0.009,  0.000,5143660.5,  1,  21.3,   1.0, 0.100
2025-10-13 10:45:43,        0,  29.4,   1.3,  25.3,  0.816, -0.009,  0.000,5143652.1,  1,  21.3,   1.0, 0.100
2025-10-13 10:45:44,        0,  29.5,   1.5,  25.3,  0.786, -0.009,  0.000,5143642.5,  1,  21.3,   1.0, 0.100
2025-10-13 10:45:45,        0,  29.5,   1.5,  25.3,  0.767, -0.009,  0.000,5143633.7,  1,  21.3,   1.0, 0.100
2025-10-13 10:45:46,        0,  29.5,   1.5,  25.3,  0.750, -0.009,  0.000,5143625.3,  1,  21.3,   1.0, 0.100
2025-10-13 10:45:47,        0,  29.5,   1.5,  25.3,  0.725, -0.009,  0.000,5143617.3,  1,  21.3,   1.0, 0.100
2025-10-13 10:45:48,        0,  29.6,   1.7,  25.3,  0.710, -0.008,  0.000,5143608.1,  1,  21.3,   1.0, 0.100
2025-10-13 10:45:49,        0,  29.6,   1.7,  25.3,  0.688, -0.008,  0.000,5143600.1,  1,  21.3,   1.0, 0.100
2025-10-13 10:45:50,        0,  29.5,   1.5,  25.3,  0.674, -0.008,  0.000,5143591.8,  1,  21.3,   1.0, 0.100
2025-10-13 10:45:51,        0,  29.6,   1.7,  25.3,  0.661, -0.008,  0.000,5143585.1,  1,  21.3,   1.0, 0.100
2025-10-13 10:45:52,        0,  29.6,   1.7,  25.3,  0.642, -0.007,  0.000,5143577.1,  1,  21.3,   1.0, 0.100
2025-10-13 10:45:53,        0,  29.5,   1.5,  25.3,  0.630, -0.008,  0.000,5143568.7,  1,  21.3,   1.0, 0.100
2025-10-13 10:45:54,        0,  29.5,   1.5,  25.3,  0.613, -0.007,  0.000,5143561.2,  1,  21.3,   1.0, 0.100
2025-10-13 10:45:55,        0,  29.5,   1.5,  25.3,  0.602, -0.007,  0.000,5143554.0,  1,  21.3,   1.0, 0.100
2025-10-13 10:45:56,        0,  29.6,   1.7,  25.3,  0.592, -0.007,  0.000,5143546.9,  1,  21.3,   1.0, 0.100
2025-10-13 10:45:57,        0,  29.6,   1.7,  25.3,  0.577, -0.007,  0.000,5143539.4,  1,  21.3,   1.0, 0.100
2025-10-13 10:45:58,        0,  29.5,   1.5,  25.3,  0.567, -0.007,  0.000,5143532.7,  1,  21.3,   1.0, 0.100
2025-10-13 10:45:59,        0,  29.6,   1.7,  25.3,  0.554, -0.007,  0.000,5143526.4,  1,  21.3,   1.0, 0.100
2025-10-13 10:46:00,        0,  29.6,   1.9,  25.3,  0.545, -0.007,  0.000,5143519.7,  1,  21.3,   1.0, 0.100
2025-10-13 10:46:01,        0,  29.6,   1.7,  25.3,  0.532, -0.006,  0.000,5143511.7,  1,  21.3,   1.0, 0.100
2025-10-13 10:46:02,        0,  29.5,   1.5,  25.3,  0.523, -0.006,  0.000,5143505.8,  1,  21.3,   1.0, 0.100
2025-10-13 10:46:03,        0,  29.6,   1.7,  25.3,  0.511, -0.007,  0.000,5143499.6,  1,  21.3,   1.0, 0.100
2025-10-13 10:46:04,        0,  29.6,   1.7,  25.3,  0.505, -0.007,  0.000,5143493.7,  1,  21.3,   1.0, 0.100
2025-10-13 10:46:05,        0,  29.7,   2.0,  25.3,  0.497, -0.006,  0.000,5143487.0,  1,  21.3,   1.0, 0.100
2025-10-13 10:46:06,        0,  29.6,   1.9,  25.3,  0.486, -0.006,  0.000,5143479.9,  1,  21.3,   1.0, 0.100
2025-10-13 10:46:07,        0,  29.6,   1.7,  25.3,  0.480, -0.006,  0.000,5143474.0,  1,  21.3,   1.0, 0.100
2025-10-13 10:46:08,        0,  29.6,   1.7,  25.3,  0.470, -0.006,  0.000,5143468.5,  1,  21.3,   1.0, 0.100
2025-10-13 10:46:09,        0,  29.6,   1.9,  25.3,  0.463, -0.006,  0.000,5143462.7,  1,  21.3,   1.0, 0.100
2025-10-13 10:46:10,        0,  29.6,   1.7,  25.3,  0.455, -0.006,  0.000,5143455.6,  1,  21.3,   1.0, 0.100
2025-10-13 10:46:11,        0,  29.6,   1.7,  25.3,  0.449, -0.006,  0.000,5143449.7,  1,  21.3,   1.0, 0.100
2025-10-13 10:46:12,        0,  29.6,   1.7,  25.3,  0.443, -0.005,  0.000,5143444.2,  1,  21.3,   1.0, 0.100
2025-10-13 10:46:13,        0,  29.6,   1.9,  25.3,  0.435, -0.005,  0.000,5143439.6,  1,  21.3,   1.0, 0.100
2025-10-13 10:46:14,        0,  29.6,   1.9,  25.3,  0.429, -0.005,  0.000,5143432.5,  1,  21.3,   1.0, 0.100
2025-10-13 10:46:15,        0,  29.6,   1.7,  25.3,  0.422, -0.006,  0.000,5143427.1,  1,  21.3,   1.0, 0.100
2025-10-13 10:46:16,        0,  29.6,   1.9,  25.3,  0.416, -0.005,  0.000,5143422.4,  1,  21.3,   1.0, 0.100
2025-10-13 10:46:17,        0,  29.6,   1.7,  25.3,  0.411, -0.006,  0.000,5143417.0,  1,  21.3,   1.0, 0.100
2025-10-13 10:46:18,        0,  29.6,   1.7,  25.3,  0.404, -0.005,  0.000,5143412.0,  1,  21.3,   1.0, 0.100
2025-10-13 10:46:19,        0,  29.7,   2.1,  25.3,  0.398, -0.005,  0.000,5143406.1,  1,  21.3,   1.0, 0.100
2025-10-13 10:46:20,        0,  29.6,   1.9,  25.3,  0.393, -0.005,  0.000,5143401.1,  1,  21.3,   1.0, 0.100
2025-10-13 10:46:21,        0,  29.6,   1.9,  25.3,  0.388, -0.005,  0.000,5143396.5,  1,  21.3,   1.0, 0.100
2025-10-13 10:46:22,        0,  29.6,   1.7,  25.3,  0.382, -0.005,  0.000,5143391.4,  1,  21.3,   1.0, 0.100
2025-10-13 10:46:23,        0,  29.6,   1.9,  25.3,  0.378, -0.005,  0.000,5143386.4,  1,  21.3,   1.0, 0.100
2025-10-13 10:46:24,        0,  29.6,   1.9,  25.3,  0.371, -0.005,  0.000,5143382.2,  1,  21.3,   1.0, 0.100
2025-10-13 10:46:25,        0,  29.6,   1.9,  25.3,  0.368, -0.005,  0.000,5143377.6,  1,  21.3,   1.0, 0.100
2025-10-13 10:46:26,        0,  29.6,   1.7,  25.3,  0.363, -0.005,  0.000,5143373.4,  1,  21.3,   1.0, 0.100
2025-10-13 10:46:27,        0,  29.6,   1.9,  25.3,  0.357, -0.004,  0.000,5143368.8,  1,  21.3,   1.0, 0.100
2025-10-13 10:46:28,        0,  29.6,   1.9,  25.3,  0.354, -0.005,  0.000,5143362.9,  1,  21.3,   1.0, 0.100
2025-10-13 10:46:29,        0,  29.7,   2.1,  25.3,  0.349, -0.005,  0.000,5143358.3,  1,  21.3,   1.0, 0.100
2025-10-13 10:46:30,        0,  29.6,   1.9,  25.3,  0.345, -0.005,  0.000,5143354.6,  1,  21.3,   1.0, 0.100
2025-10-13 10:46:31,        0,  29.6,   1.9,  25.3,  0.342, -0.005,  0.000,5143350.8,  1,  21.2,   1.0, 0.100
2025-10-13 10:46:32,        0,  29.7,   2.0,  25.3,  0.336, -0.004,  0.000,5143344.9,  1,  21.3,   1.0, 0.100
2025-10-13 10:46:33,        0,  29.6,   1.7,  25.3,  0.333, -0.004,  0.000,5143340.7,  1,  21.3,   1.0, 0.100
2025-10-13 10:46:34,        0,  29.6,   1.9,  25.3,  0.328, -0.004,  0.000,5143337.0,  1,  21.3,   1.0, 0.100
2025-10-13 10:46:35,        0,  29.7,   2.0,  25.3,  0.325, -0.005,  0.000,5143331.9,  1,  21.2,   1.0, 0.100
2025-10-13 10:46:36,        0,  29.6,   1.9,  25.3,  0.320, -0.004,  0.000,5143327.7,  1,  21.3,   1.0, 0.100
2025-10-13 10:46:37,        0,  29.6,   1.7,  25.3,  0.318, -0.004,  0.000,5143323.5,  1,  21.3,   1.0, 0.100
2025-10-13 10:46:38,        0,  29.7,   2.0,  25.3,  0.313, -0.004,  0.000,5143319.8,  1,  21.3,   1.0, 0.100
2025-10-13 10:46:39,        0,  29.6,   1.9,  25.3,  0.310, -0.004,  0.000,5143316.4,  1,  21.3,   1.0, 0.100
2025-10-13 10:46:40,        0,  29.7,   2.0,  25.3,  0.306, -0.004,  0.000,5143311.4,  1,  21.3,   1.0, 0.100
2025-10-13 10:46:41,        0,  29.6,   1.7,  25.3,  0.303, -0.004,  0.000,5143307.6,  1,  21.3,   1.0, 0.100
2025-10-13 10:46:42,        0,  29.6,   1.9,  25.3,  0.301, -0.004,  0.000,5143303.4,  1,  21.3,   1.0, 0.100
2025-10-13 10:46:43,        0,  29.6,   1.9,  25.3,  0.299, -0.004,  0.000,5143300.1,  1,  21.3,   1.0, 0.100
2025-10-13 10:46:44,        0,  29.7,   2.0,  25.3,  0.294, -0.004,  0.000,5143295.5,  1,  21.2,   1.0, 0.100
2025-10-13 10:46:45,        0,  29.5,   1.5,  25.3,  0.291, -0.004,  0.000,5143292.1,  1,  21.3,   1.0, 0.100
2025-10-13 10:46:46,        0,  29.7,   2.1,  25.3,  0.289, -0.004,  0.000,5143288.8,  1,  21.3,   1.0, 0.100
2025-10-13 10:46:47,        0,  29.7,   2.0,  25.3,  0.286, -0.004,  0.000,5143285.4,  1,  21.3,   1.0, 0.100
2025-10-13 10:46:48,        0,  29.6,   1.9,  25.3,  0.284, -0.004,  0.000,5143280.4,  1,  21.3,   1.0, 0.100
2025-10-13 10:46:49,        0,  29.7,   2.0,  25.3,  0.281, -0.003,  0.000,5143276.6,  1,  21.2,   1.0, 0.100
2025-10-13 10:46:50,        0,  29.7,   2.0,  25.3,  0.278, -0.004,  0.000,5143273.2,  1,  21.3,   1.0, 0.100
2025-10-13 10:46:51,        0,  29.7,   2.0,  25.3,  0.276, -0.003,  0.000,5143269.1,  1,  21.3,   1.0, 0.100
2025-10-13 10:46:52,        0,  29.7,   2.0,  25.3,  0.273, -0.004,  0.000,5143264.9,  1,  21.3,   1.0, 0.100
2025-10-13 10:46:53,        0,  29.6,   1.7,  25.3,  0.271, -0.004,  0.000,5143261.1,  1,  21.3,   1.0, 0.100
2025-10-13 10:46:54,        0,  29.7,   2.0,  25.3,  0.269, -0.004,  0.000,5143257.7,  1,  21.3,   1.0, 0.100
2025-10-13 10:46:55,        0,  29.7,   2.2,  25.3,  0.266, -0.003,  0.000,5143254.8,  1,  21.2,   1.0, 0.100
2025-10-13 10:46:56,        0,  29.7,   2.0,  25.3,  0.264, -0.003,  0.000,5143251.0,  1,  21.3,   1.0, 0.100
2025-10-13 10:46:57,        0,  29.7,   2.0,  25.3,  0.261, -0.003,  0.000,5143247.7,  1,  21.3,   1.0, 0.100
2025-10-13 10:46:58,        0,  29.7,   2.0,  25.3,  0.260, -0.004,  0.000,5143243.9,  1,  21.3,   1.0, 0.100
2025-10-13 10:46:59,        0,  29.7,   2.0,  25.3,  0.258, -0.003,  0.000,5143241.0,  1,  21.3,   1.0, 0.100
2025-10-13 10:47:00,        0,  29.7,   2.2,  25.3,  0.256, -0.003,  0.000,5143237.2,  1,  21.3,   1.0, 0.100
2025-10-13 10:47:01,        0,  29.7,   2.0,  25.3,  0.253, -0.004,  0.000,5143234.3,  1,  21.3,   1.0, 0.100
2025-10-13 10:47:02,        0,  29.7,   2.0,  25.3,  0.251, -0.003,  0.000,5143231.3,  1,  21.3,   1.0, 0.100
2025-10-13 10:47:03,        0,  29.6,   1.9,  25.3,  0.249, -0.003,  0.000,5143228.0,  1,  21.3,   1.0, 0.100
2025-10-13 10:47:04,        0,  29.7,   2.2,  25.3,  0.248, -0.003,  0.000,5143224.6,  1,  21.3,   1.0, 0.100
2025-10-13 10:47:05,        0,  29.7,   2.0,  25.3,  0.246, -0.003,  0.000,5143220.9,  1,  21.2,   1.0, 0.100
2025-10-13 10:47:06,        0,  29.7,   2.1,  25.3,  0.244, -0.003,  0.000,5143217.9,  1,  21.3,   1.0, 0.100
2025-10-13 10:47:07,        0,  29.7,   2.2,  25.3,  0.243, -0.004,  0.000,5143214.6,  1,  21.3,   1.0, 0.100
2025-10-13 10:47:08,        0,  29.7,   2.1,  25.3,  0.241, -0.003,  0.000,5143211.6,  1,  21.3,   1.0, 0.100
2025-10-13 10:47:09,        0,  29.7,   2.1,  25.3,  0.239, -0.003,  0.000,5143207.9,  1,  21.3,   1.0, 0.100
2025-10-13 10:47:10,        0,  29.6,   1.9,  25.3,  0.238, -0.003,  0.000,5143205.4,  1,  21.3,   1.0, 0.100
2025-10-13 10:47:11,        0,  29.7,   2.2,  25.3,  0.236, -0.004,  0.000,5143202.0,  1,  21.3,   1.0, 0.100
2025-10-13 10:47:12,        0,  29.7,   2.2,  25.3,  0.235, -0.003,  0.000,5143199.1,  1,  21.3,   1.0, 0.100
2025-10-13 10:47:13,        0,  29.7,   2.2,  25.3,  0.233, -0.003,  0.000,5143194.9,  1,  21.3,   1.0, 0.100
2025-10-13 10:47:14,        0,  29.7,   2.0,  25.3,  0.232, -0.003,  0.000,5143191.9,  1,  21.3,   1.0, 0.100
2025-10-13 10:47:15,        0,  29.7,   2.2,  25.3,  0.231, -0.003,  0.000,5143189.0,  1,  21.3,   1.0, 0.100
2025-10-13 10:47:16,        0,  29.7,   2.2,  25.3,  0.229, -0.003,  0.000,5143186.5,  1,  21.3,   1.0, 0.100
2025-10-13 10:47:17,        0,  29.7,   2.2,  25.3,  0.228, -0.003,  0.000,5143183.1,  1,  21.3,   1.0, 0.100
2025-10-13 10:47:18,        0,  29.7,   2.2,  25.3,  0.226, -0.003,  0.000,5143179.8,  1,  21.3,   1.0, 0.100
2025-10-13 10:47:19,        0,  29.7,   2.0,  25.3,  0.225, -0.003,  0.000,5143176.4,  1,  21.3,   1.0, 0.100
2025-10-13 10:47:20,        0,  29.7,   2.0,  25.3,  0.224, -0.003,  0.000,5143173.5,  1,  21.3,   1.0, 0.100
2025-10-13 10:47:21,        0,  29.7,   2.2,  25.3,  0.223, -0.003,  0.000,5143171.0,  1,  21.3,   1.0, 0.100
2025-10-13 10:47:22,        0,  29.7,   2.1,  25.3,  0.221, -0.003,  0.000,5143167.6,  1,  21.3,   1.0, 0.100
2025-10-13 10:47:23,        0,  29.6,   1.9,  25.3,  0.220, -0.003,  0.000,5143163.9,  1,  21.3,   1.0, 0.100
2025-10-13 10:47:24,        0,  29.7,   2.0,  25.3,  0.219, -0.003,  0.000,5143161.8,  1,  21.3,   1.0, 0.100
2025-10-13 10:47:25,        0,  29.7,   2.2,  25.3,  0.218, -0.003,  0.000,5143158.0,  1,  21.3,   1.0, 0.100
2025-10-13 10:47:26,        0,  29.7,   2.2,  25.3,  0.217, -0.003,  0.000,5143154.6,  1,  21.3,   1.0, 0.100
2025-10-13 10:47:27,        0,  29.7,   2.2,  25.3,  0.216, -0.003,  0.000,5143151.7,  1,  21.3,   1.0, 0.100
2025-10-13 10:47:28,        0,  29.7,   2.2,  25.3,  0.215, -0.003,  0.000,5143148.8,  1,  21.3,   1.0, 0.100
2025-10-13 10:47:29,        0,  29.7,   2.1,  25.3,  0.214, -0.003,  0.000,5143145.4,  1,  21.3,   1.0, 0.100
2025-10-13 10:47:30,        0,  29.8,   2.4,  25.3,  0.213, -0.003,  0.000,5143143.3,  1,  21.3,   1.0, 0.100
2025-10-13 10:47:31,        0,  29.7,   2.2,  25.3,  0.212, -0.003,  0.000,5143140.0,  1,  21.3,   1.0, 0.100
2025-10-13 10:47:32,        0,  29.8,   2.4,  25.3,  0.210, -0.003,  0.000,5143137.5,  1,  21.3,   1.0, 0.100
2025-10-13 10:47:33,        0,  29.8,   2.4,  25.3,  0.210, -0.003,  0.000,5143134.1,  1,  21.3,   1.0, 0.100
2025-10-13 10:47:34,        0,  29.7,   2.2,  25.3,  0.209, -0.003,  0.000,5143131.6,  1,  21.3,   1.0, 0.100
2025-10-13 10:47:35,        0,  29.7,   2.2,  25.3,  0.208, -0.003,  0.000,5143128.2,  1,  21.3,   1.0, 0.100
2025-10-13 10:47:36,        0,  29.7,   2.2,  25.3,  0.207, -0.003,  0.000,5143125.7,  1,  21.3,   1.0, 0.100
2025-10-13 10:47:37,        0,  29.7,   2.2,  25.3,  0.206, -0.003,  0.000,5143122.8,  1,  21.3,   1.0, 0.100
2025-10-13 10:47:38,        0,  29.8,   2.4,  25.3,  0.205, -0.003,  0.000,5143120.3,  1,  21.3,   1.0, 0.100
2025-10-13 10:47:39,        0,  29.8,   2.4,  25.3,  0.205, -0.003,  0.000,5143116.9,  1,  21.3,   1.0, 0.100
2025-10-13 10:47:40,        0,  29.7,   2.2,  25.3,  0.204, -0.003,  0.000,5143114.4,  1,  21.3,   1.0, 0.100
2025-10-13 10:47:41,        0,  29.7,   2.2,  25.3,  0.202, -0.003,  0.000,5143111.1,  1,  21.3,   1.0, 0.100
2025-10-13 10:47:42,        0,  29.7,   2.2,  25.3,  0.202, -0.003,  0.000,5143109.0,  1,  21.3,   1.0, 0.100
2025-10-13 10:47:43,        0,  29.7,   2.1,  25.3,  0.202, -0.003,  0.000,5143106.4,  1,  21.3,   1.0, 0.100
2025-10-13 10:47:44,        0,  29.8,   2.4,  25.3,  0.201, -0.003,  0.000,5143103.1,  1,  21.3,   1.0, 0.100
2025-10-13 10:47:45,        0,  29.8,   2.4,  25.3,  0.200, -0.003,  0.000,5143100.2,  1,  21.3,   1.0, 0.100
2025-10-13 10:47:46,        0,  29.8,   2.4,  25.3,  0.200, -0.003,  0.000,5143097.2,  1,  21.3,   1.0, 0.100
2025-10-13 10:47:47,        0,  29.7,   2.2,  25.3,  0.198, -0.003,  0.000,5143095.1,  1,  21.3,   1.0, 0.100
2025-10-13 10:47:48,        0,  29.7,   2.2,  25.3,  0.198, -0.003,  0.000,5143091.8,  1,  21.3,   1.0, 0.100
2025-10-13 10:47:49,        0,  29.7,   2.2,  25.3,  0.198, -0.003,  0.000,5143088.8,  1,  21.3,   1.0, 0.100
2025-10-13 10:47:50,        0,  29.8,   2.4,  25.3,  0.197, -0.003,  0.000,5143085.9,  1,  21.3,   1.0, 0.100
2025-10-13 10:47:51,        0,  29.7,   2.2,  25.3,  0.196, -0.003,  0.000,5143083.4,  1,  21.3,   0.9, 0.100
2025-10-13 10:47:52,        0,  29.7,   2.2,  25.3,  0.195, -0.002,  0.000,5143081.7,  1,  21.3,   1.0, 0.100
2025-10-13 10:47:53,        0,  29.8,   2.4,  25.3,  0.195, -0.003,  0.000,5143078.0,  1,  21.3,   1.0, 0.100
2025-10-13 10:47:54,        0,  29.7,   2.2,  25.3,  0.194, -0.003,  0.000,5143075.9,  1,  21.3,   1.0, 0.100
2025-10-13 10:47:55,        0,  29.9,   2.6,  25.3,  0.194, -0.002,  0.000,5143072.9,  1,  21.3,   1.0, 0.100
2025-10-13 10:47:56,        0,  29.8,   2.4,  25.3,  0.193, -0.003,  0.000,5143070.4,  1,  21.2,   1.0, 0.100
2025-10-13 10:47:57,        0,  29.9,   2.6,  25.3,  0.192, -0.002,  0.000,5143067.5,  1,  21.3,   1.0, 0.100
2025-10-13 10:47:58,        0,  29.8,   2.4,  25.3,  0.192, -0.002,  0.000,5143064.5,  1,  21.3,   1.0, 0.100
2025-10-13 10:47:59,        0,  29.9,   2.6,  25.3,  0.191, -0.003,  0.000,5143062.4,  1,  21.3,   1.0, 0.100
2025-10-13 10:48:00,        0,  29.7,   2.2,  25.3,  0.190, -0.003,  0.000,5143059.9,  1,  21.3,   1.0, 0.100
2025-10-13 10:48:01,        0,  29.8,   2.4,  25.3,  0.190, -0.003,  0.000,5143056.6,  1,  21.3,   1.0, 0.100
2025-10-13 10:48:02,        0,  29.9,   2.6,  25.3,  0.189, -0.003,  0.000,5143054.1,  1,  21.3,   1.0, 0.100
2025-10-13 10:48:03,        0,  29.8,   2.4,  25.3,  0.188, -0.002,  0.000,5143051.5,  1,  21.3,   1.0, 0.100
2025-10-13 10:48:04,        0,  29.9,   2.6,  25.3,  0.188, -0.002,  0.000,5143049.0,  1,  21.3,   1.0, 0.100
2025-10-13 10:48:05,        0,  29.9,   2.6,  25.3,  0.188, -0.003,  0.000,5143046.1,  1,  21.3,   1.0, 0.100
2025-10-13 10:48:06,        0,  29.9,   2.6,  25.3,  0.187, -0.003,  0.000,5143043.6,  1,  21.3,   1.0, 0.100
2025-10-13 10:48:07,        0,  29.9,   2.6,  25.3,  0.187, -0.003,  0.000,5143040.7,  1,  21.3,   1.0, 0.100
2025-10-13 10:48:08,        0,  29.9,   2.6,  25.3,  0.187, -0.003,  0.000,5143037.7,  1,  21.3,   1.0, 0.100
2025-10-13 10:48:09,        0,  29.9,   2.6,  25.3,  0.186, -0.002,  0.000,5143036.0,  1,  21.3,   1.0, 0.100
2025-10-13 10:48:10,        0,  29.9,   2.6,  25.3,  0.186, -0.003,  0.000,5143032.3,  1,  21.3,   1.0, 0.100
2025-10-13 10:48:11,        0,  29.8,   2.4,  25.3,  0.185, -0.003,  0.000,5143030.2,  1,  21.3,   1.0, 0.100
2025-10-13 10:48:12,        0,  29.9,   2.6,  25.3,  0.184, -0.002,  0.000,5143027.7,  1,  21.3,   1.0, 0.100
2025-10-13 10:48:13,        0,  29.8,   2.4,  25.3,  0.185, -0.002,  0.000,5143025.6,  1,  21.3,   1.0, 0.100
2025-10-13 10:48:14,        0,  29.9,   2.6,  25.3,  0.184, -0.003,  0.000,5143022.2,  1,  21.3,   1.0, 0.100
2025-10-13 10:48:15,        0,  29.9,   2.6,  25.3,  0.183, -0.003,  0.000,5143019.7,  1,  21.2,   1.0, 0.100
2025-10-13 10:48:16,        0,  29.8,   2.4,  25.3,  0.183, -0.003,  0.000,5143016.3,  1,  21.3,   1.0, 0.100
2025-10-13 10:48:17,        0,  29.9,   2.6,  25.3,  0.183, -0.002,  0.000,5143013.8,  1,  21.2,   1.0, 0.100
2025-10-13 10:48:18,        0,  29.9,   2.6,  25.2,  0.182, -0.003,  0.000,5143011.7,  1,  21.3,   1.0, 0.100
2025-10-13 10:48:19,        0,  29.8,   2.4,  25.3,  0.182, -0.003,  0.000,5143008.4,  1,  21.2,   1.0, 0.100
2025-10-13 10:48:20,        0,  29.9,   2.6,  25.3,  0.181, -0.002,  0.000,5143005.9,  1,  21.3,   1.0, 0.100
2025-10-13 10:48:21,        0,  29.8,   2.4,  25.3,  0.181, -0.003,  0.000,5143003.4,  1,  21.3,   1.0, 0.100
2025-10-13 10:48:22,        0,  29.9,   2.6,  25.3,  0.181, -0.003,  0.000,5143001.7,  1,  21.3,   1.0, 0.100
2025-10-13 10:48:23,        0,  29.9,   2.6,  25.3,  0.181, -0.003,  0.000,5142997.9,  1,  21.3,   1.0, 0.100
2025-10-13 10:48:24,        0,  29.9,   2.6,  25.3,  0.180, -0.003,  0.000,5142995.8,  1,  21.3,   1.0, 0.100
