Time, Cnts,  %T, set_Cell[mA], Cell[°C], Cell[Volt], Cell[mA], Cell[W], Cell[uAs], Cell_ON, Env[°C], TEC[°C], N2Flow[slpm]
2025-11-11 09:39:35,        0,  29.3,   1.0,  25.3,  0.218,  0.000,  0.000,      0.0,  1,  22.1,   0.8, 0.100
2025-11-11 09:39:36,        0,  29.4,   1.1,  25.4,  0.200,  0.000,  0.000,      0.3,  1,  22.1,   0.9, 0.100
2025-11-11 09:39:37,        0,  29.4,   1.1,  25.3,  0.177, -0.000,  0.000,      0.3,  1,  22.1,   0.8, 0.100
2025-11-11 09:39:38,        0,  29.4,   1.3,  25.4,  0.165, -0.001,  0.000,      0.0,  1,  22.2,   0.9, 0.100
2025-11-11 09:39:39,        0,  29.4,   1.1,  25.4,  0.151, -0.001,  0.000,     -0.6,  1,  22.2,   0.9, 0.100
2025-11-11 09:39:40,        0,  29.5,   1.5,  25.4,  0.144, -0.001,  0.000,     -1.1,  1,  22.2,   0.9, 0.100
2025-11-11 09:39:41,        0,  29.4,   1.3,  25.4,  0.134, -0.001,  0.000,     -1.7,  1,  22.1,   0.9, 0.100
2025-11-11 09:39:42,        0,  29.5,   1.5,  25.4,  0.129, -0.001,  0.000,     -2.3,  1,  22.2,   0.8, 0.100
2025-11-11 09:39:43,        0,  29.4,   1.3,  25.4,  0.122, -0.001,  0.000,     -3.4,  1,  22.1,   0.8, 0.100
2025-11-11 09:39:44,        0,  29.5,   1.5,  25.4,  0.119, -0.001,  0.000,     -4.3,  1,  22.2,   0.8, 0.100
2025-11-11 09:39:45,        0,  29.5,   1.5,  25.4,  0.117, -0.001,  0.000,     -5.1,  1,  22.2,   0.8, 0.100
2025-11-11 09:39:46,        0,  29.5,   1.5,  25.4,  0.112, -0.001,  0.000,     -6.3,  1,  22.1,   0.8, 0.100
2025-11-11 09:39:47,        0,  29.5,   1.6,  25.4,  0.110, -0.001,  0.000,     -7.4,  1,  22.2,   0.8, 0.100
2025-11-11 09:39:48,        0,  29.5,   1.6,  25.4,  0.107, -0.001,  0.000,     -8.6,  1,  22.1,   0.9, 0.100
2025-11-11 09:39:49,        0,  29.5,   1.6,  25.4,  0.105, -0.001,  0.000,     -9.7,  1,  22.1,   0.8, 0.100
2025-11-11 09:39:50,        0,  29.4,   1.3,  25.5,  0.103, -0.001,  0.000,    -10.9,  1,  22.2,   0.8, 0.100
2025-11-11 09:39:51,        0,  29.5,   1.6,  25.4,  0.101, -0.001,  0.000,    -12.3,  1,  22.1,   0.9, 0.100
2025-11-11 09:39:52,        0,  29.6,   1.8,  25.4,  0.100, -0.001,  0.000,    -13.4,  1,  22.2,   0.9, 0.100
2025-11-11 09:39:53,        0,  29.7,   2.0,  25.4,  0.098, -0.001,  0.000,    -14.6,  1,  22.1,   0.9, 0.100
2025-11-11 09:39:54,        0,  29.7,   2.0,  25.4,  0.097, -0.001,  0.000,    -15.7,  1,  22.2,   0.9, 0.100
2025-11-11 09:39:55,        0,  30.2,   3.6,  25.4,  1.257,  0.958,  0.005,    884.3,  1,  22.1,   0.9, 0.100
2025-11-11 09:39:56,        0,  30.5,   4.6,  25.4,  7.376,  5.415,  0.040,   6013.9,  1,  22.2,   0.9, 0.100
2025-11-11 09:39:57,        0,  30.6,   4.8,  25.4,  8.644,  6.621,  0.057,  12145.3,  1,  22.2,   0.9, 0.100
2025-11-11 09:39:58,        0,  30.2,   3.6,  25.4,  7.243,  5.306,  0.039,  17792.7,  1,  22.1,   0.9, 0.100
2025-11-11 09:39:59,        0,  32.0,   9.1,  25.3, 12.404, 10.196,  0.129,  28278.9,  1,  22.1,   0.9, 0.101
2025-11-11 09:40:00,        0,  32.7,  11.1,  25.4, 14.252, 11.975,  0.171,  39458.9,  1,  22.2,   0.9, 0.095
2025-11-11 09:40:01,        0,  34.4,  16.1,  25.4, 13.946, 11.689,  0.164,  51776.5,  1,  22.1,   0.9, 0.096
2025-11-11 09:40:02,        0,  36.4,  22.3,  25.3, 22.730, 20.119,  0.458,  71509.0,  1,  22.1,   0.9, 0.098
2025-11-11 09:40:03,        0,  36.6,  22.9,  25.3, 25.547, 22.943,  0.589,  98823.2,  1,  22.1,   0.9, 0.098
2025-11-11 09:40:04,        0,  35.0,  18.1,  25.3, 24.821, 20.473,  0.469, 119740.7,  1,  22.1,   0.9, 0.099
2025-11-11 09:40:05,        0,  37.5,  25.6,  25.3, 34.092, 31.428,  1.073, 146116.2,  1,  22.0,   0.9, 0.099
2025-11-11 09:40:06,        0,  39.9,  32.6,  25.3, 38.128, 35.569,  1.357, 178148.2,  1,  22.1,   0.9, 0.099
2025-11-11 09:40:07,        0,  42.4,  40.1,  25.3, 39.904, 37.706,  1.506, 220760.8,  1,  22.1,   0.9, 0.099
2025-11-11 09:40:08,        0,  40.9,  35.6,  25.3, 40.903, 39.001,  1.598, 258052.0,  1,  22.1,   1.0, 0.099
2025-11-11 09:40:09,        0,  41.8,  38.3,  25.3, 38.630, 36.956,  1.432, 293238.6,  1,  22.1,   0.9, 0.099
2025-11-11 09:40:10,        0,  44.0,  44.9,  25.3, 47.113, 45.840,  2.163, 335796.8,  1,  22.1,   1.0, 0.099
2025-11-11 09:40:11,        0,  40.7,  35.0,  25.3, 44.127, 43.233,  1.911, 387156.5,  1,  22.1,   1.0, 0.099
2025-11-11 09:40:12,        0,  41.1,  36.3,  25.3, 57.341, 57.132,  3.289, 434755.1,  1,  22.1,   0.9, 0.099
2025-11-11 09:40:13,        0,  42.5,  40.4,  25.3, 45.392, 45.035,  2.047, 475847.1,  1,  22.1,   1.0, 0.099
2025-11-11 09:40:14,        0,  43.5,  43.4,  25.4, 50.339, 50.496,  2.544, 522378.2,  1,  22.1,   0.9, 0.099
2025-11-11 09:40:15,        0,  47.2,  54.6,  25.5, 52.637, 53.217,  2.811, 583639.3,  1,  22.2,   1.0, 0.101
2025-11-11 09:40:16,        0,  44.9,  47.7,  25.4, 52.522, 53.673,  2.824, 639020.9,  1,  22.1,   1.0, 0.105
2025-11-11 09:40:17,        0,  42.5,  40.6,  25.4, 50.403, 51.537,  2.599, 688993.9,  1,  22.1,   0.9, 0.105
2025-11-11 09:40:18,        0,  43.3,  43.0,  25.4, 57.962, 59.784,  3.503, 742222.9,  1,  22.1,   1.0, 0.103
2025-11-11 09:40:19,        0,  45.9,  50.8,  25.4, 53.448, 55.433,  2.963, 792365.2,  1,  22.1,   1.0, 0.101
2025-11-11 09:40:20,        0,  40.1,  33.3,  25.4, 42.072, 43.287,  1.822, 847270.5,  1,  22.1,   0.9, 0.100
2025-11-11 09:40:21,        0,  39.9,  32.8,  25.4, 54.962, 57.174,  3.144, 894170.1,  1,  22.1,   0.9, 0.100
2025-11-11 09:40:22,        0,  40.4,  34.3,  25.4, 39.534, 40.488,  1.605, 931450.6,  1,  22.1,   0.9, 0.100
2025-11-11 09:40:23,        0,  41.3,  36.9,  25.5, 28.137, 28.079,  0.826, 963169.2,  1,  22.1,   0.9, 0.100
2025-11-11 09:40:24,        0,  38.2,  27.7,  25.4, 27.068, 26.749,  0.734, 997525.8,  1,  22.1,   1.0, 0.100
2025-11-11 09:40:25,        0,  37.8,  26.5,  25.4, 29.264, 28.895,  0.848,1026547.7,  1,  22.0,   1.0, 0.100
2025-11-11 09:40:26,        0,  36.7,  23.1,  25.4, 33.824, 33.522,  1.135,1057404.4,  1,  22.1,   1.0, 0.100
2025-11-11 09:40:27,        0,  41.1,  36.4,  25.5, 36.605, 36.296,  1.337,1090048.1,  1,  22.1,   1.0, 0.100
2025-11-11 09:40:28,        0,  39.5,  31.5,  25.5, 29.407, 28.671,  0.844,1128556.8,  1,  22.0,   1.0, 0.100
2025-11-11 09:40:29,        0,  39.8,  32.5,  25.5, 44.100, 44.106,  1.949,1168325.9,  1,  22.1,   1.0, 0.100
2025-11-11 09:40:30,        0,  38.9,  29.7,  25.5, 35.313, 34.989,  1.237,1200526.5,  1,  22.1,   1.0, 0.100
2025-11-11 09:40:31,        0,  40.2,  33.5,  25.4, 38.390, 38.163,  1.467,1234793.2,  1,  22.0,   1.0, 0.100
2025-11-11 09:40:32,        0,  41.1,  36.3,  25.4, 38.433, 38.177,  1.468,1277153.0,  1,  22.1,   1.0, 0.100
2025-11-11 09:40:33,        0,  35.8,  20.3,  25.4, 39.731, 39.569,  1.576,1313930.5,  1,  22.1,   1.0, 0.100
2025-11-11 09:40:34,        0,  36.6,  22.7,  25.5, 30.601, 29.917,  0.917,1341529.4,  1,  22.1,   1.0, 0.100
2025-11-11 09:40:35,        0,  38.8,  29.5,  25.5, 32.462, 31.841,  1.047,1371952.4,  1,  22.0,   1.0, 0.100
2025-11-11 09:40:36,        0,  38.4,  28.2,  25.4, 30.574, 29.816,  0.915,1406543.8,  1,  22.0,   1.0, 0.100
2025-11-11 09:40:37,        0,  33.4,  13.3,  25.5, 25.914, 24.858,  0.647,1432414.4,  1,  22.1,   1.0, 0.100
2025-11-11 09:40:38,        0,  38.2,  27.7,  25.5, 29.223, 28.172,  0.835,1455465.6,  1,  22.1,   1.0, 0.100
2025-11-11 09:40:39,        0,  39.6,  31.7,  25.4, 38.065, 37.323,  1.422,1489866.8,  1,  22.1,   1.0, 0.100
2025-11-11 09:40:40,        0,  41.0,  35.9,  25.4, 34.532, 33.762,  1.169,1529796.8,  1,  22.0,   1.0, 0.100
2025-11-11 09:40:41,        0,  37.9,  26.7,  25.5, 37.025, 36.413,  1.353,1563111.1,  1,  22.1,   1.0, 0.100
2025-11-11 09:40:42,        0,  40.2,  33.6,  25.5, 39.076, 38.535,  1.511,1597193.0,  1,  22.1,   1.0, 0.100
2025-11-11 09:40:43,        0,  41.9,  38.6,  25.5, 32.853, 32.047,  1.061,1630231.9,  1,  22.1,   1.0, 0.100
2025-11-11 09:40:44,        0,  38.9,  29.7,  25.5, 38.797, 38.238,  1.488,1672402.0,  1,  22.1,   1.0, 0.100
2025-11-11 09:40:45,        0,  37.2,  24.7,  25.5, 36.908, 36.335,  1.350,1705470.2,  1,  22.1,   0.9, 0.100
2025-11-11 09:40:46,        0,  42.1,  39.4,  25.5, 33.555, 32.820,  1.107,1736525.4,  1,  22.0,   0.9, 0.100
2025-11-11 09:40:47,        0,  40.8,  35.5,  25.5, 41.828, 41.573,  1.739,1777061.8,  1,  22.1,   0.9, 0.100
2025-11-11 09:40:48,        0,  40.2,  33.6,  25.5, 40.425, 40.182,  1.640,1823340.5,  1,  22.1,   0.9, 0.100
2025-11-11 09:40:49,        0,  43.6,  43.7,  25.5, 39.993, 39.695,  1.594,1860587.2,  1,  22.1,   0.9, 0.100
2025-11-11 09:40:50,        0,  39.7,  32.0,  25.5, 48.931, 49.323,  2.417,1906459.1,  1,  22.1,   0.9, 0.100
2025-11-11 09:40:51,        0,  41.0,  36.1,  25.5, 41.979, 42.104,  1.794,1949947.7,  1,  22.1,   0.9, 0.100
2025-11-11 09:40:52,        0,  42.6,  40.7,  25.5, 39.180, 39.382,  1.547,1988773.5,  1,  22.1,   0.8, 0.100
2025-11-11 09:40:53,        0,  47.0,  53.9,  25.5, 43.582, 44.012,  1.924,2041815.7,  1,  22.0,   0.9, 0.100
2025-11-11 09:40:54,        0,  44.1,  45.2,  25.5, 46.995, 47.966,  2.255,2091408.9,  1,  22.1,   0.8, 0.100
2025-11-11 09:40:55,        0,  46.0,  51.1,  25.5, 52.560, 54.091,  2.844,2142448.0,  1,  22.1,   0.9, 0.100
2025-11-11 09:40:56,        0,  46.8,  53.3,  25.5, 45.602, 46.797,  2.187,2192439.5,  1,  22.1,   0.9, 0.100
2025-11-11 09:40:57,        0,  48.0,  56.9,  25.5, 47.296, 48.908,  2.319,2250815.1,  1,  22.1,   0.9, 0.100
2025-11-11 09:40:58,        0,  43.3,  42.9,  25.5, 47.642, 49.798,  2.382,2305069.5,  1,  22.1,   0.9, 0.100
2025-11-11 09:40:59,        0,  42.9,  41.6,  25.5, 46.298, 48.309,  2.248,2350360.9,  1,  22.1,   0.9, 0.100
2025-11-11 09:41:00,        0,  42.8,  41.4,  25.5,106745.037, 54.466,  2.847,2398877.2,  1,  22.1,   0.9, 0.100
2025-11-11 09:41:01,        0,  43.7,  44.0,  25.5, 49.823, 52.107,  2.597,2457224.7,  1,  22.1,   0.8, 0.100
2025-11-11 09:41:02,        0,  44.8,  47.5,  25.5, 53.136, 55.764,  2.973,2506730.5,  1,  22.0,   0.9, 0.100
2025-11-11 09:41:03,        0,  42.5,  40.4,  25.5, 45.383, 47.296,  2.152,2554892.1,  1,  22.1,   0.9, 0.100
2025-11-11 09:41:04,        0,  45.5,  49.5,  25.5, 59.295, 62.690,  3.724,2607863.6,  1,  22.1,   0.9, 0.100
2025-11-11 09:41:05,        0,  49.9,  62.7,  25.6, 49.299, 51.985,  2.579,2673467.1,  1,  22.1,   0.8, 0.100
2025-11-11 09:41:06,        0,  45.2,  48.7,  25.5, 47.010, 49.639,  2.344,2724853.8,  1,  22.1,   0.9, 0.100
2025-11-11 09:41:07,        0,  43.1,  42.2,  25.5, 61.416, 65.542,  4.039,2782284.5,  1,  22.1,   0.9, 0.100
2025-11-11 09:41:08,        0,  47.0,  54.1,  25.5, 56.814, 60.489,  3.439,2834317.7,  1,  22.0,   0.9, 0.100
2025-11-11 09:41:09,        0,  49.6,  61.7,  25.5, 55.707, 59.529,  3.319,2903851.9,  1,  22.1,   0.9, 0.100
2025-11-11 09:41:10,        0,  48.7,  59.2,  25.5, 52.058, 55.833,  2.956,2960669.0,  1,  22.1,   0.9, 0.100
2025-11-11 09:41:11,        0,  45.4,  49.2,  25.6, 48.777, 52.298,  2.564,3013786.6,  1,  22.0,   0.9, 0.100
2025-11-11 09:41:12,        0,  48.3,  57.9,  25.5, 42.183, 44.696,  1.907,3062761.9,  1,  22.1,   0.9, 0.100
2025-11-11 09:41:13,        0,  47.3,  54.8,  25.5, 47.145, 50.218,  2.394,3126595.3,  1,  22.0,   0.9, 0.100
2025-11-11 09:41:14,        0,  44.7,  47.2,  25.6, 52.841, 56.614,  2.999,3177693.7,  1,  22.1,   0.9, 0.100
2025-11-11 09:41:15,        0,  47.9,  56.6,  25.6, 53.343, 57.116,  3.047,3231045.3,  1,  22.1,   0.9, 0.100
2025-11-11 09:41:16,        0,  40.5,  34.5,  25.6, 45.441, 48.380,  2.208,3283306.3,  1,  22.1,   0.9, 0.100
2025-11-11 09:41:17,        0,  42.8,  41.4,  25.6, 44.739, 47.327,  2.118,3334458.1,  1,  22.0,   0.9, 0.100
2025-11-11 09:41:18,        0,  43.1,  42.2,  25.6, 44.500, 47.039,  2.102,3378305.5,  1,  22.1,   0.9, 0.100
2025-11-11 09:41:19,        0,  43.8,  44.5,  25.6, 45.382, 47.974,  2.186,3425904.5,  1,  22.1,   0.9, 0.100
2025-11-11 09:41:20,        0,  42.2,  39.7,  25.7, 42.544, 44.795,  1.923,3469286.3,  1,  22.0,   0.9, 0.100
2025-11-11 09:41:21,        0,  40.9,  35.6,  25.7, 41.707, 43.792,  1.826,3511237.3,  1,  22.1,   0.8, 0.100
2025-11-11 09:41:22,        0,  43.1,  42.2,  25.7, 45.038, 47.086,  2.178,3559379.0,  1,  22.1,   0.9, 0.100
2025-11-11 09:41:23,        0,  42.1,  39.2,  25.7, 45.995, 48.150,  2.225,3602068.8,  1,  22.1,   0.8, 0.100
2025-11-11 09:41:24,        0,  40.6,  34.8,  25.6, 42.690, 44.423,  1.897,3642226.5,  1,  22.1,   0.8, 0.100
2025-11-11 09:41:25,        0,  44.3,  45.9,  25.7, 42.670, 44.186,  1.885,3683056.0,  1,  22.0,   0.8, 0.100
2025-11-11 09:41:26,        0,  41.2,  36.6,  25.7, 47.580, 49.780,  2.370,3739477.6,  1,  22.1,   0.8, 0.100
2025-11-11 09:41:27,        0,  41.8,  38.4,  25.7, 34.091, 34.988,  1.194,3774962.8,  1,  22.1,   0.8, 0.100
2025-11-11 09:41:28,        0,  40.5,  34.5,  25.7, 39.407, 40.667,  1.604,3808876.4,  1,  22.1,   0.8, 0.100
2025-11-11 09:41:29,        0,  42.9,  41.7,  25.7, 37.115, 41.904,  1.714,3846465.0,  1,  22.1,   0.8, 0.100
2025-11-11 09:41:30,        0,  40.8,  35.3,  25.7, 45.087, 46.522,  2.101,3898572.4,  1,  22.1,   0.8, 0.100
2025-11-11 09:41:31,        0,  44.1,  45.2,  25.7, 34.008, 34.476,  1.178,3933964.5,  1,  22.1,   0.8, 0.100
2025-11-11 09:41:32,        0,  38.3,  28.0,  25.7, 36.893, 37.590,  1.417,3973015.0,  1,  22.1,   0.8, 0.100
2025-11-11 09:41:33,        0,  39.6,  31.7,  25.7, 34.453, 34.787,  1.203,4005248.4,  1,  22.0,   0.8, 0.100
2025-11-11 09:41:34,        0,  39.7,  32.0,  25.7, 39.034, 39.657,  1.549,4050574.8,  1,  22.1,   0.9, 0.100
2025-11-11 09:41:35,        0,  39.6,  31.8,  25.7, 31.333, 31.351,  0.992,4082798.6,  1,  22.1,   0.9, 0.100
2025-11-11 09:41:36,        0,  38.1,  27.4,  25.7, 41.544, 42.028,  1.756,4119391.1,  1,  22.1,   0.9, 0.100
2025-11-11 09:41:37,        0,  39.4,  31.3,  25.8, 28.917, 28.520,  0.840,4148188.8,  1,  22.1,   0.9, 0.100
2025-11-11 09:41:38,        0,  40.4,  34.1,  25.7, 39.593, 39.800,  1.579,4185150.1,  1,  22.1,   0.9, 0.100
2025-11-11 09:41:39,        0,  34.4,  16.3,  25.8, 23.987, 23.298,  0.604,4218117.8,  1,  22.0,   0.9, 0.100
2025-11-11 09:41:40,        0,  40.1,  33.3,  25.7, 23.884, 22.934,  0.554,4243569.4,  1,  22.0,   0.9, 0.100
2025-11-11 09:41:41,        0,  39.4,  31.3,  25.8, 34.354, 33.966,  1.167,4276783.5,  1,  22.1,   0.9, 0.100
2025-11-11 09:41:42,        0,  37.1,  24.2,  25.8, 26.997, 26.242,  0.730,4304587.6,  1,  22.1,   1.0, 0.100
2025-11-11 09:41:43,        0,  36.4,  22.3,  25.7, 36.582, 36.185,  1.326,4342533.7,  1,  22.0,   1.0, 0.100
2025-11-11 09:41:44,        0,  33.9,  14.8,  25.8, 30.688, 29.967,  0.927,4370433.7,  1,  22.0,   1.0, 0.100
2025-11-11 09:41:45,        0,  33.3,  12.8,  25.7, 22.608, 21.472,  0.493,4390531.0,  1,  22.0,   1.0, 0.100
2025-11-11 09:41:46,        0,  37.1,  24.2,  25.8, 19.429, 18.047,  0.375,4408727.3,  1,  22.1,   1.0, 0.100
2025-11-11 09:41:47,        0,  35.5,  19.6,  25.7, 25.504, 24.266,  0.620,4438131.8,  1,  22.0,   1.0, 0.100
2025-11-11 09:41:48,        0,  35.8,  20.4,  25.8, 25.987, 24.746,  0.657,4461570.1,  1,  22.1,   0.9, 0.100
2025-11-11 09:41:49,        0,  36.5,  22.4,  25.8, 28.032, 26.814,  0.753,4485829.9,  1,  22.0,   1.0, 0.100
2025-11-11 09:41:50,        0,  34.4,  16.1,  25.7, 24.535, 23.144,  0.570,4508859.6,  1,  22.1,   1.0, 0.100
2025-11-11 09:41:51,        0,  36.7,  23.1,  25.8, 26.915, 25.533,  0.693,4536110.0,  1,  22.1,   1.0, 0.100
2025-11-11 09:41:52,        0,  34.5,  16.6,  25.8, 29.674, 28.345,  0.842,4561332.4,  1,  22.0,   1.0, 0.100
2025-11-11 09:41:53,        0,  34.7,  17.1,  25.8, 25.211, 23.784,  0.607,4582192.8,  1,  22.1,   0.9, 0.100
2025-11-11 09:41:54,        0,  34.4,  16.1,  25.8, 19.915, 18.318,  0.369,4601203.0,  1,  22.1,   0.9, 0.100
2025-11-11 09:41:55,        0,  34.4,  16.3,  25.8, 22.993, 21.405,  0.492,4620754.2,  1,  22.0,   0.9, 0.100
2025-11-11 09:41:56,        0,  34.8,  17.5,  25.8, 22.701, 21.072,  0.479,4643730.7,  1,  22.1,   0.9, 0.100
2025-11-11 09:41:57,        0,  34.9,  17.8,  25.8, 21.198, 19.481,  0.417,4662579.9,  1,  22.0,   0.9, 0.100
2025-11-11 09:41:58,        0,  34.9,  17.6,  25.8, 21.627, 19.913,  0.437,4681147.1,  1,  22.1,   0.9, 0.100
2025-11-11 09:41:59,        0,  33.7,  14.2,  25.8, 20.146, 18.391,  0.371,4698862.6,  1,  22.0,   0.9, 0.100
2025-11-11 09:42:00,        0,  35.2,  18.6,  25.8, 20.338, 18.521,  0.378,4718531.6,  1,  22.0,   0.9, 0.100
2025-11-11 09:42:01,        0,  32.8,  11.4,  25.8, 18.023, 16.211,  0.304,4736434.9,  1,  22.0,   0.9, 0.100
2025-11-11 09:42:02,        0,  33.1,  12.3,  25.8, 18.351, 16.491,  0.304,4751523.2,  1,  22.1,   0.8, 0.100
2025-11-11 09:42:03,        0,  33.9,  14.7,  25.8, 19.122, 17.217,  0.333,4766691.5,  1,  22.1,   0.8, 0.100
2025-11-11 09:42:04,        0,  33.4,  13.3,  25.8, 18.089, 16.156,  0.293,4783018.6,  1,  22.1,   0.8, 0.100
2025-11-11 09:42:05,        0,  32.9,  11.7,  25.8, 14.275, 12.308,  0.177,4798387.7,  1,  22.0,   0.9, 0.100
2025-11-11 09:42:06,        0,  32.4,  10.3,  25.8, 18.731, 16.706,  0.317,4812660.8,  1,  22.1,   0.8, 0.100
2025-11-11 09:42:07,        0,  32.5,  10.5,  25.8, 14.514, 12.500,  0.183,4824836.8,  1,  22.1,   0.8, 0.100
2025-11-11 09:42:08,        0,  34.6,  16.8,  25.8, 15.779, 13.726,  0.217,4838414.6,  1,  22.0,   0.9, 0.100
2025-11-11 09:42:09,        0,  34.4,  16.3,  25.8, 15.418, 13.374,  0.207,4855956.3,  1,  22.0,   0.9, 0.100
2025-11-11 09:42:10,        0,  31.9,   8.7,  25.8, 17.056, 15.001,  0.259,4869920.1,  1,  22.1,   0.9, 0.100
2025-11-11 09:42:11,        0,  33.9,  14.7,  25.8, 19.107, 16.981,  0.326,4883358.8,  1,  22.0,   0.9, 0.100
2025-11-11 09:42:12,        0,  31.9,   8.7,  25.8, 15.167, 13.100,  0.202,4896768.6,  1,  22.0,   0.9, 0.100
2025-11-11 09:42:13,        0,  31.6,   7.9,  25.8, 15.078, 12.961,  0.197,4910624.3,  1,  22.1,   0.9, 0.100
2025-11-11 09:42:14,        0,  33.3,  12.8,  25.7,  9.764,  7.729,  0.077,4919396.4,  1,  22.1,   0.9, 0.100
2025-11-11 09:42:15,        0,  32.3,   9.9,  25.8, 11.322,  9.264,  0.116,4930394.3,  1,  22.0,   0.9, 0.100
2025-11-11 09:42:16,        0,  32.8,  11.4,  25.8, 15.373, 13.218,  0.204,4942577.4,  1,  22.1,   0.9, 0.100
2025-11-11 09:42:17,        0,  32.6,  10.7,  25.8, 13.079, 10.967,  0.148,4956899.5,  1,  22.0,   0.9, 0.100
2025-11-11 09:42:18,        0,  30.7,   5.1,  25.8, 15.598, 13.430,  0.210,4969295.1,  1,  22.0,   0.9, 0.100
2025-11-11 09:42:19,        0,  30.4,   4.3,  25.7, 11.607,  9.492,  0.111,4977769.2,  1,  22.0,   0.9, 0.100
2025-11-11 09:42:20,        0,  30.4,   4.3,  25.8, 10.162,  8.075,  0.085,4983751.4,  1,  22.1,   0.9, 0.100
2025-11-11 09:42:21,        0,  32.8,  11.4,  25.8, 14.372, 12.160,  0.175,4993272.0,  1,  22.0,   0.9, 0.100
2025-11-11 09:42:22,        0,  31.9,   8.7,  25.8, 12.075,  9.933,  0.121,5006643.6,  1,  22.1,   0.9, 0.100
2025-11-11 09:42:23,        0,  31.1,   6.2,  25.7, 10.489,  8.381,  0.089,5015125.7,  1,  22.0,   0.9, 0.100
2025-11-11 09:42:24,        0,  32.3,   9.9,  25.7, 10.367,  8.254,  0.089,5023264.9,  1,  22.1,   0.9, 0.100
2025-11-11 09:42:25,        0,  31.4,   7.2,  25.8, 13.154, 10.967,  0.145,5032913.8,  1,  22.0,   0.9, 0.100
2025-11-11 09:42:26,        0,  32.0,   9.0,  25.8, 13.178, 10.982,  0.145,5044881.0,  1,  22.1,   0.9, 0.100
2025-11-11 09:42:27,        0,  30.7,   5.1,  25.7,  9.330,  7.253,  0.071,5053234.4,  1,  22.0,   0.9, 0.100
2025-11-11 09:42:28,        0,  31.1,   6.2,  25.8, 11.161,  9.002,  0.102,5061137.7,  1,  22.1,   0.9, 0.100
2025-11-11 09:42:29,        0,  30.9,   5.6,  25.8, 11.946,  9.752,  0.119,5068979.8,  1,  22.0,   0.9, 0.100
2025-11-11 09:42:30,        0,  31.1,   6.4,  25.8,  7.889,  5.844,  0.048,5077123.7,  1,  22.1,   1.0, 0.100
2025-11-11 09:42:31,        0,  31.3,   6.9,  25.8,  8.582,  6.505,  0.056,5084140.2,  1,  22.0,   0.9, 0.100
2025-11-11 09:42:32,        0,  31.7,   8.1,  25.8, 11.641,  9.442,  0.110,5092293.3,  1,  22.1,   1.0, 0.100
2025-11-11 09:42:33,        0,  29.9,   2.8,  25.8,  9.887,  7.757,  0.077,5100259.0,  1,  22.1,   1.0, 0.100
2025-11-11 09:42:34,        0,  29.5,   1.6,  25.7,  9.812,  7.672,  0.075,5107874.8,  1,  22.0,   1.0, 0.100
2025-11-11 09:42:35,        0,  31.3,   6.9,  25.8, 10.434,  8.270,  0.086,5114001.1,  1,  22.1,   1.0, 0.100
2025-11-11 09:42:36,        0,  30.9,   5.7,  25.8,  9.733,  7.595,  0.074,5121618.2,  1,  22.1,   0.9, 0.100
2025-11-11 09:42:37,        0,  30.5,   4.4,  25.7,  7.676,  5.627,  0.044,5128031.2,  1,  22.0,   0.9, 0.100
2025-11-11 09:42:38,        0,  29.5,   1.6,  25.8,  7.855,  5.803,  0.048,5132893.9,  1,  22.1,   0.9, 0.100
2025-11-11 09:42:39,        0,  30.2,   3.6,  25.8,  7.269,  5.249,  0.039,5137780.6,  1,  22.0,   0.9, 0.100
2025-11-11 09:42:40,        0,  31.2,   6.7,  25.8,  9.795,  7.645,  0.075,5144356.2,  1,  22.0,   0.9, 0.100
2025-11-11 09:42:41,        0,  30.6,   4.9,  25.7,  9.992,  7.830,  0.079,5150765.0,  1,  22.1,   0.9, 0.100
2025-11-11 09:42:42,        0,  29.8,   2.4,  25.8,  8.197,  6.116,  0.050,5156454.2,  1,  22.1,   0.9, 0.100
2025-11-11 09:42:43,        0,  31.0,   6.1,  25.8,  3.211,  1.507,  0.007,5161252.4,  1,  22.1,   0.9, 0.100
2025-11-11 09:42:44,        0,  30.2,   3.6,  25.8,  8.854,  6.740,  0.060,5168105.9,  1,  22.1,   0.9, 0.100
2025-11-11 09:42:45,        0,  30.0,   2.9,  25.7,  6.679,  4.679,  0.031,5172642.6,  1,  22.1,   0.9, 0.100
2025-11-11 09:42:46,        0,  29.9,   2.6,  25.8,  5.139,  3.251,  0.019,5176653.8,  1,  22.1,   0.9, 0.100
2025-11-11 09:42:47,        0,  30.6,   4.9,  25.8,  7.092,  5.074,  0.036,5182527.0,  1,  22.0,   0.9, 0.100
2025-11-11 09:42:48,        0,  30.4,   4.1,  25.7,  8.483,  6.388,  0.054,5188409.4,  1,  22.1,   0.9, 0.100
2025-11-11 09:42:49,        0,  30.9,   5.6,  25.8,  7.581,  5.539,  0.044,5193464.1,  1,  22.0,   0.9, 0.100
2025-11-11 09:42:50,        0,  29.9,   2.6,  25.8,  8.150,  6.067,  0.050,5199651.2,  1,  22.1,   0.9, 0.100
2165-165-165 45:165:85,        0,  29.5,   1.5,  25.7,  4.836,  2.984,  0.017,5203587.3,  1,  22.0,   0.9, 0.100
2025-11-11 09:42:52,        0,  30.3,   3.8,  25.8,  7.363,  5.366,  0.043,5207319.4,  1,  22.0,   0.9, 0.100
2025-11-11 09:42:53,        0,  30.5,   4.4,  25.8,  5.246,  3.356,  0.020,5210105.9,  1,  22.0,   0.9, 0.100
2025-11-11 09:42:54,        0,  29.6,   1.8,  25.8,  4.203,  2.397,  0.013,5213572.7,  1,  22.0,   0.9, 0.100
2025-11-11 09:42:55,        0,  29.9,   2.8,  25.7,  7.204,  5.199,  0.037,5216531.9,  1,  22.1,   0.9, 0.100
2025-11-11 09:42:56,        0,  29.9,   2.8,  25.8,  6.929,  4.928,  0.035,78643185424.8,  1,  22.1,   0.9, 0.100
2025-11-11 09:42:57,        0,  30.0,   2.9,  25.7,  6.503,  4.519,  0.029,5225388.7,  1,  22.1,   0.9, 0.100
2025-11-11 09:42:58,        0,  30.4,   4.1,  25.8,  7.495,  5.457,  0.041,5230052.4,  1,  22.0,   0.9, 0.100
2025-11-11 09:42:59,        0,  29.2,   0.6,  25.7,  3.610,  1.862,  0.009,5234235.8,  1,  22.0,   0.9, 0.100
2025-11-11 09:43:00,        0,  29.4,   1.1,  25.8,  1.500,  0.090,  0.000,5234729.5,  1,  22.0,   0.9, 0.100
2025-11-11 09:43:01,        0,  29.8,   2.3,  25.7,  1.274,  0.002,  0.000,5234735.3,  1,  22.0,   0.9, 0.100
2025-11-11 09:43:02,        0,  30.4,   4.3,  25.7,  2.964,  1.523,  0.011,5237093.1,  1,  22.1,   0.9, 0.100
2025-11-11 09:43:03,        0,  30.4,   4.1,  25.8,  7.282, -0.000,  0.038,5243481.8,  1,  22.0,   0.9, 0.100
2025-11-11 09:43:04,        0,  29.9,   2.8,  25.7,  7.096,  5.076,  0.036,5247798.5,  1,  22.0,   0.9, 0.100
2025-11-11 09:43:05,        0,  29.4,   1.3,  25.7,  3.573,  1.802,  0.008,5250603.1,  1,  22.0,   0.9, 0.100
2025-11-11 09:43:06,        0,  29.9,   2.6,  25.7,  3.279,  1.691,  0.011,5252331.4,  1,  22.0,   0.9, 0.100
2025-11-11 09:43:07,        0,  30.1,   3.4,  25.7,  5.758,  3.821,  0.023,5255172.9,  1,  22.1,   0.9, 0.100
2025-11-11 09:43:08,        0,  30.1,   3.3,  25.7,  5.424,  3.510,  0.021,5260015.1,  1,  22.0,   0.9, 0.100
2025-11-11 09:43:09,        0,  29.4,   1.3,  25.7,  6.553,  4.568,  0.030,5263682.6,  1,  22.1,   0.9, 0.100
2025-11-11 09:43:10,        0,  29.2,   0.5,  25.7,  5.017,  3.199,  0.020,5265353.6,  1,  22.0,   0.9, 0.100
2025-11-11 09:43:11,        0,  29.7,   2.0,  25.7,  1.565,  0.119,  0.000,5265633.9,  1,  22.0,   0.8, 0.100
2025-11-11 09:43:12,        0,  29.9,   2.6,  25.7,  3.862,  2.264,  0.015,5267239.5,  1,  22.1,   0.8, 0.100
2025-11-11 09:43:13,        0,  30.0,   3.1,  25.7,  6.317,  4.356,  0.028,5270861.3,  1,  22.1,   0.9, 0.100
2025-11-11 09:43:14,        0,  30.0,   2.9,  25.7,  4.787,  2.927,  0.016,5273988.2,  1,  22.1,   0.8, 0.100
2025-11-11 09:43:15,        0,  29.7,   2.1,  25.7,  3.668,  1.899,  0.009,5276649.9,  1,  22.1,   0.8, 0.100
2025-11-11 09:43:16,        0,  29.5,   1.5,  25.7,  1.385,  0.038,  0.000,5276707.3,  1,  22.0,   0.8, 0.100
2025-11-11 09:43:17,        0,  30.0,   2.9,  25.7,  4.571,  2.918,  0.020,5278788.9,  1,  22.0,   0.8, 0.100
2025-11-11 09:43:18,        0,  30.0,   3.1,  25.7,  6.520,  4.553,  0.030,5283130.3,  1,  22.0,   0.8, 0.100
2025-11-11 09:43:19,        0,  30.0,   2.9,  25.7,  2.938,  1.235,  0.004,5285915.2,  1,  22.1,   0.8, 0.100
2025-11-11 09:43:20,        0,  29.5,   1.6,  25.7,  4.502,  2.672,  0.015,5288703.0,  1,  22.0,   0.8, 0.100
2025-11-11 09:43:21,        0,  29.5,   1.5,  25.8,  5.729,  3.813,  0.023,5291775.8,  1,  22.0,   0.8, 0.100
2025-11-11 09:43:22,        0,  29.9,   2.8,  25.7,  1.659,  0.182,  0.000,5292314.4,  1,  22.1,   0.8, 0.100
2025-11-11 09:43:23,        0,  30.0,   3.1,  25.7,  4.621,  2.790,  0.015,5293656.3,  1,  22.0,   0.8, 0.100
2025-11-11 09:43:24,        0,  29.7,   2.1,  25.7,  1.997,  0.432,  0.001,5295289.1,  1,  22.0,   0.8, 0.100
2025-11-11 09:43:25,        0,  29.8,   2.3,  25.7,  2.961,  1.446,  0.009,5296312.1,  1,  22.0,   0.9, 0.100
2025-11-11 09:43:26,        0,  29.8,   2.4,  25.7,  1.326,  0.026,  0.000,5296377.9,  1,  22.0,   0.9, 0.100
2025-11-11 09:43:27,        0,  29.9,   2.6,  25.7,  1.194, -0.003,  0.000,5297023.8,  1,  22.0,   0.9, 0.100
2025-11-11 09:43:28,        0,  29.9,   2.8,  25.7,  6.406,  4.463,  0.029,5301327.9,  1,  22.0,   0.9, 0.100
2025-11-11 09:43:29,        0,  29.7,   2.0,  25.7,  6.434,  4.485,  0.029,5305534.7,  1,  22.0,   0.9, 0.100
2025-11-11 09:43:30,        0,  29.8,   2.3,  25.7,  1.716,  0.223,  0.000,5306235.5,  1,  22.0,   0.9, 0.100
2025-11-11 09:43:31,        0,  30.0,   2.9,  25.7,  6.174,  4.249,  0.027,5308698.1,  1,  22.0,   0.9, 0.100
2025-11-11 09:43:32,        0,  29.7,   2.0,  25.7,  3.264,  1.548,  0.006,5311130.1,  1,  22.1,   0.9, 0.100
2025-11-11 09:43:33,        0,  29.7,   2.1,  25.7,  2.059,  0.489,  0.001,5311736.1,  1,  22.0,   0.9, 0.100
2025-11-11 09:43:34,        0,  29.7,   2.0,  25.7,  1.226,  0.002,  0.000,5311744.9,  1,  22.0,   0.9, 0.100
2025-11-11 09:43:35,        0,  29.5,   1.5,  25.7,  1.122, -0.007,  0.000,5311739.0,  1,  22.0,   0.8, 0.100
2025-11-11 09:43:36,        0,  29.9,   2.8,  25.7,  1.077, -0.009,  0.000,5311731.1,  1,  22.0,   0.9, 0.100
2025-11-11 09:43:37,        0,  29.9,   2.8,  25.7,  6.281,  4.357,  0.027,5314735.1,  1,  22.0,   0.9, 0.100
2025-11-11 09:43:38,        0,  29.5,   1.5,  25.7,  6.291,  4.360,  0.027,5319723.2,  1,  22.0,   0.9, 0.100
2025-11-11 09:43:39,        0,  29.7,   2.1,  25.7,  1.845,  0.322,  0.001,5320252.5,  1,  22.0,   0.9, 0.100
2025-11-11 09:43:40,        0,  30.0,   3.1,  25.7,  1.329,  0.111,  0.001,5320484.3,  1,  22.0,   0.8, 0.100
2025-11-11 09:43:41,        0,  29.9,   2.6,  25.7,  2.910,  1.234,  0.004,5322652.7,  1,  22.0,   0.9, 0.100
2025-11-11 09:43:42,        0,  28.8,   0.0,  25.7,  1.333,  0.030,  0.000,5322689.6,  1,  22.0,   0.8, 0.100
2025-11-11 09:43:43,        0,  29.4,   1.3,  25.7,  1.145, -0.004,  0.000,5322687.0,  1,  22.0,   0.9, 0.100
2025-11-11 09:43:44,        0,  29.8,   2.5,  25.7,  1.087, -0.007,  0.000,5322680.3,  1,  22.0,   0.9, 0.100
2025-11-11 09:43:45,        0,  29.9,   2.8,  25.7,  1.026, -0.009,  0.000,5322672.4,  1,  22.0,   0.9, 0.100
2025-11-11 09:43:46,        0,  29.9,   2.8,  25.7,  6.279,  4.361,  0.027,5326127.4,  1,  22.0,   0.9, 0.100
2025-11-11 09:43:47,        0,  29.3,   0.8,  25.7,  4.565,  2.756,  0.015,5330073.2,  1,  22.0,   0.9, 0.100
2025-11-11 09:43:48,        0,  29.7,   2.1,  25.7,  1.393,  0.054,  0.000,5330162.0,  1,  22.0,   0.9, 0.100
2025-11-11 09:43:49,        0,  29.7,   2.1,  25.7,  3.476,  1.962,  0.012,5331771.8,  1,  22.0,   0.9, 0.100
2025-11-11 09:43:50,        0,  29.9,   2.6,  25.7,  1.352,  0.041,  0.000,5331888.3,  1,  22.0,   0.9, 0.100
2025-11-11 09:43:51,        0,  29.3,   1.0,  25.7,  1.137, -0.003,  0.000,5331890.4,  1,  22.0,   0.9, 0.100
2025-11-11 09:43:52,        0,  29.8,   2.4,  25.7,  1.075, -0.007,  0.000,5331884.9,  1,  22.0,   0.9, 0.100
2025-11-11 09:43:53,        0,  29.9,   2.6,  25.7,  1.027, -0.008,  0.000,5331877.8,  1,  22.0,   0.9, 0.100
2025-11-11 09:43:54,        0,  29.9,   2.8,  25.7,  0.988, -0.009,  0.000,5332055.5,  1,  22.0,   0.9, 0.100
2025-11-11 09:43:55,        0,  29.9,   2.6,  25.7,  6.261,  4.354,  0.027,5336216.3,  1,  22.0,   0.9, 0.100
2025-11-11 09:43:56,        0,  29.9,   2.8,  25.7,  6.266,  4.355,  0.027,5341257.6,  1,  22.0,   0.9, 0.100
2025-11-11 09:43:57,        0,  29.7,   2.0,  25.7,  2.426,  0.817,  0.002,5343164.5,  1,  22.0,   0.9, 0.100
2025-11-11 09:43:58,        0,  29.1,   0.3,  25.7,  1.296,  0.027,  0.000,5343195.9,  1,  22.0,   0.9, 0.100
2025-11-11 09:43:59,        0,  29.6,   1.8,  25.7,  1.120, -0.004,  0.000,5343194.6,  1,  22.0,   0.9, 0.100
2025-11-11 09:44:00,        0,  29.6,   1.8,  25.7,  1.062, -0.006,  0.000,5343187.5,  1,  22.0,   0.9, 0.100
2025-11-11 09:44:01,        0,  29.4,   1.1,  25.7,  0.995, -0.007,  0.000,5343180.4,  1,  22.0,   0.8, 0.100
2025-11-11 09:44:02,        0,  29.5,   1.6,  25.7,  0.956, -0.007,  0.000,5343173.7,  1,  22.0,   0.9, 0.100
2025-11-11 09:44:03,        0,  29.7,   2.0,  25.7,  0.920, -0.008,  0.000,5343166.6,  1,  22.0,   0.9, 0.100
2025-11-11 09:44:04,        0,  29.8,   2.3,  25.7,  0.873, -0.008,  0.000,5343158.6,  1,  22.0,   0.9, 0.100
2025-11-11 09:44:05,        0,  29.8,   2.3,  25.7,  0.845, -0.008,  0.000,5343149.4,  1,  22.0,   0.9, 0.100
2025-11-11 09:44:06,        0,  29.9,   2.6,  25.7,  1.933,  0.929,  0.006,5343942.7,  1,  22.0,   0.9, 0.100
2025-11-11 09:44:07,        0,  29.9,   2.8,  25.7,  6.248,  4.354,  0.027,5348097.6,  1,  22.0,   0.9, 0.100
2025-11-11 09:44:08,        0,  29.8,   2.4,  25.7,  6.250,  4.354,  0.027,5352253.0,  1,  22.0,   0.9, 0.100
2025-11-11 09:44:09,        0,  29.9,   2.6,  25.7,  1.700,  0.240,  0.000,5353605.8,  1,  22.0,   0.9, 0.100
2025-11-11 09:44:10,        0,  29.4,   1.1,  25.7,  1.228,  0.014,  0.000,5353617.1,  1,  21.9,   0.9, 0.100
2025-11-11 09:44:11,        0,  29.5,   1.6,  25.7,  1.082, -0.005,  0.000,5353613.8,  1,  22.0,   0.9, 0.100
2025-11-11 09:44:12,        0,  29.4,   1.3,  25.6,  1.029, -0.006,  0.000,5353607.5,  1,  22.0,   0.9, 0.100
2025-11-11 09:44:13,        0,  29.5,   1.6,  25.7,  0.963, -0.007,  0.000,5353599.5,  1,  22.0,   1.0, 0.100
2025-11-11 09:44:14,        0,  29.5,   1.5,  25.7,  0.926, -0.007,  0.000,5353592.0,  1,  22.0,   0.9, 0.100
2025-11-11 09:44:15,        0,  29.7,   2.0,  25.7,  0.876, -0.007,  0.000,5353585.3,  1,  22.0,   0.9, 0.100
2025-11-11 09:44:16,        0,  29.7,   2.1,  25.7,  0.844, -0.007,  0.000,5353578.6,  1,  22.0,   1.0, 0.100
2025-11-11 09:44:17,        0,  29.8,   2.4,  25.7,  0.815, -0.007,  0.000,5353571.4,  1,  22.0,   1.0, 0.100
2025-11-11 09:44:18,        0,  29.8,   2.4,  25.7,  0.779, -0.008,  0.000,5353562.2,  1,  22.0,   1.0, 0.100
2025-11-11 09:44:19,        0,  29.8,   2.3,  25.7,  0.756, -0.007,  0.000,5353555.5,  1,  22.0,   1.0, 0.100
2025-11-11 09:44:20,        0,  29.9,   2.6,  25.6,  0.737,  0.003,  0.000,5353784.7,  1,  22.0,   0.9, 0.100
2025-11-11 09:44:21,        0,  29.9,   2.8,  25.7,  2.398,  0.825,  0.002,5355858.8,  1,  22.0,   0.9, 0.100
2025-11-11 09:44:22,        0,  29.9,   2.8,  25.6,  4.401,  2.648,  0.014,5359859.1,  1,  22.0,   0.9, 0.100
2025-11-11 09:44:23,        0,  29.7,   2.0,  25.7,  2.827,  1.208,  0.004,5361398.9,  1,  22.0,   0.9, 0.100
2165-165-165 45:165:85,        0,  29.0,   0.1,  25.7,  1.274,  0.033,  0.000,5361431.1,  1,  22.0,   0.9, 0.100
2025-11-11 09:44:25,        0,  29.3,   1.0,  25.7,  1.077, -0.002,  0.000,5361430.7,  1,  22.0,   0.9, 0.100
2025-11-11 09:44:26,        0,  29.4,   1.3,  25.7,  1.013, -0.006,  0.000,5361424.4,  1,  22.0,   0.9, 0.100
2025-11-11 09:44:27,        0,  29.7,   2.0,  25.6,  0.944, -0.007,  0.000,5361418.1,  1,  22.0,   0.9, 0.100
2025-11-11 09:44:28,        0,  29.5,   1.6,  25.6,  0.902, -0.006,  0.000,5361412.7,  1,  22.0,   0.9, 0.100
2025-11-11 09:44:29,        0,  29.7,   2.0,  25.7,  0.863, -0.007,  0.000,5361406.4,  1,  22.0,   0.9, 0.100
2025-11-11 09:44:30,        0,  29.7,   2.0,  25.7,  0.814, -0.007,  0.000,5361398.0,  1,  22.0,   0.9, 0.100
2025-11-11 09:44:31,        0,  29.8,   2.3,  25.7,  0.786, -0.007,  0.000,5361390.9,  1,  22.0,   0.9, 0.100
2025-11-11 09:44:32,        0,  29.8,   2.4,  25.7,  0.748, -0.007,  0.000,5361384.2,  1,  22.0,   0.9, 0.100
2025-11-11 09:44:33,        0,  29.9,   2.8,  25.7,  0.724, -0.007,  0.000,5361712.8,  1,  22.0,   0.9, 0.100
2025-11-11 09:44:34,        0,  29.9,   2.6,  25.7,  6.214,  4.354,  0.027,5366821.1,  1,  22.0,   0.9, 0.100
2025-11-11 09:44:35,        0,  29.6,   1.8,  25.6,  5.911,  4.070,  0.024,5369913.6,  1,  22.0,   0.9, 0.100
2025-11-11 09:44:36,        0,  29.4,   1.3,  25.6,  1.441,  0.104,  0.000,5370012.1,  1,  22.0,   0.9, 0.100
2025-11-11 09:44:37,        0,  29.3,   0.8,  25.6,  1.094,  0.001,  0.000,5370016.3,  1,  22.0,   0.9, 0.100
2025-11-11 09:44:38,        0,  29.6,   1.8,  25.6,  0.994, -0.005,  0.000,5370011.3,  1,  22.0,   0.9, 0.100
2025-11-11 09:44:39,        0,  29.4,   1.1,  25.6,  0.946, -0.007,  0.000,5370005.0,  1,  22.0,   0.9, 0.100
2025-11-11 09:44:40,        0,  29.4,   1.3,  25.6,  0.906, -0.007,  0.000,5369999.1,  1,  22.0,   0.9, 0.100
2025-11-11 09:44:41,        0,  29.5,   1.6,  25.6,  0.870, -0.007,  0.000,5369992.8,  1,  22.0,   0.9, 0.100
2025-11-11 09:44:42,        0,  29.5,   1.5,  25.6,  0.817, -0.006,  0.000,5369985.7,  1,  22.0,   0.9, 0.100
2025-11-11 09:44:43,        0,  29.7,   2.0,  25.6,  0.770, -0.007,  0.000,5369979.0,  1,  22.0,   0.9, 0.100
2025-11-11 09:44:44,        0,  29.5,   1.6,  25.7,  0.742, -0.006,  0.000,5369972.7,  1,  22.0,   0.9, 0.100
2025-11-11 09:44:45,        0,  29.7,   2.0,  25.7,  0.717, -0.007,  0.000,5369966.4,  1,  22.0,   0.9, 0.100
2025-11-11 09:44:46,        0,  29.6,   1.8,  25.6,  0.685, -0.007,  0.000,5369959.3,  1,  22.0,   0.9, 0.100
2025-11-11 09:44:47,        0,  29.8,   2.3,  25.7,  0.666, -0.007,  0.000,5369951.3,  1,  22.0,   0.9, 0.100
2025-11-11 09:44:48,        0,  29.7,   2.1,  25.6,  0.639, -0.007,  0.000,5369944.6,  1,  22.0,   0.9, 0.100
2025-11-11 09:44:49,        0,  29.8,   2.4,  25.6,  0.624, -0.007,  0.000,5369938.8,  1,  22.0,   0.9, 0.100
2025-11-11 09:44:50,        0,  29.8,   2.4,  25.6,  0.608, -0.007,  0.000,5369932.1,  1,  22.0,   0.9, 0.100
2025-11-11 09:44:51,        0,  29.8,   2.4,  25.6,  0.587, -0.006,  0.000,5369924.9,  1,  22.0,   0.9, 0.100
2025-11-11 09:44:52,        0,  29.9,   2.6,  25.6,  1.701,  0.923,  0.005,5371606.8,  1,  22.1,   0.9, 0.100
2025-11-11 09:44:53,        0,  29.8,   2.3,  25.6,  1.330,  0.064,  0.000,5371844.8,  1,  22.0,   0.9, 0.100
2025-11-11 09:44:54,        0,  29.9,   2.6,  25.6,  1.098,  0.007,  0.000,5371853.2,  1,  22.0,   0.8, 0.100
2025-11-11 09:44:55,        0,  29.9,   2.8,  25.6,  5.005,  3.378,  0.021,5373886.2,  1,  22.0,   0.8, 0.100
2025-11-11 09:44:56,        0,  29.8,   2.4,  25.6,  6.186,  4.358,  0.027,5378030.7,  1,  22.1,   0.8, 0.100
2025-11-11 09:44:57,        0,  29.0,   0.1,  25.6,  2.813,  1.245,  0.004,5379197.0,  1,  22.0,   0.8, 0.100
2025-11-11 09:44:58,        0,  29.5,   1.6,  25.6,  1.121,  0.013,  0.000,5379217.5,  1,  22.1,   0.8, 0.100
2025-11-11 09:44:59,        0,  29.3,   1.0,  25.6,  1.020, -0.002,  0.000,5379216.7,  1,  22.0,   0.8, 0.100
2025-11-11 09:45:00,        0,  29.6,   1.8,  25.6,  0.936, -0.005,  0.000,5379210.8,  1,  22.0,   0.8, 0.100
2025-11-11 09:45:01,        0,  29.5,   1.5,  25.6,  0.892, -0.006,  0.000,5379205.4,  1,  22.0,   0.8, 0.100
2025-11-11 09:45:02,        0,  29.5,   1.6,  25.6,  0.835, -0.005,  0.000,5379199.5,  1,  22.0,   0.8, 0.100
2025-11-11 09:45:03,        0,  29.5,   1.5,  25.6,  0.797, -0.005,  0.000,5379194.1,  1,  22.0,   0.8, 0.100
2025-11-11 09:45:04,        0,  29.6,   1.8,  25.6,  0.749, -0.007,  0.000,5379186.5,  1,  22.0,   0.8, 0.100
2025-11-11 09:45:05,        0,  29.6,   1.8,  25.6,  0.721, -0.006,  0.000,5379181.1,  1,  22.0,   0.8, 0.100
2025-11-11 09:45:06,        0,  29.6,   1.8,  25.6,  0.695, -0.006,  0.000,5379175.2,  1,  22.0,   0.8, 0.100
2025-11-11 09:45:07,        0,  29.7,   2.1,  25.6,  0.662, -0.007,  0.000,5379168.5,  1,  22.0,   0.8, 0.100
2025-11-11 09:45:08,        0,  29.7,   2.0,  25.6,  0.642, -0.006,  0.000,5379161.8,  1,  22.0,   0.8, 0.100
2025-11-11 09:45:09,        0,  29.8,   2.3,  25.7,  0.614, -0.006,  0.000,5379155.9,  1,  22.1,   0.8, 0.100
2025-11-11 09:45:10,        0,  29.8,   2.3,  25.6,  0.596, -0.006,  0.000,5379150.5,  1,  22.0,   0.8, 0.100
2025-11-11 09:45:11,        0,  29.8,   2.3,  25.6,  0.580, -0.005,  0.000,5379144.6,  1,  22.0,   0.8, 0.100
2025-11-11 09:45:12,        0,  29.9,   2.6,  25.6,  0.558, -0.006,  0.000,5379139.6,  1,  22.0,   0.8, 0.100
2025-11-11 09:45:13,        0,  29.9,   2.6,  25.7,  0.544, -0.006,  0.000,5379131.6,  1,  22.0,   0.8, 0.100
2025-11-11 09:45:14,        0,  29.9,   2.6,  25.6,  0.525, -0.006,  0.000,5379126.6,  1,  22.0,   0.8, 0.100
2025-11-11 09:45:15,        0,  29.9,   2.6,  25.6,  2.990,  1.787,  0.009,5380009.6,  1,  22.0,   0.8, 0.100
2025-11-11 09:45:16,        0,  29.9,   2.8,  25.6,  4.363,  2.745,  0.017,5382797.4,  1,  22.0,   0.9, 0.100
2025-11-11 09:45:17,        0,  29.5,   1.5,  25.6,  6.182,  4.358,  0.027,5387819.5,  1,  22.0,   0.9, 0.100
2025-11-11 09:45:18,        0,  29.6,   1.8,  25.6,  1.339,  0.082,  0.000,5388335.0,  1,  22.1,   0.9, 0.100
2025-11-11 09:45:19,        0,  28.9,   0.0,  25.6,  1.087,  0.009,  0.000,5388349.2,  1,  22.0,   0.9, 0.100
2025-11-11 09:45:20,        0,  29.4,   1.1,  25.6,  0.993, -0.001,  0.000,5388347.5,  1,  22.0,   0.9, 0.100
2025-11-11 09:45:21,        0,  29.4,   1.3,  25.6,  0.933, -0.004,  0.000,5388343.3,  1,  22.0,   0.9, 0.100
2025-11-11 09:45:22,        0,  29.3,   1.0,  25.6,  0.864, -0.006,  0.000,5388337.0,  1,  22.0,   0.9, 0.100
2025-11-11 09:45:23,        0,  29.3,   1.0,  25.6,  0.808, -0.005,  0.000,5388332.0,  1,  22.0,   0.9, 0.100
2025-11-11 09:45:24,        0,  29.4,   1.3,  25.6,  0.773, -0.006,  0.000,5388326.2,  1,  22.0,   0.9, 0.100
2025-11-11 09:45:25,        0,  29.5,   1.5,  25.6,  0.741, -0.006,  0.000,5388320.3,  1,  22.0,   0.9, 0.100
2025-11-11 09:45:26,        0,  29.5,   1.5,  25.6,  0.699, -0.006,  0.000,5388313.2,  1,  22.0,   0.9, 0.100
2025-11-11 09:45:27,        0,  29.5,   1.5,  25.6,  0.675, -0.006,  0.000,5388307.7,  1,  22.0,   0.9, 0.100
2025-11-11 09:45:28,        0,  29.5,   1.5,  25.6,  0.642, -0.006,  0.000,5388301.8,  1,  22.0,   0.9, 0.100
2025-11-11 09:45:29,        0,  29.6,   1.8,  25.6,  0.622, -0.006,  0.000,5388296.0,  1,  22.0,   0.9, 0.100
2025-11-11 09:45:30,        0,  29.6,   1.8,  25.6,  0.597, -0.006,  0.000,5388288.9,  1,  22.0,   0.9, 0.100
2025-11-11 09:45:31,        0,  29.6,   1.8,  25.6,  0.580, -0.006,  0.000,5388283.8,  1,  22.0,   0.9, 0.100
2025-11-11 09:45:32,        0,  29.8,   2.3,  25.6,  0.565, -0.006,  0.000,5388277.5,  1,  22.0,   0.9, 0.100
2025-11-11 09:45:33,        0,  29.7,   2.0,  25.6,  0.544, -0.006,  0.000,5388272.1,  1,  22.0,   0.8, 0.100
2025-11-11 09:45:34,        0,  29.7,   2.1,  25.6,  0.531, -0.006,  0.000,5388266.6,  1,  22.0,   0.9, 0.100
2025-11-11 09:45:35,        0,  29.7,   2.1,  25.6,  0.512, -0.006,  0.000,5388260.4,  1,  22.0,   0.8, 0.100
2025-11-11 09:45:36,        0,  29.8,   2.3,  25.6,  0.501, -0.005,  0.000,5388255.3,  1,  22.1,   0.9, 0.100
2025-11-11 09:45:37,        0,  29.8,   2.3,  25.6,  0.490, -0.006,  0.000,5388249.9,  1,  22.0,   0.9, 0.100
2025-11-11 09:45:38,        0,  29.8,   2.3,  25.6,  0.475, -0.005,  0.000,5388244.4,  1,  22.0,   0.9, 0.100
2025-11-11 09:45:39,        0,  29.9,   2.6,  25.6,  0.462, -0.006,  0.000,5388238.1,  1,  22.0,   0.8, 0.100
2025-11-11 09:45:40,        0,  29.9,   2.6,  25.6,  2.588,  1.679,  0.010,5389339.9,  1,  22.0,   0.8, 0.100
2025-11-11 09:45:41,        0,  29.9,   2.6,  25.6,  1.453,  0.142,  0.000,5390385.6,  1,  22.0,   0.9, 0.100
2025-11-11 09:45:42,        0,  29.8,   2.3,  25.6,  6.192,  4.356,  0.027,5394549.7,  1,  22.0,   0.9, 0.100
2025-11-11 09:45:43,        0,  29.4,   1.1,  25.5,  1.509,  0.178,  0.000,5395273.1,  1,  22.0,   0.9, 0.100
2025-11-11 09:45:44,        0,  29.5,   1.5,  25.5,  1.041,  0.005,  0.000,5395290.3,  1,  22.0,   0.9, 0.100
2025-11-11 09:45:45,        0,  29.5,   1.6,  25.6,  0.961, -0.003,  0.000,5395288.2,  1,  22.0,   0.9, 0.100
2025-11-11 09:45:46,        0,  29.6,   1.8,  25.5,  0.907, -0.004,  0.000,5395284.0,  1,  22.0,   0.9, 0.100
2025-11-11 09:45:47,        0,  29.5,   1.6,  25.5,  0.841, -0.005,  0.000,5395278.9,  1,  22.0,   0.9, 0.100
2025-11-11 09:45:48,        0,  29.5,   1.5,  25.6,  0.803, -0.006,  0.000,5395272.2,  1,  22.0,   0.9, 0.100
2025-11-11 09:45:49,        0,  29.5,   1.5,  25.6,  0.752, -0.006,  0.000,5395267.2,  1,  22.0,   0.9, 0.100
2025-11-11 09:45:50,        0,  29.7,   2.0,  25.6,  0.721, -0.006,  0.000,5395261.3,  1,  22.1,   1.0, 0.100
2025-11-11 09:45:51,        0,  29.7,   2.0,  25.5,  0.694, -0.005,  0.000,5395255.5,  1,  22.0,   1.0, 0.100
2025-11-11 09:45:52,        0,  29.6,   1.8,  25.6,  0.654, -0.006,  0.000,5395250.0,  1,  22.0,   1.0, 0.100
2025-11-11 09:45:53,        0,  29.6,   1.8,  25.6,  0.622, -0.006,  0.000,5395243.7,  1,  22.0,   0.9, 0.100
2025-11-11 09:45:54,        0,  29.7,   2.0,  25.5,  0.603, -0.006,  0.000,5395238.3,  1,  22.0,   0.9, 0.100
2025-11-11 09:45:55,        0,  29.7,   2.0,  25.5,  0.585, -0.006,  0.000,5395232.8,  1,  22.0,   0.8, 0.100
2025-11-11 09:45:56,        0,  29.7,   2.1,  25.6,  0.569, -0.006,  0.000,5395227.0,  1,  22.0,   0.9, 0.100
2025-11-11 09:45:57,        0,  29.8,   2.3,  25.6,  0.546, -0.006,  0.000,5395219.8,  1,  22.0,   0.9, 0.100
2025-11-11 09:45:58,        0,  29.8,   2.3,  25.5,  0.526, -0.005,  0.000,5395214.0,  1,  22.0,   0.9, 0.100
2025-11-11 09:45:59,        0,  29.8,   2.3,  25.5,  0.511, -0.006,  0.000,5395209.8,  1,  22.0,   0.9, 0.100
2025-11-11 09:46:00,        0,  29.8,   2.3,  25.5,  0.500, -0.005,  0.000,5395204.3,  1,  22.0,   0.9, 0.100
2025-11-11 09:46:01,        0,  29.9,   2.6,  25.5,  0.484, -0.006,  0.000,5395198.5,  1,  22.0,   0.9, 0.100
2025-11-11 09:46:02,        0,  29.8,   2.4,  25.6,  0.473, -0.005,  0.000,5395192.6,  1,  22.1,   0.9, 0.100
2025-11-11 09:46:03,        0,  29.9,   2.6,  25.6,  0.457, -0.006,  0.000,5395188.0,  1,  22.0,   0.8, 0.100
2025-11-11 09:46:04,        0,  29.9,   2.6,  25.5,  0.447, -0.005,  0.000,5395183.4,  1,  22.0,   0.9, 0.100
2025-11-11 09:46:05,        0,  29.9,   2.6,  25.6,  3.329,  2.243,  0.013,5397462.8,  1,  22.0,   0.8, 0.100
2025-11-11 09:46:06,        0,  29.9,   2.6,  25.5,  6.115,  4.275,  0.026,5401850.4,  1,  22.0,   0.8, 0.100
2025-11-11 09:46:07,        0,  29.3,   1.0,  25.5,  1.427,  0.131,  0.000,5402000.4,  1,  22.0,   0.8, 0.100
2025-11-11 09:46:08,        0,  29.6,   1.8,  25.5,  1.027,  0.003,  0.000,5402009.2,  1,  22.1,   0.8, 0.100
2025-11-11 09:46:09,        0,  29.3,   1.0,  25.5,  0.950, -0.003,  0.000,5402006.3,  1,  22.1,   0.8, 0.100
2025-11-11 09:46:10,        0,  29.5,   1.5,  25.5,  0.875, -0.005,  0.000,5402000.4,  1,  22.1,   0.9, 0.100
2025-11-11 09:46:11,        0,  29.5,   1.6,  25.5,  0.833, -0.006,  0.000,5401994.5,  1,  22.0,   0.8, 0.100
2025-11-11 09:46:12,        0,  29.5,   1.6,  25.6,  0.797, -0.005,  0.000,5401990.3,  1,  22.0,   0.9, 0.100
2025-11-11 09:46:13,        0,  29.5,   1.6,  25.5,  0.744, -0.005,  0.000,5401984.9,  1,  22.0,   0.9, 0.100
2025-11-11 09:46:14,        0,  29.7,   2.0,  25.5,  0.699, -0.005,  0.000,5401979.0,  1,  22.0,   1.0, 0.100
2025-11-11 09:46:15,        0,  29.6,   1.8,  25.5,  0.672, -0.006,  0.000,5401973.1,  1,  22.1,   0.9, 0.100
2025-11-11 09:46:16,        0,  29.7,   2.1,  25.5,  0.649, -0.005,  0.000,5401968.1,  1,  22.0,   0.9, 0.100
2025-11-11 09:46:17,        0,  29.7,   2.0,  25.5,  0.616, -0.006,  0.000,5401962.7,  1,  22.0,   1.0, 0.100
2025-11-11 09:46:18,        0,  29.7,   2.1,  25.6,  0.596, -0.005,  0.000,5401957.2,  1,  22.0,   1.0, 0.100
2025-11-11 09:46:19,        0,  29.7,   2.1,  25.6,  0.570, -0.005,  0.000,5401950.9,  1,  22.0,   1.0, 0.100
2025-11-11 09:46:20,        0,  29.7,   2.0,  25.5,  0.554, -0.006,  0.000,5401945.5,  1,  22.0,   1.0, 0.100
2025-11-11 09:46:21,        0,  29.7,   2.1,  25.5,  0.539, -0.006,  0.000,5401940.0,  1,  22.0,   1.0, 0.100
2025-11-11 09:46:22,        0,  29.8,   2.4,  25.5,  0.517, -0.005,  0.000,5401934.6,  1,  22.0,   1.0, 0.100
2025-11-11 09:46:23,        0,  29.8,   2.4,  25.6,  0.504, -0.005,  0.000,5401928.3,  1,  22.0,   1.0, 0.100
2025-11-11 09:46:24,        0,  29.8,   2.4,  25.5,  0.486, -0.005,  0.000,5401923.3,  1,  22.0,   1.0, 0.100
2025-11-11 09:46:25,        0,  29.8,   2.4,  25.5,  0.475, -0.005,  0.000,5401918.2,  1,  22.0,   1.0, 0.100
2025-11-11 09:46:26,        0,  29.9,   2.6,  25.5,  0.464, -0.005,  0.000,5401913.6,  1,  22.0,   0.9, 0.100
2025-11-11 09:46:27,        0,  29.9,   2.6,  25.5,  0.449, -0.005,  0.000,5401907.3,  1,  22.1,   1.0, 0.100
2025-11-11 09:46:28,        0,  29.9,   2.6,  25.5,  0.440, -0.005,  0.000,5401902.3,  1,  22.0,   1.0, 0.100
2025-11-11 09:46:29,        0,  29.9,   2.6,  25.5,  0.886,  0.398,  0.002,5402336.1,  1,  22.0,   0.9, 0.100
2025-11-11 09:46:30,        0,  30.0,   2.9,  25.5,  6.218,  4.358,  0.027,5406451.2,  1,  22.0,   1.0, 0.100
2165-165-165 09:46:31,        0,  29.3,   1.0,  25.6,  5.312,  3.522,  0.020,5410804.7,  1,  22.0,   0.9, 0.100
2025-11-11 09:46:32,        0,  29.2,   0.5,  25.5,  1.324,  0.080,  0.000,5410949.7,  1,  22.0,   1.0, 0.100
2025-11-11 09:46:33,        0,  27.8,   0.0,  25.5,  1.069,  0.009,  0.000,5410957.7,  1,  22.0,   1.0, 0.100
2025-11-11 09:46:34,        0,  29.1,   0.3,  25.6,  0.943, -0.003,  0.000,5410955.6,  1,  22.0,   1.0, 0.100
2025-11-11 09:46:35,        0,  29.4,   1.1,  25.5,  0.894, -0.005,  0.000,5410949.7,  1,  22.0,   0.9, 0.100
2025-11-11 09:46:36,        0,  29.3,   1.0,  25.5,  0.829, -0.005,  0.000,5410945.1,  1,  22.0,   0.9, 0.100
2025-11-11 09:46:37,        0,  29.4,   1.1,  25.5,  0.791, -0.006,  0.000,5410939.7,  1,  22.0,   0.9, 0.100
2025-11-11 09:46:38,        0,  29.4,   1.3,  25.5,  0.758, -0.006,  0.000,5410933.8,  1,  22.0,   0.9, 0.100
2025-11-11 09:46:39,        0,  29.4,   1.3,  25.5,  0.711, -0.006,  0.000,5410926.7,  1,  22.0,   0.9, 0.100
2025-11-11 09:46:40,        0,  29.4,   1.3,  25.5,  0.684, -0.006,  0.000,5410921.2,  1,  22.0,   0.9, 0.100
2025-11-11 09:46:41,        0,  29.5,   1.5,  25.5,  0.647, -0.006,  0.000,5410916.2,  1,  22.0,   0.9, 0.100
2025-11-11 09:46:42,        0,  29.5,   1.5,  25.5,  0.626, -0.006,  0.000,5410909.5,  1,  22.0,   0.9, 0.100
2025-11-11 09:46:43,        0,  29.5,   1.5,  25.5,  0.598, -0.006,  0.000,5410902.8,  1,  22.0,   0.9, 0.100
2025-11-11 09:46:44,        0,  29.5,   1.5,  25.5,  0.580, -0.005,  0.000,5410897.8,  1,  22.0,   0.9, 0.100
2025-11-11 09:46:45,        0,  29.5,   1.6,  25.5,  0.556, -0.006,  0.000,5410892.3,  1,  22.0,   0.9, 0.100
2025-11-11 09:46:46,        0,  29.5,   1.5,  25.5,  0.540, -0.005,  0.000,5410886.9,  1,  22.1,   0.9, 0.100
2025-11-11 09:46:47,        0,  29.5,   1.5,  25.5,  0.518, -0.006,  0.000,5410880.2,  1,  22.0,   0.9, 0.100
2025-11-11 09:46:48,        0,  29.7,   2.0,  25.5,  0.505, -0.005,  0.000,5410875.1,  1,  22.1,   0.9, 0.100
2025-11-11 09:46:49,        0,  29.5,   1.6,  25.5,  0.493, -0.005,  0.000,5410869.7,  1,  22.0,   0.9, 0.100
2025-11-11 09:46:50,        0,  29.7,   2.0,  25.5,  0.476, -0.006,  0.000,5410865.5,  1,  22.0,   0.9, 0.100
2025-11-11 09:46:51,        0,  29.7,   2.0,  25.5,  0.466, -0.006,  0.000,5410859.6,  1,  22.0,   0.9, 0.100
2025-11-11 09:46:52,        0,  29.7,   2.0,  25.5,  0.451, -0.005,  0.000,5410853.4,  1,  22.0,   0.9, 0.100
2025-11-11 09:46:53,        0,  29.7,   2.1,  25.5,  0.442, -0.005,  0.000,5410848.7,  1,  22.0,   0.9, 0.100
2025-11-11 09:46:54,        0,  29.7,   2.1,  25.5,  0.433, -0.005,  0.000,5410843.3,  1,  22.0,   0.9, 0.100
2025-11-11 09:46:55,        0,  29.7,   2.1,  25.5,  0.421, -0.005,  0.000,5410839.1,  1,  22.1,   0.9, 0.100
2025-11-11 09:46:56,        0,  29.8,   2.3,  25.5,  0.412, -0.005,  0.000,5410833.2,  1,  22.0,   0.9, 0.100
2025-11-11 09:46:57,        0,  29.8,   2.3,  25.5,  0.400, -0.005,  0.000,5410828.6,  1,  22.1,   0.9, 0.100
2025-11-11 09:46:58,        0,  29.8,   2.3,  25.5,  0.392, -0.005,  0.000,5410824.0,  1,  22.1,   0.9, 0.100
2025-11-11 09:46:59,        0,  29.8,   2.3,  25.5,  0.386, -0.005,  0.000,5410819.8,  1,  22.0,   0.9, 0.100
2025-11-11 09:47:00,        0,  29.8,   2.3,  25.5,  0.374, -0.004,  0.000,5410816.1,  1,  22.0,   0.9, 0.100
2025-11-11 09:47:01,        0,  29.8,   2.4,  25.5,  0.365, -0.005,  0.000,5410811.0,  1,  22.1,   0.9, 0.100
2025-11-11 09:47:02,        0,  29.8,   2.4,  25.5,  0.358, -0.004,  0.000,5410806.8,  1,  22.1,   0.9, 0.100
2025-11-11 09:47:03,        0,  29.9,   2.6,  25.5,  0.352, -0.004,  0.000,5410802.6,  1,  22.0,   0.9, 0.100
2025-11-11 09:47:04,        0,  29.9,   2.6,  25.5,  0.345, -0.004,  0.000,5411256.9,  1,  22.0,   0.9, 0.100
2025-11-11 09:47:05,        0,  29.9,   2.6,  25.5,  6.236,  4.357,  0.027,5416307.0,  1,  22.1,   0.9, 0.100
2025-11-11 09:47:06,        0,  29.0,   0.0,  25.5,  3.074,  1.477,  0.006,5419120.4,  1,  22.0,   0.9, 0.100
2025-11-11 09:47:07,        0,  29.6,   1.8,  25.5,  1.214,  0.039,  0.000,5419193.3,  1,  22.0,   0.9, 0.100
2025-11-11 09:47:08,        0,  29.2,   0.5,  25.5,  1.038,  0.005,  0.000,5419197.5,  1,  22.0,   0.9, 0.100
2025-11-11 09:47:09,        0,  29.4,   1.3,  25.5,  0.926, -0.003,  0.000,5419194.2,  1,  22.0,   0.9, 0.100
2025-11-11 09:47:10,        0,  29.4,   1.1,  25.5,  0.876, -0.005,  0.000,5419189.2,  1,  22.1,   0.8, 0.100
2025-11-11 09:47:11,        0,  29.3,   1.0,  25.5,  0.815, -0.005,  0.000,5419183.7,  1,  22.1,   0.8, 0.100
2025-11-11 09:47:12,        0,  29.4,   1.1,  25.5,  0.779, -0.005,  0.000,5419177.8,  1,  22.1,   0.8, 0.100
2025-11-11 09:47:13,        0,  29.4,   1.3,  25.5,  0.746, -0.005,  0.000,5419173.2,  1,  22.0,   0.8, 0.100
2025-11-11 09:47:14,        0,  29.4,   1.3,  25.5,  0.701, -0.006,  0.000,5419166.1,  1,  22.1,   0.8, 0.100
2025-11-11 09:47:15,        0,  29.4,   1.3,  25.5,  0.675, -0.006,  0.000,5419160.2,  1,  22.1,   0.8, 0.100
2025-11-11 09:47:16,        0,  29.5,   1.5,  25.5,  0.641, -0.006,  0.000,5419155.2,  1,  22.1,   0.8, 0.100
2025-11-11 09:47:17,        0,  29.5,   1.5,  25.5,  0.618, -0.006,  0.000,5419149.3,  1,  22.1,   0.8, 0.100
2025-11-11 09:47:18,        0,  29.5,   1.5,  25.5,  0.589, -0.006,  0.000,5419143.1,  1,  22.1,   0.8, 0.100
2025-11-11 09:47:19,        0,  29.5,   1.5,  25.5,  0.571, -0.006,  0.000,5419138.0,  1,  22.0,   0.8, 0.100
2025-11-11 09:47:20,        0,  29.5,   1.6,  25.5,  0.555, -0.006,  0.000,5419132.2,  1,  22.1,   0.8, 0.100
2025-11-11 09:47:21,        0,  29.5,   1.6,  25.5,  0.534, -0.006,  0.000,5419126.7,  1,  22.1,   0.8, 0.100
2025-11-11 09:47:22,        0,  29.6,   1.8,  25.5,  0.513, -0.006,  0.000,5419120.0,  1,  22.1,   0.8, 0.100
2025-11-11 09:47:23,        0,  29.5,   1.5,  25.5,  0.500, -0.005,  0.000,5419115.0,  1,  22.1,   0.8, 0.100
2025-11-11 09:47:24,        0,  29.6,   1.8,  25.5,  0.487, -0.005,  0.000,5419109.5,  1,  22.1,   0.8, 0.100
2025-11-11 09:47:25,        0,  29.6,   1.8,  25.5,  0.470, -0.005,  0.000,5419104.9,  1,  22.1,   0.8, 0.100
2025-11-11 09:47:26,        0,  29.7,   2.0,  25.5,  0.458, -0.005,  0.000,5419100.3,  1,  22.1,   0.8, 0.100
2025-11-11 09:47:27,        0,  29.6,   1.8,  25.5,  0.443, -0.005,  0.000,5419094.4,  1,  22.1,   0.8, 0.100
2025-11-11 09:47:28,        0,  29.7,   2.0,  25.5,  0.433, -0.005,  0.000,5419089.4,  1,  22.1,   0.8, 0.100
2025-11-11 09:47:29,        0,  29.7,   2.1,  25.5,  0.424, -0.005,  0.000,5419084.4,  1,  22.1,   0.8, 0.100
2025-11-11 09:47:30,        0,  29.7,   2.0,  25.5,  0.410, -0.005,  0.000,5419079.8,  1,  22.1,   0.8, 0.100
2025-11-11 09:47:31,        0,  29.7,   2.1,  25.5,  0.402, -0.005,  0.000,5419075.2,  1,  22.1,   0.8, 0.100
2025-11-11 09:47:32,        0,  29.8,   2.3,  25.5,  0.390, -0.005,  0.000,5419070.6,  1,  22.1,   0.8, 0.100
2025-11-11 09:47:33,        0,  29.7,   2.1,  25.5,  0.382, -0.004,  0.000,5419066.4,  1,  22.1,   0.8, 0.100
2025-11-11 09:47:34,        0,  29.7,   2.1,  25.5,  0.375, -0.004,  0.000,5419062.6,  1,  22.1,   0.9, 0.100
2025-11-11 09:47:35,        0,  29.8,   2.4,  25.5,  0.364, -0.005,  0.000,5419058.0,  1,  22.1,   0.9, 0.100
2025-11-11 09:47:36,        0,  29.8,   2.3,  25.5,  0.358, -0.003,  0.000,5419053.4,  1,  22.1,   0.9, 0.100
2025-11-11 09:47:37,        0,  29.8,   2.4,  25.5,  0.348, -0.004,  0.000,5419050.0,  1,  22.1,   0.9, 0.100
2025-11-11 09:47:38,        0,  29.8,   2.4,  25.5,  0.341, -0.004,  0.000,5419046.2,  1,  22.1,   0.9, 0.100
2025-11-11 09:47:39,        0,  29.8,   2.4,  25.5,  0.333, -0.004,  0.000,5419042.5,  1,  22.1,   0.9, 0.100
2025-11-11 09:47:40,        0,  29.8,   2.4,  25.5,  0.324, -0.004,  0.000,5419038.7,  1,  22.1,   0.9, 0.100
2025-11-11 09:47:41,        0,  29.9,   2.6,  25.5,  1.358,  0.845,  0.005,5419425.5,  1,  22.1,   0.9, 0.100
2025-11-11 09:47:42,        0,  29.9,   2.6,  25.5,  6.250,  4.354,  0.027,5423578.3,  1,  22.1,   0.9, 0.100
2025-11-11 09:47:43,        0,  29.8,   2.3,  25.5,  3.209,  1.592,  0.006,5425486.1,  1,  22.1,   0.9, 0.100
2025-11-11 09:47:44,        0,  29.7,   2.0,  25.5,  1.106,  0.015,  0.000,5425522.9,  1,  22.1,   0.9, 0.100
2025-11-11 09:47:45,        0,  29.4,   1.1,  25.5,  0.992,  0.000,  0.000,5425522.9,  1,  22.1,   0.9, 0.100
2025-11-11 09:47:46,        0,  29.5,   1.5,  25.5,  0.898, -0.005,  0.000,5425519.6,  1,  22.1,   0.9, 0.100
2025-11-11 09:47:47,        0,  29.4,   1.3,  25.5,  0.851, -0.005,  0.000,5425514.1,  1,  22.1,   1.0, 0.100
2025-11-11 09:47:48,        0,  29.4,   1.3,  25.5,  0.810, -0.005,  0.000,5425509.1,  1,  22.1,   0.9, 0.100
2025-11-11 09:47:49,        0,  29.5,   1.6,  25.5,  0.757, -0.006,  0.000,5425502.4,  1,  22.1,   0.9, 0.100
2025-11-11 09:47:50,        0,  29.5,   1.6,  25.5,  0.726, -0.005,  0.000,5425497.0,  1,  22.1,   0.9, 0.100
2025-11-11 09:47:51,        0,  29.5,   1.6,  25.5,  0.682, -0.006,  0.000,5425491.9,  1,  22.1,   0.9, 0.100
2025-11-11 09:47:52,        0,  29.5,   1.6,  25.5,  0.657, -0.006,  0.000,5425486.1,  1,  22.1,   0.9, 0.100
2025-11-11 09:47:53,        0,  29.5,   1.6,  25.5,  0.622, -0.005,  0.000,5425479.4,  1,  22.1,   0.9, 0.100
2025-11-11 09:47:54,        0,  29.6,   1.8,  25.5,  0.602, -0.006,  0.000,5425473.5,  1,  22.1,   0.9, 0.100
2025-11-11 09:47:55,        0,  29.6,   1.8,  25.5,  0.583, -0.006,  0.000,5425468.5,  1,  22.1,   0.9, 0.100
2025-11-11 09:47:56,        0,  29.7,   2.0,  25.5,  0.557, -0.006,  0.000,5425463.0,  1,  22.1,   0.9, 0.100
2025-11-11 09:47:57,        0,  29.6,   1.8,  25.5,  0.541, -0.006,  0.000,5425457.6,  1,  22.1,   0.9, 0.100
2025-11-11 09:47:58,        0,  29.7,   2.0,  25.5,  0.519, -0.006,  0.000,5425451.3,  1,  22.1,   0.8, 0.100
2025-11-11 09:47:59,        0,  29.7,   2.0,  25.5,  0.505, -0.005,  0.000,5425445.8,  1,  22.1,   0.8, 0.100
2025-11-11 09:48:00,        0,  29.7,   2.1,  25.5,  0.493, -0.005,  0.000,5425440.8,  1,  22.1,   0.8, 0.100
2025-11-11 09:48:01,        0,  29.7,   2.1,  25.5,  0.474, -0.005,  0.000,5425436.6,  1,  22.1,   0.8, 0.100
2025-11-11 09:48:02,        0,  29.7,   2.1,  25.5,  0.457, -0.005,  0.000,5425430.3,  1,  22.1,   0.8, 0.100
2025-11-11 09:48:03,        0,  29.7,   2.1,  25.5,  0.447, -0.005,  0.000,5425425.7,  1,  22.1,   0.8, 0.100
2025-11-11 09:48:04,        0,  29.8,   2.3,  25.5,  0.437, -0.005,  0.000,5425420.7,  1,  22.1,   0.8, 0.100
2025-11-11 09:48:05,        0,  29.8,   2.3,  25.5,  0.422, -0.005,  0.000,5425416.5,  1,  22.1,   0.8, 0.100
2025-11-11 09:48:06,        0,  29.8,   2.4,  25.5,  0.412, -0.005,  0.000,5425411.9,  1,  22.1,   0.8, 0.100
2025-11-11 09:48:07,        0,  29.8,   2.3,  25.5,  0.399, -0.004,  0.000,5425407.3,  1,  22.1,   0.8, 0.100
2025-11-11 09:48:08,        0,  29.8,   2.4,  25.5,  0.390, -0.004,  0.000,5425402.7,  1,  22.1,   0.8, 0.100
2025-11-11 09:48:09,        0,  29.8,   2.4,  25.5,  0.383, -0.005,  0.000,5425398.1,  1,  22.1,   0.8, 0.100
2025-11-11 09:48:10,        0,  29.8,   2.4,  25.5,  0.371, -0.004,  0.000,5425394.7,  1,  22.1,   0.8, 0.100
2025-11-11 09:48:11,        0,  29.8,   2.4,  25.5,  0.363, -0.004,  0.000,5425390.1,  1,  22.1,   0.8, 0.100
2025-11-11 09:48:12,        0,  29.8,   2.4,  25.5,  0.353, -0.004,  0.000,5425385.9,  1,  22.1,   0.8, 0.100
2025-11-11 09:48:13,        0,  29.9,   2.6,  25.5,  3.426,  2.342,  0.014,5427383.3,  1,  22.1,   0.8, 0.100
2025-11-11 09:48:14,        0,  29.9,   2.6,  25.5,  6.260,  4.353,  0.027,5431482.5,  1,  22.1,   0.8, 0.100
2025-11-11 09:48:15,        0,  29.5,   1.5,  25.5,  4.912,  3.123,  0.017,5434965.2,  1,  22.1,   0.8, 0.100
2025-11-11 09:48:16,        0,  29.4,   1.1,  25.5,  1.302,  0.068,  0.000,5435026.3,  1,  22.1,   0.8, 0.100
2025-11-11 09:48:17,        0,  29.0,   0.1,  25.5,  1.012,  0.001,  0.000,5435029.7,  1,  22.1,   0.8, 0.100
2025-11-11 09:48:18,        0,  29.3,   1.0,  25.5,  0.942, -0.004,  0.000,5435026.3,  1,  22.1,   0.9, 0.100
2025-11-11 09:48:19,        0,  29.3,   1.0,  25.5,  0.870, -0.006,  0.000,5435020.5,  1,  22.1,   0.9, 0.100
2025-11-11 09:48:20,        0,  29.2,   0.6,  25.5,  0.832, -0.006,  0.000,5435014.6,  1,  22.1,   0.9, 0.100
2025-11-11 09:48:21,        0,  29.2,   0.6,  25.5,  0.778, -0.006,  0.000,5435009.2,  1,  22.1,   0.9, 0.100
2025-11-11 09:48:22,        0,  29.3,   1.0,  25.5,  0.745, -0.006,  0.000,5435003.3,  1,  22.1,   0.9, 0.100
2025-11-11 09:48:23,        0,  29.3,   1.0,  25.5,  0.701, -0.006,  0.000,5434996.2,  1,  22.1,   0.9, 0.100
2025-11-11 09:48:24,        0,  29.3,   1.0,  25.5,  0.675, -0.006,  0.000,5434990.3,  1,  22.1,   1.0, 0.100
2025-11-11 09:48:25,        0,  29.3,   1.0,  25.5,  0.651, -0.006,  0.000,5434985.3,  1,  22.1,   0.9, 0.100
2025-11-11 09:48:26,        0,  29.3,   1.0,  25.5,  0.629, -0.006,  0.000,5434980.2,  1,  22.1,   0.9, 0.100
2025-11-11 09:48:27,        0,  29.3,   1.0,  25.5,  0.598, -0.005,  0.000,5434973.1,  1,  22.1,   0.9, 0.100
2025-11-11 09:48:28,        0,  29.3,   1.0,  25.5,  0.573, -0.006,  0.000,5434967.7,  1,  22.1,   0.9, 0.100
2025-11-11 09:48:29,        0,  29.4,   1.1,  25.5,  0.557, -0.006,  0.000,5434962.2,  1,  22.1,   0.9, 0.100
2025-11-11 09:48:30,        0,  29.4,   1.1,  25.5,  0.542, -0.006,  0.000,5434957.6,  1,  22.1,   0.9, 0.100
2025-11-11 09:48:31,        0,  29.5,   1.5,  25.5,  0.522, -0.006,  0.000,5434950.5,  1,  22.1,   0.9, 0.100
2025-11-11 09:48:32,        0,  29.4,   1.3,  25.5,  0.508, -0.005,  0.000,5434945.0,  1,  22.1,   0.9, 0.100
2025-11-11 09:48:33,        0,  29.5,   1.5,  25.5,  0.489, -0.005,  0.000,5434940.4,  1,  22.1,   0.9, 0.100
2025-11-11 09:48:34,        0,  29.5,   1.5,  25.5,  0.477, -0.005,  0.000,5434935.4,  1,  22.1,   0.9, 0.100
2025-11-11 09:48:35,        0,  29.5,   1.5,  25.4,  0.465, -0.005,  0.000,5434930.8,  1,  22.1,   0.9, 0.100
2025-11-11 09:48:36,        0,  29.5,   1.5,  25.5,  0.449, -0.005,  0.000,5434924.9,  1,  22.1,   0.9, 0.100
2025-11-11 09:48:37,        0,  29.5,   1.5,  25.5,  0.439, -0.005,  0.000,5434920.7,  1,  22.1,   0.9, 0.100
2025-11-11 09:48:38,        0,  29.5,   1.5,  25.5,  0.425, -0.005,  0.000,5434916.1,  1,  22.1,   0.9, 0.100
2025-11-11 09:48:39,        0,  29.5,   1.5,  25.5,  0.416, -0.005,  0.000,5434911.9,  1,  22.1,   0.9, 0.100
2025-11-11 09:48:40,        0,  29.5,   1.6,  25.5,  0.403, -0.005,  0.000,5434906.1,  1,  22.1,   0.9, 0.100
2025-11-11 09:48:41,        0,  29.5,   1.5,  25.5,  0.394, -0.004,  0.000,5434901.9,  1,  22.1,   0.9, 0.100
2025-11-11 09:48:42,        0,  29.5,   1.6,  25.5,  0.386, -0.004,  0.000,5434898.1,  1,  22.1,   0.9, 0.100
2025-11-11 09:48:43,        0,  29.6,   1.8,  25.5,  0.375, -0.004,  0.000,5434893.1,  1,  22.1,   0.9, 0.100
2025-11-11 09:48:44,        0,  29.6,   1.8,  25.5,  0.365, -0.004,  0.000,5434888.9,  1,  22.1,   0.9, 0.100
2025-11-11 09:48:45,        0,  29.6,   1.8,  25.5,  0.357, -0.004,  0.000,5434884.7,  1,  22.1,   0.9, 0.100
2025-11-11 09:48:46,        0,  29.7,   2.0,  25.5,  0.350, -0.004,  0.000,5434880.9,  1,  22.1,   0.9, 0.100
2025-11-11 09:48:47,        0,  29.6,   1.8,  25.5,  0.344, -0.004,  0.000,5434875.9,  1,  22.1,   0.9, 0.100
2025-11-11 09:48:48,        0,  29.7,   2.0,  25.5,  0.333, -0.004,  0.000,5434871.7,  1,  22.1,   1.0, 0.100
2025-11-11 09:48:49,        0,  29.7,   2.0,  25.5,  0.323, -0.004,  0.000,5434867.9,  1,  22.1,   1.0, 0.100
2025-11-11 09:48:50,        0,  29.7,   2.0,  25.5,  0.317, -0.005,  0.000,5434864.6,  1,  22.1,   1.0, 0.100
2025-11-11 09:48:51,        0,  29.7,   2.1,  25.5,  0.312, -0.004,  0.000,5434861.2,  1,  22.1,   1.0, 0.100
2025-11-11 09:48:52,        0,  29.7,   2.1,  25.5,  0.303, -0.004,  0.000,5434857.9,  1,  22.1,   1.0, 0.100
2025-11-11 09:48:53,        0,  29.7,   2.1,  25.5,  0.298, -0.004,  0.000,5434853.7,  1,  22.1,   1.0, 0.100
2025-11-11 09:48:54,        0,  29.8,   2.3,  25.5,  0.290, -0.004,  0.000,5434849.9,  1,  22.1,   1.0, 0.100
2025-11-11 09:48:55,        0,  29.7,   2.1,  25.5,  0.285, -0.003,  0.000,5434847.4,  1,  22.1,   1.0, 0.100
2025-11-11 09:48:56,        0,  29.7,   2.1,  25.5,  0.280, -0.003,  0.000,5434844.0,  1,  22.1,   1.0, 0.100
2025-11-11 09:48:57,        0,  29.8,   2.4,  25.5,  0.272, -0.003,  0.000,5434840.7,  1,  22.1,   1.0, 0.100
2025-11-11 09:48:58,        0,  29.8,   2.4,  25.5,  0.268, -0.003,  0.000,5434837.3,  1,  22.1,   1.0, 0.100
2025-11-11 09:48:59,        0,  29.8,   2.4,  25.5,  0.261, -0.003,  0.000,5434833.6,  1,  22.1,   1.0, 0.100
2025-11-11 09:49:00,        0,  29.8,   2.4,  25.5,  0.258, -0.003,  0.000,5434831.5,  1,  22.1,   1.0, 0.100
2025-11-11 09:49:01,        0,  29.8,   2.4,  25.5,  0.254, -0.003,  0.000,5434827.7,  1,  22.1,   1.0, 0.100
2025-11-11 09:49:02,        0,  29.9,   2.6,  25.5,  0.248, -0.003,  0.000,5434824.3,  1,  22.1,   1.0, 0.100
2025-11-11 09:49:03,        0,  29.9,   2.6,  25.5,  0.244, -0.003,  0.000,5434822.2,  1,  22.1,   1.0, 0.100
2025-11-11 09:49:04,        0,  29.9,   2.6,  25.5,  0.238, -0.003,  0.000,5434818.9,  1,  22.1,   0.9, 0.100
2025-11-11 09:49:05,        0,  29.9,   2.6,  25.5,  3.938,  2.754,  0.017,5437043.9,  1,  22.1,   0.9, 0.100
2025-11-11 09:49:06,        0,  29.7,   2.0,  25.5,  6.283,  4.354,  0.027,5442068.4,  1,  22.1,   1.0, 0.100
2025-11-11 09:49:07,        0,  28.6,   0.0,  25.5,  1.714,  0.310,  0.001,5442634.2,  1,  22.1,   0.9, 0.100
2025-11-11 09:49:08,        0,  29.0,   0.0,  25.5,  1.061,  0.008,  0.000,5442650.9,  1,  22.1,   0.9, 0.100
2025-11-11 09:49:09,        0,  29.5,   1.6,  25.5,  0.967, -0.002,  0.000,5442649.7,  1,  22.1,   0.9, 0.100
2025-11-11 09:49:10,        0,  29.4,   1.1,  25.5,  0.885, -0.005,  0.000,5442644.2,  1,  22.1,   0.9, 0.100
2025-11-11 09:49:11,        0,  29.4,   1.1,  25.5,  0.841, -0.006,  0.000,5442639.2,  1,  22.1,   0.9, 0.100
2025-11-11 09:49:12,        0,  29.4,   1.3,  25.4,  0.804, -0.005,  0.000,5442634.2,  1,  22.2,   0.9, 0.100
2025-11-11 09:49:13,        0,  29.4,   1.3,  25.5,  0.751, -0.006,  0.000,5442628.3,  1,  22.1,   0.8, 0.100
2025-11-11 09:49:14,        0,  29.4,   1.1,  25.5,  0.721, -0.005,  0.000,5442622.9,  1,  22.1,   0.8, 0.100
2025-11-11 09:49:15,        0,  29.4,   1.3,  25.5,  0.680, -0.005,  0.000,5442615.3,  1,  22.1,   0.8, 0.100
2025-11-11 09:49:16,        0,  29.4,   1.3,  25.5,  0.655, -0.006,  0.000,5442610.7,  1,  22.1,   0.9, 0.100
2025-11-11 09:49:17,        0,  29.4,   1.3,  25.4,  0.632, -0.005,  0.000,5442605.7,  1,  22.1,   0.8, 0.100
2025-11-11 09:49:18,        0,  29.4,   1.3,  25.5,  0.602, -0.006,  0.000,5442599.4,  1,  22.1,   0.8, 0.100
2025-11-11 09:49:19,        0,  29.5,   1.5,  25.5,  0.583, -0.006,  0.000,5442592.3,  1,  22.1,   0.8, 0.100
2025-11-11 09:49:20,        0,  29.5,   1.5,  25.5,  0.558, -0.006,  0.000,5442586.8,  1,  22.1,   0.8, 0.100
2025-11-11 09:49:21,        0,  29.5,   1.5,  25.5,  0.543, -0.006,  0.000,5442581.4,  1,  22.1,   0.8, 0.100
2025-11-11 09:49:22,        0,  29.5,   1.6,  25.4,  0.528, -0.005,  0.000,5442575.5,  1,  22.1,   0.8, 0.100
2025-11-11 09:49:23,        0,  29.5,   1.6,  25.5,  0.508, -0.005,  0.000,5442569.6,  1,  22.1,   0.8, 0.100
2025-11-11 09:49:24,        0,  29.5,   1.6,  25.4,  0.489, -0.005,  0.000,5442564.2,  1,  22.1,   0.9, 0.100
2025-11-11 09:49:25,        0,  29.5,   1.6,  25.5,  0.478, -0.005,  0.000,5442559.6,  1,  22.1,   0.9, 0.100
2025-11-11 09:49:26,        0,  29.5,   1.6,  25.5,  0.466, -0.005,  0.000,5442554.6,  1,  22.1,   0.8, 0.100
2025-11-11 09:49:27,        0,  29.6,   1.8,  25.5,  0.449, -0.005,  0.000,5442549.5,  1,  22.1,   0.9, 0.100
2025-11-11 09:49:28,        0,  29.7,   2.0,  25.5,  0.439, -0.005,  0.000,5442544.1,  1,  22.1,   0.8, 0.100
2025-11-11 09:49:29,        0,  29.7,   2.0,  25.4,  0.424, -0.005,  0.000,5442539.0,  1,  22.1,   0.9, 0.100
2025-11-11 09:49:30,        0,  29.7,   2.0,  25.4,  0.415, -0.005,  0.000,5442534.9,  1,  22.1,   0.8, 0.100
2025-11-11 09:49:31,        0,  29.7,   2.1,  25.5,  0.406, -0.005,  0.000,5442531.1,  1,  22.1,   0.9, 0.100
2025-11-11 09:49:32,        0,  29.7,   2.0,  25.4,  0.392, -0.004,  0.000,5442526.1,  1,  22.1,   0.8, 0.100
2025-11-11 09:49:33,        0,  29.7,   2.1,  25.5,  0.384, -0.004,  0.000,5442521.9,  1,  22.1,   0.8, 0.100
2025-11-11 09:49:34,        0,  29.7,   2.0,  25.4,  0.372, -0.005,  0.000,5442517.3,  1,  22.1,   0.8, 0.100
2025-11-11 09:49:35,        0,  29.7,   2.1,  25.4,  0.365, -0.004,  0.000,5442513.9,  1,  22.1,   0.8, 0.100
2025-11-11 09:49:36,        0,  29.7,   2.1,  25.5,  0.357, -0.004,  0.000,5442509.7,  1,  22.1,   0.8, 0.100
2025-11-11 09:49:37,        0,  29.7,   2.1,  25.4,  0.347, -0.004,  0.000,5442505.5,  1,  22.1,   0.8, 0.100
2025-11-11 09:49:38,        0,  29.7,   2.1,  25.4,  0.340, -0.003,  0.000,5442502.2,  1,  22.1,   0.8, 0.100
2025-11-11 09:49:39,        0,  29.8,   2.4,  25.4,  0.330, -0.004,  0.000,5442497.6,  1,  22.1,   0.8, 0.100
2025-11-11 09:49:40,        0,  29.8,   2.3,  25.4,  0.323, -0.003,  0.000,5442494.2,  1,  22.1,   0.9, 0.100
2025-11-11 09:49:41,        0,  29.8,   2.4,  25.5,  0.314, -0.004,  0.000,5442489.6,  1,  22.1,   0.8, 0.100
2025-11-11 09:49:42,        0,  29.8,   2.3,  25.4,  0.309, -0.004,  0.000,5442486.2,  1,  22.1,   0.9, 0.100
2025-11-11 09:49:43,        0,  29.9,   2.6,  25.4,  0.303, -0.004,  0.000,5442482.9,  1,  22.1,   0.9, 0.100
2025-11-11 09:49:44,        0,  29.8,   2.4,  25.4,  0.295, -0.003,  0.000,5442479.5,  1,  22.1,   0.9, 0.100
2025-11-11 09:49:45,        0,  29.9,   2.6,  25.5,  0.287, -0.003,  0.000,5442476.2,  1,  22.1,   0.9, 0.100
2025-11-11 09:49:46,        0,  29.9,   2.6,  25.4,  0.282, -0.003,  0.000,5442472.4,  1,  22.1,   0.8, 0.100
2025-11-11 09:49:47,        0,  29.9,   2.6,  25.4,  3.827,  2.648,  0.016,5444877.2,  1,  22.1,   0.9, 0.100
2025-11-11 09:49:48,        0,  29.9,   2.6,  25.5,  6.300,  4.354,  0.027,5449038.0,  1,  22.1,   0.9, 0.100
2025-11-11 09:49:49,        0,  29.4,   1.1,  25.4,  2.509,  0.959,  0.003,5451094.0,  1,  22.0,   0.9, 0.100
2025-11-11 09:49:50,        0,  29.5,   1.5,  25.5,  1.094,  0.013,  0.000,5451137.6,  1,  22.1,   0.9, 0.100
2025-11-11 09:49:51,        0,  29.5,   1.6,  25.4,  0.986, -0.000,  0.000,5451138.0,  1,  22.1,   0.9, 0.100
2025-11-11 09:49:52,        0,  29.4,   1.1,  25.4,  0.922, -0.004,  0.000,5451134.7,  1,  22.1,   0.9, 0.100
2025-11-11 09:49:53,        0,  29.3,   1.0,  25.4,  0.853, -0.005,  0.000,5451128.8,  1,  22.1,   0.9, 0.100
2025-11-11 09:49:54,        0,  29.4,   1.1,  25.4,  0.814, -0.006,  0.000,5451122.1,  1,  22.1,   0.9, 0.100
2025-11-11 09:49:55,        0,  29.3,   1.0,  25.4,  0.762, -0.005,  0.000,5451116.7,  1,  22.1,   0.9, 0.100
2025-11-11 09:49:56,        0,  29.4,   1.1,  25.5,  0.731, -0.006,  0.000,5451110.8,  1,  22.1,   0.9, 0.100
2025-11-11 09:49:57,        0,  29.4,   1.3,  25.4,  0.703, -0.006,  0.000,5451104.9,  1,  22.1,   0.9, 0.100
2025-11-11 09:49:58,        0,  29.4,   1.1,  25.4,  0.664, -0.006,  0.000,5451099.5,  1,  22.1,   0.9, 0.100
2025-11-11 09:49:59,        0,  29.4,   1.1,  25.4,  0.642, -0.006,  0.000,5451092.4,  1,  22.1,   0.9, 0.100
2025-11-11 09:50:00,        0,  29.4,   1.3,  25.4,  0.613, -0.006,  0.000,5451086.5,  1,  22.1,   0.9, 0.100
2025-11-11 09:50:01,        0,  29.4,   1.1,  25.4,  0.594, -0.006,  0.000,5451080.6,  1,  22.1,   0.9, 0.100
2025-11-11 09:50:02,        0,  29.4,   1.1,  25.4,  0.577, -0.006,  0.000,5451075.2,  1,  22.1,   0.9, 0.100
2025-11-11 09:50:03,        0,  29.5,   1.5,  25.4,  0.553, -0.006,  0.000,5451068.5,  1,  22.0,   0.9, 0.100
2025-11-11 09:50:04,        0,  29.4,   1.3,  25.4,  0.531, -0.005,  0.000,5451063.4,  1,  22.1,   0.9, 0.100
2025-11-11 09:50:05,        0,  29.4,   1.3,  25.4,  0.517, -0.005,  0.000,5451058.0,  1,  22.1,   0.9, 0.100
2025-11-11 09:50:06,        0,  29.5,   1.5,  25.4,  0.503, -0.005,  0.000,5451053.8,  1,  22.1,   0.9, 0.100
2025-11-11 09:50:07,        0,  29.5,   1.5,  25.4,  0.485, -0.005,  0.000,5451046.7,  1,  22.0,   0.9, 0.100
2025-11-11 09:50:08,        0,  29.5,   1.6,  25.4,  0.473, -0.006,  0.000,5451042.1,  1,  22.1,   0.9, 0.100
2025-11-11 09:50:09,        0,  29.5,   1.5,  25.4,  0.457, -0.005,  0.000,5451037.0,  1,  22.1,   0.9, 0.100
2025-11-11 09:50:10,        0,  29.5,   1.6,  25.4,  0.447, -0.005,  0.000,5451032.0,  1,  22.0,   0.9, 0.100
2025-11-11 09:50:11,        0,  29.5,   1.6,  25.4,  0.436, -0.005,  0.000,5451027.8,  1,  22.1,   0.9, 0.100
2025-11-11 09:50:12,        0,  29.5,   1.6,  25.4,  0.422, -0.005,  0.000,5451021.9,  1,  22.1,   1.0, 0.100
2025-11-11 09:50:13,        0,  29.5,   1.6,  25.4,  0.414, -0.005,  0.000,5451017.8,  1,  22.0,   0.9, 0.100
2025-11-11 09:50:14,        0,  29.5,   1.6,  25.4,  0.401, -0.004,  0.000,5451013.6,  1,  22.1,   1.0, 0.100
2025-11-11 09:50:15,        0,  29.6,   1.8,  25.5,  0.393, -0.005,  0.000,5451007.7,  1,  22.0,   0.9, 0.100
2025-11-11 09:50:16,        0,  29.6,   1.8,  25.4,  0.380, -0.004,  0.000,5451003.5,  1,  22.1,   0.9, 0.100
2025-11-11 09:50:17,        0,  29.5,   1.6,  25.4,  0.373, -0.004,  0.000,5450999.7,  1,  22.1,   0.9, 0.100
2025-11-11 09:50:18,        0,  29.5,   1.6,  25.4,  0.365, -0.004,  0.000,5450996.4,  1,  22.1,   0.9, 0.100
2025-11-11 09:50:19,        0,  29.7,   2.0,  25.4,  0.355, -0.005,  0.000,5450991.8,  1,  22.1,   0.9, 0.100
2025-11-11 09:50:20,        0,  29.6,   1.8,  25.4,  0.348, -0.004,  0.000,5450986.7,  1,  22.1,   0.9, 0.100
2025-11-11 09:50:21,        0,  29.7,   2.1,  25.4,  0.338, -0.004,  0.000,5450983.0,  1,  22.1,   0.9, 0.100
2025-11-11 09:50:22,        0,  29.7,   2.0,  25.4,  0.332, -0.004,  0.000,5450979.2,  1,  22.0,   0.8, 0.100
2025-11-11 09:50:23,        0,  29.7,   2.1,  25.4,  0.325, -0.004,  0.000,5450975.4,  1,  22.1,   0.8, 0.100
2025-11-11 09:50:24,        0,  29.7,   2.1,  25.4,  0.317, -0.004,  0.000,5450971.2,  1,  22.1,   0.8, 0.100
2025-11-11 09:50:25,        0,  29.7,   2.1,  25.4,  0.311, -0.004,  0.000,5450967.9,  1,  22.0,   0.8, 0.100
2025-11-11 09:50:26,        0,  29.7,   2.1,  25.4,  0.302, -0.004,  0.000,5450965.0,  1,  22.1,   0.8, 0.100
2025-11-11 09:50:27,        0,  29.7,   2.1,  25.3,  0.297, -0.003,  0.000,5450961.2,  1,  22.1,   0.8, 0.100
2025-11-11 09:50:28,        0,  29.8,   2.3,  25.4,  0.289, -0.003,  0.000,5450957.4,  1,  22.1,   0.8, 0.100
2025-11-11 09:50:29,        0,  29.8,   2.3,  25.4,  0.284, -0.003,  0.000,5450954.5,  1,  22.0,   0.8, 0.100
2025-11-11 09:50:30,        0,  29.8,   2.3,  25.4,  0.279, -0.003,  0.000,5450951.5,  1,  22.1,   0.8, 0.100
2025-11-11 09:50:31,        0,  29.8,   2.3,  25.4,  0.273, -0.003,  0.000,5450948.6,  1,  22.0,   0.8, 0.100
2025-11-11 09:50:32,        0,  29.8,   2.3,  25.3,  0.266, -0.003,  0.000,5450944.8,  1,  22.1,   0.8, 0.100
2025-11-11 09:50:33,        0,  29.7,   2.1,  25.4,  0.261, -0.003,  0.000,5450941.9,  1,  22.1,   0.8, 0.100
2025-11-11 09:50:34,        0,  29.8,   2.3,  25.4,  0.257, -0.003,  0.000,5450939.4,  1,  22.1,   0.8, 0.100
2025-11-11 09:50:35,        0,  29.8,   2.4,  25.4,  0.251, -0.003,  0.000,5450935.2,  1,  22.1,   0.8, 0.100
2025-11-11 09:50:36,        0,  29.7,   2.1,  25.4,  0.247, -0.003,  0.000,5450931.8,  1,  22.1,   0.8, 0.100
2025-11-11 09:50:37,        0,  29.8,   2.4,  25.4,  0.241, -0.003,  0.000,5450929.7,  1,  22.1,   0.8, 0.100
2025-11-11 09:50:38,        0,  29.8,   2.4,  25.4,  0.237, -0.003,  0.000,5450926.8,  1,  22.1,   0.8, 0.100
2025-11-11 09:50:39,        0,  29.9,   2.6,  25.4,  0.235, -0.003,  0.000,5450923.9,  1,  22.1,   0.8, 0.100
2025-11-11 09:50:40,        0,  29.9,   2.6,  25.4,  0.229, -0.003,  0.000,5450920.5,  1,  22.1,   0.9, 0.100
2025-11-11 09:50:41,        0,  29.9,   2.6,  25.4,  0.226, -0.003,  0.000,5450918.0,  1,  22.1,   0.9, 0.100
2025-11-11 09:50:42,        0,  29.9,   2.6,  25.4,  0.222, -0.003,  0.000,5450916.3,  1,  22.1,   0.9, 0.100
2025-11-11 09:50:43,        0,  29.9,   2.8,  25.4,  0.610,  0.336,  0.002,5452011.0,  1,  22.1,   0.9, 0.100
2025-11-11 09:50:44,        0,  29.9,   2.6,  25.4,  6.326,  4.352,  0.028,5456158.0,  1,  22.1,   0.9, 0.100
2025-11-11 09:50:45,        0,  29.4,   1.3,  25.3,  3.533,  1.850,  0.008,5459057.3,  1,  22.1,   0.9, 0.100
2025-11-11 09:50:46,        0,  29.1,   0.3,  25.3,  1.243,  0.046,  0.000,5459097.5,  1,  22.1,   0.9, 0.100
2025-11-11 09:50:47,        0,  29.4,   1.3,  25.4,  0.996,  0.001,  0.000,5459100.8,  1,  22.1,   0.9, 0.100
2025-11-11 09:50:48,        0,  29.3,   1.0,  25.4,  0.929, -0.004,  0.000,5459097.5,  1,  22.1,   0.9, 0.100
2025-11-11 09:50:49,        0,  29.5,   1.5,  25.4,  0.860, -0.006,  0.000,5459090.8,  1,  22.1,   0.9, 0.100
2025-11-11 09:50:50,        0,  29.2,   0.6,  25.4,  0.822, -0.006,  0.000,5459084.5,  1,  22.1,   0.9, 0.100
2025-11-11 09:50:51,        0,  29.4,   1.3,  25.3,  0.771, -0.007,  0.000,5459077.8,  1,  22.1,   0.9, 0.100
2025-11-11 09:50:52,        0,  29.4,   1.3,  25.4,  0.739, -0.006,  0.000,5459073.2,  1,  22.1,   0.9, 0.100
2025-11-11 09:50:53,        0,  29.4,   1.3,  25.4,  0.709, -0.005,  0.000,5459067.3,  1,  22.1,   0.9, 0.100
2025-11-11 09:50:54,        0,  29.5,   1.5,  25.4,  0.669, -0.006,  0.000,5459060.2,  1,  22.1,   0.9, 0.100
2025-11-11 09:50:55,        0,  29.4,   1.3,  25.4,  0.646, -0.006,  0.000,5459054.3,  1,  22.1,   0.9, 0.100
2025-11-11 09:50:56,        0,  29.4,   1.3,  25.3,  0.614, -0.006,  0.000,5459048.9,  1,  22.1,   0.9, 0.100
2025-11-11 09:50:57,        0,  29.5,   1.6,  25.4,  0.596, -0.006,  0.000,5459042.6,  1,  22.1,   0.9, 0.100
2025-11-11 09:50:58,        0,  29.5,   1.5,  25.4,  0.571, -0.006,  0.000,5459035.9,  1,  22.1,   0.9, 0.100
2025-11-11 09:50:59,        0,  29.4,   1.3,  25.3,  0.554, -0.006,  0.000,5459030.0,  1,  22.1,   0.9, 0.100
2025-11-11 09:51:00,        0,  29.5,   1.5,  25.4,  0.540, -0.005,  0.000,5459024.6,  1,  22.1,   1.0, 0.100
2025-11-11 09:51:01,        0,  29.5,   1.5,  25.4,  0.519, -0.005,  0.000,5459019.1,  1,  22.1,   0.9, 0.100
2025-11-11 09:51:02,        0,  29.6,   1.8,  25.4,  0.506, -0.005,  0.000,5459014.1,  1,  22.1,   0.9, 0.100
2025-11-11 09:51:03,        0,  29.6,   1.8,  25.4,  0.488, -0.005,  0.000,5459007.4,  1,  22.1,   0.9, 0.100
2025-11-11 09:51:04,        0,  29.5,   1.5,  25.4,  0.476, -0.005,  0.000,5459002.4,  1,  22.1,   1.0, 0.100
2025-11-11 09:51:05,        0,  29.5,   1.6,  25.4,  0.464, -0.005,  0.000,5458997.7,  1,  22.1,   0.9, 0.100
2025-11-11 09:51:06,        0,  29.6,   1.8,  25.4,  0.449, -0.005,  0.000,5458993.1,  1,  22.1,   0.9, 0.100
2025-11-11 09:51:07,        0,  29.6,   1.8,  25.3,  0.435, -0.005,  0.000,5458987.3,  1,  22.1,   0.9, 0.100
2025-11-11 09:51:08,        0,  29.7,   2.0,  25.4,  0.426, -0.005,  0.000,5458981.8,  1,  22.1,   0.9, 0.100
2025-11-11 09:51:09,        0,  29.6,   1.8,  25.4,  0.417, -0.005,  0.000,5458977.6,  1,  22.1,   0.9, 0.100
2025-11-11 09:51:10,        0,  29.5,   1.6,  25.3,  0.408, -0.005,  0.000,5458973.0,  1,  22.1,   0.9, 0.100
2025-11-11 09:51:11,        0,  29.6,   1.9,  25.3,  0.396, -0.004,  0.000,5458967.6,  1,  22.1,   0.9, 0.100
2025-11-11 09:51:12,        0,  29.7,   2.0,  25.3,  0.384, -0.004,  0.000,5458963.4,  1,  22.1,   0.9, 0.100
2025-11-11 09:51:13,        0,  29.7,   2.0,  25.3,  0.377, -0.004,  0.000,5458959.2,  1,  22.1,   0.9, 0.100
2025-11-11 09:51:14,        0,  29.7,   2.0,  25.4,  0.368, -0.004,  0.000,5458955.8,  1,  22.1,   0.9, 0.100
2025-11-11 09:51:15,        0,  29.7,   2.1,  25.3,  0.357, -0.004,  0.000,5458950.8,  1,  22.1,   0.9, 0.100
2025-11-11 09:51:16,        0,  29.7,   2.1,  25.3,  0.350, -0.004,  0.000,5458946.2,  1,  22.1,   0.9, 0.100
2025-11-11 09:51:17,        0,  29.8,   2.3,  25.4,  0.341, -0.004,  0.000,5458942.8,  1,  22.1,   0.9, 0.100
2025-11-11 09:51:18,        0,  29.8,   2.3,  25.3,  0.335, -0.004,  0.000,5458939.1,  1,  22.1,   0.9, 0.100
2025-11-11 09:51:19,        0,  29.8,   2.3,  25.3,  0.328, -0.004,  0.000,5458934.9,  1,  22.1,   0.9, 0.100
2025-11-11 09:51:20,        0,  29.8,   2.3,  25.3,  0.320, -0.004,  0.000,5458931.1,  1,  22.1,   0.9, 0.100
2025-11-11 09:51:21,        0,  29.8,   2.3,  25.3,  0.314, -0.004,  0.000,5458927.3,  1,  22.1,   0.9, 0.100
2025-11-11 09:51:22,        0,  29.8,   2.4,  25.3,  0.305, -0.003,  0.000,5458923.1,  1,  22.1,   0.9, 0.100
2025-11-11 09:51:23,        0,  29.8,   2.3,  25.3,  0.300, -0.004,  0.000,5458919.8,  1,  22.1,   0.9, 0.100
2025-11-11 09:51:24,        0,  29.8,   2.3,  25.3,  0.292, -0.003,  0.000,5458916.9,  1,  22.1,   0.9, 0.100
2025-11-11 09:51:25,        0,  29.8,   2.4,  25.3,  0.287, -0.003,  0.000,5458913.5,  1,  22.1,   0.9, 0.100
2025-11-11 09:51:26,        0,  29.8,   2.4,  25.3,  0.282, -0.003,  0.000,5458910.6,  1,  22.1,   0.9, 0.100
2025-11-11 09:51:27,        0,  29.8,   2.4,  25.3,  0.275, -0.003,  0.000,5458907.6,  1,  22.1,   0.9, 0.100
2025-11-11 09:51:28,        0,  29.8,   2.4,  25.4,  0.270, -0.003,  0.000,5458904.3,  1,  22.1,   0.9, 0.100
2025-11-11 09:51:29,        0,  29.9,   2.6,  25.3,  0.264, -0.003,  0.000,5458900.5,  1,  22.1,   1.0, 0.100
2025-11-11 09:51:30,        0,  29.9,   2.6,  25.3,  0.259, -0.003,  0.000,5458897.2,  1,  22.1,   1.0, 0.100
2025-11-11 09:51:31,        0,  29.9,   2.6,  25.3,  0.253, -0.003,  0.000,5458894.7,  1,  22.1,   1.0, 0.100
2025-11-11 09:51:32,        0,  29.9,   2.8,  25.3,  6.308,  4.329,  0.027,5461562.6,  1,  22.1,   1.0, 0.100
2025-11-11 09:51:33,        0,  29.8,   2.4,  25.4,  6.341,  4.353,  0.028,5466545.2,  1,  22.1,   1.0, 0.100
2025-11-11 09:51:34,        0,  29.4,   1.1,  25.3,  1.516,  0.171,  0.000,5467051.1,  1,  22.1,   0.9, 0.100
2025-11-11 09:51:35,        0,  29.5,   1.5,  25.3,  1.113,  0.017,  0.000,5467067.8,  1,  22.1,   0.9, 0.100
