Time, Cnts,  %T, set_Cell[mA], Cell[°C], Cell[Volt], Cell[mA], Cell[W], Cell[uAs], Cell_ON, Env[°C], TEC[°C], N2Flow[slpm]
2025-11-13 13:08:02,        0,  29.8,   2.5,  25.5,  0.177, -0.002,  0.000,     -1.4,  1,  22.3,   0.9, 0.101
2025-11-13 13:08:04,        0,  29.8,   2.3,  25.5,  0.176, -0.003,  0.000,     -4.6,  1,  22.3,   1.0, 0.100
2025-11-13 13:08:05,        0,  29.6,   1.9,  25.5,  0.176, -0.002,  0.000,     -6.9,  1,  22.4,   1.0, 0.100
2025-11-13 13:08:05,        0,  29.8,   2.5,  25.5,  0.175, -0.002,  0.000,     -9.4,  1,  22.4,   1.0, 0.100
2025-11-13 13:08:06,        0,  29.8,   2.5,  25.5,  0.175, -0.003,  0.000,    -11.7,  1,  22.4,   1.0, 0.099
2025-11-13 13:08:07,        0,  29.8,   2.5,  25.5,  0.174, -0.002,  0.000,    -13.7,  1,  22.4,   1.0, 0.099
2025-11-13 13:08:09,        0,  29.8,   2.5,  25.5,  0.173, -0.003,  0.000,    -16.9,  1,  22.4,   0.9, 0.099
2025-11-13 13:08:09,        0,  29.9,   2.7,  25.5,  0.173, -0.002,  0.000,    -18.9,  1,  22.4,   0.9, 0.098
2025-11-13 13:08:10,        0,  29.9,   2.6,  25.5,  0.173, -0.002,  0.000,    -21.2,  1,  22.4,   0.9, 0.099
2025-11-13 13:08:12,        0,  29.8,   2.5,  25.5,  0.172, -0.002,  0.000,    -24.0,  1,  22.4,   0.9, 0.099
2025-11-13 13:08:13,        0,  29.9,   2.6,  25.5,  0.172, -0.002,  0.000,   1532.9,  1,  22.4,   1.0, 0.099
2025-11-13 13:08:13,        0,  29.7,   2.1,  25.5,  6.232,  3.966,  0.026,   5398.2,  1,  22.4,   0.9, 0.099
2025-11-13 13:08:14,        0,  29.8,   2.3,  25.5,  1.550,  0.183,  0.000,   5831.9,  1,  22.4,   0.9, 0.099
2025-11-13 13:08:16,        0,  29.2,   0.7,  25.5,  1.056,  0.007,  0.000,   5848.5,  1,  22.4,   0.9, 0.099
2025-11-13 13:08:17,        0,  29.6,   1.8,  25.5,  0.966, -0.002,  0.000,   5846.5,  1,  22.4,   0.9, 0.099
2025-11-13 13:08:17,        0,  29.5,   1.4,  25.5,  0.908, -0.005,  0.000,   5841.6,  1,  22.4,   0.9, 0.100
2025-11-13 13:08:18,        0,  29.6,   1.8,  25.5,  0.842, -0.006,  0.000,   5835.9,  1,  22.4,   0.9, 0.100
2025-11-13 13:08:20,        0,  29.6,   1.9,  25.5,  0.787, -0.006,  0.000,   5829.0,  1,  22.4,   0.9, 0.100
2025-11-13 13:08:21,        0,  29.8,   2.5,  25.5,  3.247,  1.835,  0.012,   7229.5,  1,  22.4,   0.9, 0.100
2025-11-13 13:08:21,        0,  30.9,   5.6,  25.5,  7.855,  5.337,  0.042,  12538.4,  1,  22.4,   0.9, 0.100
2025-11-13 13:08:22,        0,  31.1,   6.3,  25.5,  9.684,  6.895,  0.067,  18983.5,  1,  22.4,   0.9, 0.100
2025-11-13 13:08:24,        0,  31.9,   8.6,  25.5, 10.039,  7.198,  0.072,  28116.1,  1,  22.4,   0.9, 0.100
2025-11-13 13:08:25,        0,  32.7,  11.0,  25.5, 14.764, 11.243,  0.169,  38518.8,  1,  22.4,   0.9, 0.101
2025-11-13 13:08:25,        0,  33.2,  12.7,  25.5, 17.658, 13.741,  0.243,  51499.6,  1,  22.3,   0.9, 0.103
2025-11-13 13:08:26,        0,  33.6,  13.9,  25.5, 19.336, 15.203,  0.295,  66190.3,  1,  22.3,   0.8, 0.104
2025-11-13 13:08:27,        0,  34.2,  15.5,  25.5, 19.766, 15.591,  0.309,  81280.0,  1,  22.4,   0.9, 0.106
2025-11-13 13:08:29,        0,  35.0,  18.0,  25.5, 24.053, 19.341,  0.468, 103850.3,  1,  22.3,   0.9, 0.100
2025-11-13 13:08:29,        0,  36.0,  20.9,  25.5, 30.990, 25.473,  0.791, 126633.8,  1,  22.3,   0.9, 0.099
2025-11-13 13:08:30,        0,  37.5,  25.6,  25.5, 37.895, 31.666,  1.207, 154128.7,  1,  22.3,   0.9, 0.099
2025-11-13 13:08:32,        0,  38.1,  27.2,  25.5, 41.013, 34.729,  1.427, 192687.6,  1,  22.3,   0.9, 0.099
2025-11-13 13:08:33,        0,  39.7,  32.0,  25.5, 36.664, 31.021,  1.140, 223139.5,  1,  22.4,   1.0, 0.100
2165-165-165 45:165:85,        0,  41.9,  38.7,  25.5, 43.478, 37.318,  1.637, 260333.3,  1,  22.3,   0.9,-1.000
2025-11-13 13:08:34,        0,  39.4,  31.2,  25.4, 43.336, 37.678,  1.633, 297903.2,  1,  22.3,   0.9, 0.101
2025-11-13 13:08:36,        0,  44.2,  45.5,  25.4, 50.364, 44.340,  2.234, 347880.6,  1,  22.3,   0.9, 0.100
2025-11-13 13:08:37,        0,  40.7,  35.0,  25.5, 37.835, 33.200,  1.259, 384560.4,  1,  22.3,   0.9, 0.100
2025-11-13 13:08:37,        0,  43.7,  44.1,  25.5, 50.007, 44.629,  2.248, 425061.3,  1,  22.3,   0.9, 0.100
2025-11-13 13:08:38,        0,  38.3,  28.0,  25.5, 45.457, 40.738,  1.860, 465732.5,  1,  22.3,   0.9, 0.100
2025-11-13 13:08:40,        0,  42.5,  40.4,  25.5, 50.633, 45.786,  2.324, 513360.8,  1,  22.3,   0.9, 0.100
2025-11-13 13:08:41,        0,  41.5,  37.6,  25.5, 45.118, 40.794,  1.851, 552276.4,  1,  22.3,   0.9, 0.100
2025-11-13 13:08:41,        0,  41.5,  37.6,  25.5, 41.801, 37.697,  1.578, 587581.2,  1,  22.3,   0.9, 0.100
2025-11-13 13:08:42,        0,  40.0,  32.9,  25.5, 46.410, 42.097,  1.958, 626422.7,  1,  22.3,   0.9, 0.100
2025-11-13 13:08:44,        0,  40.4,  34.1,  25.5, 39.705, 35.764,  1.430, 670616.1,  1,  22.3,   0.9, 0.100
2025-11-13 13:08:45,        0,  40.0,  32.9,  25.5, 48.406, 43.954,  2.128, 709782.9,  1,  22.3,   0.9, 0.100
2025-11-13 13:08:45,        0,  41.6,  37.8,  25.5, 44.044, 39.880,  1.771, 748922.0,  1,  22.3,   1.0, 0.100
2025-11-13 13:08:46,        0,  41.8,  38.5,  25.5, 53.565, 49.378,  2.650, 792981.2,  1,  22.3,   1.0, 0.100
2025-11-13 13:08:48,        0,  43.1,  42.3,  25.5, 43.648, 40.076,  1.752, 841238.6,  1,  22.3,   0.9, 0.100
2025-11-13 13:08:48,        0,  43.2,  42.7,  25.5, 44.490, 40.934,  1.824, 881297.0,  1,  22.3,   1.0, 0.100
2025-11-13 13:08:49,        0,  42.6,  40.8,  25.5, 51.370, 47.613,  2.447, 926518.3,  1,  22.3,   0.9, 0.100
2025-11-13 13:08:50,        0,  40.5,  34.5,  25.5, 46.009, 42.578,  1.985, 968341.6,  1,  22.3,   1.0, 0.100
2025-11-13 13:08:52,        0,  42.8,  41.3,  25.5, 36.071, 32.938,  1.210,1011313.0,  1,  22.3,   1.0, 0.100
2025-11-13 13:08:52,        0,  38.5,  28.6,  25.5, 50.426, 47.046,  2.378,1053038.7,  1,  22.3,   1.0, 0.100
2025-11-13 13:08:53,        0,  42.5,  40.4,  25.5, 41.880, 38.550,  1.633,1086247.2,  1,  22.3,   0.9, 0.100
2025-11-13 13:08:54,        0,  40.7,  35.2,  25.5, 40.067, 36.751,  1.479,1123093.5,  1,  22.3,   1.0, 0.100
2025-11-13 13:08:56,        0,  42.2,  39.7,  25.5, 45.255, 41.779,  1.898,1170947.8,  1,  22.3,   1.0, 0.100
2025-11-13 13:08:56,        0,  36.3,  21.8,  25.5, 39.549, 36.290,  1.462,1206129.8,  1,  22.3,   1.0, 0.100
2025-11-13 13:08:57,        0,  41.9,  38.8,  25.5, 39.518, 36.073,  1.484,1241603.6,  1,  22.3,   0.9, 0.100
2025-11-13 13:08:58,        0,  40.0,  33.1,  25.5, 44.936, 41.470,  1.928,1281511.8,  1,  22.3,   1.0, 0.100
2025-11-13 13:09:00,        0,  43.6,  43.7,  25.5, 49.347, 45.832,  2.269,1331207.2,  1,  22.3,   0.9, 0.100
2025-11-13 13:09:01,        0,  40.8,  35.5,  25.5, 48.938, 45.618,  2.233,1375485.8,  1,  22.3,   0.9, 0.100
2025-11-13 13:09:01,        0,  41.7,  38.0,  25.5, 43.720, 40.572,  1.778,1414589.1,  1,  22.3,   0.9, 0.100
2025-11-13 13:09:02,        0,  42.8,  41.4,  25.5, 51.427, 48.175,  2.494,1459709.2,  1,  22.3,   0.9, 0.100
2025-11-13 13:09:04,        0,  44.2,  45.5,  25.5, 48.105, 45.046,  2.178,1513415.5,  1,  22.3,   0.9, 0.100
2025-11-13 13:09:05,        0,  40.9,  35.7,  25.5, 39.480, 36.735,  1.452,1553440.9,  1,  22.3,   0.9, 0.100
2025-11-13 13:09:05,        0,  45.0,  48.1,  25.6, 55.475, 52.542,  2.915,1599712.1,  1,  22.3,   0.9, 0.100
2025-11-13 13:09:06,        0,  41.4,  37.3,  25.6, 52.821, 50.291,  2.661,1648086.9,  1,  22.3,   0.9, 0.100
2025-11-13 13:09:08,        0,  43.5,  43.4,  25.6, 47.890, 45.503,  2.181,1701197.8,  1,  22.3,   0.9, 0.100
2025-11-13 13:09:09,        0,  44.3,  45.8,  25.6, 52.921, 50.570,  2.679,1747572.0,  1,  22.3,   0.9, 0.100
2025-11-13 13:09:09,        0,  45.3,  48.9,  25.6, 52.639, 50.455,  2.656,1795994.0,  1,  22.3,   0.8, 0.100
2025-11-13 13:09:10,        0,  44.0,  45.1,  25.6, 46.136, 44.035,  2.037,1841610.6,  1,  22.3,   0.9, 0.100
2025-11-13 13:09:12,        0,  43.6,  43.7,  25.7, 46.729, 44.646,  2.088,1894168.5,  1,  22.3,   0.9, 0.100
2025-11-13 13:09:13,        0,  40.2,  33.6,  25.6, 49.745, 47.626,  2.374,1938719.5,  1,  22.3,   0.8, 0.100
2025-11-13 13:09:13,        0,  42.9,  41.6,  25.6, 48.040, 45.853,  2.238,1982571.8,  1,  22.3,   0.9, 0.100
2025-11-13 13:09:14,        0,  43.7,  44.1,  25.7, 44.328, 42.276,  1.885,2025582.0,  1,  22.3,   0.8, 0.100
2025-11-13 13:09:16,        0,  39.4,  31.2,  25.7, 52.911, 50.934,  2.700,2081242.5,  1,  22.3,   0.8, 0.100
2025-11-13 13:09:17,        0,  43.8,  44.4,  25.6, 43.105, 40.869,  1.818,2118092.5,  1,  22.3,   0.8, 0.100
2025-11-13 13:09:17,        0,  45.7,  50.2,  25.7, 50.596, 48.496,  2.458,2164918.4,  1,  22.3,   0.8, 0.100
2025-11-13 13:09:18,        0,  41.4,  37.1,  25.7, 52.319, 50.447,  2.650,2210990.6,  1,  22.3,   0.8, 0.100
2025-11-13 13:09:20,        0,  43.2,  42.5,  25.7, 48.419, 46.383,  2.252,2263004.7,  1,  22.3,   0.8, 0.100
2025-11-13 13:09:21,        0,  39.6,  31.9,  25.7, 47.930, 46.093,  2.218,2305421.5,  1,  22.3,   0.8, 0.100
2025-11-13 13:09:21,        0,  43.5,  43.4,  25.7, 44.821, 42.736,  1.918,2343818.0,  1,  22.3,   0.8, 0.100
2025-11-13 13:09:22,        0,  43.6,  43.7,  25.7, 45.718, 43.577,  2.001,2387950.4,  1,  22.3,   0.8, 0.100
2025-11-13 13:09:23,        0,  44.4,  46.3,  25.7, 51.573, 49.447,  2.550,2435705.2,  1,  22.3,   0.8, 0.100
2025-11-13 13:09:25,        0,  44.6,  46.8,  25.7, 55.290, 53.706,  2.984,2495731.2,  1,  22.3,   0.8, 0.100
2025-11-13 13:09:26,        0,  40.7,  35.2,  25.7, 52.734, 51.132,  2.706,2544268.5,  1,  22.3,   0.8, 0.100
2025-11-13 13:09:26,        0,  42.8,  41.3,  25.7, 49.822, 48.113,  2.398,2587702.8,  1,  22.3,   0.8, 0.100
2025-11-13 13:09:27,        0,  42.5,  40.6,  25.7, 46.651, 44.989,  2.102,2631496.0,  1,  22.3,   0.8, 0.100
2025-11-13 13:09:29,        0,  42.2,  39.5,  25.7, 43.070, 41.169,  1.787,2680477.1,  1,  22.3,   0.9, 0.100
2025-11-13 13:09:30,        0,  37.5,  25.6,  25.8, 49.415, 47.562,  2.351,2721650.9,  1,  22.3,   0.8, 0.100
2025-11-13 13:09:30,        0,  38.4,  28.2,  25.8, 39.148, 37.049,  1.456,2755226.3,  1,  22.3,   0.9, 0.100
2025-11-13 13:09:31,        0,  42.8,  41.4,  25.8, 38.567, 36.360,  1.410,2789199.0,  1,  22.3,   0.9, 0.100
2025-11-13 13:09:33,        0,  39.2,  30.7,  25.8, 37.512, 35.249,  1.332,2835208.5,  1,  22.3,   0.9, 0.100
2025-11-13 13:09:33,        0,  41.7,  38.0,  25.8, 36.368, 33.970,  1.236,2867905.9,  1,  22.3,   0.9, 0.100
2025-11-13 13:09:34,        0,  39.4,  31.2,  25.8, 46.326, 43.825,  2.032,2907713.2,  1,  22.3,   1.0, 0.100
2025-11-13 13:09:36,        0,  40.9,  35.7,  25.8, 41.824, 39.284,  1.645,2952123.5,  1,  22.3,   0.9, 0.100
2025-11-13 13:09:37,        0,  38.5,  28.6,  25.8, 42.403, 39.850,  1.690,2990237.9,  1,  22.3,   0.9, 0.100
2025-11-13 13:09:37,        0,  41.8,  38.3,  25.8, 44.387, 41.821,  1.857,3026786.7,  1,  22.3,   1.0, 0.100
2025-11-13 13:09:38,        0,  39.2,  30.7,  25.8, 46.033, 43.594,  2.014,3067054.0,  1,  22.3,   0.9, 0.100
2025-11-13 13:09:40,        0,  41.4,  37.3,  25.8, 42.476, 39.892,  1.699,3110704.3,  1,  22.3,   1.0, 0.100
2025-11-13 13:09:41,        0,  40.1,  33.4,  25.8, 40.722, 38.208,  1.562,3147938.8,  1,  22.3,   0.9, 0.100
2025-11-13 13:09:41,        0,  38.9,  29.8,  25.8, 40.771, 38.185,  1.557,3183557.7,  1,  22.3,   0.9, 0.100
2025-11-13 13:09:42,        0,  38.8,  29.3,  25.8, 33.654, 30.969,  1.043,3213229.6,  1,  22.3,   0.9, 0.100
2025-11-13 13:09:44,        0,  38.3,  28.0,  25.8, 29.058, 26.325,  0.778,3248539.0,  1,  22.4,   0.9, 0.100
2025-11-13 13:09:45,        0,  39.3,  31.0,  25.7, 37.612, 34.596,  1.306,3279256.8,  1,  22.3,   0.9, 0.100
2025-11-13 13:09:45,        0,  36.1,  21.3,  25.8, 34.349, 31.430,  1.080,3309191.1,  1,  22.3,   0.9, 0.100
2025-11-13 13:09:46,        0,  38.1,  27.2,  25.8, 30.066, 27.119,  0.826,3336092.0,  1,  22.4,   0.9, 0.100
2025-11-13 13:09:47,        0,  36.6,  22.8,  25.8, 32.652, 29.555,  0.966,3365383.2,  1,  22.3,   0.9, 0.100
2025-11-13 13:09:49,        0,  37.2,  24.6,  25.8, 30.329, 27.222,  0.827,3396684.7,  1,  22.4,   0.9, 0.100
2025-11-13 13:09:49,        0,  38.3,  28.0,  25.8, 37.861, 34.378,  1.302,3426905.7,  1,  22.3,   0.9, 0.100
2025-11-13 13:09:50,        0,  38.2,  27.7,  25.8, 32.985, 29.712,  0.984,3455935.8,  1,  22.4,   0.8, 0.100
2025-11-13 13:09:51,        0,  38.6,  28.7,  25.8, 27.395, 24.366,  0.683,3481042.9,  1,  22.3,   0.9, 0.100
2025-11-13 13:09:53,        0,  34.1,  15.2,  25.8, 32.832, -0.000,  0.987,3515136.3,  1,  22.3,   0.9, 0.100
2025-11-13 13:09:54,        0,  36.7,  23.2,  25.8, 22.929, 19.912,  0.459,3534185.5,  1,  22.3,   0.9, 0.100
2025-11-13 13:09:54,        0,  36.3,  21.8,  25.8, 27.855, 24.511,  0.686,3557770.5,  1,  22.3,   0.9, 0.100
2025-11-13 13:09:55,        0,  35.3,  19.0,  25.8, 31.709, 28.117,  0.892,3582647.5,  1,  22.3,   0.9, 0.100
2025-11-13 13:09:57,        0,  35.9,  20.7,  25.8, 32.155, 28.470,  0.917,3613018.1,  1,  22.3,   0.9, 0.100
2025-11-13 13:09:58,        0,  34.2,  15.5,  25.8, 22.108, 18.968,  0.423,3633060.5,  1,  22.4,   0.8, 0.100
2025-11-13 13:09:58,        0,  36.2,  21.6,  25.8, 26.678, 23.178,  0.619,3653183.3,  1,  22.3,   0.9, 0.100
2025-11-13 13:09:59,        0,  34.6,  16.9,  25.8, 25.123, 21.669,  0.547,3675181.7,  1,  22.4,   0.9, 0.100
2025-11-13 13:10:00,        0,  34.3,  16.0,  25.8, 21.988, 18.694,  0.428,3692299.6,  1,  22.3,   0.9, 0.100
2025-11-13 13:10:02,        0,  35.6,  19.9,  25.8, 23.454, 19.940,  0.473,3713689.0,  1,  22.3,   0.9, 0.100
2025-11-13 13:10:03,        0,  34.3,  15.8,  25.8, 26.290, 22.600,  0.597,3734810.5,  1,  22.3,   0.9, 0.100
2025-11-13 13:10:03,        0,  34.8,  17.4,  25.8, 23.634, 20.070,  0.476,3753132.1,  1,  22.3,   0.9, 0.100
2025-11-13 13:10:04,        0,  36.7,  23.1,  25.8, 22.238, 18.778,  0.425,3772415.5,  1,  22.3,   0.9, 0.100
2025-11-13 13:10:06,        0,  34.5,  16.4,  25.8, 25.132, 21.452,  0.540,3798427.5,  1,  22.3,   0.9, 0.100
2025-11-13 13:10:07,        0,  36.4,  22.1,  25.8, 21.579, 18.133,  0.393,3817692.4,  1,  22.3,   0.8, 0.100
2025-11-13 13:10:07,        0,  34.2,  15.7,  25.8, 24.628, 20.969,  0.525,3836352.2,  1,  22.3,   0.9, 0.100
2025-11-13 13:10:08,        0,  34.4,  16.2,  25.8, 22.938, 19.348,  0.449,3854563.6,  1,  22.4,   0.9, 0.100
2025-11-13 13:10:10,        0,  33.3,  12.9,  25.8, 21.341, 17.839,  0.382,3875991.5,  1,  22.4,   0.9, 0.100
2025-11-13 13:10:11,        0,  34.6,  16.7,  25.8, 20.614, 17.093,  0.357,3891414.2,  1,  22.3,   0.9, 0.100
2025-11-13 13:10:11,        0,  33.9,  14.6,  25.8, 20.285, 16.784,  0.342,3908482.3,  1,  22.3,   0.9, 0.100
2025-11-13 13:10:12,        0,  33.9,  14.6,  25.8, 20.461, 16.912,  0.347,3924399.9,  1,  22.4,   0.9, 0.100
2025-11-13 13:10:13,        0,  33.9,  14.6,  25.8, 20.531, 16.949,  0.348,3940654.1,  1,  22.3,   0.9, 0.100
2025-11-13 13:10:15,        0,  32.8,  11.3,  25.8, 20.941, 17.311,  0.367,3960320.2,  1,  22.3,   0.9, 0.100
2025-11-13 13:10:15,        0,  32.4,  10.1,  25.8, 19.735, 16.173,  0.320,3974693.5,  1,  22.3,   0.9, 0.100
2025-11-13 13:10:16,        0,  31.1,   6.3,  25.8, 15.010, 11.840,  0.178,3985846.4,  1,  22.3,   0.9, 0.100
2025-11-13 13:10:17,        0,  33.7,  14.1,  25.8, 14.125, 10.994,  0.161,3997574.8,  1,  22.3,   0.9, 0.100
2025-11-13 13:10:19,        0,  33.2,  12.6,  25.8, 18.410, 14.889,  0.274,4015067.4,  1,  22.3,   0.9, 0.100
2025-11-13 13:10:20,        0,  31.4,   7.2,  25.8, 16.329, 12.974,  0.212,4027105.9,  1,  22.4,   0.8, 0.100
2025-11-13 13:10:20,        0,  32.0,   8.9,  25.8, 13.641, 10.528,  0.144,4037028.4,  1,  22.3,   0.9, 0.100
2025-11-13 13:10:21,        0,  30.3,   3.9,  25.8, 16.701, 13.269,  0.222,4047217.0,  1,  22.3,   0.8, 0.100
2025-11-13 13:10:23,        0,  32.8,  11.5,  25.8, 16.808, 13.313,  0.224,4058730.0,  1,  22.3,   0.9, 0.100
2025-11-13 13:10:24,        0,  32.4,  10.3,  25.8, 17.071, 13.573,  0.232,4071038.4,  1,  22.3,   0.8, 0.100
2025-11-13 13:10:24,        0,  31.6,   7.7,  25.8, 15.972, 12.571,  0.202,4083254.2,  1,  22.3,   0.8, 0.100
2025-11-13 13:10:25,        0,  31.8,   8.4,  25.8, 15.637, 12.254,  0.192,4093882.9,  1,  22.3,   0.8, 0.100
2025-11-13 13:10:26,        0,  33.0,  12.0,  25.8, 15.541, 12.153,  0.189,4105376.1,  1,  22.3,   0.9, 0.100
2025-11-13 13:10:28,        0,  32.5,  10.6,  25.8, 12.985,  9.860,  0.130,4118517.7,  1,  22.3,   0.8, 0.100
2025-11-13 13:10:28,        0,  31.6,   7.7,  25.8, 13.461, 10.286,  0.141,4128794.3,  1,  22.3,   0.8, 0.100
2165-165-165 45:165:85,        0,  31.6,   7.7,  25.8, 10.527,  7.648,  0.081,4136799.0,  1,  22.3,   0.8, 0.100
2025-11-13 13:10:30,        0,  32.2,   9.6,  25.8, 12.780,  9.641,  0.123,4146178.4,  1,  22.3,   0.8, 0.100
2025-11-13 13:10:32,        0,  32.0,   8.9,  25.8,  8.539,  5.876,  0.051,4155855.7,  1,  22.3,   0.8, 0.100
2025-11-13 13:10:33,        0,  31.2,   6.6,  25.8, 14.543, 11.197,  0.163,4166394.3,  1,  22.3,   0.8, 0.100
2025-11-13 13:10:33,        0,  32.2,   9.6,  25.8, 11.496,  8.483,  0.098,4175459.7,  1,  22.3,   0.8, 0.100
2025-11-13 13:10:34,        0,  30.9,   5.6,  25.8, 13.328, 10.097,  0.135,4185126.6,  1,  22.3,   0.8, 0.100
2025-11-13 13:10:36,        0,  31.8,   8.4,  25.8, 12.356,  9.225,  0.114,4195422.1,  1,  22.4,   0.8, 0.100
2025-11-13 13:10:37,        0,  30.4,   4.2,  25.8, 12.164,  9.055,  0.111,4204070.5,  1,  22.3,   0.8, 0.100
2025-11-13 13:10:37,        0,  31.2,   6.5,  25.8, 10.359,  7.446,  0.077,4210821.7,  1,  22.4,   0.8, 0.100
2025-11-13 13:10:38,        0,  31.2,   6.6,  25.8, 13.553, 10.263,  0.141,4219828.1,  1,  22.3,   0.8, 0.100
2025-11-13 13:10:40,        0,  31.2,   6.5,  25.8, 10.212,  7.315,  0.075,4229109.4,  1,  22.3,   0.8, 0.100
2025-11-13 13:10:40,        0,  30.8,   5.4,  25.8, 10.784,  7.811,  0.085,4236724.3,  1,  22.3,   0.8, 0.100
2025-11-13 13:10:41,        0,  31.0,   6.1,  25.8, 11.242,  8.203,  0.092,4244160.3,  1,  22.3,   0.8, 0.100
2025-11-13 13:10:42,        0,  30.0,   3.0,  25.8,  9.026,  6.278,  0.064,4250168.9,  1,  22.3,   0.8, 0.100
2025-11-13 13:10:44,        0,  31.5,   7.5,  25.8, 11.698,  8.590,  0.102,4258897.4,  1,  22.3,   0.8, 0.100
2025-11-13 13:10:44,        0,  31.2,   6.5,  25.8,  9.876,  6.997,  0.070,4266216.5,  1,  22.3,   0.8, 0.100
2025-11-13 13:10:45,        0,  31.0,   6.1,  25.8, 11.223,  8.173,  0.093,4273683.5,  1,  22.3,   0.8, 0.100
2025-11-13 13:10:46,        0,  31.1,   6.3,  25.8, 11.208,  8.158,  0.092,4281227.6,  1,  22.3,   0.8, 0.100
2025-11-13 13:10:48,        0,  30.5,   4.4,  25.8,  6.295,  3.893,  0.027,4288022.8,  1,  22.3,   0.8, 0.100
2025-11-13 13:10:49,        0,  31.2,   6.6,  25.8,  9.987,  7.074,  0.072,4294482.8,  1,  22.3,   0.8, 0.100
2025-11-13 13:10:49,        0,  30.6,   4.9,  25.8, 11.792,  8.659,  0.103,4302144.7,  1,  22.3,   0.8, 0.100
2025-11-13 13:10:50,        0,  30.6,   4.7,  25.8,  9.537,  6.682,  0.064,4308625.5,  1,  22.3,   0.8, 0.100
2025-11-13 13:10:52,        0,  28.6,   0.0,  25.8,  9.789,  6.900,  0.068,4315126.5,  1,  22.3,   0.8, 0.100
2025-11-13 13:10:53,        0,  30.6,   4.9,  25.8,  7.701,  5.109,  0.040,4318165.0,  1,  22.3,   0.8, 0.100
2025-11-13 13:10:53,        0,  30.2,   3.5,  25.8,  9.925,  7.016,  0.070,4324255.3,  1,  22.4,   0.8, 0.100
2025-11-13 13:10:54,        0,  30.4,   4.2,  25.8,  7.493,  4.910,  0.037,4329096.7,  1,  22.3,   0.8, 0.100
2025-11-13 13:10:56,        0,  29.9,   2.8,  25.8,  9.296,  6.464,  0.060,4336354.6,  1,  22.3,   0.8, 0.100
2025-11-13 13:10:57,        0,  30.2,   3.7,  25.8,  7.222,  4.672,  0.034,4341317.5,  1,  22.4,   0.8, 0.100
2025-11-13 13:10:57,        0,  30.4,   4.2,  25.8,  3.746,  1.765,  0.010,4344402.9,  1,  22.4,   0.8, 0.100
2025-11-13 13:10:58,        0,  30.4,   4.2,  25.8,  9.298,  6.468,  0.060,4350459.2,  1,  22.3,   0.9, 0.100
2025-11-13 13:10:59,        0,  30.6,   4.9,  25.8,  8.311,  5.607,  0.047,4355479.1,  1,  22.3,   0.9, 0.100
2025-11-13 13:11:01,        0,  30.1,   3.2,  25.8,  6.350,  3.926,  0.026,4360595.0,  1,  22.4,   0.9, 0.100
2025-11-13 13:11:02,        0,  30.1,   3.3,  25.8,  6.094,  3.716,  0.024,4363074.8,  1,  22.4,   0.9, 0.100
2025-11-13 13:11:02,        0,  30.2,   3.5,  25.8,  7.888,  5.255,  0.042,4367960.6,  1,  22.3,   0.9, 0.100
2025-11-13 13:11:03,        0,  30.0,   3.0,  25.8,  8.566,  5.831,  0.051,4373014.1,  1,  22.4,   0.9, 0.100
2025-11-13 13:11:05,        0,  30.8,   5.4,  25.8,  7.924,  5.275,  0.042,4378796.7,  1,  22.4,   0.9, 0.100
2025-11-13 13:11:06,        0,  30.1,   3.2,  25.8,  8.020,  5.351,  0.043,4384144.0,  1,  22.4,   0.9, 0.100
2025-11-13 13:11:06,        0,  30.3,   4.0,  25.8,  8.476,  5.744,  0.049,4389357.9,  1,  22.3,   0.9, 0.100
2025-11-13 13:11:07,        0,  29.0,   0.0,  25.8,  2.709,  0.893,  0.003,4391616.9,  1,  22.3,   0.9, 0.100
2025-11-13 13:11:08,        0,  30.0,   3.0,  25.8,  4.651,  2.582,  0.016,4393634.4,  1,  22.3,   0.9, 0.100
2025-11-13 13:11:10,        0,  30.1,   3.3,  25.8,  6.244,  3.851,  0.026,4398479.5,  1,  22.3,   0.9, 0.100
2025-11-13 13:11:10,        0,  30.2,   3.5,  25.8,  6.981,  4.472,  0.031,4402876.7,  1,  22.3,   0.8, 0.100
2025-11-13 13:11:11,        0,  30.2,   3.5,  25.8,  7.265,  4.711,  0.034,4407350.1,  1,  22.3,   0.8, 0.100
2025-11-13 13:11:12,        0,  29.7,   2.1,  25.8,  5.898,  3.545,  0.023,4411381.0,  1,  22.3,   0.8, 0.100
2025-11-13 13:11:14,        0,  30.1,   3.3,  25.8,  2.663,  0.976,  0.006,4413031.8,  1,  22.3,   0.8, 0.100
2025-11-13 13:11:15,        0,  30.1,   3.3,  25.8,  7.278,  4.734,  0.035,4417578.1,  1,  22.4,   0.8, 0.100
2025-11-13 13:11:15,        0,  29.8,   2.5,  25.8,  6.854,  4.364,  0.030,4421484.5,  1,  22.4,   0.8, 0.100
2025-11-13 13:11:16,        0,  29.4,   1.1,  25.8,  1.946,  0.316,  0.001,4422893.5,  1,  22.3,   0.8, 0.100
2025-11-13 13:11:18,        0,  29.6,   1.8,  25.8,  1.310,  0.001,  0.000,4422915.7,  1,  22.3,   0.8, 0.100
2025-11-13 13:11:19,        0,  29.8,   2.5,  25.8,  4.803,  2.782,  0.019,4424385.9,  1,  22.3,   0.8, 0.100
2025-11-13 13:11:19,        0,  29.9,   2.6,  25.8,  3.181,  1.354,  0.009,4426490.2,  1,  22.4,   0.8, 0.100
2025-11-13 13:11:20,        0,  30.2,   3.5,  25.8,  7.010,  4.510,  0.032,4430798.5,  1,  22.4,   0.8, 0.100
2025-11-13 13:11:21,        0,  29.2,   0.5,  25.8,  2.683,  0.864,  0.003,4433027.7,  1,  22.3,   0.8, 0.100
2025-11-13 13:11:23,        0,  30.5,   4.5,  25.8,  6.939,  4.443,  0.031,4436879.6,  1,  22.4,   0.8, 0.100
2025-11-13 13:11:24,        0,  29.9,   2.6,  25.8,  4.585,  2.439,  0.013,4440136.8,  1,  22.3,   0.8, 0.100
2025-11-13 13:11:24,        0,  30.3,   4.0,  25.8,  1.506,  0.056,  0.000,4440958.6,  1,  22.4,   0.8, 0.100
2025-11-13 13:11:25,        0,  30.1,   3.3,  25.8,  7.645,  5.054,  0.039,4445614.8,  1,  22.3,   0.8, 0.100
2025-11-13 13:11:27,        0,  29.8,   2.5,  25.8,  4.745,  2.588,  0.017,4449982.1,  1,  22.3,   0.8, 0.100
2025-11-13 13:11:28,        0,  29.8,   2.3,  25.8,  4.274,  2.194,  0.012,4452031.9,  1,  22.4,   0.8, 0.100
2025-11-13 13:11:28,        0,  29.5,   1.4,  25.8,  1.538,  0.071,  0.000,4452205.0,  1,  22.3,   0.8, 0.100
2025-11-13 13:11:29,        0,  30.1,   3.2,  25.8,  1.314,  0.002,  0.000,4453236.0,  1,  22.3,   0.8, 0.100
2025-11-13 13:11:31,        0,  29.8,   2.5,  25.8,  2.114,  0.427,  0.001,4455367.9,  1,  22.4,   0.8, 0.100
2025-11-13 13:11:32,        0,  29.9,   2.8,  25.8,  1.879,  0.410,  0.003,4456714.9,  1,  22.3,   0.8, 0.100
2025-11-13 13:11:32,        0,  30.1,   3.3,  25.8,  3.713,  1.728,  0.009,4459334.7,  1,  22.3,   0.8, 0.100
2025-11-13 13:11:33,        0,  29.8,   2.5,  25.8,  6.831,  4.350,  0.030,4463226.8,  1,  22.3,   0.8, 0.100
2025-11-13 13:11:35,        0,  29.8,   2.5,  25.8,  1.452,  0.037,  0.000,4463500.1,  1,  22.4,   0.8, 0.100
2025-11-13 13:11:36,        0,  29.8,   2.5,  25.8,  1.294, -0.002,  0.000,4463500.1,  1,  22.3,   0.8, 0.100
2025-11-13 13:11:36,        0,  29.9,   2.8,  25.8,  4.752,  2.749,  0.019,4466117.7,  1,  22.3,   0.8, 0.100
2025-11-13 13:11:37,        0,  29.9,   2.8,  25.8,  5.611,  3.310,  0.020,4469851.5,  1,  22.3,   0.8, 0.100
2025-11-13 13:11:39,        0,  29.7,   2.1,  25.8,  2.856,  1.004,  0.003,4471857.7,  1,  22.3,   0.9, 0.100
2025-11-13 13:11:40,        0,  29.8,   2.5,  25.8,  1.344,  0.007,  0.000,4471875.7,  1,  22.3,   0.8, 0.100
2025-11-13 13:11:40,        0,  29.5,   1.4,  25.8,  1.256, -0.007,  0.000,4471870.2,  1,  22.3,   0.9, 0.100
2025-11-13 13:11:41,        0,  29.8,   2.5,  25.8,  1.245,  0.024,  0.000,4473337.5,  1,  22.4,   0.9, 0.100
2025-11-13 13:11:43,        0,  29.8,   2.3,  25.8,  1.614,  0.105,  0.000,4473858.8,  1,  22.4,   0.9, 0.100
2025-11-13 13:11:44,        0,  29.9,   2.8,  25.8,  1.320,  0.006,  0.000,4473862.2,  1,  22.3,   0.9, 0.100
2025-11-13 13:11:44,        0,  30.0,   3.0,  25.8,  6.823,  4.355,  0.030,4477417.0,  1,  22.3,   0.9, 0.100
2025-11-13 13:11:45,        0,  30.1,   3.3,  25.8,  6.883,  4.398,  0.030,4481591.6,  1,  22.3,   0.9, 0.100
2025-11-13 13:11:47,        0,  29.9,   2.8,  25.8,  2.090,  0.407,  0.001,4483910.4,  1,  22.3,   0.9, 0.100
2025-11-13 13:11:48,        0,  29.8,   2.3,  25.8,  6.866,  4.385,  0.030,4487582.5,  1,  22.4,   0.9, 0.100
2025-11-13 13:11:48,        0,  29.6,   1.8,  25.8,  2.613,  0.809,  0.002,4488391.4,  1,  22.3,   0.9, 0.100
2025-11-13 13:11:49,        0,  29.8,   2.5,  25.8,  1.334,  0.006,  0.000,4488405.6,  1,  22.3,   0.9, 0.100
2025-11-13 13:11:50,        0,  29.6,   1.9,  25.8,  1.245, -0.007,  0.000,4488400.2,  1,  22.3,   0.9, 0.100
2025-11-13 13:11:52,        0,  29.7,   2.1,  25.8,  1.175, -0.011,  0.000,4488388.4,  1,  22.3,   0.9, 0.100
2025-11-13 13:11:53,        0,  29.8,   2.5,  25.8,  1.139, -0.011,  0.000,4488377.6,  1,  22.3,   0.9, 0.100
2025-11-13 13:11:53,        0,  29.9,   2.6,  25.8,  2.158,  0.816,  0.005,4488806.3,  1,  22.3,   0.9, 0.100
2025-11-13 13:11:54,        0,  29.9,   2.6,  25.8,  3.300,  1.381,  0.006,4491101.7,  1,  22.3,   0.9, 0.100
2025-11-13 13:11:56,        0,  29.5,   1.6,  25.8,  5.859,  3.597,  0.024,4492858.9,  1,  22.4,   0.9, 0.100
2025-11-13 13:11:57,        0,  29.9,   2.6,  25.8,  1.732,  0.170,  0.000,4493316.6,  1,  22.3,   0.9, 0.100
2025-11-13 13:11:57,        0,  29.8,   2.3,  25.8,  1.343,  0.009,  0.000,4494012.7,  1,  22.4,   0.9, 0.100
2025-11-13 13:11:58,        0,  29.8,   2.5,  25.8,  1.693,  0.150,  0.000,4494910.8,  1,  22.3,   0.9, 0.100
2025-11-13 13:11:59,        0,  29.8,   2.3,  25.8,  1.330,  0.008,  0.000,4494924.7,  1,  22.3,   0.9, 0.100
2025-11-13 13:12:01,        0,  29.9,   2.6,  25.8,  1.202, -0.009,  0.000,4495246.1,  1,  22.4,   0.9, 0.100
2025-11-13 13:12:02,        0,  29.8,   2.5,  25.8,  6.812,  4.356,  0.030,4499178.1,  1,  22.4,   0.9, 0.100
2025-11-13 13:12:02,        0,  29.9,   2.6,  25.8,  1.888,  0.274,  0.001,4500556.0,  1,  22.4,   0.9, 0.100
2025-11-13 13:12:03,        0,  29.4,   1.2,  25.8,  2.351,  0.615,  0.002,4502534.6,  1,  22.3,   0.9, 0.100
2025-11-13 13:12:05,        0,  29.5,   1.4,  25.8,  1.307,  0.005,  0.000,4502571.0,  1,  22.3,   0.9, 0.100
2025-11-13 13:12:06,        0,  29.6,   1.8,  25.8,  1.219, -0.006,  0.000,4502566.9,  1,  22.3,   0.8, 0.100
2025-11-13 13:12:06,        0,  29.9,   2.6,  25.8,  1.166, -0.009,  0.000,4502557.6,  1,  22.3,   0.8, 0.100
2025-11-13 13:12:07,        0,  29.8,   2.3,  25.8,  1.126, -0.010,  0.000,4502548.8,  1,  22.3,   0.8, 0.100
2025-11-13 13:12:09,        0,  29.8,   2.5,  25.8,  1.074, -0.011,  0.000,4502535.8,  1,  22.3,   0.8, 0.100
2025-11-13 13:12:10,        0,  29.8,   2.5,  25.8,  1.030, -0.011,  0.000,4502525.8,  1,  22.3,   0.8, 0.100
2025-11-13 13:12:10,        0,  30.0,   3.0,  25.8,  1.223,  0.168,  0.001,4503329.2,  1,  22.3,   0.8, 0.100
2025-11-13 13:12:12,        0,  29.9,   2.8,  25.8,  6.794,  4.356,  0.030,4507698.3,  1,  22.3,   0.8, 0.100
2025-11-13 13:12:12,        0,  29.8,   2.3,  25.8,  3.272,  1.376,  0.005,4510353.2,  1,  22.3,   0.8, 0.100
2025-11-13 13:12:13,        0,  29.6,   1.9,  25.8,  1.426,  0.037,  0.000,4510419.0,  1,  22.4,   0.8, 0.100
2025-11-13 13:12:15,        0,  29.7,   2.1,  25.8,  1.219, -0.005,  0.000,4510417.8,  1,  22.4,   0.8, 0.100
2025-11-13 13:12:15,        0,  29.5,   1.6,  25.8,  1.159, -0.008,  0.000,4510410.6,  1,  22.3,   0.8, 0.100
2025-11-13 13:12:16,        0,  29.7,   2.1,  25.8,  1.113, -0.009,  0.000,4510401.8,  1,  22.3,   0.8, 0.100
2025-11-13 13:12:17,        0,  29.7,   2.1,  25.8,  1.057, -0.010,  0.000,4510392.2,  1,  22.3,   0.8, 0.100
2025-11-13 13:12:19,        0,  29.8,   2.3,  25.8,  1.025, -0.010,  0.000,4510380.9,  1,  22.4,   0.8, 0.100
2025-11-13 13:12:19,        0,  29.8,   2.5,  25.8,  0.980, -0.010,  0.000,4510371.2,  1,  22.3,   0.8, 0.100
2025-11-13 13:12:20,        0,  29.8,   2.3,  25.8,  0.955, -0.011,  0.000,4510361.2,  1,  22.3,   0.8, 0.100
2025-11-13 13:12:21,        0,  29.8,   2.5,  25.8,  0.932, -0.010,  0.000,4511628.1,  1,  22.4,   0.8, 0.100
2025-11-13 13:12:23,        0,  29.8,   2.3,  25.8,  1.496,  0.076,  0.000,4511949.1,  1,  22.3,   0.8, 0.100
2025-11-13 13:12:24,        0,  29.8,   2.5,  25.8,  1.249,  0.004,  0.000,4511951.7,  1,  22.4,   0.8, 0.100
2025-11-13 13:12:24,        0,  29.9,   2.6,  25.8,  1.127, -0.007,  0.000,4511944.9,  1,  22.3,   0.8, 0.100
2025-11-13 13:12:25,        0,  29.8,   2.3,  25.8,  5.360,  3.301,  0.022,4513977.1,  1,  22.3,   0.8, 0.100
2025-11-13 13:12:27,        0,  29.8,   2.3,  25.8,  6.110,  3.836,  0.026,4516508.1,  1,  22.3,   0.8, 0.100
2025-11-13 13:12:28,        0,  29.8,   2.3,  25.8,  4.666,  2.600,  0.016,4519221.7,  1,  22.3,   0.8, 0.100
2025-11-13 13:12:28,        0,  29.9,   2.6,  25.8,  1.437,  0.059,  0.000,4519487.0,  1,  22.3,   0.8, 0.100
2025-11-13 13:12:29,        0,  29.4,   1.2,  25.8,  1.227,  0.003,  0.000,4519493.7,  1,  22.3,   0.8, 0.100
2025-11-13 13:12:30,        0,  29.6,   1.8,  25.8,  1.145, -0.005,  0.000,4519488.7,  1,  22.3,   0.8, 0.100
2025-11-13 13:12:32,        0,  29.6,   1.8,  25.8,  1.069, -0.009,  0.000,4519479.4,  1,  22.3,   0.8, 0.100
2025-11-13 13:12:33,        0,  29.5,   1.6,  25.8,  1.032, -0.009,  0.000,4519470.2,  1,  22.3,   0.8, 0.100
2025-11-13 13:12:33,        0,  29.5,   1.6,  25.8,  0.980, -0.009,  0.000,4519461.8,  1,  22.3,   0.8, 0.100
2025-11-13 13:12:34,        0,  29.7,   2.1,  25.8,  0.950, -0.009,  0.000,4519452.6,  1,  22.4,   0.8, 0.100
2025-11-13 13:12:36,        0,  29.8,   2.3,  25.8,  0.911, -0.009,  0.000,4519441.7,  1,  22.3,   0.8, 0.100
2025-11-13 13:12:37,        0,  29.8,   2.3,  25.8,  0.888, -0.010,  0.000,4519432.1,  1,  22.3,   0.8, 0.100
2025-11-13 13:12:37,        0,  29.7,   2.1,  25.8,  0.867, -0.010,  0.000,4519422.9,  1,  22.3,   0.8, 0.100
2025-11-13 13:12:38,        0,  29.8,   2.3,  25.8,  0.841, -0.009,  0.000,4519413.6,  1,  22.3,   0.8, 0.100
2025-11-13 13:12:39,        0,  29.8,   2.3,  25.8,  0.824, -0.009,  0.000,4519404.4,  1,  22.3,   0.8, 0.100
2025-11-13 13:12:41,        0,  29.8,   2.5,  25.8,  0.801, -0.009,  0.000,4519393.1,  1,  22.3,   0.8, 0.100
2025-11-13 13:12:41,        0,  29.8,   2.5,  25.8,  0.788, -0.010,  0.000,4519383.5,  1,  22.3,   0.8, 0.100
2025-11-13 13:12:42,        0,  29.9,   2.6,  25.8,  0.775, -0.009,  0.000,4519374.7,  1,  22.4,   0.8, 0.100
2025-11-13 13:12:43,        0,  29.9,   2.6,  25.8,  0.756, -0.009,  0.000,4519365.9,  1,  22.3,   0.8, 0.100
2025-11-13 13:12:45,        0,  29.9,   2.8,  25.8,  2.286,  1.152,  0.007,4519953.9,  1,  22.3,   0.8, 0.100
2025-11-13 13:12:46,        0,  29.9,   2.8,  25.8,  6.696,  4.357,  0.029,4524111.7,  1,  22.3,   0.9, 0.100
2025-11-13 13:12:46,        0,  29.8,   2.3,  25.8,  6.222,  3.948,  0.025,4527145.1,  1,  22.4,   0.8, 0.100
2025-11-13 13:12:47,        0,  29.6,   1.8,  25.8,  1.302,  0.029,  0.000,4527243.2,  1,  22.3,   0.9, 0.100
2025-11-13 13:12:49,        0,  29.6,   1.9,  25.8,  1.152,  0.001,  0.000,4527245.7,  1,  22.3,   0.9, 0.100
2025-11-13 13:12:50,        0,  29.6,   1.9,  25.8,  1.057, -0.007,  0.000,4527239.4,  1,  22.4,   0.8, 0.100
2025-11-13 13:12:50,        0,  29.6,   1.9,  25.8,  1.012, -0.007,  0.000,4527232.3,  1,  22.3,   0.8, 0.100
2025-11-13 13:12:51,        0,  29.6,   1.8,  25.8,  0.972, -0.008,  0.000,4527224.7,  1,  22.3,   0.9, 0.100
2025-11-13 13:12:52,        0,  29.6,   1.8,  25.8,  0.919, -0.009,  0.000,4527216.4,  1,  22.3,   0.8, 0.100
2025-11-13 13:12:54,        0,  29.6,   1.9,  25.8,  0.890, -0.009,  0.000,4527205.9,  1,  22.3,   0.8, 0.100
2025-11-13 13:12:55,        0,  29.6,   1.9,  25.8,  0.852, -0.009,  0.000,4527197.5,  1,  22.3,   0.9, 0.100
2025-11-13 13:12:55,        0,  29.7,   2.1,  25.8,  0.830, -0.009,  0.000,4527188.7,  1,  22.3,   0.9, 0.100
2025-11-13 13:12:56,        0,  29.6,   1.9,  25.8,  0.810, -0.009,  0.000,4527180.7,  1,  22.3,   0.9, 0.100
2025-11-13 13:12:58,        0,  29.8,   2.3,  25.8,  0.784, -0.008,  0.000,4527169.8,  1,  22.3,   0.9, 0.100
2025-11-13 13:12:59,        0,  29.7,   2.1,  25.8,  0.768, -0.009,  0.000,4527161.0,  1,  22.3,   0.9, 0.100
2025-11-13 13:12:59,        0,  29.8,   2.3,  25.8,  0.746, -0.009,  0.000,4527153.1,  1,  22.3,   0.9, 0.100
2025-11-13 13:13:00,        0,  29.8,   2.3,  25.8,  0.732, -0.009,  0.000,4527143.9,  1,  22.3,   0.9, 0.100
2025-11-13 13:13:01,        0,  29.8,   2.3,  25.8,  0.720, -0.009,  0.000,4527135.9,  1,  22.3,   0.9, 0.100
2025-11-13 13:13:03,        0,  29.8,   2.5,  25.8,  0.703, -0.009,  0.000,4527125.4,  1,  22.3,   0.9, 0.100
2025-11-13 13:13:03,        0,  29.8,   2.3,  25.8,  0.687, -0.009,  0.000,4527116.6,  1,  22.4,   0.9, 0.100
2025-11-13 13:13:04,        0,  29.7,   2.1,  25.8,  0.676, -0.008,  0.000,4527109.1,  1,  22.3,   0.9, 0.100
2025-11-13 13:13:06,        0,  29.8,   2.3,  25.8,  0.663, -0.009,  0.000,4527099.0,  1,  22.3,   0.9, 0.100
2025-11-13 13:13:07,        0,  29.8,   2.3,  25.8,  0.654, -0.009,  0.000,4527091.0,  1,  22.3,   0.9, 0.100
2025-11-13 13:13:08,        0,  29.9,   2.6,  25.8,  2.834,  1.544,  0.009,4527997.1,  1,  22.3,   0.9, 0.100
2025-11-13 13:13:08,        0,  29.9,   2.6,  25.8,  1.250,  0.025,  0.000,4528070.1,  1,  22.3,   0.9, 0.100
2025-11-13 13:13:09,        0,  29.8,   2.5,  25.7,  1.103, -0.000,  0.000,4528071.7,  1,  22.3,   0.9, 0.100
2025-11-13 13:13:11,        0,  29.8,   2.5,  25.8,  1.003, -0.006,  0.000,4528065.0,  1,  22.3,   0.9, 0.100
2025-11-13 13:13:12,        0,  29.9,   2.6,  25.8,  0.955, -0.007,  0.000,4528059.2,  1,  22.4,   1.0, 0.100
2025-11-13 13:13:12,        0,  29.8,   2.5,  25.8,  0.915, -0.007,  0.000,4528052.0,  1,  22.3,   0.9, 0.100
2025-11-13 13:13:13,        0,  29.8,   2.5,  25.8,  0.860, -0.007,  0.000,4528045.3,  1,  22.3,   0.9, 0.100
2025-11-13 13:13:15,        0,  29.9,   2.8,  25.8,  0.829, -0.007,  0.000,4529567.1,  1,  22.3,   0.9, 0.100
2025-11-13 13:13:16,        0,  29.8,   2.5,  25.8,  6.648,  4.360,  0.029,4533684.7,  1,  22.3,   0.9, 0.100
2025-11-13 13:13:16,        0,  29.6,   1.9,  25.8,  1.969,  0.452,  0.001,4534859.8,  1,  22.3,   0.9, 0.100
2025-11-13 13:13:17,        0,  29.8,   2.5,  25.8,  1.223,  0.021,  0.000,4534881.6,  1,  22.3,   1.0, 0.100
2025-11-13 13:13:19,        0,  29.6,   1.8,  25.8,  1.055, -0.004,  0.000,4534878.7,  1,  22.3,   0.9, 0.100
2025-11-13 13:13:20,        0,  29.5,   1.6,  25.8,  1.001, -0.006,  0.000,4534872.4,  1,  22.3,   0.9, 0.100
2025-11-13 13:13:20,        0,  29.5,   1.6,  25.8,  0.939, -0.008,  0.000,4534865.3,  1,  22.3,   1.0, 0.100
2025-11-13 13:13:21,        0,  29.6,   1.8,  25.8,  0.903, -0.007,  0.000,4534858.1,  1,  22.3,   0.9, 0.100
2025-11-13 13:13:23,        0,  29.6,   1.8,  25.8,  0.854, -0.007,  0.000,4534849.8,  1,  22.3,   1.0, 0.100
2025-11-13 13:13:24,        0,  29.6,   1.8,  25.8,  0.826, -0.008,  0.000,4534842.2,  1,  22.3,   1.0, 0.100
2025-11-13 13:13:24,        0,  29.6,   1.9,  25.8,  0.802, -0.009,  0.000,4534833.8,  1,  22.4,   0.9, 0.100
2025-11-13 13:13:25,        0,  29.6,   1.8,  25.8,  0.771, -0.009,  0.000,4534825.9,  1,  22.4,   0.9, 0.100
2025-11-13 13:13:26,        0,  29.6,   1.9,  25.8,  0.753, -0.008,  0.000,4534817.5,  1,  22.3,   0.9, 0.100
2025-11-13 13:13:28,        0,  29.7,   2.1,  25.8,  0.727, -0.008,  0.000,4534808.3,  1,  22.3,   0.9, 0.100
2025-11-13 13:13:29,        0,  29.6,   1.9,  25.8,  0.713, -0.008,  0.000,4534799.9,  1,  22.3,   0.9, 0.100
2025-11-13 13:13:29,        0,  29.7,   2.1,  25.8,  0.692, -0.009,  0.000,4534792.3,  1,  22.3,   0.9, 0.100
2025-11-13 13:13:30,        0,  29.7,   2.1,  25.8,  0.679, -0.008,  0.000,4534784.8,  1,  22.3,   0.9, 0.100
2025-11-13 13:13:32,        0,  29.6,   1.9,  25.8,  0.662, -0.008,  0.000,4534775.2,  1,  22.3,   0.9, 0.100
2025-11-13 13:13:33,        0,  29.7,   2.1,  25.8,  0.651, -0.008,  0.000,4534767.2,  1,  22.3,   0.9, 0.100
2025-11-13 13:13:33,        0,  29.7,   2.1,  25.8,  0.641, -0.008,  0.000,4534759.7,  1,  22.3,   0.9, 0.100
2025-11-13 13:13:34,        0,  29.6,   1.8,  25.8,  0.627, -0.008,  0.000,4534751.7,  1,  22.3,   1.0, 0.100
2025-11-13 13:13:35,        0,  29.7,   2.1,  25.8,  0.618, -0.008,  0.000,4534744.1,  1,  22.3,   1.0, 0.100
2025-11-13 13:13:37,        0,  29.7,   2.1,  25.8,  0.606, -0.008,  0.000,4534734.9,  1,  22.3,   0.9, 0.100
2025-11-13 13:13:38,        0,  29.8,   2.3,  25.8,  0.598, -0.008,  0.000,4534727.0,  1,  22.3,   0.9, 0.100
2025-11-13 13:13:38,        0,  29.8,   2.3,  25.8,  0.590, -0.008,  0.000,4534719.8,  1,  22.3,   0.9, 0.100
2025-11-13 13:13:39,        0,  29.7,   2.1,  25.7,  0.579, -0.008,  0.000,4534712.3,  1,  22.3,   0.9, 0.100
2025-11-13 13:13:41,        0,  29.8,   2.3,  25.8,  0.570, -0.007,  0.000,4534703.1,  1,  22.3,   1.0, 0.100
2025-11-13 13:13:42,        0,  29.8,   2.3,  25.8,  0.565, -0.008,  0.000,4534695.5,  1,  22.3,   0.9, 0.100
2025-11-13 13:13:42,        0,  29.7,   2.1,  25.8,  0.558, -0.007,  0.000,4534688.8,  1,  22.4,   0.9, 0.100
2025-11-13 13:13:43,        0,  29.8,   2.3,  25.8,  0.552, -0.008,  0.000,4534681.3,  1,  22.3,   1.0, 0.100
2025-11-13 13:13:44,        0,  29.7,   2.1,  25.8,  0.544, -0.007,  0.000,4534674.6,  1,  22.3,   0.9, 0.100
2025-11-13 13:13:46,        0,  29.8,   2.5,  25.8,  0.536, -0.007,  0.000,4534666.2,  1,  22.3,   0.9, 0.100
2025-11-13 13:13:46,        0,  29.8,   2.3,  25.7,  0.531, -0.007,  0.000,4534659.5,  1,  22.3,   1.0, 0.100
2025-11-13 13:13:47,        0,  29.8,   2.5,  25.8,  0.526, -0.007,  0.000,4534652.4,  1,  22.3,   0.9, 0.100
2025-11-13 13:13:48,        0,  29.8,   2.3,  25.8,  0.519, -0.007,  0.000,4534645.2,  1,  22.3,   0.9, 0.100
2025-11-13 13:13:50,        0,  29.8,   2.3,  25.8,  0.514, -0.007,  0.000,4534636.9,  1,  22.3,   0.9, 0.100
2025-11-13 13:13:51,        0,  29.8,   2.3,  25.8,  0.507, -0.007,  0.000,4534630.2,  1,  22.3,   0.9, 0.100
2025-11-13 13:13:51,        0,  29.9,   2.6,  25.8,  0.503, -0.007,  0.000,4534623.4,  1,  22.3,   0.9, 0.100
2025-11-13 13:13:52,        0,  29.8,   2.5,  25.8,  0.498, -0.007,  0.000,4534617.6,  1,  22.3,   0.9, 0.100
2025-11-13 13:13:54,        0,  29.8,   2.3,  25.8,  0.489, -0.007,  0.000,4534609.6,  1,  22.3,   0.9, 0.100
2025-11-13 13:13:55,        0,  29.7,   2.1,  25.8,  0.485, -0.007,  0.000,4534603.7,  1,  22.3,   0.9, 0.100
2025-11-13 13:13:55,        0,  29.9,   2.6,  25.8,  4.193,  2.679,  0.017,4536106.2,  1,  22.3,   0.9, 0.100
2025-11-13 13:13:56,        0,  29.9,   2.6,  25.7,  4.536,  2.597,  0.014,4538670.6,  1,  22.3,   0.9, 0.100
2025-11-13 13:13:57,        0,  29.8,   2.3,  25.8,  1.296,  0.058,  0.000,4538732.7,  1,  22.3,   0.9, 0.100
2025-11-13 13:13:59,        0,  29.7,   2.1,  25.8,  1.033,  0.000,  0.000,4538734.8,  1,  22.3,   0.9, 0.100
2025-11-13 13:14:00,        0,  29.6,   1.9,  25.7,  0.966, -0.004,  0.000,4538730.2,  1,  22.3,   0.9, 0.100
2025-11-13 13:14:00,        0,  29.8,   2.3,  25.7,  0.897, -0.006,  0.000,4538723.9,  1,  22.3,   0.8, 0.100
2025-11-13 13:14:01,        0,  29.6,   1.9,  25.8,  0.857, -0.006,  0.000,4538718.4,  1,  22.3,   0.8, 0.100
2025-11-13 13:14:03,        0,  29.7,   2.1,  25.7,  0.807, -0.007,  0.000,4538710.0,  1,  22.3,   0.8, 0.100
2025-11-13 13:14:03,        0,  29.7,   2.1,  25.8,  0.778, -0.007,  0.000,4538703.3,  1,  22.3,   0.8, 0.100
2025-11-13 13:14:04,        0,  29.7,   2.1,  25.8,  0.752, -0.007,  0.000,4538696.6,  1,  22.3,   0.9, 0.100
2025-11-13 13:14:06,        0,  29.6,   1.8,  25.8,  0.719, -0.007,  0.000,4538688.2,  1,  22.3,   0.8, 0.100
2025-11-13 13:14:07,        0,  29.7,   2.1,  25.7,  0.691, -0.007,  0.000,4538681.1,  1,  22.3,   0.9, 0.100
2025-11-13 13:14:07,        0,  29.7,   2.1,  25.7,  0.674, -0.007,  0.000,4538674.4,  1,  22.3,   0.9, 0.100
2025-11-13 13:14:08,        0,  29.8,   2.3,  25.8,  0.658, -0.007,  0.000,4538667.3,  1,  22.3,   0.8, 0.100
2025-11-13 13:14:09,        0,  29.7,   2.1,  25.7,  0.643, -0.007,  0.000,4538660.6,  1,  22.3,   0.8, 0.100
2025-11-13 13:14:11,        0,  29.6,   1.9,  25.7,  0.624, -0.007,  0.000,4538651.0,  1,  22.3,   0.8, 0.100
2025-11-13 13:14:12,        0,  29.6,   1.9,  25.7,  0.606, -0.007,  0.000,4538644.2,  1,  22.3,   0.8, 0.100
2025-11-13 13:14:12,        0,  29.7,   2.1,  25.8,  0.596, -0.007,  0.000,4538637.5,  1,  22.3,   0.9, 0.100
2025-11-13 13:14:13,        0,  29.8,   2.3,  25.8,  0.585, -0.007,  0.000,4538630.4,  1,  22.3,   0.8, 0.100
2025-11-13 13:14:15,        0,  29.8,   2.3,  25.7,  0.571, -0.008,  0.000,4538622.0,  1,  22.3,   0.9, 0.100
2025-11-13 13:14:16,        0,  29.8,   2.3,  25.7,  0.563, -0.007,  0.000,4538615.3,  1,  22.3,   0.8, 0.100
2025-11-13 13:14:16,        0,  29.8,   2.3,  25.7,  0.550, -0.007,  0.000,4538608.6,  1,  22.3,   0.9, 0.100
2025-11-13 13:14:17,        0,  29.8,   2.3,  25.7,  0.542, -0.007,  0.000,4538601.9,  1,  22.3,   0.8, 0.100
2025-11-13 13:14:19,        0,  29.6,   1.9,  25.7,  0.532, -0.007,  0.000,4538593.1,  1,  22.3,   0.9, 0.100
2025-11-13 13:14:20,        0,  29.8,   2.5,  25.7,  0.525, -0.007,  0.000,4538586.4,  1,  22.3,   0.8, 0.100
2025-11-13 13:14:20,        0,  29.8,   2.3,  25.7,  0.519, -0.007,  0.000,4538580.1,  1,  22.3,   0.9, 0.100
2025-11-13 13:14:21,        0,  29.8,   2.5,  25.7,  0.511, -0.006,  0.000,4538573.8,  1,  22.3,   0.8, 0.100
2025-11-13 13:14:23,        0,  29.8,   2.3,  25.7,  0.505, -0.007,  0.000,4538565.5,  1,  22.3,   0.8, 0.100
2025-11-13 13:14:24,        0,  29.8,   2.5,  25.8,  0.496, -0.007,  0.000,4538559.6,  1,  22.3,   0.9, 0.100
2025-11-13 13:14:24,        0,  29.8,   2.3,  25.7,  0.491, -0.007,  0.000,4538553.3,  1,  22.4,   0.8, 0.100
2025-11-13 13:14:25,        0,  29.8,   2.5,  25.7,  0.486, -0.007,  0.000,4538546.6,  1,  22.3,   0.8, 0.100
2025-11-13 13:14:26,        0,  29.8,   2.3,  25.8,  0.479, -0.006,  0.000,4538540.3,  1,  22.3,   0.8, 0.100
2025-11-13 13:14:28,        0,  29.8,   2.5,  25.7,  0.475, -0.007,  0.000,4538532.8,  1,  22.3,   0.9, 0.100
2025-11-13 13:14:29,        0,  29.8,   2.5,  25.7,  0.468, -0.007,  0.000,4538526.5,  1,  22.3,   0.8, 0.100
2025-11-13 13:14:29,        0,  29.9,   2.6,  25.7,  0.464, -0.006,  0.000,4538520.2,  1,  22.4,   0.9, 0.100
2025-11-13 13:14:30,        0,  29.8,   2.5,  25.7,  0.461, -0.006,  0.000,4538514.7,  1,  22.3,   0.8, 0.100
2025-11-13 13:14:32,        0,  29.8,   2.5,  25.8,  0.454, -0.006,  0.000,4538507.6,  1,  22.4,   0.9, 0.100
2025-11-13 13:14:33,        0,  29.9,   2.6,  25.7,  0.449, -0.006,  0.000,4538501.8,  1,  22.3,   0.8, 0.100
2025-11-13 13:14:33,        0,  29.8,   2.3,  25.7,  0.445, -0.006,  0.000,4538495.5,  1,  22.3,   0.8, 0.100
2025-11-13 13:14:34,        0,  29.8,   2.5,  25.7,  0.442, -0.006,  0.000,4539134.6,  1,  22.4,   0.8, 0.100
2025-11-13 13:14:36,        0,  29.9,   2.6,  25.8,  1.741,  0.368,  0.002,4541132.4,  1,  22.3,   0.9, 0.100
2025-11-13 13:14:37,        0,  29.9,   2.6,  25.8,  6.301,  4.094,  0.026,4544055.6,  1,  22.3,   0.9, 0.100
2025-11-13 13:14:38,        0,  29.8,   2.5,  25.8,  1.203,  0.033,  0.000,4544142.4,  1,  22.3,   0.9, 0.100
2025-11-13 13:14:38,        0,  29.6,   1.9,  25.8,  1.047,  0.002,  0.000,4544146.5,  1,  22.3,   0.9, 0.100
2025-11-13 13:14:39,        0,  29.5,   1.4,  25.7,  0.972, -0.003,  0.000,4544143.2,  1,  22.3,   0.9, 0.100
2025-11-13 13:14:41,        0,  29.6,   1.8,  25.7,  0.897, -0.006,  0.000,4544136.5,  1,  22.3,   0.9, 0.100
2025-11-13 13:14:42,        0,  29.6,   1.7,  25.7,  0.859, -0.007,  0.000,4544129.8,  1,  22.3,   0.9, 0.100
2025-11-13 13:14:42,        0,  29.6,   1.8,  25.7,  0.807, -0.006,  0.000,4544123.1,  1,  22.3,   0.9, 0.100
2025-11-13 13:14:43,        0,  29.6,   1.9,  25.7,  0.777, -0.007,  0.000,4544116.4,  1,  22.4,   0.9, 0.100
2025-11-13 13:14:45,        0,  29.6,   1.8,  25.7,  0.740, -0.007,  0.000,4544108.0,  1,  22.3,   0.9, 0.100
2025-11-13 13:14:46,        0,  29.6,   1.8,  25.7,  0.717, -0.007,  0.000,4544101.3,  1,  22.3,   0.9, 0.100
2025-11-13 13:14:46,        0,  29.6,   1.8,  25.7,  0.697, -0.007,  0.000,4544094.2,  1,  22.3,   0.9, 0.100
2025-11-13 13:14:47,        0,  29.6,   1.9,  25.7,  0.672, -0.007,  0.000,4544087.0,  1,  22.3,   0.9, 0.100
2025-11-13 13:14:49,        0,  29.6,   1.8,  25.7,  0.648, -0.007,  0.000,4544078.2,  1,  22.3,   1.0, 0.100
2025-11-13 13:14:50,        0,  29.6,   1.8,  25.7,  0.635, -0.007,  0.000,4544071.5,  1,  22.4,   1.0, 0.100
2025-11-13 13:14:50,        0,  29.6,   1.9,  25.7,  0.621, -0.007,  0.000,4544064.4,  1,  22.3,   1.0, 0.100
2025-11-13 13:14:51,        0,  29.6,   1.9,  25.7,  0.608, -0.007,  0.000,4544057.7,  1,  22.3,   1.0, 0.100
2025-11-13 13:14:53,        0,  29.6,   1.9,  25.7,  0.591, -0.008,  0.000,4544049.3,  1,  22.4,   1.0, 0.100
2025-11-13 13:14:54,        0,  29.6,   1.9,  25.7,  0.576, -0.007,  0.000,4544043.0,  1,  22.3,   1.0, 0.100
2025-11-13 13:14:54,        0,  29.6,   1.9,  25.7,  0.567, -0.007,  0.000,4544036.3,  1,  22.3,   1.0, 0.100
2025-11-13 13:14:55,        0,  29.6,   1.9,  25.7,  0.557, -0.007,  0.000,4544029.6,  1,  22.3,   1.0, 0.100
2025-11-13 13:14:56,        0,  29.6,   1.9,  25.7,  0.549, -0.007,  0.000,4544023.3,  1,  22.3,   1.0, 0.100
2025-11-13 13:14:58,        0,  29.6,   1.8,  25.7,  0.536, -0.007,  0.000,4544015.4,  1,  22.3,   1.0, 0.100
2025-11-13 13:14:58,        0,  29.6,   1.8,  25.7,  0.525, -0.007,  0.000,4544009.1,  1,  22.3,   0.9, 0.100
2025-11-13 13:14:59,        0,  29.6,   1.9,  25.7,  0.518, -0.007,  0.000,4544002.4,  1,  22.3,   0.9, 0.100
2025-11-13 13:15:00,        0,  29.6,   1.8,  25.7,  0.511, -0.007,  0.000,4543996.5,  1,  22.3,   0.9, 0.100
2025-11-13 13:15:02,        0,  29.6,   1.9,  25.7,  0.501, -0.006,  0.000,4543989.4,  1,  22.3,   0.9, 0.100
2025-11-13 13:15:03,        0,  29.6,   1.9,  25.7,  0.495, -0.006,  0.000,4543982.7,  1,  22.3,   0.9, 0.100
2025-11-13 13:15:03,        0,  29.6,   1.8,  25.7,  0.487, -0.006,  0.000,4543976.4,  1,  22.3,   0.9, 0.100
2025-11-13 13:15:04,        0,  29.6,   1.9,  25.7,  0.481, -0.007,  0.000,4543970.5,  1,  22.3,   0.9, 0.100
2025-11-13 13:15:06,        0,  29.6,   1.9,  25.7,  0.473, -0.007,  0.000,4543963.0,  1,  22.3,   0.9, 0.100
2025-11-13 13:15:07,        0,  29.6,   1.9,  25.7,  0.468, -0.006,  0.000,4543956.7,  1,  22.3,   0.9, 0.100
2025-11-13 13:15:07,        0,  29.7,   2.1,  25.7,  0.463, -0.007,  0.000,4543950.4,  1,  22.3,   1.0, 0.100
2025-11-13 13:15:08,        0,  29.6,   1.9,  25.7,  0.457, -0.007,  0.000,4543944.5,  1,  22.3,   0.9, 0.100
2025-11-13 13:15:09,        0,  29.7,   2.1,  25.7,  0.452, -0.006,  0.000,4543938.7,  1,  22.3,   0.9, 0.100
2025-11-13 13:15:11,        0,  29.6,   1.9,  25.7,  0.446, -0.006,  0.000,4543931.5,  1,  22.3,   0.9, 0.100
2025-11-13 13:15:12,        0,  29.6,   1.8,  25.7,  0.441, -0.006,  0.000,4543925.7,  1,  22.4,   0.9, 0.100
2025-11-13 13:15:12,        0,  29.7,   2.1,  25.7,  0.438, -0.006,  0.000,4543920.2,  1,  22.3,   0.9, 0.100
2025-11-13 13:15:13,        0,  29.7,   2.1,  25.7,  0.432, -0.006,  0.000,4543914.8,  1,  22.3,   0.9, 0.100
2025-11-13 13:15:15,        0,  29.6,   1.9,  25.7,  0.427, -0.006,  0.000,4543907.7,  1,  22.3,   0.9, 0.100
2025-11-13 13:15:16,        0,  29.8,   2.3,  25.7,  0.423, -0.006,  0.000,4543902.2,  1,  22.3,   0.9, 0.100
2025-11-13 13:15:16,        0,  29.6,   1.9,  25.7,  0.420, -0.006,  0.000,4543896.8,  1,  22.3,   0.9, 0.100
2025-11-13 13:15:17,        0,  29.6,   1.9,  25.7,  0.415, -0.005,  0.000,4543890.9,  1,  22.3,   0.9, 0.100
2025-11-13 13:15:19,        0,  29.7,   2.1,  25.7,  0.411, -0.006,  0.000,4543884.2,  1,  22.4,   0.9, 0.100
2025-11-13 13:15:20,        0,  29.7,   2.1,  25.7,  0.406, -0.006,  0.000,4543879.2,  1,  22.3,   0.9, 0.100
2025-11-13 13:15:20,        0,  29.7,   2.1,  25.7,  0.404, -0.005,  0.000,4543873.3,  1,  22.3,   0.9, 0.100
2025-11-13 13:15:21,        0,  29.8,   2.3,  25.7,  0.400, -0.005,  0.000,4543868.3,  1,  22.3,   0.9, 0.100
2025-11-13 13:15:22,        0,  29.7,   2.1,  25.7,  0.396, -0.006,  0.000,4543862.8,  1,  22.4,   0.8, 0.100
2025-11-13 13:15:24,        0,  29.7,   2.1,  25.7,  0.393, -0.005,  0.000,4543856.5,  1,  22.3,   0.9, 0.100
2025-11-13 13:15:25,        0,  29.7,   2.1,  25.7,  0.389, -0.005,  0.000,4543851.9,  1,  22.3,   0.9, 0.100
2025-11-13 13:15:25,        0,  29.7,   2.1,  25.7,  0.386, -0.005,  0.000,4543846.5,  1,  22.3,   0.9, 0.100
2025-11-13 13:15:26,        0,  29.7,   2.1,  25.7,  0.383, -0.005,  0.000,4543841.4,  1,  22.3,   0.9, 0.100
2025-11-13 13:15:28,        0,  29.8,   2.3,  25.7,  0.379, -0.005,  0.000,4543835.2,  1,  22.3,   0.9, 0.100
2025-11-13 13:15:29,        0,  29.7,   2.1,  25.7,  0.376, -0.005,  0.000,4543830.5,  1,  22.3,   0.9, 0.100
2025-11-13 13:15:29,        0,  29.8,   2.3,  25.7,  0.373, -0.005,  0.000,4543825.1,  1,  22.3,   0.9, 0.100
2025-11-13 13:15:30,        0,  29.7,   2.1,  25.7,  0.371, -0.005,  0.000,4543820.5,  1,  22.3,   0.9, 0.100
2025-11-13 13:15:32,        0,  29.8,   2.3,  25.7,  0.367, -0.005,  0.000,4543814.6,  1,  22.3,   0.9, 0.100
2025-11-13 13:15:33,        0,  29.8,   2.3,  25.7,106745.037, -0.005,  0.000,4543810.0,  1,  22.3,   0.9, 0.100
2025-11-13 13:15:33,        0,  29.7,   2.1,  25.7,  0.362, -0.005,  0.000,4543805.0,  1,  22.3,   0.9, 0.100
2025-11-13 13:15:34,        0,  29.8,   2.3,  25.7,  0.358, -0.005,  0.000,4543800.4,  1,  22.3,   0.9, 0.100
2025-11-13 13:15:35,        0,  29.7,   2.1,  25.7,  0.356, -0.005,  0.000,4543795.8,  1,  22.3,   0.9, 0.100
2025-11-13 13:15:37,        0,  29.8,   2.3,  25.7,  0.352, -0.005,  0.000,4543789.5,  1,  22.3,   0.9, 0.100
2025-11-13 13:15:38,        0,  29.8,   2.3,  25.7,  0.351, -0.005,  0.000,4543784.4,  1,  22.3,   0.9, 0.100
2025-11-13 13:15:38,        0,  29.8,   2.5,  25.7,  0.347, -0.005,  0.000,4543780.3,  1,  22.3,   0.9, 0.100
2025-11-13 13:15:39,        0,  29.8,   2.3,  25.6,  0.345, -0.005,  0.000,4543775.6,  1,  22.4,   1.0, 0.100
2025-11-13 13:15:41,        0,  29.8,   2.5,  25.7,  0.341, -0.004,  0.000,4543770.2,  1,  22.3,   0.9, 0.100
2025-11-13 13:15:42,        0,  29.6,   1.8,  25.7,  0.339, -0.005,  0.000,4543765.2,  1,  22.4,   1.0, 0.100
2025-11-13 13:15:42,        0,  29.7,   2.1,  25.7,  0.337, -0.005,  0.000,4543760.1,  1,  22.3,   1.0, 0.100
2025-11-13 13:15:43,        0,  29.8,   2.3,  25.7,  0.334, -0.005,  0.000,4543755.9,  1,  22.3,   1.0, 0.100
2025-11-13 13:15:44,        0,  29.8,   2.3,  25.7,  0.332, -0.005,  0.000,4543751.8,  1,  22.3,   1.0, 0.100
2025-11-13 13:15:46,        0,  29.6,   1.9,  25.7,  0.329, -0.005,  0.000,4543745.9,  1,  22.3,   1.0, 0.100
2025-11-13 13:15:47,        0,  29.8,   2.5,  25.7,  0.327, -0.005,  0.000,4543741.7,  1,  22.3,   1.0, 0.100
2025-11-13 13:15:47,        0,  29.8,   2.3,  25.7,  0.326, -0.005,  0.000,4543737.5,  1,  22.3,   1.0, 0.100
2025-11-13 13:15:48,        0,  29.8,   2.3,  25.7,  0.322, -0.005,  0.000,4543732.5,  1,  22.3,   1.0, 0.100
2025-11-13 13:15:50,        0,  29.8,   2.5,  25.7,  0.319, -0.004,  0.000,4543727.5,  1,  22.3,   1.0, 0.100
2025-11-13 13:15:51,        0,  29.8,   2.5,  25.7,  0.317, -0.005,  0.000,4543723.3,  1,  22.3,   0.9, 0.100
2025-11-13 13:15:51,        0,  29.8,   2.5,  25.7,  0.316, -0.004,  0.000,4543719.5,  1,  22.3,   0.9, 0.100
2025-11-13 13:15:52,        0,  29.8,   2.5,  25.7,  0.314, -0.004,  0.000,4543714.9,  1,  22.3,   0.9, 0.100
2025-11-13 13:15:54,        0,  29.8,   2.5,  25.7,  0.311, -0.005,  0.000,4543709.8,  1,  22.3,   1.0, 0.100
2025-11-13 13:15:55,        0,  29.8,   2.5,  25.6,  0.308, -0.004,  0.000,4543706.1,  1,  22.3,   0.9, 0.100
2025-11-13 13:15:55,        0,  29.8,   2.4,  25.7,  0.307, -0.005,  0.000,4543701.5,  1,  22.3,   0.9, 0.100
2025-11-13 13:15:56,        0,  29.8,   2.5,  25.7,  0.305, -0.005,  0.000,4543697.3,  1,  22.3,   0.9, 0.100
2025-11-13 13:15:57,        0,  29.8,   2.5,  25.7,  0.302, -0.004,  0.000,4543693.5,  1,  22.3,   0.9, 0.100
2025-11-13 13:15:59,        0,  29.8,   2.5,  25.6,  0.299, -0.004,  0.000,4543688.5,  1,  22.4,   0.9, 0.100
2025-11-13 13:16:00,        0,  29.9,   2.6,  25.7,  0.297, -0.004,  0.000,4543684.3,  1,  22.3,   0.9, 0.100
2025-11-13 13:16:00,        0,  29.8,   2.5,  25.7,  0.296, -0.004,  0.000,4543680.5,  1,  22.4,   0.9, 0.100
2025-11-13 13:16:01,        0,  29.8,   2.3,  25.7,  0.295, -0.004,  0.000,4543676.3,  1,  22.3,   0.9, 0.100
2025-11-13 13:16:03,        0,  29.8,   2.5,  25.6,  0.292, -0.004,  0.000,4543671.7,  1,  22.3,   0.8, 0.100
2025-11-13 13:16:04,        0,  29.8,   2.5,  25.7,  0.291, -0.004,  0.000,4543667.9,  1,  22.3,   0.9, 0.100
2025-11-13 13:16:04,        0,  29.9,   2.6,  25.7,  0.288, -0.004,  0.000,4543664.2,  1,  22.3,   0.8, 0.100
2025-11-13 13:16:05,        0,  29.9,   2.6,  25.7,  0.287, -0.004,  0.000,4543660.0,  1,  22.4,   0.9, 0.100
2025-11-13 13:16:07,        0,  29.8,   2.5,  25.7,  0.284, -0.004,  0.000,4543655.4,  1,  22.3,   0.9, 0.100
2025-11-13 13:16:08,        0,  29.9,   2.6,  25.7,  0.283, -0.004,  0.000,4543651.6,  1,  22.3,   0.8, 0.100
2025-11-13 13:16:08,        0,  29.8,   2.5,  25.7,  0.282, -0.004,  0.000,4543647.8,  1,  22.4,   0.8, 0.100
2025-11-13 13:16:09,        0,  29.8,   2.3,  25.7,  0.279, -0.004,  0.000,4543644.5,  1,  22.4,   0.8, 0.100
2025-11-13 13:16:10,        0,  29.8,   2.5,  25.7,  0.278, -0.004,  0.000,4543640.3,  1,  22.3,   0.8, 0.100
2025-11-13 13:16:12,        0,  29.8,   2.5,  25.7,  0.276, -0.004,  0.000,4543635.7,  1,  22.4,   0.8, 0.100
2025-11-13 13:16:13,        0,  29.9,   2.6,  25.7,  0.274, -0.004,  0.000,4543631.5,  1,  22.4,   0.8, 0.100
2025-11-13 13:16:13,        0,  29.8,   2.5,  25.7,  0.274, -0.003,  0.000,4543628.1,  1,  22.3,   0.8, 0.100
2025-11-13 13:16:14,        0,  29.9,   2.6,  25.7,  0.271, -0.004,  0.000,4543624.4,  1,  22.4,   0.8, 0.100
2025-11-13 13:16:16,        0,  29.9,   2.6,  25.6,  0.269, -0.004,  0.000,4543619.7,  1,  22.3,   0.9, 0.100
2025-11-13 13:16:17,        0,  29.8,   2.5,  25.6,  0.268, -0.004,  0.000,4543616.0,  1,  22.4,   0.8, 0.100
2025-11-13 13:16:17,        0,  29.9,   2.6,  25.7,  0.267, -0.004,  0.000,4543612.2,  1,  22.4,   0.8, 0.100
2025-11-13 13:16:18,        0,  29.9,   2.6,  25.6,  0.265, -0.004,  0.000,4543608.8,  1,  22.3,   0.8, 0.100
2025-11-13 13:16:19,        0,  29.8,   2.5,  25.6,  0.263, -0.004,  0.000,4543604.7,  1,  22.3,   0.8, 0.100
2025-11-13 13:16:21,        0,  29.9,   2.6,  25.6,  0.262, -0.004,  0.000,4543600.5,  1,  22.4,   0.8, 0.100
2025-11-13 13:16:21,        0,  29.9,   2.6,  25.7,  0.261, -0.003,  0.000,4543597.1,  1,  22.3,   0.8, 0.100
2025-11-13 13:16:22,        0,  29.9,   2.6,  25.7,  5.687,  3.780,  0.024,4546638.1,  1,  22.3,   0.8, 0.100
2025-11-13 13:16:23,        0,  29.9,   2.6,  25.7,  6.527,  4.270,  0.028,4550657.2,  1,  22.3,   0.8, 0.100
2025-11-13 13:16:25,        0,  28.7,   0.0,  25.7,  2.556,  0.947,  0.003,4552295.9,  1,  22.4,   0.8, 0.100
2025-11-13 13:16:26,        0,  29.7,   2.1,  25.7,  1.107,  0.012,  0.000,4552316.8,  1,  22.3,   0.8, 0.100
2025-11-13 13:16:26,        0,  29.5,   1.6,  25.7,  1.002, -0.001,  0.000,4552316.4,  1,  22.4,   0.8, 0.100
2025-11-13 13:16:27,        0,  29.4,   1.1,  25.7,  0.940, -0.004,  0.000,4552311.8,  1,  22.4,   0.8, 0.100
2025-11-13 13:16:29,        0,  29.4,   1.2,  25.6,  0.872, -0.006,  0.000,4552305.1,  1,  22.4,   0.8, 0.100
2025-11-13 13:16:30,        0,  29.4,   1.2,  25.7,  0.834, -0.007,  0.000,4552299.2,  1,  22.3,   0.9, 0.100
2025-11-13 13:16:30,        0,  29.4,   1.2,  25.7,  0.786, -0.007,  0.000,4552292.9,  1,  22.4,   0.9, 0.100
2025-11-13 13:16:31,        0,  29.4,   1.2,  25.7,  0.757, -0.007,  0.000,4552286.2,  1,  22.4,   0.9, 0.100
2025-11-13 13:16:33,        0,  29.5,   1.4,  25.6,  0.719, -0.007,  0.000,4552278.2,  1,  22.4,   0.9, 0.100
2025-11-13 13:16:34,        0,  29.5,   1.4,  25.7,  0.699, -0.007,  0.000,4552271.5,  1,  22.4,   0.9, 0.100
2025-11-13 13:16:34,        0,  29.5,   1.4,  25.6,  0.680, -0.007,  0.000,4552264.4,  1,  22.3,   0.9, 0.100
2025-11-13 13:16:35,        0,  29.5,   1.4,  25.7,  0.653, -0.007,  0.000,4552257.7,  1,  22.3,   0.9, 0.100
2025-11-13 13:16:37,        0,  29.5,   1.4,  25.7,  0.629, -0.007,  0.000,4552249.3,  1,  22.4,   1.0, 0.100
2025-11-13 13:16:38,        0,  29.5,   1.4,  25.7,  0.615, -0.007,  0.000,4552242.2,  1,  22.3,   1.0, 0.100
2025-11-13 13:16:38,        0,  29.4,   1.1,  25.6,  0.602, -0.007,  0.000,4552235.5,  1,  22.3,   1.0, 0.100
2025-11-13 13:16:39,        0,  29.4,   1.2,  25.7,  0.584, -0.007,  0.000,4552228.8,  1,  22.4,   0.9, 0.100
2025-11-13 13:16:40,        0,  29.5,   1.4,  25.7,  0.572, -0.007,  0.000,4552222.9,  1,  22.4,   1.0, 0.100
2025-11-13 13:16:42,        0,  29.5,   1.4,  25.7,  0.556, -0.006,  0.000,4552214.5,  1,  22.3,   1.0, 0.100
2025-11-13 13:16:43,        0,  29.5,   1.4,  25.6,  0.546, -0.007,  0.000,4552208.3,  1,  22.4,   1.0, 0.100
2025-11-13 13:16:43,        0,  29.5,   1.4,  25.6,  0.537, -0.007,  0.000,4552202.4,  1,  22.3,   1.0, 0.100
2025-11-13 13:16:44,        0,  29.5,   1.4,  25.7,  0.523, -0.007,  0.000,4552196.1,  1,  22.3,   1.0, 0.100
2025-11-13 13:16:46,        0,  29.5,   1.4,  25.7,  0.515, -0.006,  0.000,4552188.6,  1,  22.3,   1.0, 0.100
2025-11-13 13:16:47,        0,  29.5,   1.4,  25.7,  0.503, -0.006,  0.000,4552182.3,  1,  22.3,   1.0, 0.100
2025-11-13 13:16:47,        0,  29.5,   1.4,  25.6,  0.494, -0.006,  0.000,4552176.4,  1,  22.3,   1.0, 0.100
2025-11-13 13:16:48,        0,  29.4,   1.2,  25.6,  0.487, -0.006,  0.000,4552171.0,  1,  22.3,   1.0, 0.100
2025-11-13 13:16:50,        0,  29.5,   1.4,  25.6,  0.477, -0.006,  0.000,4552163.4,  1,  22.3,   1.0, 0.100
2025-11-13 13:16:51,        0,  29.5,   1.4,  25.6,  0.470, -0.006,  0.000,4552158.0,  1,  22.3,   1.0, 0.100
2025-11-13 13:16:51,        0,  29.5,   1.6,  25.7,  0.460, -0.006,  0.000,4552152.1,  1,  22.4,   1.0, 0.100
2025-11-13 13:16:52,        0,  29.5,   1.4,  25.7,  0.454, -0.006,  0.000,4552146.2,  1,  22.3,   1.0, 0.100
2025-11-13 13:16:53,        0,  29.5,   1.4,  25.6,  0.448, -0.006,  0.000,4552141.2,  1,  22.4,   1.0, 0.100
2025-11-13 13:16:55,        0,  29.5,   1.4,  25.7,  0.439, -0.006,  0.000,4552134.5,  1,  22.4,   1.0, 0.100
2025-11-13 13:16:56,        0,  29.5,   1.4,  25.7,  0.431, -0.006,  0.000,4552129.5,  1,  22.3,   1.0, 0.100
2025-11-13 13:16:56,        0,  29.5,   1.4,  25.6,  0.426, -0.005,  0.000,4552123.6,  1,  22.3,   1.0, 0.100
2025-11-13 13:16:57,        0,  29.5,   1.4,  25.6,  0.421, -0.006,  0.000,4552117.7,  1,  22.3,   1.0, 0.100
2025-11-13 13:16:59,        0,  29.5,   1.6,  25.7,  0.414, -0.006,  0.000,4552111.4,  1,  22.4,   1.0, 0.100
2025-11-13 13:17:00,        0,  29.4,   1.2,  25.6,  0.409, -0.005,  0.000,4552106.8,  1,  22.3,   1.0, 0.100
2025-11-13 13:17:00,        0,  29.5,   1.4,  25.6,  0.402, -0.005,  0.000,4552101.8,  1,  22.4,   0.9, 0.100
2025-11-13 13:17:01,        0,  29.5,   1.4,  25.6,  0.398, -0.005,  0.000,4552096.8,  1,  22.4,   0.9, 0.100
2025-11-13 13:17:02,        0,  29.5,   1.4,  25.6,  0.393, -0.005,  0.000,4552091.8,  1,  22.4,   0.9, 0.100
2025-11-13 13:17:04,        0,  29.5,   1.6,  25.6,  0.387, -0.005,  0.000,4552085.5,  1,  22.4,   0.9, 0.100
2025-11-13 13:17:05,        0,  29.5,   1.4,  25.6,  0.383, -0.005,  0.000,4552080.4,  1,  22.3,   0.9, 0.100
2025-11-13 13:17:05,        0,  29.5,   1.6,  25.7,  0.377, -0.005,  0.000,4552075.8,  1,  22.3,   0.9, 0.100
2025-11-13 13:17:06,        0,  29.5,   1.4,  25.6,  0.373, -0.005,  0.000,4552070.8,  1,  22.3,   0.9, 0.100
2025-11-13 13:17:08,        0,  29.4,   1.2,  25.6,  0.368, -0.005,  0.000,4552064.9,  1,  22.3,   0.9, 0.100
2025-11-13 13:17:09,        0,  29.4,   1.2,  25.6,  0.364, -0.005,  0.000,4552060.7,  1,  22.3,   0.9, 0.100
2025-11-13 13:17:09,        0,  29.5,   1.4,  25.6,  0.361, -0.005,  0.000,4552055.7,  1,  22.3,   0.9, 0.100
2025-11-13 13:17:10,        0,  29.6,   1.8,  25.6,  0.355, -0.005,  0.000,4552051.5,  1,  22.4,   0.9, 0.100
2025-11-13 13:17:11,        0,  29.5,   1.4,  25.6,  0.352, -0.005,  0.000,4552046.9,  1,  22.3,   0.9, 0.100
2025-11-13 13:17:13,        0,  29.5,   1.6,  25.6,  0.347, -0.004,  0.000,4552041.5,  1,  22.3,   0.9, 0.100
2025-11-13 13:17:14,        0,  29.5,   1.4,  25.6,  0.344, -0.005,  0.000,4552037.3,  1,  22.3,   0.9, 0.100
2025-11-13 13:17:14,        0,  29.5,   1.6,  25.6,  0.340, -0.004,  0.000,4552033.1,  1,  22.4,   0.9, 0.100
2025-11-13 13:17:15,        0,  29.5,   1.4,  25.6,  0.337, -0.005,  0.000,4552028.5,  1,  22.4,   0.9, 0.100
2025-11-13 13:17:17,        0,  29.5,   1.6,  25.6,  0.332, -0.004,  0.000,4552023.4,  1,  22.4,   0.9, 0.100
2025-11-13 13:17:18,        0,  29.5,   1.6,  25.6,  0.329, -0.004,  0.000,4552019.2,  1,  22.4,   0.9, 0.100
2025-11-13 13:17:18,        0,  29.5,   1.6,  25.6,  0.326, -0.004,  0.000,4552014.6,  1,  22.4,   0.9, 0.100
2025-11-13 13:17:19,        0,  29.6,   1.8,  25.6,  0.322, -0.005,  0.000,4552010.4,  1,  22.4,   0.9, 0.100
2025-11-13 13:17:20,        0,  29.5,   1.4,  25.6,  0.320, -0.004,  0.000,4552006.3,  1,  22.4,   0.9, 0.100
2025-11-13 13:17:22,        0,  29.5,   1.4,  25.6,  0.316, -0.004,  0.000,4552001.6,  1,  22.4,   0.9, 0.100
2025-11-13 13:17:22,        0,  29.5,   1.4,  25.6,  0.313, -0.004,  0.000,4551997.5,  1,  22.4,   0.9, 0.100
2025-11-13 13:17:23,        0,  29.4,   1.2,  25.6,  0.310, -0.004,  0.000,4551993.7,  1,  22.4,   0.9, 0.100
2025-11-13 13:17:24,        0,  29.6,   1.8,  25.7,  0.307, -0.005,  0.000,4551989.9,  1,  22.4,   1.0, 0.100
2025-11-13 13:17:26,        0,  29.5,   1.6,  25.6,  0.305, -0.004,  0.000,4551984.9,  1,  22.4,   1.0, 0.100
2025-11-13 13:17:27,        0,  29.5,   1.4,  25.6,  0.302, -0.004,  0.000,4551981.5,  1,  22.4,   1.0, 0.100
2025-11-13 13:17:27,        0,  29.5,   1.6,  25.6,  0.299, -0.004,  0.000,4551977.3,  1,  22.4,   1.0, 0.100
2025-11-13 13:17:28,        0,  29.6,   1.8,  25.6,  0.297, -0.004,  0.000,4551973.1,  1,  22.3,   1.0, 0.100
2025-11-13 13:17:30,        0,  29.5,   1.6,  25.7,  0.294, -0.004,  0.000,4551968.5,  1,  22.4,   1.0, 0.100
2025-11-13 13:17:31,        0,  29.5,   1.6,  25.6,  0.291, -0.004,  0.000,4551964.8,  1,  22.3,   1.0, 0.100
2025-11-13 13:17:31,        0,  29.5,   1.6,  25.6,  0.288, -0.004,  0.000,4551961.4,  1,  22.4,   1.0, 0.100
2025-11-13 13:17:32,        0,  29.5,   1.6,  25.6,  0.286, -0.004,  0.000,4551957.6,  1,  22.4,   1.0, 0.100
2025-11-13 13:17:34,        0,  29.6,   1.8,  25.6,  0.283, -0.004,  0.000,4551953.4,  1,  22.4,   1.0, 0.100
2025-11-13 13:17:35,        0,  29.5,   1.6,  25.6,  0.282, -0.004,  0.000,4551948.8,  1,  22.4,   1.0, 0.100
2025-11-13 13:17:35,        0,  29.5,   1.6,  25.6,  0.279, -0.004,  0.000,4551945.5,  1,  22.4,   1.0, 0.100
2025-11-13 13:17:36,        0,  29.6,   1.8,  25.6,  0.277, -0.004,  0.000,4551941.7,  1,  22.4,   1.0, 0.100
2025-11-13 13:17:38,        0,  29.6,   1.8,  25.6,  0.274, -0.003,  0.000,4551937.5,  1,  22.4,   1.0, 0.100
2025-11-13 13:17:39,        0,  29.5,   1.6,  25.6,  0.272, -0.004,  0.000,4551934.2,  1,  22.4,   1.0, 0.100
2025-11-13 13:17:39,        0,  29.6,   1.8,  25.6,  0.271, -0.003,  0.000,4551930.4,  1,  22.4,   1.0, 0.100
2025-11-13 13:17:40,        0,  29.5,   1.6,  25.6,  0.269, -0.004,  0.000,4551927.0,  1,  22.4,   1.0, 0.100
2025-11-13 13:17:42,        0,  29.5,   1.6,  25.6,  0.267, -0.003,  0.000,4551922.9,  1,  22.4,   1.0, 0.100
2025-11-13 13:17:43,        0,  29.6,   1.8,  25.6,  0.264, -0.004,  0.000,4551919.5,  1,  22.4,   1.0, 0.100
2025-11-13 13:17:43,        0,  29.6,   1.8,  25.6,  0.263, -0.003,  0.000,4551916.2,  1,  22.4,   0.9, 0.100
2025-11-13 13:17:44,        0,  29.5,   1.6,  25.6,  0.261, -0.004,  0.000,4551912.8,  1,  22.4,   0.9, 0.100
2025-11-13 13:17:45,        0,  29.5,   1.6,  25.6,  0.259, -0.003,  0.000,4551909.4,  1,  22.4,   0.9, 0.100
2025-11-13 13:17:47,        0,  29.6,   1.9,  25.6,  0.258, -0.003,  0.000,4551905.7,  1,  22.4,   0.9, 0.100
2025-11-13 13:17:47,        0,  29.6,   1.8,  25.6,  0.255, -0.004,  0.000,4551901.9,  1,  22.4,   0.9, 0.100
2025-11-13 13:17:48,        0,  29.6,   1.7,  25.6,  0.254, -0.004,  0.000,4551898.5,  1,  22.4,   0.9, 0.100
2025-11-13 13:17:49,        0,  29.6,   1.8,  25.6,  0.253, -0.003,  0.000,4551895.6,  1,  22.4,   0.9, 0.100
2025-11-13 13:17:51,        0,  29.6,   1.9,  25.6,  0.251, -0.004,  0.000,4551891.4,  1,  22.4,   0.9, 0.100
2025-11-13 13:17:52,        0,  29.6,   1.9,  25.6,  0.249, -0.003,  0.000,4551888.1,  1,  22.4,   0.9, 0.100
2025-11-13 13:17:52,        0,  29.6,   1.9,  25.6,  0.247, -0.003,  0.000,4551884.7,  1,  22.4,   0.9, 0.100
2025-11-13 13:17:53,        0,  29.6,   1.9,  25.6,  0.247, -0.003,  0.000,4551881.4,  1,  22.4,   0.9, 0.100
2025-11-13 13:17:55,        0,  29.6,   1.9,  25.6,  0.245, -0.003,  0.000,4551877.6,  1,  22.4,   0.8, 0.100
2025-11-13 13:17:56,        0,  29.6,   1.9,  25.6,  0.243, -0.004,  0.000,4551874.2,  1,  22.4,   0.8, 0.100
2025-11-13 13:17:56,        0,  29.6,   1.8,  25.6,  0.242, -0.003,  0.000,4551870.5,  1,  22.4,   0.9, 0.100
2025-11-13 13:17:57,        0,  29.7,   2.1,  25.6,  0.241, -0.003,  0.000,4551867.5,  1,  22.4,   0.9, 0.100
2025-11-13 13:17:58,        0,  29.6,   1.9,  25.6,  0.239, -0.003,  0.000,4551864.6,  1,  22.4,   0.8, 0.100
2025-11-13 13:18:00,        0,  29.7,   2.1,  25.6,  0.238, -0.003,  0.000,4551860.4,  1,  22.4,   0.9, 0.100
2025-11-13 13:18:01,        0,  29.6,   1.9,  25.6,  0.237, -0.003,  0.000,4551857.5,  1,  22.4,   0.9, 0.100
2025-11-13 13:18:01,        0,  29.6,   1.8,  25.6,  0.235, -0.003,  0.000,4551854.1,  1,  22.4,   0.9, 0.100
2025-11-13 13:18:02,        0,  29.6,   1.9,  25.6,  0.234, -0.003,  0.000,4551851.2,  1,  22.4,   0.9, 0.100
2025-11-13 13:18:04,        0,  29.7,   2.1,  25.6,  0.233, -0.003,  0.000,4551847.4,  1,  22.4,   0.9, 0.100
2025-11-13 13:18:05,        0,  29.6,   1.9,  25.6,  0.232, -0.003,  0.000,4551844.1,  1,  22.4,   0.9, 0.100
2025-11-13 13:18:05,        0,  29.6,   1.9,  25.6,  0.231, -0.004,  0.000,4551840.7,  1,  22.4,   0.9, 0.100
2025-11-13 13:18:06,        0,  29.6,   1.9,  25.6,  0.229, -0.003,  0.000,4551837.4,  1,  22.4,   0.9, 0.100
2025-11-13 13:18:08,        0,  29.7,   2.1,  25.6,  0.228, -0.003,  0.000,4551833.6,  1,  22.4,   0.9, 0.100
2025-11-13 13:18:09,        0,  29.7,   2.1,  25.6,  0.227, -0.003,  0.000,4551830.7,  1,  22.4,   0.9, 0.100
2025-11-13 13:18:09,        0,  29.6,   1.9,  25.6,  0.226, -0.003,  0.000,4551827.3,  1,  22.4,   0.9, 0.100
2025-11-13 13:18:10,        0,  29.6,   1.9,  25.6,  0.225, -0.003,  0.000,4551824.4,  1,  22.4,   0.9, 0.100
2025-11-13 13:18:11,        0,  29.7,   2.1,  25.6,  0.224, -0.003,  0.000,4551821.4,  1,  22.4,   0.9, 0.100
2025-11-13 13:18:13,        0,  29.7,   2.1,  25.6,  0.223, -0.003,  0.000,4551817.2,  1,  22.4,   0.9, 0.100
2025-11-13 13:18:14,        0,  29.6,   1.9,  25.6,  0.221, -0.003,  0.000,4551814.7,  1,  22.4,   0.9, 0.100
2025-11-13 13:18:14,        0,  29.6,   1.9,  25.6,  0.221, -0.003,  0.000,4551811.8,  1,  22.4,   0.9, 0.100
2025-11-13 13:18:15,        0,  29.7,   2.1,  25.6,  0.220, -0.003,  0.000,4551808.9,  1,  22.4,   0.9, 0.100
2025-11-13 13:18:17,        0,  29.6,   1.9,  25.6,  0.220, -0.003,  0.000,4551805.5,  1,  22.4,   0.8, 0.100
2025-11-13 13:18:18,        0,  29.7,   2.1,  25.6,  0.218, -0.003,  0.000,4551802.6,  1,  22.4,   0.8, 0.100
2025-11-13 13:18:18,        0,  29.7,   2.1,  25.6,  0.217, -0.003,  0.000,4551799.6,  1,  22.4,   0.9, 0.100
2025-11-13 13:18:19,        0,  29.8,   2.3,  25.6,  0.216, -0.003,  0.000,4551796.3,  1,  22.4,   0.8, 0.100
2025-11-13 13:18:20,        0,  29.6,   1.9,  25.6,  0.216, -0.003,  0.000,4551792.9,  1,  22.3,   0.8, 0.100
2025-11-13 13:18:22,        0,  29.6,   1.9,  25.5,  0.215, -0.003,  0.000,4551789.6,  1,  22.3,   0.8, 0.100
2025-11-13 13:18:23,        0,  29.6,   1.9,  25.6,  0.214, -0.003,  0.000,4551787.1,  1,  22.4,   0.8, 0.100
2025-11-13 13:18:23,        0,  29.7,   2.1,  25.6,  0.213, -0.003,  0.000,4551784.6,  1,  22.4,   0.8, 0.100
2025-11-13 13:18:24,        0,  29.7,   2.1,  25.6,  0.213, -0.003,  0.000,4551781.6,  1,  22.3,   0.8, 0.100
2025-11-13 13:18:26,        0,  29.7,   2.1,  25.6,  0.212, -0.003,  0.000,4551778.3,  1,  22.3,   0.8, 0.100
2025-11-13 13:18:27,        0,  29.6,   1.9,  25.6,  0.210, -0.003,  0.000,4551775.3,  1,  22.4,   0.8, 0.100
2025-11-13 13:18:27,        0,  29.7,   2.1,  25.6,  0.210, -0.003,  0.000,4551772.4,  1,  22.3,   0.8, 0.100
2025-11-13 13:18:28,        0,  29.7,   2.1,  25.6,  0.210, -0.003,  0.000,4551769.9,  1,  22.4,   0.8, 0.100
2025-11-13 13:18:30,        0,  29.6,   1.9,  25.6,  0.209, -0.003,  0.000,4551766.5,  1,  22.3,   0.8, 0.100
2025-11-13 13:18:31,        0,  29.7,   2.1,  25.5,  0.208, -0.003,  0.000,4551763.6,  1,  22.3,   0.8, 0.100
2025-11-13 13:18:31,        0,  29.6,   1.9,  25.6,  0.207, -0.003,  0.000,4551760.7,  1,  22.4,   0.8, 0.100
2025-11-13 13:18:32,        0,  29.7,   2.1,  25.6,  0.206, -0.003,  0.000,4551758.2,  1,  22.4,   0.8, 0.100
2025-11-13 13:18:34,        0,  29.7,   2.1,  25.6,  0.206, -0.003,  0.000,4551754.4,  1,  22.3,   0.8, 0.101
2025-11-13 13:18:35,        0,  29.7,   2.1,  25.6,  0.205, -0.003,  0.000,4551751.4,  1,  22.3,   0.8, 0.100
2025-11-13 13:18:35,        0,  29.6,   1.8,  25.6,  0.205, -0.003,  0.000,4551748.9,  1,  22.3,   0.8, 0.100
2025-11-13 13:18:36,        0,  29.7,   2.1,  25.6,  0.204, -0.003,  0.000,4551746.0,  1,  22.4,   0.8, 0.100
2025-11-13 13:18:38,        0,  29.7,   2.1,  25.6,  0.203, -0.003,  0.000,4551742.6,  1,  22.3,   0.8, 0.100
2025-11-13 13:18:39,        0,  29.7,   2.1,  25.6,  0.202, -0.003,  0.000,4551739.7,  1,  22.3,   0.8, 0.100
2025-11-13 13:18:39,        0,  29.7,   2.1,  25.5,  0.202, -0.003,  0.000,4551737.2,  1,  22.3,   0.8, 0.100
2025-11-13 13:18:40,        0,  29.7,   2.1,  25.6,  0.202, -0.003,  0.000,4551734.3,  1,  22.3,   0.8, 0.100
2025-11-13 13:18:41,        0,  29.8,   2.3,  25.6,  0.201, -0.003,  0.000,4551731.7,  1,  22.3,   0.8, 0.100
2025-11-13 13:18:43,        0,  29.8,   2.3,  25.6,  0.200, -0.003,  0.000,4551728.4,  1,  22.3,   0.9, 0.100
2025-11-13 13:18:44,        0,  29.6,   1.8,  25.6,  0.200, -0.002,  0.000,4551725.9,  1,  22.3,   0.8, 0.100
2025-11-13 13:18:44,        0,  29.6,   1.8,  25.6,  0.200, -0.003,  0.000,4551722.9,  1,  22.3,   0.8, 0.100
2025-11-13 13:18:45,        0,  29.7,   2.1,  25.6,  0.199, -0.003,  0.000,4551720.4,  1,  22.3,   0.9, 0.100
2025-11-13 13:18:47,        0,  29.7,   2.1,  25.6,  0.198, -0.003,  0.000,4551717.1,  1,  22.4,   0.9, 0.100
2025-11-13 13:18:48,        0,  29.7,   2.1,  25.6,  0.198, -0.003,  0.000,4551715.0,  1,  22.3,   0.9, 0.100
2025-11-13 13:18:48,        0,  29.8,   2.3,  25.6,  0.197, -0.002,  0.000,4551712.5,  1,  22.4,   0.9, 0.100
2025-11-13 13:18:49,        0,  29.7,   2.1,  25.6,  0.197, -0.003,  0.000,4551709.5,  1,  22.3,   0.9, 0.100
2025-11-13 13:18:51,        0,  29.8,   2.3,  25.6,  0.196, -0.003,  0.000,4551706.2,  1,  22.4,   0.9, 0.100
2025-11-13 13:18:52,        0,  29.7,   2.1,  25.6,  0.196, -0.003,  0.000,4551703.3,  1,  22.3,   0.9, 0.100
2025-11-13 13:18:52,        0,  29.8,   2.3,  25.6,  0.196, -0.003,  0.000,4551701.2,  1,  22.4,   0.9, 0.100
2025-11-13 13:18:53,        0,  29.8,   2.3,  25.6,  0.195, -0.002,  0.000,4551698.2,  1,  22.4,   0.9, 0.100
2025-11-13 13:18:54,        0,  29.7,   2.1,  25.6,  0.194, -0.003,  0.000,4551695.7,  1,  22.4,   0.9, 0.100
2025-11-13 13:18:56,        0,  29.7,   2.1,  25.5,  0.194, -0.003,  0.000,4551692.4,  1,  22.3,   0.9, 0.100
2025-11-13 13:18:57,        0,  29.8,   2.3,  25.6,  0.194, -0.002,  0.000,4551690.3,  1,  22.3,   0.9, 0.100
2025-11-13 13:18:57,        0,  29.8,   2.3,  25.6,  0.193, -0.003,  0.000,4551687.3,  1,  22.3,   0.9, 0.100
2025-11-13 13:18:58,        0,  29.8,   2.3,  25.5,  0.192, -0.002,  0.000,4551684.8,  1,  22.3,   0.9, 0.100
2025-11-13 13:19:00,        0,  29.6,   1.9,  25.6,  0.192, -0.003,  0.000,4551681.5,  1,  22.4,   0.9, 0.100
2025-11-13 13:19:01,        0,  29.7,   2.1,  25.6,  0.192, -0.003,  0.000,4551678.5,  1,  22.4,   0.9, 0.100
2025-11-13 13:19:01,        0,  29.8,   2.3,  25.6,  0.191, -0.003,  0.000,4551675.6,  1,  22.3,   1.0, 0.100
2025-11-13 13:19:02,        0,  29.6,   1.9,  25.6,  0.191, -0.003,  0.000,4551673.9,  1,  22.3,   0.9, 0.100
2025-11-13 13:19:03,        0,  29.8,   2.3,  25.6,  0.191, -0.003,  0.000,4551671.0,  1,  22.4,   1.0, 0.100
2025-11-13 13:19:05,        0,  29.8,   2.3,  25.6,  0.190, -0.003,  0.000,4551667.6,  1,  22.4,   1.0, 0.100
2025-11-13 13:19:06,        0,  29.6,   1.9,  25.5,  0.190, -0.003,  0.000,4551665.1,  1,  22.4,   0.9, 0.100
2025-11-13 13:19:06,        0,  29.8,   2.3,  25.5,  0.190, -0.003,  0.000,4551663.0,  1,  22.4,   0.9, 0.100
2025-11-13 13:19:07,        0,  29.7,   2.1,  25.6,  0.189, -0.003,  0.000,4551660.1,  1,  22.4,   1.0, 0.100
2025-11-13 13:19:09,        0,  29.7,   2.1,  25.6,  0.189, -0.003,  0.000,4551657.1,  1,  22.4,   0.9, 0.100
2025-11-13 13:19:10,        0,  29.8,   2.3,  25.5,  0.188, -0.003,  0.000,4551654.2,  1,  22.4,   0.9, 0.100
2025-11-13 13:19:10,        0,  29.8,   2.3,  25.5,  0.188, -0.003,  0.000,4551652.1,  1,  22.3,   1.0, 0.100
2025-11-13 13:19:11,        0,  29.7,   2.1,  25.6,  0.188, -0.003,  0.000,4551649.6,  1,  22.4,   1.0, 0.100
2025-11-13 13:19:13,        0,  29.8,   2.3,  25.6,  0.187, -0.003,  0.000,4551645.8,  1,  22.4,   0.9, 0.100
2025-11-13 13:19:14,        0,  29.8,   2.3,  25.5,  0.187, -0.003,  0.000,4551643.3,  1,  22.4,   1.0, 0.100
2025-11-13 13:19:14,        0,  29.8,   2.5,  25.6,  0.187, -0.003,  0.000,4551640.8,  1,  22.3,   1.0, 0.100
2025-11-13 13:19:15,        0,  29.8,   2.3,  25.5,  0.187, -0.002,  0.000,4551638.7,  1,  22.3,   0.9, 0.100
2025-11-13 13:19:17,        0,  29.8,   2.3,  25.6,  0.186, -0.002,  0.000,4551635.8,  1,  22.4,   1.0, 0.100
2025-11-13 13:19:18,        0,  29.6,   1.9,  25.6,  0.186, -0.003,  0.000,4551632.8,  1,  22.3,   0.9, 0.100
2025-11-13 13:19:18,        0,  29.8,   2.5,  25.6,  0.186, -0.003,  0.000,4551631.2,  1,  22.4,   1.0, 0.100
2025-11-13 13:19:19,        0,  29.7,   2.1,  25.5,  0.185, -0.003,  0.000,4551628.2,  1,  22.3,   1.0, 0.100
2025-11-13 13:19:21,        0,  29.8,   2.3,  25.5,  0.185, -0.003,  0.000,4551625.3,  1,  22.3,   0.9, 0.100
2025-11-13 13:19:22,        0,  29.7,   2.1,  25.5,  0.185, -0.003,  0.000,4551622.4,  1,  22.4,   1.0, 0.100
2025-11-13 13:19:22,        0,  29.8,   2.5,  25.6,  0.184, -0.003,  0.000,4551619.9,  1,  22.3,   1.0, 0.100
2025-11-13 13:19:23,        0,  29.8,   2.3,  25.6,  0.184, -0.003,  0.000,4551617.8,  1,  22.3,   0.9, 0.100
2025-11-13 13:19:24,        0,  29.8,   2.3,  25.6,  0.184, -0.002,  0.000,4551615.2,  1,  22.4,   0.9, 0.100
2025-11-13 13:19:26,        0,  29.8,   2.5,  25.6,  0.183, -0.003,  0.000,4551612.3,  1,  22.3,   0.9, 0.100
2025-11-13 13:19:26,        0,  29.7,   2.1,  25.5,  0.183, -0.003,  0.000,4551609.4,  1,  22.3,   0.9, 0.100
2025-11-13 13:19:27,        0,  29.8,   2.3,  25.6,  0.183, -0.003,  0.000,4551607.3,  1,  22.3,   0.9, 0.100
2025-11-13 13:19:28,        0,  29.8,   2.5,  25.6,  0.183, -0.003,  0.000,4551604.3,  1,  22.3,   0.9, 0.100
2025-11-13 13:19:30,        0,  29.8,   2.3,  25.5,  0.182, -0.003,  0.000,4551601.4,  1,  22.4,   0.9, 0.100
2025-11-13 13:19:30,        0,  29.8,   2.5,  25.6,  0.182, -0.003,8005.878,4551598.5,  1,  22.3,   0.9, 0.100
2025-11-13 13:19:31,        0,  29.8,   2.5,  25.6,  0.181, -0.003,  0.000,4551596.0,  1,  22.4,   0.9, 0.100
2025-11-13 13:19:32,        0,  29.8,   2.3,  25.6,  0.181, -0.003,  0.000,4551593.9,  1,  22.3,   0.9, 0.100
2025-11-13 13:19:34,        0,  29.8,   2.5,  25.5,  0.181, -0.003,  0.000,4551590.9,  1,  22.3,   0.9, 0.100
2025-11-13 13:19:34,        0,  29.8,   2.5,  25.6,  0.181, -0.003,  0.000,4551588.0,  1,  22.4,   0.9, 0.100
2025-11-13 13:19:35,        0,  29.8,   2.5,  25.5,  0.181, -0.002,  0.000,4551585.5,  1,  22.4,   0.9, 0.100
2025-11-13 13:19:36,        0,  29.8,   2.5,  25.6,  0.181, -0.003,  0.000,4551583.0,  1,  22.3,   1.0, 0.100
2025-11-13 13:19:38,        0,  29.8,   2.5,  25.5,  0.180, -0.003,  0.000,4551580.0,  1,  22.3,   0.9, 0.100
2025-11-13 13:19:39,        0,  29.8,   2.5,  25.5,  0.180, -0.003,  0.000,4551577.5,  1,  22.3,   1.0, 0.100
2025-11-13 13:19:39,        0,  29.8,   2.5,  25.5,  0.180, -0.002,  0.000,4551575.0,  1,  22.3,   1.0, 0.100
2025-11-13 13:19:40,        0,  29.8,   2.5,  25.5,  0.180, -0.003,  0.000,4551572.9,  1,  22.3,   1.0, 0.100
2025-11-13 13:19:42,        0,  29.8,   2.5,  25.6,  0.179, -0.002,  0.000,4551570.0,  1,  22.3,   1.0, 0.100
2025-11-13 13:19:43,        0,  29.8,   2.5,  25.5,  0.179, -0.003,  0.000,4551567.0,  1,  22.3,   0.9, 0.100
2025-11-13 13:19:43,        0,  29.8,   2.5,  25.6,  0.179, -0.003,  0.000,4551564.1,  1,  22.4,   1.0, 0.100
2025-11-13 13:19:44,        0,  29.8,   2.5,  25.6,  0.178, -0.003,  0.000,4551562.4,  1,  22.3,   0.9, 0.100
2025-11-13 13:19:46,        0,  29.8,   2.5,  25.5,  0.178, -0.003,  0.000,4551559.1,  1,  22.3,   1.0, 0.100
2025-11-13 13:19:47,        0,  29.8,   2.3,  25.6,  0.178, -0.002,  0.000,4551557.0,  1,  22.3,   0.9, 0.100
2025-11-13 13:19:47,        0,  29.9,   2.6,  25.6,  0.177, -0.003,  0.000,4551554.5,  1,  22.3,   1.0, 0.100
2025-11-13 13:19:48,        0,  29.8,   2.3,  25.5,  0.178, -0.003,  0.000,4551552.0,  1,  22.4,   0.9, 0.100
2025-11-13 13:19:50,        0,  29.8,   2.5,  25.5,  0.177, -0.002,  0.000,4551549.4,  1,  22.3,   0.9, 0.100
2025-11-13 13:19:51,        0,  29.8,   2.3,  25.6,  0.177, -0.003,  0.000,4551546.9,  1,  22.4,   0.9, 0.100
2025-11-13 13:19:51,        0,  29.8,   2.3,  25.5,  0.177, -0.002,  0.000,4551544.8,  1,  22.3,   0.9, 0.100
2025-11-13 13:19:52,        0,  29.8,   2.5,  25.5,  0.177, -0.002,  0.000,4551542.3,  1,  22.3,   0.9, 0.100
2025-11-13 13:19:54,        0,  29.9,   2.6,  25.5,  0.177, -0.002,  0.000,4551539.8,  1,  22.4,   0.9, 0.100
2025-11-13 13:19:55,        0,  29.8,   2.5,  25.6,  0.176, -0.003,  0.000,4551537.7,  1,  22.4,   0.9, 0.100
2025-11-13 13:19:55,        0,  29.6,   1.9,  25.5,  0.176, -0.003,  0.000,4551535.2,  1,  22.4,   0.9, 0.100
2025-11-13 13:19:56,        0,  29.8,   2.5,  25.5,  0.175, -0.003,  0.000,4551532.7,  1,  22.4,   0.8, 0.100
2025-11-13 13:19:58,        0,  29.8,   2.5,  25.5,  0.175, -0.003,  0.000,4551529.7,  1,  22.4,   0.9, 0.100
2025-11-13 13:19:59,        0,  29.8,   2.5,  25.5,  0.175, -0.003,  0.000,4551527.6,  1,  22.3,   0.9, 0.100
2025-11-13 13:19:59,        0,  29.9,   2.6,  25.5,  0.175, -0.003,  0.000,4551525.1,  1,  22.3,   0.8, 0.100
2025-11-13 13:20:00,        0,  29.9,   2.6,  25.5,  0.175, -0.003,  0.000,4551522.6,  1,  22.3,   0.8, 0.100
2025-11-13 13:20:02,        0,  29.9,   2.6,  25.6,  0.175, -0.002,  0.000,4551519.7,  1,  22.4,   0.8, 0.100
