Time, Cnts,  %T, set_Cell[mA], Cell[°C], Cell[Volt], Cell[mA], Cell[W], Cell[uAs], Cell_ON, Env[°C], TEC[°C], N2Flow[slpm]
2025-10-22 10:56:27,        0,  29.7,   2.1,  25.8,  0.181, -0.003,  0.000,     -2.6,  1,  22.2,   1.0, 0.100
2025-10-22 10:56:27,        0,  29.7,   2.1,  25.8,  0.181, -0.003,  0.000,     -5.1,  1,  22.1,   1.0, 0.100
2025-10-22 10:56:28,        0,  29.7,   2.1,  25.8,  0.179, -0.003,  0.000,     -7.7,  1,  22.2,   1.0, 0.100
2025-10-22 10:56:30,        0,  29.7,   2.1,  25.8,  0.179, -0.003,  0.000,    -10.6,  1,  22.2,   1.0, 0.099
2025-10-22 10:56:31,        0,  29.7,   2.1,  25.8,  0.178, -0.002,  0.000,    -12.6,  1,  22.2,   1.0, 0.099
2025-10-22 10:56:31,        0,  29.7,   2.1,  25.8,  0.177, -0.003,  0.000,    -15.2,  1,  22.2,   1.0, 0.099
2025-10-22 10:56:32,        0,  29.7,   2.1,  25.8,  0.177, -0.003,  0.000,    -17.5,  1,  22.2,   1.0, 0.099
2025-10-22 10:56:34,        0,  29.7,   2.1,  25.8,  0.176, -0.002,  0.000,    -20.6,  1,  22.2,   1.0, 0.099
2025-10-22 10:56:35,        0,  29.7,   2.1,  25.8,  0.176, -0.003,  0.000,    -22.9,  1,  22.2,   1.0, 0.100
2025-10-22 10:56:35,        0,  29.8,   2.3,  25.8,  0.175, -0.002,  0.000,    -25.2,  1,  22.2,   1.0, 0.100
2025-10-22 10:56:36,        0,  29.7,   2.1,  25.8,  0.175, -0.002,  0.000,    -27.5,  1,  22.2,   1.0, 0.100
2025-10-22 10:56:38,        0,  29.8,   2.3,  25.8,  0.174, -0.003,  0.000,    -30.3,  1,  22.2,   1.0, 0.100
2025-10-22 10:56:39,        0,  29.7,   2.1,  25.8,  0.174, -0.002,  0.000,    -32.6,  1,  22.2,   1.0, 0.100
2025-10-22 10:56:39,        0,  29.8,   2.3,  25.8,  0.173, -0.002,  0.000,    -34.9,  1,  22.2,   1.0, 0.100
2025-10-22 10:56:40,        0,  30.0,   3.0,  25.8,  0.887,  0.597,  0.003,   1229.1,  1,  22.2,   1.0, 0.100
2025-10-22 10:56:42,        0,  30.0,   3.0,  25.8,  6.409,  4.510,  0.029,   6327.7,  1,  22.2,   0.9, 0.100
2025-10-22 10:56:43,        0,  29.6,   1.8,  25.8,  6.425,  4.518,  0.029,  10598.1,  1,  22.2,   1.0, 0.100
2025-10-22 10:56:43,        0,  30.3,   3.8,  25.8,  8.337,  6.311,  0.053,  14654.7,  1,  22.2,   1.0, 0.100
2025-10-22 10:56:44,        0,  31.3,   7.0,  25.8,  9.604,  7.489,  0.073,  21229.9,  1,  22.2,   0.9, 0.100
2025-10-22 10:56:46,        0,  32.2,   9.7,  25.8, 12.689, 10.362,  0.132,  32292.7,  1,  22.2,   0.9, 0.100
2025-10-22 10:56:47,        0,  33.7,  14.2,  25.8, 14.667, 12.197,  0.179,  43849.8,  1,  22.2,   0.9, 0.100
2025-10-22 10:56:47,        0,  33.8,  14.4,  25.8, 16.073, 13.487,  0.219,  57453.6,  1,  22.2,   0.9, 0.100
2025-10-22 10:56:48,        0,  35.4,  19.1,  25.8, 23.682, 20.712,  0.492,  75596.0,  1,  22.2,   0.9, 0.100
2025-10-22 10:56:50,        0,  36.9,  23.6,  25.7, 24.181, 21.182,  0.514, 101158.9,  1,  22.2,   0.9, 0.101
2025-10-22 10:56:51,        0,  36.6,  22.9,  25.8, 27.118, 24.018,  0.653, 125172.6,  1,  22.2,   1.0, 0.092
2025-10-22 10:56:52,        0,  38.3,  27.9,  25.7, 33.870, 30.521,  1.034, 153209.8,  1,  22.2,   0.9, 0.092
2025-10-22 10:56:52,        0,  37.5,  25.6,  25.7, 35.671, 32.283,  1.158, 182590.8,  1,  22.1,   0.9, 0.096
2025-10-22 10:56:53,        0,  41.9,  38.8,  25.7, 42.558, 38.699,  1.647, 215925.4,  1,  22.1,   0.9, 0.098
2025-10-22 10:56:55,        0,  39.6,  31.7,  25.7, 42.995, 38.721,  1.683, 261329.3,  1,  22.1,   0.9, 0.098
2025-10-22 10:56:56,        0,  42.5,  40.5,  25.7, 47.467, 42.283,  2.011, 299098.5,  1,  22.2,   0.9, 0.099
2025-10-22 10:56:56,        0,  44.3,  45.9,  25.7, 50.159, 43.363,  2.185, 339424.3,  1,  22.2,   0.9, 0.099
2025-10-22 10:56:57,        0,  43.7,  44.0,  25.7, 55.089, -0.000,  2.567, 380094.1,  1,  22.2,   0.9, 0.100
2025-10-22 10:56:59,        0,  43.1,  42.2,  25.7, 43.623, 34.739,  1.517, 427323.3,  1,  22.1,   0.9, 0.100
2025-10-22 10:56:59,        0,  39.1,  30.3,  25.7, 58.438, 46.879,  2.757, 465908.5,  1,  22.2,   0.9, 0.100
2025-10-22 10:57:00,        0,  44.1,  45.2,  25.8, 66.031, 52.642,  3.481, 508991.5,  1,  22.1,   0.9, 0.100
2025-10-22 10:57:02,        0,  43.1,  42.2,  25.7, 43.479, 33.708,  1.483, 552848.3,  1,  22.2,   0.9, 0.100
2025-10-22 10:57:03,        0,  46.0,  50.9,  25.7, 65.780, 51.909,  3.416, 600357.1,  1,  22.1,   0.9, 0.100
2025-10-22 10:57:03,        0,  44.5,  46.6,  25.8, 59.304, 46.730,  2.795, 645196.7,  1,  22.2,   1.0, 0.100
2025-10-22 10:57:04,        0,  41.4,  37.1,  25.8, 69.898, 55.202,  3.864, 694507.4,  1,  22.2,   1.0, 0.100
2025-10-22 10:57:06,        0,  43.7,  44.2,  25.8, 62.730, 48.913,  3.073, 748600.7,  1,  22.1,   1.0, 0.100
2025-10-22 10:57:07,        0,  38.3,  27.9,  25.8, 63.067, 49.124,  3.100, 791737.5,  1,  22.2,   1.0, 0.111
2025-10-22 10:57:07,        0,  47.2,  54.5,  25.8, 68.888, 53.624,  3.697, 835673.9,  1,  22.2,   1.0, 0.110
2025-10-22 10:57:08,        0,  46.9,  53.8,  25.8, 62.905, 48.707,  3.081, 886948.9,  1,  22.1,   1.0, 0.104
2025-10-22 10:57:10,        0,  44.8,  47.3,  25.8, 70.836, 55.142,  3.914, 951659.3,  1,  22.2,   1.0, 0.101
2025-10-22 10:57:11,        0,  42.3,  40.0,  25.8, 30.458, 22.931,  0.839, 982064.2,  1,  22.2,   1.0, 0.100
2025-10-22 10:57:11,        0,  42.4,  40.2,  25.8, 58.149, 45.339,  2.639,1027017.1,  1,  22.2,   1.0, 0.100
2025-10-22 10:57:12,        0,  41.8,  38.4,  25.8, 48.326, 36.800,  1.784,1065393.4,  1,  22.1,   1.0, 0.100
2025-10-22 10:57:14,        0,  40.3,  33.9,  25.8, 44.190, 33.258,  1.655,1110271.2,  1,  22.2,   1.0, 0.100
2025-10-22 10:57:14,        0,  41.9,  38.6,  25.8, 46.197, 34.785,  1.635,1142991.3,  1,  22.2,   1.0, 0.100
2025-10-22 10:57:15,        0,  42.4,  40.3,  25.8, 51.007, 38.321,  1.959,1181489.5,  1,  22.2,   1.0, 0.100
2025-10-22 10:57:16,        0,  41.3,  36.9,  25.8, 51.311, 38.342,  1.995,1216890.7,  1,  22.2,   1.0, 0.100
2025-10-22 10:57:18,        0,  41.2,  36.7,  25.8, 57.571, 42.862,  2.474,1266097.7,  1,  22.1,   1.0, 0.100
2025-10-22 10:57:18,        0,  36.5,  22.4,  25.8, 59.826, 44.336,  2.667,1307170.0,  1,  22.1,   1.0, 0.100
2025-10-22 10:57:19,        0,  40.5,  34.5,  25.8, 50.640, 37.838,  1.978,1338680.1,  1,  22.2,   1.0, 0.100
2025-10-22 10:57:20,        0,  42.9,  41.6,  25.8, 38.113, 28.007,  1.076,1369867.8,  1,  22.2,   1.0, 0.100
2025-10-22 10:57:22,        0,  39.1,  30.3,  25.8, 45.385, 33.523,  1.527,1412477.4,  1,  22.2,   1.0, 0.100
2025-10-22 10:57:23,        0,  42.5,  40.5,  25.8, 52.967, 39.143,  2.085,1450879.7,  1,  22.1,   1.0, 0.100
2025-10-22 10:57:23,        0,  35.4,  19.1,  25.8, 38.074, 27.658,  1.114,1485646.7,  1,  22.2,   1.0, 0.100
2025-10-22 10:57:24,        0,  39.8,  32.4,  25.8, 45.230, 33.351,  1.512,1514392.2,  1,  22.2,   1.0, 0.100
2025-10-22 10:57:26,        0,  40.1,  33.3,  25.8, 62.596, 46.663,  2.924,1563477.2,  1,  22.2,   1.0, 0.100
2025-10-22 10:57:27,        0,  41.1,  36.4,  25.8, 39.264, 28.617,  1.191,1596107.0,  1,  22.2,   1.0, 0.100
2025-10-22 10:57:27,        0,  40.8,  35.5,  25.8, 45.256, 33.216,  1.530,1632425.1,  1,  22.2,   0.9, 0.100
2025-10-22 10:57:28,        0,  39.6,  31.7,  25.8, 58.907, 43.606,  2.576,1673065.3,  1,  22.2,   1.0, 0.100
2025-10-22 10:57:30,        0,  33.7,  14.0,  25.8, 50.701, 37.327,  1.905,1718256.6,  1,  22.1,   0.9, 0.100
2025-10-22 10:57:31,        0,  41.5,  37.6,  25.8, 57.564, 42.763,  2.483,1750225.2,  1,  22.2,   0.9, 0.100
2025-10-22 10:57:31,        0,  43.1,  42.4,  25.8, 47.695, 35.011,  1.688,1787516.3,  1,  22.2,   0.9, 0.100
2025-10-22 10:57:32,        0,  40.3,  33.8,  25.8, 56.767, 41.871,  2.398,1824599.9,  1,  22.2,   0.9, 0.100
2025-10-22 10:57:34,        0,  40.0,  33.1,  25.8, 64.173, 47.729,  3.063,1876721.1,  1,  22.2,   0.9, 0.100
2025-10-22 10:57:35,        0,  42.3,  39.8,  25.8, 55.323, 40.835,  2.266,1915796.5,  1,  22.1,   0.9, 0.100
2025-10-22 10:57:35,        0,  43.4,  43.1,  25.8, 58.418, 43.164,  2.533,1956336.2,  1,  22.2,   0.8, 0.100
2025-10-22 10:57:36,        0,  44.3,  45.9,  25.9, 57.256, 42.204,  2.420,1997718.3,  1,  22.2,   0.9, 0.100
2025-10-22 10:57:38,        0,  40.7,  35.2,  25.8, 43.492, 31.625,  1.463,2044182.1,  1,  22.2,   0.9, 0.100
2025-10-22 10:57:39,        0,  44.2,  45.5,  25.9, 58.607, 43.394,  2.547,2085768.7,  1,  22.2,   0.9, 0.100
2025-10-22 10:57:39,        0,  43.7,  44.0,  25.8, 68.861, 51.176,  3.526,2135548.2,  1,  22.1,   0.9, 0.100
2025-10-22 10:57:40,        0,  40.9,  35.7,  25.9, 58.305, 43.015,  2.512,2178225.5,  1,  22.2,   0.9, 0.100
2025-10-22 10:57:42,        0,  36.9,  23.7,  25.9, 59.514, 44.163,  2.664,2222296.1,  1,  22.2,   0.9, 0.100
2025-10-22 10:57:43,        0,  45.7,  50.0,  25.9, 51.549, 37.786,  2.004,2256250.3,  1,  22.2,   0.9, 0.100
2025-10-22 10:57:43,        0,  43.4,  43.3,  25.9, 70.254, 52.375,  3.682,2306727.0,  1,  22.2,   0.9, 0.100
2025-10-22 10:57:44,        0,  39.6,  31.7,  25.9, 66.928, 49.593,  3.329,2352800.2,  1,  22.2,   0.9, 0.100
2025-10-22 10:57:45,        0,  40.9,  35.7,  25.9, 50.632, 37.107,  1.939,2388564.1,  1,  22.2,   0.9, 0.100
2025-10-22 10:57:47,        0,  38.8,  29.4,  25.9, 55.263, 40.592,  2.307,2432824.3,  1,  22.2,   0.9, 0.100
2025-10-22 10:57:48,        0,  44.6,  46.8,  25.9, 67.866, 50.421,  3.429,2475196.3,  1,  22.2,   0.9, 0.100
2025-10-22 10:57:48,        0,  44.2,  45.5,  25.9, 62.367, 46.137,  2.885,2521890.2,  1,  22.2,   0.9, 0.100
2025-10-22 10:57:49,        0,  38.9,  29.6,  25.9, 47.361, 34.506,  1.636,2558193.3,  1,  22.2,   0.9, 0.100
2025-10-22 10:57:51,        0,  40.9,  35.7,  25.9, 65.769, 48.794,  3.221,2607395.5,  1,  22.2,   0.9, 0.100
2025-10-22 10:57:52,        0,  45.2,  48.5,  25.9, 54.337, 39.787,  2.189,2646342.2,  1,  22.2,   0.9, 0.100
2025-10-22 10:57:52,        0,  40.4,  34.1,  26.0, 55.346, 40.746,  2.357,2686020.5,  1,  22.2,   0.9, 0.100
2025-10-22 10:57:53,        0,  41.0,  36.0,  26.0, 57.448, 42.128,  2.441,2726698.7,  1,  22.2,   0.9, 0.100
2025-10-22 10:57:55,        0,  39.0,  30.0,  26.0, 56.134, 41.184,  2.333,2774671.3,  1,  22.2,   0.9, 0.100
2025-10-22 10:57:56,        0,  40.5,  34.6,  26.0, 61.045, 44.914,  2.803,2814652.3,  1,  22.2,   0.9, 0.100
2025-10-22 10:57:56,        0,  42.6,  40.7,  25.9, 60.516, 44.328,  2.735,2854219.3,  1,  22.2,   0.9, 0.100
2025-10-22 10:57:57,        0,  42.3,  40.0,  26.0, 67.623, 50.028,  3.393,2897067.6,  1,  22.1,   0.9, 0.100
2025-10-22 10:57:58,        0,  38.7,  29.1,  26.0, 53.414, 39.017,  2.106,2935443.1,  1,  22.2,   1.0, 0.100
2025-10-22 10:58:00,        0,  38.2,  27.5,  26.0, 46.543, 33.525,  1.642,2976749.1,  1,  22.2,   1.0, 0.100
2025-10-22 10:58:00,        0,  40.0,  32.9,  26.0, 57.254, 41.745,  2.462,3015315.7,  1,  22.2,   1.0, 0.100
2025-10-22 10:58:01,        0,  38.9,  29.8,  26.0, 55.840, 40.529,  2.284,3053495.9,  1,  22.2,   1.0, 0.100
2025-10-22 10:58:02,        0,  43.8,  44.5,  26.0, 56.288, 40.806,  2.298,3090046.2,  1,  22.2,   1.0, 0.100
2025-10-22 10:58:04,        0,  42.6,  40.9,  26.0, 52.863, 38.212,  2.024,3140256.3,  1,  22.2,   1.0, 0.100
2025-10-22 10:58:05,        0,  42.0,  39.1,  26.0, 55.336, 40.150,  2.237,3179348.7,  1,  22.2,   0.9, 0.100
2025-10-22 10:58:05,        0,  41.6,  37.8,  26.0, 58.366, 42.372,  2.475,3219489.4,  1,  22.2,   1.0, 0.100
2025-10-22 10:58:06,        0,  38.8,  29.3,  26.0, 54.025, 39.067,  2.122,3257202.1,  1,  22.2,   0.9, 0.100
2025-10-22 10:58:08,        0,  42.2,  39.5,  26.0, 55.325, 39.904,  2.212,3299807.3,  1,  22.2,   1.0, 0.100
2025-10-22 10:58:09,        0,  39.3,  31.0,  26.0, 54.757, 39.435,  2.168,3338387.4,  1,  22.2,   1.0, 0.100
2025-10-22 10:58:09,        0,  39.9,  32.6,  26.0, 28.714, 19.789,  0.631,3361193.9,  1,  22.2,   1.0, 0.100
2025-10-22 10:58:10,        0,  41.0,  36.0,  26.0, 55.318, 39.559,  2.193,3396513.1,  1,  22.2,   1.0, 0.100
2025-10-22 10:58:11,        0,  41.9,  38.8,  26.0, 35.858, 24.911,  0.905,3425262.0,  1,  22.2,   1.0, 0.100
2025-10-22 10:58:13,        0,  38.6,  28.9,  26.0, 54.837, 38.998,  2.139,3470239.9,  1,  22.2,   1.0, 0.100
2025-10-22 10:58:13,        0,  37.1,  24.3,  26.0, 45.367, 31.900,  1.480,3500047.7,  1,  22.2,   1.0, 0.100
2025-10-22 10:58:14,        0,  39.0,  30.1,  26.0, 39.718, 27.525,  1.094,3526695.0,  1,  22.1,   1.0, 0.100
2025-10-22 10:58:15,        0,  38.5,  28.6,  26.0, 42.303, 29.308,  1.240,3555584.0,  1,  22.2,   1.0, 0.100
2025-10-22 10:58:17,        0,  39.7,  32.2,  26.0, 44.574, 30.930,  1.382,3593421.6,  1,  22.2,   1.0, 0.100
2025-10-22 10:58:18,        0,  34.5,  16.6,  26.0, 42.008, 29.039,  1.231,3623906.2,  1,  22.2,   1.0, 0.100
2025-10-22 10:58:18,        0,  38.4,  28.2,  26.0, 43.209, 29.780,  1.295,3649267.7,  1,  22.2,   1.0, 0.100
2025-10-22 10:58:19,        0,  31.8,   8.3,  26.0, 27.770, 18.587,  0.601,3668298.9,  1,  22.2,   1.0, 0.100
2025-10-22 10:58:21,        0,  37.6,  25.8,  26.0, 45.223, 31.009,  1.403,3698310.3,  1,  22.2,   1.0, 0.100
2025-10-22 10:58:22,        0,  36.0,  21.1,  26.0, 33.254, 22.263,  0.742,3721779.6,  1,  22.2,   1.0, 0.100
2025-10-22 10:58:22,        0,  37.5,  25.6,  26.0, 42.468, 28.794,  1.227,3748230.8,  1,  22.2,   1.0, 0.100
2025-10-22 10:58:23,        0,  35.2,  18.5,  26.0, 40.075, 27.074,  1.086,3772559.7,  1,  22.1,   1.0, 0.100
2025-10-22 10:58:24,        0,  36.3,  22.0,  26.0, 28.159, 18.515,  0.528,3791488.1,  1,  22.2,   1.0, 0.100
2025-10-22 10:58:26,        0,  37.4,  25.3,  26.0, 26.899, 17.547,  0.503,3817522.7,  1,  22.2,   1.0, 0.100
2025-10-22 10:58:26,        0,  36.4,  22.2,  26.0, 34.389, 22.770,  0.783,3840316.0,  1,  22.2,   1.0, 0.100
2025-10-22 10:58:27,        0,  36.7,  23.0,  26.0, 33.436, 22.038,  0.744,3861720.5,  1,  22.2,   1.0, 0.100
2025-10-22 10:58:28,        0,  36.9,  23.7,  26.0, 26.348, 17.047,  0.486,3881493.4,  1,  22.2,   1.0, 0.100
2025-10-22 10:58:30,        0,  36.0,  21.1,  26.0, 15.596,  9.518,  0.170,3902702.1,  1,  22.2,   1.0, 0.100
2025-10-22 10:58:31,        0,  35.0,  18.0,  26.0, 20.478, 12.884,  0.314,3919294.9,  1,  22.2,   1.0, 0.100
2025-10-22 10:58:31,        0,  35.2,  18.7,  26.0, 23.017, 14.584,  0.372,3936875.6,  1,  22.2,   1.0, 0.100
2025-10-22 10:58:32,        0,  35.2,  18.5,  26.0, 29.761, 19.186,  0.572,3955612.5,  1,  22.2,   1.0, 0.100
2025-10-22 10:58:34,        0,  34.7,  17.2,  26.1, 23.861, 15.080,  0.369,3976714.3,  1,  22.2,   1.0, 0.100
2025-10-22 10:58:35,        0,  33.3,  12.8,  26.0, 29.490, 18.900,  0.558,3994476.0,  1,  22.2,   1.0, 0.100
2025-10-22 10:58:35,        0,  34.3,  15.9,  26.0, 23.666, 14.864,  0.360,4005341.9,  1,  22.2,   1.0, 0.100
2025-10-22 10:58:36,        0,  34.6,  16.8,  26.0, 26.359, 16.639,  0.440,4021458.2,  1,  22.2,   1.0, 0.100
2025-10-22 10:58:38,        0,  33.3,  13.0,  26.0, 25.476, 16.007,  0.415,4041391.2,  1,  22.2,   1.0, 0.100
2025-10-22 10:58:39,        0,  34.6,  16.8,  26.0, 23.523, 14.651,  0.358,4055279.2,  1,  22.2,   1.0, 0.100
2025-10-22 10:58:40,        0,  34.1,  15.4,  26.0, 28.678, 18.117,  0.520,4073364.8,  1,  22.2,   1.0, 0.100
2025-10-22 10:58:40,        0,  34.3,  15.8,  26.0, 27.666, 17.396,  0.482,4089220.0,  1,  22.2,   1.0, 0.100
2025-10-22 10:58:41,        0,  33.9,  14.7,  26.0, 15.266,  8.990,  0.141,4101308.8,  1,  22.2,   1.0, 0.100
2025-10-22 10:58:43,        0,  33.7,  14.2,  26.0, 27.670, 17.315,  0.480,4121635.3,  1,  22.2,   1.0, 0.100
2025-10-22 10:58:44,        0,  32.6,  10.8,  26.0, 24.277, 15.013,  0.365,4136485.6,  1,  22.2,   1.0, 0.100
2025-10-22 10:58:44,        0,  29.6,   1.9,  26.0, 17.044, 10.174,  0.188,4144875.4,  1,  22.2,   1.0, 0.100
2025-10-22 10:58:45,        0,  33.6,  13.7,  26.0, 15.915,  9.403,  0.204,4154448.8,  1,  22.2,   1.0, 0.100
2025-10-22 10:58:47,        0,  31.4,   7.3,  26.0, 20.487, 12.455,  0.261,4170306.5,  1,  22.2,   1.0, 0.100
2025-10-22 10:58:48,        0,  33.1,  12.3,  26.0, 17.338, 10.288,  0.198,4179776.0,  1,  22.2,   1.0, 0.100
2025-10-22 10:58:48,        0,  33.1,  12.3,  26.0, 18.826, 11.288,  0.218,4191558.4,  1,  22.2,   1.0, 0.100
2025-10-22 10:58:49,        0,  33.1,  12.3,  26.0, 19.482, 11.691,  0.228,4203841.3,  1,  22.2,   1.0, 0.100
2025-10-22 10:58:51,        0,  32.2,   9.5,  26.0, 20.598, 12.403,  0.259,4218855.8,  1,  22.2,   1.0, 0.100
2025-10-22 10:58:52,        0,  33.6,  13.9,  26.0, 19.386, 11.577,  0.229,4230864.5,  1,  22.2,   0.9, 0.100
2025-10-22 10:58:52,        0,  31.1,   6.4,  26.0, 16.619,  9.739,  0.167,4242774.4,  1,  22.2,   1.0, 0.100
2025-10-22 10:58:53,        0,  32.9,  11.6,  26.0, 14.612,  8.365,  0.136,4251032.6,  1,  22.2,   1.0, 0.100
2025-10-22 10:58:55,        0,  32.2,   9.5,  26.0, 19.560, 11.620,  0.232,4266075.7,  1,  22.2,   1.0, 0.100
2025-10-22 10:58:56,        0,  31.3,   6.8,  26.0, 20.543, 12.253,  0.253,4276628.0,  1,  22.2,   1.0, 0.100
2025-10-22 10:58:56,        0,  30.9,   5.6,  26.0, 16.257,  9.406,  0.153,4284699.8,  1,  22.2,   1.0, 0.100
2025-10-22 10:58:57,        0,  30.9,   5.6,  26.0, 14.302,  8.109,  0.125,4292352.1,  1,  22.2,   1.0, 0.100
2025-10-22 10:58:59,        0,  32.4,  10.1,  26.0, 19.084, 11.206,  0.215,4303868.4,  1,  22.2,   1.0, 0.100
2025-10-22 10:58:59,        0,  30.2,   3.5,  26.0, 13.558,  7.630,  0.106,4312898.2,  1,  22.2,   1.0, 0.100
2025-10-22 10:59:00,        0,  32.0,   8.9,  26.1, 15.258,  8.716,  0.140,4320210.2,  1,  22.2,   1.0, 0.100
2025-10-22 10:59:01,        0,  30.3,   3.8,  26.0, 18.019, 10.525,  0.190,4329650.7,  1,  22.2,   1.0, 0.100
2025-10-22 10:59:03,        0,  30.4,   4.2,  26.0, 17.636, 10.241,  0.181,4339591.2,  1,  22.2,   1.0, 0.100
2025-10-22 10:59:03,        0,  31.1,   6.3,  26.0, 13.398,  7.467,  0.102,4347662.2,  1,  22.2,   0.9, 0.100
2025-10-22 10:59:04,        0,  30.5,   4.4,  26.0, 16.136,  9.255,  0.151,4355518.9,  1,  22.2,   0.9, 0.100
2025-10-22 10:59:05,        0,  29.8,   2.3,  26.0, 10.700,  5.710,  0.062,4360810.9,  1,  22.2,   0.9, 0.100
2025-10-22 10:59:07,        0,  31.3,   7.0,  26.0, 13.609,  7.563,  0.104,4368490.4,  1,  22.2,   0.9, 0.100
2025-10-22 10:59:08,        0,  29.8,   2.5,  26.0, 14.611,  8.219,  0.124,4376371.0,  1,  22.2,   0.9, 0.100
2025-10-22 10:59:08,        0,  30.3,   4.0,  26.0,  9.382,  4.825,  0.046,4380804.2,  1,  22.2,   0.9, 0.100
2025-10-22 10:59:09,        0,  30.6,   4.7,  26.0, 12.570,  6.871,  0.087,4387063.4,  1,  22.2,   0.9, 0.100
2025-10-22 10:59:11,        0,  29.9,   2.8,  26.0, 11.781,  6.357,  0.075,4394594.1,  1,  22.2,   0.9, 0.100
2025-10-22 10:59:12,        0,  29.8,   2.5,  26.0, 10.039,  5.239,  0.056,4399510.9,  1,  22.2,   0.9, 0.100
2025-10-22 10:59:12,        0,  31.1,   6.4,  26.0, 12.263,  6.642,  0.085,4405748.8,  1,  22.2,   0.9, 0.100
2025-10-22 10:59:13,        0,  30.6,   4.9,  26.0, 12.772,  7.004,  0.090,4413124.4,  1,  22.2,   0.9, 0.100
2025-10-22 10:59:14,        0,  30.5,   4.4,  26.0, 13.024,  7.145,  0.094,4419726.4,  1,  22.2,   0.9, 0.100
2025-10-22 10:59:16,        0,  30.4,   4.2,  26.0, 11.484,  6.137,  0.072,4426359.9,  1,  22.2,   0.9, 0.100
2025-10-22 10:59:17,        0,  29.5,   1.4,  26.0,  9.955,  5.159,  0.054,4431316.9,  1,  22.2,   0.9, 0.100
2025-10-22 10:59:17,        0,  30.3,   3.8,  26.0, 12.705,  6.916,  0.096,4436426.1,  1,  22.2,   0.9, 0.100
2025-10-22 10:59:18,        0,  31.4,   7.1,  26.0, 10.872,  5.743,  0.063,4442177.3,  1,  22.2,   1.0, 0.100
2025-10-22 10:59:20,        0,  30.6,   4.9,  26.0, 11.014,  5.839,  0.064,4450158.2,  1,  22.2,   1.0, 0.100
2025-10-22 10:59:21,        0,  30.4,   4.2,  26.0,  9.517,  4.861,  0.047,4455248.5,  1,  22.2,   1.0, 0.100
2025-10-22 10:59:21,        0,  29.9,   2.8,  26.0, 11.264,  5.976,  0.068,4460819.5,  1,  22.2,   1.0, 0.100
2025-10-22 10:59:22,        0,  29.9,   2.6,  26.0, 10.262,  5.324,  0.055,4465528.9,  1,  22.2,   1.0, 0.100
2025-10-22 10:59:24,        0,  29.1,   0.2,  26.0,  8.704,  4.318,  0.038,4470166.6,  1,  22.2,   1.0, 0.100
2025-10-22 10:59:25,        0,  30.3,   4.0,  26.0,  2.935,  0.744,  0.004,4472781.8,  1,  22.2,   1.0, 0.100
2025-10-22 10:59:25,        0,  30.5,   4.4,  26.0, 10.346,  5.406,  0.056,4478120.2,  1,  22.2,   1.0, 0.100
2025-10-22 10:59:26,        0,  30.4,   4.2,  26.0,  6.064,  2.678,  0.019,4482198.4,  1,  22.2,   1.0, 0.100
2025-10-22 10:59:27,        0,  29.5,   1.6,  26.0, 10.427,  5.465,  0.057,4487202.8,  1,  22.2,   1.0, 0.100
2025-10-22 10:59:29,        0,  30.3,   4.0,  26.0,  2.141,  0.256,  0.001,4489165.5,  1,  22.2,   1.0, 0.100
2025-10-22 10:59:30,        0,  30.3,   3.8,  26.0,  9.474,  4.845,  0.046,4493871.9,  1,  22.2,   1.0, 0.100
2025-10-22 10:59:30,        0,  29.8,   2.3,  26.0,  9.460,  4.853,  0.046,4498614.8,  1,  22.2,   1.0, 0.100
2025-10-22 10:59:31,        0,  30.2,   3.7,  26.0,  3.088,  0.793,  0.003,4500814.6,  1,  22.1,   1.0, 0.100
2025-10-22 10:59:33,        0,  30.0,   3.1,  26.0,  9.274,  4.724,  0.044,4506124.1,  1,  22.2,   1.0, 0.100
2025-10-22 10:59:34,        0,  29.3,   0.9,  26.0,  9.310,  4.736,  0.044,4510331.0,  1,  22.2,   1.0, 0.100
2025-10-22 10:59:34,        0,  30.5,   4.4,  26.0,  9.129,  4.601,  0.042,4513556.4,  1,  22.2,   1.0, 0.100
2025-10-22 10:59:35,        0,  29.8,   2.5,  26.0,  9.579,  4.913,  0.047,4518407.4,  1,  22.2,   1.0, 0.100
2025-10-22 10:59:37,        0,  29.6,   1.9,  26.0,  6.821,  3.150,  0.026,4521737.5,  1,  22.2,   1.0, 0.100
2025-10-22 10:59:38,        0,  29.9,   2.6,  26.0,  2.477,  0.415,  0.001,4522626.8,  1,  22.2,   1.0, 0.100
2025-10-22 10:59:38,        0,  29.7,   2.1,  26.0,  1.665,  0.023,  0.000,4523701.0,  1,  22.2,   1.0, 0.100
2025-10-22 10:59:39,        0,  29.7,   2.1,  26.0,  8.405,  4.231,  0.039,4526534.9,  1,  22.2,   1.0, 0.100
2025-10-22 10:59:40,        0,  29.5,   1.6,  26.0,  6.970,  3.264,  0.027,4529473.6,  1,  22.2,   1.0, 0.100
2025-10-22 10:59:42,        0,  29.8,   2.3,  26.0,  1.935,  0.112,  0.000,4530287.1,  1,  22.2,   0.9, 0.100
2025-10-22 10:59:42,        0,  30.3,   3.8,  26.0,  7.996,  4.075,  0.036,4532905.6,  1,  22.2,   0.9, 0.100
2025-10-22 10:59:43,        0,  30.0,   3.1,  26.0,  9.590,  4.984,  0.048,4537480.8,  1,  22.2,   0.9, 0.100
2025-10-22 10:59:44,        0,  30.0,   3.0,  26.0,  3.801,  1.220,  0.005,4540034.0,  1,  22.2,   1.0, 0.100
2025-10-22 10:59:46,        0,  30.0,   3.1,  26.0,  3.981,  1.324,  0.006,4542440.0,  1,  22.2,   1.0, 0.100
2025-10-22 10:59:47,        0,  29.6,   1.8,  26.0,  7.481,  3.604,  0.029,4545970.9,  1,  22.2,   0.9, 0.100
2025-10-22 10:59:47,        0,  29.5,   1.6,  26.0,  7.725,  3.778,  0.032,4548305.6,  1,  22.2,   1.0, 0.100
2025-10-22 10:59:48,        0,  29.6,   1.9,  26.0,  2.273,  0.278,  0.001,4548605.3,  1,  22.2,   0.9, 0.100
2025-10-22 10:59:50,        0,  29.9,   2.6,  26.0,  8.412,  4.310,  0.036,4552031.8,  1,  22.2,   0.9, 0.100
2025-10-22 10:59:51,        0,  29.6,   1.8,  26.0,  8.521,  4.319,  0.037,4555345.2,  1,  22.2,   0.9, 0.100
2025-10-22 10:59:51,        0,  29.2,   0.6,  26.0,  1.878,  0.081,  0.000,4555540.9,  1,  22.2,   1.0, 0.100
2025-10-22 10:59:52,        0,  29.8,   2.5,  26.0,  5.794,  2.723,  0.020,4556962.5,  1,  22.2,   0.9, 0.100
2025-10-22 10:59:54,        0,  29.6,   1.8,  26.0,  1.762,  0.038,  0.000,4557114.2,  1,  22.2,   0.9, 0.100
2025-10-22 10:59:55,        0,  30.0,   3.1,  26.0,  1.561,  0.002,  0.000,4557117.1,  1,  22.2,   0.9, 0.100
2025-10-22 10:59:55,        0,  30.0,   3.1,  26.0,  8.281,  4.373,  0.036,4561187.4,  1,  22.2,   0.9, 0.100
2025-10-22 10:59:56,        0,  29.6,   1.9,  26.0,  7.634,  3.837,  0.031,4565121.0,  1,  22.2,   0.9, 0.100
2025-10-22 10:59:57,        0,  29.6,   1.8,  26.0,  2.710,  0.524,  0.002,4565955.0,  1,  22.2,   0.9, 0.100
2025-10-22 10:59:59,        0,  29.6,   1.8,  26.0,  1.638,  0.008,  0.000,4565978.5,  1,  22.2,   0.9, 0.100
2025-10-22 11:00:00,        0,  29.8,   2.3,  26.0,  2.046,  0.388,  0.003,4567608.7,  1,  22.2,   0.9, 0.100
2025-10-22 11:00:00,        0,  30.1,   3.3,  26.0,  6.372,  3.137,  0.025,4570127.9,  1,  22.2,   0.9, 0.100
2025-10-22 11:00:01,        0,  29.9,   2.8,  26.0,  8.220,  4.323,  0.036,4574086.7,  1,  22.2,   1.0, 0.100
2025-10-22 11:00:03,        0,  29.7,   2.1,  26.0,  2.475,  0.384,  0.001,4576064.4,  1,  22.2,   0.9, 0.100
2025-10-22 11:00:04,        0,  29.8,   2.3,  26.0,  1.718,  0.023,  0.000,4576096.7,  1,  22.2,   0.9, 0.100
2025-10-22 11:00:04,        0,  29.5,   1.4,  26.0,  1.550,  0.002,  0.000,4576097.9,  1,  22.2,   0.9, 0.100
2025-10-22 11:00:05,        0,  30.0,   3.0,  26.0,  1.401, -0.007,  0.000,4576092.9,  1,  22.2,   1.0, 0.100
2025-10-22 11:00:06,        0,  29.7,   2.1,  26.0,  6.121,  3.143,  0.021,4578912.6,  1,  22.2,   1.0, 0.100
2025-10-22 11:00:08,        0,  29.8,   2.3,  26.0,  1.676,  0.036,  0.000,4579027.0,  1,  22.2,   1.0, 0.100
2025-10-22 11:00:09,        0,  29.7,   2.1,  26.0,  1.468,  0.003,  0.000,4579031.2,  1,  22.2,   1.0, 0.100
2025-10-22 11:00:09,        0,  29.8,   2.5,  26.0,  1.885,  0.389,  0.003,4580898.3,  1,  22.2,   1.0, 0.100
2025-10-22 11:00:10,        0,  29.9,   2.6,  26.0,  2.706,  0.639,  0.003,4582802.2,  1,  22.2,   1.0, 0.100
2025-10-22 11:00:12,        0,  29.5,   1.6,  26.0,  2.150,  0.213,  0.000,4584854.5,  1,  22.2,   1.0, 0.100
2025-10-22 11:00:13,        0,  29.5,   1.6,  26.0,  1.594,  0.027,  0.000,4584889.7,  1,  22.2,   1.0, 0.100
2025-10-22 11:00:13,        0,  29.9,   2.6,  26.0,  1.427, -0.001,  0.000,4584889.3,  1,  22.2,   0.9, 0.100
2025-10-22 11:00:14,        0,  29.8,   2.5,  26.0,  7.196,  4.335,  0.031,4587623.5,  1,  22.2,   0.9, 0.100
2025-10-22 11:00:15,        0,  29.4,   1.2,  26.0,  7.215,  4.156,  0.030,4591151.8,  1,  22.2,   0.9, 0.100
2025-10-22 11:00:17,        0,  29.4,   1.2,  26.0,  1.716,  0.056,  0.000,4591429.7,  1,  22.2,   0.9, 0.100
2025-10-22 11:00:18,        0,  29.6,   1.9,  26.0,  1.465,  0.006,  0.000,4591438.9,  1,  22.2,   0.9, 0.100
2025-10-22 11:00:18,        0,  29.5,   1.4,  26.0,  1.362, -0.005,  0.000,4591433.5,  1,  22.2,   0.9, 0.100
2025-10-22 11:00:19,        0,  29.8,   2.3,  26.0,  1.273, -0.011,  0.000,4591423.8,  1,  22.2,   0.9, 0.100
2025-10-22 11:00:21,        0,  29.7,   2.1,  26.0,  1.230, -0.011,  0.000,4591411.3,  1,  22.2,   0.9, 0.100
2025-10-22 11:00:22,        0,  29.8,   2.3,  26.0,  1.175, -0.012,  0.000,4591399.5,  1,  22.2,   0.9, 0.100
2025-10-22 11:00:22,        0,  29.7,   2.1,  26.0,  1.144, -0.012,  0.000,4591388.2,  1,  22.2,   0.9, 0.100
2025-10-22 11:00:23,        0,  30.0,   3.0,  26.0,  1.117, -0.012,  0.000,4591785.5,  1,  22.2,   0.9, 0.100
2025-10-22 11:00:25,        0,  29.8,   2.5,  26.0,  6.961,  4.347,  0.030,4596810.9,  1,  22.2,   0.9, 0.100
2025-10-22 11:00:26,        0,  29.8,   2.5,  26.0,  2.483,  0.581,  0.002,4597381.7,  1,  22.2,   0.9, 0.100
2025-10-22 11:00:26,        0,  29.7,   2.1,  26.0,  1.417,  0.004,  0.000,4597393.0,  1,  22.2,   0.9, 0.100
2025-10-22 11:00:27,        0,  29.8,   2.3,  26.0,  1.327, -0.007,  0.000,4597386.7,  1,  22.2,   0.9, 0.100
2025-10-22 11:00:28,        0,  29.8,   2.3,  26.0,  1.271, -0.009,  0.000,4597377.5,  1,  22.2,   0.9, 0.100
2025-10-22 11:00:30,        0,  29.9,   2.6,  26.0,  1.206, -0.011,  0.000,4597364.9,  1,  22.2,   1.0, 0.100
2025-10-22 11:00:31,        0,  30.0,   3.0,  26.0,  6.413,  3.942,  0.026,4600123.8,  1,  22.2,   1.0, 0.100
2025-10-22 11:00:31,        0,  29.6,   1.8,  26.0,  5.556,  3.185,  0.020,4603465.7,  1,  22.2,   1.0, 0.100
2025-10-22 11:00:32,        0,  29.1,   0.2,  26.0,  1.794,  0.158,  0.000,4603738.1,  1,  22.2,   1.0, 0.100
2025-10-22 11:00:34,        0,  29.5,   1.4,  26.0,  1.366, -0.003,  0.000,4604415.4,  1,  22.2,   1.0, 0.100
2025-10-22 11:00:35,        0,  29.6,   1.9,  26.0,  2.087,  0.357,  0.001,4604985.3,  1,  22.2,   1.0, 0.100
2025-10-22 11:00:35,        0,  29.6,   1.8,  26.0,  1.376, -0.001,  0.000,4604993.3,  1,  22.2,   1.0, 0.100
2025-10-22 11:00:36,        0,  29.7,   2.1,  26.0,  1.298, -0.008,  0.000,4604986.2,  1,  22.2,   1.0, 0.100
2025-10-22 11:00:38,        0,  29.6,   1.9,  26.0,  1.224, -0.011,  0.000,4604973.6,  1,  22.2,   1.0, 0.100
2025-10-22 11:00:39,        0,  29.7,   2.1,  26.0,  1.184, -0.011,  0.000,4604963.1,  1,  22.2,   1.0, 0.100
2025-10-22 11:00:39,        0,  29.8,   2.3,  26.0,  1.148, -0.012,  0.000,4604952.2,  1,  22.2,   1.0, 0.100
2025-10-22 11:00:40,        0,  29.8,   2.3,  26.0,  1.103, -0.012,  0.000,4604941.3,  1,  22.2,   1.0, 0.100
2025-10-22 11:00:42,        0,  29.8,   2.5,  26.0,  1.078, -0.012,  0.000,4606152.1,  1,  22.2,   1.0, 0.100
2025-10-22 11:00:43,        0,  29.7,   2.1,  26.0,  1.942,  0.266,  0.001,4607499.9,  1,  22.2,   1.0, 0.100
2025-10-22 11:00:43,        0,  29.7,   2.1,  26.0,  1.423,  0.010,  0.000,4607519.6,  1,  22.2,   1.0, 0.100
2025-10-22 11:00:44,        0,  29.8,   2.5,  26.0,  1.313, -0.006,  0.000,4607513.3,  1,  22.2,   1.0, 0.100
2025-10-22 11:00:46,        0,  29.9,   2.6,  26.0,  2.959,  1.386,  0.009,4609066.9,  1,  22.2,   1.0, 0.100
2025-10-22 11:00:46,        0,  29.8,   2.5,  26.0,  6.783,  4.346,  0.029,4612572.6,  1,  22.2,   1.0, 0.100
2025-10-22 11:00:47,        0,  29.0,   0.0,  26.0,  1.556,  0.048,  0.000,4612748.2,  1,  22.2,   1.0, 0.100
2025-10-22 11:00:48,        0,  29.4,   1.1,  26.0,  1.366, -0.001,  0.000,4612749.9,  1,  22.2,   1.0, 0.100
2025-10-22 11:00:50,        0,  29.5,   1.4,  26.0,  1.263, -0.009,  0.000,4612739.8,  1,  22.2,   1.0, 0.100
2025-10-22 11:00:50,        0,  29.7,   2.1,  26.0,  1.215, -0.011,  0.000,4612730.2,  1,  22.2,   1.0, 0.100
2025-10-22 11:00:51,        0,  29.7,   2.1,  26.0,  1.175, -0.011,  0.000,4612719.7,  1,  22.2,   1.0, 0.100
2025-10-22 11:00:52,        0,  29.8,   2.3,  26.0,  1.123, -0.011,  0.000,4612708.4,  1,  22.2,   1.0, 0.100
2025-10-22 11:00:54,        0,  29.6,   1.9,  26.0,  1.093, -0.012,  0.000,4612695.4,  1,  22.2,   1.0, 0.100
2025-10-22 11:00:55,        0,  29.6,   1.9,  26.0,  1.056, -0.012,  0.000,4612683.7,  1,  22.2,   1.0, 0.100
2025-10-22 11:00:55,        0,  29.8,   2.3,  26.0,  1.034, -0.012,  0.000,4612672.0,  1,  22.2,   1.0, 0.100
2025-10-22 11:00:56,        0,  29.6,   1.9,  26.0,  1.015, -0.013,  0.000,4612659.8,  1,  22.2,   0.9, 0.100
2025-10-22 11:00:58,        0,  29.7,   2.1,  26.0,  0.991, -0.012,  0.000,4612646.0,  1,  22.2,   0.9, 0.100
2025-10-22 11:00:59,        0,  29.8,   2.3,  26.0,  0.967, -0.012,  0.000,4612634.2,  1,  22.2,   0.9, 0.100
2025-10-22 11:00:59,        0,  29.8,   2.3,  26.0,  0.952, -0.012,  0.000,4612622.9,  1,  22.2,   0.9, 0.100
2025-10-22 11:01:00,        0,  29.8,   2.3,  26.0,  0.938, -0.012,  0.000,4612610.8,  1,  22.2,   0.9, 0.100
2025-10-22 11:01:01,        0,  29.9,   2.8,  26.0,  0.925, -0.012,  0.000,4612599.5,  1,  22.2,   0.9, 0.100
2025-10-22 11:01:03,        0,  29.8,   2.5,  26.0,  6.669,  4.346,  0.029,4617539.3,  1,  22.2,   0.9, 0.100
2025-10-22 11:01:04,        0,  29.5,   1.4,  26.0,  1.833,  0.202,  0.000,4618787.0,  1,  22.2,   0.9, 0.100
2025-10-22 11:01:04,        0,  29.7,   2.1,  26.0,  1.402,  0.009,  0.000,4618804.6,  1,  22.2,   0.9, 0.100
2025-10-22 11:01:05,        0,  29.6,   1.8,  26.0,  1.300, -0.007,  0.000,4618798.3,  1,  22.2,   0.9, 0.100
2025-10-22 11:01:07,        0,  29.5,   1.6,  26.0,  1.220, -0.010,  0.000,4618786.1,  1,  22.2,   0.9, 0.100
2025-10-22 11:01:08,        0,  29.6,   1.9,  26.0,  1.176, -0.010,  0.000,4618776.5,  1,  22.2,   0.9, 0.100
2025-10-22 11:01:08,        0,  29.7,   2.1,  26.0,  1.120, -0.011,  0.000,4618766.4,  1,  22.2,   0.9, 0.100
2025-10-22 11:01:09,        0,  29.6,   1.9,  26.0,  1.088, -0.011,  0.000,4618754.7,  1,  22.2,   0.8, 0.100
2025-10-22 11:01:11,        0,  29.6,   1.9,  26.0,  1.047, -0.012,  0.000,4618741.7,  1,  22.2,   0.8, 0.100
2025-10-22 11:01:12,        0,  29.8,   2.3,  26.0,  1.024, -0.011,  0.000,4618730.0,  1,  22.2,   0.8, 0.100
2025-10-22 11:01:12,        0,  29.8,   2.3,  26.0,  1.003, -0.012,  0.000,4618718.7,  1,  22.2,   0.8, 0.100
2025-10-22 11:01:13,        0,  29.7,   2.1,  25.9,  0.975, -0.012,  0.000,4618706.5,  1,  22.2,   0.8, 0.100
2025-10-22 11:01:14,        0,  29.7,   2.1,  26.0,  0.959, -0.012,  0.000,4618695.2,  1,  22.2,   0.8, 0.100
2025-10-22 11:01:16,        0,  29.7,   2.1,  26.0,  0.935, -0.012,  0.000,4618681.4,  1,  22.2,   0.8, 0.100
2025-10-22 11:01:17,        0,  29.8,   2.3,  26.0,  0.921, -0.012,  0.000,4618670.5,  1,  22.2,   0.8, 0.100
2025-10-22 11:01:17,        0,  29.8,   2.3,  26.0,  0.907, -0.012,  0.000,4618659.1,  1,  22.2,   0.8, 0.100
2025-10-22 11:01:18,        0,  29.8,   2.3,  26.0,  0.888, -0.011,  0.000,4618648.3,  1,  22.2,   0.8, 0.100
2025-10-22 11:01:20,        0,  29.8,   2.5,  26.0,  0.868, -0.011,  0.000,4618635.3,  1,  22.2,   0.8, 0.100
2025-10-22 11:01:21,        0,  29.8,   2.3,  26.0,  0.858, -0.011,  0.000,4618624.4,  1,  22.2,   0.9, 0.100
2025-10-22 11:01:21,        0,  29.7,   2.1,  26.0,  0.847, -0.011,  0.000,4618613.9,  1,  22.2,   0.8, 0.100
2025-10-22 11:01:22,        0,  29.8,   2.5,  26.0,  0.831, -0.011,  0.000,4618603.4,  1,  22.2,   0.9, 0.100
2025-10-22 11:01:23,        0,  29.8,   2.5,  26.0,  0.820, -0.011,  0.000,4618593.4,  1,  22.2,   0.9, 0.100
2025-10-22 11:01:25,        0,  29.8,   2.5,  26.0,  0.806, -0.011,  0.000,4618580.4,  1,  22.2,   0.9, 0.100
2025-10-22 11:01:26,        0,  29.9,   2.8,  26.0,  0.796, -0.011,  0.000,4618570.3,  1,  22.2,   0.9, 0.100
2025-10-22 11:01:26,        0,  29.8,   2.5,  26.0,  5.047,  2.963,  0.017,4620246.7,  1,  22.2,   0.9, 0.100
2025-10-22 11:01:27,        0,  29.8,   2.5,  26.0,  1.401,  0.012,  0.000,4620284.0,  1,  22.2,   0.9, 0.100
2025-10-22 11:01:29,        0,  29.8,   2.5,  26.0,  1.286, -0.006,  0.000,4620277.3,  1,  22.2,   0.9, 0.100
2025-10-22 11:01:30,        0,  29.8,   2.3,  26.0,  1.199, -0.010,  0.000,4620268.5,  1,  22.2,   0.9, 0.100
2025-10-22 11:01:30,        0,  29.2,   0.7,  26.0,  1.152, -0.011,  0.000,4620258.4,  1,  22.2,   0.9, 0.100
2025-10-22 11:01:31,        0,  29.8,   2.5,  26.0,  1.112, -0.011,  0.000,4620248.4,  1,  22.2,   0.9, 0.100
2025-10-22 11:01:32,        0,  29.9,   2.6,  26.0,  1.061, -0.011,  0.000,4620237.9,  1,  22.2,   0.8, 0.100
2025-10-22 11:01:34,        0,  29.8,   2.5,  26.0,  1.021, -0.012,  0.000,4620224.5,  1,  22.2,   0.9, 0.100
2025-10-22 11:01:35,        0,  29.9,   2.6,  26.0,  0.997, -0.011,  0.000,4620214.0,  1,  22.2,   0.9, 0.100
2025-10-22 11:01:35,        0,  29.9,   2.6,  26.0,  0.976, -0.011,  0.000,4620202.7,  1,  22.2,   0.9, 0.100
2025-10-22 11:01:36,        0,  29.9,   2.6,  26.0,  0.957, -0.012,  0.000,4620191.8,  1,  22.2,   0.9, 0.100
2025-10-22 11:01:38,        0,  29.8,   2.3,  25.9,  0.929, -0.012,  0.000,4620178.4,  1,  22.2,   0.9, 0.100
2025-10-22 11:01:39,        0,  29.9,   2.6,  26.0,  6.565,  4.341,  0.028,4622294.4,  1,  22.2,   0.9, 0.100
2025-10-22 11:01:39,        0,  29.8,   2.3,  25.9,  5.027,  2.924,  0.017,4625255.3,  1,  22.2,   0.9, 0.100
2025-10-22 11:01:40,        0,  29.0,   0.0,  26.0,  1.555,  0.059,  0.000,4625336.2,  1,  22.2,   0.9, 0.100
2025-10-22 11:01:42,        0,  29.8,   2.3,  26.0,  1.298, -0.005,  0.000,4625333.7,  1,  22.2,   1.0, 0.100
2025-10-22 11:01:43,        0,  29.7,   2.1,  26.0,  1.235, -0.009,  0.000,4625324.4,  1,  22.2,   1.0, 0.100
2025-10-22 11:01:43,        0,  29.6,   1.9,  26.0,  1.167, -0.011,  0.000,4625314.4,  1,  22.2,   1.0, 0.100
2025-10-22 11:01:44,        0,  29.6,   1.8,  26.0,  1.127, -0.011,  0.000,4625303.1,  1,  22.2,   1.0, 0.100
2025-10-22 11:01:45,        0,  29.6,   1.9,  26.0,  1.092, -0.011,  0.000,4625292.6,  1,  22.2,   0.9, 0.100
2025-10-22 11:01:46,        0,  29.6,   1.9,  26.0,  1.047, -0.011,  0.000,4625282.1,  1,  22.2,   1.0, 0.100
2025-10-22 11:01:48,        0,  29.6,   1.9,  26.0,  1.022, -0.011,  0.000,4625269.1,  1,  22.2,   1.0, 0.100
2025-10-22 11:01:49,        0,  29.7,   2.1,  25.9,  0.988, -0.012,  0.000,4625257.8,  1,  22.2,   1.0, 0.100
2025-10-22 11:01:49,        0,  29.6,   1.8,  26.0,  0.968, -0.011,  0.000,4625246.5,  1,  22.2,   0.9, 0.100
2025-10-22 11:01:50,        0,  29.6,   1.9,  25.9,  0.951, -0.012,  0.000,4625235.6,  1,  22.2,   1.0, 0.100
2025-10-22 11:01:52,        0,  29.6,   1.9,  26.0,  0.925, -0.012,  0.000,4625222.2,  1,  22.2,   0.9, 0.100
2025-10-22 11:01:53,        0,  29.7,   2.1,  25.9,  0.901, -0.011,  0.000,4625211.3,  1,  22.2,   0.9, 0.100
2025-10-22 11:01:53,        0,  29.7,   2.1,  26.0,  0.887, -0.011,  0.000,4625200.8,  1,  22.2,   0.9, 0.100
2025-10-22 11:01:54,        0,  29.6,   1.9,  26.0,  0.872, -0.011,  0.000,4625189.9,  1,  22.2,   0.9, 0.100
2025-10-22 11:01:55,        0,  29.7,   2.1,  25.9,  0.852, -0.011,  0.000,4625179.9,  1,  22.2,   0.9, 0.100
2025-10-22 11:01:57,        0,  29.6,   1.9,  26.0,  0.840, -0.011,  0.000,4625166.9,  1,  22.2,   0.9, 0.100
2025-10-22 11:01:57,        0,  29.7,   2.1,  26.0,  0.822, -0.011,  0.000,4625156.4,  1,  22.2,   0.9, 0.100
2025-10-22 11:01:58,        0,  29.7,   2.1,  26.0,  0.810, -0.011,  0.000,4625146.3,  1,  22.2,   0.9, 0.100
2025-10-22 11:01:59,        0,  29.7,   2.1,  26.0,  0.799, -0.010,  0.000,4625136.3,  1,  22.2,   0.9, 0.100
2025-10-22 11:02:01,        0,  29.7,   2.1,  26.0,  0.783, -0.010,  0.000,4625124.9,  1,  22.2,   0.9, 0.100
2025-10-22 11:02:02,        0,  29.8,   2.3,  25.9,  0.773, -0.010,  0.000,4625114.9,  1,  22.2,   0.9, 0.100
2025-10-22 11:02:02,        0,  29.8,   2.3,  25.9,  0.759, -0.010,  0.000,4625104.8,  1,  22.2,   1.0, 0.100
2025-10-22 11:02:03,        0,  29.8,   2.3,  26.0,  0.750, -0.010,  0.000,4625095.2,  1,  22.2,   0.9, 0.100
2025-10-22 11:02:05,        0,  29.8,   2.3,  26.0,  0.736, -0.010,  0.000,4625083.9,  1,  22.2,   0.9, 0.100
2025-10-22 11:02:06,        0,  29.8,   2.3,  25.9,  0.727, -0.009,  0.000,4625074.7,  1,  22.2,   0.9, 0.100
2025-10-22 11:02:06,        0,  29.7,   2.1,  25.9,  0.719, -0.010,  0.000,4625065.4,  1,  22.2,   1.0, 0.100
2025-10-22 11:02:07,        0,  29.7,   2.1,  26.0,  0.706, -0.009,  0.000,4625055.8,  1,  22.2,   0.9, 0.100
2025-10-22 11:02:08,        0,  29.8,   2.3,  25.9,  0.698, -0.009,  0.000,4625046.6,  1,  22.2,   0.9, 0.100
2025-10-22 11:02:10,        0,  29.8,   2.3,  26.0,  0.688, -0.009,  0.000,4625036.1,  1,  22.2,   0.9, 0.100
2025-10-22 11:02:11,        0,  29.8,   2.3,  25.9,  0.681, -0.009,  0.000,4625027.3,  1,  22.2,   0.9, 0.100
2025-10-22 11:02:11,        0,  29.8,   2.3,  25.9,  0.670, -0.009,  0.000,4625018.5,  1,  22.2,   0.9, 0.100
2025-10-22 11:02:12,        0,  29.7,   2.1,  25.9,  0.663, -0.009,  0.000,4625010.1,  1,  22.2,   0.9, 0.100
2025-10-22 11:02:14,        0,  29.8,   2.3,  25.9,  0.653, -0.009,  0.000,4624999.6,  1,  22.2,   0.9, 0.100
2025-10-22 11:02:15,        0,  29.8,   2.3,  26.0,  0.646, -0.009,  0.000,4624990.8,  1,  22.2,   0.9, 0.100
2025-10-22 11:02:15,        0,  29.8,   2.3,  25.9,  0.639, -0.009,  0.000,4624982.5,  1,  22.2,   0.9, 0.100
2025-10-22 11:02:16,        0,  29.8,   2.3,  26.0,  0.629, -0.009,  0.000,4624974.1,  1,  22.2,   0.9, 0.100
2025-10-22 11:02:17,        0,  29.8,   2.3,  25.9,  0.624, -0.009,  0.000,4624965.7,  1,  22.2,   0.9, 0.100
2025-10-22 11:02:19,        0,  29.8,   2.5,  25.9,  0.615, -0.008,  0.000,4624956.1,  1,  22.2,   0.9, 0.100
2025-10-22 11:02:20,        0,  29.8,   2.3,  25.9,  0.609, -0.008,  0.000,4624948.1,  1,  22.2,   0.9, 0.100
2025-10-22 11:02:20,        0,  29.8,   2.3,  25.9,  0.602, -0.008,  0.000,4624940.5,  1,  22.2,   1.0, 0.100
2025-10-22 11:02:21,        0,  29.8,   2.3,  25.9,  0.593, -0.008,  0.000,4624932.6,  1,  22.2,   1.0, 0.100
2025-10-22 11:02:23,        0,  29.8,   2.3,  25.9,  0.588, -0.008,  0.000,4624923.4,  1,  22.2,   1.0, 0.100
2025-10-22 11:02:24,        0,  29.8,   2.5,  26.0,  0.581, -0.008,  0.000,4624915.0,  1,  22.2,   1.0, 0.100
2165-165-165 45:165:85,        0,  29.8,   2.5,  26.0,  0.575, -0.008,  0.000,4624907.4,  1,  22.2,   1.0, 0.100
2025-10-22 11:02:25,        0,  29.8,   2.3,  25.9,  0.571, -0.008,  0.000,4624900.3,  1,  22.2,   1.0, 0.100
2025-10-22 11:02:27,        0,  29.8,   2.3,  25.9,  0.564, -0.008,  0.000,4624890.7,  1,  22.2,   1.0, 0.100
2025-10-22 11:02:28,        0,  29.8,   2.3,  25.9,  0.560, -0.008,  0.000,4624883.6,  1,  22.2,   1.0, 0.100
2025-10-22 11:02:28,        0,  29.8,   2.5,  25.9,  0.553, -0.008,  0.000,4624876.4,  1,  22.2,   1.0, 0.100
2025-10-22 11:02:29,        0,  29.8,   2.3,  25.9,  0.548, -0.007,  0.000,4624869.7,  1,  22.2,   1.0, 0.100
2025-10-22 11:02:31,        0,  29.8,   2.5,  25.9,  0.540, -0.007,  0.000,4624861.3,  1,  22.2,   1.0, 0.100
2025-10-22 11:02:32,        0,  29.8,   2.5,  25.9,  0.535, -0.007,  0.000,4624854.6,  1,  22.2,   1.0, 0.100
2025-10-22 11:02:32,        0,  29.8,   2.5,  26.0,  0.530, -0.007,  0.000,4624847.9,  1,  22.2,   1.0, 0.100
2025-10-22 11:02:33,        0,  29.8,   2.5,  25.9,  0.525, -0.008,  0.000,4624840.8,  1,  22.2,   1.0, 0.100
2025-10-22 11:02:35,        0,  29.8,   2.5,  26.0,  0.518, -0.007,  0.000,4624832.4,  1,  22.2,   1.0, 0.100
2025-10-22 11:02:36,        0,  29.8,   2.3,  25.9,  0.515, -0.007,  0.000,4624826.1,  1,  22.2,   1.0, 0.100
2025-10-22 11:02:36,        0,  29.8,   2.5,  25.9,  0.510, -0.007,  0.000,4624819.0,  1,  22.2,   1.0, 0.100
2025-10-22 11:02:37,        0,  29.8,   2.5,  25.9,  0.507, -0.007,  0.000,4624812.7,  1,  22.2,   1.0, 0.100
2025-10-22 11:02:39,        0,  29.8,   2.5,  25.9,  0.501, -0.007,  0.000,4624804.3,  1,  22.2,   1.0, 0.100
2025-10-22 11:02:40,        0,  29.8,   2.5,  25.9,  0.494, -0.006,  0.000,4624798.5,  1,  22.2,   1.0, 0.100
2025-10-22 11:02:40,        0,  29.9,   2.6,  25.9,  0.492, -0.007,  0.000,4624791.8,  1,  22.2,   1.0, 0.100
2025-10-22 11:02:41,        0,  29.9,   2.6,  25.9,  0.487, -0.007,  0.000,4624785.1,  1,  22.2,   1.0, 0.100
2025-10-22 11:02:43,        0,  29.8,   2.5,  25.9,  0.480, -0.007,  0.000,4624777.5,  1,  22.2,   1.0, 0.100
2025-10-22 11:02:44,        0,  29.8,   2.5,  25.9,  0.478, -0.006,  0.000,4624771.7,  1,  22.2,   1.0, 0.100
2025-10-22 11:02:44,        0,  29.9,   2.6,  26.0,  0.472, -0.007,  0.000,4624765.4,  1,  22.2,   1.0, 0.100
2025-10-22 11:02:45,        0,  29.8,   2.5,  25.9,  0.468, -0.007,  0.000,4624759.1,  1,  22.2,   1.0, 0.100
2025-10-22 11:02:47,        0,  29.8,   2.5,  25.9,  0.464, -0.007,  0.000,4624751.1,  1,  22.2,   0.9, 0.100
2025-10-22 11:02:48,        0,  29.9,   2.6,  25.9,  0.462, -0.006,  0.000,4624744.8,  1,  22.2,   1.0, 0.100
2025-10-22 11:02:48,        0,  29.9,   2.6,  25.9,  0.458, -0.007,  0.000,4624739.0,  1,  22.2,   0.9, 0.100
2025-10-22 11:02:49,        0,  29.9,   2.6,  25.9,  0.452, -0.006,  0.000,4624733.5,  1,  22.2,   0.9, 0.100
2025-10-22 11:02:50,        0,  29.9,   2.6,  25.9,  4.420,  2.760,  0.016,4626041.5,  1,  22.2,   1.0, 0.100
2025-10-22 11:02:52,        0,  29.7,   2.1,  25.9,  2.725,  0.899,  0.003,4628176.8,  1,  22.2,   0.9, 0.100
2025-10-22 11:02:53,        0,  29.7,   2.1,  25.9,  1.449,  0.028,  0.000,4628214.5,  1,  22.2,   0.9, 0.100
2025-10-22 11:02:53,        0,  29.5,   1.6,  25.9,  1.291, -0.002,  0.000,4628212.0,  1,  22.2,   1.0, 0.100
2025-10-22 11:02:54,        0,  29.8,   2.3,  25.9,  1.189, -0.009,  0.000,4628203.2,  1,  22.2,   0.9, 0.100
2025-10-22 11:02:56,        0,  29.7,   2.1,  25.9,  1.120, -0.010,  0.000,4628191.9,  1,  22.2,   0.9, 0.100
2025-10-22 11:02:57,        0,  29.7,   2.1,  25.9,  1.080, -0.010,  0.000,4628182.2,  1,  22.2,   0.9, 0.100
2025-10-22 11:02:57,        0,  29.7,   2.1,  25.9,  1.046, -0.010,  0.000,4628172.2,  1,  22.2,   0.9, 0.100
2025-10-22 11:02:58,        0,  29.7,   2.1,  25.9,  1.002, -0.010,  0.000,4628161.7,  1,  22.2,   0.9, 0.100
2025-10-22 11:03:00,        0,  29.7,   2.1,  25.9,  0.976, -0.011,  0.000,4628149.6,  1,  22.2,   0.9, 0.100
2025-10-22 11:03:01,        0,  29.7,   2.1,  25.9,  0.941, -0.011,  0.000,4628139.1,  1,  22.2,   0.9, 0.100
2025-10-22 11:03:01,        0,  29.7,   2.1,  26.0,  0.921, -0.011,  0.000,4628128.2,  1,  22.2,   0.9, 0.100
2025-10-22 11:03:02,        0,  29.6,   1.9,  25.9,  0.901, -0.010,  0.000,4628118.1,  1,  22.2,   0.9, 0.100
2025-10-22 11:03:03,        0,  29.6,   1.9,  25.9,  0.872, -0.011,  0.000,4628108.1,  1,  22.2,   0.9, 0.100
2025-10-22 11:03:05,        0,  29.7,   2.1,  25.9,  0.856, -0.011,  0.000,4628095.9,  1,  22.2,   0.9, 0.100
2025-10-22 11:03:06,        0,  29.8,   2.3,  25.9,  0.830, -0.010,  0.000,4628086.3,  1,  22.2,   0.9, 0.100
2025-10-22 11:03:06,        0,  29.7,   2.1,  25.9,  0.815, -0.010,  0.000,4628076.6,  1,  22.2,   0.9, 0.100
2025-10-22 11:03:07,        0,  29.6,   1.9,  25.9,  0.799, -0.010,  0.000,4628067.4,  1,  22.2,   0.9, 0.100
2025-10-22 11:03:09,        0,  29.8,   2.3,  25.9,  0.778, -0.009,  0.000,4628056.1,  1,  22.2,   0.9, 0.100
2025-10-22 11:03:10,        0,  29.8,   2.3,  25.9,  0.764, -0.009,  0.000,4628047.3,  1,  22.2,   0.9, 0.100
2025-10-22 11:03:10,        0,  29.7,   2.1,  25.9,  0.744, -0.009,  0.000,4628038.5,  1,  22.2,   0.9, 0.100
2025-10-22 11:03:11,        0,  29.6,   1.9,  25.9,  0.731, -0.009,  0.000,4628029.7,  1,  22.2,   0.9, 0.100
2025-10-22 11:03:12,        0,  29.7,   2.1,  25.9,  0.720, -0.009,  0.000,4628020.9,  1,  22.2,   0.8, 0.100
2025-10-22 11:03:14,        0,  29.8,   2.3,  25.9,  0.701, -0.009,  0.000,4628010.8,  1,  22.2,   0.8, 0.100
2025-10-22 11:03:15,        0,  29.7,   2.1,  25.9,  0.684, -0.008,  0.000,4628002.0,  1,  22.2,   0.8, 0.100
2025-10-22 11:03:15,        0,  29.7,   2.1,  25.9,  0.673, -0.008,  0.000,4627994.5,  1,  22.2,   0.8, 0.100
2025-10-22 11:03:16,        0,  29.7,   2.1,  25.9,  0.661, -0.008,  0.000,4627986.5,  1,  22.2,   0.8, 0.100
2025-10-22 11:03:18,        0,  29.8,   2.3,  25.9,  0.646, -0.008,  0.000,4627976.9,  1,  22.2,   0.8, 0.100
2025-10-22 11:03:19,        0,  29.7,   2.1,  25.9,  0.635, -0.008,  0.000,4627969.3,  1,  22.2,   0.8, 0.100
2025-10-22 11:03:19,        0,  29.8,   2.3,  25.9,  0.620, -0.009,  0.000,4627961.8,  1,  22.2,   0.8, 0.100
2025-10-22 11:03:20,        0,  29.8,   2.3,  25.9,  0.611, -0.008,  0.000,4627953.8,  1,  22.2,   0.8, 0.100
2025-10-22 11:03:22,        0,  29.8,   2.3,  25.9,  0.597, -0.008,  0.000,4627945.0,  1,  22.2,   0.9, 0.100
2025-10-22 11:03:23,        0,  29.8,   2.3,  25.9,  0.588, -0.007,  0.000,4627937.9,  1,  22.2,   0.9, 0.100
2025-10-22 11:03:23,        0,  29.7,   2.1,  25.9,  0.579, -0.007,  0.000,4627931.2,  1,  22.2,   0.9, 0.100
2025-10-22 11:03:24,        0,  29.8,   2.3,  25.9,  0.566, -0.007,  0.000,4627924.5,  1,  22.2,   0.9, 0.100
2025-10-22 11:03:25,        0,  29.8,   2.3,  25.9,  0.556, -0.007,  0.000,4627917.8,  1,  22.2,   0.9, 0.100
2025-10-22 11:03:27,        0,  29.8,   2.3,  25.9,  0.544, -0.007,  0.000,4627910.3,  1,  22.2,   0.9, 0.100
2025-10-22 11:03:28,        0,  29.7,   2.1,  25.9,  0.536, -0.007,  0.000,4627903.6,  1,  22.2,   0.9, 0.100
2025-10-22 11:03:28,        0,  29.8,   2.3,  25.9,  0.528, -0.006,  0.000,4627897.3,  1,  22.2,   0.9, 0.100
2025-10-22 11:03:29,        0,  29.8,   2.3,  25.8,  0.515, -0.007,  0.000,4627891.0,  1,  22.2,   0.9, 0.100
2025-10-22 11:03:31,        0,  29.7,   2.1,  25.9,  0.505, -0.006,  0.000,4627883.9,  1,  22.2,   0.9, 0.100
2025-10-22 11:03:32,        0,  29.8,   2.3,  25.9,  0.497, -0.006,  0.000,4627877.6,  1,  22.2,   0.9, 0.100
2025-10-22 11:03:32,        0,  29.6,   1.9,  25.8,  0.488, -0.006,  0.000,4627872.5,  1,  22.2,   0.9, 0.100
2025-10-22 11:03:33,        0,  29.8,   2.3,  25.9,  0.481, -0.006,  0.000,4627866.7,  1,  22.2,   0.9, 0.100
2025-10-22 11:03:34,        0,  29.8,   2.3,  25.9,  0.470, -0.006,  0.000,4627861.6,  1,  22.2,   0.9, 0.100
2025-10-22 11:03:36,        0,  29.8,   2.3,  25.9,  0.460, -0.006,  0.000,4627854.5,  1,  22.2,   0.9, 0.100
2025-10-22 11:03:36,        0,  29.8,   2.3,  25.9,  0.453, -0.006,  0.000,4627848.6,  1,  22.2,   0.9, 0.100
2025-10-22 11:03:37,        0,  29.8,   2.3,  25.9,  0.446, -0.006,  0.000,4627843.2,  1,  22.2,   1.0, 0.100
2025-10-22 11:03:38,        0,  29.8,   2.3,  25.8,  0.440, -0.005,  0.000,4627838.6,  1,  22.2,   1.0, 0.100
2025-10-22 11:03:40,        0,  29.8,   2.3,  25.9,  0.431, -0.006,  0.000,4627831.9,  1,  22.2,   1.0, 0.100
2025-10-22 11:03:41,        0,  29.7,   2.1,  25.9,  0.424, -0.006,  0.000,4627826.9,  1,  22.2,   1.0, 0.100
2025-10-22 11:03:41,        0,  29.8,   2.3,  25.9,  0.417, -0.005,  0.000,4627821.8,  1,  22.2,   1.0, 0.100
2025-10-22 11:03:42,        0,  29.8,   2.3,  25.8,  0.412, -0.005,  0.000,4627817.2,  1,  22.2,   1.0, 0.100
2025-10-22 11:03:44,        0,  29.8,   2.3,  25.9,  0.403, -0.005,  0.000,4627810.9,  1,  22.2,   1.0, 0.100
2025-10-22 11:03:45,        0,  29.8,   2.3,  25.9,  0.398, -0.005,  0.000,4627806.3,  1,  22.2,   1.0, 0.100
2025-10-22 11:03:45,        0,  29.6,   1.9,  25.9,  0.389, -0.005,  0.000,4627801.3,  1,  22.2,   1.0, 0.100
2025-10-22 11:03:46,        0,  29.7,   2.1,  25.9,  0.383, -0.005,  0.000,4627797.1,  1,  22.2,   1.0, 0.100
2025-10-22 11:03:47,        0,  29.7,   2.1,  25.9,  0.376, -0.005,  0.000,4627792.5,  1,  22.2,   1.0, 0.100
2025-10-22 11:03:49,        0,  29.8,   2.3,  25.9,  0.368, -0.005,  0.000,4627787.0,  1,  22.2,   1.0, 0.100
2025-10-22 11:03:50,        0,  29.8,   2.3,  25.8,  0.362, -0.005,  0.000,4627782.4,  1,  22.2,   1.0, 0.100
2025-10-22 11:03:50,        0,  29.8,   2.3,  25.9,  0.356, -0.005,  0.000,4627778.2,  1,  22.2,   1.0, 0.100
2025-10-22 11:03:51,        0,  29.8,   2.3,  25.9,  0.351, -0.005,  0.000,4627773.6,  1,  22.2,   1.0, 0.100
2025-10-22 11:03:53,        0,  29.7,   2.1,  25.9,  0.345, -0.005,  0.000,4627768.6,  1,  22.2,   1.0, 0.100
2025-10-22 11:03:54,        0,  29.8,   2.3,  25.9,  0.340, -0.005,  0.000,4627764.4,  1,  22.2,   1.0, 0.100
2025-10-22 11:03:54,        0,  29.7,   2.1,  25.9,  0.335, -0.004,  0.000,4627759.8,  1,  22.2,   1.0, 0.100
2025-10-22 11:03:55,        0,  29.8,   2.3,  25.9,  0.331, -0.004,  0.000,4627756.0,  1,  22.2,   1.0, 0.100
2025-10-22 11:03:56,        0,  29.8,   2.3,  25.9,  0.328, -0.004,  0.000,4627751.8,  1,  22.2,   1.0, 0.100
2025-10-22 11:03:58,        0,  29.8,   2.3,  25.9,  0.323, -0.004,  0.000,4627747.2,  1,  22.2,   1.0, 0.100
2025-10-22 11:03:58,        0,  29.8,   2.3,  25.9,  0.320, -0.004,  0.000,4627742.6,  1,  22.2,   1.0, 0.100
2025-10-22 11:03:59,        0,  29.8,   2.3,  25.9,  0.315, -0.004,  0.000,4627738.8,  1,  22.2,   1.0, 0.100
2025-10-22 11:04:00,        0,  29.7,   2.1,  25.9,  0.313, -0.004,  0.000,4627734.7,  1,  22.2,   1.0, 0.100
2025-10-22 11:04:02,        0,  29.7,   2.1,  25.9,  0.308, -0.004,  0.000,4627730.0,  1,  22.2,   1.0, 0.100
2025-10-22 11:04:03,        0,  29.8,   2.3,  25.9,  0.306, -0.004,  0.000,4627726.3,  1,  22.2,   1.0, 0.100
2025-10-22 11:04:03,        0,  29.8,   2.3,  25.9,  0.303, -0.004,  0.000,4627722.1,  1,  22.2,   1.0, 0.100
2025-10-22 11:04:04,        0,  29.7,   2.1,  25.8,  0.297, -0.003,  0.000,4627718.7,  1,  22.2,   1.0, 0.100
2025-10-22 11:04:06,        0,  29.8,   2.3,  25.9,  0.293, -0.003,  0.000,4627714.5,  1,  22.2,   1.0, 0.100
2025-10-22 11:04:07,        0,  29.7,   2.1,  25.9,  0.288, -0.004,  0.000,4627711.2,  1,  22.2,   1.0, 0.100
2025-10-22 11:04:07,        0,  29.8,   2.3,  25.9,  0.285, -0.004,  0.000,4627707.4,  1,  22.2,   1.0, 0.100
2025-10-22 11:04:08,        0,  29.8,   2.5,  25.9,  0.282, -0.004,  0.000,4627704.1,  1,  22.2,   1.0, 0.100
2025-10-22 11:04:10,        0,  29.8,   2.3,  25.8,  0.278, -0.004,  0.000,4627699.9,  1,  22.2,   1.0, 0.100
2025-10-22 11:04:11,        0,  29.8,   2.3,  25.9,  0.275, -0.004,  0.000,4627696.1,  1,  22.2,   1.0, 0.100
2025-10-22 11:04:11,        0,  29.8,   2.5,  25.9,  0.272, -0.003,  0.000,4627692.7,  1,  22.2,   1.0, 0.100
2025-10-22 11:04:12,        0,  29.8,   2.5,  25.9,  0.270, -0.003,  0.000,4627689.8,  1,  22.2,   1.0, 0.100
2025-10-22 11:04:14,        0,  29.8,   2.3,  25.8,  0.266, -0.003,  0.000,4627686.0,  1,  22.2,   1.0, 0.100
2025-10-22 11:04:15,        0,  29.7,   2.1,  25.8,  0.264, -0.003,  0.000,4627682.7,  1,  22.2,   1.0, 0.100
2025-10-22 11:04:15,        0,  29.8,   2.3,  25.9,  0.261, -0.003,  0.000,4627679.3,  1,  22.2,   1.0, 0.100
2025-10-22 11:04:16,        0,  29.8,   2.3,  25.9,  0.259, -0.004,  0.000,4627675.6,  1,  22.2,   1.0, 0.100
2025-10-22 11:04:18,        0,  29.8,   2.3,  25.9,  0.256, -0.004,  0.000,4627671.4,  1,  22.2,   1.0, 0.100
2025-10-22 11:04:19,        0,  29.8,   2.5,  25.8,  0.254, -0.003,  0.000,4627668.4,  1,  22.2,   1.0, 0.100
2025-10-22 11:04:19,        0,  29.8,   2.3,  25.9,  0.252, -0.003,  0.000,4627665.5,  1,  22.2,   1.0, 0.100
2025-10-22 11:04:20,        0,  29.8,   2.5,  25.9,  0.251, -0.004,  0.000,4627661.7,  1,  22.2,   1.0, 0.100
2025-10-22 11:04:21,        0,  29.8,   2.3,  25.8,  0.249, -0.004,  0.000,4627658.4,  1,  22.2,   1.0, 0.100
2025-10-22 11:04:23,        0,  29.8,   2.3,  25.8,  0.247, -0.004,  0.000,4627654.2,  1,  22.2,   1.0, 0.100
2025-10-22 11:04:23,        0,  29.8,   2.3,  25.8,  0.245, -0.004,  0.000,4627651.3,  1,  22.2,   1.0, 0.100
2025-10-22 11:04:24,        0,  29.8,   2.3,  25.8,  0.243, -0.003,  0.000,4627648.3,  1,  22.2,   1.0, 0.100
2025-10-22 11:04:26,        0,  29.8,   2.3,  25.9,  0.241, -0.003,  0.000,4627644.1,  1,  22.2,   1.0, 0.100
