Time, Cnts,  %T, set_Cell[mA], Cell[°C], Cell[Volt], Cell[mA], Cell[W], Cell[uAs], Cell_ON, Env[°C], TEC[°C], N2Flow[slpm]
2025-11-12 14:10:09,        0,  29.5,   1.5,  24.8,  0.313, -0.004,  0.000,     -2.3,  1,  22.4,   1.0, 0.101
2025-11-12 14:10:10,        0,  29.5,   1.5,  24.8,  0.309, -0.004,  0.000,     -6.3,  1,  22.5,   1.0, 0.100
2025-11-12 14:10:11,        0,  29.4,   1.3,  24.8,  0.305, -0.004,  0.000,     -9.7,  1,  22.4,   1.0, 0.100
2025-11-12 14:10:12,        0,  29.4,   1.3,  24.9,  0.299, -0.003,  0.000,    -13.4,  1,  22.5,   1.0, 0.100
2025-11-12 14:10:13,        0,  29.5,   1.5,  24.9,  0.296, -0.004,  0.000,    -18.0,  1,  22.5,   1.0, 0.099
2025-11-12 14:10:14,        0,  29.5,   1.5,  24.9,  0.291, -0.004,  0.000,    -21.7,  1,  22.5,   1.0, 0.098
2025-11-12 14:10:15,        0,  29.5,   1.5,  24.9,  0.287, -0.004,  0.000,    -25.2,  1,  22.5,   1.0, 0.098
2025-11-12 14:10:16,        0,  29.5,   1.5,  24.9,  0.282, -0.004,  0.000,    -29.2,  1,  22.5,   1.0, 0.097
2025-11-12 14:10:17,        0,  29.4,   1.3,  24.9,  0.279, -0.004,  0.000,    -32.9,  1,  22.5,   1.0, 0.097
2025-11-12 14:10:18,        0,  29.5,   1.6,  24.9,  0.276, -0.004,  0.000,    -36.3,  1,  22.5,   1.0, 0.097
2025-11-12 14:10:19,        0,  29.6,   1.7,  24.9,  0.271, -0.003,  0.000,    -39.5,  1,  22.5,   1.0, 0.097
2025-11-12 14:10:20,        0,  29.5,   1.5,  24.9,  0.268, -0.004,  0.000,    -43.8,  1,  22.5,   1.0, 0.096
2025-11-12 14:10:21,        0,  29.4,   1.3,  24.9,  0.263, -0.004,  0.000,    -47.2,  1,  22.5,   1.0, 0.096
2025-11-12 14:10:22,        0,  29.5,   1.5,  24.9,  0.261, -0.004,  0.000,    -50.4,  1,  22.5,   1.0, 0.096
2025-11-12 14:10:23,        0,  29.5,   1.5,  24.9,  0.256, -0.003,  0.000,    -54.4,  1,  22.5,   1.0, 0.095
2025-11-12 14:10:24,        0,  29.6,   1.7,  24.9,  0.255, -0.003,  0.000,    -57.5,  1,  22.5,   1.0, 0.095
2025-11-12 14:10:25,        0,  29.4,   1.3,  24.9,  0.252, -0.004,  0.000,    -60.9,  1,  22.5,   1.0, 0.095
2025-11-12 14:10:26,        0,  29.4,   1.3,  24.9,  0.249, -0.003,  0.000,    -64.7,  1,  22.5,   1.0, 0.095
2025-11-12 14:10:27,        0,  29.6,   1.7,  24.9,  0.246, -0.003,  0.000,    -67.5,  1,  22.5,   1.0, 0.095
2025-11-12 14:10:28,        0,  29.6,   1.8,  24.9,  0.243, -0.003,  0.000,    -70.4,  1,  22.5,   1.0, 0.095
2025-11-12 14:10:29,        0,  29.8,   2.4,  24.9,  0.241, -0.003,  0.000,    -74.1,  1,  22.5,   1.0, 0.096
2025-11-12 14:10:30,        0,  29.8,   2.5,  24.9,  4.063,  3.609,  0.018,   1460.6,  1,  22.5,   1.0, 0.096
2025-11-12 14:10:31,        0,  30.3,   3.9,  24.9,  5.273,  4.748,  0.025,   4968.2,  1,  22.5,   1.0, 0.096
2025-11-12 14:10:32,        0,  30.5,   4.6,  24.9,  5.276,  4.756,  0.025,  10856.4,  1,  22.5,   1.0, 0.102
2025-11-12 14:10:33,        0,  30.9,   5.7,  24.9,  6.868,  6.794,  0.047,  17021.1,  1,  22.5,   0.9, 0.112
2025-11-12 14:10:34,        0,  31.6,   7.8,  24.9,  7.973,  8.215,  0.066,  25110.9,  1,  22.5,   1.0, 0.159
2025-11-12 14:10:35,        0,  32.2,   9.5,  24.9,  9.264,  9.884,  0.092,  34017.6,  1,  22.5,   0.9, 0.113
2025-11-12 14:10:36,        0,  32.4,  10.2,  24.9, 13.788, 15.728,  0.218,  50386.3,  1,  22.4,   0.9, 0.102
2025-11-12 14:10:37,        0,  34.5,  16.4,  24.8, 12.346, 13.867,  0.172,  64434.5,  1,  22.4,   0.9, 0.100
2025-11-12 14:10:38,        0,  34.3,  15.8,  24.9, 15.012, 17.330,  0.261,  80984.1,  1,  22.4,   0.8, 0.100
2025-11-12 14:10:39,        0,  34.3,  16.0,  24.9, 17.736, 20.874,  0.371, 102742.5,  1,  22.4,   0.9, 0.099
2025-11-12 14:10:40,        0,  38.5,  28.5,  24.8, 19.212, 22.805,  0.448, 123716.1,  1,  22.4,   0.9, 0.099
2025-11-12 14:10:41,        0,  34.6,  16.7,  24.8, 22.647, 27.302,  0.619, 149316.5,  1,  22.4,   0.8, 0.099
2025-11-12 14:10:42,        0,  36.2,  21.5,  24.8, 20.975, 25.130,  0.530, 176946.8,  1,  22.4,   0.8, 0.099
2025-11-12 14:10:43,        0,  39.4,  31.1,  24.8, 22.486, 27.127,  0.611, 202086.4,  1,  22.4,   0.8, 0.099
2025-11-12 14:10:44,        0,  39.4,  31.3,  24.8, 24.809, 30.188,  0.754, 231522.9,  1,  22.4,   0.8, 0.099
2025-11-12 14:10:45,        0,  38.0,  26.9,  24.8, 28.393, 34.945,  0.993, 269925.8,  1,  22.4,   0.8, 0.099
2025-11-12 14:10:46,        0,  40.7,  35.0,  24.8, 30.940, 38.282,  1.202, 306295.1,  1,  22.5,   0.8, 0.099
2025-11-12 14:10:47,        0,  39.5,  31.5,  24.8, 26.447, 32.438,  0.862, 338344.0,  1,  22.4,   0.8, 0.099
2025-11-12 14:10:48,        0,  37.4,  25.3,  24.9, 31.549, 39.198,  1.242, 372966.1,  1,  22.4,   0.8, 0.099
2025-11-12 14:10:49,        0,  43.2,  42.7,  24.9, 36.316, 45.464,  1.677, 414552.2,  1,  22.5,   0.9, 0.100
2025-11-12 14:10:50,        0,  42.8,  41.3,  24.9, 29.285, 36.296,  1.066, 453642.7,  1,  22.5,   0.9, 0.102
2025-11-12 14:10:51,        0,  41.9,  38.8,  24.8, 31.102, 38.787,  1.214, 492129.5,  1,  22.5,   0.9, 0.101
2025-11-12 14:10:52,        0,  41.4,  37.1,  24.9, 36.816, 46.436,  1.710, 544207.8,  1,  22.5,   0.8, 0.100
2025-11-12 14:10:53,        0,  42.3,  39.9,  24.8, 32.949, 41.356,  1.364, 584232.6,  1,  22.4,   0.9, 0.100
2025-11-12 14:10:54,        0,  41.4,  37.1,  24.9, 30.599, 38.250,  1.171, 622675.7,  1,  22.4,   0.8, 0.100
2025-11-12 14:10:55,        0,  34.5,  16.5,  24.9, 33.121, 41.640,  1.395, 665169.6,  1,  22.4,   0.8, 0.100
2025-11-12 14:10:56,        0,  37.3,  24.8,  24.9, 27.157, 33.645,  0.920, 694091.9,  1,  22.4,   0.8, 0.100
2025-11-12 14:10:57,        0,  40.0,  32.9,  24.8, 31.679, 39.660,  1.263, 727551.9,  1,  22.5,   0.8, 0.100
2025-11-12 14:10:58,        0,  40.8,  35.3,  24.9, 25.055, 30.822,  0.775, 759091.2,  1,  22.5,   0.8, 0.100
2025-11-12 14:10:59,        0,  38.0,  26.9,  24.9, 23.634, 28.922,  0.691, 796147.5,  1,  22.4,   0.8, 0.100
2025-11-12 14:11:00,        0,  37.3,  24.8,  24.9, 25.879, 31.872,  0.826, 825669.5,  1,  22.4,   0.8, 0.100
2025-11-12 14:11:01,        0,  37.2,  24.6,  24.9, 28.570, 35.404,  1.013, 855685.7,  1,  22.5,   0.8, 0.100
2025-11-12 14:11:02,        0,  40.0,  32.9,  24.9, 21.398, 25.852,  0.556, 887729.4,  1,  22.5,   0.8, 0.100
2025-11-12 14:11:03,        0,  39.0,  29.9,  24.9, 28.556, 35.343,  1.009, 921178.2,  1,  22.4,   0.8, 0.100
2025-11-12 14:11:04,        0,  36.2,  21.5,  24.9, 20.664, 24.844,  0.516, 947407.5,  1,  22.5,   0.8, 0.100
2025-11-12 14:11:05,        0,  35.0,  18.0,  24.9, 22.093, 26.728,  0.592, 976399.1,  1,  22.4,   0.8, 0.100
2025-11-12 14:11:06,        0,  37.5,  25.5,  24.9, 17.027, 20.028,  0.354, 996400.2,  1,  22.5,   0.8, 0.100
2025-11-12 14:11:07,        0,  36.3,  22.0,  24.9, 20.218, 24.205,  0.491,1020751.8,  1,  22.4,   0.8, 0.100
2025-11-12 14:11:08,        0,  28.4,   0.0,  24.9, 20.295, 24.266,  0.493,1041485.9,  1,  22.5,   0.8, 0.100
2025-11-12 14:11:09,        0,  36.7,  23.0,  24.9, 25.008, 30.502,  0.763,1068032.0,  1,  22.5,   0.8, 0.100
2025-11-12 14:11:10,        0,  35.5,  19.5,  24.9, 20.455, 24.491,  0.503,1091692.0,  1,  22.5,   0.8, 0.100
2025-11-12 14:11:11,        0,  37.3,  24.8,  24.9, 18.957, 22.495,  0.427,1113357.1,  1,  22.5,   0.8, 0.100
2025-11-12 14:11:12,        0,  36.7,  23.2,  24.9, 18.483, 21.868,  0.410,1139923.4,  1,  22.5,   0.8, 0.100
2025-11-12 14:11:13,        0,  36.6,  22.7,  24.9, 21.047, 25.205,  0.532,1163866.1,  1,  22.5,   0.9, 0.100
2025-11-12 14:11:14,        0,  34.6,  16.9,  24.9, 19.577, 23.290,  0.456,1186535.5,  1,  22.5,   0.8, 0.100
2025-11-12 14:11:15,        0,  34.3,  16.0,  24.9, 21.095, 25.273,  0.533,1214071.1,  1,  22.5,   0.8, 0.100
2025-11-12 14:11:16,        0,  34.4,  16.2,  25.0, 17.742, 20.837,  0.370,1233567.6,  1,  22.5,   0.9, 0.100
2025-11-12 14:11:17,        0,  35.0,  18.1,  24.9, 18.209, 21.459,  0.396,1252316.5,  1,  22.5,   0.9, 0.100
2025-11-12 14:11:18,        0,  35.5,  19.5,  24.9, 23.722, 28.684,  0.683,1280428.3,  1,  22.5,   0.9, 0.100
2025-11-12 14:11:19,        0,  35.9,  20.6,  24.9, 18.926, 22.367,  0.424,1302116.5,  1,  22.5,   0.9, 0.100
2025-11-12 14:11:20,        0,  36.8,  23.4,  24.9, 24.085, 29.135,  0.702,1327645.2,  1,  22.5,   0.9, 0.100
2025-11-12 14:11:21,        0,  38.7,  29.2,  24.9, 17.636, 20.685,  0.368,1350475.8,  1,  22.5,   0.9, 0.100
2025-11-12 14:11:22,        0,  36.2,  21.6,  24.9, 20.453, 24.363,  0.508,1384101.2,  1,  22.5,   0.9, 0.100
2025-11-12 14:11:23,        0,  33.9,  14.8,  24.9, 27.952, 34.194,  0.958,1412243.0,  1,  22.5,   0.9, 0.100
2025-11-12 14:11:24,        0,  38.9,  29.7,  24.9, 16.758, 19.520,  0.349,1435246.8,  1,  22.5,   1.0, 0.100
2025-11-12 14:11:25,        0,  39.1,  30.4,  24.9, 18.214, 21.455,  0.410,1466852.2,  1,  22.5,   0.9, 0.100
2025-11-12 14:11:26,        0,  39.4,  31.3,  24.9, 29.545, 36.356,  1.075,1499803.6,  1,  22.5,   1.0, 0.100
2025-11-12 14:11:27,        0,  37.1,  24.4,  25.0, 24.197, 29.325,  0.714,1530229.9,  1,  22.5,   1.0, 0.100
2025-11-12 14:11:28,        0,  37.7,  26.0,  24.9, 29.194, 35.911,  1.049,1561161.0,  1,  22.5,   1.0, 0.100
2025-11-12 14:11:29,        0,  37.9,  26.6,  25.0, 23.643, 28.608,  0.684,1593480.3,  1,  22.4,   1.0, 0.100
2025-11-12 14:11:30,        0,  40.0,  32.9,  25.0, 26.344, 32.181,  0.850,1624087.4,  1,  22.5,   1.0, 0.100
2025-11-12 14:11:31,        0,  37.1,  24.3,  25.0, 26.464, 32.351,  0.861,1654648.9,  1,  22.5,   0.9, 0.100
2025-11-12 14:11:32,        0,  39.0,  29.9,  25.0, 28.925, 35.645,  1.031,1694231.2,  1,  22.5,   1.0, 0.100
2025-11-12 14:11:33,        0,  40.2,  33.6,  25.0, 28.276, 34.778,  0.989,1726524.1,  1,  22.5,   0.9, 0.100
2025-11-12 14:11:34,        0,  40.1,  33.4,  25.0, 27.881, 34.251,  0.955,1759945.5,  1,  22.5,   1.0, 0.100
2025-11-12 14:11:35,        0,  40.5,  34.6,  24.9, 27.221, 33.374,  0.915,1802027.9,  1,  22.5,   1.0, 0.100
2025-11-12 14:11:36,        0,  36.6,  22.7,  25.0, 25.072, 30.573,  0.767,1833284.0,  1,  22.5,   1.0, 0.100
2025-11-12 14:11:37,        0,  41.5,  37.6,  24.9, 20.597, 24.636,  0.520,1859235.0,  1,  22.5,   1.0, 0.100
2025-11-12 14:11:38,        0,  37.0,  23.9,  24.9, 29.772, 36.807,  1.107,1890541.4,  1,  22.5,   1.0, 0.100
2025-11-12 14:11:39,        0,  41.2,  36.6,  25.0, 32.833, 40.809,  1.352,1932263.8,  1,  22.5,   1.0, 0.100
2025-11-12 14:11:40,        0,  38.3,  27.8,  25.0, 29.627, 36.663,  1.090,1966312.6,  1,  22.5,   1.0, 0.100
2025-11-12 14:11:41,        0,  40.8,  35.3,  25.0, 30.181, 37.429,  1.130,2000685.3,  1,  22.5,   1.0, 0.100
2025-11-12 14:11:42,        0,  41.8,  38.3,  24.9, 23.913, 29.102,  0.698,2039228.2,  1,  22.5,   1.0, 0.100
2025-11-12 14:11:43,        0,  41.8,  38.5,  25.0, 31.035, 38.514,  1.197,2076838.6,  1,  22.5,   1.0, 0.100
2025-11-12 14:11:44,        0,  40.8,  35.5,  25.0, 32.447, 40.390,  1.311,2115739.9,  1,  22.5,   1.0, 0.100
2025-11-12 14:11:45,        0,  40.5,  34.6,  25.0, 31.146, 38.726,  1.206,2152762.3,  1,  22.5,   1.0, 0.100
2025-11-12 14:11:46,        0,  39.1,  30.4,  25.0, 29.089, 36.074,  1.050,2194826.1,  1,  22.5,   1.0, 0.100
2025-11-12 14:11:47,        0,  39.1,  30.2,  25.0, 27.420, 33.820,  0.930,2225360.9,  1,  22.5,   1.0, 0.100
2025-11-12 14:11:48,        0,  38.1,  27.3,  25.0, 27.297, 33.582,  0.923,2257203.6,  1,  22.5,   1.0, 0.100
2025-11-12 14:11:49,        0,  37.8,  26.4,  25.0, 24.817, 30.275,  0.752,2293160.5,  1,  22.5,   0.9, 0.100
2025-11-12 14:11:50,        0,  40.1,  33.2,  25.0, 29.463, 36.463,  1.076,2324948.0,  1,  22.5,   1.0, 0.100
2025-11-12 14:11:51,        0,  40.1,  33.4,  25.0, 28.252, 34.866,  0.985,2358371.3,  1,  22.5,   1.0, 0.100
2025-11-12 14:11:52,        0,  37.5,  25.5,  25.0, 26.312, 32.280,  0.853,2400071.6,  1,  22.5,   1.0, 0.100
2025-11-12 14:11:53,        0,  37.6,  25.9,  25.0, 25.271, 30.902,  0.793,2428797.5,  1,  22.5,   0.9, 0.100
2025-11-12 14:11:54,        0,  40.3,  33.9,  25.0, 21.860, 26.379,  0.579,2456461.5,  1,  22.5,   1.0, 0.100
2025-11-12 14:11:55,        0,  35.5,  19.4,  25.0, 25.431, 31.041,  0.797,2488537.4,  1,  22.5,   1.0, 0.100
2025-11-12 14:11:56,        0,  38.7,  29.0,  25.0, 27.739, 34.080,  0.946,2525023.0,  1,  22.5,   0.9, 0.100
2025-11-12 14:11:57,        0,  38.3,  28.0,  25.0, 24.931, 30.333,  0.758,2553580.1,  1,  22.5,   0.9, 0.100
2025-11-12 14:11:58,        0,  38.0,  27.1,  25.0, 21.540, 25.830,  0.559,2580464.7,  1,  22.5,   0.9, 0.100
2025-11-12 14:11:59,        0,  36.7,  23.2,  25.0, 25.290, 30.715,  0.780,2608624.3,  1,  22.5,   0.9, 0.100
2025-11-12 14:12:00,        0,  38.6,  28.8,  25.0, 27.365, 33.461,  0.917,2643625.0,  1,  22.5,   0.9, 0.100
2025-11-12 14:12:01,        0,  35.1,  18.3,  25.0, 26.435, 32.234,  0.854,2671423.6,  1,  22.6,   0.9, 0.100
2025-11-12 14:12:02,        0,  37.0,  24.1,  25.0, 20.109, 23.907,  0.484,2694074.4,  1,  22.5,   0.9, 0.100
2025-11-12 14:12:03,        0,  36.2,  21.6,  25.0, 23.484, 28.328,  0.668,2724000.8,  1,  22.5,   0.9, 0.100
2025-11-12 14:12:04,        0,  37.8,  26.4,  25.0, 27.376, 33.384,  0.915,2751976.4,  1,  22.5,   0.9, 0.100
2025-11-12 14:12:05,        0,  37.3,  25.0,  25.0, 19.439, 22.963,  0.446,2775877.2,  1,  22.5,   0.8, 0.100
2025-11-12 14:12:06,        0,  36.0,  20.9,  25.0, 19.114, 22.527,  0.433,2806326.8,  1,  22.5,   0.9, 0.100
2025-11-12 14:12:07,        0,  35.9,  20.8,  25.0, 22.853, 27.385,  0.627,2830513.4,  1,  22.5,   0.8, 0.100
2025-11-12 14:12:08,        0,  36.5,  22.5,  25.0, 21.976, 26.229,  0.579,2853857.6,  1,  22.5,   0.9, 0.100
2025-11-12 14:12:09,        0,  33.3,  13.0,  25.0, 20.635, 24.486,  0.530,2878498.5,  1,  22.5,   0.9, 0.100
2025-11-12 14:12:10,        0,  36.4,  22.2,  25.0, 20.733, 24.589,  0.526,2905724.6,  1,  22.5,   0.8, 0.100
2025-11-12 14:12:11,        0,  35.1,  18.3,  25.0, 18.496, 21.660,  0.401,2928165.3,  1,  22.5,   0.8, 0.100
2025-11-12 14:12:12,        0,  36.4,  22.2,  25.0, 18.596, 21.789,  0.407,2948320.0,  1,  22.5,   0.8, 0.100
2025-11-12 14:12:13,        0,  36.5,  22.5,  25.0, 21.462, 25.505,  0.549,2976247.6,  1,  22.5,   0.8, 0.100
2025-11-12 14:12:14,        0,  34.8,  17.3,  25.0, 15.205, 17.355,  0.271,2995017.5,  1,  22.5,   0.8, 0.100
2025-11-12 14:12:15,        0,  34.6,  16.7,  25.0, 16.527, 19.074,  0.315,3013722.7,  1,  22.5,   0.8, 0.100
2025-11-12 14:12:16,        0,  34.7,  17.1,  25.0, 17.112, 19.836,  0.341,3034200.1,  1,  22.5,   0.8, 0.100
2025-11-12 14:12:17,        0,  35.7,  20.1,  25.0, 19.598, 23.056,  0.457,3060205.2,  1,  22.6,   0.8, 0.100
2025-11-12 14:12:18,        0,  33.9,  14.6,  25.0, 18.113, 21.129,  0.383,3081134.6,  1,  22.5,   0.8, 0.100
2025-11-12 14:12:19,        0,  33.9,  14.6,  25.0, 14.368, 16.271,  0.244,3096209.2,  1,  22.5,   0.8, 0.100
2025-11-12 14:12:20,        0,  31.4,   7.1,  25.0, 16.938, 19.595,  0.365,3119904.5,  1,  22.5,   0.9, 0.100
2025-11-12 14:12:21,        0,  35.9,  20.6,  25.0, 18.357, 21.413,  0.397,3136294.2,  1,  22.5,   0.8, 0.100
2025-11-12 14:12:22,        0,  32.7,  11.1,  25.0, 19.375, 22.715,  0.440,3156303.9,  1,  22.5,   0.8, 0.100
2025-11-12 14:12:23,        0,  35.7,  20.2,  25.0, 14.038, 15.805,  0.225,3173448.3,  1,  22.5,   0.8, 0.100
2025-11-12 14:12:24,        0,  34.7,  17.1,  25.0,  8.257,  8.384,  0.085,3191188.1,  1,  22.5,   0.8, 0.100
2025-11-12 14:12:25,        0,  34.7,  17.1,  25.0, 16.245, 18.653,  0.303,3208989.6,  1,  22.5,   0.8, 0.100
2025-11-12 14:12:26,        0,  33.9,  14.8,  25.0, 17.743, 20.565,  0.366,3228167.0,  1,  22.5,   0.9, 0.100
2025-11-12 14:12:27,        0,  30.2,   3.7,  25.0, 16.013, 18.354,  0.299,3249881.0,  1,  22.5,   0.9, 0.100
2025-11-12 14:12:28,        0,  33.9,  14.6,  25.0, 14.047, 15.806,  0.226,3262149.1,  1,  22.6,   0.8, 0.100
2025-11-12 14:12:29,        0,  33.2,  12.5,  25.0, 16.599, 19.108,  0.318,3278982.9,  1,  22.6,   0.9, 0.100
2025-11-12 14:12:30,        0,  31.4,   7.2,  25.0, 12.560, 13.875,  0.182,3294531.1,  1,  22.5,   0.8, 0.100
2025-11-12 14:12:31,        0,  33.5,  13.4,  25.0, 15.709, 17.927,  0.287,3308740.8,  1,  22.5,   0.9, 0.100
2025-11-12 14:12:32,        0,  32.5,  10.4,  25.0, 11.544, 12.575,  0.150,3321960.7,  1,  22.5,   0.8, 0.100
2025-11-12 14:12:33,        0,  33.2,  12.5,  25.0, 15.488, 17.646,  0.274,3336728.8,  1,  22.6,   0.9, 0.100
2025-11-12 14:12:34,        0,  33.6,  13.9,  25.0, 11.000, 11.869,  0.136,3352045.2,  1,  22.5,   0.9, 0.100
2025-11-12 14:12:35,        0,  33.2,  12.7,  25.0, 13.448, 15.013,  0.203,3366663.3,  1,  22.5,   0.8, 0.100
2025-11-12 14:12:36,        0,  33.6,  13.7,  25.0, 15.123, 17.176,  0.260,3382232.0,  1,  22.6,   0.8, 0.100
2025-11-12 14:12:37,        0,  32.5,  10.6,  25.0,  7.280,  7.114,  0.055,3393933.4,  1,  22.6,   0.9, 0.100
2025-11-12 14:12:38,        0,  34.1,  15.3,  25.0, 13.379, 14.937,  0.201,3407425.1,  1,  22.6,   0.8, 0.100
2025-11-12 14:12:39,        0,  32.5,  10.4,  25.0, 14.946, 16.921,  0.253,3422636.2,  1,  22.6,   0.8, 0.100
2025-11-12 14:12:40,        0,  32.6,  10.8,  25.0, 11.712, 12.776,  0.151,3434366.0,  1,  22.6,   0.8, 0.100
2025-11-12 14:12:41,        0,  32.9,  11.6,  25.0, 11.410, 12.403,  0.143,3447505.1,  1,  22.5,   0.8, 0.100
2025-11-12 14:12:42,        0,  32.5,  10.4,  25.0, 10.393, 11.112,  0.116,3458878.3,  1,  22.5,   0.8, 0.100
2025-11-12 14:12:43,        0,  32.6,  10.8,  25.0, 11.727, 12.806,  0.152,3471362.9,  1,  22.6,   0.8, 0.100
2025-11-12 14:12:44,        0,  31.6,   7.9,  25.0,  9.595, 10.068,  0.097,3483804.2,  1,  22.5,   0.8, 0.100
2025-11-12 14:12:45,        0,  32.9,  11.8,  25.0, 12.443, 13.736,  0.171,3495988.9,  1,  22.5,   0.8, 0.100
2025-11-12 14:12:46,        0,  32.2,   9.5,  25.0, 11.081, 11.993,  0.136,3506807.0,  1,  22.6,   0.8, 0.100
2025-11-12 14:12:47,        0,  31.9,   8.7,  25.0, 10.575, 11.344,  0.121,3517322.3,  1,  22.6,   0.9, 0.100
2025-11-12 14:12:48,        0,  31.2,   6.7,  25.0,  9.001,  9.326,  0.085,3528895.6,  1,  22.5,   0.9, 0.100
2025-11-12 14:12:49,        0,  32.3,   9.9,  25.0, 11.018, 11.910,  0.132,3539247.3,  1,  22.5,   0.9, 0.100
2025-11-12 14:12:50,        0,  31.1,   6.2,  25.1,  7.824,  7.836,  0.066,3548512.2,  1,  22.6,   0.9, 0.100
2025-11-12 14:12:51,        0,  32.1,   9.2,  25.0, 10.538, 11.299,  0.121,3560387.7,  1,  22.5,   0.9, 0.100
2025-11-12 14:12:52,        0,  31.8,   8.3,  25.0,  9.860, 10.430,  0.103,3570608.2,  1,  22.5,   1.0, 0.100
2025-11-12 14:12:53,        0,  31.8,   8.3,  25.0, 10.199, 10.868,  0.111,3581114.1,  1,  22.5,   0.9, 0.100
2025-11-12 14:12:54,        0,  30.3,   3.9,  25.0,  8.953,  9.282,  0.085,3590841.7,  1,  22.5,   0.9, 0.100
2025-11-12 14:12:55,        0,  32.1,   9.4,  25.0,  8.632,  8.876,  0.080,3600075.2,  1,  22.5,   1.0, 0.100
2025-11-12 14:12:56,        0,  31.9,   8.7,  25.0,  8.069,  8.157,  0.066,3608596.2,  1,  22.5,   1.0, 0.100
2025-11-12 14:12:57,        0,  31.7,   8.1,  25.0,  6.401,  6.060,  0.046,3616443.4,  1,  22.5,   1.0, 0.100
2025-11-12 14:12:58,        0,  30.8,   5.5,  25.0,  8.494,  8.702,  0.074,3627079.2,  1,  22.5,   1.0, 0.100
2025-11-12 14:12:59,        0,  31.1,   6.4,  25.0,  9.284,  9.712,  0.091,3634808.1,  1,  22.5,   1.0, 0.100
2025-11-12 14:13:00,        0,  30.7,   5.1,  25.0,  5.943,  5.478,  0.037,3642184.2,  1,  22.5,   1.0, 0.100
2025-11-12 14:13:01,        0,  30.8,   5.5,  25.0,  8.277,  8.433,  0.070,3649691.0,  1,  22.5,   1.0, 0.100
2025-11-12 14:13:02,        0,  31.2,   6.7,  25.0,  6.733,  6.478,  0.047,3658165.1,  1,  22.5,   1.0, 0.100
2025-11-12 14:13:03,        0,  31.9,   8.8,  25.0,  7.932,  7.998,  0.065,3665771.7,  1,  22.5,   1.0, 0.100
2025-11-12 14:13:04,        0,  30.7,   5.1,  25.0,  7.802,  7.835,  0.063,3674060.2,  1,  22.5,   1.0, 0.100
2025-11-12 14:13:05,        0,  29.2,   0.6,  25.0,  6.305,  5.935,  0.038,3681494.5,  1,  22.5,   0.9, 0.100
2025-11-12 14:13:06,        0,  31.3,   6.9,  25.0,  7.837,  7.895,  0.063,3687283.4,  1,  22.5,   0.9, 0.100
2025-11-12 14:13:07,        0,  31.2,   6.7,  25.0,  8.562,  8.807,  0.075,3696004.8,  1,  22.6,   0.9, 0.100
2025-11-12 14:13:08,        0,  29.3,   0.9,  25.0,  6.974,  6.788,  0.049,3703235.5,  1,  22.5,   0.9, 0.100
2025-11-12 14:13:09,        0,  30.1,   3.2,  25.0,  5.204,  4.634,  0.032,3708304.4,  1,  22.5,   0.9, 0.100
2025-11-12 14:13:10,        0,  31.4,   7.2,  25.0,  6.361,  6.021,  0.040,3713683.9,  1,  22.5,   0.8, 0.100
2025-11-12 14:13:11,        0,  30.4,   4.1,  25.0,  8.762,  9.075,  0.081,3721541.5,  1,  22.5,   0.8, 0.100
2025-11-12 14:13:12,        0,  30.9,   5.7,  25.0,  6.443,  6.129,  0.040,3728603.3,  1,  22.5,   0.8, 0.100
2025-11-12 14:13:13,        0,  30.4,   4.1,  25.0,  6.875,  6.680,  0.047,3734783.3,  1,  22.5,   0.8, 0.101
2025-11-12 14:13:14,        0,  30.7,   5.0,  25.0,  6.915,  6.726,  0.047,3740988.8,  1,  22.5,   0.8, 0.100
2025-11-12 14:13:15,        0,  29.6,   1.8,  25.0,  5.055,  4.370,  0.022,3745965.1,  1,  22.5,   0.8, 0.100
2025-11-12 14:13:16,        0,  30.8,   5.5,  25.0,  5.081,  4.505,  0.029,3750741.6,  1,  22.5,   0.8, 0.100
2025-11-12 14:13:17,        0,  30.4,   4.3,  25.0,  6.919,  6.737,  0.047,3757302.5,  1,  22.5,   0.8, 0.100
2025-11-12 14:13:18,        0,  30.5,   4.4,  25.1,  6.293,  5.945,  0.037,3762882.8,  1,  22.5,   0.8, 0.100
2025-11-12 14:13:19,        0,  30.9,   5.7,  25.0,  6.419,  6.103,  0.040,3769653.2,  1,  22.6,   0.8, 0.100
2025-11-12 14:13:20,        0,  29.8,   2.3,  25.0,  6.905,  6.724,  0.047,3775651.3,  1,  22.5,   0.8, 0.100
2025-11-12 14:13:21,        0,  30.5,   4.6,  25.0,  6.036,  5.646,  0.038,3780628.5,  1,  22.5,   0.8, 0.100
2025-11-12 14:13:22,        0,  30.5,   4.6,  25.0,  5.233,  4.616,  0.026,3785774.6,  1,  22.5,   0.8, 0.100
2025-11-12 14:13:23,        0,  29.8,   2.5,  25.0,  5.066,  4.411,  0.025,3790545.6,  1,  22.6,   0.9, 0.100
2025-11-12 14:13:24,        0,  30.1,   3.2,  25.0,  5.336,  4.770,  0.029,3794316.2,  1,  22.6,   0.8, 0.100
2025-11-12 14:13:25,        0,  30.2,   3.7,  25.0,  6.487,  6.198,  0.040,3799678.1,  1,  22.5,   0.9, 0.100
2025-11-12 14:13:26,        0,  30.8,   5.3,  25.0,  6.046,  5.646,  0.034,3805862.2,  1,  22.5,   0.8, 0.100
2025-11-12 14:13:27,        0,  30.5,   4.6,  25.0,  6.793,  6.592,  0.045,3812168.8,  1,  22.5,   0.8, 0.100
2025-11-12 14:13:28,        0,  30.5,   4.4,  25.0,  5.619,  5.112,  0.030,3816036.2,  1,  22.5,   0.8, 0.100
2025-11-12 14:13:29,        0,  30.4,   4.1,  25.0,  5.919,  5.487,  0.033,3821211.6,  1,  22.6,   0.9, 0.100
2025-11-12 14:13:30,        0,  29.9,   2.7,  25.0,  6.031,  5.634,  0.034,3826478.4,  1,  22.5,   0.8, 0.100
2025-11-12 14:13:31,        0,  30.0,   2.9,  25.0,  4.966,  4.286,  0.023,3830836.5,  1,  22.6,   0.9, 0.100
2025-11-12 14:13:32,        0,  29.4,   1.1,  25.0,  1.832,  0.530,  0.001,3832524.2,  1,  22.6,   0.9, 0.100
2025-11-12 14:13:33,        0,  30.0,   2.9,  25.0,  5.579,  5.079,  0.028,3835675.4,  1,  22.5,   0.8, 0.100
2025-11-12 14:13:34,        0,  30.1,   3.2,  25.0,  6.174,  5.821,  0.036,3840562.0,  1,  22.5,   0.9, 0.100
2025-11-12 14:13:35,        0,  30.2,   3.7,  25.0,  5.544,  5.026,  0.028,3845118.9,  1,  22.6,   0.8, 0.100
2025-11-12 14:13:36,        0,  30.1,   3.4,  25.0,  1.675,  0.393,  0.001,3848207.2,  1,  22.6,   0.9, 0.100
2025-11-12 14:13:37,        0,  29.8,   2.3,  25.0,  5.166,  4.549,  0.024,3851785.8,  1,  22.6,   0.9, 0.100
2025-11-12 14:13:38,        0,  29.3,   0.9,  25.0,  5.918,  5.500,  0.033,3855293.7,  1,  22.6,   0.9, 0.100
2025-11-12 14:13:39,        0,  30.4,   4.1,  25.0,  3.446,  2.525,  0.013,3858288.9,  1,  22.5,   0.9, 0.100
2025-11-12 14:13:40,        0,  30.1,   3.4,  25.0,  2.858,  1.727,  0.007,3861663.5,  1,  22.6,   0.9, 0.100
2025-11-12 14:13:41,        0,  30.0,   3.0,  25.0,  5.249,  4.659,  0.024,3866100.9,  1,  22.6,   0.9, 0.100
2025-11-12 14:13:42,        0,  30.2,   3.7,  25.0,  5.212,  4.614,  0.024,3870510.2,  1,  22.6,   0.9, 0.100
2025-11-12 14:13:43,        0,  30.4,   4.3,  25.1,  4.920,  4.300,  0.026,3875375.4,  1,  22.6,   0.9, 0.100
2025-11-12 14:13:44,        0,  29.7,   2.0,  25.0,  3.089,  2.015,  0.009,3877527.1,  1,  22.6,   0.9, 0.100
2025-11-12 14:13:45,        0,  30.1,   3.4,  25.0,  4.018,  3.148,  0.015,3880053.4,  1,  22.6,   0.9, 0.100
2025-11-12 14:13:46,        0,  30.1,   3.2,  25.0,  4.633,  3.893,  0.019,3883604.8,  1,  22.5,   0.9, 0.100
2025-11-12 14:13:47,        0,  29.5,   1.6,  25.0,  4.415,  3.627,  0.017,3887302.5,  1,  22.6,   0.9, 0.100
2025-11-12 14:13:48,        0,  29.5,   1.5,  25.0,  4.484,  3.817,  0.022,3889719.8,  1,  22.6,   1.0, 0.100
2025-11-12 14:13:49,        0,  30.0,   2.9,  25.0,  1.195,  0.031,  0.000,3890154.8,  1,  22.6,   1.0, 0.100
2025-11-12 14:13:50,        0,  30.0,   2.9,  25.0,  2.009,  0.745,  0.002,3891695.8,  1,  22.6,   1.0, 0.100
2025-11-12 14:13:51,        0,  29.8,   2.5,  25.0,  5.013,  4.381,  0.022,3895566.6,  1,  22.6,   1.0, 0.100
2025-11-12 14:13:52,        0,  29.1,   0.2,  25.0,  5.464,  4.949,  0.027,3899985.1,  1,  22.6,   1.0, 0.100
2025-11-12 14:13:53,        0,  29.7,   2.0,  25.0,  1.300,  0.073,  0.000,3901249.5,  1,  22.5,   1.0, 0.100
2025-11-12 14:13:54,        0,  30.0,   2.9,  25.0,  4.540,  3.833,  0.020,3903459.4,  1,  22.5,   1.0, 0.100
2025-11-12 14:13:55,        0,  29.8,   2.5,  25.0,  4.707,  4.000,  0.019,3906923.3,  1,  22.5,   1.0, 0.100
2025-11-12 14:13:56,        0,  30.0,   2.9,  25.0,  1.264,  0.058,  0.000,3907022.2,  1,  22.6,   1.0, 0.100
2025-11-12 14:13:57,        0,  29.9,   2.7,  25.0,  5.066,  4.455,  0.023,3912100.3,  1,  22.6,   1.0, 0.100
2025-11-12 14:13:58,        0,  30.1,   3.2,  25.0,  5.014,  4.385,  0.022,3916105.6,  1,  22.6,   1.0, 0.100
2025-11-12 14:13:59,        0,  29.8,   2.5,  25.0,  1.719,  0.433,  0.001,3918323.9,  1,  22.6,   1.0, 0.100
2025-11-12 14:14:00,        0,  29.7,   2.2,  25.0,  1.131,  0.014,  0.000,3919099.6,  1,  22.6,   1.0, 0.100
2025-11-12 14:14:01,        0,  29.6,   1.8,  25.0,  1.263,  0.060,  0.000,3919656.2,  1,  22.6,   1.0, 0.100
2025-11-12 14:14:02,        0,  29.8,   2.3,  25.0,  1.067,  0.003,  0.000,3919662.9,  1,  22.5,   1.0, 0.100
2025-11-12 14:14:03,        0,  29.8,   2.3,  25.0,  1.673,  0.746,  0.004,3920959.6,  1,  22.6,   1.0, 0.100
2025-11-12 14:14:04,        0,  30.1,   3.2,  25.0,  2.529,  1.545,  0.008,3922111.3,  1,  22.5,   1.0, 0.100
2025-11-12 14:14:05,        0,  29.8,   2.5,  25.0,  5.003,  4.381,  0.022,3926299.7,  1,  22.6,   1.0, 0.100
2025-11-12 14:14:06,        0,  30.2,   3.6,  25.0,  2.810,  1.697,  0.006,3929054.0,  1,  22.6,   1.0, 0.100
2025-11-12 14:14:07,        0,  29.8,   2.3,  25.0,  4.413,  3.646,  0.017,3932716.9,  1,  22.6,   1.0, 0.100
2025-11-12 14:14:08,        0,  29.5,   1.6,  25.0,  1.127,  0.014,  0.000,3932754.2,  1,  22.5,   1.0, 0.100
2025-11-12 14:14:09,        0,  29.8,   2.3,  25.0,  1.548,  0.582,  0.003,3933595.3,  1,  22.6,   1.0, 0.100
2025-11-12 14:14:10,        0,  29.7,   2.2,  25.0,  2.957,  1.966,  0.009,3935208.0,  1,  22.6,   1.0, 0.100
2025-11-12 14:14:11,        0,  29.8,   2.3,  25.0,  1.214,  0.041,  0.000,3935316.5,  1,  22.6,   1.0, 0.100
2025-11-12 14:14:12,        0,  29.6,   1.8,  25.0,  1.048,  0.002,  0.000,3935318.6,  1,  22.6,   1.0, 0.100
2025-11-12 14:14:13,        0,  29.9,   2.7,  25.0,  0.979, -0.005,  0.000,3936310.6,  1,  22.6,   1.0, 0.100
2025-11-12 14:14:14,        0,  30.0,   3.0,  25.0,  5.056,  4.459,  0.023,3941445.0,  1,  22.5,   1.0, 0.100
2025-11-12 14:14:15,        0,  30.0,   3.0,  25.0,  3.745,  2.835,  0.012,3944919.7,  1,  22.6,   1.0, 0.100
2025-11-12 14:14:16,        0,  29.8,   2.5,  25.0,  2.607,  1.466,  0.006,3947655.1,  1,  22.6,   1.0, 0.100
2025-11-12 14:14:17,        0,  29.5,   1.5,  25.0,  1.261,  0.062,  0.000,3949104.3,  1,  22.6,   1.0, 0.100
2025-11-12 14:14:18,        0,  28.5,   0.0,  25.0,  1.064,  0.004,  0.000,3949112.3,  1,  22.6,   1.0, 0.100
2025-11-12 14:14:19,        0,  29.7,   2.2,  25.0,  0.990, -0.004,  0.000,3949109.0,  1,  22.6,   1.0, 0.100
2025-11-12 14:14:20,        0,  29.8,   2.5,  25.0,  0.942, -0.006,  0.000,3949102.7,  1,  22.6,   1.0, 0.100
2025-11-12 14:14:21,        0,  29.8,   2.3,  25.0,  0.891, -0.008,  0.000,3949093.9,  1,  22.5,   1.0, 0.100
2025-11-12 14:14:22,        0,  29.8,   2.5,  25.0,  0.863, -0.008,  0.000,3949086.3,  1,  22.6,   1.0, 0.100
2025-11-12 14:14:23,        0,  29.8,   2.5,  25.0,  0.826, -0.008,  0.000,3949078.8,  1,  22.6,   1.0, 0.100
2025-11-12 14:14:24,        0,  30.0,   2.9,  25.0,  4.987,  4.380,  0.022,3952610.9,  1,  22.5,   1.0, 0.100
2025-11-12 14:14:25,        0,  29.7,   2.0,  25.0,  4.991,  4.378,  0.022,3956714.3,  1,  22.6,   1.0, 0.100
2025-11-12 14:14:26,        0,  29.7,   2.0,  25.0,  1.393,  0.139,  0.000,3957141.7,  1,  22.6,   1.0, 0.100
2025-11-12 14:14:27,        0,  29.5,   1.6,  25.0,  1.092,  0.009,  0.000,3957149.3,  1,  22.5,   1.0, 0.100
2025-11-12 14:14:28,        0,  29.7,   2.2,  25.0,  0.969, -0.005,  0.000,3957145.1,  1,  22.6,   1.0, 0.100
2025-11-12 14:14:29,        0,  30.0,   2.9,  25.0,  0.925, -0.006,  0.000,3957138.8,  1,  22.5,   1.0, 0.100
2025-11-12 14:14:30,        0,  29.8,   2.3,  25.0,  1.944,  0.697,  0.002,3959004.2,  1,  22.5,   1.0, 0.100
2025-11-12 14:14:31,        0,  29.8,   2.5,  25.0,  3.455,  2.496,  0.011,3960666.3,  1,  22.6,   1.0, 0.100
2025-11-12 14:14:32,        0,  29.9,   2.7,  25.0,  2.000,  0.969,  0.005,3961661.3,  1,  22.6,   0.9, 0.100
2025-11-12 14:14:33,        0,  29.9,   2.7,  25.0,  2.879,  1.796,  0.007,3963722.4,  1,  22.5,   0.9, 0.100
2025-11-12 14:14:34,        0,  29.9,   2.7,  25.0,  1.076,  0.007,  0.000,3963746.3,  1,  22.6,   1.0, 0.100
2025-11-12 14:14:35,        0,  29.7,   2.2,  25.0,  0.989, -0.003,  0.000,3963743.8,  1,  22.6,   1.0, 0.100
2025-11-12 14:14:36,        0,  29.8,   2.5,  25.0,  0.935, -0.005,  0.000,3964245.4,  1,  22.5,   1.0, 0.100
2025-11-12 14:14:37,        0,  29.8,   2.3,  25.0,  1.307,  0.089,  0.000,3965021.6,  1,  22.6,   0.9, 0.100
2025-11-12 14:14:38,        0,  30.0,   2.9,  25.0,  1.061,  0.006,  0.000,3965030.4,  1,  22.6,   1.0, 0.100
2025-11-12 14:14:39,        0,  29.8,   2.3,  25.0,  4.892,  4.260,  0.021,3968847.9,  1,  22.6,   0.9, 0.100
2025-11-12 14:14:40,        0,  29.4,   1.3,  25.0,  2.926,  1.973,  0.010,3970706.6,  1,  22.6,   0.9, 0.100
2025-11-12 14:14:41,        0,  29.8,   2.5,  25.0,  1.189,  0.033,  0.000,3971598.0,  1,  22.6,   0.9, 0.100
2025-11-12 14:14:42,        0,  29.4,   1.3,  25.0,  1.516,  0.247,  0.000,3972459.7,  1,  22.6,   0.9, 0.100
2025-11-12 14:14:43,        0,  29.4,   1.3,  25.0,  1.098,  0.011,  0.000,3972469.7,  1,  22.6,   0.9, 0.100
2025-11-12 14:14:44,        0,  29.7,   2.2,  25.0,  0.961, -0.004,  0.000,3972466.8,  1,  22.6,   0.9, 0.100
2025-11-12 14:14:45,        0,  29.8,   2.3,  25.0,  0.914, -0.007,  0.000,3972459.7,  1,  22.6,   0.9, 0.100
2025-11-12 14:14:46,        0,  29.8,   2.3,  25.0,  0.861, -0.007,  0.000,3972452.6,  1,  22.5,   0.9, 0.100
2025-11-12 14:14:47,        0,  29.9,   2.7,  25.0,  0.831, -0.007,  0.000,3972445.8,  1,  22.6,   0.8, 0.100
2025-11-12 14:14:48,        0,  29.9,   2.7,  25.0,  1.685,  0.516,  0.002,3974104.2,  1,  22.6,   0.8, 0.100
2025-11-12 14:14:49,        0,  29.7,   2.2,  25.0,  4.982,  4.377,  0.022,3978080.2,  1,  22.6,   0.8, 0.100
2025-11-12 14:14:50,        0,  29.4,   1.1,  25.0,  1.418,  0.163,  0.000,3978337.9,  1,  22.6,   0.8, 0.100
2025-11-12 14:14:51,        0,  29.7,   2.2,  25.0,  1.028,  0.002,  0.000,3978343.8,  1,  22.5,   0.8, 0.100
2025-11-12 14:14:52,        0,  29.7,   2.2,  25.0,  0.958, -0.004,  0.000,3978339.2,  1,  22.6,   0.8, 0.100
2025-11-12 14:14:53,        0,  29.7,   2.2,  25.0,  0.892, -0.007,  0.000,3978332.9,  1,  22.6,   0.8, 0.100
2025-11-12 14:14:54,        0,  29.7,   2.2,  25.0,  0.857, -0.007,  0.000,3978951.9,  1,  22.6,   0.8, 0.100
2025-11-12 14:14:55,        0,  29.8,   2.5,  25.0,  3.228,  2.343,  0.011,3980466.1,  1,  22.6,   0.8, 0.100
2025-11-12 14:14:56,        0,  29.8,   2.5,  25.0,  1.237,  0.054,  0.000,3980596.0,  1,  22.6,   0.8, 0.100
2025-11-12 14:14:57,        0,  29.8,   2.3,  25.0,  1.041,  0.004,  0.000,3980600.2,  1,  22.6,   0.8, 0.100
2025-11-12 14:14:58,        0,  29.8,   2.5,  25.0,  0.933, -0.005,  0.000,3980596.0,  1,  22.6,   0.8, 0.100
2025-11-12 14:14:59,        0,  29.8,   2.5,  25.0,  0.890, -0.006,  0.000,3980588.9,  1,  22.6,   0.8, 0.100
2025-11-12 14:15:00,        0,  29.7,   2.2,  25.0,  2.161,  1.410,  0.007,3981477.8,  1,  22.6,   0.8, 0.100
2025-11-12 14:15:01,        0,  29.8,   2.3,  25.0,  4.433,  3.731,  0.019,3984306.7,  1,  22.5,   0.8, 0.100
2025-11-12 14:15:02,        0,  29.7,   2.0,  25.0,  1.206,  0.041,  0.000,3985014.9,  1,  22.6,   0.8, 0.100
2025-11-12 14:15:03,        0,  29.8,   2.3,  25.0,  1.035,  0.003,  0.000,3985019.5,  1,  22.5,   0.8, 0.100
2025-11-12 14:15:04,        0,  29.8,   2.3,  25.0,  0.959, -0.004,  0.000,3985016.2,  1,  22.6,   0.8, 0.100
2025-11-12 14:15:05,        0,  29.7,   2.2,  25.0,  0.888, -0.006,  0.000,3985010.3,  1,  22.6,   0.8, 0.100
2025-11-12 14:15:06,        0,  29.8,   2.3,  25.0,  0.853, -0.007,  0.000,3985001.9,  1,  22.6,   0.8, 0.100
2025-11-12 14:15:07,        0,  29.8,   2.5,  25.0,  0.806, -0.007,  0.000,3984995.2,  1,  22.6,   0.8, 0.100
2025-11-12 14:15:08,        0,  29.8,   2.3,  25.0,  0.779, -0.007,  0.000,3984988.5,  1,  22.6,   0.8, 0.100
2025-11-12 14:15:09,        0,  29.9,   2.7,  25.0,  0.745, -0.007,  0.000,3984979.7,  1,  22.6,   0.8, 0.100
2025-11-12 14:15:10,        0,  29.8,   2.5,  25.0,  3.660,  2.883,  0.013,3987074.8,  1,  22.6,   0.8, 0.100
2025-11-12 14:15:11,        0,  29.8,   2.5,  25.0,  4.920,  4.305,  0.022,3991163.5,  1,  22.6,   0.8, 0.100
2025-11-12 14:15:12,        0,  29.8,   2.3,  25.0,  2.345,  1.167,  0.004,3993734.6,  1,  22.6,   0.8, 0.100
2025-11-12 14:15:13,        0,  29.3,   0.9,  25.0,  1.139,  0.021,  0.000,3993754.3,  1,  22.6,   0.8, 0.100
2025-11-12 14:15:14,        0,  29.7,   2.0,  25.0,  0.976, -0.002,  0.000,3993753.5,  1,  22.6,   0.8, 0.100
2025-11-12 14:15:15,        0,  29.5,   1.6,  25.0,  0.923, -0.006,  0.000,3993748.9,  1,  22.6,   0.9, 0.100
2025-11-12 14:15:16,        0,  29.5,   1.6,  25.0,  0.864, -0.007,  0.000,3993741.3,  1,  22.6,   0.9, 0.100
2025-11-12 14:15:17,        0,  29.6,   1.8,  25.0,  0.829, -0.008,  0.000,3993735.0,  1,  22.6,   0.9, 0.100
2025-11-12 14:15:18,        0,  29.6,   1.8,  25.0,  0.800, -0.007,  0.000,3993727.9,  1,  22.6,   0.9, 0.100
2025-11-12 14:15:19,        0,  29.6,   1.8,  25.0,  0.761, -0.008,  0.000,3993719.5,  1,  22.6,   0.9, 0.100
2025-11-12 14:15:20,        0,  29.7,   2.2,  25.0,  0.738, -0.008,  0.000,3993711.6,  1,  22.6,   0.9, 0.100
2025-11-12 14:15:21,        0,  29.7,   2.2,  25.0,  0.708, -0.008,  0.000,3993704.4,  1,  22.6,   0.9, 0.100
2025-11-12 14:15:22,        0,  29.7,   2.2,  25.0,  0.689, -0.008,  0.000,3993697.3,  1,  22.6,   0.9, 0.100
2025-11-12 14:15:23,        0,  29.8,   2.3,  25.0,  0.666, -0.008,  0.000,3993688.9,  1,  22.6,   1.0, 0.100
2025-11-12 14:15:24,        0,  29.8,   2.3,  25.0,  0.652, -0.008,  0.000,3993681.8,  1,  22.6,   0.9, 0.100
2025-11-12 14:15:25,        0,  29.7,   2.2,  25.0,  0.638, -0.008,  0.000,3993674.7,  1,  22.6,   1.0, 0.100
2025-11-12 14:15:26,        0,  29.8,   2.5,  25.0,  0.620, -0.007,  0.000,3993666.3,  1,  22.6,   0.9, 0.100
2025-11-12 14:15:27,        0,  29.9,   2.7,  25.0,  0.609, -0.007,  0.000,3993659.6,  1,  22.6,   0.9, 0.100
2025-11-12 14:15:28,        0,  29.8,   2.5,  25.0,  2.549,  1.417,  0.005,3994826.4,  1,  22.6,   0.9, 0.100
2025-11-12 14:15:29,        0,  29.8,   2.3,  25.0,  1.138,  0.020,  0.000,3994867.0,  1,  22.5,   0.9, 0.100
2025-11-12 14:15:30,        0,  29.9,   2.7,  25.0,  0.962, -0.002,  0.000,3994867.4,  1,  22.6,   0.9, 0.100
2025-11-12 14:15:31,        0,  29.8,   2.5,  25.0,  0.901, -0.004,  0.000,3994863.2,  1,  22.6,   0.9, 0.100
2025-11-12 14:15:32,        0,  29.9,   2.7,  25.0,  0.855, -0.005,  0.000,3994858.2,  1,  22.6,   0.9, 0.100
2025-11-12 14:15:33,        0,  29.8,   2.3,  25.0,  3.709,  2.815,  0.012,3997742.0,  1,  22.6,   0.9, 0.100
2025-11-12 14:15:34,        0,  29.8,   2.5,  25.0,  1.176,  0.034,  0.000,3997781.4,  1,  22.6,   0.9, 0.100
2025-11-12 14:15:35,        0,  29.8,   2.3,  25.0,  0.978, -0.001,  0.000,3997782.7,  1,  22.6,   0.9, 0.100
2025-11-12 14:15:36,        0,  29.7,   2.2,  25.0,  0.914, -0.004,  0.000,3997777.6,  1,  22.6,   0.9, 0.100
2025-11-12 14:15:37,        0,  29.8,   2.5,  25.0,  0.849, -0.006,  0.000,3997772.2,  1,  22.6,   0.9, 0.100
2025-11-12 14:15:38,        0,  29.7,   2.0,  25.0,  0.811, -0.006,  0.000,3997765.9,  1,  22.6,   0.9, 0.100
2025-11-12 14:15:39,        0,  29.8,   2.5,  25.0,  0.779, -0.006,  0.000,3997759.6,  1,  22.6,   0.9, 0.100
2025-11-12 14:15:40,        0,  30.0,   2.9,  25.0,  0.737, -0.007,  0.000,3997752.1,  1,  22.6,   0.9, 0.100
2025-11-12 14:15:41,        0,  29.9,   2.7,  25.0,  4.972,  4.374,  0.022,4001012.6,  1,  22.6,   0.9, 0.100
2025-11-12 14:15:42,        0,  29.5,   1.5,  25.0,  3.952,  3.118,  0.015,4002464.8,  1,  22.6,   0.9, 0.100
2025-11-12 14:15:43,        0,  29.7,   2.0,  25.0,  1.092,  0.012,  0.000,4002487.8,  1,  22.6,   0.9, 0.100
2025-11-12 14:15:44,        0,  29.4,   1.3,  25.0,  0.951, -0.004,  0.000,4002485.3,  1,  22.6,   0.9, 0.100
2025-11-12 14:15:45,        0,  29.7,   2.0,  25.0,  0.898, -0.006,  0.000,4002481.1,  1,  22.6,   0.9, 0.100
2025-11-12 14:15:46,        0,  29.7,   2.0,  25.0,  0.856, -0.006,  0.000,4002474.9,  1,  22.6,   0.9, 0.100
2025-11-12 14:15:47,        0,  29.7,   2.0,  25.0,  0.802, -0.006,  0.000,4002467.7,  1,  22.6,   0.9, 0.100
2025-11-12 14:15:48,        0,  29.7,   2.2,  25.0,  0.771, -0.007,  0.000,4002461.0,  1,  22.6,   0.9, 0.100
2025-11-12 14:15:49,        0,  29.7,   2.2,  25.0,  0.744, -0.007,  0.000,4002454.3,  1,  22.6,   0.9, 0.100
2025-11-12 14:15:50,        0,  29.8,   2.3,  25.0,  0.709, -0.007,  0.000,4002446.8,  1,  22.6,   0.9, 0.100
2025-11-12 14:15:51,        0,  29.7,   2.2,  25.0,  0.679, -0.007,  0.000,4002440.1,  1,  22.6,   0.9, 0.100
2025-11-12 14:15:52,        0,  29.8,   2.3,  25.0,  0.661, -0.007,  0.000,4002433.4,  1,  22.5,   0.9, 0.100
2025-11-12 14:15:53,        0,  29.8,   2.3,  25.0,  0.645, -0.007,  0.000,4002426.7,  1,  22.6,   0.9, 0.100
2025-11-12 14:15:54,        0,  29.8,   2.5,  25.0,  0.623, -0.007,  0.000,4002418.7,  1,  22.6,   0.9, 0.100
2025-11-12 14:15:55,        0,  29.7,   2.2,  25.0,  0.610, -0.007,  0.000,4002412.0,  1,  22.6,   0.9, 0.100
2025-11-12 14:15:56,        0,  29.8,   2.5,  25.0,  0.598, -0.007,  0.000,4002405.3,  1,  22.6,   0.9, 0.100
2025-11-12 14:15:57,        0,  29.8,   2.4,  25.0,  0.581, -0.007,  0.000,4002396.5,  1,  22.6,   0.9, 0.100
2025-11-12 14:15:58,        0,  29.8,   2.5,  25.0,  0.565, -0.007,  0.000,4002390.2,  1,  22.5,   0.9, 0.100
2025-11-12 14:15:59,        0,  29.9,   2.7,  25.0,  0.556, -0.007,  0.000,4002384.7,  1,  22.6,   0.9, 0.100
2025-11-12 14:16:00,        0,  29.9,   2.7,  25.0,  0.546, -0.007,  0.000,4002780.8,  1,  22.6,   1.0, 0.100
2025-11-12 14:16:01,        0,  29.8,   2.5,  25.0,  4.981,  4.376,  0.022,4007795.3,  1,  22.6,   0.9, 0.100
2025-11-12 14:16:02,        0,  29.3,   0.9,  25.0,  1.829,  0.574,  0.001,4009077.3,  1,  22.6,   1.0, 0.100
2025-11-12 14:16:03,        0,  29.7,   2.2,  25.0,  1.117,  0.017,  0.000,4009091.5,  1,  22.6,   1.0, 0.100
2025-11-12 14:16:04,        0,  29.5,   1.6,  25.0,  0.963, -0.003,  0.000,4009089.4,  1,  22.6,   0.9, 0.100
2025-11-12 14:16:05,        0,  29.7,   2.0,  25.0,  0.907, -0.006,  0.000,4009083.6,  1,  22.6,   0.9, 0.100
2025-11-12 14:16:06,        0,  29.7,   2.0,  25.0,  0.846, -0.006,  0.000,4009078.5,  1,  22.6,   0.9, 0.100
2025-11-12 14:16:07,        0,  29.6,   1.8,  25.0,  0.793, -0.006,  0.000,4009071.4,  1,  22.6,   1.0, 0.100
2025-11-12 14:16:08,        0,  29.7,   2.0,  25.0,  0.762, -0.006,  0.000,4009065.5,  1,  22.6,   1.0, 0.100
2025-11-12 14:16:09,        0,  29.5,   1.6,  25.0,  0.734, -0.007,  0.000,4009058.8,  1,  22.6,   1.0, 0.100
2025-11-12 14:16:10,        0,  29.7,   2.0,  25.0,  0.709, -0.007,  0.000,4009052.6,  1,  22.6,   1.0, 0.100
2025-11-12 14:16:11,        0,  29.7,   2.0,  25.0,  0.677, -0.007,  0.000,4009044.6,  1,  22.6,   1.0, 0.100
2025-11-12 14:16:12,        0,  29.7,   2.0,  25.0,  0.659, -0.007,  0.000,4009037.9,  1,  22.6,   1.0, 0.100
2025-11-12 14:16:13,        0,  29.7,   2.0,  25.0,  0.633, -0.007,  0.000,4009031.2,  1,  22.6,   0.9, 0.100
2025-11-12 14:16:14,        0,  29.7,   2.0,  25.0,  0.612, -0.007,  0.000,4009023.2,  1,  22.6,   0.9, 0.100
2025-11-12 14:16:15,        0,  29.6,   1.8,  25.0,  0.598, -0.007,  0.000,4009016.5,  1,  22.6,   0.9, 0.100
2025-11-12 14:16:16,        0,  29.7,   2.2,  25.0,  0.585, -0.007,  0.000,4009009.8,  1,  22.6,   0.9, 0.100
2025-11-12 14:16:17,        0,  29.7,   2.0,  25.0,  0.574, -0.007,  0.000,4009003.5,  1,  22.6,   0.9, 0.100
2025-11-12 14:16:18,        0,  29.7,   2.2,  25.0,  0.557, -0.007,  0.000,4008996.0,  1,  22.6,   0.9, 0.100
2025-11-12 14:16:19,        0,  29.7,   2.2,  25.0,  0.547, -0.007,  0.000,4008989.7,  1,  22.6,   0.9, 0.100
2025-11-12 14:16:20,        0,  29.7,   2.2,  25.0,  0.533, -0.007,  0.000,4008983.8,  1,  22.6,   0.9, 0.100
2025-11-12 14:16:21,        0,  29.8,   2.3,  25.0,  0.524, -0.006,  0.000,4008976.3,  1,  22.6,   0.9, 0.100
2025-11-12 14:16:22,        0,  29.8,   2.3,  25.0,  0.511, -0.007,  0.000,4008970.0,  1,  22.6,   0.9, 0.100
2025-11-12 14:16:23,        0,  29.8,   2.3,  25.0,  0.503, -0.006,  0.000,4008964.1,  1,  22.6,   0.8, 0.100
2025-11-12 14:16:24,        0,  29.8,   2.3,  25.0,  0.496, -0.006,  0.000,4008958.3,  1,  22.6,   0.8, 0.100
2025-11-12 14:16:25,        0,  29.8,   2.5,  25.0,  0.486, -0.006,  0.000,4008951.1,  1,  22.6,   0.9, 0.100
2025-11-12 14:16:26,        0,  29.7,   2.2,  25.0,  0.478, -0.006,  0.000,4008945.3,  1,  22.6,   0.9, 0.100
2025-11-12 14:16:27,        0,  29.8,   2.5,  25.0,  0.469, -0.006,  0.000,4008939.8,  1,  22.6,   0.9, 0.100
2025-11-12 14:16:28,        0,  29.8,   2.5,  25.0,  0.462, -0.006,  0.000,4008933.5,  1,  22.6,   0.9, 0.100
2025-11-12 14:16:29,        0,  29.8,   2.5,  25.0,  0.454, -0.006,  0.000,4008927.7,  1,  22.6,   0.9, 0.100
2025-11-12 14:16:30,        0,  29.8,   2.5,  25.0,  0.448, -0.006,  0.000,4008922.2,  1,  22.6,   0.8, 0.100
2025-11-12 14:16:31,        0,  29.8,   2.3,  25.0,  0.443, -0.006,  0.000,4008916.3,  1,  22.6,   0.8, 0.100
2025-11-12 14:16:32,        0,  29.9,   2.7,  25.0,  0.435, -0.006,  0.000,4008909.6,  1,  22.6,   0.9, 0.100
2025-11-12 14:16:33,        0,  29.8,   2.5,  25.0,  4.975,  4.374,  0.022,4011985.0,  1,  22.6,   0.8, 0.100
2025-11-12 14:16:34,        0,  29.8,   2.3,  25.0,  1.160,  0.025,  0.000,4012062.5,  1,  22.6,   0.8, 0.100
2025-11-12 14:16:35,        0,  29.7,   2.2,  25.0,  1.017,  0.002,  0.000,4012065.4,  1,  22.6,   0.8, 0.100
2025-11-12 14:16:36,        0,  29.8,   2.3,  25.0,  0.910, -0.004,  0.000,4012062.1,  1,  22.6,   0.8, 0.100
2025-11-12 14:16:37,        0,  29.8,   2.5,  25.0,  0.863, -0.006,  0.000,4012056.6,  1,  22.6,   0.9, 0.100
2025-11-12 14:16:38,        0,  29.7,   2.2,  25.0,  0.804, -0.006,  0.000,4012049.5,  1,  22.6,   0.8, 0.100
2025-11-12 14:16:39,        0,  29.8,   2.3,  25.0,  0.769, -0.006,  0.000,4012044.5,  1,  22.6,   0.8, 0.100
2025-11-12 14:16:40,        0,  29.8,   2.3,  25.0,  0.738, -0.006,  0.000,4012038.6,  1,  22.5,   0.9, 0.100
2025-11-12 14:16:41,        0,  29.8,   2.3,  25.0,  0.699, -0.006,  0.000,4012032.3,  1,  22.6,   0.9, 0.100
2025-11-12 14:16:42,        0,  29.8,   2.3,  25.0,  0.676, -0.006,  0.000,4012024.8,  1,  22.6,   0.9, 0.100
2025-11-12 14:16:43,        0,  29.8,   2.3,  25.0,  0.646, -0.007,  0.000,4012018.5,  1,  22.6,   0.9, 0.100
2025-11-12 14:16:44,        0,  29.8,   2.3,  25.0,  0.628, -0.006,  0.000,4012012.6,  1,  22.6,   0.9, 0.100
2025-11-12 14:16:45,        0,  29.8,   2.3,  25.0,  0.604, -0.006,  0.000,4012004.7,  1,  22.6,   0.9, 0.100
2025-11-12 14:16:46,        0,  29.8,   2.3,  25.0,  0.589, -0.006,  0.000,4011998.4,  1,  22.6,   0.9, 0.100
2025-11-12 14:16:47,        0,  29.8,   2.5,  25.0,  0.575, -0.007,  0.000,4011992.1,  1,  22.6,   0.9, 0.100
2025-11-12 14:16:48,        0,  29.8,   2.5,  25.0,  0.557, -0.006,  0.000,4011986.2,  1,  22.6,   0.9, 0.100
2025-11-12 14:16:49,        0,  29.8,   2.5,  25.0,  0.545, -0.006,  0.000,4011979.1,  1,  22.6,   0.9, 0.100
2025-11-12 14:16:50,        0,  29.9,   2.7,  25.0,  0.528, -0.006,  0.000,4011972.8,  1,  22.6,   0.9, 0.100
2025-11-12 14:16:51,        0,  29.9,   2.7,  25.0,  3.558,  2.718,  0.012,4013548.2,  1,  22.6,   0.9, 0.100
2025-11-12 14:16:52,        0,  29.9,   2.7,  25.0,  1.821,  0.566,  0.001,4016464.7,  1,  22.6,   0.9, 0.100
2025-11-12 14:16:53,        0,  29.7,   2.2,  25.0,  1.115,  0.017,  0.000,4016488.6,  1,  22.6,   0.9, 0.100
2025-11-12 14:16:54,        0,  29.7,   2.0,  25.0,  0.998,  0.000,  0.000,4016488.6,  1,  22.6,   0.9, 0.100
2025-11-12 14:16:55,        0,  29.6,   1.8,  25.0,  0.901, -0.005,  0.000,4016484.8,  1,  22.6,   0.9, 0.100
2025-11-12 14:16:56,        0,  29.7,   2.2,  25.0,  0.857, -0.006,  0.000,4016478.1,  1,  22.6,   0.9, 0.100
2025-11-12 14:16:57,        0,  29.7,   2.0,  25.0,  0.798, -0.006,  0.000,4016472.6,  1,  22.6,   0.9, 0.100
2025-11-12 14:16:58,        0,  29.7,   2.0,  25.0,  0.766, -0.006,  0.000,4016466.8,  1,  22.6,   0.9, 0.100
2025-11-12 14:16:59,        0,  29.7,   2.0,  25.0,  0.722, -0.007,  0.000,4016458.8,  1,  22.6,   0.9, 0.100
2025-11-12 14:17:00,        0,  29.7,   2.0,  25.0,  0.699, -0.006,  0.000,4016453.4,  1,  22.6,   0.9, 0.100
2025-11-12 14:17:01,        0,  29.7,   2.2,  25.0,  0.675, -0.007,  0.000,4016447.1,  1,  22.6,   0.9, 0.100
2025-11-12 14:17:02,        0,  29.7,   2.2,  25.0,  0.645, -0.007,  0.000,4016440.8,  1,  22.6,   0.9, 0.100
2025-11-12 14:17:03,        0,  29.7,   2.0,  25.0,  0.628, -0.007,  0.000,4016432.8,  1,  22.6,   0.9, 0.100
2025-11-12 14:17:04,        0,  29.7,   2.0,  25.0,  0.604, -0.007,  0.000,4016426.5,  1,  22.6,   1.0, 0.100
2025-11-12 14:17:05,        0,  29.7,   2.2,  25.0,  0.589, -0.007,  0.000,4016419.8,  1,  22.6,   1.0, 0.100
2025-11-12 14:17:06,        0,  29.8,   2.3,  25.0,  0.569, -0.007,  0.000,4016412.3,  1,  22.6,   1.0, 0.100
2025-11-12 14:17:07,        0,  29.7,   2.2,  25.0,  0.557, -0.007,  0.000,4016406.0,  1,  22.6,   1.0, 0.100
2025-11-12 14:17:08,        0,  29.8,   2.3,  25.0,  0.545, -0.007,  0.000,4016399.7,  1,  22.6,   1.0, 0.100
2025-11-12 14:17:09,        0,  29.7,   2.2,  25.0,  0.529, -0.006,  0.000,4016392.6,  1,  22.6,   0.9, 0.100
2025-11-12 14:17:10,        0,  29.8,   2.3,  25.0,  0.519, -0.006,  0.000,4016387.1,  1,  22.6,   0.9, 0.100
2025-11-12 14:17:11,        0,  29.8,   2.3,  25.0,  0.505, -0.006,  0.000,4016381.3,  1,  22.6,   1.0, 0.100
2025-11-12 14:17:12,        0,  29.7,   2.2,  25.0,  0.496, -0.006,  0.000,4016375.4,  1,  22.6,   0.9, 0.100
2025-11-12 14:17:13,        0,  29.8,   2.3,  25.0,  0.484, -0.006,  0.000,4016368.3,  1,  22.6,   0.9, 0.100
2025-11-12 14:17:14,        0,  29.7,   2.2,  25.0,  0.477, -0.006,  0.000,4016363.2,  1,  22.6,   0.9, 0.100
2025-11-12 14:17:15,        0,  29.8,   2.3,  25.0,  0.470, -0.005,  0.000,4016357.8,  1,  22.6,   0.9, 0.100
2025-11-12 14:17:16,        0,  29.8,   2.3,  25.0,  0.458, -0.006,  0.000,4016350.7,  1,  22.6,   0.9, 0.100
2025-11-12 14:17:17,        0,  29.8,   2.3,  25.0,  0.452, -0.005,  0.000,4016345.6,  1,  22.6,   0.9, 0.100
2025-11-12 14:17:18,        0,  29.8,   2.3,  25.0,  0.442, -0.006,  0.000,4016339.8,  1,  22.6,   0.8, 0.100
2025-11-12 14:17:19,        0,  29.8,   2.3,  25.0,  0.436, -0.005,  0.000,4016334.3,  1,  22.6,   0.8, 0.100
2025-11-12 14:17:20,        0,  29.7,   2.2,  25.0,  0.428, -0.005,  0.000,4016328.5,  1,  22.6,   0.8, 0.100
2025-11-12 14:17:21,        0,  29.8,   2.5,  25.0,  0.423, -0.006,  0.000,4016323.0,  1,  22.6,   0.8, 0.100
2025-11-12 14:17:22,        0,  29.8,   2.5,  25.0,  0.417, -0.005,  0.000,4016318.4,  1,  22.6,   0.8, 0.100
2025-11-12 14:17:23,        0,  29.8,   2.5,  25.0,  0.409, -0.006,  0.000,4016311.7,  1,  22.6,   0.8, 0.100
2025-11-12 14:17:24,        0,  29.8,   2.5,  25.0,  0.404, -0.005,  0.000,4016306.7,  1,  22.6,   0.8, 0.100
2025-11-12 14:17:25,        0,  29.8,   2.5,  25.0,  0.400,  2.608,  0.013,4017387.9,  1,  22.6,   0.8, 0.100
2025-11-12 14:17:26,        0,  29.8,   2.5,  25.0,  1.331,  0.102,  0.000,4018133.1,  1,  22.6,   0.8, 0.100
2025-11-12 14:17:27,        0,  29.6,   1.8,  25.0,  1.006,  0.002,  0.000,4018142.7,  1,  22.6,   0.8, 0.100
2025-11-12 14:17:28,        0,  29.8,   2.3,  25.0,  0.928, -0.003,  0.000,4018140.2,  1,  22.6,   0.8, 0.100
2025-11-12 14:17:29,        0,  29.8,   2.3,  25.0,  0.873, -0.005,  0.000,4018135.6,  1,  22.6,   0.8, 0.100
2025-11-12 14:17:30,        0,  29.9,   2.7,  25.0,  0.808, -0.005,  0.000,4018129.3,  1,  22.6,   0.8, 0.100
2025-11-12 14:17:31,        0,  29.8,   2.5,  25.0,  0.771, -0.006,  0.000,4018123.4,  1,  22.6,   0.8, 0.100
2025-11-12 14:17:32,        0,  29.8,   2.5,  25.0,  0.739, -0.006,  0.000,4018118.0,  1,  22.6,   0.8, 0.100
2025-11-12 14:17:33,        0,  29.8,   2.3,  25.0,  0.697, -0.006,  0.000,4018112.1,  1,  22.6,   0.8, 0.100
2025-11-12 14:17:34,        0,  29.8,   2.3,  25.0,  0.662, -0.006,  0.000,4018105.0,  1,  22.6,   0.8, 0.100
2025-11-12 14:17:35,        0,  29.8,   2.3,  25.0,  0.641, -0.007,  0.000,4018098.7,  1,  22.6,   0.8, 0.100
2025-11-12 14:17:36,        0,  29.8,   2.5,  25.0,  0.622, -0.006,  0.000,4018093.3,  1,  22.6,   0.8, 0.100
2025-11-12 14:17:37,        0,  29.8,   2.5,  25.0,  0.597, -0.007,  0.000,4018086.1,  1,  22.6,   0.8, 0.100
2025-11-12 14:17:38,        0,  29.8,   2.5,  25.0,  0.581, -0.006,  0.000,4018080.3,  1,  22.6,   0.8, 0.100
2025-11-12 14:17:39,        0,  29.9,   2.7,  25.0,  0.567, -0.006,  0.000,4018074.0,  1,  22.6,   0.8, 0.100
2025-11-12 14:17:40,        0,  29.8,   2.5,  25.0,  0.546, -0.006,  0.000,4018066.9,  1,  22.5,   0.8, 0.100
2025-11-12 14:17:41,        0,  29.8,   2.5,  25.0,  0.528, -0.006,  0.000,4018061.0,  1,  22.6,   0.8, 0.100
2025-11-12 14:17:42,        0,  29.8,   2.5,  25.0,  0.517, -0.007,  0.000,4018055.1,  1,  22.6,   0.8, 0.100
2025-11-12 14:17:43,        0,  29.8,   2.5,  25.0,  0.507, -0.006,  0.000,4018049.3,  1,  22.6,   0.8, 0.100
2025-11-12 14:17:44,        0,  29.9,   2.7,  25.0,  3.782,  3.250,  0.016,4019724.8,  1,  22.6,   0.8, 0.100
2025-11-12 14:17:45,        0,  29.8,   2.5,  25.0,  3.624,  2.709,  0.012,4022000.5,  1,  22.5,   0.8, 0.100
2025-11-12 14:17:46,        0,  29.5,   1.5,  25.0,  1.181,  0.032,  0.000,4022029.0,  1,  22.6,   0.9, 0.100
2025-11-12 14:17:47,        0,  29.6,   1.8,  25.0,  0.980, -0.001,  0.000,4022029.0,  1,  22.6,   0.8, 0.100
2025-11-12 14:17:48,        0,  29.7,   2.0,  25.0,  0.916, -0.004,  0.000,4022024.8,  1,  22.6,   0.8, 0.100
2025-11-12 14:17:49,        0,  29.7,   2.2,  25.0,  0.844, -0.005,  0.000,4022019.8,  1,  22.6,   0.8, 0.100
2025-11-12 14:17:50,        0,  29.7,   2.0,  25.0,  0.805, -0.006,  0.000,4022014.7,  1,  22.5,   0.8, 0.100
2025-11-12 14:17:51,        0,  29.7,   2.0,  25.0,  0.755, -0.006,  0.000,4022007.6,  1,  22.6,   0.8, 0.100
2025-11-12 14:17:52,        0,  29.7,   2.2,  25.0,  0.725, -0.007,  0.000,4022001.3,  1,  22.6,   0.8, 0.100
2025-11-12 14:17:53,        0,  29.7,   2.2,  25.0,  0.699, -0.006,  0.000,4021995.5,  1,  22.6,   0.8, 0.100
2025-11-12 14:17:54,        0,  29.7,   2.2,  25.0,  0.664, -0.006,  0.000,4021987.9,  1,  22.6,   0.8, 0.100
2025-11-12 14:17:55,        0,  29.7,   2.2,  25.0,  0.644, -0.006,  0.000,4021981.6,  1,  22.5,   0.8, 0.100
2025-11-12 14:17:56,        0,  29.7,   2.2,  25.0,  0.617, -0.006,  0.000,4021976.2,  1,  22.6,   0.8, 0.100
2025-11-12 14:17:57,        0,  29.7,   2.2,  25.0,  0.600, -0.007,  0.000,4021969.9,  1,  22.6,   0.8, 0.100
2025-11-12 14:17:58,        0,  29.7,   2.0,  25.0,  0.578, -0.006,  0.000,4021962.8,  1,  22.6,   0.8, 0.100
2025-11-12 14:17:59,        0,  29.7,   2.2,  25.0,  0.565, -0.006,  0.000,4021956.9,  1,  22.5,   0.8, 0.100
2025-11-12 14:18:00,        0,  29.7,   2.2,  25.0,  0.552, -0.006,  0.000,4021950.6,  1,  22.6,   0.8, 0.100
2025-11-12 14:18:01,        0,  29.8,   2.3,  25.0,  0.533, -0.006,  0.000,4021943.5,  1,  22.5,   0.8, 0.100
2025-11-12 14:18:02,        0,  29.7,   2.2,  25.0,  0.523, -0.006,  0.000,4021938.1,  1,  22.6,   0.8, 0.100
2025-11-12 14:18:03,        0,  29.7,   2.2,  25.0,  0.508, -0.006,  0.000,4021932.2,  1,  22.6,   0.8, 0.100
2025-11-12 14:18:04,        0,  29.7,   2.2,  25.0,  0.497, -0.006,  0.000,4021926.3,  1,  22.5,   0.8, 0.100
2025-11-12 14:18:05,        0,  29.7,   2.2,  25.0,  0.484, -0.006,  0.000,4021919.6,  1,  22.6,   0.8, 0.100
2025-11-12 14:18:06,        0,  29.8,   2.3,  25.0,  0.476, -0.006,  0.000,4021914.2,  1,  22.6,   0.8, 0.100
2025-11-12 14:18:07,        0,  29.7,   2.2,  25.0,  0.468, -0.006,  0.000,4021908.7,  1,  22.5,   0.8, 0.100
2025-11-12 14:18:08,        0,  29.8,   2.3,  25.0,  0.457, -0.005,  0.000,4021902.0,  1,  22.6,   0.8, 0.100
2025-11-12 14:18:09,        0,  29.7,   2.2,  25.0,  0.450, -0.005,  0.000,4021897.0,  1,  22.6,   0.8, 0.100
2025-11-12 14:18:10,        0,  29.8,   2.3,  25.0,  0.439, -0.005,  0.000,4021891.5,  1,  22.6,   0.9, 0.100
2025-11-12 14:18:11,        0,  29.8,   2.3,  25.0,  0.433, -0.005,  0.000,4021885.2,  1,  22.6,   0.9, 0.100
2025-11-12 14:18:12,        0,  29.8,   2.3,  25.0,  0.423, -0.005,  0.000,4021880.2,  1,  22.6,   0.9, 0.100
2025-11-12 14:18:13,        0,  29.8,   2.3,  25.0,  0.418, -0.005,  0.000,4021875.2,  1,  22.6,   0.9, 0.100
2025-11-12 14:18:14,        0,  29.8,   2.5,  25.0,  0.412, -0.005,  0.000,4021870.2,  1,  22.6,   0.9, 0.100
2025-11-12 14:18:15,        0,  29.8,   2.3,  25.0,  0.404, -0.005,  0.000,4021863.9,  1,  22.6,   0.9, 0.100
2025-11-12 14:18:16,        0,  29.8,   2.5,  25.0,  0.399, -0.005,  0.000,4021858.8,  1,  22.6,   0.9, 0.100
2025-11-12 14:18:17,        0,  29.9,   2.7,  25.0,  0.392, -0.005,  0.000,4021853.8,  1,  22.5,   0.9, 0.100
2025-11-12 14:18:18,        0,  29.8,   2.5,  25.0,  0.387, -0.005,  0.000,4021848.4,  1,  22.6,   0.8, 0.100
2025-11-12 14:18:19,        0,  29.8,   2.5,  25.0,  0.380, -0.005,  0.000,4021843.8,  1,  22.6,   0.8, 0.100
2025-11-12 14:18:20,        0,  29.8,   2.3,  25.0,  0.375, -0.005,  0.000,4021839.6,  1,  22.6,   0.9, 0.100
2025-11-12 14:18:21,        0,  29.8,   2.5,  25.0,  0.371, -0.005,  0.000,4021835.0,  1,  22.6,   0.8, 0.100
2025-11-12 14:18:22,        0,  29.8,   2.5,  25.0,  0.366, -0.005,  0.000,4021829.1,  1,  22.5,   0.8, 0.100
2025-11-12 14:18:23,        0,  29.8,   2.3,  25.0,  0.361, -0.005,  0.000,4021824.9,  1,  22.5,   0.8, 0.100
2025-11-12 14:18:24,        0,  29.8,   2.5,  25.0,  2.265,  1.869,  0.009,4022819.4,  1,  22.5,   0.8, 0.100
2025-11-12 14:18:25,        0,  29.8,   2.3,  25.0,  1.366,  0.125,  0.000,4023520.6,  1,  22.5,   0.8, 0.100
2025-11-12 14:18:26,        0,  29.4,   1.3,  25.0,  1.012,  0.003,  0.000,4023525.2,  1,  22.6,   0.8, 0.100
2025-11-12 14:18:27,        0,  29.8,   2.5,  25.0,  0.930, -0.003,  0.000,4023523.5,  1,  22.6,   0.8, 0.100
2025-11-12 14:18:28,        0,  29.8,   2.5,  25.0,  0.873, -0.005,  0.000,4023518.9,  1,  22.6,   0.8, 0.100
2025-11-12 14:18:29,        0,  29.8,   2.3,  25.0,  0.806, -0.005,  0.000,4023513.4,  1,  22.6,   0.8, 0.100
2025-11-12 14:18:30,        0,  29.8,   2.3,  25.0,  0.769, -0.005,  0.000,4023508.0,  1,  22.5,   0.8, 0.100
2025-11-12 14:18:31,        0,  29.8,   2.3,  25.0,  0.720, -0.006,  0.000,4023502.5,  1,  22.5,   0.8, 0.100
2025-11-12 14:18:32,        0,  29.8,   2.5,  25.0,  0.694, -0.006,  0.000,4023495.0,  1,  22.5,   0.8, 0.100
2025-11-12 14:18:33,        0,  29.8,   2.3,  25.0,  0.658, -0.006,  0.000,4023489.5,  1,  22.5,   0.8, 0.100
2025-11-12 14:18:34,        0,  29.8,   2.5,  25.0,  0.636, -0.006,  0.000,4023483.7,  1,  22.5,   0.8, 0.100
2025-11-12 14:18:35,        0,  29.8,   2.3,  25.0,  0.607, -0.006,  0.000,4023476.6,  1,  22.5,   0.8, 0.100
2025-11-12 14:18:36,        0,  29.8,   2.3,  25.0,  0.590, -0.006,  0.000,4023470.7,  1,  22.5,   0.8, 0.100
2025-11-12 14:18:37,        0,  29.8,   2.5,  25.0,  0.575, -0.006,  0.000,4023464.8,  1,  22.5,   0.8, 0.100
2025-11-12 14:18:38,        0,  29.9,   2.7,  25.0,  0.552, -0.006,  0.000,4023458.9,  1,  22.6,   0.8, 0.100
2025-11-12 14:18:39,        0,  29.8,   2.3,  25.0,  0.539, -0.006,  0.000,4023451.8,  1,  22.5,   0.8, 0.100
2025-11-12 14:18:40,        0,  29.8,   2.3,  25.0,  0.521, -0.006,  0.000,4023446.0,  1,  22.5,   0.9, 0.100
2025-11-12 14:18:41,        0,  29.9,   2.7,  25.0,  0.510, -0.006,  0.000,4023440.9,  1,  22.6,   0.9, 0.100
2025-11-12 14:18:42,        0,  29.8,   2.5,  25.0,  0.494, -0.006,  0.000,4023434.2,  1,  22.5,   0.9, 0.100
2025-11-12 14:18:43,        0,  29.8,   2.5,  25.0,  0.484, -0.006,  0.000,4023428.8,  1,  22.6,   0.9, 0.100
2025-11-12 14:18:44,        0,  29.8,   2.3,  25.0,  0.474, -0.006,  0.000,4023423.3,  1,  22.5,   0.9, 0.100
2025-11-12 14:18:45,        0,  29.9,   2.7,  25.0,  0.461, -0.006,  0.000,4023417.5,  1,  22.6,   0.9, 0.100
2025-11-12 14:18:46,        0,  29.8,   2.5,  25.0,  3.320,  2.336,  0.010,4025593.0,  1,  22.6,   0.9, 0.100
2025-11-12 14:18:47,        0,  29.8,   2.4,  25.0,  1.107,  0.016,  0.000,4025631.1,  1,  22.6,   0.9, 0.100
2025-11-12 14:18:48,        0,  29.8,   2.3,  25.0,  0.983,  0.001,  0.000,4025632.8,  1,  22.6,   0.9, 0.100
2025-11-12 14:18:49,        0,  29.8,   2.3,  25.0,  0.883, -0.005,  0.000,4025628.6,  1,  22.6,   0.8, 0.100
2025-11-12 14:18:50,        0,  29.8,   2.3,  25.0,  0.838, -0.005,  0.000,4025623.2,  1,  22.5,   0.8, 0.100
2025-11-12 14:18:51,        0,  29.8,   2.3,  25.0,  0.800, -0.006,  0.000,4025618.1,  1,  22.5,   0.9, 0.100
2025-11-12 14:18:52,        0,  29.8,   2.5,  25.0,  0.746, -0.006,  0.000,4025612.3,  1,  22.6,   0.8, 0.100
2025-11-12 14:18:53,        0,  29.8,   2.3,  25.0,  0.716, -0.006,  0.000,4025605.6,  1,  22.5,   0.8, 0.100
2025-11-12 14:18:54,        0,  29.8,   2.5,  25.0,  0.677, -0.007,  0.000,4025599.7,  1,  22.5,   0.8, 0.100
2025-11-12 14:18:55,        0,  29.8,   2.3,  25.0,  0.654, -0.006,  0.000,4025593.4,  1,  22.6,   0.8, 0.100
2025-11-12 14:18:56,        0,  29.8,   2.5,  25.0,  0.624, -0.006,  0.000,4025586.3,  1,  22.6,   0.8, 0.100
2025-11-12 14:18:57,        0,  29.8,   2.5,  25.0,  0.606, -0.006,  0.000,4025580.4,  1,  22.6,   0.9, 0.100
2025-11-12 14:18:58,        0,  29.8,   2.5,  25.0,  0.589, -0.006,  0.000,4025574.1,  1,  22.5,   0.8, 0.100
2025-11-12 14:18:59,        0,  29.8,   2.5,  25.0,  0.565, -0.006,  0.000,4025567.8,  1,  22.5,   0.9, 0.100
2025-11-12 14:19:00,        0,  29.8,   2.5,  25.0,  0.552, -0.006,  0.000,4025561.1,  1,  22.5,   0.9, 0.100
2025-11-12 14:19:01,        0,  29.8,   2.5,  25.0,  0.532, -0.006,  0.000,4025555.7,  1,  22.5,   0.9, 0.100
2025-11-12 14:19:02,        0,  29.8,   2.5,  25.0,  0.521, -0.006,  0.000,4025549.8,  1,  22.5,   0.9, 0.100
2025-11-12 14:19:03,        0,  29.8,   2.5,  25.0,  0.504, -0.007,  0.000,4025543.1,  1,  22.5,   0.9, 0.100
2025-11-12 14:19:04,        0,  29.8,   2.5,  25.0,  0.494, -0.006,  0.000,4025537.7,  1,  22.5,   0.9, 0.100
2025-11-12 14:19:05,        0,  29.8,   2.3,  25.0,  0.484, -0.006,  0.000,4025531.8,  1,  22.6,   0.9, 0.100
2025-11-12 14:19:06,        0,  29.8,   2.5,  25.0,  0.475, -0.006,  0.000,4025526.3,  1,  22.5,   0.9, 0.100
2025-11-12 14:19:07,        0,  29.9,   2.7,  25.0,  0.462, -0.005,  0.000,4025520.5,  1,  22.5,   0.9, 0.100
2025-11-12 14:19:08,        0,  29.8,   2.5,  25.0,  4.975,  4.377,  0.022,4028095.4,  1,  22.6,   0.9, 0.100
2025-11-12 14:19:09,        0,  29.8,   2.5,  25.0,  1.496,  0.230,  0.000,4029395.4,  1,  22.5,   0.9, 0.100
2025-11-12 14:19:10,        0,  29.5,   1.6,  25.0,  1.026,  0.003,  0.000,4029410.5,  1,  22.5,   0.9, 0.100
2025-11-12 14:19:11,        0,  29.7,   2.2,  25.0,  0.942, -0.003,  0.000,4029408.8,  1,  22.5,   0.9, 0.100
2025-11-12 14:19:12,        0,  29.7,   2.0,  25.0,  0.886, -0.005,  0.000,4029404.2,  1,  22.5,   0.9, 0.100
2025-11-12 14:19:13,        0,  29.7,   2.0,  25.0,  0.821, -0.006,  0.000,4029397.5,  1,  22.6,   0.9, 0.100
2025-11-12 14:19:14,        0,  29.7,   2.0,  25.0,  0.783, -0.006,  0.000,4029391.7,  1,  22.6,   1.0, 0.100
2025-11-12 14:19:15,        0,  29.7,   2.2,  25.0,  0.750, -0.006,  0.000,4029386.2,  1,  22.6,   1.0, 0.100
2025-11-12 14:19:16,        0,  29.7,   2.2,  25.0,  0.707, -0.006,  0.000,4029380.3,  1,  22.5,   1.0, 0.100
2025-11-12 14:19:17,        0,  29.7,   2.0,  25.0,  0.671, -0.007,  0.000,4029373.2,  1,  22.6,   1.0, 0.100
2025-11-12 14:19:18,        0,  29.7,   2.2,  25.0,  0.649, -0.006,  0.000,4029367.4,  1,  22.5,   1.0, 0.100
2025-11-12 14:19:19,        0,  29.7,   2.0,  25.0,  0.629, -0.007,  0.000,4029361.1,  1,  22.5,   1.0, 0.100
2025-11-12 14:19:20,        0,  29.7,   2.0,  25.0,  0.603, -0.006,  0.000,4029353.9,  1,  22.6,   1.0, 0.100
2025-11-12 14:19:21,        0,  29.6,   1.8,  25.0,  0.587, -0.007,  0.000,4029348.1,  1,  22.5,   1.0, 0.100
2025-11-12 14:19:22,        0,  29.7,   2.2,  25.0,  0.572, -0.006,  0.000,4029342.2,  1,  22.5,   1.0, 0.100
2025-11-12 14:19:23,        0,  29.7,   2.2,  25.0,  0.551, -0.006,  0.000,4029336.3,  1,  22.6,   1.0, 0.100
2025-11-12 14:19:24,        0,  29.7,   2.2,  25.0,  0.532, -0.006,  0.000,4029329.6,  1,  22.5,   1.0, 0.100
2025-11-12 14:19:25,        0,  29.7,   2.2,  25.0,  0.520, -0.006,  0.000,4029324.2,  1,  22.5,   1.0, 0.100
2025-11-12 14:19:26,        0,  29.7,   2.2,  25.0,  0.509, -0.006,  0.000,4029318.3,  1,  22.6,   1.0, 0.100
2025-11-12 14:19:27,        0,  29.7,   2.0,  25.0,  0.494, -0.006,  0.000,4029311.6,  1,  22.5,   1.0, 0.100
2025-11-12 14:19:28,        0,  29.7,   2.2,  25.0,  0.484, -0.006,  0.000,4029306.6,  1,  22.6,   1.0, 0.100
2025-11-12 14:19:29,        0,  29.7,   2.2,  25.0,  0.476, -0.006,  0.000,4029301.1,  1,  22.6,   1.0, 0.100
2025-11-12 14:19:30,        0,  29.8,   2.3,  25.0,  0.462, -0.006,  0.000,4029295.3,  1,  22.6,   1.1, 0.100
2025-11-12 14:19:31,        0,  29.8,   2.3,  25.0,  0.455, -0.005,  0.000,4029289.4,  1,  22.6,   1.0, 0.100
2025-11-12 14:19:32,        0,  29.8,   2.3,  25.0,  0.443, -0.005,  0.000,4029284.0,  1,  22.6,   1.0, 0.100
2025-11-12 14:19:33,        0,  29.8,   2.3,  25.0,  0.436, -0.005,  0.000,4029278.9,  1,  22.6,   1.0, 0.100
2025-11-12 14:19:34,        0,  29.7,   2.2,  25.0,  0.426, -0.005,  0.000,4029273.1,  1,  22.5,   1.0, 0.100
2025-11-12 14:19:35,        0,  29.7,   2.2,  24.9,  0.420, -0.005,  0.000,4029267.6,  1,  22.6,   1.0, 0.100
2025-11-12 14:19:36,        0,  29.8,   2.3,  25.0,  0.414, -0.006,  0.000,4029263.0,  1,  22.6,   1.0, 0.100
2025-11-12 14:19:37,        0,  29.8,   2.5,  25.0,  0.404, -0.005,  0.000,4029257.1,  1,  22.5,   1.0, 0.100
2025-11-12 14:19:38,        0,  29.8,   2.3,  25.0,  0.399, -0.005,  0.000,4029252.5,  1,  22.6,   1.0, 0.100
2025-11-12 14:19:39,        0,  29.7,   2.2,  25.0,  0.390, -0.005,  0.000,4029247.5,  1,  22.6,   1.0, 0.100
2025-11-12 14:19:40,        0,  29.8,   2.3,  25.0,  0.386, -0.004,  0.000,4029242.9,  1,  22.6,   1.0, 0.100
2025-11-12 14:19:41,        0,  29.8,   2.3,  24.9,  0.381, -0.005,  0.000,4029238.3,  1,  22.6,   1.0, 0.100
2025-11-12 14:19:42,        0,  29.8,   2.3,  25.0,  0.374, -0.005,  0.000,4029232.4,  1,  22.6,   1.0, 0.100
2025-11-12 14:19:43,        0,  29.8,   2.5,  25.0,  0.369, -0.005,  0.000,4029228.2,  1,  22.6,   1.0, 0.100
2025-11-12 14:19:44,        0,  29.8,   2.5,  25.0,  0.363, -0.005,  0.000,4029224.0,  1,  22.5,   1.0, 0.100
2025-11-12 14:19:45,        0,  29.8,   2.5,  25.0,  0.356, -0.005,  0.000,4029218.6,  1,  22.6,   0.9, 0.100
2025-11-12 14:19:46,        0,  29.8,   2.5,  25.0,  0.353, -0.004,  0.000,4029214.4,  1,  22.6,   1.0, 0.100
2025-11-12 14:19:47,        0,  29.8,   2.5,  25.0,  0.348, -0.005,  0.000,4029209.8,  1,  22.5,   0.9, 0.100
2025-11-12 14:19:48,        0,  29.8,   2.3,  25.0,  0.344, -0.005,  0.000,4029204.3,  1,  22.6,   0.9, 0.100
2025-11-12 14:19:49,        0,  29.8,   2.3,  24.9,  0.340, -0.005,  0.000,4029200.6,  1,  22.6,   0.9, 0.100
2025-11-12 14:19:50,        0,  29.8,   2.3,  25.0,  0.336, -0.005,  0.000,4029195.9,  1,  22.6,   0.9, 0.100
2025-11-12 14:19:51,        0,  29.8,   2.5,  25.0,  0.331, -0.004,  0.000,4029192.2,  1,  22.5,   0.9, 0.100
2025-11-12 14:19:52,        0,  29.8,   2.5,  25.0,  0.328, -0.004,  0.000,4029186.7,  1,  22.5,   0.9, 0.100
2025-11-12 14:19:53,        0,  29.8,   2.3,  25.0,  0.322, -0.004,  0.000,4029183.0,  1,  22.6,   0.9, 0.100
2025-11-12 14:19:54,        0,  29.8,   2.5,  25.0,  0.320, -0.004,  0.000,4029178.8,  1,  22.6,   0.9, 0.100
2025-11-12 14:19:55,        0,  29.8,   2.5,  25.0,  0.315, -0.004,  0.000,4029174.1,  1,  22.6,   0.9, 0.100
2025-11-12 14:19:56,        0,  29.8,   2.5,  25.0,  0.313, -0.005,  0.000,4029170.0,  1,  22.5,   0.9, 0.100
2025-11-12 14:19:57,        0,  29.8,   2.5,  25.0,  0.310, -0.004,  0.000,4029166.2,  1,  22.6,   0.9, 0.100
2025-11-12 14:19:58,        0,  29.9,   2.7,  25.0,  0.305, -0.004,  0.000,4029162.4,  1,  22.6,   0.9, 0.100
2025-11-12 14:19:59,        0,  29.9,   2.7,  25.0,  2.910,  2.176,  0.009,4030059.3,  1,  22.6,   0.9, 0.100
2025-11-12 14:20:00,        0,  29.9,   2.7,  24.9,  4.976,  4.376,  0.022,4033675.7,  1,  22.6,   0.9, 0.100
2025-11-12 14:20:01,        0,  29.2,   0.6,  24.9,  2.582,  1.445,  0.005,4035578.8,  1,  22.6,   0.9, 0.100
2025-11-12 14:20:02,        0,  29.6,   1.8,  25.0,  1.147,  0.023,  0.000,4035601.0,  1,  22.5,   0.9, 0.100
2025-11-12 14:20:03,        0,  29.6,   1.8,  25.0,  0.968, -0.001,  0.000,4035600.1,  1,  22.6,   0.8, 0.100
2025-11-12 14:20:04,        0,  29.5,   1.6,  25.0,  0.908, -0.005,  0.000,4035595.9,  1,  22.6,   0.9, 0.100
2025-11-12 14:20:05,        0,  29.5,   1.6,  25.0,  0.839, -0.005,  0.000,4035590.5,  1,  22.6,   0.8, 0.100
2025-11-12 14:20:06,        0,  29.5,   1.6,  25.0,  0.802, -0.007,  0.000,4035583.0,  1,  22.6,   0.8, 0.100
2025-11-12 14:20:07,        0,  29.5,   1.6,  25.0,  0.754, -0.006,  0.000,4035577.5,  1,  22.5,   0.8, 0.100
2025-11-12 14:20:08,        0,  29.5,   1.6,  25.0,  0.726, -0.006,  0.000,4035571.2,  1,  22.5,   0.8, 0.100
2025-11-12 14:20:09,        0,  29.5,   1.6,  25.0,  0.688, -0.006,  0.000,4035564.1,  1,  22.6,   0.8, 0.100
2025-11-12 14:20:10,        0,  29.6,   1.7,  25.0,  0.664, -0.007,  0.000,4035557.8,  1,  22.6,   0.8, 0.100
2025-11-12 14:20:11,        0,  29.6,   1.7,  25.0,  0.644, -0.006,  0.000,4035551.5,  1,  22.6,   0.8, 0.100
2025-11-12 14:20:12,        0,  29.5,   1.6,  25.0,  0.616, -0.006,  0.000,4035545.2,  1,  22.6,   0.8, 0.100
2025-11-12 14:20:13,        0,  29.5,   1.6,  25.0,  0.598, -0.006,  0.000,4035538.1,  1,  22.6,   0.9, 0.100
2025-11-12 14:20:14,        0,  29.5,   1.6,  25.0,  0.576, -0.006,  0.000,4035532.7,  1,  22.6,   0.9, 0.100
2025-11-12 14:20:15,        0,  29.5,   1.5,  25.0,  0.561, -0.006,  0.000,4035526.4,  1,  22.6,   0.9, 0.100
2025-11-12 14:20:16,        0,  29.5,   1.6,  25.0,  0.541, -0.006,  0.000,4035519.2,  1,  22.6,   0.9, 0.100
2025-11-12 14:20:17,        0,  29.5,   1.6,  25.0,  0.529, -0.006,  0.000,4035513.0,  1,  22.6,   0.9, 0.100
2025-11-12 14:20:18,        0,  29.6,   1.8,  25.0,  0.517, -0.006,  0.000,4035507.5,  1,  22.6,   0.9, 0.100
2025-11-12 14:20:19,        0,  29.6,   1.8,  25.0,  0.501, -0.006,  0.000,4035502.5,  1,  22.6,   0.9, 0.100
2025-11-12 14:20:20,        0,  29.5,   1.6,  25.0,  0.491, -0.006,  0.000,4035495.4,  1,  22.6,   0.9, 0.100
2025-11-12 14:20:21,        0,  29.6,   1.8,  24.9,  0.477, -0.006,  0.000,4035489.9,  1,  22.6,   0.9, 0.100
2025-11-12 14:20:22,        0,  29.6,   1.8,  25.0,  0.468, -0.006,  0.000,4035484.5,  1,  22.6,   0.9, 0.100
2025-11-12 14:20:23,        0,  29.5,   1.6,  25.0,  0.455, -0.005,  0.000,4035478.2,  1,  22.6,   0.9, 0.100
2025-11-12 14:20:24,        0,  29.6,   1.8,  25.0,  0.447, -0.006,  0.000,4035472.7,  1,  22.6,   0.9, 0.100
2025-11-12 14:20:25,        0,  29.6,   1.8,  25.0,  0.440, -0.005,  0.000,4035468.1,  1,  22.6,   0.9, 0.100
2025-11-12 14:20:26,        0,  29.6,   1.8,  24.9,  0.429, -0.005,  0.000,4035462.7,  1,  22.6,   0.9, 0.100
2025-11-12 14:20:27,        0,  29.5,   1.6,  25.0,  0.422, -0.006,  0.000,4035456.8,  1,  22.6,   1.0, 0.100
2025-11-12 14:20:28,        0,  29.7,   2.0,  25.0,  0.412, -0.005,  0.000,4035451.8,  1,  22.6,   1.0, 0.100
2025-11-12 14:20:29,        0,  29.6,   1.8,  25.0,  0.406, -0.005,  0.000,4035447.2,  1,  22.6,   1.0, 0.100
2025-11-12 14:20:30,        0,  29.5,   1.6,  25.0,  0.397, -0.005,  0.000,4035441.3,  1,  22.6,   1.0, 0.100
2025-11-12 14:20:31,        0,  29.7,   2.0,  25.0,  0.392, -0.005,  0.000,4035436.7,  1,  22.6,   1.0, 0.100
2025-11-12 14:20:32,        0,  29.6,   1.8,  25.0,  0.386, -0.005,  0.000,4035431.2,  1,  22.6,   1.0, 0.100
2025-11-12 14:20:33,        0,  29.6,   1.8,  25.0,  0.378, -0.005,  0.000,4035426.2,  1,  22.6,   1.0, 0.100
2025-11-12 14:20:34,        0,  29.6,   1.8,  25.0,  0.373, -0.005,  0.000,4035421.2,  1,  22.6,   1.0, 0.100
2025-11-12 14:20:35,        0,  29.6,   1.8,  24.9,  0.366, -0.005,  0.000,4035417.0,  1,  22.6,   1.0, 0.100
2025-11-12 14:20:36,        0,  29.7,   2.0,  25.0,  0.361, -0.004,  0.000,4035412.8,  1,  22.6,   1.0, 0.100
2025-11-12 14:20:37,        0,  29.7,   2.0,  25.0,  0.355, -0.005,  0.000,4035407.4,  1,  22.6,   1.0, 0.100
2025-11-12 14:20:38,        0,  29.7,   2.2,  25.0,  0.351, -0.004,  0.000,4035403.2,  1,  22.6,   1.0, 0.100
2025-11-12 14:20:39,        0,  29.7,   2.0,  25.0,  0.347, -0.005,  0.000,4035399.4,  1,  22.6,   1.0, 0.100
2025-11-12 14:20:40,        0,  29.7,   2.0,  25.0,  0.340, -0.005,  0.000,4035394.4,  1,  22.6,   1.0, 0.100
2025-11-12 14:20:41,        0,  29.5,   1.6,  25.0,  0.337, -0.005,  0.000,4035389.7,  1,  22.6,   1.0, 0.100
2025-11-12 14:20:42,        0,  29.7,   2.0,  25.0,  0.331, -0.005,  0.000,4035385.6,  1,  22.6,   1.0, 0.100
2025-11-12 14:20:43,        0,  29.6,   1.8,  25.0,  0.328, -0.004,  0.000,4035381.4,  1,  22.6,   1.0, 0.100
2025-11-12 14:20:44,        0,  29.7,   2.0,  25.0,  0.322, -0.005,  0.000,4035376.8,  1,  22.6,   1.0, 0.100
2025-11-12 14:20:45,        0,  29.7,   2.0,  25.0,  0.319, -0.004,  0.000,4035372.1,  1,  22.6,   1.0, 0.100
2025-11-12 14:20:46,        0,  29.7,   2.0,  25.0,  0.316, -0.004,  0.000,4035368.4,  1,  22.6,   1.0, 0.100
2025-11-12 14:20:47,        0,  29.7,   2.0,  25.0,  0.311, -0.005,  0.000,4035363.8,  1,  22.6,   1.0, 0.100
2025-11-12 14:20:48,        0,  29.7,   2.0,  25.0,  0.308, -0.004,  0.000,4035360.0,  1,  22.6,   0.9, 0.100
2025-11-12 14:20:49,        0,  29.7,   2.0,  25.0,  0.303, -0.003,  0.000,4035356.2,  1,  22.6,   0.9, 0.100
2025-11-12 14:20:50,        0,  29.7,   2.0,  24.9,  0.300, -0.004,  0.000,4035351.2,  1,  22.6,   0.9, 0.100
2025-11-12 14:20:51,        0,  29.7,   2.0,  25.0,  0.296, -0.004,  0.000,4035347.4,  1,  22.6,   0.9, 0.100
2025-11-12 14:20:52,        0,  29.7,   2.2,  25.0,  0.294, -0.004,  0.000,4035343.6,  1,  22.6,   0.9, 0.100
2025-11-12 14:20:53,        0,  29.7,   2.2,  25.0,  0.291, -0.004,  0.000,4035340.3,  1,  22.6,   0.9, 0.100
2025-11-12 14:20:54,        0,  29.7,   2.2,  25.0,  0.288, -0.004,  0.000,4035335.7,  1,  22.6,   0.8, 0.100
2025-11-12 14:20:55,        0,  29.7,   2.2,  25.0,  0.285, -0.004,  0.000,4035332.3,  1,  22.6,   0.8, 0.100
2025-11-12 14:20:56,        0,  29.7,   2.0,  24.9,  0.282, -0.004,  0.000,4035328.6,  1,  22.6,   0.8, 0.100
2025-11-12 14:20:57,        0,  29.7,   2.2,  25.0,  0.280, -0.004,  0.000,4035324.4,  1,  22.6,   0.8, 0.100
2025-11-12 14:20:58,        0,  29.7,   2.0,  25.0,  0.276, -0.004,  0.000,4035320.2,  1,  22.6,   0.8, 0.100
2025-11-12 14:20:59,        0,  29.7,   2.0,  25.0,  0.274, -0.004,  0.000,4035316.8,  1,  22.6,   0.8, 0.100
2025-11-12 14:21:00,        0,  29.7,   2.2,  25.0,  0.272, -0.003,  0.000,4035313.5,  1,  22.6,   0.8, 0.100
2025-11-12 14:21:01,        0,  29.7,   2.2,  24.9,  0.268, -0.003,  0.000,4035309.3,  1,  22.6,   0.8, 0.100
2025-11-12 14:21:02,        0,  29.7,   2.2,  25.0,  0.266, -0.003,  0.000,4035305.9,  1,  22.6,   0.8, 0.100
2025-11-12 14:21:03,        0,  29.7,   2.2,  25.0,  0.263, -0.004,  0.000,4035302.6,  1,  22.6,   0.8, 0.100
2025-11-12 14:21:04,        0,  29.7,   2.2,  25.0,  0.261, -0.003,  0.000,4035298.4,  1,  22.5,   0.8, 0.100
2025-11-12 14:21:05,        0,  29.7,   2.2,  25.0,  0.258, -0.003,  0.000,4035295.5,  1,  22.6,   0.8, 0.100
2025-11-12 14:21:06,        0,  29.7,   2.2,  25.0,  0.256, -0.003,  0.000,4035292.1,  1,  22.6,   0.8, 0.100
2025-11-12 14:21:07,        0,  29.7,   2.2,  25.0,  0.254, -0.003,  0.000,4035288.7,  1,  22.6,   0.8, 0.100
2025-11-12 14:21:08,        0,  29.8,   2.3,  25.0,  0.251, -0.003,  0.000,4035285.0,  1,  22.6,   0.8, 0.100
2025-11-12 14:21:09,        0,  29.7,   2.0,  25.0,  0.249, -0.003,  0.000,4035281.6,  1,  22.6,   0.8, 0.100
2025-11-12 14:21:10,        0,  29.7,   2.2,  25.0,  0.248, -0.003,  0.000,4035278.3,  1,  22.6,   0.8, 0.100
2025-11-12 14:21:11,        0,  29.7,   2.2,  24.9,  0.245, -0.003,  0.000,4035274.9,  1,  22.5,   0.8, 0.100
2025-11-12 14:21:12,        0,  29.8,   2.3,  25.0,  0.243, -0.003,  0.000,4035271.6,  1,  22.5,   0.8, 0.100
2025-11-12 14:21:13,        0,  29.7,   2.0,  24.9,  0.242, -0.003,  0.000,4035268.2,  1,  22.6,   0.8, 0.100
2025-11-12 14:21:14,        0,  29.8,   2.3,  24.9,  0.240, -0.003,  0.000,4035265.3,  1,  22.6,   0.8, 0.100
2025-11-12 14:21:15,        0,  29.8,   2.3,  25.0,  0.238, -0.003,  0.000,4035261.1,  1,  22.6,   0.8, 0.100
2025-11-12 14:21:16,        0,  29.8,   2.3,  25.0,  0.236, -0.003,  0.000,4035258.2,  1,  22.6,   0.8, 0.100
2025-11-12 14:21:17,        0,  29.8,   2.3,  25.0,  0.235, -0.003,  0.000,4035255.6,  1,  22.6,   0.8, 0.100
2025-11-12 14:21:18,        0,  29.7,   2.2,  25.0,  0.233, -0.003,  0.000,4035252.3,  1,  22.6,   0.8, 0.100
2025-11-12 14:21:19,        0,  29.8,   2.3,  25.0,  0.231, -0.003,  0.000,4035249.4,  1,  22.6,   0.8, 0.100
2025-11-12 14:21:20,        0,  29.8,   2.3,  24.9,  0.229, -0.003,  0.000,4035246.0,  1,  22.6,   0.8, 0.100
2025-11-12 14:21:21,        0,  29.8,   2.3,  25.0,  0.227, -0.003,  0.000,4035243.1,  1,  22.6,   0.8, 0.100
2025-11-12 14:21:22,        0,  29.8,   2.3,  25.0,  0.226, -0.003,  0.000,4035239.7,  1,  22.6,   0.8, 0.100
2025-11-12 14:21:23,        0,  29.8,   2.3,  25.0,  0.225, -0.003,  0.000,4035236.8,  1,  22.6,   0.8, 0.100
2025-11-12 14:21:24,        0,  29.8,   2.5,  25.0,  0.224, -0.003,  0.000,4035233.8,  1,  22.6,   0.8, 0.100
2025-11-12 14:21:25,        0,  29.8,   2.3,  25.0,  0.222, -0.003,  0.000,4035230.5,  1,  22.6,   0.8, 0.100
2025-11-12 14:21:26,        0,  29.8,   2.3,  24.9,  0.221, -0.003,  0.000,4035228.0,  1,  22.6,   0.8, 0.100
2025-11-12 14:21:27,        0,  29.8,   2.3,  24.9,  0.220, -0.003,  0.000,4035225.0,  1,  22.6,   0.8, 0.100
2025-11-12 14:21:28,        0,  29.8,   2.5,  24.9,  0.218, -0.003,  0.000,4035222.1,  1,  22.6,   0.8, 0.100
2025-11-12 14:21:29,        0,  29.8,   2.5,  25.0,  0.217, -0.003,  0.000,4035218.8,  1,  22.6,   0.8, 0.100
2025-11-12 14:21:30,        0,  29.8,   2.5,  25.0,  0.216, -0.003,  0.000,4035215.4,  1,  22.6,   0.8, 0.100
2025-11-12 14:21:31,        0,  29.8,   2.3,  25.0,  0.214, -0.003,  0.000,4035212.5,  1,  22.6,   0.8, 0.100
2025-11-12 14:21:32,        0,  29.8,   2.3,  24.9,  0.214, -0.003,  0.000,4035209.5,  1,  22.6,   0.8, 0.100
2025-11-12 14:21:33,        0,  29.9,   2.7,  24.9,  0.212, -0.003,  0.000,4035206.6,  1,  22.6,   0.8, 0.100
2025-11-12 14:21:34,        0,  29.8,   2.5,  25.0,  0.211, -0.003,  0.000,4035204.1,  1,  22.5,   0.8, 0.100
2025-11-12 14:21:35,        0,  29.8,   2.5,  25.0,  0.210, -0.003,  0.000,4035201.2,  1,  22.5,   0.8, 0.100
2025-11-12 14:21:36,        0,  29.8,   2.5,  25.0,  0.209, -0.003,  0.000,4035198.2,  1,  22.6,   0.8, 0.100
2025-11-12 14:21:37,        0,  29.8,   2.5,  25.0,  0.208, -0.003,  0.000,4035195.3,  1,  22.6,   0.8, 0.100
2025-11-12 14:21:38,        0,  29.8,   2.5,  24.9,  0.207, -0.003,  0.000,4035192.4,  1,  22.6,   0.8, 0.100
2025-11-12 14:21:39,        0,  29.8,   2.5,  25.0,  0.206, -0.003,  0.000,4035189.0,  1,  22.6,   0.8, 0.100
2025-11-12 14:21:40,        0,  29.8,   2.3,  25.0,  0.205, -0.003,  0.000,4035186.9,  1,  22.6,   0.8, 0.100
2025-11-12 14:21:41,        0,  29.8,   2.5,  25.0,  0.204, -0.003,  0.000,4035184.0,  1,  22.6,   0.8, 0.100
2025-11-12 14:21:42,        0,  29.8,   2.5,  25.0,  0.203, -0.003,  0.000,4035180.6,  1,  22.5,   0.8, 0.100
2025-11-12 14:21:43,        0,  29.8,   2.5,  25.0,  0.202, -0.003,  0.000,4035178.1,  1,  22.5,   0.8, 0.100
2025-11-12 14:21:44,        0,  29.8,   2.5,  25.0,  0.201, -0.003,  0.000,4035175.6,  1,  22.6,   0.8, 0.100
2025-11-12 14:21:45,        0,  29.8,   2.5,  25.0,  0.200, -0.003,  0.000,4035173.1,  1,  22.6,   0.8, 0.100
2025-11-12 14:21:46,        0,  29.9,   2.7,  24.9,  0.199, -0.003,  0.000,4035169.3,  1,  22.6,   0.8, 0.100
2025-11-12 14:21:47,        0,  29.9,   2.7,  24.9,  0.199, -0.003,  0.000,4035166.8,  1,  22.6,   0.8, 0.100
2025-11-12 14:21:48,        0,  29.8,   2.5,  25.0,  1.595,  0.314,  0.001,4036288.3,  1,  22.5,   0.8, 0.100
2025-11-12 14:21:49,        0,  29.8,   2.3,  25.0,  1.107,  0.013,  0.000,4036306.3,  1,  22.6,   0.8, 0.100
2025-11-12 14:21:50,        0,  29.8,   2.5,  25.0,  0.944, -0.002,  0.000,4036305.9,  1,  22.6,   0.8, 0.100
2025-11-12 14:21:51,        0,  29.8,   2.5,  25.0,  0.880, -0.004,  0.000,4036302.1,  1,  22.6,   0.8, 0.100
2025-11-12 14:21:52,        0,  29.8,   2.5,  25.0,  0.808, -0.005,  0.000,4036296.7,  1,  22.5,   0.8, 0.100
2025-11-12 14:21:53,        0,  29.8,   2.5,  25.0,  0.769, -0.005,  0.000,4036291.2,  1,  22.5,   0.8, 0.100
2025-11-12 14:21:54,        0,  29.8,   2.3,  24.9,  0.734, -0.005,  0.000,4036286.2,  1,  22.6,   0.8, 0.100
2025-11-12 14:21:55,        0,  29.8,   2.3,  24.9,  0.690, -0.006,  0.000,4036280.7,  1,  22.5,   0.8, 0.100
2025-11-12 14:21:56,        0,  29.8,   2.5,  24.9,  0.665, -0.006,  0.000,4036273.2,  1,  22.5,   0.8, 0.100
2025-11-12 14:21:57,        0,  29.9,   2.7,  24.9,  0.631, -0.006,  0.000,4036267.8,  1,  22.5,   0.8, 0.100
2025-11-12 14:21:58,        0,  29.8,   2.3,  24.9,  0.611, -0.006,  0.000,4036261.9,  1,  22.6,   0.8, 0.100
2025-11-12 14:21:59,        0,  29.8,   2.5,  24.9,  0.593, -0.006,  0.000,4036256.0,  1,  22.5,   0.8, 0.100
2025-11-12 14:22:00,        0,  29.8,   2.5,  25.0,  0.567, -0.006,  0.000,4036249.3,  1,  22.5,   0.8, 0.100
2025-11-12 14:22:01,        0,  29.8,   2.5,  25.0,  0.552, -0.006,  0.000,4036243.4,  1,  22.5,   0.8, 0.100
2025-11-12 14:22:02,        0,  29.8,   2.5,  24.9,  0.530, -0.006,  0.000,4036238.0,  1,  22.5,   0.8, 0.100
2025-11-12 14:22:03,        0,  29.8,   2.5,  25.0,  0.518, -0.006,  0.000,4036230.9,  1,  22.5,   0.8, 0.100
2025-11-12 14:22:04,        0,  29.8,   2.5,  24.9,  0.499, -0.005,  0.000,4036226.3,  1,  22.5,   0.9, 0.100
2025-11-12 14:22:05,        0,  29.8,   2.5,  24.9,  0.488, -0.006,  0.000,4036221.2,  1,  22.5,   0.8, 0.100
2025-11-12 14:22:06,        0,  29.8,   2.5,  24.9,  0.472, -0.005,  0.000,4036214.9,  1,  22.6,   0.8, 0.100
2025-11-12 14:22:07,        0,  29.8,   2.5,  25.0,  0.462, -0.005,  0.000,4036209.5,  1,  22.5,   0.9, 0.100
2025-11-12 14:22:08,        0,  29.8,   2.5,  25.0,  0.453, -0.005,  0.000,4036204.5,  1,  22.6,   0.8, 0.100
