Time, Cnts,  %T, set_Cell[mA], Cell[°C], Cell[Volt], Cell[mA], Cell[W], Cell[uAs], Cell_ON, Env[°C], TEC[°C], N2Flow[slpm]
2025-11-04 14:55:38,        0,  29.6,   1.9,  24.3,  0.200, -0.003,  0.000,     -1.7,  1,  21.4,   0.8, 0.100
2025-11-04 14:55:39,        0,  29.6,   1.9,  24.3,  0.198, -0.003,  0.000,     -4.3,  1,  21.5,   0.8, 0.100
2025-11-04 14:55:40,        0,  29.6,   1.9,  24.4,  0.196, -0.003,  0.000,     -6.9,  1,  21.4,   0.8, 0.100
2025-11-04 14:55:41,        0,  29.7,   2.1,  24.4,  0.194, -0.003,  0.000,    -10.0,  1,  21.5,   0.9, 0.100
2025-11-04 14:55:42,        0,  29.7,   2.1,  24.4,  0.192, -0.003,  0.000,    -12.6,  1,  21.5,   0.8, 0.100
2025-11-04 14:55:43,        0,  29.7,   2.1,  24.4,  0.191, -0.002,  0.000,    -15.2,  1,  21.5,   0.8, 0.100
2025-11-04 14:55:44,        0,  29.7,   2.1,  24.4,  0.190, -0.003,  0.000,    -18.3,  1,  21.5,   0.9, 0.100
2025-11-04 14:55:45,        0,  29.7,   2.1,  24.4,  0.189, -0.003,  0.000,    -20.6,  1,  21.5,   0.9, 0.100
2025-11-04 14:55:46,        0,  29.7,   2.1,  24.4,  0.187, -0.003,  0.000,    -23.2,  1,  21.5,   0.9, 0.100
2025-11-04 14:55:47,        0,  29.7,   2.1,  24.4,  0.186, -0.003,  0.000,    -25.5,  1,  21.5,   0.9, 0.100
2025-11-04 14:55:48,        0,  29.7,   2.1,  24.4,  0.185, -0.003,  0.000,    -28.3,  1,  21.5,   0.9, 0.100
2025-11-04 14:55:49,        0,  29.7,   2.1,  24.4,  0.183, -0.003,  0.000,    -30.9,  1,  21.5,   1.0, 0.100
2025-11-04 14:55:50,        0,  29.7,   2.1,  24.4,  0.182, -0.003,  0.000,    -33.2,  1,  21.5,   1.0, 0.100
2025-11-04 14:55:51,        0,  29.7,   2.1,  24.4,  0.181, -0.002,  0.000,    -35.5,  1,  21.5,   1.0, 0.100
2025-11-04 14:55:52,        0,  29.7,   2.1,  24.4,  0.179, -0.002,  0.000,    -38.1,  1,  21.5,   1.0, 0.100
2025-11-04 14:55:53,        0,  29.7,   2.1,  24.4,  0.178, -0.003,  0.000,    -40.6,  1,  21.5,   1.0, 0.100
2025-11-04 14:55:54,        0,  29.7,   2.1,  24.4,  0.177, -0.002,  0.000,    -42.9,  1,  21.5,   1.0, 0.100
2025-11-04 14:55:55,        0,  29.7,   2.1,  24.4,  0.176, -0.002,  0.000,    -45.2,  1,  21.5,   1.0, 0.100
2025-11-04 14:55:56,        0,  29.7,   2.1,  24.4,  0.175, -0.002,  0.000,    -47.8,  1,  21.5,   1.0, 0.100
2025-11-04 14:55:57,        0,  29.7,   2.1,  24.4,  0.174, -0.003,  0.000,    -50.4,  1,  21.5,   1.0, 0.100
2025-11-04 14:55:58,        0,  29.8,   2.3,  24.4,  0.173, -0.002,  0.000,    -52.4,  1,  21.5,   1.0, 0.100
2025-11-04 14:55:59,        0,  29.8,   2.5,  24.4,  0.172, -0.002,  0.000,    -54.9,  1,  21.5,   1.1, 0.100
2025-11-04 14:56:00,        0,  30.0,   3.1,  24.4,  5.423,  4.411,  0.024,   3143.1,  1,  21.5,   1.0, 0.100
2025-11-04 14:56:01,        0,  30.5,   4.5,  24.3,  5.932,  4.999,  0.030,   7719.3,  1,  21.4,   1.0, 0.100
2025-11-04 14:56:02,        0,  30.3,   3.8,  24.3,  5.694,  4.727,  0.027,  12504.7,  1,  21.4,   1.0, 0.101
2025-11-04 14:56:03,        0,  29.3,   0.8,  24.4,  2.710,  1.415,  0.005,  15634.9,  1,  21.4,   1.0, 0.097
2025-11-04 14:56:04,        0,  31.2,   6.5,  24.4,  5.451,  4.458,  0.026,  18676.5,  1,  21.4,   1.0, 0.098
2025-11-04 14:56:05,        0,  31.1,   6.3,  24.4,  8.280,  7.706,  0.065,  26808.1,  1,  21.4,   1.0, 0.099
2025-11-04 14:56:06,        0,  31.5,   7.5,  24.3,  9.649,  9.284,  0.090,  35154.5,  1,  21.4,   1.0, 0.099
2025-11-04 14:56:07,        0,  31.7,   8.1,  24.3, 11.137, 10.998,  0.123,  44735.8,  1,  21.4,   1.0, 0.099
2025-11-04 14:56:08,        0,  31.6,   7.8,  24.3, 12.337, 12.395,  0.153,  57574.9,  1,  21.4,   1.0, 0.099
2025-11-04 14:56:09,        0,  33.9,  14.7,  24.3, 13.998, 14.313,  0.210,  71412.6,  1,  21.4,   1.0, 0.099
2025-11-04 14:56:10,        0,  34.4,  16.2,  24.3, 15.118, 15.614,  0.245,  86130.8,  1,  21.4,   1.0, 0.099
2025-11-04 14:56:11,        0,  34.3,  16.0,  24.3, 14.705, 15.147,  0.223, 102045.8,  1,  21.4,   1.0, 0.099
2025-11-04 14:56:12,        0,  33.8,  14.5,  24.3, 18.460, 19.523,  0.362, 124703.7,  1,  21.4,   1.0, 0.099
2025-11-04 14:56:13,        0,  33.9,  14.8,  24.3, 19.585, 20.860,  0.409, 142436.6,  1,  21.4,   0.9, 0.099
2025-11-04 14:56:14,        0,  35.6,  19.7,  24.3, 17.479, 18.385,  0.322, 160729.4,  1,  21.4,   0.9, 0.099
2025-11-04 14:56:15,        0,  37.4,  25.2,  24.3, 23.579, 25.545,  0.603, 184393.5,  1,  21.4,   0.9, 0.099
2025-11-04 14:56:16,        0,  37.6,  25.7,  24.3, 24.565, 26.719,  0.658, 215446.8,  1,  21.4,   0.9, 0.099
2025-11-04 14:56:17,        0,  37.3,  24.9,  24.3, 23.546, 25.568,  0.603, 240753.1,  1,  21.4,   0.9, 0.100
2025-11-04 14:56:18,        0,  37.1,  24.2,  24.4, 29.967, 33.149,  1.000, 269692.1,  1,  21.5,   0.9, 0.102
2025-11-04 14:56:19,        0,  38.5,  28.6,  24.3, 25.381, 27.780,  0.706, 296562.8,  1,  21.4,   0.9, 0.104
2025-11-04 14:56:20,        0,  37.6,  25.9,  24.4, 27.488, 30.308,  0.834, 331692.1,  1,  21.4,   0.9, 0.104
2025-11-04 14:56:21,        0,  38.3,  27.9,  24.3, 29.882, 33.200,  0.997, 362008.1,  1,  21.4,   0.9, 0.102
2025-11-04 14:56:22,        0,  38.9,  29.8,  24.3, 30.858, 34.383,  1.071, 393156.7,  1,  21.4,   0.9, 0.101
2025-11-04 14:56:23,        0,  38.9,  29.6,  24.3, 22.885, 24.954,  0.573, 420696.3,  1,  21.4,   0.8, 0.100
2025-11-04 14:56:24,        0,  37.1,  24.4,  24.3, 31.088, 34.706,  1.079, 459799.9,  1,  21.4,   0.9, 0.100
2025-11-04 14:56:25,        0,  36.2,  21.5,  24.3, 22.517, 24.516,  0.556, 483190.7,  1,  21.4,   0.9, 0.100
2025-11-04 14:56:26,        0,  37.8,  26.4,  24.3, 27.038, 29.841,  0.808, 509943.6,  1,  21.4,   0.9, 0.100
2025-11-04 14:56:27,        0,  35.1,  18.2,  24.3, 22.167, 24.057,  0.543, 533776.8,  1,  21.4,   0.9, 0.100
2025-11-04 14:56:28,        0,  36.2,  21.7,  24.3, 16.865, 17.790,  0.301, 555797.8,  1,  21.4,   0.9, 0.100
2025-11-04 14:56:29,        0,  35.3,  19.0,  24.3, 20.926, 22.571,  0.475, 577151.3,  1,  21.4,   0.9, 0.100
2025-11-04 14:56:30,        0,  36.9,  23.7,  24.3, 19.623, 21.014,  0.412, 598184.1,  1,  21.4,   0.9, 0.100
2025-11-04 14:56:31,        0,  36.2,  21.5,  24.4, 19.578, 20.932,  0.410, 619347.4,  1,  21.4,   0.9, 0.100
2025-11-04 14:56:32,        0,  35.6,  19.9,  24.4, 18.540, 19.688,  0.366, 643019.0,  1,  21.4,   0.9, 0.100
2025-11-04 14:56:33,        0,  36.1,  21.2,  24.3, 25.159, 27.484,  0.692, 667733.0,  1,  21.4,   0.9, 0.100
2025-11-04 14:56:34,        0,  33.8,  14.3,  24.3, 20.012, 21.404,  0.430, 688571.0,  1,  21.4,   0.9, 0.100
2025-11-04 14:56:35,        0,  36.0,  21.0,  24.4, 21.438, 23.079,  0.499, 709051.9,  1,  21.4,   0.9, 0.100
2025-11-04 14:56:36,        0,  35.8,  20.5,  24.4, 19.883, 21.253,  0.431, 734625.8,  1,  21.4,   0.9, 0.100
2025-11-04 14:56:37,        0,  36.1,  21.2,  24.4, 20.433, 21.896,  0.449, 755851.7,  1,  21.4,   1.0, 0.100
2025-11-04 14:56:38,        0,  34.6,  16.8,  24.4, 16.764, 17.580,  0.308, 775670.8,  1,  21.4,   0.9, 0.100
2025-11-04 14:56:39,        0,  34.8,  17.5,  24.4, 18.376, 19.458,  0.361, 794334.2,  1,  21.4,   0.9, 0.100
2025-11-04 14:56:40,        0,  34.7,  17.2,  24.4, 19.251, 20.476,  0.395, 817883.8,  1,  21.4,   1.0, 0.100
2025-11-04 14:56:41,        0,  33.7,  14.0,  24.4, 11.722, 11.645,  0.148, 833208.3,  1,  21.4,   1.0, 0.100
2025-11-04 14:56:42,        0,  35.8,  20.5,  24.4, 14.587, 14.992,  0.224, 849056.0,  1,  21.4,   1.0, 0.100
2025-11-04 14:56:43,        0,  36.4,  22.1,  24.3, 18.221, 19.217,  0.350, 868683.3,  1,  21.4,   1.0, 0.100
2025-11-04 14:56:44,        0,  35.6,  19.7,  24.4, 20.291, 21.638,  0.440, 895273.1,  1,  21.4,   1.0, 0.100
2025-11-04 14:56:45,        0,  33.1,  12.3,  24.4, 19.508, 20.716,  0.410, 914842.7,  1,  21.4,   1.0, 0.100
2025-11-04 14:56:46,        0,  33.3,  12.8,  24.4, 18.283, 19.288,  0.356, 931039.0,  1,  21.4,   1.0, 0.100
2025-11-04 14:56:47,        0,  33.9,  14.8,  24.4, 12.556, 12.586,  0.161, 945176.7,  1,  21.4,   1.0, 0.100
2025-11-04 14:56:48,        0,  33.9,  14.7,  24.4, 20.284, 21.608,  0.440, 969148.4,  1,  21.4,   1.0, 0.100
2025-11-04 14:56:49,        0,  34.8,  17.5,  24.3, 20.497, 21.857,  0.448, 989528.0,  1,  21.4,   1.0, 0.100
2025-11-04 14:56:50,        0,  35.0,  18.0,  24.4, 21.508, 23.027,  0.496,1010513.7,  1,  21.4,   1.0, 0.100
2025-11-04 14:56:51,        0,  37.2,  24.7,  24.4, 16.397, 17.041,  0.282,1030711.0,  1,  21.4,   1.0, 0.100
2025-11-04 14:56:52,        0,  37.5,  25.5,  24.4, 22.344, 24.012,  0.545,1053765.2,  1,  21.4,   1.0, 0.100
2025-11-04 14:56:53,        0,  39.7,  32.1,  24.4, 19.063, 20.164,  0.388,1082439.2,  1,  21.4,   1.0, 0.100
2025-11-04 14:56:54,        0,  37.7,  26.2,  24.4, 22.911, 24.682,  0.570,1108033.6,  1,  21.4,   1.0, 0.100
2025-11-04 14:56:55,        0,  37.0,  23.9,  24.4, 26.790, 29.294,  0.799,1134921.2,  1,  21.4,   1.0, 0.100
2025-11-04 14:56:56,        0,  38.1,  27.4,  24.4, 26.665, 29.155,  0.778,1163756.8,  1,  21.4,   1.0, 0.100
2025-11-04 14:56:57,        0,  38.5,  28.6,  24.4, 27.256, 29.950,  0.825,1199232.4,  1,  21.4,   1.0, 0.100
2025-11-04 14:56:58,        0,  39.5,  31.6,  24.4, 29.908, 33.101,  0.999,1230114.0,  1,  21.4,   1.0, 0.100
2025-11-04 14:56:59,        0,  39.3,  30.9,  24.4, 29.235, 32.343,  0.946,1262207.0,  1,  21.4,   1.0, 0.100
2025-11-04 14:57:00,        0,  40.9,  35.6,  24.4, 27.528, 30.292,  0.850,1292344.0,  1,  21.4,   1.0, 0.100
2025-11-04 14:57:01,        0,  39.8,  32.4,  24.4, 25.384, 27.753,  0.707,1329383.5,  1,  21.4,   1.0, 0.100
2025-11-04 14:57:02,        0,  39.9,  32.7,  24.5, 33.968, 37.973,  1.300,1366015.4,  1,  21.4,   1.0, 0.100
2025-11-04 14:57:03,        0,  39.5,  31.6,  24.4, 34.567, 38.773,  1.341,1401697.6,  1,  21.4,   1.0, 0.100
2025-11-04 14:57:04,        0,  39.3,  30.8,  24.4, 34.756, 39.096,  1.360,1437774.8,  1,  21.4,   1.0, 0.100
2025-11-04 14:57:05,        0,  39.1,  30.4,  24.4, 33.551, 37.715,  1.269,1473866.0,  1,  21.4,   1.0, 0.100
2025-11-04 14:57:06,        0,  40.5,  34.4,  24.4, 33.335, 37.579,  1.261,1518001.3,  1,  21.4,   1.0, 0.100
2025-11-04 14:57:07,        0,  40.8,  35.3,  24.4, 33.126, 37.356,  1.239,1554167.2,  1,  21.4,   1.0, 0.100
2025-11-04 14:57:08,        0,  40.0,  33.1,  24.4, 34.905, 39.456,  1.380,1592829.7,  1,  21.4,   1.0, 0.100
2025-11-04 14:57:09,        0,  40.5,  34.4,  24.4, 37.711, 42.901,  1.646,1632029.4,  1,  21.4,   1.0, 0.100
2025-11-04 14:57:10,        0,  38.5,  28.6,  24.4, 36.939, 42.056,  1.556,1678071.1,  1,  21.4,   1.0, 0.100
2025-11-04 14:57:11,        0,  39.8,  32.4,  24.4, 33.468, 37.858,  1.268,1712650.8,  1,  21.4,   1.0, 0.100
2025-11-04 14:57:12,        0,  43.3,  42.8,  24.4, 36.756, 41.843,  1.539,1751221.9,  1,  21.4,   1.0, 0.100
2025-11-04 14:57:13,        0,  38.5,  28.6,  24.4, 42.315, 48.692,  2.061,1793796.6,  1,  21.4,   1.0, 0.100
2025-11-04 14:57:14,        0,  44.2,  45.7,  24.5, 39.088, 44.820,  1.759,1843299.1,  1,  21.4,   1.0, 0.100
2025-11-04 14:57:15,        0,  40.2,  33.6,  24.5, 36.479, 41.772,  1.535,1886946.0,  1,  21.4,   1.0, 0.100
2025-11-04 14:57:16,        0,  40.7,  35.1,  24.5, 38.192, 43.879,  1.678,1926852.9,  1,  21.4,   0.9, 0.100
2025-11-04 14:57:17,        0,  42.5,  40.5,  24.5, 33.973, 38.719,  1.323,1963270.3,  1,  21.4,   1.0, 0.100
2025-11-04 14:57:18,        0,  43.3,  43.0,  24.5, 38.078, 43.670,  1.665,2004683.0,  1,  21.4,   1.0, 0.100
2025-11-04 14:57:19,        0,  44.1,  45.2,  24.5, 35.045, 39.968,  1.405,2054540.5,  1,  21.4,   0.9, 0.100
2025-11-04 14:57:20,        0,  40.0,  33.1,  24.5, 37.076, 42.495,  1.577,2097890.6,  1,  21.4,   0.9, 0.100
2025-11-04 14:57:21,        0,  41.3,  36.8,  24.5, 36.027, 41.182,  1.494,2137297.7,  1,  21.4,   1.0, 0.100
2025-11-04 14:57:22,        0,  43.2,  42.7,  24.5, 39.576, 45.534,  1.812,2177545.3,  1,  21.4,   0.9, 0.100
2025-11-04 14:57:23,        0,  42.3,  39.8,  24.5, 33.038, 37.545,  1.256,2226038.0,  1,  21.4,   0.9, 0.100
2025-11-04 14:57:24,        0,  43.6,  43.8,  24.5, 31.494, 35.653,  1.160,2265823.9,  1,  21.4,   0.9, 0.100
2025-11-04 14:57:25,        0,  38.5,  28.4,  24.5, 36.793, 42.206,  1.574,2308176.9,  1,  21.4,   0.9, 0.100
2025-11-04 14:57:26,        0,  43.2,  42.6,  24.5, 38.906, 44.642,  1.737,2347194.6,  1,  21.4,   0.9, 0.100
2025-11-04 14:57:27,        0,  39.6,  31.7,  24.5, 38.367, 44.107,  1.713,2398954.3,  1,  21.4,   0.8, 0.100
2025-11-04 14:57:28,        0,  41.8,  38.3,  24.5, 40.020, 46.037,  1.853,2440666.2,  1,  21.4,   0.9, 0.100
2025-11-04 14:57:29,        0,  40.0,  32.9,  24.5, 38.453, 44.106,  1.697,2483079.9,  1,  21.4,   0.9, 0.100
2025-11-04 14:57:30,        0,  40.3,  33.8,  24.5, 41.274, 47.438,  1.964,2524733.2,  1,  21.4,   0.8, 0.100
2025-11-04 14:57:31,        0,  41.8,  38.4,  24.5, 38.486, 44.194,  1.701,2564783.4,  1,  21.4,   0.9, 0.100
2025-11-04 14:57:32,        0,  40.2,  33.6,  24.5, 30.350, 34.295,  1.066,2610772.6,  1,  21.4,   0.9, 0.100
2025-11-04 14:57:33,        0,  43.4,  43.2,  24.5, 39.984, 45.970,  1.841,2651306.2,  1,  21.4,   0.8, 0.100
2025-11-04 14:57:34,        0,  42.4,  40.3,  24.5, 34.113, 38.908,  1.384,2691083.1,  1,  21.4,   0.9, 0.100
2025-11-04 14:57:35,        0,  38.2,  27.7,  24.5, 33.813, 38.557,  1.307,2728599.7,  1,  21.4,   0.9, 0.100
2025-11-04 14:57:36,        0,  40.6,  34.9,  24.5, 39.970, 46.008,  1.841,2777121.5,  1,  21.4,   0.8, 0.100
2165-165-165 45:165:85,        0,  40.2,  33.6,  24.5, 35.866, 41.010,  1.475,2816152.7,  1,  21.4,   0.8, 0.100
2025-11-04 14:57:38,        0,  39.0,  30.1,  24.6, 38.186, 43.791,  1.675,2855377.5,  1,  21.4,   0.8, 0.100
2025-11-04 14:57:39,        0,  43.2,  42.6,  24.5, 33.492, 38.038,  1.278,2897666.3,  1,  21.4,   0.8, 0.100
2025-11-04 14:57:40,        0,  36.6,  22.9,  24.5, 37.686, 43.163,  1.630,2938711.2,  1,  21.4,   0.8, 0.100
2025-11-04 14:57:41,        0,  41.9,  38.8,  24.5, 37.883, 43.292,  1.644,2974145.9,  1,  21.4,   0.8, 0.100
2025-11-04 14:57:42,        0,  39.3,  30.8,  24.5,106745.037, 44.369,  1.719,3015507.4,  1,  21.4,   0.8, 0.100
2025-11-04 14:57:43,        0,  37.3,  25.0,  24.5, 29.557, 33.245,  0.983,3046160.1,  1,  21.4,   0.8, 0.100
2025-11-04 14:57:44,        0,  40.8,  35.3,  24.5, 39.852, 45.501,  1.814,3090558.4,  1,  21.4,   0.8, 0.100
2025-11-04 14:57:45,        0,  40.4,  34.3,  24.6, 34.325, 38.877,  1.335,3128430.9,  1,  21.4,   0.8, 0.100
2025-11-04 14:57:46,        0,  39.4,  31.2,  24.5, 35.045, 39.698,  1.397,3165812.3,  1,  21.4,   0.8, 0.100
2025-11-04 14:57:47,        0,  37.6,  25.9,  24.6, 28.759, 32.110,  0.927,3198123.1,  1,  21.4,   0.8, 0.100
2025-11-04 14:57:48,        0,  40.3,  33.9,  24.5, 33.054, 37.303,  1.262,3239446.7,  1,  21.4,   0.8, 0.100
2025-11-04 14:57:49,        0,  41.4,  37.1,  24.5, 28.491, 31.750,  0.919,3271975.2,  1,  21.4,   0.9, 0.100
2025-11-04 14:57:50,        0,  41.9,  38.8,  24.6, 31.090, 34.901,  1.100,3305924.7,  1,  21.4,   0.8, 0.100
2025-11-04 14:57:51,        0,  36.5,  22.4,  24.6, 23.258, 25.488,  0.615,3336070.8,  1,  21.4,   0.8, 0.100
2025-11-04 14:57:52,        0,  40.5,  34.4,  24.6, 36.753, 41.574,  1.530,3378640.8,  1,  21.4,   0.8, 0.100
2025-11-04 14:57:53,        0,  40.9,  35.8,  24.6, 24.875, 27.314,  0.686,3409271.0,  1,  21.4,   0.8, 0.100
2025-11-04 14:57:54,        0,  35.7,  20.2,  24.5, 29.629, 32.966,  0.981,3441760.3,  1,  21.4,   0.8, 0.100
2025-11-04 14:57:55,        0,  36.5,  22.4,  24.6, 24.930, 27.280,  0.684,3468982.0,  1,  21.4,   0.8, 0.100
2025-11-04 14:57:56,        0,  38.2,  27.6,  24.6, 22.776, 24.661,  0.562,3500107.0,  1,  21.4,   0.8, 0.100
2025-11-04 14:57:57,        0,  39.9,  32.7,  24.6, 27.758, 30.538,  0.851,3525879.0,  1,  21.4,   0.8, 0.100
2025-11-04 14:57:58,        0,  36.0,  20.9,  24.6, 28.383, 31.278,  0.888,3556739.9,  1,  21.4,   0.8, 0.100
2025-11-04 14:57:59,        0,  40.1,  33.4,  24.6, 30.592, 33.899,  1.039,3586882.1,  1,  21.4,   0.8, 0.100
2025-11-04 14:58:00,        0,  35.6,  19.7,  24.6, 20.376, 21.798,  0.486,3621237.4,  1,  21.4,   0.8, 0.100
2025-11-04 14:58:01,        0,  36.8,  23.4,  24.6, 23.004, 24.828,  0.587,3647261.5,  1,  21.4,   0.8, 0.100
2025-11-04 14:58:02,        0,  33.2,  12.7,  24.6, 22.715, 24.498,  0.562,3672561.5,  1,  21.4,   0.8, 0.100
2025-11-04 14:58:03,        0,  38.4,  28.2,  24.6, 24.246, 26.245,  0.646,3693578.3,  1,  21.4,   0.9, 0.100
2025-11-04 14:58:04,        0,  36.3,  21.9,  24.6, 24.268, 26.271,  0.640,3719749.5,  1,  21.4,   0.9, 0.100
2025-11-04 14:58:05,        0,  36.6,  22.7,  24.6, 18.639, 19.660,  0.455,3746211.2,  1,  21.4,   0.9, 0.100
2025-11-04 14:58:06,        0,  38.1,  27.2,  24.6, 19.534, 20.642,  0.410,3768035.1,  1,  21.4,   0.9, 0.100
2025-11-04 14:58:07,        0,  37.2,  24.6,  24.6, 26.934, 29.282,  0.790,3796112.4,  1,  21.4,   0.9, 0.100
2025-11-04 14:58:08,        0,  36.4,  22.2,  24.6, 25.312, 27.343,  0.699,3822703.6,  1,  21.4,   0.9, 0.100
2025-11-04 14:58:09,        0,  37.7,  26.2,  24.6, 21.535, 22.904,  0.496,3849860.1,  1,  21.4,   1.0, 0.100
2025-11-04 14:58:10,        0,  38.1,  27.4,  24.6, 26.921, 29.232,  0.790,3878296.5,  1,  21.4,   0.9, 0.100
2025-11-04 14:58:11,        0,  33.8,  14.3,  24.6, 25.238, 27.290,  0.694,3903212.6,  1,  21.4,   1.0, 0.100
2025-11-04 14:58:12,        0,  37.0,  23.9,  24.6, 17.984, 18.713,  0.340,3921126.8,  1,  21.4,   1.0, 0.100
2025-11-04 14:58:13,        0,  34.2,  15.7,  24.6, 23.461, 25.137,  0.594,3945134.3,  1,  21.4,   1.0, 0.100
2025-11-04 14:58:14,        0,  34.7,  17.0,  24.6, 19.226, 20.148,  0.388,3968791.8,  1,  21.4,   1.0, 0.100
2025-11-04 14:58:15,        0,  36.0,  20.9,  24.6, 22.242, 23.594,  0.526,3988887.4,  1,  21.4,   1.0, 0.100
2025-11-04 14:58:16,        0,  35.4,  19.2,  24.6, 21.511, 22.714,  0.495,4009544.6,  1,  21.4,   1.0, 0.100
2025-11-04 14:58:17,        0,  35.7,  20.2,  24.7, 24.413, 26.078,  0.637,4033216.3,  1,  21.4,   1.0, 0.100
2025-11-04 14:58:18,        0,  32.2,   9.7,  24.7, 18.732, 19.469,  0.382,4057391.8,  1,  21.4,   1.0, 0.100
2025-11-04 14:58:19,        0,  35.1,  18.2,  24.7, 18.228, 18.851,  0.350,4074270.0,  1,  21.4,   1.0, 0.100
2025-11-04 14:58:20,        0,  32.9,  11.8,  24.7, 12.854, 12.652,  0.178,4090613.5,  1,  21.4,   1.0, 0.100
2025-11-04 14:58:21,        0,  36.1,  21.2,  24.7, 22.935, 24.289,  0.557,4110408.6,  1,  21.4,   1.0, 0.100
2025-11-04 14:58:22,        0,  35.3,  18.9,  24.6, 19.443, 20.249,  0.400,4132891.8,  1,  21.4,   1.0, 0.100
2025-11-04 14:58:23,        0,  34.4,  16.3,  24.6, 17.937, 18.504,  0.339,4151364.3,  1,  21.4,   1.0, 0.100
2025-11-04 14:58:24,        0,  34.4,  16.2,  24.6, 19.672, 20.501,  0.406,4170269.7,  1,  21.4,   1.0, 0.100
2025-11-04 14:58:25,        0,  34.0,  15.0,  24.6, 17.221, 17.653,  0.305,4186119.0,  1,  21.4,   1.0, 0.100
2025-11-04 14:58:26,        0,  35.5,  19.5,  24.6, 20.574, 21.503,  0.443,4204752.0,  1,  21.4,   1.0, 0.100
2025-11-04 14:58:27,        0,  31.5,   7.6,  24.7, 18.872, 19.535,  0.372,4227532.7,  1,  21.4,   1.0, 0.100
2025-11-04 14:58:28,        0,  34.4,  16.3,  24.6, 14.965, 15.016,  0.227,4240663.4,  1,  21.4,   1.0, 0.100
2025-11-04 14:58:29,        0,  34.4,  16.3,  24.7, 14.173, 14.106,  0.217,4256109.1,  1,  21.4,   1.0, 0.100
2025-11-04 14:58:30,        0,  31.9,   8.8,  24.6, 15.318, 15.413,  0.239,4272456.8,  1,  21.4,   1.0, 0.100
2025-11-04 14:58:31,        0,  33.8,  14.3,  24.6, 14.363, 14.292,  0.206,4288131.4,  1,  21.4,   1.0, 0.100
2025-11-04 14:58:32,        0,  30.7,   5.1,  24.6, 17.042, 17.354,  0.296,4302262.0,  1,  21.4,   1.0, 0.100
2025-11-04 14:58:33,        0,  32.4,  10.2,  24.7, 16.012, 16.154,  0.259,4314791.3,  1,  21.4,   1.0, 0.100
2025-11-04 14:58:34,        0,  33.6,  13.8,  24.7, 15.192, 15.209,  0.231,4328499.0,  1,  21.4,   1.0, 0.100
2025-11-04 14:58:35,        0,  34.6,  16.9,  24.7, 16.193, 16.346,  0.266,4346210.8,  1,  21.4,   1.0, 0.100
2025-11-04 14:58:36,        0,  34.0,  15.0,  24.7, 16.892, 17.152,  0.290,4361852.3,  1,  21.4,   1.0, 0.100
2025-11-04 14:58:37,        0,  31.0,   6.1,  24.7, 11.925, 11.479,  0.138,4374995.1,  1,  21.4,   1.0, 0.100
2025-11-04 14:58:38,        0,  33.9,  14.7,  24.7, 14.258, 14.129,  0.202,4386959.5,  1,  21.4,   1.0, 0.100
2025-11-04 14:58:39,        0,  32.1,   9.2,  24.7, 13.295, 13.035,  0.174,4400192.4,  1,  21.4,   0.9, 0.100
2025-11-04 14:58:40,        0,  31.2,   6.5,  24.6, 12.870, 12.538,  0.164,4414195.2,  1,  21.4,   1.0, 0.100
2025-11-04 14:58:41,        0,  33.4,  13.3,  24.7, 12.780, 12.438,  0.162,4426026.7,  1,  21.4,   0.9, 0.100
2025-11-04 14:58:42,        0,  33.2,  12.6,  24.7, 14.156, 13.989,  0.202,4439522.0,  1,  21.4,   0.9, 0.100
2025-11-04 14:58:43,        0,  33.3,  13.0,  24.7, 11.222, 10.664,  0.126,4451126.7,  1,  21.4,   0.9, 0.100
2025-11-04 14:58:44,        0,  33.7,  14.0,  24.7, 16.070, 16.161,  0.260,4465371.7,  1,  21.4,   0.9, 0.100
2025-11-04 14:58:45,        0,  32.6,  10.7,  24.6,  8.849,  7.985,  0.071,4477881.3,  1,  21.4,   0.9, 0.100
2025-11-04 14:58:46,        0,  32.4,  10.3,  24.7,  6.666,  5.576,  0.053,4486000.4,  1,  21.4,   0.9, 0.100
2025-11-04 14:58:47,        0,  29.9,   2.6,  24.6, 13.333, 13.055,  0.178,4497410.3,  1,  21.4,   0.9, 0.100
2025-11-04 14:58:48,        0,  31.8,   8.3,  24.7, 10.099,  9.404,  0.099,4505558.4,  1,  21.4,   0.9, 0.100
2025-11-04 14:58:49,        0,  32.4,  10.3,  24.7, 13.268, 12.970,  0.173,4519535.2,  1,  21.4,   0.9, 0.100
2025-11-04 14:58:50,        0,  32.5,  10.5,  24.7, 12.340, 11.919,  0.148,4531319.3,  1,  21.4,   1.0, 0.100
2025-11-04 14:58:51,        0,  31.5,   7.6,  24.6, 10.604,  9.963,  0.109,4541072.5,  1,  21.4,   1.0, 0.100
2025-11-04 14:58:52,        0,  31.2,   6.6,  24.7, 13.634, 13.370,  0.183,4552290.0,  1,  21.4,   1.0, 0.100
2025-11-04 14:58:53,        0,  31.6,   7.8,  24.7, 10.173,  9.483,  0.101,4561153.8,  1,  21.4,   1.0, 0.100
2025-11-04 14:58:54,        0,  31.3,   7.0,  24.7, 12.951, 12.600,  0.164,4572026.4,  1,  21.4,   1.0, 0.100
2025-11-04 14:58:55,        0,  31.4,   7.1,  24.7, 12.577, 12.173,  0.154,4582504.2,  1,  21.4,   1.0, 0.100
2025-11-04 14:58:56,        0,  32.2,   9.6,  24.7,  9.688,  8.923,  0.088,4592870.1,  1,  21.4,   1.0, 0.100
2025-11-04 14:58:57,        0,  31.7,   8.0,  24.7,  9.941,  9.201,  0.092,4602248.6,  1,  21.4,   1.0, 0.100
2025-11-04 14:58:58,        0,  32.2,   9.5,  24.7,  9.061,  8.221,  0.075,4612077.7,  1,  21.4,   1.0, 0.100
2025-11-04 14:58:59,        0,  32.2,   9.5,  24.6, 10.184,  9.481,  0.097,4622098.2,  1,  21.4,   1.0, 0.100
2025-11-04 14:59:00,        0,  28.2,   0.0,  24.7,  9.927,  9.190,  0.092,4631886.6,  1,  21.4,   1.0, 0.100
2025-11-04 14:59:01,        0,  30.2,   3.5,  24.7, 11.325, 10.775,  0.123,4637809.3,  1,  21.4,   1.0, 0.100
2025-11-04 14:59:02,        0,  30.3,   3.9,  24.7, 10.397,  9.724,  0.102,4646905.7,  1,  21.4,   1.0, 0.100
2025-11-04 14:59:03,        0,  30.4,   4.1,  24.7,  9.559,  8.787,  0.084,4653753.3,  1,  21.4,   1.0, 0.100
2025-11-04 14:59:04,        0,  31.4,   7.3,  24.7, 10.532,  9.882,  0.105,4661780.3,  1,  21.4,   1.0, 0.100
2025-11-04 14:59:05,        0,  31.2,   6.6,  24.7, 10.986, 10.382,  0.114,4670027.2,  1,  21.4,   1.0, 0.100
2025-11-04 14:59:06,        0,  30.4,   4.1,  24.7,  7.729,  6.737,  0.054,4678832.0,  1,  21.4,   1.0, 0.100
2025-11-04 14:59:07,        0,  31.7,   8.0,  24.7,  8.181,  7.240,  0.060,4686126.3,  1,  21.4,   1.0, 0.100
2025-11-04 14:59:08,        0,  31.5,   7.6,  24.6,  7.245,  6.200,  0.047,4693233.4,  1,  21.4,   1.0, 0.100
2025-11-04 14:59:09,        0,  31.8,   8.3,  24.7,  8.025,  7.067,  0.057,4700863.0,  1,  21.4,   1.0, 0.100
2025-11-04 14:59:10,        0,  30.7,   5.1,  24.7,  9.397,  8.609,  0.082,4709786.8,  1,  21.4,   1.0, 0.100
2025-11-04 14:59:11,        0,  31.1,   6.3,  24.7,  7.146,  6.095,  0.046,4717444.5,  1,  21.4,   1.0, 0.100
2025-11-04 14:59:12,        0,  29.4,   1.1,  24.6,  8.208,  7.278,  0.060,4723734.7,  1,  21.4,   1.0, 0.100
2025-11-04 14:59:13,        0,  31.4,   7.1,  24.6,  7.523,  6.519,  0.050,4728651.5,  1,  21.4,   1.0, 0.100
2025-11-04 14:59:14,        0,  30.7,   5.1,  24.7,  6.872,  5.803,  0.046,4735464.7,  1,  21.4,   1.0, 0.100
2025-11-04 14:59:15,        0,  30.8,   5.3,  24.7,  8.600,  7.718,  0.067,4744673.1,  1,  21.4,   1.0, 0.100
2025-11-04 14:59:16,        0,  31.0,   6.0,  24.7,  9.446,  8.665,  0.083,4752607.8,  1,  21.4,   1.0, 0.100
2025-11-04 14:59:17,        0,  29.9,   2.8,  24.7, 10.333,  9.660,  0.101,4760566.9,  1,  21.4,   1.0, 0.100
2025-11-04 14:59:18,        0,  30.6,   4.8,  24.7,  6.539,  5.424,  0.036,4765759.9,  1,  21.4,   1.0, 0.100
2025-11-04 14:59:19,        0,  30.2,   3.5,  24.6,  9.003,  8.171,  0.074,4773114.2,  1,  21.4,   1.0, 0.100
2025-11-04 14:59:20,        0,  29.8,   2.3,  24.7,  8.198,  7.272,  0.060,4780349.8,  1,  21.4,   1.0, 0.100
2025-11-04 14:59:21,        0,  31.7,   8.0,  24.7,  3.914,  2.586,  0.016,4784182.5,  1,  21.4,   1.0, 0.100
2025-11-04 14:59:22,        0,  30.4,   4.3,  24.6,  7.200,  6.164,  0.045,4790911.9,  1,  21.4,   1.0, 0.100
2025-11-04 14:59:23,        0,  30.9,   5.8,  24.6,  7.274,  6.249,  0.046,4796465.7,  1,  21.4,   1.0, 0.100
2025-11-04 14:59:24,        0,  29.9,   2.8,  24.7,  8.324,  7.419,  0.062,4804500.2,  1,  21.4,   0.9, 0.100
2025-11-04 14:59:25,        0,  29.3,   0.9,  24.6,  4.191,  2.862,  0.014,4808022.7,  1,  21.4,   0.9, 0.100
2025-11-04 14:59:26,        0,  31.1,   6.3,  24.7,  6.915,  5.890,  0.049,4812527.5,  1,  21.4,   0.9, 0.100
2025-11-04 14:59:27,        0,  30.1,   3.4,  24.7,  8.029,  7.093,  0.057,4819377.2,  1,  21.4,   0.9, 0.100
2025-11-04 14:59:28,        0,  30.5,   4.6,  24.7,  6.728,  5.646,  0.038,4825418.1,  1,  21.4,   0.9, 0.100
2025-11-04 14:59:29,        0,  30.9,   5.6,  24.7,  5.937,  4.771,  0.029,4830395.7,  1,  21.4,   0.9, 0.100
2025-11-04 14:59:30,        0,  30.5,   4.6,  24.7,  6.611,  5.518,  0.037,4835925.6,  1,  21.4,   0.9, 0.100
2025-11-04 14:59:31,        0,  30.0,   3.1,  24.7,  7.387,  6.383,  0.047,4841546.9,  1,  21.4,   0.9, 0.100
2025-11-04 14:59:32,        0,  29.7,   2.1,  24.7,  5.323,  4.113,  0.025,4845388.4,  1,  21.4,   0.9, 0.100
2025-11-04 14:59:33,        0,  30.0,   3.0,  24.7,  3.732,  2.514,  0.015,4847243.7,  1,  21.4,   0.9, 0.100
2025-11-04 14:59:34,        0,  30.0,   3.0,  24.6,  6.742,  5.677,  0.039,4852067.1,  1,  21.4,   0.9, 0.100
2025-11-04 14:59:35,        0,  31.0,   6.1,  24.7,  4.373,  3.079,  0.016,4856049.7,  1,  21.4,   0.9, 0.100
2025-11-04 14:59:36,        0,  30.2,   3.5,  24.7,  6.475,  5.379,  0.036,4862448.9,  1,  21.4,   0.9, 0.100
2025-11-04 14:59:37,        0,  28.5,   0.0,  24.7,  7.444,  6.457,  0.048,4868299.5,  1,  21.4,   0.9, 0.100
2025-11-04 14:59:38,        0,  29.8,   2.3,  24.6,  6.989,  5.954,  0.042,4872178.2,  1,  21.4,   0.9, 0.100
2025-11-04 14:59:39,        0,  29.6,   1.9,  24.7,  4.484,  3.242,  0.019,77727001190.2,  1,  21.4,   0.9, 0.100
2025-11-04 14:59:40,        0,  29.8,   2.3,  24.7,  5.756,  4.603,  0.028,4878497.7,  1,  21.4,   0.9, 0.100
2025-11-04 14:59:41,        0,  30.0,   3.0,  24.7,  5.957,  4.811,  0.029,4883257.0,  1,  21.4,   0.9, 0.100
2025-11-04 14:59:42,        0,  29.7,   2.1,  24.7,  5.559,  4.368,  0.024,4887372.1,  1,  21.4,   0.9, 0.100
2025-11-04 14:59:43,        0,  30.6,   4.9,  24.7,  4.489,  3.211,  0.017,4890430.6,  1,  21.4,   0.9, 0.100
2025-11-04 14:59:44,        0,  29.9,   2.8,  24.7,  5.220,  3.998,  0.022,4895089.3,  1,  21.4,   0.9, 0.100
2025-11-04 14:59:45,        0,  30.3,   4.0,  24.6,  6.459,  5.367,  0.035,4900967.5,  1,  21.4,   0.9, 0.100
2025-11-04 14:59:46,        0,  30.3,   4.0,  24.7,  4.973,  3.730,  0.020,4905361.3,  1,  21.4,   0.9, 0.100
2025-11-04 14:59:47,        0,  30.5,   4.5,  24.7,  5.473,  4.278,  0.024,4909363.7,  1,  21.4,   0.9, 0.100
2025-11-04 14:59:48,        0,  30.4,   4.3,  24.7,  1.961,  0.549,  0.001,4912197.2,  1,  21.4,   0.9, 0.100
2025-11-04 14:59:49,        0,  30.2,   3.6,  24.7,  4.497,  3.217,  0.017,4916742.3,  1,  21.4,   0.9, 0.100
2025-11-04 14:59:50,        0,  29.9,   2.6,  24.6,  5.976,  4.838,  0.029,77727001190.2,  1,  21.4,   0.8, 0.100
2025-11-04 14:59:51,        0,  29.8,   2.3,  24.7,  5.992,  4.857,  0.029,4925636.3,  1,  21.4,   0.9, 0.100
2025-11-04 14:59:52,        0,  29.9,   2.6,  24.7,  1.899,  0.496,  0.001,4926508.0,  1,  21.4,   0.9, 0.100
2025-11-04 14:59:53,        0,  29.9,   2.6,  24.7,  2.638,  1.475,  0.008,4927560.8,  1,  21.4,   0.9, 0.100
2025-11-04 14:59:54,        0,  29.9,   2.8,  24.7,  1.484,  0.178,  0.001,4929395.2,  1,  21.4,   0.9, 0.100
2025-11-04 14:59:55,        0,  30.0,   3.1,  24.7,  5.535,  4.363,  0.024,4933504.4,  1,  21.4,   0.9, 0.100
2025-11-04 14:59:56,        0,  29.8,   2.5,  24.7,  6.186,  5.082,  0.032,4938140.8,  1,  21.4,   0.9, 0.100
2025-11-04 14:59:57,        0,  30.0,   3.0,  24.7,  5.197,  3.991,  0.022,4942828.0,  1,  21.4,   0.9, 0.100
2025-11-04 14:59:58,        0,  30.2,   3.5,  24.7,  2.770,  1.386,  0.005,4944321.7,  1,  21.4,   0.9, 0.100
2025-11-04 14:59:59,        0,  29.6,   1.9,  24.7,  6.151,  5.048,  0.031,4948850.0,  1,  21.4,   0.9, 0.100
2025-11-04 15:00:00,        0,  28.4,   0.0,  24.7,  1.344,  0.066,  0.000,4949133.7,  1,  21.4,   0.9, 0.100
2025-11-04 15:00:01,        0,  29.0,   0.1,  24.7,  1.156,  0.000,  0.000,4949135.8,  1,  21.4,   1.0, 0.100
2025-11-04 15:00:02,        0,  29.8,   2.3,  24.7,  1.077, -0.009,  0.000,4949125.7,  1,  21.4,   1.0, 0.100
2025-11-04 15:00:03,        0,  30.2,   3.6,  24.7,  3.440,  2.373,  0.014,4951436.6,  1,  21.4,   0.9, 0.100
2025-11-04 15:00:04,        0,  30.4,   4.3,  24.6,  6.048,  4.943,  0.030,4956138.0,  1,  21.4,   0.9, 0.100
2025-11-04 15:00:05,        0,  30.0,   3.0,  24.7,  6.535,  5.483,  0.036,4961418.2,  1,  21.4,   0.9, 0.100
2025-11-04 15:00:06,        0,  30.2,   3.5,  24.7,  6.161,  5.065,  0.031,4967221.4,  1,  21.4,   0.9, 0.100
2025-11-04 15:00:07,        0,  30.4,   4.3,  24.7,  3.985,  2.686,  0.013,4970188.6,  1,  21.4,   0.9, 0.100
2025-11-04 15:00:08,        0,  28.5,   0.0,  24.7,  5.297,  4.117,  0.023,4973310.5,  1,  21.4,   0.9, 0.100
2025-11-04 15:00:09,        0,  29.9,   2.8,  24.7,  4.858,  3.737,  0.023,4975067.3,  1,  21.4,   0.9, 0.100
2025-11-04 15:00:10,        0,  29.8,   2.3,  24.6,  2.259,  0.866,  0.002,4977035.4,  1,  21.4,   0.9, 0.100
2025-11-04 15:00:11,        0,  29.2,   0.6,  24.7,  1.968,  0.612,  0.001,4977308.2,  1,  21.4,   0.9, 0.100
2025-11-04 15:00:12,        0,  29.7,   2.1,  24.7,  1.187,  0.013,  0.000,4977329.6,  1,  21.4,   0.9, 0.100
2025-11-04 15:00:13,        0,  29.9,   2.6,  24.7,  1.092, -0.005,  0.000,4978850.9,  1,  21.4,   0.9, 0.100
2025-11-04 15:00:14,        0,  29.9,   2.6,  24.7,  4.338,  3.095,  0.016,4982332.7,  1,  21.4,   0.9, 0.100
2025-11-04 15:00:15,        0,  30.0,   2.9,  24.7,  5.641,  4.508,  0.025,4986144.0,  1,  21.4,   0.8, 0.100
2025-11-04 15:00:16,        0,  29.5,   1.6,  24.7,  3.979,  2.697,  0.013,4988881.5,  1,  21.4,   0.8, 0.100
2025-11-04 15:00:17,        0,  30.0,   3.1,  24.7,  3.750,  2.496,  0.012,4990060.4,  1,  21.4,   0.8, 0.100
2025-11-04 15:00:18,        0,  29.3,   0.9,  24.6,  3.773,  2.485,  0.011,4991791.3,  1,  21.4,   0.8, 0.100
2025-11-04 15:00:19,        0,  29.4,   1.3,  24.6,  1.157,  0.007,  0.000,4991809.3,  1,  21.4,   0.8, 0.100
2025-11-04 15:00:20,        0,  30.0,   3.1,  24.7,  1.435,  0.383,  0.002,4992078.8,  1,  21.4,   0.8, 0.100
2025-11-04 15:00:21,        0,  29.6,   1.9,  24.7,  2.316,  0.951,  0.003,4994173.9,  1,  21.4,   0.9, 0.100
2025-11-04 15:00:22,        0,  29.4,   1.3,  24.6,  1.193,  0.018,  0.000,4994197.3,  1,  21.4,   0.8, 0.100
2025-11-04 15:00:23,        0,  29.9,   2.6,  24.6,  1.084, -0.003,  0.000,4994194.0,  1,  21.4,   0.8, 0.100
2025-11-04 15:00:24,        0,  30.0,   3.0,  24.7,  5.484,  4.366,  0.024,4997758.0,  1,  21.4,   0.8, 0.100
2025-11-04 15:00:25,        0,  29.8,   2.3,  24.6,  5.654,  4.544,  0.026,5002005.1,  1,  21.4,   0.8, 0.100
2025-11-04 15:00:26,        0,  29.9,   2.6,  24.7,  2.216,  0.937,  0.005,5003847.0,  1,  21.4,   0.8, 0.100
2025-11-04 15:00:27,        0,  29.4,   1.1,  24.6,  3.461,  2.167,  0.010,5006449.2,  1,  21.4,   0.8, 0.100
2025-11-04 15:00:28,        0,  29.1,   0.4,  24.6,  4.086,  2.861,  0.014,5007825.9,  1,  21.4,   0.8, 0.100
2025-11-04 15:00:29,        0,  29.6,   1.9,  24.6,  1.866,  0.670,  0.004,5009092.8,  1,  21.4,   0.8, 0.100
2025-11-04 15:00:30,        0,  29.5,   1.6,  24.6,  1.219,  0.033,  0.000,5009216.0,  1,  21.4,   0.8, 0.100
2025-11-04 15:00:31,        0,  29.9,   2.6,  24.6,  1.078, -0.001,  0.000,5009216.4,  1,  21.4,   0.8, 0.100
2025-11-04 15:00:32,        0,  29.8,   2.4,  24.7,  1.020, -0.007,  0.000,5009209.7,  1,  21.4,   0.8, 0.100
2025-11-04 15:00:33,        0,  29.9,   2.6,  24.6,  5.472,  4.369,  0.024,5012394.0,  1,  21.4,   0.8, 0.100
2025-11-04 15:00:34,        0,  29.8,   2.5,  24.7,  5.509,  4.403,  0.024,5016577.4,  1,  21.4,   0.8, 0.100
2025-11-04 15:00:35,        0,  29.5,   1.4,  24.7,  5.346,  4.223,  0.023,5019944.0,  1,  21.4,   0.8, 0.100
2025-11-04 15:00:36,        0,  29.0,   0.1,  24.7,  1.437,  0.149,  0.000,5020382.8,  1,  21.4,   0.9, 0.100
2025-11-04 15:00:37,        0,  29.7,   2.1,  24.7,  1.081, -0.001,  0.000,5020388.3,  1,  21.4,   0.9, 0.100
2025-11-04 15:00:38,        0,  29.4,   1.3,  24.7,  1.022, -0.007,  0.000,5020381.6,  1,  21.4,   0.9, 0.100
2025-11-04 15:00:39,        0,  29.6,   1.8,  24.7,  0.968, -0.009,  0.000,5020373.2,  1,  21.4,   0.9, 0.100
2025-11-04 15:00:40,        0,  29.7,   2.1,  24.7,  0.938, -0.009,  0.000,5020364.8,  1,  21.4,   0.9, 0.100
2025-11-04 15:00:41,        0,  29.8,   2.5,  24.7,  1.160,  0.259,  0.002,5020733.2,  1,  21.4,   0.9, 0.100
2025-11-04 15:00:42,        0,  29.6,   1.9,  24.7,  5.435,  4.345,  0.024,5023814.4,  1,  21.4,   0.9, 0.100
2025-11-04 15:00:43,        0,  29.6,   1.8,  24.6,  1.564,  0.258,  0.000,5024310.2,  1,  21.4,   0.9, 0.100
2025-11-04 15:00:44,        0,  29.8,   2.4,  24.6,  1.067, -0.000,  0.000,5024314.8,  1,  21.4,   0.9, 0.100
2025-11-04 15:00:45,        0,  29.9,   2.6,  24.6,  1.006, -0.006,  0.000,5024309.7,  1,  21.4,   0.9, 0.100
2025-11-04 15:00:46,        0,  29.9,   2.6,  24.7,  5.030,  3.899,  0.020,5027351.1,  1,  21.4,   0.9, 0.100
2025-11-04 15:00:47,        0,  29.6,   1.9,  24.6,  2.676,  1.492,  0.009,5029018.7,  1,  21.4,   0.9, 0.100
2025-11-04 15:00:48,        0,  30.0,   3.0,  24.7,  1.618,  0.306,  0.001,5029536.3,  1,  21.4,   0.9, 0.100
2025-11-04 15:00:49,        0,  29.1,   0.3,  24.6,  1.982,  0.645,  0.002,5031768.4,  1,  21.4,   0.9, 0.100
2025-11-04 15:00:50,        0,  30.0,   3.0,  24.6,  1.153,  0.016,  0.000,5032423.8,  1,  21.4,   0.9, 0.100
2025-11-04 15:00:51,        0,  29.4,   1.1,  24.6,  2.031,  0.698,  0.002,5034488.7,  1,  21.4,   1.0, 0.100
2025-11-04 15:00:52,        0,  29.8,   2.3,  24.7,  1.149,  0.017,  0.000,5034513.0,  1,  21.4,   0.9, 0.100
2025-11-04 15:00:53,        0,  29.6,   1.8,  24.6,  1.042, -0.003,  0.000,5034509.7,  1,  21.4,   0.9, 0.100
2025-11-04 15:00:54,        0,  29.6,   1.9,  24.6,  0.969, -0.008,  0.000,5034503.0,  1,  21.4,   0.9, 0.100
2025-11-04 15:00:55,        0,  29.7,   2.1,  24.6,  0.919, -0.009,  0.000,5034492.9,  1,  21.4,   0.9, 0.100
2025-11-04 15:00:56,        0,  29.9,   2.8,  24.6,  0.890, -0.009,  0.000,5034484.9,  1,  21.4,   0.9, 0.100
2025-11-04 15:00:57,        0,  29.9,   2.6,  24.6,  3.112,  1.845,  0.008,5036064.1,  1,  21.4,   0.9, 0.100
2025-11-04 15:00:58,        0,  29.9,   2.6,  24.6,  1.170,  0.025,  0.000,5036086.7,  1,  21.4,   0.9, 0.100
2025-11-04 15:00:59,        0,  29.9,   2.6,  24.6,  1.006, -0.004,  0.000,5036082.1,  1,  21.4,   0.9, 0.100
2025-11-04 15:01:00,        0,  30.0,   2.9,  24.6,  3.078,  1.813,  0.007,5037535.5,  1,  21.4,   0.8, 0.100
2025-11-04 15:01:01,        0,  29.9,   2.8,  24.7,  5.450,  4.370,  0.024,5041719.8,  1,  21.4,   0.9, 0.100
2025-11-04 15:01:02,        0,  29.7,   2.1,  24.6,  5.473,  4.393,  0.024,5045596.0,  1,  21.4,   0.9, 0.100
2025-11-04 15:01:03,        0,  29.5,   1.6,  24.7,  1.202,  0.037,  0.000,5045807.6,  1,  21.4,   0.8, 0.100
2025-11-04 15:01:04,        0,  29.6,   1.9,  24.6,  1.052,  0.001,  0.000,5045807.6,  1,  21.4,   0.9, 0.100
2025-11-04 15:01:05,        0,  29.6,   1.9,  24.6,  0.968, -0.007,  0.000,5045802.2,  1,  21.4,   0.8, 0.100
2025-11-04 15:01:06,        0,  29.6,   1.9,  24.6,  0.933, -0.008,  0.000,5045793.8,  1,  21.4,   0.8, 0.100
2025-11-04 15:01:07,        0,  29.6,   1.8,  24.6,  0.901, -0.008,  0.000,5045785.8,  1,  21.4,   0.8, 0.100
2025-11-04 15:01:08,        0,  29.6,   1.9,  24.6,  0.860, -0.009,  0.000,5045777.0,  1,  21.4,   0.9, 0.100
2025-11-04 15:01:09,        0,  29.6,   1.9,  24.6,  0.835, -0.009,  0.000,5045768.2,  1,  21.4,   0.9, 0.100
2025-11-04 15:01:10,        0,  29.6,   1.8,  24.6,  0.802, -0.008,  0.000,5045761.1,  1,  21.4,   0.8, 0.100
2025-11-04 15:01:11,        0,  29.7,   2.1,  24.6,  0.783, -0.009,  0.000,5045753.2,  1,  21.4,   0.9, 0.100
2025-11-04 15:01:12,        0,  29.7,   2.1,  24.6,  0.756, -0.009,  0.000,5045742.7,  1,  21.4,   0.9, 0.100
2025-11-04 15:01:13,        0,  29.8,   2.3,  24.6,  0.741, -0.009,  0.000,5045733.5,  1,  21.4,   0.9, 0.100
2025-11-04 15:01:14,        0,  29.9,   2.6,  24.6,  0.728, -0.009,  0.000,5045725.5,  1,  21.4,   0.9, 0.100
2025-11-04 15:01:15,        0,  29.8,   2.5,  24.6,  0.709, -0.009,  0.000,5045717.1,  1,  21.4,   0.9, 0.100
2025-11-04 15:01:16,        0,  29.9,   2.6,  24.6,  4.502,  3.355,  0.017,5047616.0,  1,  21.4,   0.9, 0.100
2025-11-04 15:01:17,        0,  29.9,   2.6,  24.7,  5.438,  4.372,  0.024,5050536.3,  1,  21.4,   1.0, 0.100
2025-11-04 15:01:18,        0,  29.6,   1.8,  24.6,  3.484,  2.247,  0.010,5052672.0,  1,  21.4,   1.0, 0.100
2025-11-04 15:01:19,        0,  29.8,   2.3,  24.6,  1.173,  0.032,  0.000,5052700.5,  1,  21.4,   1.0, 0.100
2025-11-04 15:01:20,        0,  29.5,   1.6,  24.6,  0.999, -0.004,  0.000,5052697.1,  1,  21.4,   1.0, 0.100
2025-11-04 15:01:21,        0,  29.6,   1.8,  24.6,  0.932, -0.007,  0.000,5052690.4,  1,  21.4,   1.0, 0.100
2025-11-04 15:01:22,        0,  29.7,   2.1,  24.6,  0.898, -0.008,  0.000,5052682.5,  1,  21.4,   1.0, 0.100
2025-11-04 15:01:23,        0,  29.6,   1.9,  24.6,  0.868, -0.008,  0.000,5052674.1,  1,  21.4,   1.0, 0.100
2025-11-04 15:01:24,        0,  29.7,   2.1,  24.6,  0.827, -0.008,  0.000,5052665.3,  1,  21.4,   1.0, 0.100
2025-11-04 15:01:25,        0,  29.8,   2.3,  24.6,  0.803, -0.008,  0.000,5052657.3,  1,  21.4,   1.0, 0.100
2025-11-04 15:01:26,        0,  29.7,   2.1,  24.6,  0.771, -0.009,  0.000,5052649.0,  1,  21.4,   1.0, 0.100
2025-11-04 15:01:27,        0,  29.7,   2.1,  24.7,  0.752, -0.008,  0.000,5052641.8,  1,  21.4,   1.0, 0.100
2025-11-04 15:01:28,        0,  29.8,   2.3,  24.6,  0.727, -0.008,  0.000,5052631.8,  1,  21.4,   1.0, 0.100
2025-11-04 15:01:29,        0,  29.8,   2.5,  24.6,  0.714, -0.008,  0.000,5052623.8,  1,  21.4,   1.0, 0.100
2025-11-04 15:01:30,        0,  29.8,   2.5,  24.7,  0.700, -0.008,  0.000,5052616.3,  1,  21.4,   1.0, 0.100
2025-11-04 15:01:31,        0,  29.8,   2.5,  24.6,  0.682, -0.008,  0.000,5052607.9,  1,  21.4,   1.0, 0.100
2025-11-04 15:01:32,        0,  29.8,   2.3,  24.7,  0.672, -0.008,  0.000,5052599.1,  1,  21.4,   1.0, 0.100
2025-11-04 15:01:33,        0,  29.9,   2.6,  24.6,  0.656, -0.009,  0.000,5052590.7,  1,  21.4,   1.0, 0.100
2025-11-04 15:01:34,        0,  29.9,   2.6,  24.6,  0.647, -0.008,  0.000,5052582.7,  1,  21.4,   1.0, 0.100
2025-11-04 15:01:35,        0,  29.9,   2.8,  24.6,  1.964,  1.247,  0.007,5054097.3,  1,  21.4,   1.0, 0.100
2025-11-04 15:01:36,        0,  29.9,   2.8,  24.6,  5.436,  4.368,  0.024,5059168.8,  1,  21.4,   1.0, 0.100
2025-11-04 15:01:37,        0,  29.7,   2.1,  24.6,  4.476,  3.318,  0.016,5061373.7,  1,  21.4,   1.0, 0.100
2025-11-04 15:01:38,        0,  29.5,   1.4,  24.6,  1.105,  0.012,  0.000,5061402.6,  1,  21.4,   1.0, 0.100
2025-11-04 15:01:39,        0,  29.5,   1.6,  24.6,  1.008, -0.002,  0.000,5061401.3,  1,  21.4,   1.0, 0.100
2025-11-04 15:01:40,        0,  29.6,   1.8,  24.6,  0.955, -0.007,  0.000,5061395.0,  1,  21.4,   1.0, 0.100
2025-11-04 15:01:41,        0,  29.5,   1.6,  24.6,  0.900, -0.008,  0.000,5061385.8,  1,  21.4,   1.0, 0.100
2025-11-04 15:01:42,        0,  29.5,   1.6,  24.6,  0.869, -0.007,  0.000,5061378.3,  1,  21.4,   1.0, 0.100
2025-11-04 15:01:43,        0,  29.6,   1.8,  24.6,  0.827, -0.008,  0.000,5061370.7,  1,  21.4,   1.0, 0.100
2025-11-04 15:01:44,        0,  29.6,   1.9,  24.6,  0.802, -0.008,  0.000,5061363.2,  1,  21.4,   1.0, 0.100
2025-11-04 15:01:45,        0,  29.6,   1.8,  24.6,  0.767, -0.008,  0.000,5061353.6,  1,  21.4,   1.0, 0.100
2025-11-04 15:01:46,        0,  29.6,   1.8,  24.7,  0.749, -0.008,  0.000,5061345.6,  1,  21.4,   1.0, 0.100
2025-11-04 15:01:47,        0,  29.6,   1.8,  24.7,  0.724, -0.009,  0.000,5061337.6,  1,  21.4,   0.9, 0.100
2025-11-04 15:01:48,        0,  29.6,   1.9,  24.6,  0.709, -0.008,  0.000,5061329.7,  1,  21.4,   0.9, 0.100
2025-11-04 15:01:49,        0,  29.6,   1.8,  24.6,  0.696, -0.008,  0.000,5061322.1,  1,  21.4,   0.9, 0.100
2025-11-04 15:01:50,        0,  29.7,   2.1,  24.7,  0.677, -0.009,  0.000,5061312.1,  1,  21.4,   0.9, 0.100
2025-11-04 15:01:51,        0,  29.7,   2.1,  24.7,  0.666, -0.008,  0.000,5061304.1,  1,  21.4,   0.9, 0.100
2025-11-04 15:01:52,        0,  29.7,   2.1,  24.6,  0.650, -0.008,  0.000,5061296.6,  1,  21.4,   0.9, 0.100
2025-11-04 15:01:53,        0,  29.7,   2.1,  24.6,  0.640, -0.008,  0.000,5061289.0,  1,  21.4,   0.9, 0.100
2025-11-04 15:01:54,        0,  29.7,   2.1,  24.6,  0.626, -0.008,  0.000,5061279.4,  1,  21.4,   0.9, 0.100
2025-11-04 15:01:55,        0,  29.6,   1.9,  24.6,  0.618, -0.008,  0.000,5061271.0,  1,  21.4,   0.9, 0.100
2025-11-04 15:01:56,        0,  29.7,   2.1,  24.6,  0.609, -0.008,  0.000,5061263.5,  1,  21.4,   0.9, 0.100
2025-11-04 15:01:57,        0,  29.8,   2.5,  24.7,  0.597, -0.008,  0.000,5061256.3,  1,  21.4,   0.9, 0.100
2025-11-04 15:01:58,        0,  29.8,   2.5,  24.6,  0.590, -0.008,  0.000,5061248.4,  1,  21.4,   0.9, 0.100
2025-11-04 15:01:59,        0,  29.8,   2.5,  24.6,  0.579, -0.008,  0.000,5061239.6,  1,  21.4,   0.9, 0.100
2025-11-04 15:02:00,        0,  29.8,   2.5,  24.6,  0.572, -0.007,  0.000,5061232.0,  1,  21.4,   0.9, 0.100
2025-11-04 15:02:01,        0,  29.8,   2.4,  24.6,  0.564, -0.007,  0.000,5061225.3,  1,  21.4,   0.9, 0.100
2025-11-04 15:02:02,        0,  29.8,   2.3,  24.6,  0.554, -0.007,  0.000,5061218.2,  1,  21.4,   0.9, 0.100
2025-11-04 15:02:03,        0,  29.8,   2.3,  24.7,  0.545, -0.007,  0.000,5061210.6,  1,  21.4,   0.8, 0.100
2025-11-04 15:02:04,        0,  29.9,   2.6,  24.6,  0.539, -0.007,  0.000,5061203.5,  1,  21.4,   0.8, 0.100
2025-11-04 15:02:05,        0,  29.8,   2.5,  24.6,  0.532, -0.007,  0.000,5061196.8,  1,  21.4,   0.9, 0.100
2025-11-04 15:02:06,        0,  29.9,   2.6,  24.6,  0.523, -0.007,  0.000,5061189.7,  1,  21.4,   0.8, 0.100
2025-11-04 15:02:07,        0,  29.8,   2.4,  24.6,  4.092,  2.916,  0.015,5064277.6,  1,  21.4,   0.8, 0.100
2025-11-04 15:02:08,        0,  29.7,   2.1,  24.6,  1.235,  0.058,  0.000,5065377.3,  1,  21.4,   0.8, 0.100
2025-11-04 15:02:09,        0,  29.5,   1.4,  24.6,  1.039,  0.004,  0.000,5065383.2,  1,  21.4,   0.9, 0.100
2025-11-04 15:02:10,        0,  29.5,   1.6,  24.6,  0.965, -0.005,  0.000,5065379.0,  1,  21.4,   0.9, 0.100
2025-11-04 15:02:11,        0,  29.6,   1.9,  24.6,  0.897, -0.007,  0.000,5065372.3,  1,  21.4,   0.9, 0.100
2025-11-04 15:02:12,        0,  29.7,   2.1,  24.6,  0.863, -0.007,  0.000,5065363.9,  1,  21.4,   0.9, 0.100
2025-11-04 15:02:13,        0,  29.7,   2.1,  24.6,  0.818, -0.008,  0.000,5065356.8,  1,  21.4,   0.9, 0.100
2025-11-04 15:02:14,        0,  29.7,   2.1,  24.6,  0.793, -0.008,  0.000,5065349.2,  1,  21.4,   0.9, 0.100
2025-11-04 15:02:15,        0,  29.7,   2.1,  24.6,  0.769, -0.008,  0.000,5065342.1,  1,  21.4,   0.9, 0.100
2025-11-04 15:02:16,        0,  29.7,   2.1,  24.6,  0.738, -0.009,  0.000,5065332.0,  1,  21.4,   1.0, 0.100
2025-11-04 15:02:17,        0,  29.7,   2.1,  24.6,  0.720, -0.008,  0.000,5065323.6,  1,  21.4,   1.0, 0.100
2025-11-04 15:02:18,        0,  29.7,   2.1,  24.6,  0.695, -0.008,  0.000,5065316.5,  1,  21.4,   0.9, 0.100
2025-11-04 15:02:19,        0,  29.7,   2.1,  24.6,  0.680, -0.008,  0.000,5065308.6,  1,  21.4,   1.0, 0.100
2025-11-04 15:02:20,        0,  29.8,   2.3,  24.6,  0.667, -0.008,  0.000,5065301.0,  1,  21.4,   1.0, 0.100
2025-11-04 15:02:21,        0,  29.8,   2.3,  24.6,  0.649, -0.008,  0.000,5065291.4,  1,  21.4,   1.0, 0.100
2025-11-04 15:02:22,        0,  29.8,   2.3,  24.6,  0.631, -0.008,  0.000,5065284.7,  1,  21.4,   1.0, 0.100
2025-11-04 15:02:23,        0,  29.7,   2.1,  24.6,  0.620, -0.008,  0.000,5065276.7,  1,  21.4,   1.0, 0.100
2025-11-04 15:02:24,        0,  29.7,   2.1,  24.6,  0.609, -0.008,  0.000,5065269.2,  1,  21.4,   1.0, 0.100
2025-11-04 15:02:25,        0,  29.8,   2.5,  24.6,  0.595, -0.007,  0.000,5065260.4,  1,  21.4,   1.0, 0.100
2025-11-04 15:02:26,        0,  29.7,   2.1,  24.6,  0.586, -0.007,  0.000,5065253.7,  1,  21.4,   1.0, 0.100
2025-11-04 15:02:27,        0,  29.7,   2.1,  24.6,  0.573, -0.007,  0.000,5065246.1,  1,  21.4,   1.0, 0.100
2025-11-04 15:02:28,        0,  29.8,   2.3,  24.6,  0.565, -0.007,  0.000,5065239.4,  1,  21.4,   1.0, 0.100
2025-11-04 15:02:29,        0,  29.8,   2.5,  24.6,  0.558, -0.007,  0.000,5065232.3,  1,  21.4,   1.0, 0.100
2025-11-04 15:02:30,        0,  29.8,   2.3,  24.6,  0.546, -0.007,  0.000,5065223.9,  1,  21.4,   1.0, 0.100
2025-11-04 15:02:31,        0,  29.8,   2.5,  24.6,  0.538, -0.007,  0.000,5065217.2,  1,  21.4,   1.0, 0.100
2025-11-04 15:02:32,        0,  29.8,   2.5,  24.6,  0.528, -0.007,  0.000,5065210.9,  1,  21.4,   1.0, 0.100
2025-11-04 15:02:33,        0,  29.8,   2.4,  24.6,  0.521, -0.007,  0.000,5065204.6,  1,  21.4,   1.0, 0.100
2025-11-04 15:02:34,        0,  29.8,   2.4,  24.6,  0.512, -0.007,  0.000,5065196.7,  1,  21.4,   1.0, 0.100
2025-11-04 15:02:35,        0,  29.9,   2.6,  24.6,  0.505, -0.007,  0.000,5065189.5,  1,  21.4,   1.0, 0.100
2025-11-04 15:02:36,        0,  29.8,   2.5,  24.6,  0.499, -0.007,  0.000,5065183.2,  1,  21.4,   0.9, 0.100
2025-11-04 15:02:37,        0,  29.8,   2.4,  24.6,  0.491, -0.007,  0.000,5065177.0,  1,  21.4,   0.9, 0.100
2025-11-04 15:02:38,        0,  29.9,   2.6,  24.6,  0.484, -0.006,  0.000,5065169.4,  1,  21.4,   0.9, 0.100
2025-11-04 15:02:39,        0,  29.9,   2.6,  24.6,  3.077,  2.337,  0.013,5066835.3,  1,  21.4,   0.9, 0.100
2025-11-04 15:02:40,        0,  29.9,   2.6,  24.6,  5.439,  4.373,  0.024,5071001.1,  1,  21.4,   0.8, 0.100
2025-11-04 15:02:41,        0,  29.8,   2.3,  24.6,  4.220,  3.039,  0.015,5074604.1,  1,  21.4,   0.9, 0.100
2025-11-04 15:02:42,        0,  29.4,   1.1,  24.6,  1.203,  0.044,  0.000,5074738.6,  1,  21.4,   0.8, 0.100
2025-11-04 15:02:43,        0,  29.1,   0.4,  24.6,  0.999, -0.003,  0.000,5074740.3,  1,  21.4,   0.9, 0.100
2025-11-04 15:02:44,        0,  29.4,   1.1,  24.6,  0.947, -0.006,  0.000,5074734.8,  1,  21.4,   0.9, 0.100
2025-11-04 15:02:45,        0,  29.4,   1.1,  24.6,  0.909, -0.007,  0.000,5074727.7,  1,  21.4,   0.8, 0.100
2025-11-04 15:02:46,        0,  29.4,   1.1,  24.6,  0.858, -0.008,  0.000,5074720.2,  1,  21.4,   0.8, 0.100
2025-11-04 15:02:47,        0,  29.4,   1.1,  24.6,  0.829, -0.008,  0.000,5074711.8,  1,  21.4,   0.8, 0.100
2025-11-04 15:02:48,        0,  29.4,   1.1,  24.6,  0.789, -0.008,  0.000,5074704.3,  1,  21.4,   0.8, 0.100
2025-11-04 15:02:49,        0,  29.3,   0.8,  24.6,  0.765, -0.008,  0.000,5074697.5,  1,  21.4,   0.8, 0.100
2025-11-04 15:02:50,        0,  29.4,   1.1,  24.6,  0.744, -0.008,  0.000,5074689.6,  1,  21.4,   0.9, 0.100
2025-11-04 15:02:51,        0,  29.4,   1.1,  24.6,  0.717, -0.008,  0.000,5074680.4,  1,  21.4,   0.8, 0.100
2025-11-04 15:02:52,        0,  29.4,   1.1,  24.6,  0.700, -0.008,  0.000,5074672.4,  1,  21.4,   0.9, 0.100
2025-11-04 15:02:53,        0,  29.4,   1.1,  24.6,  0.679, -0.008,  0.000,5074664.0,  1,  21.4,   0.9, 0.100
2025-11-04 15:02:54,        0,  29.4,   1.3,  24.6,  0.665, -0.009,  0.000,5074656.1,  1,  21.4,   0.8, 0.100
2025-11-04 15:02:55,        0,  29.4,   1.3,  24.6,  0.652, -0.008,  0.000,5074649.4,  1,  21.4,   0.9, 0.100
2025-11-04 15:02:56,        0,  29.4,   1.1,  24.6,  0.634, -0.008,  0.000,5074640.1,  1,  21.4,   0.9, 0.100
2025-11-04 15:02:57,        0,  29.4,   1.3,  24.6,  0.618, -0.007,  0.000,5074632.2,  1,  21.4,   0.8, 0.100
2025-11-04 15:02:58,        0,  29.4,   1.1,  24.6,  0.607, -0.007,  0.000,5074625.0,  1,  21.4,   0.9, 0.100
2025-11-04 15:02:59,        0,  29.3,   0.9,  24.6,  0.597, -0.008,  0.000,5074618.3,  1,  21.4,   0.9, 0.100
2025-11-04 15:03:00,        0,  29.4,   1.1,  24.6,  0.583, -0.007,  0.000,5074610.0,  1,  21.4,   0.9, 0.100
2025-11-04 15:03:01,        0,  29.5,   1.4,  24.6,  0.574, -0.007,  0.000,5074603.3,  1,  21.4,   0.9, 0.100
2025-11-04 15:03:02,        0,  29.4,   1.3,  24.6,  0.561, -0.007,  0.000,5074595.3,  1,  21.4,   0.9, 0.100
2025-11-04 15:03:03,        0,  29.4,   1.3,  24.6,  0.553, -0.007,  0.000,5074588.6,  1,  21.4,   0.9, 0.100
2025-11-04 15:03:04,        0,  29.4,   1.3,  24.6,  0.545, -0.007,  0.000,5074583.1,  1,  21.4,   0.9, 0.100
2025-11-04 15:03:05,        0,  29.4,   1.3,  24.6,  0.534, -0.007,  0.000,5074574.8,  1,  21.4,   0.9, 0.100
2025-11-04 15:03:06,        0,  29.4,   1.1,  24.5,  0.527, -0.007,  0.000,5074568.9,  1,  21.4,   0.9, 0.100
2025-11-04 15:03:07,        0,  29.4,   1.1,  24.6,  0.516, -0.006,  0.000,5074562.2,  1,  21.4,   0.9, 0.100
2025-11-04 15:03:08,        0,  29.4,   1.3,  24.6,  0.510, -0.007,  0.000,5074555.9,  1,  21.4,   0.9, 0.100
2025-11-04 15:03:09,        0,  29.4,   1.3,  24.6,  0.500, -0.007,  0.000,5074548.8,  1,  21.4,   0.8, 0.100
2025-11-04 15:03:10,        0,  29.4,   1.1,  24.6,  0.493, -0.006,  0.000,5074542.1,  1,  21.4,   0.9, 0.100
2025-11-04 15:03:11,        0,  29.5,   1.4,  24.6,  0.488, -0.007,  0.000,5074535.8,  1,  21.4,   0.9, 0.100
2025-11-04 15:03:12,        0,  29.4,   1.1,  24.6,  0.479, -0.006,  0.000,5074530.3,  1,  21.4,   0.8, 0.100
2025-11-04 15:03:13,        0,  29.4,   1.3,  24.6,  0.474, -0.007,  0.000,5074523.6,  1,  21.4,   0.9, 0.100
2025-11-04 15:03:14,        0,  29.5,   1.4,  24.6,  0.466, -0.006,  0.000,5074516.5,  1,  21.4,   0.9, 0.100
2025-11-04 15:03:15,        0,  29.5,   1.4,  24.6,  0.461, -0.006,  0.000,5074510.6,  1,  21.4,   1.0, 0.100
2025-11-04 15:03:16,        0,  29.4,   1.3,  24.6,  0.456, -0.006,  0.000,5074504.8,  1,  21.4,   0.9, 0.100
2025-11-04 15:03:17,        0,  29.5,   1.4,  24.6,  0.449, -0.006,  0.000,5074498.1,  1,  21.4,   0.9, 0.100
2025-11-04 15:03:18,        0,  29.4,   1.3,  24.6,  0.442, -0.005,  0.000,5074492.6,  1,  21.4,   1.0, 0.100
2025-11-04 15:03:19,        0,  29.5,   1.4,  24.6,  0.438, -0.006,  0.000,5074486.7,  1,  21.4,   0.9, 0.100
2025-11-04 15:03:20,        0,  29.5,   1.4,  24.5,  0.433, -0.005,  0.000,5074480.9,  1,  21.4,   1.0, 0.100
2025-11-04 15:03:21,        0,  29.5,   1.4,  24.6,  0.426, -0.006,  0.000,5074474.2,  1,  21.4,   1.0, 0.100
2025-11-04 15:03:22,        0,  29.5,   1.4,  24.6,  0.422, -0.005,  0.000,5074469.1,  1,  21.4,   1.0, 0.100
2025-11-04 15:03:23,        0,  29.5,   1.4,  24.6,  0.418, -0.005,  0.000,5074463.7,  1,  21.4,   1.0, 0.100
2025-11-04 15:03:24,        0,  29.5,   1.6,  24.6,  0.413, -0.005,  0.000,5074458.2,  1,  21.4,   1.0, 0.100
2025-11-04 15:03:25,        0,  29.5,   1.6,  24.6,  0.407, -0.005,  0.000,5074451.5,  1,  21.4,   1.0, 0.100
2025-11-04 15:03:26,        0,  29.5,   1.4,  24.6,  0.402, -0.005,  0.000,5074446.5,  1,  21.4,   1.0, 0.100
2025-11-04 15:03:27,        0,  29.4,   1.3,  24.5,  0.399, -0.006,  0.000,5074441.1,  1,  21.4,   1.0, 0.100
2025-11-04 15:03:28,        0,  29.5,   1.4,  24.6,  0.394, -0.005,  0.000,5074435.6,  1,  21.4,   1.0, 0.100
2025-11-04 15:03:29,        0,  29.4,   1.1,  24.6,  0.391, -0.005,  0.000,5074429.3,  1,  21.4,   1.0, 0.100
2025-11-04 15:03:30,        0,  29.5,   1.4,  24.6,  0.386, -0.005,  0.000,5074424.7,  1,  21.4,   1.0, 0.100
2025-11-04 15:03:31,        0,  29.5,   1.4,  24.6,  0.383, -0.005,  0.000,5074418.8,  1,  21.4,   1.0, 0.100
2025-11-04 15:03:32,        0,  29.5,   1.4,  24.6,  0.379, -0.005,  0.000,5074414.7,  1,  21.4,   1.0, 0.100
2025-11-04 15:03:33,        0,  29.5,   1.6,  24.6,  0.375, -0.005,  0.000,5074409.6,  1,  21.4,   1.0, 0.100
2025-11-04 15:03:34,        0,  29.5,   1.4,  24.6,  0.371, -0.005,  0.000,5074403.3,  1,  21.4,   0.9, 0.100
2025-11-04 15:03:35,        0,  29.5,   1.4,  24.5,  0.367, -0.005,  0.000,5074398.3,  1,  21.4,   0.9, 0.100
2025-11-04 15:03:36,        0,  29.5,   1.4,  24.5,  0.364, -0.005,  0.000,5074394.1,  1,  21.4,   0.9, 0.100
2025-11-04 15:03:37,        0,  29.4,   1.3,  24.6,  0.361, -0.005,  0.000,5074389.5,  1,  21.4,   0.9, 0.100
