Time, Cnts,  %T, set_Cell[mA], Cell[°C], Cell[Volt], Cell[mA], Cell[W], Cell[uAs], Cell_ON, Env[°C], TEC[°C], N2Flow[slpm]
2025-11-13 14:28:36,        0,  29.6,   1.9,  25.6,  0.178, -0.003,  0.000,     -0.9,  1,  22.4,   0.9, 0.100
2025-11-13 14:28:37,        0,  29.8,   2.3,  25.7,  0.177, -0.003,  0.000,     -3.4,  1,  22.4,   0.9, 0.100
2025-11-13 14:28:38,        0,  29.8,   2.3,  25.7,  0.177, -0.003,  0.000,     -6.0,  1,  22.4,   0.9, 0.100
2025-11-13 14:28:38,        0,  29.8,   2.5,  25.7,  0.177, -0.002,  0.000,     -8.3,  1,  22.4,   1.0, 0.100
2025-11-13 14:28:39,        0,  29.8,   2.3,  25.7,  0.176, -0.003,8005.878,    -10.6,  1,  22.4,   1.0, 0.100
2025-11-13 14:28:41,        0,  29.8,   2.3,  25.7,  0.175, -0.003,  0.000,    -13.4,  1,  22.4,   0.9, 0.099
2025-11-13 14:28:42,        0,  29.8,   2.3,  25.7,  0.175, -0.003,  0.000,    -15.7,  1,  22.4,   0.9, 0.099
2025-11-13 14:28:42,        0,  29.8,   2.3,  25.7,  0.175, -0.002,  0.000,    -18.0,  1,  22.4,   0.9, 0.099
2025-11-13 14:28:43,        0,  29.8,   2.3,  25.7,  0.174, -0.002,  0.000,    -20.3,  1,  22.4,   0.9, 0.099
2025-11-13 14:28:45,        0,  29.8,   2.3,  25.7,  0.173, -0.003,  0.000,    -23.2,  1,  22.4,   0.9, 0.099
2025-11-13 14:28:46,        0,  29.8,   2.3,  25.7,  0.173, -0.003,  0.000,    -25.5,  1,  22.4,   0.8, 0.099
2025-11-13 14:28:46,        0,  29.8,   2.3,  25.7,  0.173, -0.002,  0.000,    -27.8,  1,  22.4,   0.9, 0.099
2025-11-13 14:28:48,        0,  29.8,   2.3,  25.7,  0.172, -0.002,  0.000,    -30.3,  1,  22.4,   0.9, 0.099
2025-11-13 14:28:49,        0,  29.8,   2.3,  25.7,  0.172, -0.002,  0.000,    -32.9,  1,  22.4,   0.9, 0.099
2025-11-13 14:28:49,        0,  29.8,   2.5,  25.7,  0.171, -0.003,  0.000,    -35.5,  1,  22.4,   0.8, 0.099
2025-11-13 14:28:50,        0,  29.8,   2.3,  25.7,  0.171, -0.002,  0.000,    -37.8,  1,  22.4,   0.8, 0.099
2025-11-13 14:28:52,        0,  29.8,   2.3,  25.7,  0.170, -0.002,  0.000,    -40.3,  1,  22.4,   0.9, 0.100
2025-11-13 14:28:53,        0,  29.8,   2.5,  25.8,  0.170, -0.002,  0.000,    -42.1,  1,  22.4,   0.8, 0.100
2025-11-13 14:28:53,        0,  30.0,   3.0,  25.7,  0.170, -0.002,  0.000,    -44.3,  1,  22.4,   0.8, 0.100
2025-11-13 14:28:55,        0,  30.3,   4.0,  25.7,  7.345,  4.997,  0.037,   5243.4,  1,  22.4,   0.9, 0.100
2025-11-13 14:28:56,        0,  31.0,   6.1,  25.8,  8.911,  6.355,  0.057,  11244.1,  1,  22.4,   0.9, 0.100
2025-11-13 14:28:56,        0,  31.4,   7.2,  25.7, 10.844,  8.041,  0.087,  18622.4,  1,  22.4,   0.9, 0.100
2025-11-13 14:28:57,        0,  32.1,   9.3,  25.7, 10.835,  8.039,  0.088,77727001190.2,  1,  22.4,   0.9, 0.100
2025-11-13 14:28:59,        0,  33.2,  12.7,  25.7, 15.043, 11.719,  0.176,  39542.8,  1,  22.4,   0.9, 0.101
2025-11-13 14:29:00,        0,  33.3,  12.9,  25.7, 17.963, 14.289,  0.257,  53346.1,  1,  22.4,   0.8, 0.103
2025-11-13 14:29:00,        0,  34.6,  16.9,  25.7, 19.081, 15.291,  0.293,  67738.2,  1,  22.4,   1.0, 0.106
2025-11-13 14:29:01,        0,  34.6,  16.7,  25.7, 23.095, 18.874,  0.436,  86589.7,  1,  22.4,   0.9, 0.101
2025-11-13 14:29:03,        0,  38.3,  27.9,  25.6, 27.712, 22.997,  0.638, 113620.7,  1,  22.4,   0.9, 0.099
2025-11-13 14:29:04,        0,  36.7,  23.0,  25.6, 29.602, 24.838,  0.736, 139528.9,  1,  22.4,   0.8, 0.099
2025-11-13 14:29:04,        0,  38.1,  27.2,  25.6, 32.782, 27.756,  0.922, 166266.6,  1,  22.4,   0.9, 0.099
2025-11-13 14:29:05,        0,  40.1,  33.3,  25.7, 37.178, 31.904,  1.187, 196882.7,  1,  22.4,   0.9, 0.099
2025-11-13 14:29:07,        0,  41.0,  35.9,  25.7, 45.691, 39.980,  1.830, 242109.8,  1,  22.4,   0.9, 0.102
2025-11-13 14:29:08,        0,  40.4,  34.1,  25.7, 38.623, 33.768,  1.317, 276556.2,  1,  22.4,   0.9, 0.102
2025-11-13 14:29:08,        0,  43.7,  44.1,  25.6, 48.302, 43.025,  2.082, 315594.9,  1,  22.4,   0.9, 0.101
2025-11-13 14:29:09,        0,  41.1,  36.4,  25.7, 47.012, 42.225,  1.987, 358174.3,  1,  22.4,   0.9, 0.100
2025-11-13 14:29:11,        0,  43.6,  43.7,  25.7, 39.391, 35.240,  1.401, 401226.7,  1,  22.4,   0.9, 0.100
2025-11-13 14:29:12,        0,  40.5,  34.5,  25.7, 51.814, 47.252,  2.455, 444435.9,  1,  22.4,   0.9, 0.100
2025-11-13 14:29:12,        0,  38.8,  29.3,  25.7, 46.756, 42.561,  1.995, 485008.6,  1,  22.4,   0.9, 0.100
2025-11-13 14:29:13,        0,  41.8,  38.5,  25.7, 43.736, 39.869,  1.744, 520588.9,  1,  22.4,   0.9, 0.100
2025-11-13 14:29:15,        0,  38.4,  28.2,  25.7, 40.057, 36.431,  1.460, 564687.2,  1,  22.4,   1.0, 0.100
2025-11-13 14:29:16,        0,  42.0,  39.0,  25.7, 36.096, 32.557,  1.185, 596812.0,  1,  22.4,   1.0, 0.100
2025-11-13 14:29:16,        0,  42.1,  39.2,  25.7, 44.023, 40.199,  1.793, 636696.1,  1,  22.4,   1.0, 0.100
2025-11-13 14:29:17,        0,  41.8,  38.3,  25.7, 47.198, 43.415,  2.050, 677832.7,  1,  22.4,   1.0, 0.100
2025-11-13 14:29:19,        0,  43.5,  43.4,  25.7, 41.120, 37.624,  1.564, 725601.2,  1,  22.4,   1.0, 0.100
2025-11-13 14:29:20,        0,  40.6,  34.7,  25.7, 48.462, 44.911,  2.182, 770053.0,  1,  22.4,   1.0, 0.100
2025-11-13 14:29:20,        0,  43.2,  42.7,  25.8, 42.170, 38.907,  1.652, 807368.1,  1,  22.4,   1.0, 0.100
2025-11-13 14:29:21,        0,  41.4,  37.3,  25.7, 51.617, 48.293,  2.493, 852828.3,  1,  22.4,   1.0, 0.100
2025-11-13 14:29:23,        0,  41.8,  38.5,  25.8, 41.921, 38.809,  1.645, 898093.5,  1,  22.4,   1.0, 0.100
2025-11-13 14:29:24,        0,  42.6,  40.8,  25.8, 46.518, 43.361,  2.022, 939876.4,  1,  22.4,   1.0, 0.100
2025-11-13 14:29:24,        0,  43.2,  42.7,  25.7, 49.010, 45.935,  2.251, 983571.1,  1,  22.4,   1.0, 0.100
2025-11-13 14:29:25,        0,  40.7,  35.0,  25.8, 48.433, 45.594,  2.210,1027428.0,  1,  22.4,   1.0, 0.100
2025-11-13 14:29:27,        0,  35.8,  20.4,  25.8, 49.098, 46.268,  2.288,1078500.7,  1,  22.4,   1.0, 0.100
2025-11-13 14:29:28,        0,  43.4,  43.2,  25.7, 41.014, 38.122,  1.584,1110014.6,  1,  22.4,   1.0, 0.100
2025-11-13 14:29:28,        0,  42.5,  40.4,  25.7, 36.438, 33.727,  1.235,1145537.8,  1,  22.4,   1.0, 0.100
2025-11-13 14:29:30,        0,  42.6,  40.8,  25.8, 50.873, 47.996,  2.444,1198650.3,  1,  22.4,   1.0, 0.100
2025-11-13 14:29:31,        0,  41.0,  36.1,  25.8, 43.356, 40.668,  1.780,1235368.1,  1,  22.4,   1.0, 0.100
2025-11-13 14:29:32,        0,  40.0,  33.1,  25.8, 45.737, 45.412,  2.195,1276734.1,  1,  22.4,   1.0, 0.100
2025-11-13 14:29:32,        0,  42.3,  39.9,  25.8, 44.094, 41.284,  1.828,1315373.8,  1,  22.4,   1.0, 0.100
2025-11-13 14:29:34,        0,  42.5,  40.4,  25.8, 49.551, 46.728,  2.317,1365106.8,  1,  22.4,   1.0, 0.100
2025-11-13 14:29:35,        0,  40.6,  34.7,  25.8, 46.556, 43.910,  2.045,1407307.5,  1,  22.4,   1.0, 0.100
2025-11-13 14:29:36,        0,  45.4,  49.3,  25.8, 52.576, 49.876,  2.633,1451080.0,  1,  22.4,   0.9, 0.100
2025-11-13 14:29:36,        0,  43.9,  44.6,  25.8, 44.841, 42.502,  1.911,1495102.9,  1,  22.4,   1.0, 0.100
2025-11-13 14:29:38,        0,  45.0,  47.9,  25.8, 55.660, 53.500,  2.978,1554459.1,  1,  22.4,   0.9, 0.100
2025-11-13 14:29:39,        0,  43.4,  43.2,  25.8, 48.518, 46.595,  2.261,1600532.7,  1,  22.4,   0.9, 0.100
2025-11-13 14:29:40,        0,  41.6,  37.8,  25.8, 46.476, 44.554,  2.103,1643332.7,  1,  22.4,   0.9, 0.100
2025-11-13 14:29:40,        0,  42.2,  39.7,  25.8, 46.657, 44.659,  2.115,1687375.7,  1,  22.4,   0.9, 0.100
2025-11-13 14:29:41,        0,  45.7,  50.2,  25.8, 45.597, 43.667,  2.004,1728233.0,  1,  22.4,   0.9, 0.100
2025-11-13 14:29:43,        0,  40.6,  34.7,  25.8, 48.323, 46.470,  2.248,1785668.7,  1,  22.4,   0.9, 0.100
2025-11-13 14:29:44,        0,  37.0,  24.0,  25.8, 52.297, 50.579,  2.648,1829328.4,  1,  22.4,   0.9, 0.100
2025-11-13 14:29:44,        0,  48.6,  58.9,  25.8, 53.224, 51.444,  2.754,1873145.2,  1,  22.4,   0.9, 0.100
2025-11-13 14:29:45,        0,  43.3,  42.8,  25.8, 51.562, 50.243,  2.616,1921673.0,  1,  22.4,   1.0, 0.100
2025-11-13 14:29:47,        0,  47.7,  56.2,  25.8, 54.463, 53.115,  2.896,1981534.5,  1,  22.4,   0.9, 0.100
2025-11-13 14:29:48,        0,  38.7,  29.1,  25.8, 54.614, 53.590,  2.976,2030149.8,  1,  22.4,   1.0, 0.100
2025-11-13 14:29:48,        0,  46.0,  51.0,  25.8, 50.370, 49.048,  2.528,2069923.4,  1,  22.4,   1.0, 0.100
2025-11-13 14:29:49,        0,  43.5,  43.4,  25.8, 47.238, 46.119,  2.179,2117016.7,  1,  22.4,   1.0, 0.100
2025-11-13 14:29:51,        0,  44.4,  46.1,  25.8, 55.052, 54.171,  2.989,2178175.2,  1,  22.4,   1.0, 0.100
2025-11-13 14:29:52,        0,  42.4,  40.1,  25.8, 51.069, 50.099,  2.568,2226274.3,  1,  22.4,   1.0, 0.100
2025-11-13 14:29:52,        0,  46.2,  51.7,  25.9, 53.027, 52.060,  2.780,2277010.6,  1,  22.4,   1.0, 0.100
2025-11-13 14:29:53,        0,  40.3,  33.8,  25.8, 50.535, 49.866,  2.534,2326178.0,  1,  22.4,   0.9, 0.100
2025-11-13 14:29:55,        0,  43.2,  42.5,  25.9, 50.261, 49.471,  2.494,2380903.9,  1,  22.4,   1.0, 0.100
2025-11-13 14:29:56,        0,  44.0,  45.1,  25.9, 51.133, 50.182,  2.585,2427400.4,  1,  22.4,   0.9, 0.100
2025-11-13 14:29:56,        0,  40.6,  34.8,  25.9, 34.140, 32.802,  1.199,2467246.5,  1,  22.4,   1.0, 0.100
2025-11-13 14:29:57,        0,  45.4,  49.1,  25.9, 48.643, 47.645,  2.347,2513155.5,  1,  22.4,   0.9, 0.100
2025-11-13 14:29:59,        0,  42.2,  39.5,  25.9, 46.606, 45.761,  2.134,2566020.5,  1,  22.4,   0.9, 0.100
2025-11-13 14:30:00,        0,  44.4,  46.1,  25.9, 37.606, 36.389,  1.400,2605701.7,  1,  22.4,   0.9, 0.100
2025-11-13 14:30:00,        0,  40.3,  33.8,  25.9, 56.307, 55.606,  3.136,2655449.4,  1,  22.4,   0.9, 0.100
2025-11-13 14:30:02,        0,  44.0,  45.0,  25.9, 44.831, 43.712,  1.979,2707587.5,  1,  22.4,   0.9, 0.100
2025-11-13 14:30:03,        0,  41.8,  38.3,  26.0, 50.564, 49.664,  2.511,2754804.0,  1,  22.4,   0.8, 0.100
2025-11-13 14:30:04,        0,  44.5,  46.5,  26.0, 45.789, 44.800,  2.151,2800240.3,  1,  22.4,   0.9, 0.100
2025-11-13 14:30:04,        0,  43.1,  42.3,  25.9, 48.862, 48.046,  2.350,2847234.6,  1,  22.4,   0.8, 0.100
2025-11-13 14:30:05,        0,  43.3,  42.8,  26.0, 43.539, 42.543,  1.855,2889241.0,  1,  22.4,   0.9, 0.100
2025-11-13 14:30:07,        0,  43.6,  43.9,  26.0, 35.165, 33.656,  1.199,2930036.1,  1,  22.4,   0.8, 0.100
2025-11-13 14:30:08,        0,  40.8,  35.4,  26.0, 43.684, 42.386,  1.861,2971799.6,  1,  22.4,   0.8, 0.100
2025-11-13 14:30:08,        0,  39.6,  31.7,  26.0, 39.602, 38.115,  1.510,3007858.3,  1,  22.4,   0.8, 0.100
2025-11-13 14:30:09,        0,  40.6,  34.8,  26.0, 48.172, 46.622,  2.252,3047759.9,  1,  22.4,   0.8, 0.100
2025-11-13 14:30:11,        0,  42.2,  39.7,  26.0, 38.585, 36.834,  1.422,3093376.8,  1,  22.4,   0.8, 0.100
2025-11-13 14:30:12,        0,  39.9,  32.6,  26.0, 30.285, 28.405,  0.867,3126062.2,  1,  22.4,   0.8, 0.100
2025-11-13 14:30:12,        0,  42.7,  41.1,  26.0, 39.665, 37.757,  1.518,3163135.0,  1,  22.4,   0.8, 0.100
2025-11-13 14:30:13,        0,  38.5,  28.4,  26.0, 44.240, 42.509,  1.884,3202572.0,  1,  22.4,   0.8, 0.100
2025-11-13 14:30:15,        0,  39.6,  31.7,  26.0, 30.072, 28.033,  0.863,3240645.1,  1,  22.4,   0.8, 0.100
2025-11-13 14:30:16,        0,  41.1,  36.2,  26.0, 33.492, 31.432,  1.070,3274248.2,  1,  22.4,   0.8, 0.100
2025-11-13 14:30:17,        0,  41.0,  35.9,  26.0, 37.762, 35.607,  1.345,3310250.4,  1,  22.4,   0.8, 0.100
2025-11-13 14:30:17,        0,  40.4,  34.1,  26.0, 39.952, 37.755,  1.510,3346553.8,  1,  22.4,   0.8, 0.100
2025-11-13 14:30:19,        0,  40.0,  33.1,  26.0, 32.404, 30.257,  0.988,3385564.9,  1,  22.4,   0.8, 0.100
2025-11-13 14:30:20,        0,  40.3,  33.8,  26.0, 31.863, 29.620,  0.945,3416310.1,  1,  22.4,   0.8, 0.100
2025-11-13 14:30:20,        0,  38.7,  29.1,  26.0, 37.483, 35.159,  1.321,3448574.8,  1,  22.4,   0.8, 0.100
2025-11-13 14:30:21,        0,  40.0,  33.1,  26.0, 41.024, 38.513,8005.878,3482215.6,  1,  22.4,   0.8, 0.100
2025-11-13 14:30:23,        0,  40.1,  33.4,  26.0, 37.892, 35.500,  1.346,3525217.2,  1,  22.4,   0.8, 0.100
2025-11-13 14:30:24,        0,  38.5,  28.6,  26.0, 30.366, 28.025,  0.855,3554406.0,  1,  22.4,   0.8, 0.100
2025-11-13 14:30:24,        0,  37.3,  24.9,  26.0, 36.640, 34.125,  1.254,3585418.2,  1,  22.4,   0.8, 0.100
2025-11-13 14:30:25,        0,  36.0,  21.1,  26.0, 33.082, 30.498,  1.012,3612579.3,  1,  22.4,   0.8, 0.100
2025-11-13 14:30:27,        0,  39.1,  30.3,  26.0, 33.621, 30.887,  1.043,3647789.6,  1,  22.4,   0.8, 0.100
2025-11-13 14:30:28,        0,  37.7,  26.0,  26.0, 31.190, 28.517,  0.892,3676959.9,  1,  22.3,   0.8, 0.100
2025-11-13 14:30:28,        0,  37.7,  26.1,  26.0, 31.019, 28.296,  0.895,3703398.9,  1,  22.4,   0.8, 0.100
2025-11-13 14:30:29,        0,  38.8,  29.4,  26.0, 30.979, 28.209,  0.884,3731599.4,  1,  22.4,   0.8, 0.100
2025-11-13 14:30:31,        0,  37.2,  24.6,  26.0, 31.586, 28.741,  0.909,3763481.6,  1,  22.4,   0.8, 0.100
2025-11-13 14:30:32,        0,  36.8,  23.5,  26.0, 31.697, 28.804,  0.913,3790753.0,  1,  22.4,   0.8, 0.100
2025-11-13 14:30:32,        0,  36.3,  22.0,  26.0, 30.380, 27.459,  0.835,3815417.2,  1,  22.4,   0.8, 0.100
2025-11-13 14:30:33,        0,  34.5,  16.6,  26.0, 27.645, 24.728,  0.692,3838935.5,  1,  22.3,   0.8, 0.100
2025-11-13 14:30:35,        0,  36.1,  21.4,  26.0, 28.328, 25.264,  0.717,3863977.7,  1,  22.4,   0.8, 0.100
2025-11-13 14:30:36,        0,  34.5,  16.4,  26.0, 21.904, 19.058,  0.418,3884056.2,  1,  22.4,   0.9, 0.100
2025-11-13 14:30:36,        0,  35.0,  18.0,  26.0, 23.088, 20.132,  0.470,3901580.2,  1,  22.4,   0.9, 0.100
2025-11-13 14:30:37,        0,  34.6,  16.9,  26.0, 24.204, 22.467,  0.579,3922154.0,  1,  22.4,   0.9, 0.100
2025-11-13 14:30:39,        0,  34.8,  17.4,  26.0, 23.409, 20.313,  0.476,3945525.7,  1,  22.4,   0.9, 0.100
2025-11-13 14:30:40,        0,  33.1,  12.2,  26.0, 20.571, 17.567,  0.362,3963325.5,  1,  22.4,   0.9, 0.100
2025-11-13 14:30:41,        0,  35.3,  19.0,  26.0, 25.157, 21.858,  0.551,3981933.7,  1,  22.4,   0.8, 0.100
2025-11-13 14:30:41,        0,  34.2,  15.7,  26.0, 25.439, 22.138,  0.574,4001879.7,  1,  22.4,   0.9, 0.100
2025-11-13 14:30:43,        0,  34.7,  17.1,  26.0, 16.350, 13.482,  0.228,77727001190.2,  1,  22.4,   0.8, 0.100
2025-11-13 14:30:44,        0,  34.1,  15.2,  26.0, 24.179, 20.829,  0.506,4042527.8,  1,  22.4,   0.9, 0.100
2025-11-13 14:30:45,        0,  34.6,  16.9,  26.0, 17.840, 14.867,  0.275,4058657.5,  1,  22.4,   0.9, 0.100
2025-11-13 14:30:45,        0,  35.0,  18.0,  26.0, 19.554, 16.471,  0.323,4075751.1,  1,  22.4,   0.9, 0.100
2025-11-13 14:30:46,        0,  31.3,   7.0,  26.0, 20.848, 17.683,  0.379,4091424.0,  1,  22.4,   0.9, 0.100
2025-11-13 14:30:48,        0,  30.2,   3.7,  26.0, 24.788, 21.264,  0.530,4110894.8,  1,  22.4,   0.9, 0.100
2025-11-13 14:30:49,        0,  33.5,  13.6,  26.1, 12.976, 10.218,  0.154,4123457.6,  1,  22.4,   0.9, 0.100
2025-11-13 14:30:49,        0,  31.6,   7.7,  26.0, 19.001, 15.808,  0.301,4138718.1,  1,  22.4,   0.9, 0.100
2025-11-13 14:30:50,        0,  34.4,  16.2,  26.0, 17.838, 14.672,  0.265,4152006.3,  1,  22.4,   0.9, 0.100
2025-11-13 14:30:52,        0,  33.9,  14.8,  26.0, 17.359, 14.219,  0.249,4170211.4,  1,  22.4,   1.0, 0.100
2025-11-13 14:30:53,        0,  31.6,   7.9,  26.0, 17.760, 14.587,  0.260,4184202.1,  1,  22.4,   1.0, 0.100
2025-11-13 14:30:54,        0,  34.5,  16.4,  26.0, 18.405, 15.155,  0.279,4197005.0,  1,  22.4,   1.0, 0.100
2025-11-13 14:30:54,        0,  32.4,  10.1,  26.0, 18.833, 15.572,  0.296,4212712.7,  1,  22.4,   1.0, 0.100
2025-11-13 14:30:55,        0,  33.6,  13.8,  26.0, 18.508, 15.226,  0.284,4226399.1,  1,  22.4,   1.0, 0.100
2025-11-13 14:30:57,        0,  32.1,   9.2,  26.0, 10.326,  7.692,  0.083,4240135.8,  1,  22.4,   1.0, 0.100
2025-11-13 14:30:58,        0,  32.3,   9.8,  26.0, 17.219, 13.992,  0.243,4252844.4,  1,  22.4,   1.0, 0.100
2025-11-13 14:30:58,        0,  32.1,   9.2,  26.0, 13.074, 10.167,  0.134,4263590.8,  1,  22.4,   1.0, 0.100
2025-11-13 14:30:59,        0,  33.1,  12.2,  26.0, 17.618, 14.306,  0.253,4276469.2,  1,  22.4,   1.0, 0.100
2025-11-13 14:31:01,        0,  32.8,  11.5,  26.0, 17.311, 14.034,  0.243,4293293.4,  1,  22.4,   1.0, 0.100
2025-11-13 14:31:02,        0,  32.5,  10.6,  26.0, 13.739, 10.764,  0.152,4304500.4,  1,  22.4,   1.0, 0.100
2025-11-13 14:31:03,        0,  31.4,   7.1,  26.0, 16.083, 12.883,  0.207,4316866.2,  1,  22.4,   1.0, 0.100
2025-11-13 14:31:03,        0,  32.0,   9.1,  26.0, 11.596,  8.755,  0.108,4324640.4,  1,  22.4,   0.9, 0.100
2025-11-13 14:31:05,        0,  32.0,   9.1,  26.0, 14.827, 11.696,  0.174,4338012.5,  1,  22.4,   1.0, 0.100
2025-11-13 14:31:06,        0,  31.4,   7.2,  26.0, 13.324, 10.334,  0.139,4348388.9,  1,  22.4,   0.9, 0.100
2025-11-13 14:31:06,        0,  30.5,   4.5,  26.0, 13.549, 10.518,  0.143,4357763.6,  1,  22.4,   1.0, 0.100
2025-11-13 14:31:07,        0,  30.7,   5.2,  26.0, 11.062,  8.249,  0.093,4366223.9,  1,  22.4,   1.0, 0.100
2025-11-13 14:31:09,        0,  31.7,   8.0,  26.1, 10.998,  8.178,  0.090,4375433.1,  1,  22.4,   1.0, 0.100
2025-11-13 14:31:10,        0,  30.7,   5.2,  26.0, 10.970,  8.157,  0.091,4383208.6,  1,  22.4,   0.9, 0.100
2025-11-13 14:31:10,        0,  32.0,   8.9,  26.0, 12.200,  9.243,  0.113,4391308.0,  1,  22.4,   1.0, 0.100
2025-11-13 14:31:11,        0,  31.0,   6.1,  26.0, 14.140, 10.993,  0.159,4401090.9,  1,  22.4,   1.0, 0.100
2025-11-13 14:31:13,        0,  31.0,   5.9,  26.0, 12.890,  9.863,  0.128,4411615.2,  1,  22.4,   1.0, 0.100
2025-11-13 14:31:14,        0,  29.9,   2.6,  26.1,  9.854,  7.128,  0.075,4418232.8,  1,  22.4,   1.0, 0.100
2025-11-13 14:31:15,        0,  31.1,   6.3,  26.0,  8.425,  5.836,  0.052,4424765.6,  1,  22.4,   1.0, 0.100
2025-11-13 14:31:15,        0,  31.0,   6.1,  26.0, 11.651,  8.712,  0.102,4432702.4,  1,  22.4,   1.0, 0.100
2025-11-13 14:31:17,        0,  29.9,   2.6,  26.0,  7.981,  5.438,  0.043,4440627.9,  1,  22.4,   1.0, 0.100
2025-11-13 14:31:18,        0,  31.3,   6.8,  26.0, 11.141,  8.237,  0.093,4447311.3,  1,  22.4,   1.0, 0.100
2025-11-13 14:31:19,        0,  30.9,   5.6,  26.0,  9.916,  7.151,  0.071,4454376.8,  1,  22.4,   1.0, 0.100
2025-11-13 14:31:19,        0,  29.6,   1.9,  26.1, 11.058,  8.161,  0.091,4461085.2,  1,  22.4,   1.0, 0.100
2025-11-13 14:31:21,        0,  31.2,   6.6,  26.0,  8.564,  5.978,  0.056,4466492.8,  1,  22.4,   1.0, 0.100
2025-11-13 14:31:22,        0,  30.3,   4.0,  26.1,  9.263,  6.554,  0.061,4473297.7,  1,  22.4,   0.9, 0.100
2025-11-13 14:31:22,        0,  31.0,   5.9,  26.0, 10.545,  7.690,  0.081,4479849.8,  1,  22.4,   0.9, 0.100
2025-11-13 14:31:23,        0,  31.2,   6.6,  26.0, 10.232,  7.409,  0.076,4487185.6,  1,  22.4,   0.9, 0.100
2025-11-13 14:31:25,        0,  31.2,   6.6,  26.0, 10.434,  7.587,  0.079,4496849.1,  1,  22.4,   0.9, 0.100
2025-11-13 14:31:26,        0,  31.5,   7.5,  26.0,  9.811,  7.033,  0.070,4504094.9,  1,  22.4,   1.0, 0.100
2025-11-13 14:31:26,        0,  30.3,   3.9,  26.0,  7.275,  4.788,  0.036,4510564.5,  1,  22.4,   0.9, 0.100
2025-11-13 14:31:27,        0,  31.1,   6.3,  26.0, 10.254,  7.413,  0.076,4516872.3,  1,  22.4,   0.9, 0.100
2025-11-13 14:31:29,        0,  30.3,   4.0,  26.0, 10.286,  7.441,  0.077,4524823.7,  1,  22.4,   0.9, 0.100
2025-11-13 14:31:30,        0,  30.6,   4.7,  26.0,  4.466,  2.380,  0.015,4528897.3,  1,  22.4,   0.9, 0.100
2025-11-13 14:31:30,        0,  30.2,   3.7,  26.0,  9.735,  6.946,  0.068,4534677.9,  1,  22.4,   0.9, 0.100
2025-11-13 14:31:31,        0,  30.3,   3.9,  26.1,  7.313,  4.818,  0.035,4539360.5,  1,  22.4,   0.9, 0.100
2025-11-13 14:31:33,        0,  30.6,   4.9,  26.0,  8.786,  6.104,  0.054,4546260.5,  1,  22.4,   0.9, 0.100
2025-11-13 14:31:34,        0,  30.2,   3.5,  26.0,  7.267,  4.772,  0.035,4551449.3,  1,  22.4,   0.9, 0.100
2025-11-13 14:31:34,        0,  30.7,   5.1,  26.0,  7.909,  5.337,  0.042,4556493.9,  1,  22.4,   0.9, 0.100
2025-11-13 14:31:35,        0,  30.2,   3.5,  26.0,  7.098,  4.626,  0.034,4561161.8,  1,  22.4,   0.9, 0.100
2025-11-13 14:31:37,        0,  29.7,   2.1,  26.0,  6.789,  4.361,  0.030,4566466.3,  1,  22.4,   0.9, 0.100
2025-11-13 14:31:38,        0,  30.2,   3.5,  26.0,  2.432,  0.680,  0.002,4568488.4,  1,  22.4,   0.9, 0.100
2025-11-13 14:31:39,        0,  30.2,   3.7,  26.0,  6.984,  4.541,  0.033,4573003.8,  1,  22.4,   0.9, 0.100
2025-11-13 14:31:39,        0,  30.4,   4.2,  26.0,  7.833,  5.273,  0.042,4577812.0,  1,  22.4,   0.9, 0.100
2025-11-13 14:31:41,        0,  30.2,   3.5,  26.0,  7.563,  5.033,  0.038,4583809.7,  1,  22.4,   0.9, 0.100
2025-11-13 14:31:42,        0,  30.3,   4.0,  26.0,  6.473,  4.086,  0.027,4587418.1,  1,  22.4,   0.9, 0.100
2025-11-13 14:31:43,        0,  30.3,   4.0,  26.0,  6.052,  3.732,  0.025,4591274.6,  1,  22.4,   0.9, 0.100
2025-11-13 14:31:43,        0,  29.8,   2.5,  26.0,  6.020,  3.698,  0.023,4595215.8,  1,  22.4,   0.9, 0.100
2025-11-13 14:31:44,        0,  29.6,   1.8,  26.0,  8.038,  5.473,  0.044,4598646.1,  1,  22.4,   0.9, 0.100
2025-11-13 14:31:46,        0,  30.1,   3.2,  26.0,  6.962,  4.573,  0.036,4601845.5,  1,  22.4,   0.9, 0.100
2025-11-13 14:31:47,        0,  30.5,   4.5,  26.0,  7.039,  4.589,  0.032,4606380.1,  1,  22.4,   0.9, 0.100
2025-11-13 14:31:47,        0,  29.8,   2.5,  26.0,  7.905,  5.339,  0.043,4611329.2,  1,  22.4,   0.9, 0.100
2025-11-13 14:31:48,        0,  29.8,   2.5,  26.0,  4.616,  2.522,  0.015,4613781.7,  1,  22.4,   0.9, 0.100
2025-11-13 14:31:50,        0,  30.0,   3.0,  26.0,  3.300,  1.389,  0.006,4616264.9,  1,  22.4,   0.9, 0.100
2025-11-13 14:31:51,        0,  30.1,   3.2,  26.0,  7.149,  4.694,  0.034,4620128.1,  1,  22.4,   0.9, 0.100
2025-11-13 14:31:51,        0,  30.1,   3.2,  26.0,  6.798,  4.381,  0.030,4624316.5,  1,  22.4,   0.9, 0.100
2025-11-13 14:31:52,        0,  29.3,   0.9,  26.0,  6.690,  4.284,  0.029,4628468.1,  1,  22.4,   0.9, 0.100
2025-11-13 14:31:54,        0,  29.6,   1.8,  26.0,  1.700,  0.155,  0.000,4629025.0,  1,  22.4,   0.9, 0.100
2025-11-13 14:31:55,        0,  29.6,   1.9,  26.0,  4.183,  2.239,  0.013,4630020.8,  1,  22.4,   0.9, 0.100
2025-11-13 14:31:56,        0,  29.2,   0.7,  26.0,  1.556,  0.080,  0.000,4630206.1,  1,  22.4,   0.9, 0.100
2025-11-13 14:31:56,        0,  30.3,   3.9,  26.0,  1.317,  0.001,  0.000,4630444.5,  1,  22.4,   0.9, 0.100
2025-11-13 14:31:58,        0,  30.3,   4.0,  26.0,  7.177,  4.726,  0.034,4636045.3,  1,  22.4,   0.9, 0.100
2025-11-13 14:31:59,        0,  29.7,   2.1,  26.0,  7.756,  5.223,  0.041,4640537.6,  1,  22.4,   0.9, 0.100
2025-11-13 14:31:59,        0,  29.2,   0.5,  26.0,  1.558,  0.075,  0.000,4640854.0,  1,  22.4,   0.9, 0.100
2025-11-13 14:32:00,        0,  29.9,   2.8,  26.0,  1.329,  0.003,  0.000,4640861.1,  1,  22.4,   0.9, 0.100
2025-11-13 14:32:02,        0,  30.2,   3.5,  26.0,  7.140,  4.691,  0.034,4645834.5,  1,  22.4,   0.9, 0.100
2025-11-13 14:32:03,        0,  30.3,   4.0,  26.0,  6.774,  4.365,  0.030,4650273.6,  1,  22.4,   0.9, 0.100
2025-11-13 14:32:04,        0,  29.8,   2.5,  26.0,  5.208,  3.011,  0.019,4652975.1,  1,  22.4,   0.9, 0.100
2025-11-13 14:32:04,        0,  30.1,   3.3,  26.0,  7.632,  5.117,  0.039,4656552.9,  1,  22.4,   0.9, 0.100
2025-11-13 14:32:06,        0,  29.8,   2.3,  26.0,  5.348,  3.127,  0.019,4660557.4,  1,  22.4,   0.9, 0.100
2025-11-13 14:32:07,        0,  29.9,   2.6,  26.0,  6.661,  4.265,  0.029,4663724.5,  1,  22.4,   0.9, 0.100
2025-11-13 14:32:08,        0,  29.9,   2.6,  26.0,  1.697,  0.144,  0.000,4664005.2,  1,  22.4,   0.9, 0.100
2025-11-13 14:32:08,        0,  29.9,   2.8,  26.0,  1.354,  0.007,  0.000,4665619.2,  1,  22.4,   0.8, 0.100
2025-11-13 14:32:09,        0,  29.8,   2.5,  26.0,  2.392,  0.637,  0.002,4667565.0,  1,  22.4,   0.8, 0.100
2025-11-13 14:32:11,        0,  29.8,   2.3,  26.0,  1.336,  0.004,  0.000,4667599.4,  1,  22.4,   0.8, 0.100
2025-11-13 14:32:12,        0,  29.6,   1.9,  26.0,  1.254, -0.007,  0.000,4667593.1,  1,  22.4,   0.8, 0.100
2025-11-13 14:32:12,        0,  30.0,   3.0,  26.0,  1.208, -0.011,  0.000,4668769.9,  1,  22.4,   0.8, 0.100
2025-11-13 14:32:13,        0,  29.9,   2.8,  26.1,  6.802,  4.399,  0.030,4672940.8,  1,  22.4,   0.8, 0.100
2025-11-13 14:32:15,        0,  29.8,   2.5,  26.0,  2.738,  0.916,  0.003,4675684.6,  1,  22.4,   0.8, 0.100
2025-11-13 14:32:16,        0,  30.1,   3.3,  26.0,  1.804,  0.209,  0.000,4676924.3,  1,  22.4,   0.8, 0.100
2025-11-13 14:32:17,        0,  29.9,   2.6,  26.0,  6.345,  3.997,  0.026,4680554.5,  1,  22.4,   0.8, 0.100
2025-11-13 14:32:17,        0,  29.5,   1.6,  26.0,  2.363,  0.696,  0.004,4682054.8,  1,  22.4,   0.8, 0.100
2025-11-13 14:32:18,        0,  30.0,   3.0,  26.0,  1.531,  0.061,  0.000,4682341.1,  1,  22.4,   0.8, 0.100
2025-11-13 14:32:20,        0,  29.7,   2.1,  26.0,  4.358,  2.288,  0.012,4684762.2,  1,  22.4,   0.8, 0.100
2025-11-13 14:32:21,        0,  29.1,   0.2,  26.0,  1.372,  0.012,  0.000,4684791.9,  1,  22.4,   0.8, 0.100
2025-11-13 14:32:21,        0,  29.7,   2.1,  26.0,  1.266, -0.006,  0.000,4684787.3,  1,  22.4,   0.8, 0.100
2025-11-13 14:32:22,        0,  29.5,   1.6,  26.0,  1.210, -0.009,  0.000,4684778.5,  1,  22.4,   0.8, 0.100
2025-11-13 14:32:24,        0,  29.8,   2.5,  26.0,  1.152, -0.011,  0.000,4684766.0,  1,  22.4,   0.8, 0.100
2025-11-13 14:32:25,        0,  29.8,   2.3,  26.0,  1.121, -0.012,  0.000,4684754.6,  1,  22.4,   0.8, 0.100
2025-11-13 14:32:26,        0,  29.9,   2.8,  26.0,  1.910,  0.646,  0.004,4685513.2,  1,  22.4,   0.8, 0.100
2025-11-13 14:32:26,        0,  29.8,   2.3,  26.0,  6.739,  4.348,  0.029,4689663.1,  1,  22.4,   0.8, 0.100
2025-11-13 14:32:28,        0,  29.9,   2.8,  26.0,  4.552,  2.512,  0.016,4691800.9,  1,  22.4,   0.8, 0.100
2025-11-13 14:32:29,        0,  29.8,   2.5,  26.0,  5.201,  3.014,  0.018,4693800.0,  1,  22.4,   0.8, 0.100
2025-11-13 14:32:29,        0,  29.9,   2.6,  26.0,  1.537,  0.065,  0.000,4695290.7,  1,  22.4,   0.8, 0.100
2025-11-13 14:32:30,        0,  29.6,   1.9,  26.0,  2.303,  0.571,  0.001,4697143.9,  1,  22.4,   0.9, 0.100
2025-11-13 14:32:32,        0,  29.5,   1.4,  26.0,  3.977,  1.969,  0.010,4698693.3,  1,  22.4,   0.9, 0.100
2025-11-13 14:32:33,        0,  29.6,   1.9,  26.0,  1.477,  0.043,  0.000,4698793.5,  1,  22.4,   0.9, 0.100
2025-11-13 14:32:34,        0,  29.6,   1.8,  26.0,  1.299, -0.001,  0.000,4698793.1,  1,  22.4,   0.8, 0.100
2025-11-13 14:32:34,        0,  29.8,   2.3,  26.0,  1.228, -0.008,  0.000,4698784.7,  1,  22.4,   0.9, 0.100
2025-11-13 14:32:36,        0,  29.8,   2.3,  26.0,  1.160, -0.010,  0.000,4698773.0,  1,  22.4,   0.9, 0.100
2025-11-13 14:32:37,        0,  29.9,   2.6,  26.0,  1.108, -0.011,  0.000,4698762.5,  1,  22.4,   0.8, 0.100
2025-11-13 14:32:38,        0,  29.9,   2.6,  26.0,  1.079, -0.011,  0.000,4698751.6,  1,  22.4,   0.8, 0.100
2025-11-13 14:32:38,        0,  29.9,   2.8,  26.0,  5.112,  3.125,  0.021,4701265.3,  1,  22.4,   0.8, 0.100
2025-11-13 14:32:40,        0,  29.8,   2.5,  26.0,  6.745,  4.352,  0.029,4706317.1,  1,  22.4,   0.9, 0.100
2025-11-13 14:32:41,        0,  29.9,   2.6,  26.0,  2.597,  0.808,  0.002,4707441.5,  1,  22.4,   0.9, 0.100
2025-11-13 14:32:42,        0,  29.6,   1.9,  26.0,  1.342,  0.005,  0.000,4707459.1,  1,  22.4,   0.9, 0.100
2025-11-13 14:32:42,        0,  29.7,   2.1,  26.0,  1.249, -0.005,  0.000,4707455.4,  1,  22.4,   0.9, 0.100
2025-11-13 14:32:44,        0,  29.9,   2.6,  26.0,  1.171, -0.010,  0.000,4707443.6,  1,  22.4,   0.9, 0.100
2025-11-13 14:32:45,        0,  29.8,   2.5,  26.0,  1.133, -0.010,  0.000,4707434.0,  1,  22.4,   0.9, 0.100
2025-11-13 14:32:46,        0,  29.7,   2.1,  26.0,  1.099, -0.011,  0.000,4707423.5,  1,  22.4,   0.9, 0.100
2025-11-13 14:32:46,        0,  29.8,   2.3,  26.0,  1.054, -0.011,  0.000,4707413.0,  1,  22.4,   0.9, 0.100
2025-11-13 14:32:47,        0,  29.9,   2.8,  26.0,  1.028, -0.011,  0.000,4707402.5,  1,  22.4,   0.9, 0.100
2025-11-13 14:32:49,        0,  29.9,   2.6,  26.0,  6.543,  4.191,  0.028,4711561.7,  1,  22.4,   0.9, 0.100
2025-11-13 14:32:50,        0,  29.8,   2.3,  26.0,  1.653,  0.121,  0.000,4711822.3,  1,  22.4,   0.9, 0.100
2025-11-13 14:32:50,        0,  29.6,   1.8,  26.0,  1.335,  0.007,  0.000,4711828.6,  1,  22.4,   0.9, 0.100
2025-11-13 14:32:51,        0,  29.8,   2.3,  26.0,  1.201, -0.007,  0.000,4711823.2,  1,  22.4,   0.9, 0.100
2025-11-13 14:32:53,        0,  29.8,   2.5,  26.0,  1.150, -0.009,  0.000,4711811.4,  1,  22.4,   0.9, 0.100
2025-11-13 14:32:54,        0,  29.8,   2.3,  26.0,  1.092, -0.010,  0.000,4711802.2,  1,  22.4,   0.9, 0.100
2025-11-13 14:32:54,        0,  29.9,   2.6,  26.0,  1.058, -0.010,  0.000,4711792.6,  1,  22.4,   0.9, 0.100
2025-11-13 14:32:55,        0,  29.9,   2.6,  26.0,  1.027, -0.010,  0.000,4711782.5,  1,  22.4,   0.9, 0.100
2025-11-13 14:32:57,        0,  29.9,   2.6,  26.0,  0.985, -0.011,  0.000,4711769.9,  1,  22.4,   0.9, 0.100
2025-11-13 14:32:58,        0,  29.9,   2.8,  26.0,  0.960, -0.010,  0.000,4711759.9,  1,  22.4,   0.9, 0.100
2025-11-13 14:32:58,        0,  29.9,   2.6,  26.0,  6.703,  4.352,  0.029,4715627.7,  1,  22.4,   0.9, 0.100
2025-11-13 14:32:59,        0,  29.9,   2.8,  26.0,  6.445,  4.123,  0.027,4719146.4,  1,  22.4,   0.9, 0.100
2025-11-13 14:33:01,        0,  29.5,   1.6,  26.0,  1.973,  0.350,  0.001,4721270.4,  1,  22.4,   0.9, 0.100
2025-11-13 14:33:02,        0,  29.2,   0.7,  26.0,  1.348,  0.017,  0.000,4721292.2,  1,  22.4,   0.9, 0.100
2025-11-13 14:33:02,        0,  29.7,   2.1,  26.0,  1.225, -0.003,  0.000,4721288.8,  1,  22.4,   0.9, 0.100
2025-11-13 14:33:04,        0,  29.6,   1.8,  26.0,  1.134, -0.008,  0.000,4721279.6,  1,  22.4,   0.9, 0.100
2025-11-13 14:33:05,        0,  29.6,   1.9,  26.0,  1.071, -0.010,  0.000,4721270.4,  1,  22.4,   0.9, 0.100
2025-11-13 14:33:06,        0,  29.5,   1.6,  26.0,  1.036, -0.010,  0.000,4721261.2,  1,  22.4,   0.9, 0.100
2025-11-13 14:33:06,        0,  29.7,   2.1,  26.0,  1.003, -0.009,  0.000,4721252.4,  1,  22.4,   0.9, 0.100
2025-11-13 14:33:07,        0,  29.6,   1.9,  26.0,  0.973, -0.010,  0.000,4721242.7,  1,  22.4,   0.9, 0.100
2025-11-13 14:33:09,        0,  29.6,   1.9,  26.0,  0.934, -0.010,  0.000,4721231.4,  1,  22.4,   0.8, 0.100
2025-11-13 14:33:10,        0,  29.8,   2.3,  26.0,  0.898, -0.010,  0.000,4721221.8,  1,  22.4,   0.8, 0.100
2025-11-13 14:33:10,        0,  29.8,   2.3,  26.0,  0.877, -0.010,  0.000,4721212.6,  1,  22.4,   0.9, 0.100
2025-11-13 14:33:11,        0,  29.8,   2.3,  26.0,  0.859, -0.010,  0.000,4721203.4,  1,  22.4,   0.8, 0.100
2025-11-13 14:33:13,        0,  29.8,   2.3,  26.0,  0.833, -0.010,  0.000,4721192.0,  1,  22.4,   0.8, 0.100
2025-11-13 14:33:14,        0,  29.8,   2.5,  26.0,  0.818, -0.010,  0.000,4721182.4,  1,  22.4,   0.8, 0.100
2025-11-13 14:33:14,        0,  29.8,   2.5,  26.0,  0.796, -0.010,  0.000,4721172.8,  1,  22.4,   0.8, 0.100
2025-11-13 14:33:15,        0,  29.8,   2.3,  26.0,  0.783, -0.009,  0.000,4721164.0,  1,  22.4,   0.8, 0.100
2025-11-13 14:33:17,        0,  29.9,   2.6,  26.0,  0.763, -0.010,  0.000,4721567.5,  1,  22.4,   0.8, 0.100
2025-11-13 14:33:18,        0,  29.9,   2.6,  26.0,  6.047,  3.848,  0.024,4724712.4,  1,  22.4,   0.8, 0.100
2025-11-13 14:33:19,        0,  29.8,   2.3,  26.0,  1.506,  0.098,  0.000,4724816.0,  1,  22.4,   0.8, 0.100
2025-11-13 14:33:19,        0,  29.8,   2.5,  26.0,  1.168, -0.000,  0.000,4724818.9,  1,  22.4,   0.8, 0.100
2025-11-13 14:33:20,        0,  29.8,   2.3,  26.0,  1.096, -0.006,  0.000,4724813.4,  1,  22.4,   0.8, 0.100
2025-11-13 14:33:22,        0,  29.8,   2.3,  26.0,  1.024, -0.007,  0.000,4724804.2,  1,  22.4,   0.8, 0.100
2025-11-13 14:33:23,        0,  29.7,   2.1,  26.0,  0.985, -0.008,  0.000,4724796.3,  1,  22.4,   0.8, 0.100
2025-11-13 14:33:23,        0,  29.8,   2.3,  26.0,  0.950, -0.009,  0.000,4724787.9,  1,  22.4,   0.8, 0.100
2025-11-13 14:33:24,        0,  29.7,   2.1,  26.0,  0.903, -0.009,  0.000,4724779.9,  1,  22.4,   0.8, 0.100
2025-11-13 14:33:26,        0,  29.9,   2.6,  26.0,  0.863, -0.009,  0.000,4724769.4,  1,  22.4,   0.8, 0.100
2025-11-13 14:33:27,        0,  29.8,   2.3,  26.0,  0.839, -0.009,  0.000,4724761.5,  1,  22.4,   0.8, 0.100
2025-11-13 14:33:28,        0,  29.8,   2.5,  26.0,  0.819, -0.009,  0.000,4724753.1,  1,  22.4,   0.8, 0.100
2025-11-13 14:33:28,        0,  29.9,   2.6,  26.0,  0.791, -0.009,  0.000,4724744.3,  1,  22.4,   0.8, 0.100
2025-11-13 14:33:29,        0,  29.9,   2.6,  26.0,  3.988,  2.430,  0.016,4726444.1,  1,  22.4,   0.8, 0.100
2025-11-13 14:33:31,        0,  29.9,   2.8,  26.0,  6.181,  3.993,  0.025,4731117.9,  1,  22.4,   0.8, 0.100
2025-11-13 14:33:32,        0,  29.6,   1.9,  26.0,  5.008,  2.977,  0.017,4733528.1,  1,  22.4,   0.8, 0.100
2025-11-13 14:33:32,        0,  29.4,   1.1,  26.0,  1.402,  0.065,  0.000,4733601.9,  1,  22.4,   0.8, 0.100
2025-11-13 14:33:33,        0,  29.6,   1.8,  26.0,  1.133, -0.001,  0.000,4733604.0,  1,  22.4,   0.8, 0.100
2025-11-13 14:33:35,        0,  29.5,   1.6,  26.0,  1.068, -0.006,  0.000,4733597.7,  1,  22.4,   0.8, 0.100
2025-11-13 14:33:36,        0,  29.6,   1.9,  26.0,  0.998, -0.008,  0.000,4733590.5,  1,  22.4,   0.8, 0.100
2025-11-13 14:33:36,        0,  29.5,   1.6,  26.0,  0.959, -0.008,  0.000,4733583.4,  1,  22.4,   0.8, 0.100
2025-11-13 14:33:37,        0,  29.5,   1.4,  26.0,  0.923, -0.008,  0.000,4733575.5,  1,  22.4,   0.8, 0.100
2025-11-13 14:33:39,        0,  29.5,   1.4,  26.0,  0.877, -0.008,  0.000,4733565.8,  1,  22.4,   0.8, 0.100
2025-11-13 14:33:40,        0,  29.6,   1.8,  26.0,  0.852, -0.009,  0.000,4733557.9,  1,  22.4,   0.8, 0.100
2025-11-13 14:33:40,        0,  29.6,   1.8,  26.0,  0.818, -0.009,  0.000,4733549.1,  1,  22.4,   0.8, 0.100
2025-11-13 14:33:41,        0,  29.5,   1.6,  26.0,  0.798, -0.009,  0.000,4733540.7,  1,  22.4,   0.8, 0.100
2025-11-13 14:33:43,        0,  29.6,   1.8,  26.0,  0.771, -0.009,  0.000,4733530.6,  1,  22.4,   0.8, 0.100
2025-11-13 14:33:44,        0,  29.6,   1.8,  26.0,  0.756, -0.009,  0.000,4733521.4,  1,  22.4,   0.8, 0.100
2025-11-13 14:33:45,        0,  29.5,   1.4,  26.0,  0.741, -0.009,  0.000,4733513.0,  1,  22.4,   0.8, 0.100
2025-11-13 14:33:45,        0,  29.5,   1.6,  26.0,  0.721, -0.009,  0.000,4733504.6,  1,  22.4,   0.8, 0.100
2025-11-13 14:33:46,        0,  29.6,   1.8,  26.0,  0.708, -0.009,  0.000,4733496.3,  1,  22.4,   0.8, 0.100
2025-11-13 14:33:48,        0,  29.6,   1.9,  26.0,  0.691, -0.008,  0.000,4733486.6,  1,  22.4,   0.8, 0.100
2025-11-13 14:33:49,        0,  29.5,   1.6,  26.0,  0.681, -0.009,  0.000,4733478.2,  1,  22.4,   0.8, 0.100
2025-11-13 14:33:49,        0,  29.6,   1.9,  26.0,  0.665, -0.009,  0.000,4733469.4,  1,  22.4,   0.8, 0.100
2025-11-13 14:33:50,        0,  29.6,   1.9,  26.0,  0.657, -0.009,  0.000,4733461.9,  1,  22.4,   0.8, 0.100
2025-11-13 14:33:52,        0,  29.6,   1.8,  26.0,  0.643, -0.008,  0.000,4733452.2,  1,  22.4,   0.8, 0.100
2025-11-13 14:33:53,        0,  29.7,   2.1,  26.0,  0.635, -0.008,  0.000,4733444.7,  1,  22.4,   0.8, 0.100
2025-11-13 14:33:54,        0,  29.7,   2.1,  26.0,  0.626, -0.008,  0.000,4733436.7,  1,  22.4,   0.8, 0.100
2025-11-13 14:33:54,        0,  29.7,   2.1,  26.0,  0.616, -0.008,  0.000,4733428.8,  1,  22.4,   0.8, 0.100
2025-11-13 14:33:56,        0,  29.7,   2.1,  26.0,  0.608, -0.008,  0.000,4733419.6,  1,  22.4,   0.8, 0.100
2025-11-13 14:33:57,        0,  29.6,   1.9,  26.0,  0.597, -0.008,  0.000,4733411.6,  1,  22.4,   0.8, 0.100
2025-11-13 14:33:58,        0,  29.7,   2.1,  26.0,  0.591, -0.008,  0.000,4733404.1,  1,  22.4,   0.8, 0.100
2025-11-13 14:33:58,        0,  29.8,   2.3,  26.0,  0.585, -0.008,  0.000,4733396.5,  1,  22.4,   0.8, 0.100
2025-11-13 14:33:59,        0,  29.7,   2.1,  26.0,  0.576, -0.007,  0.000,4733389.4,  1,  22.4,   0.8, 0.100
2025-11-13 14:34:01,        0,  29.7,   2.1,  26.0,  0.570, -0.008,  0.000,4733380.2,  1,  22.4,   0.8, 0.100
2025-11-13 14:34:02,        0,  29.8,   2.5,  26.0,  0.561, -0.007,  0.000,4733373.0,  1,  22.4,   0.8, 0.100
2025-11-13 14:34:02,        0,  29.8,   2.3,  26.0,  0.557, -0.007,  0.000,4733365.9,  1,  22.4,   0.8, 0.100
2025-11-13 14:34:03,        0,  29.8,   2.3,  26.0,  0.551, -0.007,  0.000,4733358.8,  1,  22.4,   0.9, 0.100
2025-11-13 14:34:05,        0,  29.8,   2.3,  26.0,  0.543, -0.007,  0.000,4733350.4,  1,  22.4,   0.8, 0.100
2025-11-13 14:34:06,        0,  29.8,   2.3,  26.0,  0.538, -0.007,  0.000,4733343.7,  1,  22.4,   0.9, 0.100
2025-11-13 14:34:06,        0,  29.8,   2.3,  26.0,  0.532, -0.007,  0.000,4733336.6,  1,  22.4,   0.8, 0.100
2025-11-13 14:34:07,        0,  29.8,   2.3,  26.0,  0.526, -0.007,  0.000,4733329.5,  1,  22.4,   0.9, 0.100
2025-11-13 14:34:09,        0,  29.8,   2.5,  26.0,  0.520, -0.007,  0.000,4733321.5,  1,  22.4,   0.9, 0.100
2025-11-13 14:34:10,        0,  29.8,   2.3,  26.0,  0.516, -0.007,  0.000,4733314.8,  1,  22.4,   0.9, 0.100
2025-11-13 14:34:10,        0,  29.8,   2.5,  26.0,  0.509, -0.007,  0.000,4733308.5,  1,  22.4,   0.9, 0.100
2025-11-13 14:34:11,        0,  29.8,   2.5,  26.0,  0.505, -0.007,  0.000,4733301.8,  1,  22.4,   0.9, 0.100
2025-11-13 14:34:13,        0,  29.8,   2.5,  26.0,  0.499, -0.007,  0.000,4733293.4,  1,  22.4,   0.9, 0.100
2025-11-13 14:34:14,        0,  29.8,   2.3,  26.0,  0.495, -0.007,  0.000,4733286.7,  1,  22.4,   0.9, 0.100
2025-11-13 14:34:15,        0,  29.9,   2.6,  26.0,  0.492, -0.007,  0.000,4733280.8,  1,  22.4,   0.9, 0.100
2025-11-13 14:34:15,        0,  29.8,   2.5,  26.0,  0.486, -0.007,  0.000,4733274.6,  1,  22.4,   0.9, 0.100
2025-11-13 14:34:17,        0,  29.8,   2.5,  26.0,  0.482, -0.007,  0.000,4733266.2,  1,  22.4,   1.0, 0.100
2025-11-13 14:34:18,        0,  29.8,   2.5,  26.0,  4.327,  2.816,  0.018,4734734.3,  1,  22.4,   1.0, 0.100
2025-11-13 14:34:19,        0,  29.8,   2.3,  26.0,  1.712,  0.286,  0.001,4735606.8,  1,  22.4,   1.0, 0.100
2025-11-13 14:34:19,        0,  29.8,   2.3,  26.0,  1.172,  0.017,  0.000,4735623.2,  1,  22.4,   1.0, 0.100
2025-11-13 14:34:21,        0,  29.7,   2.1,  26.0,  1.013, -0.004,  0.000,4735620.6,  1,  22.4,   1.0, 0.100
2025-11-13 14:34:22,        0,  29.8,   2.5,  26.0,  0.958, -0.006,  0.000,4735614.8,  1,  22.4,   1.0, 0.100
2025-11-13 14:34:22,        0,  29.8,   2.3,  26.0,  0.889, -0.006,  0.000,4735608.5,  1,  22.4,   0.9, 0.100
2025-11-13 14:34:23,        0,  29.8,   2.5,  26.0,  0.850, -0.007,  0.000,4735602.2,  1,  22.4,   1.0, 0.100
2025-11-13 14:34:25,        0,  29.8,   2.5,  26.0,  0.801, -0.007,  0.000,4735594.2,  1,  22.4,   1.0, 0.100
2025-11-13 14:34:26,        0,  29.8,   2.5,  26.0,  0.774, -0.007,  0.000,4735587.1,  1,  22.4,   0.9, 0.100
2025-11-13 14:34:27,        0,  29.8,   2.5,  26.0,  0.748, -0.007,  0.000,4735580.4,  1,  22.4,   0.9, 0.100
2025-11-13 14:34:27,        0,  29.8,   2.5,  26.0,106745.037, -0.007,  0.000,4735573.3,  1,  22.4,   0.9, 0.100
2025-11-13 14:34:29,        0,  29.8,   2.5,  26.0,  0.688, -0.007,  0.000,4735564.9,  1,  22.4,   0.9, 0.100
2025-11-13 14:34:30,        0,  29.8,   2.5,  26.0,  0.671, -0.007,  0.000,4735557.4,  1,  22.4,   0.9, 0.100
2025-11-13 14:34:31,        0,  29.8,   2.5,  26.0,  0.656, -0.007,  0.000,4735550.2,  1,  22.4,   0.9, 0.100
2025-11-13 14:34:31,        0,  29.8,   2.3,  26.0,  0.641, -0.007,  0.000,4735543.5,  1,  22.4,   0.9, 0.100
2025-11-13 14:34:33,        0,  29.8,   2.5,  26.0,  0.622, -0.007,  0.000,4735534.7,  1,  22.4,   0.9, 0.100
2025-11-13 14:34:34,        0,  29.8,   2.5,  26.0,  0.604, -0.007,  0.000,4735528.0,  1,  22.4,   0.8, 0.100
2025-11-13 14:34:35,        0,  29.9,   2.6,  26.0,106745.037, -0.007,  0.000,4735520.9,  1,  22.4,   0.8, 0.100
2025-11-13 14:34:35,        0,  29.9,   2.6,  26.0,  0.584, -0.008,  0.000,4735513.8,  1,  22.4,   0.9, 0.100
2025-11-13 14:34:37,        0,  29.9,   2.6,  26.0,  0.570, -0.007,  0.000,4735505.4,  1,  22.4,   0.8, 0.100
2025-11-13 14:34:38,        0,  29.8,   2.5,  26.0,  0.561, -0.007,  0.000,4735499.1,  1,  22.4,   0.8, 0.100
2025-11-13 14:34:38,        0,  29.9,   2.6,  26.0,  0.553, -0.007,  0.000,4735492.4,  1,  22.4,   0.8, 0.100
2025-11-13 14:34:39,        0,  29.9,   2.6,  26.0,  0.542, -0.007,  0.000,4735485.7,  1,  22.4,   0.8, 0.100
2025-11-13 14:34:41,        0,  29.9,   2.6,  26.0,  0.531, -0.007,  0.000,4735477.3,  1,  22.4,   0.8, 0.100
2025-11-13 14:34:42,        0,  29.9,   2.6,  26.0,  0.524, -0.006,  0.000,4735471.4,  1,  22.4,   0.9, 0.100
2025-11-13 14:34:43,        0,  29.8,   2.5,  26.0,  0.517, -0.007,  0.000,4735465.2,  1,  22.4,   0.8, 0.100
2025-11-13 14:34:43,        0,  29.8,   2.5,  26.0,  0.509, -0.007,  0.000,4735458.5,  1,  22.4,   0.8, 0.100
2025-11-13 14:34:44,        0,  29.9,   2.6,  26.0,  0.503, -0.007,  0.000,4735452.2,  1,  22.4,   0.8, 0.100
2025-11-13 14:34:46,        0,  29.9,   2.6,  26.0,  3.584,  2.271,  0.014,4736778.2,  1,  22.4,   0.9, 0.100
2025-11-13 14:34:47,        0,  29.8,   2.5,  26.0,  6.521,  4.356,  0.028,4740920.5,  1,  22.4,   0.9, 0.100
2025-11-13 14:34:47,        0,  29.8,   2.3,  26.0,  2.437,  0.864,  0.002,4742049.1,  1,  22.4,   0.9, 0.100
2025-11-13 14:34:48,        0,  29.1,   0.2,  26.0,  1.116,  0.011,  0.000,4742070.1,  1,  22.4,   0.8, 0.100
2025-11-13 14:34:50,        0,  29.7,   2.1,  26.0,  1.014, -0.001,  0.000,4742068.8,  1,  22.4,   0.9, 0.100
2025-11-13 14:34:51,        0,  29.4,   1.2,  26.0,  0.932, -0.006,  0.000,4742063.0,  1,  22.4,   0.8, 0.100
2025-11-13 14:34:52,        0,  29.5,   1.6,  26.0,  0.891, -0.006,  0.000,4742056.7,  1,  22.4,   0.8, 0.100
2025-11-13 14:34:53,        0,  29.6,   1.8,  26.0,  0.852, -0.006,  0.000,4742050.8,  1,  22.3,   0.8, 0.100
2025-11-13 14:34:53,        0,  29.6,   1.9,  26.0,  0.803, -0.007,  0.000,4742044.1,  1,  22.4,   0.8, 0.100
2025-11-13 14:34:54,        0,  29.5,   1.6,  26.0,  0.775, -0.007,  0.000,4742037.4,  1,  22.4,   0.8, 0.100
2025-11-13 14:34:56,        0,  29.6,   1.8,  26.0,  0.738, -0.007,  0.000,4742028.6,  1,  22.4,   0.8, 0.100
2025-11-13 14:34:57,        0,  29.6,   1.8,  26.0,  0.717, -0.008,  0.000,4742021.5,  1,  22.4,   0.8, 0.100
2025-11-13 14:34:57,        0,  29.6,   1.8,  26.0,  0.689, -0.007,  0.000,4742013.9,  1,  22.4,   0.8, 0.100
2025-11-13 14:34:58,        0,  29.6,   1.9,  26.0,  0.672, -0.007,  0.000,4742006.8,  1,  22.4,   0.9, 0.100
2025-11-13 14:35:00,        0,  29.5,   1.6,  26.0,  0.650, -0.007,  0.000,4741998.9,  1,  22.4,   0.9, 0.100
2025-11-13 14:35:01,        0,  29.6,   1.8,  26.0,  0.637, -0.007,  0.000,4741990.9,  1,  22.4,   0.8, 0.100
2025-11-13 14:35:02,        0,  29.6,   1.8,  26.0,  0.624, -0.007,  0.000,4741983.8,  1,  22.4,   0.9, 0.100
2025-11-13 14:35:02,        0,  29.6,   1.9,  26.0,  0.606, -0.007,  0.000,4741976.6,  1,  22.4,   0.9, 0.100
2025-11-13 14:35:03,        0,  29.6,   1.8,  26.0,  0.595, -0.007,  0.000,4741969.9,  1,  22.4,   0.9, 0.100
2025-11-13 14:35:05,        0,  29.6,   1.8,  26.0,  0.580, -0.007,  0.000,4741962.0,  1,  22.4,   0.9, 0.100
2025-11-13 14:35:06,        0,  29.6,   1.9,  25.9,  0.571, -0.007,  0.000,4741955.3,  1,  22.4,   0.9, 0.100
2025-11-13 14:35:06,        0,  29.6,   1.9,  26.0,  0.562, -0.007,  0.000,4741948.1,  1,  22.4,   0.9, 0.100
2025-11-13 14:35:07,        0,  29.6,   1.9,  26.0,  0.550, -0.007,  0.000,4741941.4,  1,  22.4,   0.9, 0.100
2025-11-13 14:35:09,        0,  29.6,   1.8,  26.0,  0.538, -0.007,  0.000,4741933.5,  1,  22.4,   0.9, 0.100
2025-11-13 14:35:10,        0,  29.6,   1.9,  26.0,  0.530, -0.007,  0.000,4741926.8,  1,  22.4,   0.9, 0.100
2025-11-13 14:35:10,        0,  29.6,   1.9,  26.0,  0.524, -0.007,  0.000,4741920.5,  1,  22.4,   0.9, 0.100
2025-11-13 14:35:12,        0,  29.5,   1.6,  26.0,  0.514, -0.007,  0.000,4741912.5,  1,  22.4,   0.9, 0.100
2025-11-13 14:35:13,        0,  29.6,   1.9,  26.0,  0.508, -0.006,  0.000,4741906.2,  1,  22.4,   0.9, 0.100
2025-11-13 14:35:14,        0,  29.6,   1.8,  26.0,  0.499, -0.007,  0.000,4741899.9,  1,  22.4,   0.8, 0.100
2025-11-13 14:35:14,        0,  29.6,   1.8,  26.0,  0.494, -0.007,  0.000,4741893.2,  1,  22.4,   0.9, 0.100
2025-11-13 14:35:15,        0,  29.6,   1.8,  26.0,  0.489, -0.007,  0.000,4741887.4,  1,  22.4,   0.9, 0.100
2025-11-13 14:35:17,        0,  29.6,   1.8,  25.9,  0.481, -0.007,  0.000,4741879.4,  1,  22.4,   0.9, 0.100
2025-11-13 14:35:18,        0,  29.6,   1.9,  26.0,  0.477, -0.006,  0.000,4741873.5,  1,  22.4,   0.9, 0.100
2025-11-13 14:35:19,        0,  29.7,   2.1,  26.0,  0.470, -0.007,  0.000,4741867.3,  1,  22.4,   0.9, 0.100
2025-11-13 14:35:19,        0,  29.7,   2.1,  26.0,  0.464, -0.007,  0.000,4741861.0,  1,  22.4,   0.9, 0.100
2025-11-13 14:35:21,        0,  29.7,   2.1,  26.0,  0.458, -0.006,  0.000,4741853.8,  1,  22.4,   0.9, 0.100
2025-11-13 14:35:22,        0,  29.7,   2.1,  26.0,  0.455, -0.006,  0.000,4741848.0,  1,  22.4,   0.9, 0.100
2025-11-13 14:35:23,        0,  29.7,   2.1,  26.0,  0.450, -0.006,  0.000,4741841.7,  1,  22.4,   0.9, 0.100
2025-11-13 14:35:23,        0,  29.7,   2.1,  26.0,  0.445, -0.006,  0.000,4741836.2,  1,  22.4,   0.9, 0.100
2025-11-13 14:35:24,        0,  29.7,   2.1,  26.0,  0.441, -0.006,  0.000,4741830.4,  1,  22.4,   0.9, 0.100
2025-11-13 14:35:26,        0,  29.6,   1.9,  26.0,  0.436, -0.006,  0.000,4741823.3,  1,  22.4,   0.9, 0.100
2025-11-13 14:35:27,        0,  29.6,   1.9,  25.9,  0.432, -0.006,  0.000,4741817.4,  1,  22.4,   0.9, 0.100
2025-11-13 14:35:27,        0,  29.7,   2.1,  26.0,  0.429, -0.005,  0.000,4741811.9,  1,  22.4,   0.9, 0.100
2025-11-13 14:35:28,        0,  29.6,   1.9,  25.9,  0.424, -0.006,  0.000,4741806.5,  1,  22.4,   0.9, 0.100
2025-11-13 14:35:30,        0,  29.8,   2.3,  26.0,  0.420, -0.006,  0.000,4741799.4,  1,  22.4,   0.9, 0.100
2025-11-13 14:35:31,        0,  29.7,   2.1,  26.0,  0.416, -0.006,  0.000,4741793.5,  1,  22.4,   0.9, 0.100
2025-11-13 14:35:32,        0,  29.8,   2.3,  26.0,  0.413, -0.006,  0.000,4741788.9,  1,  22.4,   0.9, 0.100
2025-11-13 14:35:32,        0,  29.8,   2.5,  26.0,  0.410, -0.005,  0.000,4741783.0,  1,  22.4,   0.9, 0.100
2025-11-13 14:35:33,        0,  29.8,   2.3,  26.0,  0.405, -0.006,  0.000,4741777.6,  1,  22.4,   0.9, 0.100
2025-11-13 14:35:35,        0,  29.8,   2.3,  26.0,  0.401, -0.005,  0.000,4741770.9,  1,  22.4,   0.9, 0.100
2025-11-13 14:35:36,        0,  29.8,   2.3,  26.0,  0.398, -0.005,  0.000,4741765.8,  1,  22.4,   0.9, 0.100
2025-11-13 14:35:36,        0,  29.8,   2.3,  25.9,  0.396, -0.006,  0.000,4741760.8,  1,  22.4,   0.9, 0.100
2025-11-13 14:35:37,        0,  29.8,   2.3,  26.0,  0.391, -0.005,  0.000,4741754.9,  1,  22.4,   0.9, 0.100
2025-11-13 14:35:39,        0,  29.6,   1.9,  26.0,  0.389, -0.005,  0.000,4741748.7,  1,  22.4,   0.9, 0.100
2025-11-13 14:35:40,        0,  29.6,   1.9,  26.0,  0.385, -0.006,  0.000,4741743.6,  1,  22.4,   0.9, 0.100
2025-11-13 14:35:40,        0,  29.8,   2.5,  25.9,  0.383, -0.005,  0.000,4741738.6,  1,  22.4,   0.9, 0.100
2025-11-13 14:35:41,        0,  29.8,   2.5,  25.9,  0.380, -0.005,  0.000,4741733.6,  1,  22.4,   0.9, 0.100
2025-11-13 14:35:43,        0,  29.8,   2.5,  25.9,  0.376, -0.005,  0.000,4741727.3,  1,  22.4,   0.9, 0.100
2025-11-13 14:35:44,        0,  29.7,   2.1,  26.0,  0.374, -0.005,  0.000,4741722.3,  1,  22.4,   0.9, 0.100
2025-11-13 14:35:44,        0,  29.8,   2.3,  25.9,  0.370, -0.005,  0.000,4741717.6,  1,  22.4,   0.9, 0.100
2025-11-13 14:35:45,        0,  29.8,   2.5,  25.9,  0.368, -0.005,  0.000,4741713.0,  1,  22.4,   0.9, 0.100
2025-11-13 14:35:47,        0,  29.8,   2.5,  25.9,  0.364, -0.005,  0.000,4741707.2,  1,  22.4,   0.9, 0.100
2025-11-13 14:35:48,        0,  29.8,   2.5,  26.0,  0.362, -0.005,  0.000,4741702.1,  1,  22.4,   0.8, 0.100
2025-11-13 14:35:48,        0,  29.9,   2.6,  26.0,  0.360, -0.005,  0.000,4742517.3,  1,  22.4,   0.9, 0.100
2025-11-13 14:35:49,        0,  29.8,   2.5,  25.9,  1.290,  0.053,  0.000,4742715.9,  1,  22.4,   0.8, 0.100
2025-11-13 14:35:51,        0,  29.8,   2.5,  25.9,  1.074,  0.006,  0.000,4742723.5,  1,  22.4,   0.8, 0.100
2025-11-13 14:35:52,        0,  29.8,   2.4,  25.9,  0.948, -0.003,  0.000,4742720.5,  1,  22.4,   0.8, 0.100
2025-11-13 14:35:53,        0,  29.8,   2.3,  25.9,  0.893, -0.005,  0.000,4742715.5,  1,  22.4,   0.8, 0.100
2025-11-13 14:35:53,        0,  29.9,   2.6,  25.9,  0.850, -0.006,  0.000,4742709.6,  1,  22.4,   0.8, 0.100
2025-11-13 14:35:54,        0,  29.9,   2.6,  25.9,  0.794, -0.007,  0.000,4742703.4,  1,  22.4,   0.8, 0.100
2025-11-13 14:35:56,        0,  29.8,   2.5,  26.0,  0.747, -0.007,  0.000,4742696.2,  1,  22.4,   0.8, 0.100
2025-11-13 14:35:57,        0,  29.8,   2.5,  26.0,  0.720, -0.006,  0.000,4742689.9,  1,  22.4,   0.8, 0.100
2025-11-13 14:35:57,        0,  29.8,   2.5,  26.0,  0.698, -0.007,  0.000,4742682.8,  1,  22.4,   0.8, 0.100
2025-11-13 14:35:58,        0,  29.8,   2.5,  26.0,  0.668, -0.007,  0.000,4742676.1,  1,  22.4,   0.8, 0.100
2025-11-13 14:36:00,        0,  29.9,   2.6,  25.9,  0.649, -0.007,  0.000,4742667.7,  1,  22.4,   0.8, 0.100
2025-11-13 14:36:01,        0,  29.9,   2.6,  25.9,  0.625, -0.007,  0.000,4742661.4,  1,  22.4,   0.8, 0.100
2025-11-13 14:36:02,        0,  29.8,   2.5,  25.9,  0.611, -0.007,  0.000,4742654.7,  1,  22.4,   0.8, 0.100
2025-11-13 14:36:02,        0,  29.9,   2.6,  26.0,  0.597, -0.007,  0.000,4742648.5,  1,  22.4,   0.8, 0.100
2025-11-13 14:36:03,        0,  29.9,   2.6,  25.9,  0.579, -0.007,  0.000,4742641.7,  1,  22.4,   0.8, 0.100
2025-11-13 14:36:05,        0,  29.8,   2.5,  26.0,  0.567, -0.007,  0.000,4742633.8,  1,  22.4,   0.8, 0.100
2025-11-13 14:36:06,        0,  29.8,   2.5,  25.9,  0.551, -0.007,  0.000,4742627.5,  1,  22.4,   0.8, 0.100
2025-11-13 14:36:06,        0,  29.9,   2.8,  26.0,  0.541, -0.006,  0.000,4742621.6,  1,  22.4,   0.8, 0.100
2025-11-13 14:36:07,        0,  29.8,   2.5,  25.9,  6.527,  4.351,  0.028,4746489.9,  1,  22.4,   0.8, 0.100
2025-11-13 14:36:09,        0,  29.8,   2.5,  25.9,  1.381,  0.096,  0.000,4746946.3,  1,  22.4,   0.8, 0.100
2025-11-13 14:36:10,        0,  29.6,   1.9,  25.9,  1.099,  0.009,  0.000,4746953.4,  1,  22.4,   0.8, 0.100
2025-11-13 14:36:11,        0,  29.6,   1.8,  25.9,  0.967, -0.004,  0.000,4746950.5,  1,  22.4,   0.8, 0.100
2025-11-13 14:36:11,        0,  29.7,   2.1,  25.9,  0.914, -0.006,  0.000,4746945.4,  1,  22.4,   0.8, 0.100
2025-11-13 14:36:13,        0,  29.6,   1.9,  25.9,  0.850, -0.006,  0.000,4746938.3,  1,  22.4,   0.8, 0.100
2025-11-13 14:36:14,        0,  29.7,   2.1,  26.0,  0.813, -0.006,  0.000,4746932.4,  1,  22.4,   0.9, 0.100
2025-11-13 14:36:14,        0,  29.7,   2.1,  25.9,  0.780, -0.006,  0.000,4746926.2,  1,  22.4,   0.8, 0.100
2025-11-13 14:36:15,        0,  29.6,   1.9,  25.9,  0.739, -0.007,  0.000,4746919.5,  1,  22.4,   0.9, 0.100
2025-11-13 14:36:17,        0,  29.7,   2.1,  25.9,  0.705, -0.007,  0.000,4746911.9,  1,  22.4,   0.9, 0.100
2025-11-13 14:36:18,        0,  29.7,   2.1,  26.0,  0.685, -0.007,  0.000,4746904.8,  1,  22.4,   0.9, 0.100
2025-11-13 14:36:18,        0,  29.6,   1.9,  26.0,  0.667, -0.007,  0.000,4746898.1,  1,  22.4,   0.8, 0.100
2025-11-13 14:36:19,        0,  29.7,   2.1,  25.9,  0.649, -0.007,  0.000,4746891.4,  1,  22.4,   0.8, 0.100
2025-11-13 14:36:21,        0,  29.6,   1.9,  25.9,  0.627, -0.007,  0.000,4746883.0,  1,  22.4,   0.8, 0.100
2025-11-13 14:36:22,        0,  29.7,   2.1,  25.9,  0.606, -0.007,  0.000,4746876.3,  1,  22.4,   0.9, 0.100
2025-11-13 14:36:23,        0,  29.6,   1.9,  25.9,  0.594, -0.007,  0.000,4746870.0,  1,  22.4,   0.8, 0.100
2025-11-13 14:36:23,        0,  29.6,   1.9,  25.9,  0.582, -0.007,  0.000,4746862.9,  1,  22.4,   0.8, 0.100
2025-11-13 14:36:24,        0,  29.6,   1.9,  26.0,  0.566, -0.007,  0.000,4746856.6,  1,  22.4,   0.8, 0.100
2025-11-13 14:36:26,        0,  29.7,   2.1,  25.9,  0.556, -0.007,  0.000,4746848.6,  1,  22.4,   0.8, 0.100
2025-11-13 14:36:27,        0,  29.7,   2.1,  25.9,  0.541, -0.007,  0.000,4746841.9,  1,  22.4,   0.8, 0.100
2025-11-13 14:36:27,        0,  29.8,   2.3,  25.9,  0.532, -0.007,  0.000,4746835.6,  1,  22.4,   0.9, 0.100
2025-11-13 14:36:28,        0,  29.7,   2.1,  25.9,  0.524, -0.007,  0.000,4746828.9,  1,  22.4,   0.9, 0.100
2025-11-13 14:36:30,        0,  29.7,   2.1,  25.9,  0.512, -0.006,  0.000,4746821.4,  1,  22.4,   0.8, 0.100
2025-11-13 14:36:31,        0,  29.7,   2.1,  25.9,  0.504, -0.007,  0.000,4746815.1,  1,  22.4,   0.8, 0.100
2025-11-13 14:36:32,        0,  29.8,   2.3,  25.9,  0.493, -0.006,  0.000,4746808.8,  1,  22.4,   0.9, 0.100
2025-11-13 14:36:32,        0,  29.7,   2.1,  25.9,  0.486, -0.006,  0.000,4746802.9,  1,  22.4,   0.9, 0.100
2025-11-13 14:36:33,        0,  29.6,   1.8,  25.9,  0.480, -0.006,  0.000,4746796.7,  1,  22.4,   0.9, 0.100
2025-11-13 14:36:35,        0,  29.8,   2.3,  25.9,  0.472, -0.006,  0.000,4746789.5,  1,  22.4,   0.9, 0.100
2025-11-13 14:36:36,        0,  29.6,   1.9,  25.9,  0.462, -0.005,  0.000,4746784.1,  1,  22.4,   0.9, 0.100
2025-11-13 14:36:36,        0,  29.7,   2.1,  25.9,  0.456, -0.006,  0.000,4746778.6,  1,  22.4,   0.8, 0.100
2025-11-13 14:36:37,        0,  29.6,   1.9,  25.9,  0.451, -0.006,  0.000,4746772.8,  1,  22.4,   0.9, 0.100
2025-11-13 14:36:39,        0,  29.7,   2.1,  25.9,  0.443, -0.006,  0.000,4746765.6,  1,  22.4,   0.8, 0.100
2025-11-13 14:36:40,        0,  29.7,   2.1,  25.9,  0.438, -0.006,  0.000,4746759.8,  1,  22.4,   0.8, 0.100
2025-11-13 14:36:40,        0,  29.7,   2.1,  25.9,  0.430, -0.005,  0.000,4746754.3,  1,  22.4,   0.8, 0.100
2025-11-13 14:36:41,        0,  29.7,   2.1,  25.9,  0.426, -0.005,  0.000,4746748.9,  1,  22.4,   0.9, 0.100
2025-11-13 14:36:43,        0,  29.7,   2.1,  25.9,  0.420, -0.005,  0.000,4746742.2,  1,  22.4,   0.9, 0.100
2025-11-13 14:36:44,        0,  29.7,   2.1,  26.0,  0.415, -0.005,  0.000,4746737.1,  1,  22.4,   0.9, 0.100
2025-11-13 14:36:44,        0,  29.7,   2.1,  25.9,  0.412, -0.005,  0.000,4746731.3,  1,  22.4,   0.8, 0.100
2025-11-13 14:36:46,        0,  29.8,   2.3,  25.9,  0.406, -0.005,  0.000,4746725.0,  1,  22.4,   0.8, 0.100
2025-11-13 14:36:47,        0,  29.7,   2.1,  25.9,  0.402, -0.006,  0.000,4746720.0,  1,  22.4,   0.8, 0.100
2025-11-13 14:36:48,        0,  29.8,   2.3,  25.9,  0.396, -0.005,  0.000,4746714.5,  1,  22.4,   0.8, 0.100
2025-11-13 14:36:48,        0,  29.7,   2.1,  25.9,  0.392, -0.005,  0.000,4746709.9,  1,  22.4,   0.9, 0.100
2025-11-13 14:36:50,        0,  29.8,   2.3,  25.9,  0.387, -0.005,  0.000,4746703.6,  1,  22.4,   0.8, 0.100
2025-11-13 14:36:51,        0,  29.7,   2.1,  25.9,  0.383, -0.005,  0.000,4746699.0,  1,  22.4,   0.8, 0.100
2025-11-13 14:36:52,        0,  29.7,   2.1,  25.9,  0.380, -0.005,  0.000,4746694.0,  1,  22.4,   0.8, 0.100
2025-11-13 14:36:52,        0,  29.6,   1.9,  25.9,  0.375, -0.005,  0.000,4746688.9,  1,  22.4,   0.8, 0.100
2025-11-13 14:36:54,        0,  29.8,   2.3,  25.9,  0.371, -0.005,  0.000,4746683.1,  1,  22.4,   0.8, 0.100
2025-11-13 14:36:55,        0,  29.8,   2.3,  25.9,  0.367, -0.005,  0.000,4746678.5,  1,  22.4,   0.8, 0.100
2025-11-13 14:36:56,        0,  29.8,   2.3,  25.9,  0.363, -0.005,  0.000,4746673.9,  1,  22.4,   0.8, 0.100
2025-11-13 14:36:56,        0,  29.7,   2.1,  25.9,  0.361, -0.005,  0.000,4746669.3,  1,  22.4,   0.8, 0.100
2025-11-13 14:36:57,        0,  29.7,   2.1,  25.9,  0.356, -0.005,  0.000,4746664.6,  1,  22.4,   0.9, 0.100
2025-11-13 14:36:59,        0,  29.8,   2.5,  25.9,  0.354, -0.005,  0.000,4746659.2,  1,  22.4,   0.9, 0.100
2025-11-13 14:37:00,        0,  29.8,   2.5,  25.9,  0.349, -0.005,  0.000,4746654.6,  1,  22.4,   0.9, 0.100
2025-11-13 14:37:00,        0,  29.7,   2.1,  25.9,  0.347, -0.004,  0.000,4746650.4,  1,  22.4,   0.9, 0.100
2025-11-13 14:37:01,        0,  29.8,   2.3,  25.9,  0.344, -0.005,  0.000,4746645.4,  1,  22.4,   0.9, 0.100
2025-11-13 14:37:03,        0,  29.7,   2.1,  25.9,  0.340, -0.004,  0.000,4746640.3,  1,  22.4,   0.9, 0.100
2025-11-13 14:37:04,        0,  29.8,   2.3,  25.9,  0.336, -0.005,  0.000,4746635.7,  1,  22.4,   0.9, 0.100
2025-11-13 14:37:05,        0,  29.8,   2.3,  25.9,  0.334, -0.005,  0.000,4746631.5,  1,  22.4,   0.9, 0.100
2025-11-13 14:37:05,        0,  29.7,   2.1,  25.9,  0.331, -0.005,  0.000,4746626.9,  1,  22.4,   0.9, 0.100
2025-11-13 14:37:06,        0,  29.8,   2.3,  25.9,  0.328, -0.004,  0.000,4746622.7,  1,  22.4,   0.9, 0.100
2025-11-13 14:37:08,        0,  29.7,   2.1,  25.9,  0.324, -0.004,  0.000,4746617.7,  1,  22.4,   0.9, 0.100
2025-11-13 14:37:09,        0,  29.8,   2.3,  25.9,  0.321, -0.004,  0.000,4746613.9,  1,  22.4,   0.9, 0.100
2025-11-13 14:37:09,        0,  29.8,   2.3,  25.9,  0.319, -0.004,  0.000,4746609.7,  1,  22.4,   0.9, 0.100
2025-11-13 14:37:10,        0,  29.8,   2.3,  25.9,  0.317, -0.005,  0.000,4746605.5,  1,  22.4,   0.9, 0.100
2025-11-13 14:37:12,        0,  29.8,   2.3,  25.9,  0.314, -0.004,  0.000,4746600.1,  1,  22.4,   0.9, 0.100
2025-11-13 14:37:13,        0,  29.8,   2.3,  25.9,  0.311, -0.005,  0.000,4746595.9,  1,  22.4,   0.9, 0.100
2025-11-13 14:37:14,        0,  29.8,   2.5,  25.9,  0.308, -0.005,  0.000,4746591.7,  1,  22.4,   1.0, 0.100
2025-11-13 14:37:14,        0,  29.8,   2.5,  25.9,  0.306, -0.004,  0.000,4746587.1,  1,  22.4,   1.0, 0.100
2025-11-13 14:37:15,        0,  29.8,   2.3,  25.9,  0.304, -0.004,  0.000,4746583.3,  1,  22.4,   0.9, 0.100
2025-11-13 14:37:17,        0,  29.8,   2.5,  25.9,  0.301, -0.004,  0.000,4746578.7,  1,  22.4,   0.9, 0.100
2025-11-13 14:37:18,        0,  29.8,   2.5,  25.9,  0.299, -0.004,  0.000,4746575.0,  1,  22.4,   0.9, 0.100
2025-11-13 14:37:18,        0,  29.8,   2.5,  25.9,  0.297, -0.004,  0.000,4746571.2,  1,  22.4,   1.0, 0.100
2025-11-13 14:37:20,        0,  29.8,   2.5,  25.9,  0.295, -0.004,  0.000,4746565.7,  1,  22.4,   0.9, 0.100
2025-11-13 14:37:21,        0,  29.8,   2.4,  25.9,  0.291, -0.004,  0.000,4746562.4,  1,  22.4,   0.9, 0.100
2025-11-13 14:37:21,        0,  29.9,   2.6,  25.9,  0.290, -0.004,  0.000,4746558.6,  1,  22.4,   0.9, 0.100
2025-11-13 14:37:22,        0,  29.8,   2.5,  25.9,  0.288, -0.004,  0.000,4746555.3,  1,  22.4,   0.9, 0.100
2025-11-13 14:37:24,        0,  29.8,   2.3,  25.9,  0.286, -0.004,  0.000,4746550.6,  1,  22.4,   0.9, 0.100
2025-11-13 14:37:25,        0,  29.8,   2.5,  25.9,  0.284, -0.004,  0.000,4746546.9,  1,  22.4,   0.9, 0.100
2025-11-13 14:37:26,        0,  29.8,   2.5,  25.9,  0.281, -0.004,  0.000,4746543.1,  1,  22.4,   0.9, 0.100
2025-11-13 14:37:26,        0,  29.8,   2.5,  25.9,  0.280, -0.004,  0.000,4746538.5,  1,  22.4,   0.9, 0.100
2025-11-13 14:37:27,        0,  29.8,   2.3,  25.9,  0.278, -0.004,  0.000,4746535.1,  1,  22.4,   0.9, 0.100
2025-11-13 14:37:29,        0,  29.8,   2.4,  25.9,  0.276, -0.004,  0.000,4746531.0,  1,  22.4,   0.9, 0.100
2025-11-13 14:37:30,        0,  29.8,   2.5,  25.9,  0.274, -0.003,  0.000,4746527.2,  1,  22.4,   0.9, 0.100
2025-11-13 14:37:30,        0,  29.8,   2.5,  25.9,  0.272, -0.004,  0.000,4746523.4,  1,  22.4,   0.8, 0.100
2025-11-13 14:37:31,        0,  29.8,   2.5,  25.9,  0.270, -0.004,  0.000,4746519.6,  1,  22.4,   0.9, 0.100
2025-11-13 14:37:33,        0,  29.7,   2.1,  25.9,  0.267, -0.004,  0.000,4746515.4,  1,  22.4,   0.9, 0.100
2025-11-13 14:37:34,        0,  29.8,   2.5,  25.9,  0.266, -0.004,  0.000,4746511.3,  1,  22.4,   0.9, 0.100
2025-11-13 14:37:35,        0,  29.8,   2.5,  25.9,  0.264, -0.004,  0.000,4746508.3,  1,  22.4,   0.9, 0.100
2025-11-13 14:37:35,        0,  29.8,   2.4,  25.9,  0.262, -0.004,  0.000,4746504.1,  1,  22.4,   0.9, 0.100
2025-11-13 14:37:36,        0,  29.8,   2.5,  25.9,  0.262, -0.004,  0.000,4746500.8,  1,  22.4,   0.9, 0.100
2025-11-13 14:37:38,        0,  29.8,   2.5,  25.9,  0.260, -0.004,  0.000,4746496.6,  1,  22.4,   0.9, 0.100
2025-11-13 14:37:39,        0,  29.8,   2.5,  25.8,  0.258, -0.003,  0.000,4746493.2,  1,  22.4,   0.9, 0.100
2025-11-13 14:37:39,        0,  29.8,   2.5,  25.9,  0.257, -0.004,  0.000,4746489.9,  1,  22.4,   0.9, 0.100
2025-11-13 14:37:40,        0,  29.8,   2.5,  25.9,  0.255, -0.004,  0.000,4746486.9,  1,  22.4,   0.9, 0.100
2025-11-13 14:37:42,        0,  29.8,   2.3,  25.9,  0.254, -0.003,  0.000,4746482.8,  1,  22.4,   0.9, 0.100
2025-11-13 14:37:43,        0,  29.8,   2.5,  25.9,  0.253, -0.004,  0.000,4746479.4,  1,  22.4,   0.8, 0.100
2025-11-13 14:37:43,        0,  29.8,   2.5,  25.9,  0.252, -0.003,  0.000,4746476.5,  1,  22.4,   0.9, 0.100
2025-11-13 14:37:44,        0,  29.9,   2.6,  25.9,  0.250, -0.003,  0.000,4746473.1,  1,  22.4,   0.9, 0.100
2025-11-13 14:37:46,        0,  29.8,   2.5,  25.9,  0.248, -0.003,  0.000,4746469.3,  1,  22.4,   0.9, 0.100
2025-11-13 14:37:47,        0,  29.8,   2.5,  25.9,  0.247, -0.004,  0.000,4746465.6,  1,  22.4,   0.9, 0.100
2025-11-13 14:37:48,        0,  29.8,   2.5,  25.9,  0.245, -0.003,  0.000,4746462.2,  1,  22.4,   0.9, 0.100
2025-11-13 14:37:48,        0,  29.7,   2.1,  25.9,  0.244, -0.003,  0.000,4746458.9,  1,  22.4,   0.9, 0.100
2025-11-13 14:37:50,        0,  29.8,   2.3,  25.9,  0.244, -0.004,  0.000,4746454.7,  1,  22.4,   0.8, 0.100
2025-11-13 14:37:51,        0,  29.8,   2.5,  25.9,  0.242, -0.003,  0.000,4746451.3,  1,  22.4,   0.8, 0.100
2025-11-13 14:37:52,        0,  29.8,   2.5,  25.9,  0.241, -0.003,  0.000,4746448.4,  1,  22.4,   0.9, 0.100
2025-11-13 14:37:52,        0,  29.7,   2.1,  25.8,  0.240, -0.003,  0.000,4746445.0,  1,  22.4,   0.9, 0.100
2025-11-13 14:37:54,        0,  29.8,   2.3,  25.9,  0.238, -0.003,  0.000,4746440.8,  1,  22.4,   0.8, 0.100
2025-11-13 14:37:55,        0,  29.8,   2.5,  25.9,  0.237, -0.003,  0.000,4746437.5,  1,  22.4,   0.8, 0.100
2025-11-13 14:37:55,        0,  29.8,   2.5,  25.9,  0.236, -0.003,  0.000,4746434.6,  1,  22.4,   0.8, 0.100
2025-11-13 14:37:56,        0,  29.8,   2.5,  25.8,  0.235, -0.003,  0.000,4746431.2,  1,  22.4,   0.8, 0.100
2025-11-13 14:37:58,        0,  29.9,   2.6,  25.9,  0.233, -0.003,  0.000,4746427.9,  1,  22.4,   0.8, 0.100
2025-11-13 14:37:59,        0,  29.9,   2.6,  25.9,  0.233, -0.003,  0.000,4746425.3,  1,  22.4,   0.8, 0.100
2025-11-13 14:38:00,        0,  29.8,   2.5,  25.9,  0.232, -0.003,  0.000,4746422.4,  1,  22.4,   0.8, 0.100
2025-11-13 14:38:00,        0,  29.8,   2.5,  25.9,  0.231, -0.003,  0.000,4746419.1,  1,  22.4,   0.8, 0.100
2025-11-13 14:38:01,        0,  29.7,   2.1,  25.9,  0.230, -0.003,  0.000,4746416.5,  1,  22.4,   0.8, 0.100
2025-11-13 14:38:03,        0,  29.8,   2.5,  25.8,  0.229, -0.003,  0.000,4746412.3,  1,  22.4,   0.8, 0.100
2025-11-13 14:38:04,        0,  29.9,   2.6,  25.9,  0.227, -0.003,  0.000,4746409.4,  1,  22.4,   0.8, 0.100
2025-11-13 14:38:04,        0,  29.8,   2.5,  25.9,  0.227, -0.003,  0.000,4746406.5,  1,  22.4,   0.8, 0.100
2025-11-13 14:38:05,        0,  29.9,   2.6,  25.9,  0.226, -0.003,  0.000,4746403.1,  1,  22.4,   0.8, 0.100
2025-11-13 14:38:07,        0,  29.9,   2.6,  25.9,  0.225, -0.003,  0.000,4746399.8,  1,  22.4,   0.8, 0.100
2025-11-13 14:38:08,        0,  29.9,   2.6,  25.9,  0.224, -0.003,  0.000,4746396.4,  1,  22.4,   0.8, 0.100
2025-11-13 14:38:09,        0,  29.8,   2.5,  25.9,  0.223, -0.003,  0.000,4746393.5,  1,  22.4,   0.9, 0.100
2025-11-13 14:38:09,        0,  29.9,   2.6,  25.9,  0.223, -0.003,  0.000,4746391.0,  1,  22.4,   0.9, 0.100
2025-11-13 14:38:11,        0,  29.9,   2.6,  25.8,  0.222, -0.003,  0.000,4746387.2,  1,  22.4,   0.9, 0.100
2025-11-13 14:38:12,        0,  29.8,   2.5,  25.9,  0.221, -0.003,  0.000,4746384.3,  1,  22.4,   0.9, 0.100
2025-11-13 14:38:13,        0,  29.9,   2.6,  25.9,  0.220, -0.003,  0.000,4746381.3,  1,  22.4,   0.9, 0.100
2025-11-13 14:38:13,        0,  29.9,   2.6,  25.8,  0.219, -0.004,  0.000,4746378.0,  1,  22.4,   0.9, 0.100
2025-11-13 14:38:15,        0,  29.9,   2.6,  25.8,  0.219, -0.003,  0.000,4746374.2,  1,  22.4,   0.9, 0.100
2025-11-13 14:38:16,        0,  29.7,   2.1,  25.9,  1.597,  1.021,  0.006,4748147.4,  1,  22.4,   0.9, 0.100
2025-11-13 14:38:17,        0,  29.9,   2.6,  25.9,  1.375,  0.089,  0.000,4748637.3,  1,  22.4,   0.9, 0.100
2025-11-13 14:38:17,        0,  29.6,   1.9,  25.9,  1.099,  0.010,  0.000,4748651.6,  1,  22.4,   0.9, 0.100
2025-11-13 14:38:19,        0,  29.8,   2.5,  25.8,  0.956, -0.004,  0.000,4748649.1,  1,  22.4,   0.9, 0.100
2025-11-13 14:38:20,        0,  29.7,   2.0,  25.8,  0.902, -0.006,  0.000,4748644.0,  1,  22.4,   0.9, 0.100
2025-11-13 14:38:21,        0,  29.8,   2.3,  25.9,  0.856, -0.006,  0.000,4748638.2,  1,  22.4,   0.9, 0.100
2025-11-13 14:38:21,        0,  29.8,   2.3,  25.8,  0.800, -0.006,  0.000,4748632.3,  1,  22.4,   0.9, 0.100
2025-11-13 14:38:23,        0,  29.8,   2.3,  25.9,  0.767, -0.006,  0.000,4748624.7,  1,  22.4,   0.9, 0.100
2025-11-13 14:38:24,        0,  29.8,   2.5,  25.9,  0.725, -0.007,  0.000,4748618.0,  1,  22.4,   0.9, 0.100
2025-11-13 14:38:25,        0,  29.8,   2.3,  25.8,  0.701, -0.006,  0.000,4748612.6,  1,  22.4,   0.9, 0.100
2025-11-13 14:38:25,        0,  29.7,   2.1,  25.9,  0.679, -0.007,  0.000,4748605.9,  1,  22.4,   0.9, 0.100
2025-11-13 14:38:27,        0,  29.8,   2.3,  25.9,  0.649, -0.007,  0.000,4748597.5,  1,  22.4,   0.9, 0.100
2025-11-13 14:38:28,        0,  29.8,   2.3,  25.8,  0.633, -0.007,  0.000,4748590.8,  1,  22.4,   0.9, 0.100
2025-11-13 14:38:28,        0,  29.8,   2.3,  25.9,  0.609, -0.007,  0.000,4748584.1,  1,  22.4,   0.9, 0.100
2025-11-13 14:38:29,        0,  29.8,   2.3,  25.9,  0.594, -0.007,  0.000,4748578.2,  1,  22.4,   0.9, 0.100
2025-11-13 14:38:31,        0,  29.8,   2.3,  25.8,  0.574, -0.007,  0.000,4748569.8,  1,  22.4,   0.9, 0.100
2025-11-13 14:38:32,        0,  29.8,   2.3,  25.9,  0.561, -0.006,  0.000,4748563.6,  1,  22.4,   0.9, 0.100
2025-11-13 14:38:33,        0,  29.8,   2.3,  25.8,  0.551, -0.006,  0.000,4748558.1,  1,  22.4,   0.9, 0.100
2025-11-13 14:38:33,        0,  29.7,   2.1,  25.8,  0.534, -0.006,  0.000,4748551.8,  1,  22.4,   0.9, 0.100
2025-11-13 14:38:34,        0,  29.8,   2.5,  25.8,  0.523, -0.006,  0.000,4748546.0,  1,  22.4,   0.9, 0.100
2025-11-13 14:38:36,        0,  29.8,   2.3,  25.9,  0.509, -0.006,  0.000,4748538.4,  1,  22.4,   0.9, 0.100
2025-11-13 14:38:37,        0,  29.8,   2.3,  25.9,  0.500, -0.006,  0.000,4748533.0,  1,  22.4,   0.9, 0.100
2025-11-13 14:38:37,        0,  29.8,   2.3,  25.8,  0.492, -0.006,  0.000,4748527.1,  1,  22.4,   0.9, 0.100
2025-11-13 14:38:38,        0,  29.8,   2.3,  25.9,  0.479, -0.006,  0.000,4748521.2,  1,  22.4,   0.9, 0.100
2025-11-13 14:38:40,        0,  29.8,   2.5,  25.8,  0.468, -0.006,  0.000,4748514.1,  1,  22.4,   0.9, 0.100
2025-11-13 14:38:41,        0,  29.8,   2.3,  25.9,  0.461, -0.006,  0.000,4748508.7,  1,  22.4,   0.9, 0.100
2025-11-13 14:38:41,        0,  29.8,   2.3,  25.9,  0.454, -0.006,  0.000,4748503.2,  1,  22.4,   0.9, 0.100
2025-11-13 14:38:42,        0,  29.7,   2.1,  25.8,  0.444, -0.006,  0.000,4748497.3,  1,  22.4,   0.9, 0.100
2025-11-13 14:38:44,        0,  29.8,   2.3,  25.9,  0.437, -0.006,  0.000,4748490.6,  1,  22.4,   0.9, 0.100
2025-11-13 14:38:45,        0,  29.8,   2.3,  25.8,  0.428, -0.005,  0.000,4748485.6,  1,  22.4,   0.9, 0.100
2025-11-13 14:38:46,        0,  29.8,   2.3,  25.8,  0.422, -0.005,  0.000,4748481.0,  1,  22.4,   0.9, 0.100
2025-11-13 14:38:46,        0,  29.8,   2.5,  25.8,  0.416, -0.006,  0.000,4748475.6,  1,  22.4,   0.9, 0.100
2025-11-13 14:38:47,        0,  29.8,   2.5,  25.9,  0.409, -0.006,  0.000,4748469.7,  1,  22.4,   0.9, 0.100
2025-11-13 14:38:49,        0,  29.8,   2.5,  25.8,  0.403, -0.005,  0.000,4748464.2,  1,  22.4,   0.9, 0.100
2025-11-13 14:38:50,        0,  29.8,   2.5,  25.9,  0.396, -0.005,  0.000,4748458.8,  1,  22.4,   0.9, 0.100
2025-11-13 14:38:50,        0,  29.8,   2.3,  25.8,  0.390, -0.005,  0.000,4748454.2,  1,  22.4,   0.9, 0.100
2025-11-13 14:38:51,        0,  29.8,   2.3,  25.8,  0.386, -0.005,  0.000,4748449.1,  1,  22.4,   0.9, 0.100
2025-11-13 14:38:53,        0,  29.8,   2.3,  25.8,  0.379, -0.005,  0.000,4748443.7,  1,  22.4,   0.9, 0.100
2025-11-13 14:38:54,        0,  29.8,   2.5,  25.8,  0.375, -0.005,  0.000,4748438.7,  1,  22.4,   0.9, 0.100
2025-11-13 14:38:55,        0,  29.8,   2.3,  25.9,  0.368, -0.005,  0.000,4748434.1,  1,  22.4,   0.9, 0.100
2025-11-13 14:38:55,        0,  29.6,   1.9,  25.8,  0.363, -0.005,  0.000,4748429.9,  1,  22.4,   1.0, 0.100
2025-11-13 14:38:57,        0,  29.8,   2.5,  25.8,  0.358, -0.005,  0.000,4748424.0,  1,  22.4,   0.9, 0.100
2025-11-13 14:38:58,        0,  29.8,   2.5,  25.8,  0.354, -0.005,  0.000,4748419.8,  1,  22.4,   0.9, 0.100
2025-11-13 14:38:58,        0,  29.6,   1.9,  25.8,  0.350, -0.005,  0.000,4748415.6,  1,  22.4,   0.9, 0.100
2025-11-13 14:38:59,        0,  29.8,   2.5,  25.8,  0.344, -0.005,  0.000,4748410.6,  1,  22.4,   0.9, 0.100
2025-11-13 14:39:01,        0,  29.8,   2.3,  25.8,  0.339, -0.004,  0.000,4748405.6,  1,  22.4,   0.9, 0.100
2025-11-13 14:39:02,        0,  29.8,   2.3,  25.9,  0.336, -0.005,  0.000,4748401.4,  1,  22.4,   0.9, 0.100
2025-11-13 14:39:02,        0,  29.9,   2.6,  25.8,  0.332, -0.005,  0.000,4748396.8,  1,  22.4,   0.9, 0.100
2025-11-13 14:39:03,        0,  29.9,   2.6,  25.8,  0.329, -0.005,  0.000,4748392.6,  1,  22.4,   0.9, 0.100
2025-11-13 14:39:05,        0,  29.8,   2.5,  25.8,  0.324, -0.005,  0.000,4748386.7,  1,  22.4,   0.9, 0.100
2025-11-13 14:39:06,        0,  29.8,   2.5,  25.8,  0.319, -0.005,  0.000,4748382.9,  1,  22.4,   0.9, 0.100
2025-11-13 14:39:06,        0,  29.8,   2.5,  25.8,  0.316, -0.004,  0.000,4748379.2,  1,  22.4,   0.9, 0.100
2025-11-13 14:39:07,        0,  29.8,   2.5,  25.8,  0.313, -0.004,  0.000,4748375.0,  1,  22.4,   0.9, 0.100
2025-11-13 14:39:09,        0,  29.9,   2.6,  25.8,  0.309, -0.004,  0.000,4748370.8,  1,  22.4,   0.8, 0.100
2025-11-13 14:39:10,        0,  29.9,   2.6,  25.9,  0.306, -0.004,  0.000,4748366.2,  1,  22.4,   0.8, 0.100
2025-11-13 14:39:10,        0,  29.9,   2.6,  25.8,  0.302, -0.004,  0.000,4748362.4,  1,  22.4,   0.8, 0.100
2025-11-13 14:39:11,        0,  29.9,   2.6,  25.9,  0.299, -0.004,  0.000,4748358.6,  1,  22.4,   0.8, 0.100
2025-11-13 14:39:13,        0,  29.9,   2.6,  25.8,  0.295, -0.004,  0.000,4748354.0,  1,  22.4,   0.8, 0.100
2025-11-13 14:39:14,        0,  29.8,   2.5,  25.8,  2.713,  1.743,  0.011,4749921.0,  1,  22.4,   0.8, 0.100
2025-11-13 14:39:14,        0,  29.8,   2.5,  25.8,  2.223,  0.685,  0.002,4750958.3,  1,  22.4,   0.8, 0.100
2025-11-13 14:39:15,        0,  29.6,   1.9,  25.8,  1.102,  0.010,  0.000,4750978.8,  1,  22.4,   0.8, 0.100
2025-11-13 14:39:17,        0,  29.8,   2.3,  25.8,  0.993, -0.001,  0.000,4750978.4,  1,  22.4,   0.8, 0.100
2025-11-13 14:39:18,        0,  29.7,   2.1,  25.8,  0.901, -0.005,  0.000,4750973.8,  1,  22.4,   0.8, 0.100
2025-11-13 14:39:19,        0,  29.7,   2.1,  25.8,  0.859, -0.006,  0.000,4750967.5,  1,  22.4,   0.9, 0.100
2025-11-13 14:39:19,        0,  29.8,   2.3,  25.8,  0.820, -0.006,  0.000,4750961.6,  1,  22.4,   0.9, 0.100
2025-11-13 14:39:20,        0,  29.8,   2.3,  25.8,  0.767, -0.006,  0.000,4750956.2,  1,  22.4,   0.9, 0.100
2025-11-13 14:39:22,        0,  29.6,   1.8,  25.8,  0.738, -0.006,  0.000,4750948.6,  1,  22.4,   0.9, 0.100
2025-11-13 14:39:23,        0,  29.8,   2.3,  25.8,  0.700, -0.007,  0.000,4750942.3,  1,  22.4,   0.9, 0.100
2025-11-13 14:39:23,        0,  29.6,   1.9,  25.8,  0.678, -0.007,  0.000,4750936.1,  1,  22.4,   0.9, 0.100
2025-11-13 14:39:24,        0,  29.8,   2.3,  25.8,  0.658, -0.007,  0.000,4750928.9,  1,  22.4,   0.9, 0.100
2025-11-13 14:39:26,        0,  29.7,   2.1,  25.8,  0.632, -0.007,  0.000,4750921.4,  1,  22.4,   0.9, 0.100
2025-11-13 14:39:27,        0,  29.6,   1.8,  25.8,  0.608, -0.007,  0.000,4750914.7,  1,  22.4,   0.9, 0.100
2025-11-13 14:39:28,        0,  29.6,   1.9,  25.8,  0.593, -0.007,  0.000,4750908.0,  1,  22.4,   0.9, 0.100
2025-11-13 14:39:28,        0,  29.8,   2.3,  25.8,  0.580, -0.007,  0.000,4750901.7,  1,  22.4,   0.9, 0.100
2025-11-13 14:39:30,        0,  29.8,   2.3,  25.8,  0.561, -0.007,  0.000,4750894.1,  1,  22.4,   0.9, 0.100
2025-11-13 14:39:31,        0,  29.8,   2.3,  25.8,  0.550, -0.007,  0.000,4750887.9,  1,  22.4,   0.9, 0.100
2025-11-13 14:39:31,        0,  29.7,   2.1,  25.8,  0.532, -0.006,  0.000,4750881.6,  1,  22.4,   0.9, 0.100
2025-11-13 14:39:32,        0,  29.7,   2.1,  25.8,  0.523, -0.007,  0.000,4750876.1,  1,  22.4,   0.9, 0.100
2025-11-13 14:39:34,        0,  29.7,   2.1,  25.8,  0.508, -0.006,  0.000,4750869.0,  1,  22.4,   0.9, 0.100
2025-11-13 14:39:35,        0,  29.8,   2.3,  25.8,  0.499, -0.006,  0.000,4750863.1,  1,  22.4,   0.9, 0.100
2025-11-13 14:39:36,        0,  29.8,   2.3,  25.8,  0.490, -0.006,  0.000,4750857.3,  1,  22.4,   0.9, 0.100
2025-11-13 14:39:36,        0,  29.7,   2.1,  25.8,  0.478, -0.005,  0.000,4750851.8,  1,  22.4,   0.9, 0.100
2025-11-13 14:39:38,        0,  29.8,   2.3,  25.8,  0.470, -0.006,  0.000,4750845.1,  1,  22.4,   0.9, 0.100
2025-11-13 14:39:39,        0,  29.8,   2.3,  25.8,  0.459, -0.006,  0.000,4750838.8,  1,  22.4,   0.9, 0.100
2025-11-13 14:39:40,        0,  29.7,   2.1,  25.8,  0.452, -0.005,  0.000,4750833.4,  1,  22.4,   0.9, 0.100
2025-11-13 14:39:40,        0,  29.8,   2.3,  25.8,  0.445, -0.005,  0.000,4750828.4,  1,  22.4,   1.0, 0.100
2025-11-13 14:39:41,        0,  29.8,   2.3,  25.8,  0.435, -0.005,  0.000,4750822.5,  1,  22.4,   1.0, 0.100
2025-11-13 14:39:43,        0,  29.8,   2.5,  25.8,  0.430, -0.005,  0.000,4750816.2,  1,  22.4,   1.0, 0.100
2025-11-13 14:39:44,        0,  29.8,   2.3,  25.8,  0.420, -0.005,  0.000,4750811.2,  1,  22.4,   1.0, 0.100
2025-11-13 14:39:45,        0,  29.8,   2.3,  25.8,  0.414, -0.005,  0.000,4750805.7,  1,  22.4,   1.0, 0.100
2025-11-13 14:39:45,        0,  29.8,   2.3,  25.8,  0.408, -0.005,  0.000,4750800.7,  1,  22.4,   1.0, 0.100
2025-11-13 14:39:46,        0,  29.8,   2.3,  25.8,  0.401, -0.005,  0.000,4750795.2,  1,  22.4,   1.0, 0.100
2025-11-13 14:39:48,        0,  29.8,   2.3,  25.8,  0.393, -0.005,  0.000,4750789.8,  1,  22.4,   1.0, 0.100
2025-11-13 14:39:49,        0,  29.8,   2.5,  25.8,  0.388, -0.005,  0.000,4750784.3,  1,  22.4,   1.0, 0.100
2025-11-13 14:39:49,        0,  29.8,   2.3,  25.8,  0.383, -0.005,  0.000,4750779.7,  1,  22.4,   0.9, 0.100
2025-11-13 14:39:50,        0,  29.8,   2.3,  25.8,  0.377, -0.005,  0.000,4750775.5,  1,  22.4,   1.0, 0.100
2025-11-13 14:39:52,        0,  29.8,   2.5,  25.8,  0.373, -0.005,  0.000,4750769.7,  1,  22.4,   1.0, 0.100
2025-11-13 14:39:53,        0,  29.8,   2.3,  25.8,  0.365, -0.005,  0.000,4750764.6,  1,  22.4,   1.0, 0.100
2025-11-13 14:39:54,        0,  29.8,   2.5,  25.8,  0.362, -0.005,  0.000,4750760.0,  1,  22.4,   0.9, 0.100
2025-11-13 14:39:54,        0,  29.8,   2.3,  25.8,  0.357, -0.005,  0.000,4750755.8,  1,  22.4,   1.0, 0.100
2025-11-13 14:39:56,        0,  29.8,   2.3,  25.8,  0.352, -0.004,  0.000,4750750.0,  1,  22.4,   0.9, 0.100
2025-11-13 14:39:57,        0,  29.8,   2.3,  25.8,  0.348, -0.004,  0.000,4750746.2,  1,  22.4,   0.9, 0.100
2025-11-13 14:39:58,        0,  29.8,   2.3,  25.8,  0.342, -0.005,  0.000,4750741.6,  1,  22.4,   1.0, 0.100
2025-11-13 14:39:58,        0,  29.7,   2.1,  25.8,  0.338, -0.004,  0.000,4750737.8,  1,  22.4,   0.9, 0.100
2025-11-13 14:39:59,        0,  29.8,   2.3,  25.8,  0.334, -0.004,  0.000,4750733.2,  1,  22.4,   0.9, 0.100
2025-11-13 14:40:01,        0,  29.8,   2.3,  25.8,  0.330, -0.004,  0.000,4750728.6,  1,  22.4,   0.9, 0.100
2025-11-13 14:40:02,        0,  29.8,   2.3,  25.8,  0.326, -0.004,  0.000,4750724.4,  1,  22.4,   0.9, 0.100
2025-11-13 14:40:02,        0,  29.8,   2.3,  25.8,  0.321, -0.005,  0.000,4750720.2,  1,  22.4,   0.9, 0.100
2025-11-13 14:40:04,        0,  29.8,   2.3,  25.8,  0.318, -0.004,  0.000,4750715.2,  1,  22.4,   0.9, 0.100
2025-11-13 14:40:05,        0,  29.8,   2.3,  25.8,  0.313, -0.004,  0.000,4750711.0,  1,  22.4,   0.9, 0.100
2025-11-13 14:40:06,        0,  29.8,   2.3,  25.8,  0.311, -0.004,  0.000,4750707.2,  1,  22.4,   0.9, 0.100
2025-11-13 14:40:06,        0,  29.8,   2.5,  25.8,  0.307, -0.004,  0.000,4750703.5,  1,  22.4,   0.9, 0.100
2025-11-13 14:40:08,        0,  29.8,   2.3,  25.8,  0.303, -0.004,  0.000,4750698.4,  1,  22.4,   0.9, 0.100
2025-11-13 14:40:09,        0,  29.7,   2.1,  25.8,  0.301, -0.004,  0.000,4750694.7,  1,  22.4,   0.9, 0.100
2025-11-13 14:40:10,        0,  29.8,   2.3,  25.8,  0.296, -0.003,  0.000,4750691.3,  1,  22.4,   0.9, 0.100
2025-11-13 14:40:10,        0,  29.8,   2.3,  25.8,  0.293, -0.004,  0.000,4750687.1,  1,  22.4,   0.9, 0.100
2025-11-13 14:40:11,        0,  29.8,   2.3,  25.8,  0.291, -0.004,  0.000,4750683.8,  1,  22.4,   1.0, 0.100
2025-11-13 14:40:13,        0,  29.8,   2.3,  25.8,  0.287, -0.004,  0.000,4750678.7,  1,  22.4,   1.0, 0.100
2025-11-13 14:40:14,        0,  29.8,   2.3,  25.8,  0.284, -0.003,  0.000,4750675.4,  1,  22.4,   0.9, 0.100
2025-11-13 14:40:14,        0,  29.8,   2.3,  25.8,  0.281, -0.004,  0.000,4750672.0,  1,  22.4,   1.0, 0.100
2025-11-13 14:40:15,        0,  29.8,   2.3,  25.8,  0.279, -0.003,  0.000,4750668.7,  1,  22.4,   0.9, 0.100
2025-11-13 14:40:17,        0,  29.7,   2.1,  25.8,  0.276, -0.003,  0.000,4750664.1,  1,  22.4,   1.0, 0.100
2025-11-13 14:40:18,        0,  29.8,   2.3,  25.8,  0.274, -0.004,  0.000,4750660.7,  1,  22.4,   1.0, 0.100
2025-11-13 14:40:19,        0,  29.8,   2.5,  25.8,  0.270, -0.003,  0.000,4750657.4,  1,  22.4,   1.0, 0.100
2025-11-13 14:40:19,        0,  29.8,   2.3,  25.8,  0.268, -0.003,  0.000,4750654.4,  1,  22.4,   1.0, 0.100
2025-11-13 14:40:20,        0,  29.8,   2.5,  25.8,  0.266, -0.004,  0.000,4750651.1,  1,  22.4,   1.0, 0.100
2025-11-13 14:40:22,        0,  29.8,   2.3,  25.8,  0.264, -0.003,  0.000,4750646.5,  1,  22.4,   1.0, 0.100
2025-11-13 14:40:23,        0,  29.8,   2.3,  25.8,  0.261, -0.004,  0.000,4750642.7,  1,  22.4,   1.0, 0.100
2025-11-13 14:40:23,        0,  29.7,   2.1,  25.8,  0.258, -0.004,  0.000,4750639.3,  1,  22.4,   1.0, 0.100
2025-11-13 14:40:24,        0,  29.8,   2.5,  25.8,  0.257, -0.004,  0.000,4750635.6,  1,  22.4,   1.0, 0.100
2025-11-13 14:40:26,        0,  29.8,   2.5,  25.8,  0.255, -0.003,  0.000,4750631.4,  1,  22.4,   1.0, 0.100
2025-11-13 14:40:27,        0,  29.8,   2.3,  25.8,  0.252, -0.004,  0.000,4750628.4,  1,  22.4,   1.0, 0.100
2025-11-13 14:40:28,        0,  29.8,   2.5,  25.8,  0.251, -0.004,  0.000,4750625.1,  1,  22.4,   1.0, 0.100
2025-11-13 14:40:28,        0,  29.8,   2.3,  25.8,  0.249, -0.004,  0.000,4750621.3,  1,  22.4,   1.0, 0.100
2025-11-13 14:40:30,        0,  29.8,   2.5,  25.8,  0.246, -0.003,  0.000,4750618.0,  1,  22.4,   1.0, 0.100
2025-11-13 14:40:31,        0,  29.8,   2.3,  25.8,  0.244, -0.003,  0.000,4750614.6,  1,  22.4,   1.0, 0.100
2025-11-13 14:40:32,        0,  29.8,   2.3,  25.8,  0.243, -0.004,  0.000,4750611.3,  1,  22.4,   1.0, 0.100
2025-11-13 14:40:32,        0,  29.8,   2.5,  25.8,  0.241, -0.003,  0.000,4750608.3,  1,  22.4,   1.0, 0.100
2025-11-13 14:40:34,        0,  29.8,   2.5,  25.8,  0.239, -0.003,  0.000,4750605.0,  1,  22.4,   1.0, 0.100
2025-11-13 14:40:35,        0,  29.8,   2.5,  25.8,  0.237, -0.003,  0.000,4750601.6,  1,  22.4,   1.0, 0.100
2025-11-13 14:40:35,        0,  29.8,   2.3,  25.8,  0.236, -0.003,  0.000,4750599.1,  1,  22.4,   1.0, 0.100
