Time, Cnts,  %T, set_Cell[mA], Cell[°C], Cell[Volt], Cell[mA], Cell[W], Cell[uAs], Cell_ON, Env[°C], TEC[°C], N2Flow[slpm]
2025-10-06 12:07:52,        0,  29.7,   2.0,  25.3,  0.741, -0.007,  0.000,     -7.2,  1,  21.2,   1.0, 0.100
2025-10-06 12:07:53,        0,  29.7,   2.0,  25.3,  0.707, -0.007,  0.000,    -14.0,  1,  21.2,   1.0, 0.100
2025-10-06 12:07:54,        0,  29.7,   2.2,  25.3,  0.686, -0.007,  0.000,    -22.6,  1,  21.2,   1.0, 0.100
2025-10-06 12:07:55,        0,  29.7,   2.0,  25.3,  0.659, -0.007,  0.000,    -29.5,  1,  21.2,   1.1, 0.100
2025-10-06 12:07:56,        0,  29.7,   2.0,  25.3,  0.642, -0.007,  0.000,    -36.6,  1,  21.2,   1.0, 0.100
2025-10-06 12:07:57,        0,  29.7,   2.2,  25.3,  0.626, -0.007,  0.000,    -43.2,  1,  21.2,   1.0, 0.100
2025-10-06 12:07:58,        0,  29.7,   2.2,  25.3,  0.603, -0.007,  0.000,    -50.9,  1,  21.2,   1.0, 0.100
2025-10-06 12:07:59,        0,  29.7,   2.0,  25.3,  0.589, -0.007,  0.000,    -57.8,  1,  21.2,   1.1, 0.100
2025-10-06 12:08:00,        0,  29.7,   2.2,  25.3,  0.570, -0.007,  0.000,    -64.1,  1,  21.2,   1.1, 0.100
2025-10-06 12:08:01,        0,  29.7,   2.0,  25.3,  0.559, -0.007,  0.000,    -70.4,  1,  21.2,   1.1, 0.100
2025-10-06 12:08:02,        0,  29.7,   2.0,  25.3,  0.547, -0.007,  0.000,    -76.7,  1,  21.2,   1.1, 0.100
2025-10-06 12:08:03,        0,  29.7,   2.2,  25.3,  0.530, -0.006,  0.000,    -84.1,  1,  21.2,   1.1, 0.100
2025-10-06 12:08:04,        0,  29.6,   1.8,  25.3,  0.520, -0.007,  0.000,    -90.1,  1,  21.2,   1.1, 0.100
2025-10-06 12:08:05,        0,  29.6,   1.9,  25.3,  0.506, -0.006,  0.000,    -96.1,  1,  21.2,   1.1, 0.100
2025-10-06 12:08:06,        0,  29.8,   2.4,  25.3,  0.497, -0.006,  0.000,   -101.9,  1,  21.2,   1.0, 0.100
2025-10-06 12:08:07,        0,  29.8,   2.5,  25.3,  0.484, -0.007,  0.000,   -109.0,  1,  21.2,   1.1, 0.100
2025-10-06 12:08:08,        0,  30.0,   3.1,  25.3,  2.034,  1.499,  0.008,   1630.8,  1,  21.2,   1.0, 0.100
2025-10-06 12:08:09,        0,  30.1,   3.4,  25.3,  5.390,  4.646,  0.025,   6172.1,  1,  21.2,   1.1, 0.100
2025-10-06 12:08:10,        0,  29.7,   2.0,  25.3,  6.398,  5.880,  0.038,  11277.6,  1,  21.2,   1.1, 0.100
2025-10-06 12:08:11,        0,  30.9,   5.8,  25.3,  7.184,  6.835,  0.049,  17388.4,  1,  21.2,   1.0, 0.100
2025-10-06 12:08:12,        0,  30.5,   4.6,  25.3,  7.278,  6.946,  0.052,  24248.6,  1,  21.2,   1.1, 0.100
2025-10-06 12:08:13,        0,  32.7,  11.2,  25.3,  9.232,  9.348,  0.086,  33276.0,  1,  21.2,   1.1, 0.100
2025-10-06 12:08:14,        0,  34.1,  15.2,  25.3, 13.421, 14.478,  0.195,  46921.9,  1,  21.2,   1.0, 0.100
2025-10-06 12:08:15,        0,  33.6,  13.7,  25.3, 14.293, 15.555,  0.222,  65445.9,  1,  21.2,   1.0, 0.101
2025-10-06 12:08:16,        0,  34.8,  17.5,  25.3, 16.351, 18.092,  0.296,  82073.9,  1,  21.3,   1.1, 0.094
2025-10-06 12:08:17,        0,  34.2,  15.7,  25.3, 16.208, 17.908,  0.291, 100051.7,  1,  21.2,   1.1, 0.089
2025-10-06 12:08:18,        0,  38.1,  27.2,  25.3, 20.941, 23.740,  0.503, 122473.5,  1,  21.2,   1.0, 0.096
2025-10-06 12:08:19,        0,  38.6,  28.8,  25.3, 26.338, 30.479,  0.805, 157928.2,  1,  21.1,   1.0, 0.098
2025-10-06 12:08:20,        0,  39.3,  30.9,  25.3, 27.527, 31.969,  0.882, 190175.9,  1,  21.1,   1.0, 0.099
2025-10-06 12:08:21,        0,  42.1,  39.4,  25.3, 33.014, 38.829,  1.284, 226623.9,  1,  21.1,   1.0, 0.099
2025-10-06 12:08:22,        0,  42.6,  40.8,  25.3, 34.960, 41.359,  1.448, 266414.5,  1,  21.1,   1.0, 0.099
2025-10-06 12:08:23,        0,  38.6,  28.8,  25.3, 33.810, 39.997,  1.357, 315028.1,  1,  21.1,   1.0, 0.100
2025-10-06 12:08:24,        0,  41.1,  36.4,  25.3, 34.973, 41.431,  1.460, 353749.5,  1,  21.2,   1.0, 0.100
2025-10-06 12:08:25,        0,  44.6,  46.7,  25.3, 37.304, 44.440,  1.662, 396112.7,  1,  21.1,   1.0, 0.100
2025-10-06 12:08:26,        0,  43.5,  43.4,  25.3, 36.733, 43.762,  1.609, 438390.6,  1,  21.1,   1.0, 0.100
2025-10-06 12:08:27,        0,  43.7,  44.1,  25.3, 31.482, 37.158,  1.182, 487014.5,  1,  21.1,   1.0, 0.100
2025-10-06 12:08:28,        0,  45.1,  48.3,  25.3, 32.757, 38.735,  1.273, 527778.4,  1,  21.1,   1.0, 0.100
2025-10-06 12:08:29,        0,  44.6,  46.7,  25.3, 43.165, 51.976,  2.244, 576972.8,  1,  21.1,   1.0, 0.100
2025-10-06 12:08:30,        0,  42.0,  38.9,  25.3, 40.176, 48.199,  1.939, 623748.5,  1,  21.1,   1.0, 0.100
2025-10-06 12:08:31,        0,  41.1,  36.3,  25.3, 32.624, 38.682,  1.273, 670998.0,  1,  21.1,   1.0, 0.100
2025-10-06 12:08:32,        0,  46.3,  51.9,  25.3, 39.704, 47.655,  1.919, 720393.3,  1,  21.2,   1.0, 0.111
2025-10-06 12:08:33,        0,  48.5,  58.5,  25.3, 40.990, 49.303,  2.074, 768994.4,  1,  21.2,   1.0, 0.111
2025-10-06 12:08:34,        0,  40.8,  35.4,  25.4, 46.309, 56.201,  2.613, 824702.2,  1,  21.1,   1.0, 0.105
2025-10-06 12:08:35,        0,  43.3,  42.9,  25.3, 47.985, 58.451,  2.831, 885452.0,  1,  21.1,   1.0, 0.101
2025-10-06 12:08:36,        0,  34.8,  17.5,  25.3, 33.451, 39.886,  1.341, 918924.0,  1,  21.1,   1.0, 0.101
2025-10-06 12:08:37,        0,  42.5,  40.6,  25.4, 21.009, 24.049,  0.514, 942171.2,  1,  21.1,   1.0, 0.100
2025-10-06 12:08:38,        0,  34.2,  15.7,  25.3, 39.921, 47.986,  1.919, 985058.2,  1,  21.1,   1.0, 0.100
2025-10-06 12:08:39,        0,  39.5,  31.4,  25.4, 32.379, 38.402,  1.263,1014060.1,  1,  21.1,   1.0, 0.100
2025-10-06 12:08:40,        0,  44.7,  47.0,  25.4, 36.173, 43.115,  1.561,1060408.7,  1,  21.1,   1.0, 0.100
2025-10-06 12:08:41,        0,  45.1,  48.3,  25.4, 43.969, 53.081,  2.334,1110586.1,  1,  21.2,   1.0, 0.100
2025-10-06 12:08:42,        0,  41.6,  37.8,  25.4, 42.726, 51.530,  2.204,1157415.1,  1,  21.1,   1.0, 0.100
2025-10-06 12:08:43,        0,  43.8,  44.3,  25.4, 34.975, 41.695,  1.465,1198106.3,  1,  21.1,   1.0, 0.100
2025-10-06 12:08:44,        0,  43.4,  43.2,  25.4, 39.316, 47.186,  1.857,1254506.9,  1,  21.1,   1.0, 0.100
2025-10-06 12:08:45,        0,  47.0,  54.0,  25.4, 35.245, 42.036,  1.538,1298843.5,  1,  21.1,   1.0, 0.100
2025-10-06 12:08:46,        0,  48.0,  57.1,  25.4, 44.692, 54.128,  2.429,1353890.4,  1,  21.1,   1.0, 0.100
2025-10-06 12:08:47,        0,  40.3,  34.0,  25.4, 40.854, 49.369,  2.037,1413940.4,  1,  21.1,   1.0, 0.100
2025-10-06 12:08:48,        0,  42.8,  41.5,  25.4, 39.070, 47.004,  1.855,1459430.7,  1,  21.1,   1.0, 0.100
2025-10-06 12:08:49,        0,  46.1,  51.4,  25.4, 39.731, 47.891,  1.950,1505253.0,  1,  21.1,   1.0, 0.100
2025-10-06 12:08:50,        0,  44.6,  46.9,  25.4, 29.024, 34.219,  1.000,1544401.8,  1,  21.1,   1.0, 0.100
2025-10-06 12:08:51,        0,  46.9,  53.6,  25.4, 35.435, 42.292,  1.525,1595157.2,  1,  21.1,   1.0, 0.100
2025-10-06 12:08:52,        0,  47.8,  56.3,  25.4, 44.445, 53.816,  2.402,1649161.8,  1,  21.1,   1.0, 0.100
2025-10-06 12:08:53,        0,  42.7,  41.0,  25.4, 38.803, 46.671,  1.871,1698551.3,  1,  21.1,   1.1, 0.100
2025-10-06 12:08:54,        0,  48.6,  58.8,  25.4, 52.202, 63.838,  3.333,1753815.4,  1,  21.1,   1.1, 0.100
2025-10-06 12:08:55,        0,  37.2,  24.6,  25.4, 44.386, 54.032,  2.414,1817680.0,  1,  21.1,   1.0, 0.100
2025-10-06 12:08:56,        0,  45.4,  49.3,  25.5, 17.062, 19.120,  0.492,1841433.1,  1,  21.1,   1.1, 0.100
2025-10-06 12:08:57,        0,  40.8,  35.4,  25.5, 41.127, 49.641,  2.056,1889657.1,  1,  21.1,   1.0, 0.100
2025-10-06 12:08:58,        0,  44.6,  46.9,  25.5, 32.424, 38.523,  1.263,1933378.4,  1,  21.1,   1.0, 0.100
2025-10-06 12:08:59,        0,  46.3,  51.9,  25.5, 54.990, 67.272,  3.700,1992477.1,  1,  21.1,   1.0, 0.100
2025-10-06 12:09:00,        0,  47.1,  54.2,  25.5, 36.937, 44.362,  1.703,2049219.8,  1,  21.1,   1.1, 0.100
2025-10-06 12:09:01,        0,  46.7,  53.1,  25.5, 37.284, 44.772,  1.703,2094378.2,  1,  21.2,   1.0, 0.100
2025-10-06 12:09:02,        0,  42.9,  41.7,  25.5, 39.903, 48.082,  1.924,2142769.6,  1,  21.2,   1.0, 0.100
2025-10-06 12:09:03,        0,  47.3,  55.0,  25.5, 52.463, 64.142,  3.370,2212088.4,  1,  21.1,   1.0, 0.100
2025-10-06 12:09:04,        0,  42.4,  40.1,  25.5, 44.783, 54.503,  2.450,2262147.2,  1,  21.2,   1.0, 0.100
2025-10-06 12:09:05,        0,  46.2,  51.5,  25.5, 50.528, 61.701,  3.219,2320198.8,  1,  21.1,   1.0, 0.100
2025-10-06 12:09:06,        0,  44.6,  46.7,  25.5, 57.025, 70.296,  4.024,2383451.4,  1,  21.1,   1.0, 0.100
2025-10-06 12:09:07,        0,  44.1,  45.3,  25.5, 41.260, 50.078,  2.122,2429281.7,  1,  21.2,   1.0, 0.100
2025-10-06 12:09:08,        0,  51.1,  66.2,  25.5, 57.290, 70.722,  4.058,2503899.5,  1,  21.1,   1.0, 0.100
2025-10-06 12:09:09,        0,  49.5,  61.6,  25.5, 61.742, 76.578,  4.734,2571923.1,  1,  21.1,   1.0, 0.100
2025-10-06 12:09:10,        0,  41.6,  37.7,  25.5, 52.676, 65.145,  3.438,2627016.7,  1,  21.1,   1.0, 0.100
2025-10-06 12:09:11,        0,  51.5,  67.4,  25.5, 43.740, 53.384,  2.360,2676029.9,  1,  21.1,   1.0, 0.100
2025-10-06 12:09:12,        0,  45.6,  49.8,  25.5, 50.055, 61.681,  3.156,2757644.3,  1,  21.1,   1.0, 0.100
2025-10-06 12:09:13,        0,  52.0,  69.1,  25.5, 48.225, 59.224,  2.946,2815296.0,  1,  21.1,   1.0, 0.100
2025-10-06 12:09:14,        0,  46.1,  51.4,  25.6, 51.848, 64.061,  3.326,2877272.9,  1,  21.1,   1.0, 0.100
2025-10-06 12:09:15,        0,  49.7,  62.2,  25.6, 47.327, 58.138,  2.790,2940905.4,  1,  21.1,   1.0, 0.100
2025-10-06 12:09:16,        0,  47.9,  56.6,  25.5, 53.901, 66.716,  3.621,3017332.6,  1,  21.1,   1.0, 0.100
2025-10-06 12:09:17,        0,  54.7,  77.1,  25.6, 65.262, 81.667,  5.330,3086541.1,  1,  21.1,   1.0, 0.100
2025-10-06 12:09:18,        0,  46.1,  51.2,  25.6, 60.416, 75.536,  4.633,3159128.4,  1,  21.1,   1.0, 0.100
2025-10-06 12:09:19,        0,  50.4,  64.3,  25.6, 55.714, 69.421,  3.874,3225350.5,  1,  21.1,   1.0, 0.100
2025-10-06 12:09:20,        0,  46.2,  51.6,  25.6, 56.439, 70.606,  4.017,3308349.1,  1,  21.2,   1.0, 0.100
2025-10-06 12:09:21,        0,  51.0,  66.0,  25.6, 40.333, 49.430,  2.007,3359330.8,  1,  21.1,   1.0, 0.100
2025-10-06 12:09:22,        0,  47.2,  54.5,  25.6, 59.607, 74.327,  4.433,3429117.3,  1,  21.1,   1.0, 0.100
2025-10-06 12:09:23,        0,  46.6,  52.8,  25.7, 62.064, 77.622,  4.826,3497080.2,  1,  21.2,   1.0, 0.100
2025-10-06 12:09:24,        0,  49.4,  61.3,  25.7, 26.588, 31.535,  1.243,3544686.3,  1,  21.1,   1.0, 0.100
2025-10-06 12:09:25,        0,  34.8,  17.5,  25.7, 51.952, 64.170,  3.338,3603619.9,  1,  21.1,   1.0, 0.100
2025-10-06 12:09:26,        0,  52.2,  69.5,  25.7, 26.815, 31.700,  0.968,3643736.9,  1,  21.1,   1.0, 0.100
2025-10-06 12:09:27,        0,  47.4,  55.2,  25.7, 54.794, 67.869,  3.721,3710358.0,  1,  21.1,   1.1, 0.100
2025-10-06 12:09:28,        0,  45.3,  48.8,  25.7, 43.592, 53.295,  2.325,3774810.2,  1,  21.2,   1.1, 0.100
2025-10-06 12:09:29,        0,  52.3,  69.8,  25.7, 48.298, 59.337,  2.989,3831927.9,  1,  21.1,   1.1, 0.100
2025-10-06 12:09:30,        0,  42.2,  39.7,  25.7, 52.794, 65.174,  3.460,3894781.2,  1,  21.1,   1.1, 0.100
2025-10-06 12:09:31,        0,  48.1,  57.3,  25.8, 45.709, 55.900,  2.585,3949567.0,  1,  21.1,   1.1, 0.100
2025-10-06 12:09:32,        0,  39.9,  32.8,  25.7, 51.366, 63.161,  3.263,4019617.9,  1,  21.2,   1.1, 0.100
2025-10-06 12:09:33,        0,  41.0,  36.1,  25.8, 38.711, 46.922,  1.875,4057938.7,  1,  21.1,   1.1, 0.100
2025-10-06 12:09:34,        0,  43.6,  43.9,  25.8, 10.397, 10.683,  0.134,4080253.5,  1,  21.1,   1.1, 0.100
2025-10-06 12:09:35,        0,  46.9,  53.8,  25.8, 45.019, 54.558,  2.492,4131410.3,  1,  21.2,   1.1, 0.100
2025-10-06 12:09:36,        0,  47.7,  56.2,  25.8, 33.994, 40.570,  1.478,4193034.1,  1,  21.1,   1.0, 0.100
2025-10-06 12:09:37,        0,  47.9,  56.8,  25.8, 49.970, 60.952,  3.046,4250440.9,  1,  21.1,   1.1, 0.100
2025-10-06 12:09:38,        0,  39.7,  32.1,  25.8, 41.560, 50.244,  2.137,4302152.2,  1,  21.2,   1.0, 0.100
2025-10-06 12:09:39,        0,  41.7,  38.0,  25.8, 30.695, 36.297,  1.122,4336466.9,  1,  21.1,   1.1, 0.100
2025-10-06 12:09:40,        0,  39.9,  32.8,  25.8, 39.289, 47.081,  1.858,4381499.9,  1,  21.1,   1.1, 0.100
2025-10-06 12:09:41,        0,  44.0,  45.1,  25.8, 43.014, 51.692,  2.230,4433726.7,  1,  21.1,   1.1, 0.100
2025-10-06 12:09:42,        0,  40.9,  35.7,  25.8, 43.090, 51.865,  2.238,4482470.8,  1,  21.1,   1.0, 0.100
2025-10-06 12:09:43,        0,  42.9,  41.7,  25.8, 27.187, 31.707,  0.876,4517904.5,  1,  21.1,   1.0, 0.100
2025-10-06 12:09:44,        0,  42.8,  41.3,  25.8, 34.751, 41.121,  1.441,4559368.9,  1,  21.1,   1.0, 0.100
2025-10-06 12:09:45,        0,  44.2,  45.6,  25.8, 26.985, 31.292,  0.868,4602802.7,  1,  21.1,   1.1, 0.100
2025-10-06 12:09:46,        0,  39.7,  32.1,  25.8, 33.799, 39.926,  1.393,4642866.5,  1,  21.1,   1.0, 0.100
2025-10-06 12:09:47,        0,  34.9,  17.8,  25.8, 28.026, 32.586,  0.916,4673823.0,  1,  21.1,   1.0, 0.100
2025-10-06 12:09:48,        0,  43.6,  43.9,  25.8, 25.150, 28.803,  0.801,4695656.2,  1,  21.1,   1.0, 0.100
2025-10-06 12:09:49,        0,  40.3,  33.8,  25.8, 28.001, 32.462,  0.927,4736828.5,  1,  21.1,   1.0, 0.100
2025-10-06 12:09:50,        0,  36.4,  22.2,  25.8, 22.002, 24.879,  0.551,4765173.6,  1,  21.1,   1.0, 0.100
2025-10-06 12:09:51,        0,  39.3,  31.0,  25.8, 23.029, 26.074,  0.604,4791242.1,  1,  21.1,   1.0, 0.100
2025-10-06 12:09:52,        0,  35.9,  20.6,  25.8, 32.180, 37.479,  1.207,4822567.8,  1,  21.1,   1.0, 0.100
2025-10-06 12:09:53,        0,  33.0,  12.1,  25.8, 27.078, 31.042,  0.859,4846742.5,  1,  21.1,   1.0, 0.100
2025-10-06 12:09:54,        0,  39.6,  31.9,  25.8, 25.588, 29.164,  0.751,4877183.0,  1,  21.1,   1.0, 0.100
2025-10-06 12:09:55,        0,  37.9,  26.7,  25.9, 18.152, 20.001,  0.384,4902718.9,  1,  21.1,   1.1, 0.100
2025-10-06 12:09:56,        0,  35.6,  19.9,  25.8, 28.970, 33.327,  0.970,4931515.8,  1,  21.1,   1.1, 0.100
2025-10-06 12:09:57,        0,  36.6,  22.7,  25.8, 23.583, 26.632,  0.632,4956775.1,  1,  21.1,   1.1, 0.100
2025-10-06 12:09:58,        0,  33.9,  14.7,  25.8, 22.225, 24.925,  0.556,4984699.0,  1,  21.1,   1.1, 0.100
2025-10-06 12:09:59,        0,  35.3,  19.0,  25.8, 16.587, 17.917,  0.300,5002552.4,  1,  21.1,   1.1, 0.100
2025-10-06 12:10:00,        0,  34.8,  17.5,  25.8, 14.355, 15.152,  0.221,5019770.5,  1,  21.1,   1.1, 0.100
2025-10-06 12:10:01,        0,  36.4,  22.2,  25.8, 19.376, 21.307,  0.415,5040323.8,  1,  21.1,   1.1, 0.100
2025-10-06 12:10:02,        0,  34.9,  17.8,  25.8, 14.444, 15.238,  0.220,5060985.2,  1,  21.1,   1.1, 0.100
2025-10-06 12:10:03,        0,  32.5,  10.5,  25.8, 19.431, 21.338,  0.428,5079041.5,  1,  21.1,   1.1, 0.100
2025-10-06 12:10:04,        0,  34.8,  17.5,  25.8, 18.795, 20.500,  0.387,5094227.0,  1,  21.1,   1.1, 0.100
2025-10-06 12:10:05,        0,  34.0,  14.9,  25.8, 18.849, 20.599,  0.392,5113417.7,  1,  21.1,   1.1, 0.100
2025-10-06 12:10:06,        0,  32.3,  10.0,  25.8, 15.556, 16.527,  0.260,5130653.9,  1,  21.1,   1.1, 0.100
2025-10-06 12:10:07,        0,  31.7,   8.1,  25.8, 13.927, 14.527,  0.205,5143394.8,  1,  21.1,   1.1, 0.100
2025-10-06 12:10:08,        0,  31.8,   8.3,  25.8, 16.750, 17.959,  0.311,5159124.7,  1,  21.1,   1.1, 0.100
2025-10-06 12:10:09,        0,  33.0,  12.1,  25.9, 15.264, 16.140,  0.246,5172620.8,  1,  21.1,   1.1, 0.100
2025-10-06 12:10:10,        0,  32.6,  10.9,  25.8, 13.457, 13.947,  0.188,5186306.4,  1,  21.1,   1.1, 0.100
2025-10-06 12:10:11,        0,  30.6,   4.9,  25.9,  9.512,  9.161,  0.087,5199009.1,  1,  21.1,   1.0, 0.100
2025-10-06 12:10:12,        0,  33.2,  12.6,  25.8,  9.503,  9.142,  0.088,5207899.4,  1,  21.1,   1.0, 0.100
2025-10-06 12:10:13,        0,  31.2,   6.5,  25.9, 11.566, 11.622,  0.138,5219329.8,  1,  21.1,   1.0, 0.100
2025-10-06 12:10:14,        0,  30.6,   4.8,  25.8, 10.599, 10.449,  0.112,5228062.5,  1,  21.1,   1.0, 0.100
2025-10-06 12:10:15,        0,  31.1,   6.2,  25.8,  7.907,  7.259,  0.068,5237634.6,  1,  21.1,   1.0, 0.100
2025-10-06 12:10:16,        0,  32.3,   9.8,  25.8,  9.834,  9.517,  0.095,5246654.0,  1,  21.1,   1.0, 0.100
2025-10-06 12:10:17,        0,  30.9,   5.8,  25.8,  9.659,  9.317,  0.096,5256436.5,  1,  21.1,   1.0, 0.100
2025-10-06 12:10:18,        0,  32.3,  10.0,  25.8,  9.080,  8.617,  0.079,5265491.9,  1,  21.1,   1.0, 0.100
2025-10-06 12:10:19,        0,  32.5,  10.5,  25.9,  9.597,  9.219,  0.089,5277491.4,  1,  21.1,   1.0, 0.100
2025-10-06 12:10:20,        0,  30.6,   4.8,  25.8,  8.480,  7.896,  0.067,5285804.6,  1,  21.1,   1.0, 0.100
2025-10-06 12:10:21,        0,  30.7,   5.0,  25.8,  9.210,  8.769,  0.081,5293252.7,  1,  21.1,   1.0, 0.100
2025-10-06 12:10:22,        0,  31.1,   6.2,  25.8,  7.207,  6.392,  0.046,5299646.0,  1,  21.1,   1.0, 0.100
2025-10-06 12:10:23,        0,  30.0,   2.9,  25.8,  8.095,  7.446,  0.060,5305917.8,  1,  21.1,   1.0, 0.100
2025-10-06 12:10:24,        0,  30.5,   4.4,  25.9,  6.515,  5.598,  0.037,5312335.0,  1,  21.1,   1.0, 0.100
2025-10-06 12:10:25,        0,  30.6,   4.8,  25.8,  7.662,  6.950,  0.053,5318124.8,  1,  21.1,   1.0, 0.100
2025-10-06 12:10:26,        0,  29.3,   1.0,  25.8,  6.649,  5.748,  0.038,5323807.7,  1,  21.1,   1.0, 0.100
2025-10-06 12:10:27,        0,  30.4,   4.3,  25.8,  6.198,  5.254,  0.035,5328028.0,  1,  21.1,   1.0, 0.100
2025-10-06 12:10:28,        0,  30.4,   4.3,  25.8,  7.775,  7.078,  0.055,5335796.3,  1,  21.1,   1.0, 0.100
2025-10-06 12:10:29,        0,  30.6,   4.8,  25.8,  6.337,  5.380,  0.035,5340018.3,  1,  21.1,   1.0, 0.100
2025-10-06 12:10:30,        0,  30.3,   3.8,  25.8,  2.613,  1.145,  0.004,5343246.6,  1,  21.1,   1.0, 0.100
2025-10-06 12:10:31,        0,  30.9,   5.7,  25.9,  6.972,  6.153,  0.044,5348909.4,  1,  21.1,   1.0, 0.100
2025-10-06 12:10:32,        0,  30.0,   3.1,  25.9,  5.882,  4.854,  0.029,5355450.2,  1,  21.1,   1.0, 0.100
2025-10-06 12:10:33,        0,  30.7,   5.1,  25.9,  6.440,  5.518,  0.036,5360591.3,  1,  21.1,   1.0, 0.100
2025-10-06 12:10:34,        0,  29.5,   1.5,  25.9,  6.540,  5.635,  0.039,5364348.5,  1,  21.1,   1.1, 0.100
2025-10-06 12:10:35,        0,  30.5,   4.6,  25.9,  5.805,  4.789,  0.028,5367169.0,  1,  21.1,   1.0, 0.100
2025-10-06 12:10:36,        0,  30.3,   3.8,  25.8,  7.353,  6.605,  0.028,5373924.8,  1,  21.1,   1.0, 0.100
2025-10-06 12:10:37,        0,  30.3,   3.9,  25.8,  6.863,  6.019,  0.042,5379406.5,  1,  21.1,   1.1, 0.100
2025-10-06 12:10:38,        0,  29.9,   2.7,  25.8,  5.902,  4.883,  0.029,5384101.7,  1,  21.1,   1.1, 0.100
2025-10-06 12:10:39,        0,  29.6,   1.7,  25.8,  4.427,  3.183,  0.016,5387997.6,  1,  21.1,   1.1, 0.100
2025-10-06 12:10:40,        0,  29.6,   1.8,  25.8,  4.357,  3.139,  0.016,5389832.0,  1,  21.1,   1.1, 0.100
2025-10-06 12:10:41,        0,  30.2,   3.6,  25.8,  2.989,  1.572,  0.006,5392844.0,  1,  21.1,   1.1, 0.100
2025-10-06 12:10:42,        0,  29.0,   0.0,  25.8,  2.170,  0.677,  0.002,5394849.8,  1,  21.1,   1.1, 0.100
2025-10-06 12:10:43,        0,  29.4,   1.1,  25.8,  5.047,  3.992,  0.023,5397707.2,  1,  21.1,   1.1, 0.100
2025-10-06 12:10:44,        0,  30.2,   3.6,  25.9,  3.685,  2.397,  0.013,5400828.2,  1,  21.1,   1.1, 0.100
2025-10-06 12:10:45,        0,  30.0,   3.1,  25.8,  3.959,  2.674,  0.014,5405226.6,  1,  21.1,   1.1, 0.100
2025-10-06 12:10:46,        0,  29.3,   1.0,  25.8,  5.520,  4.454,  0.025,5409496.3,  1,  21.1,   1.1, 0.100
2025-10-06 12:10:47,        0,  29.3,   1.0,  25.8,  1.532,  0.094,  0.000,5409904.1,  1,  21.1,   1.1, 0.100
2025-10-06 12:10:48,        0,  29.4,   1.3,  25.8,  1.317, -0.001,  0.000,5409904.1,  1,  21.1,   1.1, 0.100
2025-10-06 12:10:49,        0,  29.9,   2.7,  25.9,  4.347,  3.131,  0.015,5412379.3,  1,  21.1,   1.1, 0.100
2025-10-06 12:10:50,        0,  29.9,   2.7,  25.8,  5.181,  4.085,  0.021,5415116.4,  1,  21.1,   1.1, 0.100
2025-10-06 12:10:51,        0,  29.1,   0.3,  25.8,  3.548,  2.210,  0.010,5417194.7,  1,  21.1,   1.1, 0.100
2025-10-06 12:10:52,        0,  29.8,   2.5,  25.9,  1.395,  0.020,  0.000,5418107.1,  1,  21.1,   1.1, 0.100
2025-10-06 12:10:53,        0,  30.0,   3.1,  25.8,  3.341,  1.980,  0.008,5420630.0,  1,  21.1,   1.1, 0.100
2025-10-06 12:10:54,        0,  28.9,   0.0,  25.8,  1.769,  0.280,  0.001,5423145.0,  1,  21.1,   1.1, 0.100
2025-10-06 12:10:55,        0,  29.8,   2.4,  25.8,  1.715,  0.238,  0.000,5423479.9,  1,  21.1,   1.1, 0.100
2025-10-06 12:10:56,        0,  29.7,   2.0,  25.8,  5.108,  4.020,  0.021,5425511.2,  1,  21.1,   1.1, 0.100
2025-10-06 12:10:57,        0,  29.7,   2.0,  25.8,  3.250,  2.006,  0.011,5427363.2,  1,  21.1,   1.0, 0.100
2025-10-06 12:10:58,        0,  29.8,   2.5,  25.8,  3.926,  2.648,  0.012,5429474.2,  1,  21.1,   1.1, 0.100
2025-10-06 12:10:59,        0,  29.8,   2.5,  25.8,  4.570,  3.461,  0.019,5432031.9,  1,  21.1,   1.0, 0.100
2025-10-06 12:11:00,        0,  30.1,   3.4,  25.9,  3.588,  2.262,  0.010,5433839.0,  1,  21.1,   1.1, 0.100
2025-10-06 12:11:01,        0,  29.7,   2.0,  25.8,  4.254,  3.023,  0.015,5437320.9,  1,  21.1,   1.1, 0.100
2025-10-06 12:11:02,        0,  29.5,   1.5,  25.8,  1.333,  0.003,  0.000,5437345.6,  1,  21.1,   1.1, 0.100
2025-10-06 12:11:03,        0,  29.6,   1.7,  25.8,  1.258, -0.008,  0.000,5437338.9,  1,  21.1,   1.0, 0.100
2025-10-06 12:11:04,        0,  29.7,   2.0,  25.8,  1.214, -0.000,  0.000,5437328.4,  1,  21.1,   1.1, 0.100
2025-10-06 12:11:05,        0,  29.8,   2.4,  25.8,  1.181, -0.012,  0.000,5437971.7,  1,  21.1,   1.0, 0.100
2025-10-06 12:11:06,        0,  29.8,   2.5,  25.9,  1.473,  0.066,  0.000,5438470.9,  1,  21.1,   1.1, 0.100
2025-10-06 12:11:07,        0,  29.9,   2.7,  25.8,  5.428,  4.425,  0.024,5440359.7,  1,  21.1,   1.1, 0.100
2025-10-06 12:11:08,        0,  30.0,   3.1,  25.8,  5.184,  4.124,  0.022,5443983.2,  1,  21.1,   1.1, 0.100
2025-10-06 12:11:09,        0,  29.8,   2.5,  25.8,  4.704,  3.567,  0.018,5446791.2,  1,  21.1,   1.1, 0.100
2025-10-06 12:11:10,        0,  29.9,   2.7,  25.8,  3.718,  2.439,  0.011,5447986.4,  1,  21.1,   1.1, 0.100
2025-10-06 12:11:11,        0,  29.5,   1.5,  25.9,  2.959,  1.577,  0.006,5448840.1,  1,  21.1,   1.1, 0.100
2025-10-06 12:11:12,        0,  29.3,   0.8,  25.9,  1.284, -0.002,  0.000,5448849.4,  1,  21.1,   1.1, 0.100
2025-10-06 12:11:13,        0,  29.6,   1.7,  25.9,  1.218, -0.009,  0.000,5448841.0,  1,  21.1,   1.1, 0.100
2025-10-06 12:11:14,        0,  29.7,   2.0,  25.8,  1.160, -0.011,  0.000,5448828.8,  1,  21.1,   1.1, 0.100
2025-10-06 12:11:15,        0,  29.8,   2.4,  25.8,  1.129, -0.012,  0.000,5448817.1,  1,  21.1,   1.1, 0.100
2025-10-06 12:11:16,        0,  29.7,   2.2,  25.9,  1.100, -0.011,  0.000,5448806.6,  1,  21.1,   1.1, 0.100
2025-10-06 12:11:17,        0,  29.9,   2.7,  25.8,  1.058, -0.011,  0.000,5448796.1,  1,  21.1,   1.1, 0.100
2025-10-06 12:11:18,        0,  29.8,   2.5,  25.8,  5.370,  4.377,  0.024,5453071.3,  1,  21.1,   1.1, 0.100
2025-10-06 12:11:19,        0,  29.8,   2.4,  25.8,  1.859,  0.393,  0.001,5454851.6,  1,  21.1,   1.0, 0.100
2025-10-06 12:11:20,        0,  29.5,   1.5,  25.8,  1.309,  0.006,  0.000,5454864.6,  1,  21.1,   1.1, 0.100
2025-10-06 12:11:21,        0,  29.7,   2.0,  25.8,  1.222, -0.007,  0.000,5454857.5,  1,  21.1,   1.1, 0.100
2025-10-06 12:11:22,        0,  29.8,   2.4,  25.8,  1.154, -0.011,  0.000,5454847.4,  1,  21.1,   1.1, 0.100
2025-10-06 12:11:23,        0,  29.8,   2.4,  25.8,  1.119, -0.011,  0.000,5454834.5,  1,  21.1,   1.1, 0.100
2025-10-06 12:11:24,        0,  29.7,   2.2,  25.8,  1.072, -0.011,  0.000,5454824.4,  1,  21.1,   1.1, 0.100
2025-10-06 12:11:25,        0,  29.8,   2.5,  25.8,  1.042, -0.011,  0.000,5454813.9,  1,  21.1,   1.1, 0.100
2025-10-06 12:11:26,        0,  30.0,   2.9,  25.8,  1.014, -0.011,  0.000,5455010.9,  1,  21.1,   1.1, 0.100
2025-10-06 12:11:27,        0,  30.0,   2.9,  25.8,  2.091,  0.650,  0.002,5458181.8,  1,  21.1,   1.1, 0.100
2025-10-06 12:11:28,        0,  29.8,   2.4,  25.8,  4.401,  3.261,  0.016,5461798.1,  1,  21.1,   1.1, 0.100
2025-10-06 12:11:29,        0,  29.6,   1.8,  25.9,  3.321,  2.042,  0.009,5462775.9,  1,  21.1,   1.0, 0.100
2025-10-06 12:11:30,        0,  29.5,   1.5,  25.8,  1.344,  0.020,  0.000,5462805.2,  1,  21.1,   1.1, 0.100
2025-10-06 12:11:31,        0,  29.4,   1.3,  25.8,  1.193, -0.008,  0.000,5462799.4,  1,  21.1,   1.0, 0.100
2025-10-06 12:11:32,        0,  29.6,   1.7,  25.8,  1.148, -0.010,  0.000,5462788.0,  1,  21.1,   1.0, 0.100
2025-10-06 12:11:33,        0,  29.6,   1.8,  25.8,  1.092, -0.011,  0.000,5462778.0,  1,  21.1,   1.0, 0.100
2025-10-06 12:11:34,        0,  29.4,   1.3,  25.8,  1.061, -0.011,  0.000,5462767.9,  1,  21.1,   1.0, 0.100
2025-10-06 12:11:35,        0,  29.7,   2.0,  25.8,  1.030, -0.010,  0.000,5462758.7,  1,  21.1,   1.0, 0.100
2025-10-06 12:11:36,        0,  29.6,   1.8,  25.8,  0.987, -0.011,  0.000,5462746.6,  1,  21.1,   1.0, 0.100
2025-10-06 12:11:37,        0,  29.7,   2.2,  25.8,  0.962, -0.010,  0.000,5462736.5,  1,  21.1,   1.0, 0.100
2025-10-06 12:11:38,        0,  29.7,   2.2,  25.8,  0.928, -0.010,  0.000,5462727.3,  1,  21.1,   1.0, 0.100
2025-10-06 12:11:39,        0,  29.8,   2.4,  25.8,  0.907, -0.010,  0.000,5462717.2,  1,  21.1,   1.0, 0.100
2025-10-06 12:11:40,        0,  29.8,   2.4,  25.8,  0.880, -0.010,  0.000,5462705.1,  1,  21.1,   1.0, 0.100
2025-10-06 12:11:41,        0,  29.9,   2.7,  25.8,  0.865, -0.011,  0.000,5462695.0,  1,  21.1,   1.0, 0.100
2025-10-06 12:11:42,        0,  29.9,   2.7,  25.8,  2.872,  1.713,  0.007,5463462.4,  1,  21.1,   1.0, 0.100
2025-10-06 12:11:43,        0,  29.7,   2.2,  25.8,  2.805,  1.487,  0.006,5465081.8,  1,  21.1,   1.0, 0.100
2025-10-06 12:11:44,        0,  29.7,   2.2,  25.9,  1.287,  0.014,  0.000,5465107.7,  1,  21.1,   1.0, 0.100
2025-10-06 12:11:45,        0,  29.8,   2.4,  25.8,  1.144, -0.007,  0.000,5465101.5,  1,  21.1,   1.0, 0.100
2025-10-06 12:11:46,        0,  29.6,   1.8,  25.8,  1.097, -0.010,  0.000,5465091.8,  1,  21.1,   1.0, 0.100
2025-10-06 12:11:47,        0,  29.8,   2.5,  25.8,  1.042, -0.010,  0.000,5465082.6,  1,  21.1,   1.0, 0.100
2025-10-06 12:11:48,        0,  29.7,   2.2,  25.8,  1.010, -0.010,  0.000,5465073.8,  1,  21.1,   1.0, 0.100
2025-10-06 12:11:49,        0,  29.8,   2.4,  25.8,  0.962, -0.009,  0.000,5465062.1,  1,  21.1,   1.0, 0.100
2025-10-06 12:11:50,        0,  29.8,   2.4,  25.8,  0.934, -0.009,  0.000,5465053.3,  1,  21.1,   1.0, 0.100
2025-10-06 12:11:51,        0,  29.9,   2.7,  25.8,  3.514,  2.635,  0.014,5467521.7,  1,  21.1,   1.0, 0.100
2025-10-06 12:11:52,        0,  29.8,   2.3,  25.8,  3.080,  1.812,  0.007,5470509.5,  1,  21.1,   1.0, 0.100
2025-10-06 12:11:53,        0,  29.4,   1.3,  25.8,  1.287,  0.019,  0.000,5470557.7,  1,  21.1,   1.1, 0.100
2025-10-06 12:11:54,        0,  29.7,   2.0,  25.8,  1.140, -0.007,  0.000,5470551.8,  1,  21.1,   1.1, 0.100
2025-10-06 12:11:55,        0,  29.6,   1.7,  25.8,  1.092, -0.009,  0.000,5470543.8,  1,  21.1,   1.1, 0.100
2025-10-06 12:11:56,        0,  29.7,   2.0,  25.8,  1.054, -0.010,  0.000,5470534.2,  1,  21.1,   1.1, 0.100
2025-10-06 12:11:57,        0,  29.6,   1.8,  25.8,  1.006, -0.010,  0.000,5470524.1,  1,  21.1,   1.1, 0.100
2025-10-06 12:11:58,        0,  29.6,   1.8,  25.8,  0.976, -0.010,  0.000,5470513.2,  1,  21.1,   1.1, 0.100
2025-10-06 12:11:59,        0,  29.6,   1.8,  25.8,  0.934, -0.009,  0.000,5470504.8,  1,  21.1,   1.1, 0.100
2025-10-06 12:12:00,        0,  29.7,   2.0,  25.8,  0.907, -0.010,  0.000,5470495.6,  1,  21.1,   1.1, 0.100
2025-10-06 12:12:01,        0,  29.7,   2.2,  25.8,  0.884, -0.010,  0.000,5470485.6,  1,  21.1,   1.1, 0.100
2025-10-06 12:12:02,        0,  29.7,   2.2,  25.8,  0.854, -0.010,  0.000,5470474.7,  1,  21.1,   1.1, 0.100
2025-10-06 12:12:03,        0,  29.8,   2.4,  25.8,  0.828, -0.010,  0.000,5470464.6,  1,  21.1,   1.1, 0.100
2025-10-06 12:12:04,        0,  29.7,   2.2,  25.8,  0.813, -0.010,  0.000,5470455.8,  1,  21.1,   1.1, 0.100
2025-10-06 12:12:05,        0,  29.8,   2.4,  25.8,  0.798, -0.010,  0.000,5470446.6,  1,  21.1,   1.1, 0.100
2025-10-06 12:12:06,        0,  29.8,   2.5,  25.8,  0.785, -0.010,  0.000,5470437.0,  1,  21.1,   1.1, 0.100
2025-10-06 12:12:07,        0,  29.8,   2.5,  25.8,  0.766, -0.009,  0.000,5470425.6,  1,  21.1,   1.1, 0.100
2025-10-06 12:12:08,        0,  29.8,   2.5,  25.8,  0.750, -0.009,  0.000,5470416.0,  1,  21.1,   1.1, 0.100
2025-10-06 12:12:09,        0,  29.9,   2.7,  25.8,  0.738, -0.009,  0.000,5470406.4,  1,  21.1,   1.1, 0.100
2025-10-06 12:12:10,        0,  29.8,   2.5,  25.8,  4.271,  3.240,  0.015,5472032.0,  1,  21.1,   1.1, 0.100
2025-10-06 12:12:11,        0,  29.8,   2.5,  25.8,  1.187,  0.004,  0.000,5472059.3,  1,  21.1,   1.1, 0.100
2025-10-06 12:12:12,        0,  29.7,   2.2,  25.8,  1.103, -0.006,  0.000,5472053.4,  1,  21.1,   1.1, 0.100
2025-10-06 12:12:13,        0,  29.7,   2.2,  25.8,  1.030, -0.009,  0.000,5472045.4,  1,  21.1,   1.1, 0.100
2025-10-06 12:12:14,        0,  29.8,   2.4,  25.8,  0.992, -0.009,  0.000,5472036.6,  1,  21.1,   1.0, 0.100
2025-10-06 12:12:15,        0,  29.8,   2.4,  25.8,  0.942, -0.009,  0.000,5472026.2,  1,  21.1,   1.0, 0.100
2025-10-06 12:12:16,        0,  29.7,   2.2,  25.8,  0.911, -0.009,  0.000,5472018.2,  1,  21.1,   1.0, 0.100
2025-10-06 12:12:17,        0,  29.8,   2.3,  25.8,  0.882, -0.009,  0.000,5472009.8,  1,  21.1,   1.0, 0.100
2025-10-06 12:12:18,        0,  29.8,   2.4,  25.8,  0.845, -0.009,  0.000,5472001.9,  1,  21.1,   1.0, 0.100
2025-10-06 12:12:19,        0,  29.7,   2.2,  25.8,  0.824, -0.009,  0.000,5472926.0,  1,  21.1,   1.0, 0.100
2025-10-06 12:12:20,        0,  29.8,   2.3,  25.8,  1.260,  0.031,  0.000,5473398.3,  1,  21.1,   1.0, 0.100
2025-10-06 12:12:21,        0,  29.7,   2.2,  25.8,  1.121, -0.003,  0.000,5473395.8,  1,  21.1,   1.0, 0.100
2025-10-06 12:12:22,        0,  29.7,   2.2,  25.8,  1.059, -0.007,  0.000,5473388.6,  1,  21.1,   1.0, 0.100
2025-10-06 12:12:23,        0,  29.7,   2.2,  25.8,  0.994, -0.009,  0.000,5473381.1,  1,  21.1,   1.0, 0.100
2025-10-06 12:12:24,        0,  29.7,   2.2,  25.8,  0.942, -0.009,  0.000,5473370.6,  1,  21.1,   1.0, 0.100
2025-10-06 12:12:25,        0,  29.7,   2.2,  25.8,  0.911, -0.009,  0.000,5473361.8,  1,  21.1,   1.0, 0.100
2025-10-06 12:12:26,        0,  29.7,   2.2,  25.8,  0.881, -0.008,  0.000,5473353.4,  1,  21.1,   1.0, 0.100
2025-10-06 12:12:27,        0,  29.8,   2.4,  25.8,  0.843, -0.009,  0.000,5473345.5,  1,  21.1,   1.0, 0.100
2025-10-06 12:12:28,        0,  29.8,   2.5,  25.8,  0.823, -0.009,  0.000,5473335.4,  1,  21.1,   1.0, 0.100
2025-10-06 12:12:29,        0,  29.8,   2.5,  25.8,  0.793, -0.009,  0.000,5473326.6,  1,  21.1,   1.0, 0.100
2025-10-06 12:12:30,        0,  29.8,   2.4,  25.8,  0.775, -0.009,  0.000,5473318.2,  1,  21.1,   1.0, 0.100
2025-10-06 12:12:31,        0,  29.8,   2.4,  25.8,  0.760, -0.009,  0.000,5473308.6,  1,  21.1,   1.0, 0.100
2025-10-06 12:12:32,        0,  29.8,   2.4,  25.8,  0.738, -0.009,  0.000,5473301.0,  1,  21.1,   1.0, 0.100
2025-10-06 12:12:33,        0,  29.8,   2.5,  25.8,  0.726, -0.009,  0.000,5473290.6,  1,  21.1,   1.0, 0.100
2025-10-06 12:12:34,        0,  29.8,   2.4,  25.8,  0.708, -0.009,  0.000,5473281.8,  1,  21.1,   1.0, 0.100
2025-10-06 12:12:35,        0,  29.8,   2.5,  25.8,  0.697, -0.009,  0.000,5473273.4,  1,  21.1,   1.0, 0.100
2025-10-06 12:12:36,        0,  29.8,   2.5,  25.8,  0.686, -0.009,  0.000,5473265.0,  1,  21.1,   1.0, 0.100
2025-10-06 12:12:37,        0,  29.8,   2.5,  25.8,  0.672, -0.009,  0.000,5473255.4,  1,  21.1,   1.1, 0.100
2025-10-06 12:12:38,        0,  29.9,   2.7,  25.8,  0.663, -0.008,  0.000,5473309.8,  1,  21.1,   1.0, 0.100
2025-10-06 12:12:39,        0,  29.9,   2.7,  25.8,  5.191,  4.381,  0.023,5477505.4,  1,  21.1,   1.1, 0.100
2025-10-06 12:12:40,        0,  29.8,   2.3,  25.8,  2.801,  1.589,  0.006,5479542.2,  1,  21.1,   1.1, 0.100
2025-10-06 12:12:41,        0,  29.5,   1.5,  25.8,  1.142,  0.002,  0.000,5479560.7,  1,  21.1,   1.1, 0.100
2025-10-06 12:12:42,        0,  29.4,   1.3,  25.8,  1.069, -0.006,  0.000,5479555.2,  1,  21.1,   1.1, 0.100
2025-10-06 12:12:43,        0,  29.4,   1.3,  25.8,  1.022, -0.008,  0.000,5479546.8,  1,  21.1,   1.1, 0.100
2025-10-06 12:12:44,        0,  29.6,   1.8,  25.8,  0.969, -0.009,  0.000,5479538.9,  1,  21.1,   1.1, 0.100
2025-10-06 12:12:45,        0,  29.5,   1.5,  25.8,  0.922, -0.009,  0.000,5479528.4,  1,  21.1,   1.1, 0.100
2025-10-06 12:12:46,        0,  29.5,   1.5,  25.8,  0.892, -0.008,  0.000,5479520.8,  1,  21.1,   1.1, 0.100
2025-10-06 12:12:47,        0,  29.5,   1.5,  25.8,  0.865, -0.009,  0.000,5479511.2,  1,  21.1,   1.1, 0.100
2025-10-06 12:12:48,        0,  29.5,   1.5,  25.8,  0.839, -0.009,  0.000,5479504.1,  1,  21.1,   1.1, 0.100
2025-10-06 12:12:49,        0,  29.6,   1.7,  25.8,  0.806, -0.009,  0.000,5479493.6,  1,  21.1,   1.1, 0.100
2025-10-06 12:12:50,        0,  29.6,   1.7,  25.8,  0.776, -0.008,  0.000,5479485.6,  1,  21.1,   1.1, 0.100
2025-10-06 12:12:51,        0,  29.6,   1.8,  25.8,  0.758, -0.009,  0.000,5479478.1,  1,  21.1,   1.1, 0.100
2025-10-06 12:12:52,        0,  29.6,   1.7,  25.8,  0.742, -0.009,  0.000,5479469.3,  1,  21.1,   1.1, 0.100
2025-10-06 12:12:53,        0,  29.6,   1.8,  25.8,  0.721, -0.009,  0.000,5479458.8,  1,  21.1,   1.1, 0.100
2025-10-06 12:12:54,        0,  29.6,   1.7,  25.8,  0.707, -0.009,  0.000,5479450.8,  1,  21.1,   1.1, 0.100
2025-10-06 12:12:55,        0,  29.6,   1.7,  25.8,  0.689, -0.009,  0.000,5479442.5,  1,  21.1,   1.1, 0.100
2025-10-06 12:12:56,        0,  29.6,   1.7,  25.8,  0.677, -0.008,  0.000,5479434.9,  1,  21.1,   1.0, 0.100
2025-10-06 12:12:57,        0,  29.6,   1.8,  25.8,  0.666, -0.009,  0.000,5479427.0,  1,  21.1,   1.0, 0.100
2025-10-06 12:12:58,        0,  29.6,   1.7,  25.8,  0.651, -0.008,  0.000,5479417.7,  1,  21.1,   1.0, 0.100
2025-10-06 12:12:59,        0,  29.6,   1.7,  25.8,  0.641, -0.008,  0.000,5479410.2,  1,  21.1,   1.0, 0.100
2025-10-06 12:13:00,        0,  29.6,   1.8,  25.8,  0.628, -0.008,  0.000,5479402.2,  1,  21.1,   1.0, 0.100
2025-10-06 12:13:01,        0,  29.6,   1.8,  25.8,  0.620, -0.008,  0.000,5479395.1,  1,  21.1,   1.0, 0.100
2025-10-06 12:13:02,        0,  29.6,   1.8,  25.8,  0.608, -0.008,  0.000,5479385.5,  1,  21.1,   1.0, 0.100
2025-10-06 12:13:03,        0,  29.6,   1.8,  25.8,  0.600, -0.008,  0.000,5479377.9,  1,  21.1,   1.0, 0.100
2025-10-06 12:13:04,        0,  29.6,   1.8,  25.8,  0.593, -0.008,  0.000,5479370.8,  1,  21.1,   1.0, 0.100
2025-10-06 12:13:05,        0,  29.6,   1.8,  25.8,  0.583, -0.008,  0.000,5479362.4,  1,  21.1,   1.0, 0.100
2025-10-06 12:13:06,        0,  29.6,   1.8,  25.8,  0.573, -0.007,  0.000,5479354.0,  1,  21.1,   1.0, 0.100
2025-10-06 12:13:07,        0,  29.6,   1.7,  25.8,  0.567, -0.007,  0.000,5479346.9,  1,  21.1,   1.0, 0.100
2025-10-06 12:13:08,        0,  29.6,   1.8,  25.8,  0.561, -0.008,  0.000,5479339.8,  1,  21.1,   1.0, 0.100
2025-10-06 12:13:09,        0,  29.7,   2.0,  25.8,  0.555, -0.008,  0.000,5479331.8,  1,  21.1,   1.0, 0.100
2025-10-06 12:13:10,        0,  29.7,   2.0,  25.8,  0.546, -0.007,  0.000,5479324.7,  1,  21.1,   1.0, 0.100
2025-10-06 12:13:11,        0,  29.6,   1.8,  25.8,  0.538, -0.007,  0.000,5479315.9,  1,  21.1,   1.0, 0.100
2025-10-06 12:13:12,        0,  29.6,   1.8,  25.8,  0.533, -0.007,  0.000,5479309.2,  1,  21.1,   1.0, 0.100
2025-10-06 12:13:13,        0,  29.7,   2.0,  25.8,  0.528, -0.007,  0.000,5479302.1,  1,  21.1,   1.0, 0.100
2025-10-06 12:13:14,        0,  29.7,   2.0,  25.8,  0.521, -0.007,  0.000,5479295.4,  1,  21.1,   1.0, 0.100
2025-10-06 12:13:15,        0,  29.6,   1.8,  25.8,  0.516, -0.007,  0.000,5479287.0,  1,  21.1,   1.0, 0.100
2025-10-06 12:13:16,        0,  29.7,   2.0,  25.8,  0.509, -0.007,  0.000,5479281.1,  1,  21.1,   1.0, 0.100
2025-10-06 12:13:17,        0,  29.7,   2.0,  25.8,  0.504, -0.007,  0.000,5479274.8,  1,  21.1,   1.0, 0.100
2025-10-06 12:13:18,        0,  29.7,   2.0,  25.8,  0.499, -0.007,  0.000,5479267.7,  1,  21.1,   1.1, 0.100
2025-10-06 12:13:19,        0,  29.7,   2.2,  25.8,  0.493, -0.007,  0.000,5479259.3,  1,  21.1,   1.0, 0.100
2025-10-06 12:13:20,        0,  29.7,   2.0,  25.8,  0.488, -0.007,  0.000,5479253.9,  1,  21.1,   1.0, 0.100
2025-10-06 12:13:21,        0,  29.7,   2.0,  25.8,  0.482, -0.007,  0.000,5479247.2,  1,  21.1,   1.0, 0.100
2025-10-06 12:13:22,        0,  29.7,   2.0,  25.8,  0.478, -0.006,  0.000,5479241.3,  1,  21.1,   1.0, 0.100
2025-10-06 12:13:23,        0,  29.7,   2.2,  25.8,  0.473, -0.006,  0.000,5479235.9,  1,  21.1,   1.0, 0.100
2025-10-06 12:13:24,        0,  29.7,   2.0,  25.8,  0.467, -0.007,  0.000,5479227.5,  1,  21.1,   1.0, 0.100
2025-10-06 12:13:25,        0,  29.7,   2.0,  25.8,  0.463, -0.006,  0.000,5479222.0,  1,  21.1,   1.0, 0.100
2025-10-06 12:13:26,        0,  29.7,   2.0,  25.8,  0.457, -0.006,  0.000,5479216.2,  1,  21.1,   1.0, 0.100
2025-10-06 12:13:27,        0,  29.7,   2.2,  25.8,  0.453, -0.006,  0.000,5479210.3,  1,  21.1,   1.0, 0.100
2025-10-06 12:13:28,        0,  29.7,   2.2,  25.8,  0.447, -0.006,  0.000,5479203.2,  1,  21.1,   1.0, 0.100
2025-10-06 12:13:29,        0,  29.7,   2.0,  25.8,  0.443, -0.006,  0.000,5479197.3,  1,  21.1,   1.0, 0.100
2025-10-06 12:13:30,        0,  29.7,   2.2,  25.8,  0.439, -0.006,  0.000,5479191.8,  1,  21.1,   1.0, 0.100
2025-10-06 12:13:31,        0,  29.7,   2.2,  25.8,  0.434, -0.006,  0.000,5479186.0,  1,  21.1,   1.0, 0.100
2025-10-06 12:13:32,        0,  29.7,   2.2,  25.8,  0.428, -0.006,  0.000,5479179.3,  1,  21.1,   1.0, 0.100
2025-10-06 12:13:33,        0,  29.7,   2.2,  25.8,  0.425, -0.006,  0.000,5479173.8,  1,  21.1,   1.0, 0.100
2025-10-06 12:13:34,        0,  29.7,   2.2,  25.8,  0.422, -0.006,  0.000,5479168.0,  1,  21.1,   1.0, 0.100
2025-10-06 12:13:35,        0,  29.7,   2.2,  25.8,  0.417, -0.006,  0.000,5479162.1,  1,  21.1,   1.0, 0.100
2025-10-06 12:13:36,        0,  29.7,   2.2,  25.8,  0.414, -0.005,  0.000,5479157.5,  1,  21.1,   1.0, 0.100
2025-10-06 12:13:37,        0,  29.7,   2.2,  25.8,  0.409, -0.005,  0.000,5479150.8,  1,  21.1,   1.0, 0.100
2025-10-06 12:13:38,        0,  29.8,   2.4,  25.8,  0.406, -0.006,  0.000,5479144.9,  1,  21.1,   1.0, 0.100
2025-10-06 12:13:39,        0,  29.7,   2.2,  25.8,  0.403, -0.005,  0.000,5479140.3,  1,  21.1,   1.0, 0.100
2025-10-06 12:13:40,        0,  29.8,   2.4,  25.8,  0.398, -0.005,  0.000,5479134.9,  1,  21.1,   1.0, 0.100
2025-10-06 12:13:41,        0,  29.8,   2.4,  25.8,  0.395, -0.005,  0.000,5479129.0,  1,  21.1,   1.0, 0.100
2025-10-06 12:13:42,        0,  29.7,   2.2,  25.8,  0.390, -0.006,  0.000,5479123.5,  1,  21.1,   1.0, 0.100
2025-10-06 12:13:43,        0,  29.7,   2.2,  25.8,  0.388, -0.006,  0.000,5479117.7,  1,  21.1,   1.0, 0.100
2025-10-06 12:13:44,        0,  29.7,   2.2,  25.8,  0.384, -0.005,  0.000,5479113.1,  1,  21.1,   1.0, 0.100
2025-10-06 12:13:45,        0,  29.8,   2.4,  25.8,  0.380, -0.005,  0.000,5479108.0,  1,  21.1,   1.0, 0.100
2025-10-06 12:13:46,        0,  29.8,   2.3,  25.8,  0.377, -0.005,  0.000,5479101.7,  1,  21.1,   1.0, 0.100
2025-10-06 12:13:47,        0,  29.7,   2.2,  25.8,  0.373, -0.005,  0.000,5479097.6,  1,  21.1,   1.0, 0.100
2025-10-06 12:13:48,        0,  29.7,   2.2,  25.8,  0.371, -0.005,  0.000,5479092.5,  1,  21.1,   1.0, 0.100
2025-10-06 12:13:49,        0,  29.8,   2.4,  25.8,  0.367, -0.005,  0.000,5479087.9,  1,  21.1,   1.0, 0.100
2025-10-06 12:13:50,        0,  29.8,   2.4,  25.8,  0.364, -0.005,  0.000,5479081.6,  1,  21.1,   1.0, 0.100
2025-10-06 12:13:51,        0,  29.7,   2.2,  25.8,  0.360, -0.005,  0.000,5479076.2,  1,  21.1,   1.0, 0.100
2025-10-06 12:13:52,        0,  29.8,   2.4,  25.8,  0.358, -0.005,  0.000,5479072.0,  1,  21.1,   1.1, 0.100
2025-10-06 12:13:53,        0,  29.7,   2.2,  25.8,  0.356, -0.005,  0.000,5479067.4,  1,  21.1,   1.0, 0.100
2025-10-06 12:13:54,        0,  29.8,   2.4,  25.8,  0.352, -0.005,  0.000,5479061.5,  1,  21.1,   1.0, 0.100
2025-10-06 12:13:55,        0,  29.7,   2.2,  25.8,  0.350, -0.005,  0.000,5479057.3,  1,  21.1,   1.0, 0.100
2025-10-06 12:13:56,        0,  29.8,   2.4,  25.8,  0.347, -0.005,  0.000,5479052.7,  1,  21.1,   1.0, 0.100
2025-10-06 12:13:57,        0,  29.7,   2.2,  25.8,  0.344, -0.005,  0.000,5479047.7,  1,  21.1,   1.0, 0.100
2025-10-06 12:13:58,        0,  29.8,   2.4,  25.8,  0.341, -0.005,  0.000,5479042.2,  1,  21.1,   1.0, 0.100
2025-10-06 12:13:59,        0,  29.8,   2.4,  25.8,  0.340, -0.005,  0.000,5479037.6,  1,  21.1,   1.0, 0.100
2025-10-06 12:14:00,        0,  29.8,   2.4,  25.8,  0.337, -0.004,  0.000,5479033.0,  1,  21.1,   1.0, 0.100
2025-10-06 12:14:01,        0,  29.8,   2.4,  25.8,  0.334, -0.005,  0.000,5479028.8,  1,  21.1,   1.0, 0.100
2025-10-06 12:14:02,        0,  29.8,   2.4,  25.8,  0.332, -0.005,  0.000,5479024.2,  1,  21.1,   1.0, 0.100
2025-10-06 12:14:03,        0,  29.8,   2.4,  25.8,  0.329, -0.004,  0.000,5479019.2,  1,  21.1,   1.0, 0.100
2025-10-06 12:14:04,        0,  29.8,   2.4,  25.8,  0.327, -0.005,  0.000,5479015.0,  1,  21.1,   1.0, 0.100
2025-10-06 12:14:05,        0,  29.8,   2.4,  25.8,  0.325, -0.004,  0.000,5479010.4,  1,  21.1,   1.0, 0.100
2025-10-06 12:14:06,        0,  29.8,   2.5,  25.8,  0.322, -0.004,  0.000,5479006.6,  1,  21.1,   1.1, 0.100
2025-10-06 12:14:07,        0,  29.8,   2.4,  25.8,  0.320, -0.004,  0.000,5479001.6,  1,  21.1,   1.1, 0.100
2025-10-06 12:14:08,        0,  29.8,   2.3,  25.8,  0.318, -0.005,  0.000,5478997.8,  1,  21.1,   1.1, 0.100
2025-10-06 12:14:09,        0,  29.8,   2.3,  25.8,  0.316, -0.004,  0.000,5478992.8,  1,  21.1,   1.0, 0.100
2025-10-06 12:14:10,        0,  29.8,   2.5,  25.8,  0.315, -0.005,  0.000,5478989.0,  1,  21.1,   1.0, 0.100
2025-10-06 12:14:11,        0,  29.8,   2.4,  25.8,  0.312, -0.004,  0.000,5478984.0,  1,  21.1,   1.1, 0.100
2025-10-06 12:14:12,        0,  29.8,   2.4,  25.8,  0.310, -0.004,  0.000,5478980.2,  1,  21.1,   1.1, 0.100
2025-10-06 12:14:13,        0,  29.8,   2.3,  25.8,  0.307, -0.005,  0.000,5478975.6,  1,  21.1,   1.0, 0.100
2025-10-06 12:14:14,        0,  29.8,   2.4,  25.8,  0.306, -0.004,  0.000,5478971.8,  1,  21.1,   1.0, 0.100
2025-10-06 12:14:15,        0,  29.8,   2.4,  25.8,  0.304, -0.005,  0.000,5478967.6,  1,  21.1,   1.0, 0.100
2025-10-06 12:14:16,        0,  29.8,   2.5,  25.8,  0.303, -0.004,  0.000,5478963.4,  1,  21.1,   1.0, 0.100
2025-10-06 12:14:17,        0,  29.8,   2.4,  25.8,  0.300, -0.004,  0.000,5478959.3,  1,  21.1,   1.0, 0.100
2025-10-06 12:14:18,        0,  29.8,   2.5,  25.8,  0.298, -0.004,  0.000,5478955.1,  1,  21.1,   1.0, 0.100
2025-10-06 12:14:19,        0,  29.8,   2.5,  25.8,  0.297, -0.004,  0.000,5478951.3,  1,  21.1,   1.0, 0.100
2025-10-06 12:14:20,        0,  29.8,   2.5,  25.8,  0.295, -0.005,  0.000,5478946.3,  1,  21.1,   1.0, 0.100
2025-10-06 12:14:21,        0,  29.8,   2.5,  25.8,  0.293, -0.004,  0.000,5478942.9,  1,  21.1,   1.0, 0.100
2025-10-06 12:14:22,        0,  29.8,   2.5,  25.8,  0.291, -0.004,  0.000,5478938.7,  1,  21.1,   1.0, 0.100
2025-10-06 12:14:23,        0,  29.8,   2.5,  25.8,  0.291, -0.004,  0.000,5478934.9,  1,  21.1,   1.0, 0.100
2025-10-06 12:14:24,        0,  29.8,   2.5,  25.8,  0.288, -0.004,  0.000,5478929.9,  1,  21.1,   1.0, 0.100
2025-10-06 12:14:25,        0,  29.8,   2.4,  25.8,  0.286, -0.004,  0.000,5478926.1,  1,  21.1,   1.0, 0.100
2025-10-06 12:14:26,        0,  29.8,   2.5,  25.8,  0.286, -0.004,  0.000,5478922.0,  1,  21.1,   1.0, 0.100
2025-10-06 12:14:27,        0,  29.8,   2.5,  25.8,  0.283, -0.004,  0.000,5478918.6,  1,  21.1,   1.0, 0.100
2025-10-06 12:14:28,        0,  29.8,   2.5,  25.8,  0.282, -0.004,  0.000,5478914.4,  1,  21.1,   1.0, 0.100
2025-10-06 12:14:29,        0,  29.8,   2.4,  25.8,  0.280, -0.004,  0.000,5478909.8,  1,  21.1,   1.0, 0.100
2025-10-06 12:14:30,        0,  29.8,   2.5,  25.8,  0.279, -0.004,  0.000,5478906.0,  1,  21.1,   1.0, 0.100
2025-10-06 12:14:31,        0,  29.8,   2.4,  25.8,  0.278, -0.004,  0.000,5478902.7,  1,  21.1,   1.0, 0.100
2025-10-06 12:14:32,        0,  29.8,   2.5,  25.8,  3.716,  3.189,  0.016,5480697.2,  1,  21.1,   1.0, 0.100
2025-10-06 12:14:33,        0,  29.8,   2.4,  25.8,  2.913,  1.776,  0.007,5483901.6,  1,  21.1,   1.0, 0.100
2025-10-06 12:14:34,        0,  29.7,   2.0,  25.8,  1.150,  0.022,  0.000,5483951.5,  1,  21.1,   1.0, 0.100
2025-10-06 12:14:35,        0,  29.4,   1.1,  25.8,  1.030, -0.002,  0.000,5483950.7,  1,  21.1,   1.0, 0.100
2025-10-06 12:14:36,        0,  29.7,   2.0,  25.8,  0.968, -0.006,  0.000,5483944.4,  1,  21.1,   1.0, 0.100
2025-10-06 12:14:37,        0,  29.6,   1.7,  25.8,  0.907, -0.007,  0.000,5483936.0,  1,  21.1,   1.0, 0.100
2025-10-06 12:14:38,        0,  29.6,   1.7,  25.8,  0.860, -0.008,  0.000,5483927.6,  1,  21.1,   1.0, 0.100
2025-10-06 12:14:39,        0,  29.6,   1.7,  25.8,  0.832, -0.008,  0.000,5483919.7,  1,  21.1,   1.0, 0.100
2025-10-06 12:14:40,        0,  29.6,   1.7,  25.8,  0.805, -0.007,  0.000,5483913.0,  1,  21.1,   1.0, 0.100
2025-10-06 12:14:41,        0,  29.6,   1.7,  25.8,  0.767, -0.007,  0.000,5483903.7,  1,  21.1,   1.1, 0.100
2025-10-06 12:14:42,        0,  29.5,   1.5,  25.8,  0.745, -0.008,  0.000,5483896.2,  1,  21.1,   1.0, 0.100
2025-10-06 12:14:43,        0,  29.6,   1.7,  25.8,  0.714, -0.008,  0.000,5483888.6,  1,  21.1,   1.1, 0.100
2025-10-06 12:14:44,        0,  29.5,   1.6,  25.8,  0.697, -0.007,  0.000,5483881.9,  1,  21.1,   1.1, 0.100
2025-10-06 12:14:45,        0,  29.6,   1.7,  25.8,  0.673, -0.008,  0.000,5483872.3,  1,  21.1,   1.0, 0.100
2025-10-06 12:14:46,        0,  29.6,   1.7,  25.8,  0.659, -0.008,  0.000,5483864.8,  1,  21.1,   1.1, 0.100
2025-10-06 12:14:47,        0,  29.5,   1.5,  25.8,  0.645, -0.007,  0.000,5483858.1,  1,  21.1,   1.0, 0.100
2025-10-06 12:14:48,        0,  29.6,   1.7,  25.8,  0.626, -0.008,  0.000,5483850.1,  1,  21.1,   1.1, 0.100
2025-10-06 12:14:49,        0,  29.6,   1.7,  25.8,  0.614, -0.008,  0.000,5483840.9,  1,  21.1,   1.1, 0.100
2025-10-06 12:14:50,        0,  29.6,   1.7,  25.8,  0.598, -0.007,  0.000,5483833.7,  1,  21.1,   1.1, 0.100
2025-10-06 12:14:51,        0,  29.6,   1.7,  25.8,  0.588, -0.007,  0.000,5483827.0,  1,  21.1,   1.0, 0.100
2025-10-06 12:14:52,        0,  29.6,   1.7,  25.8,  0.578, -0.007,  0.000,5483819.9,  1,  21.1,   1.1, 0.100
2025-10-06 12:14:53,        0,  29.5,   1.6,  25.8,  0.565, -0.007,  0.000,5483812.4,  1,  21.1,   1.1, 0.100
2025-10-06 12:14:54,        0,  29.6,   1.7,  25.8,  0.556, -0.007,  0.000,5483805.2,  1,  21.1,   1.1, 0.100
2025-10-06 12:14:55,        0,  29.6,   1.7,  25.8,  0.544, -0.007,  0.000,5483798.5,  1,  21.1,   1.0, 0.100
2025-10-06 12:14:56,        0,  29.5,   1.6,  25.8,  0.536, -0.007,  0.000,5483791.4,  1,  21.1,   1.1, 0.100
2025-10-06 12:14:57,        0,  29.6,   1.7,  25.8,  0.525, -0.007,  0.000,5483783.9,  1,  21.1,   1.1, 0.100
2025-10-06 12:14:58,        0,  29.6,   1.8,  25.8,  0.517, -0.006,  0.000,5483778.0,  1,  21.1,   1.0, 0.100
2025-10-06 12:14:59,        0,  29.6,   1.8,  25.8,  0.511, -0.007,  0.000,5483770.9,  1,  21.1,   1.0, 0.100
2025-10-06 12:15:00,        0,  29.6,   1.7,  25.8,  0.501, -0.007,  0.000,5483765.0,  1,  21.1,   1.0, 0.100
2025-10-06 12:15:01,        0,  29.6,   1.8,  25.8,  0.493, -0.007,  0.000,5483757.1,  1,  21.1,   1.0, 0.100
2025-10-06 12:15:02,        0,  29.6,   1.8,  25.8,  0.486, -0.007,  0.000,5483751.2,  1,  21.1,   1.1, 0.100
2025-10-06 12:15:03,        0,  29.6,   1.7,  25.8,  0.480, -0.006,  0.000,5483744.5,  1,  21.1,   1.0, 0.100
2025-10-06 12:15:04,        0,  29.6,   1.7,  25.8,  0.475, -0.007,  0.000,5483739.0,  1,  21.1,   1.0, 0.100
2025-10-06 12:15:05,        0,  29.6,   1.8,  25.8,  0.466, -0.006,  0.000,5483732.3,  1,  21.1,   1.1, 0.100
2025-10-06 12:15:06,        0,  29.6,   1.7,  25.8,  0.458, -0.006,  0.000,5483726.5,  1,  21.1,   1.0, 0.100
2025-10-06 12:15:07,        0,  29.6,   1.8,  25.8,  0.453, -0.006,  0.000,5483720.6,  1,  21.1,   1.0, 0.100
2025-10-06 12:15:08,        0,  29.6,   1.8,  25.8,  0.447, -0.006,  0.000,5483715.1,  1,  21.1,   1.1, 0.100
2025-10-06 12:15:09,        0,  29.6,   1.8,  25.8,  0.441, -0.006,  0.000,5483709.3,  1,  21.1,   1.1, 0.100
2025-10-06 12:15:10,        0,  29.6,   1.7,  25.8,  0.435, -0.006,  0.000,5483702.2,  1,  21.1,   1.1, 0.100
2025-10-06 12:15:11,        0,  29.6,   1.8,  25.8,  0.429, -0.005,  0.000,5483697.1,  1,  21.1,   1.1, 0.100
2025-10-06 12:15:12,        0,  29.6,   1.8,  25.8,  0.424, -0.006,  0.000,5483691.3,  1,  21.1,   1.1, 0.100
2025-10-06 12:15:13,        0,  29.6,   1.9,  25.8,  0.420, -0.005,  0.000,5483686.6,  1,  21.1,   1.1, 0.100
2025-10-06 12:15:14,        0,  29.6,   1.8,  25.8,  0.413, -0.005,  0.000,5483679.1,  1,  21.1,   1.1, 0.100
2025-10-06 12:15:15,        0,  29.6,   1.8,  25.8,  0.409, -0.006,  0.000,5483674.1,  1,  21.1,   1.1, 0.100
2025-10-06 12:15:16,        0,  29.6,   1.8,  25.8,  0.402, -0.005,  0.000,5483669.5,  1,  21.1,   1.1, 0.100
2025-10-06 12:15:17,        0,  29.6,   1.8,  25.8,  0.398, -0.005,  0.000,5483664.0,  1,  21.1,   1.1, 0.100
2025-10-06 12:15:18,        0,  29.6,   1.8,  25.8,  0.394, -0.005,  0.000,5483659.0,  1,  21.1,   1.1, 0.100
2025-10-06 12:15:19,        0,  29.6,   1.8,  25.8,  0.388, -0.005,  0.000,5483653.1,  1,  21.1,   1.1, 0.100
2025-10-06 12:15:20,        0,  29.6,   1.8,  25.8,  0.383, -0.005,  0.000,5483648.5,  1,  21.1,   1.1, 0.100
2025-10-06 12:15:21,        0,  29.6,   1.8,  25.8,  0.379, -0.005,  0.000,5483643.9,  1,  21.1,   1.1, 0.100
2025-10-06 12:15:22,        0,  29.6,   1.8,  25.8,  0.375, -0.005,  0.000,5483639.3,  1,  21.1,   1.1, 0.100
2025-10-06 12:15:23,        0,  29.6,   1.8,  25.8,  0.370, -0.005,  0.000,5483633.0,  1,  21.1,   1.1, 0.100
2025-10-06 12:15:24,        0,  29.6,   1.8,  25.8,  0.366, -0.005,  0.000,5483629.2,  1,  21.1,   1.1, 0.100
2025-10-06 12:15:25,        0,  29.6,   1.8,  25.8,  0.361, -0.005,  0.000,5483624.6,  1,  21.1,   1.0, 0.100
2025-10-06 12:15:26,        0,  29.7,   2.0,  25.8,  0.358, -0.005,  0.000,5483619.6,  1,  21.1,   1.0, 0.100
2025-10-06 12:15:27,        0,  29.6,   1.8,  25.8,  0.353, -0.005,  0.000,5483613.3,  1,  21.1,   1.1, 0.100
2025-10-06 12:15:28,        0,  29.7,   2.0,  25.8,  0.350, -0.005,  0.000,5483609.5,  1,  21.1,   1.0, 0.100
2025-10-06 12:15:29,        0,  29.6,   1.8,  25.8,  0.347, -0.005,  0.000,5483604.9,  1,  21.1,   1.0, 0.100
2025-10-06 12:15:30,        0,  29.7,   2.0,  25.8,  0.342, -0.005,  0.000,5483600.7,  1,  21.1,   1.0, 0.100
2025-10-06 12:15:31,        0,  29.7,   2.0,  25.8,  0.339, -0.005,  0.000,5483595.7,  1,  21.1,   1.0, 0.100
2025-10-06 12:15:32,        0,  29.6,   1.8,  25.8,  0.335, -0.005,  0.000,5483591.1,  1,  21.1,   1.0, 0.100
2025-10-06 12:15:33,        0,  29.6,   1.8,  25.8,  0.331, -0.005,  0.000,5483586.9,  1,  21.1,   1.0, 0.100
2025-10-06 12:15:34,        0,  29.7,   2.0,  25.8,  0.328, -0.005,  0.000,5483581.9,  1,  21.1,   1.0, 0.100
2025-10-06 12:15:35,        0,  29.7,   2.0,  25.8,  0.324, -0.005,  0.000,5483577.7,  1,  21.1,   1.0, 0.100
2025-10-06 12:15:36,        0,  29.6,   1.8,  25.8,  0.321, -0.004,  0.000,5483572.7,  1,  21.1,   1.0, 0.100
2025-10-06 12:15:37,        0,  29.7,   2.0,  25.8,  0.319, -0.004,  0.000,5483568.0,  1,  21.1,   1.0, 0.100
2025-10-06 12:15:38,        0,  29.7,   2.0,  25.8,  0.316, -0.004,  0.000,5483564.3,  1,  21.1,   1.0, 0.100
2025-10-06 12:15:39,        0,  29.7,   2.0,  25.8,  0.313, -0.004,  0.000,5483559.7,  1,  21.1,   1.0, 0.100
2025-10-06 12:15:40,        0,  29.7,   2.0,  25.8,  0.310, -0.004,  0.000,5483555.0,  1,  21.1,   1.0, 0.100
2025-10-06 12:15:41,        0,  29.7,   2.0,  25.8,  0.307, -0.004,  0.000,5483550.9,  1,  21.1,   1.0, 0.100
2025-10-06 12:15:42,        0,  29.7,   2.0,  25.8,  0.304, -0.004,  0.000,5483546.7,  1,  21.1,   1.0, 0.100
2025-10-06 12:15:43,        0,  29.7,   2.0,  25.8,  0.302, -0.005,  0.000,5483542.5,  1,  21.1,   1.0, 0.100
2025-10-06 12:15:44,        0,  29.6,   1.8,  25.8,  0.299, -0.004,  0.000,5483538.7,  1,  21.1,   1.0, 0.100
2025-10-06 12:15:45,        0,  29.6,   1.8,  25.8,  0.296, -0.004,  0.000,5483533.7,  1,  21.1,   1.0, 0.100
2025-10-06 12:15:46,        0,  29.6,   1.8,  25.8,  0.293, -0.004,  0.000,5483530.3,  1,  21.1,   1.0, 0.100
2025-10-06 12:15:47,        0,  29.7,   2.0,  25.8,  0.292, -0.004,  0.000,5483527.4,  1,  21.1,   1.0, 0.100
2025-10-06 12:15:48,        0,  29.7,   2.0,  25.8,  0.289, -0.004,  0.000,5483522.4,  1,  21.1,   1.0, 0.100
2025-10-06 12:15:49,        0,  29.7,   2.0,  25.7,  0.287, -0.003,  0.000,5483518.6,  1,  21.1,   1.0, 0.100
2025-10-06 12:15:50,        0,  29.7,   2.0,  25.8,  0.285, -0.004,  0.000,5483515.2,  1,  21.1,   1.0, 0.100
2025-10-06 12:15:51,        0,  29.6,   1.8,  25.8,  0.282, -0.004,  0.000,5483511.0,  1,  21.1,   1.0, 0.100
