Time, Cnts,  %T, set_Cell[mA], Cell[°C], Cell[Volt], Cell[mA], Cell[W], Cell[uAs], Cell_ON, Env[°C], TEC[°C], N2Flow[slpm]
2025-10-24 13:24:39,        0,  29.7,   2.2,  26.0,  0.173, -0.002,  0.000,     -1.1,  1,  21.9,   0.9, 0.101
2025-10-24 13:24:40,        0,  29.7,   2.0,  26.1,  0.173, -0.002,  0.000,     -3.4,  1,  21.9,   1.0, 0.100
2025-10-24 13:24:41,        0,  29.7,   2.0,  26.0,  0.173, -0.002,  0.000,     -5.4,  1,  21.9,   0.9, 0.100
2025-10-24 13:24:42,        0,  29.7,   2.2,  26.0,  0.172, -0.003,  0.000,     -7.7,  1,  21.9,   1.0, 0.100
2025-10-24 13:24:42,        0,  29.7,   2.2,  26.0,  0.172, -0.002,  0.000,    -10.0,  1,  21.9,   1.0, 0.099
2025-10-24 13:24:44,        0,  29.7,   2.2,  26.1,  0.172, -0.003,  0.000,    -12.9,  1,  21.9,   1.0, 0.097
2025-10-24 13:24:45,        0,  29.7,   2.2,  26.1,  0.172, -0.003,  0.000,    -15.2,  1,  21.9,   1.0, 0.097
2025-10-24 13:24:46,        0,  29.7,   2.2,  26.0,  0.171, -0.003,  0.000,    -17.5,  1,  21.9,   1.0, 0.097
2025-10-24 13:24:46,        0,  29.7,   2.2,  26.0,  0.172, -0.003,  0.000,    -20.0,  1,  21.9,   1.0, 0.097
2025-10-24 13:24:48,        0,  29.7,   2.2,  26.0,  0.172, -0.002,  0.000,    -22.6,  1,  21.9,   1.0, 0.097
2025-10-24 13:24:49,        0,  29.7,   2.0,  26.0,  0.172, -0.002,  0.000,    -24.9,  1,  21.9,   1.0, 0.097
2025-10-24 13:24:50,        0,  29.7,   2.0,  26.0,  0.172, -0.003,  0.000,    -27.5,  1,  21.9,   1.0, 0.098
2025-10-24 13:24:50,        0,  29.7,   2.2,  26.1,  0.172, -0.002,  0.000,    -29.8,  1,  21.9,   1.0, 0.098
2025-10-24 13:24:52,        0,  29.7,   2.2,  26.1,  0.171, -0.003,  0.000,    -32.6,  1,  21.9,   1.0, 0.099
2025-10-24 13:24:53,        0,  29.7,   2.2,  26.1,  0.171, -0.003,  0.000,    -34.9,  1,  21.9,   1.0, 0.099
2025-10-24 13:24:54,        0,  29.7,   2.2,  26.1,  0.171, -0.002,  0.000,    -37.5,  1,  21.9,   1.0, 0.099
2025-10-24 13:24:54,        0,  29.8,   2.5,  26.1,  0.171, -0.003,  0.000,    -40.1,  1,  21.9,   1.0, 0.100
2025-10-24 13:24:56,        0,  29.8,   2.5,  26.1,  5.693,  4.362,  0.025,   3488.7,  1,  21.9,   1.0, 0.100
2025-10-24 13:24:57,        0,  30.4,   4.2,  26.1,  6.373,  5.077,  0.033,   8483.5,  1,  21.9,   1.0, 0.100
2025-10-24 13:24:58,        0,  30.0,   3.0,  26.0,  6.423,  5.119,  0.034,  13382.7,  1,  21.9,   1.0, 0.100
2025-10-24 13:24:58,        0,  31.1,   6.2,  26.1,  8.224,  7.024,  0.058,  19362.0,  1,  21.9,   1.0, 0.101
2025-10-24 13:25:00,        0,  31.4,   7.3,  26.1, 11.681, 10.690,  0.125,  30260.5,  1,  22.0,   1.0, 0.101
2025-10-24 13:25:01,        0,  31.3,   7.0,  26.0, 11.913, 10.915,  0.130,  40374.5,  1,  21.9,   1.0, 0.101
2025-10-24 13:25:02,        0,  32.4,  10.3,  26.0, 13.070, 12.096,  0.158,  51166.5,  1,  21.9,   0.9, 0.102
2025-10-24 13:25:02,        0,  32.6,  10.7,  26.0, 16.109, 15.324,  0.251,  64197.1,  1,  21.9,   0.9, 0.106
2025-10-24 13:25:03,        0,  35.8,  20.3,  26.0, 15.508, 14.646,  0.229,  79274.7,  1,  22.0,   1.0, 0.132
2025-10-24 13:25:05,        0,  35.4,  19.3,  26.0, 19.249, 18.622,  0.359, 102286.4,  1,  21.9,   0.9, 0.102
2025-10-24 13:25:06,        0,  34.7,  17.2,  26.0, 19.245, 18.600,  0.361, 120670.5,  1,  21.9,   0.9, 0.099
2025-10-24 13:25:07,        0,  37.0,  24.0,  26.0, 30.210, 30.445,  0.921, 144920.5,  1,  21.9,   0.9, 0.099
2025-10-24 13:25:07,        0,  34.6,  16.7,  26.0, 27.141, 27.129,  0.737, 170502.4,  1,  21.9,   0.9, 0.099
2025-10-24 13:25:09,        0,  35.1,  18.2,  26.0, 23.736, 23.437,  0.565, 197409.7,  1,  21.9,   0.9, 0.099
2025-10-24 13:25:10,        0,  35.8,  20.3,  26.0, 31.065, 31.365,  0.979, 223534.3,  1,  21.9,   0.9, 0.099
2025-10-24 13:25:10,        0,  40.1,  33.3,  26.0, 32.034, 32.382,  1.045, 252808.0,  1,  21.9,   0.9, 0.099
2025-10-24 13:25:12,        0,  39.8,  32.5,  26.0, 31.650, 31.898,  1.025, 291231.3,  1,  21.9,   0.9, 0.099
2025-10-24 13:25:13,        0,  38.4,  28.3,  26.0, 36.394, 36.840,  1.341, 325382.7,  1,  21.9,   0.8, 0.099
2025-10-24 13:25:14,        0,  43.0,  42.0,  26.0, 40.307, 40.686,  1.642, 360673.7,  1,  21.9,   0.9, 0.100
2025-10-24 13:25:14,        0,  41.0,  36.0,  26.0, 41.634, 41.366,  1.732, 401421.0,  1,  21.9,   0.9, 0.100
2025-10-24 13:25:16,        0,  42.1,  39.3,  26.0, 42.759, 41.899,  1.792, 448964.0,  1,  21.9,   0.9, 0.100
2025-10-24 13:25:17,        0,  40.0,  33.0,  26.0, 43.595, 42.309,  1.846, 489410.1,  1,  21.9,   0.9, 0.100
2025-10-24 13:25:17,        0,  39.9,  32.7,  26.0, 35.572, 33.903,  1.217, 521303.3,  1,  21.9,   0.9, 0.100
2025-10-24 13:25:18,        0,  36.9,  23.7,  26.0, 28.444, 26.494,  0.790, 552251.3,  1,  21.9,   0.9, 0.100
2025-10-24 13:25:20,        0,  38.6,  28.7,  26.1, 41.397, 39.278,  1.627, 592422.0,  1,  21.9,   1.0, 0.111
2025-10-24 13:25:21,        0,  36.1,  21.2,  26.0, 35.096, 32.360,  1.146, 623518.5,  1,  21.9,   0.9, 0.106
2025-10-24 13:25:22,        0,  42.4,  40.3,  26.0, 44.885, 41.639,  1.880, 658621.8,  1,  21.9,   0.9, 0.099
2025-10-24 13:25:22,        0,  41.5,  37.5,  26.0, 39.052, 34.937,  1.392, 695065.8,  1,  21.9,   1.0, 0.100
2025-10-24 13:25:24,        0,  40.6,  34.7,  26.0, 42.817, 37.660,  1.614, 738485.0,  1,  21.9,   0.9, 0.099
2025-10-24 13:25:25,        0,  39.6,  31.8,  26.0, 47.537, 42.062,  2.005, 777228.1,  1,  21.9,   1.0, 0.099
2025-10-24 13:25:26,        0,  38.8,  29.5,  26.0, 28.621, 25.693,  0.741, 804288.2,  1,  21.9,   0.9, 0.099
2025-10-24 13:25:26,        0,  38.3,  28.0,  26.0, 41.110, 38.575,  1.586, 839324.6,  1,  21.9,   0.9, 0.099
2025-10-24 13:25:28,        0,  38.4,  28.2,  26.0, 34.433, 31.639,  1.123, 876063.6,  1,  21.9,   0.9, 0.099
2025-10-24 13:25:29,        0,  40.0,  33.0,  26.0, 34.897, 32.189,  1.135, 906409.4,  1,  21.9,   0.9, 0.099
2025-10-24 13:25:30,        0,  39.2,  30.7,  26.0, 35.323, 32.483,  1.157, 936493.0,  1,  21.9,   1.0, 0.099
2025-10-24 13:25:30,        0,  38.6,  28.8,  26.0, 39.725, 36.390,  1.446, 970329.1,  1,  21.9,   1.0, 0.100
2025-10-24 13:25:32,        0,  38.6,  28.7,  26.0, 36.736, 33.487,  1.232,1007466.1,  1,  21.9,   1.0, 0.100
2025-10-24 13:25:33,        0,  40.0,  33.0,  26.1, 38.914, 35.240,  1.372,1040174.7,  1,  21.9,   0.9, 0.100
2025-10-24 13:25:34,        0,  36.0,  21.0,  26.0, 35.087, 31.498,  1.110,1070671.5,  1,  21.9,   1.0, 0.100
2025-10-24 13:25:34,        0,  37.7,  26.2,  26.1, 27.538, 24.603,  0.682,1089271.3,  1,  21.9,   1.0, 0.100
2025-10-24 13:25:36,        0,  37.5,  25.5,  26.0, 34.823, 32.039,  1.117,1123963.9,  1,  21.9,   1.0, 0.100
2025-10-24 13:25:37,        0,  39.1,  30.3,  26.1, 36.544, 33.713,  1.232,1154226.0,  1,  21.9,   1.0, 0.100
2025-10-24 13:25:38,        0,  38.6,  28.8,  26.0, 34.863, 32.011,  1.116,1185469.1,  1,  21.9,   1.0, 0.100
2025-10-24 13:25:38,        0,  38.7,  29.0,  26.0, 31.694, 28.853,  0.916,1215179.2,  1,  21.9,   1.0, 0.100
2025-10-24 13:25:39,        0,  38.8,  29.3,  26.0, 37.874, 34.719,  1.317,1246544.4,  1,  21.9,   1.0, 0.100
2025-10-24 13:25:41,        0,  37.4,  25.3,  26.0, 25.311, 22.522,  0.592,1278156.6,  1,  21.9,   1.0, 0.100
2025-10-24 13:25:42,        0,  37.6,  25.7,  26.1, 35.042, 31.888,  1.120,1307826.0,  1,  21.9,   1.0, 0.100
2025-10-24 13:25:42,        0,  40.5,  34.5,  26.1, 32.050, 29.010,  0.933,1335919.9,  1,  21.9,   1.0, 0.100
2025-10-24 13:25:43,        0,  35.7,  20.0,  26.0, 29.317, 26.329,  0.795,1365181.2,  1,  21.9,   1.0, 0.100
2025-10-24 13:25:45,        0,  40.2,  33.5,  26.1, 33.252, 30.157,  1.029,1397152.3,  1,  21.9,   1.0, 0.100
2025-10-24 13:25:46,        0,  39.6,  31.7,  26.0, 34.147, 31.032,  1.070,1427612.8,  1,  21.9,   1.0, 0.100
2025-10-24 13:25:46,        0,  38.9,  29.8,  26.1, 39.330, 35.985,  1.420,1461897.3,  1,  21.9,   1.0, 0.100
2025-10-24 13:25:47,        0,  39.8,  32.3,  26.0, 43.522, 39.889,  1.744,1497851.1,  1,  21.9,   1.0, 0.100
2025-10-24 13:25:49,        0,  36.7,  23.0,  26.1, 34.124, 30.989,  1.085,1536012.7,  1,  21.9,   1.0, 0.100
2025-10-24 13:25:50,        0,  38.4,  28.2,  26.1, 45.326, 41.678,  1.904,1569101.2,  1,  21.9,   1.0, 0.100
2025-10-24 13:25:50,        0,  41.1,  36.2,  26.1, 39.871, 36.439,  1.460,1603974.2,  1,  21.9,   1.0, 0.100
2025-10-24 13:25:51,        0,  41.6,  37.8,  26.1, 40.522, 36.731,  1.495,1641967.2,  1,  21.9,   1.0, 0.100
2025-10-24 13:25:53,        0,  39.2,  30.5,  26.1, 47.638, 42.784,  2.039,1690081.6,  1,  21.9,   1.0, 0.100
2025-10-24 13:25:54,        0,  43.7,  44.0,  26.1, 40.656, 36.769,  1.550,1724197.3,  1,  21.9,   1.0, 0.100
2025-10-24 13:25:55,        0,  44.3,  45.8,  26.1, 44.345, 39.548,  1.768,1766310.7,  1,  21.9,   1.0, 0.100
2025-10-24 13:25:55,        0,  41.4,  37.3,  26.1, 50.151, 43.967,  2.225,1808615.4,  1,  21.9,   1.0, 0.100
2025-10-24 13:25:57,        0,  43.7,  44.2,  26.1, 56.598, 49.385,  2.796,1863591.5,  1,  21.9,   1.0, 0.100
2025-10-24 13:25:58,        0,  41.3,  37.0,  26.1, 56.106, 48.626,  2.730,1909243.3,  1,  21.9,   1.0, 0.100
2025-10-24 13:25:59,        0,  42.4,  40.3,  26.1, 42.356, 36.642,  1.567,1946557.5,  1,  21.9,   1.0, 0.100
2025-10-24 13:25:59,        0,  38.2,  27.5,  26.2, 38.593, 33.689,  1.320,1978749.0,  1,  21.9,   1.0, 0.100
2025-10-24 13:26:01,        0,  42.9,  41.8,  26.1, 55.608, 50.558,  2.818,2028829.8,  1,  21.9,   1.0, 0.100
2025-10-24 13:26:02,        0,  40.1,  33.2,  26.1, 48.626, 43.603,  2.125,2071162.6,  1,  21.9,   1.0, 0.100
2025-10-24 13:26:03,        0,  42.9,  41.7,  26.1, 52.779, 46.784,  2.477,2113830.9,  1,  21.9,   1.0, 0.100
2025-10-24 13:26:03,        0,  41.1,  36.2,  26.2, 58.492, 51.038,  2.987,2160465.5,  1,  21.9,   1.0, 0.100
2025-10-24 13:26:05,        0,  39.1,  30.3,  26.1, 39.351, 33.881,  1.352,2207323.3,  1,  21.9,   1.0, 0.100
2025-10-24 13:26:06,        0,  46.4,  52.1,  26.1, 58.990, 52.677,  3.112,2252647.4,  1,  21.9,   1.0, 0.100
2025-10-24 13:26:07,        0,  45.1,  48.3,  26.2, 53.750, 47.062,  2.557,2300157.9,  1,  21.9,   1.0, 0.100
2025-10-24 13:26:07,        0,  42.5,  40.5,  26.2, 47.791, 41.613,  1.994,2346118.4,  1,  21.9,   1.0, 0.100
2025-10-24 13:26:08,        0,  42.4,  40.3,  26.2, 49.898, 43.688,  2.193,2389302.6,  1,  21.9,   1.0, 0.100
2025-10-24 13:26:10,        0,  40.1,  33.2,  26.2, 50.859, 44.559,  2.268,2440598.6,  1,  21.9,   1.0, 0.100
2025-10-24 13:26:11,        0,  42.3,  39.8,  26.3, 50.910, 44.648,  2.279,2481737.2,  1,  21.9,   1.0, 0.100
2025-10-24 13:26:12,        0,  43.0,  42.0,  26.2, 52.136, 45.754,  2.387,2524347.8,  1,  21.9,   1.0, 0.100
2025-10-24 13:26:12,        0,  40.1,  33.2,  26.2, 39.735, 34.295,  1.373,2563449.8,  1,  21.9,   0.9, 0.100
2025-10-24 13:26:14,        0,  41.3,  36.8,  26.2, 45.622, 39.613,  1.823,2608315.6,  1,  21.9,   0.9, 0.100
2025-10-24 13:26:15,        0,  43.7,  44.0,  26.2, 58.495, 51.356,  3.012,2654402.1,  1,  21.9,   0.9, 0.100
2025-10-24 13:26:16,        0,  40.6,  34.7,  26.2, 46.057, 39.901,  1.863,2694965.4,  1,  21.9,   0.9, 0.100
2025-10-24 13:26:16,        0,  40.2,  33.5,  26.2, 46.205, 39.934,  1.846,2734220.2,  1,  21.9,   0.9, 0.100
2025-10-24 13:26:18,        0,  42.2,  39.5,  26.2, 47.249, 40.866,  1.979,2781277.5,  1,  21.9,   0.9, 0.100
2025-10-24 13:26:19,        0,  39.2,  30.7,  26.2, 51.836, 45.027,  2.335,2823130.0,  1,  21.9,   0.9, 0.100
2025-10-24 13:26:20,        0,  42.8,  41.5,  26.2, 39.522, 33.698,  1.349,2856568.3,  1,  21.9,   0.9, 0.100
2025-10-24 13:26:20,        0,  36.6,  22.7,  26.2, 51.929, 44.998,  2.338,2897322.6,  1,  21.9,   0.9, 0.100
2025-10-24 13:26:21,        0,  39.8,  32.3,  26.2, 39.223, 33.337,  1.331,2929876.2,  1,  21.9,   0.9, 0.100
2025-10-24 13:26:23,        0,  40.9,  35.7,  26.3, 41.749, 35.490,  1.482,2972454.0,  1,  21.9,   0.9, 0.100
2025-10-24 13:26:24,        0,  39.4,  31.3,  26.2, 30.015, 24.863,  0.757,3001282.9,  1,  21.9,   0.9, 0.100
2025-10-24 13:26:24,        0,  39.1,  30.3,  26.2, 45.122, 38.389,  1.763,3035675.1,  1,  21.9,   0.9, 0.100
2025-10-24 13:26:25,        0,  39.8,  32.3,  26.2, 37.761, 31.717,  1.201,3067745.8,  1,  21.9,   0.9, 0.100
2025-10-24 13:26:27,        0,  40.0,  33.0,  26.2, 45.267, 38.367,  1.743,3110965.8,  1,  21.9,   1.0, 0.100
2025-10-24 13:26:28,        0,  38.6,  28.7,  26.3, 36.978, 30.956,  1.151,3143689.6,  1,  21.9,   0.9, 0.100
2025-10-24 13:26:29,        0,  35.1,  18.3,  26.3, 34.037, 28.208,  0.977,3170757.7,  1,  21.9,   1.0, 0.100
2025-10-24 13:26:29,        0,  39.3,  31.0,  26.3, 33.682, 27.785,  0.952,3196033.3,  1,  21.9,   1.0, 0.100
2025-10-24 13:26:31,        0,  37.2,  24.7,  26.3, 32.347, 26.545,  0.864,3230155.4,  1,  21.9,   1.0, 0.100
2025-10-24 13:26:32,        0,  37.9,  26.7,  26.3, 40.663, 33.801,  1.377,3259430.0,  1,  21.9,   1.0, 0.100
2025-10-24 13:26:33,        0,  36.8,  23.3,  26.3, 33.989, 27.883,  0.952,3285692.4,  1,  21.9,   1.0, 0.100
2025-10-24 13:26:33,        0,  39.7,  32.0,  26.3, 33.866, 27.657,  0.943,3311891.1,  1,  21.9,   1.0, 0.100
2025-10-24 13:26:34,        0,  32.3,  10.0,  26.3, 34.764, 28.483,  1.032,3338019.4,  1,  21.9,   1.0, 0.100
2025-10-24 13:26:36,        0,  37.6,  25.7,  26.2, 32.252, 26.187,  0.850,3364080.2,  1,  21.9,   1.0, 0.100
2025-10-24 13:26:37,        0,  37.1,  24.3,  26.2, 30.152, 24.324,  0.741,3388587.6,  1,  21.9,   1.0, 0.100
2025-10-24 13:26:37,        0,  34.4,  16.2,  26.3, 29.823, 23.996,  0.725,3410202.2,  1,  21.9,   1.0, 0.100
2025-10-24 13:26:38,        0,  37.2,  24.7,  26.3, 36.596, 29.784,  1.092,3435013.1,  1,  21.9,   1.0, 0.100
2025-10-24 13:26:40,        0,  36.2,  21.5,  26.3, 30.266, 24.252,  0.734,3463689.9,  1,  21.9,   1.0, 0.100
2025-10-24 13:26:41,        0,  34.9,  17.8,  26.3, 27.601, 21.943,  0.610,3485896.3,  1,  21.9,   1.0, 0.100
2025-10-24 13:26:42,        0,  35.4,  19.2,  26.3, 19.317, 14.817,  0.287,3503071.6,  1,  21.9,   1.0, 0.100
2025-10-24 13:26:42,        0,  36.2,  21.7,  26.3, 29.268, 23.273,  0.683,3523679.6,  1,  21.9,   1.0, 0.100
2025-10-24 13:26:44,        0,  33.5,  13.5,  26.3, 28.536, 22.608,  0.646,3549919.1,  1,  21.9,   1.0, 0.100
2025-10-24 13:26:45,        0,  32.1,   9.2,  26.3, 23.108, 17.925,  0.417,3566628.0,  1,  21.9,   1.0, 0.100
2025-10-24 13:26:46,        0,  33.0,  12.0,  26.3, 14.784, 10.813,  0.160,3577042.1,  1,  21.9,   1.0, 0.100
2025-10-24 13:26:46,        0,  34.7,  17.0,  26.3, 23.571, 18.218,  0.433,3593049.5,  1,  21.9,   1.0, 0.100
2025-10-24 13:26:48,        0,  33.9,  14.7,  26.3, 20.356, 15.451,  0.324,3611539.5,  1,  21.9,   1.0, 0.100
2025-10-24 13:26:49,        0,  35.1,  18.3,  26.3, 18.884, 14.211,  0.279,3627495.7,  1,  21.9,   1.0, 0.100
2025-10-24 13:26:50,        0,  32.7,  11.0,  26.3, 24.411, 18.842,  0.463,3646338.3,  1,  21.9,   1.0, 0.100
2025-10-24 13:26:50,        0,  32.6,  10.7,  26.3, 10.978,  7.543,  0.087,3655736.1,  1,  21.9,   1.0, 0.100
2025-10-24 13:26:52,        0,  33.6,  13.8,  26.3, 18.657, 13.913,  0.262,3671962.6,  1,  21.9,   1.0, 0.100
2025-10-24 13:26:53,        0,  30.4,   4.3,  26.3, 17.681, 13.097,  0.242,3684682.5,  1,  21.9,   1.0, 0.100
2025-10-24 13:26:54,        0,  34.1,  15.3,  26.3, 18.050, 13.324,  0.252,3696914.3,  1,  21.9,   1.0, 0.100
2025-10-24 13:26:54,        0,  33.8,  14.3,  26.3, 22.254, 16.869,  0.377,3713904.8,  1,  21.9,   1.0, 0.100
2025-10-24 13:26:55,        0,  31.6,   7.8,  26.3, 19.310, 14.410,  0.280,3727680.0,  1,  21.9,   1.0, 0.100
2025-10-24 13:26:57,        0,  30.1,   3.3,  26.3, 13.354,  9.432,  0.129,3739354.3,  1,  21.9,   1.0, 0.100
2025-10-24 13:26:58,        0,  33.9,  14.8,  26.3, 22.069, 16.605,  0.369,3751620.4,  1,  21.9,   1.0, 0.100
2025-10-24 13:26:59,        0,  33.2,  12.7,  26.3, 21.175, 15.891,  0.337,3766594.7,  1,  21.9,   1.0, 0.100
2025-10-24 13:26:59,        0,  33.1,  12.3,  26.3, 11.060,  7.535,  0.093,3777442.5,  1,  21.9,   1.0, 0.100
2025-10-24 13:27:01,        0,  28.4,   0.0,  26.3, 19.199, 14.234,  0.276,3791563.1,  1,  21.9,   1.0, 0.100
2025-10-24 13:27:02,        0,  32.3,  10.0,  26.3, 11.741,  8.031,  0.096,3797427.9,  1,  21.9,   1.0, 0.100
2025-10-24 13:27:03,        0,  33.3,  13.0,  26.3, 15.669, 11.310,  0.181,3808980.3,  1,  21.9,   1.0, 0.100
2025-10-24 13:27:03,        0,  33.1,  12.2,  26.3, 19.471, 14.397,  0.281,3823011.6,  1,  21.9,   1.0, 0.100
2025-10-24 13:27:05,        0,  29.3,   1.0,  26.3, 15.864, 11.399,  0.182,3836449.0,  1,  21.9,   1.0, 0.100
2025-10-24 13:27:06,        0,  31.7,   8.2,  26.3, 10.674,  7.087,  0.076,3841505.4,  1,  21.9,   1.0, 0.100
2025-10-24 13:27:07,        0,  32.5,  10.5,  26.3, 14.881, 10.541,  0.157,3851686.1,  1,  21.9,   1.0, 0.100
2025-10-24 13:27:07,        0,  32.2,   9.5,  26.3, 12.222,  8.389,  0.108,3861463.2,  1,  21.9,   1.0, 0.100
2025-10-24 13:27:08,        0,  31.4,   7.3,  26.3, 14.965, 10.594,  0.160,3871696.6,  1,  21.9,   1.0, 0.100
2025-10-24 13:27:10,        0,  31.0,   6.0,  26.3, 16.028, 11.450,  0.188,3883027.3,  1,  21.9,   1.0, 0.100
2025-10-24 13:27:11,        0,  31.4,   7.2,  26.3, 18.064, 13.078,  0.239,3893604.0,  1,  21.9,   1.0, 0.100
2025-10-24 13:27:12,        0,  32.5,  10.5,  26.3, 13.614,  9.451,  0.131,3902470.8,  1,  21.9,   1.0, 0.100
2025-10-24 13:27:12,        0,  30.2,   3.5,  26.3, 13.637,  9.477,  0.135,3911340.5,  1,  21.9,   1.0, 0.100
2025-10-24 13:27:14,        0,  31.4,   7.2,  26.3,  5.582,  2.939,  0.018,3915959.8,  1,  21.9,   1.0, 0.100
2025-10-24 13:27:15,        0,  30.7,   5.0,  26.3, 12.666,  8.617,  0.109,3923485.5,  1,  21.9,   1.0, 0.100
2025-10-24 13:27:16,        0,  31.1,   6.2,  26.3, 12.906,  8.819,  0.115,3931318.4,  1,  21.9,   1.0, 0.100
2025-10-24 13:27:16,        0,  30.3,   4.0,  26.2, 10.614,  6.974,  0.075,3938272.4,  1,  21.9,   1.0, 0.100
2025-10-24 13:27:18,        0,  31.2,   6.5,  26.3, 13.201,  9.047,  0.120,3947617.4,  1,  21.9,   1.0, 0.100
2025-10-24 13:27:19,        0,  31.1,   6.3,  26.3,  7.880,  4.762,  0.040,3953595.8,  1,  21.9,   1.0, 0.100
2025-10-24 13:27:20,        0,  30.7,   5.2,  26.3, 11.270,  7.472,  0.084,3960746.4,  1,  21.9,   1.0, 0.100
2025-10-24 13:27:20,        0,  30.9,   5.7,  26.3,  7.278,  4.259,  0.034,3966112.5,  1,  21.9,   1.0, 0.100
2025-10-24 13:27:21,        0,  31.5,   7.5,  26.3,  9.395,  5.941,  0.058,3972243.4,  1,  21.9,   1.0, 0.100
2025-10-24 13:27:23,        0,  29.8,   2.3,  26.3,  6.832,  3.913,  0.030,3979596.4,  1,  21.9,   1.0, 0.100
2025-10-24 13:27:24,        0,  31.0,   6.0,  26.3, 11.188,  7.364,  0.083,3985893.8,  1,  21.9,   1.0, 0.100
2025-10-24 13:27:24,        0,  30.4,   4.2,  26.3,  8.831,  5.509,  0.051,3991039.0,  1,  21.9,   1.0, 0.100
2025-10-24 13:27:25,        0,  29.7,   2.2,  26.3,  7.411,  4.352,  0.034,3995426.1,  1,  21.9,   1.0, 0.100
2025-10-24 13:27:27,        0,  30.5,   4.5,  26.3,  6.829,  3.887,  0.030,4000253.6,  1,  21.9,   1.0, 0.100
2025-10-24 13:27:28,        0,  31.0,   6.0,  26.3,  9.653,  6.135,  0.059,4006122.7,  1,  21.9,   0.9, 0.100
2025-10-24 13:27:29,        0,  30.6,   4.7,  26.3,  8.560,  5.268,  0.046,4011863.8,  1,  21.9,   1.0, 0.100
2025-10-24 13:27:29,        0,  30.1,   3.3,  26.3,  6.826,  3.869,  0.028,4016571.5,  1,  21.9,   1.0, 0.100
2025-10-24 13:27:31,        0,  30.4,   4.3,  26.3,  7.905,  4.714,  0.038,4022082.6,  1,  21.9,   1.0, 0.100
2025-10-24 13:27:32,        0,  29.9,   2.8,  26.3,  6.666,  3.731,  0.027,4026412.3,  1,  21.9,   1.0, 0.100
2025-10-24 13:27:33,        0,  29.7,   2.2,  26.3,  9.233,  5.780,  0.055,4030839.6,  1,  21.9,   1.0, 0.100
2025-10-24 13:27:33,        0,  29.6,   1.8,  26.3,  8.569,  5.272,  0.049,4034637.9,  1,  21.9,   1.0, 0.100
2025-10-24 13:27:35,        0,  30.3,   3.8,  26.3,  8.522,  5.196,  0.045,4039212.3,  1,  21.9,   1.0, 0.100
2025-10-24 13:27:36,        0,  30.5,   4.5,  26.3,  8.411,  5.122,  0.043,4044088.5,  1,  21.9,   1.0, 0.100
2025-10-24 13:27:37,        0,  30.5,   4.5,  26.3,  8.305,  5.048,  0.042,4049641.1,  1,  21.9,   1.0, 0.100
2025-10-24 13:27:37,        0,  29.9,   2.7,  26.3,  7.926,  4.731,  0.038,4054467.4,  1,  21.9,   1.0, 0.100
2025-10-24 13:27:39,        0,  30.2,   3.7,  26.3,  4.552,  2.058,  0.011,4057732.6,  1,  21.9,   1.0, 0.100
2025-10-24 13:27:40,        0,  29.9,   2.7,  26.3,  3.788,  1.458,  0.007,4059903.0,  1,  21.9,   1.0, 0.100
2025-10-24 13:27:41,        0,  30.4,   4.2,  26.2,  1.731,  0.041,  0.000,4061405.5,  1,  21.9,   1.0, 0.100
2025-10-24 13:27:41,        0,  29.7,   2.2,  26.3,  7.583,  4.481,  0.034,4065959.4,  1,  21.9,   1.0, 0.100
2025-10-24 13:27:42,        0,  30.2,   3.7,  26.3,  2.599,  0.589,  0.003,4067979.4,  1,  21.9,   1.0, 0.100
2025-10-24 13:27:44,        0,  29.8,   2.3,  26.3,  5.091,  2.504,  0.016,4072317.1,  1,  21.9,   1.0, 0.100
2025-10-24 13:27:45,        0,  29.5,   1.5,  26.3,  4.606,  2.143,  0.014,4075104.9,  1,  21.9,   1.0, 0.100
2025-10-24 13:27:46,        0,  30.3,   3.8,  26.3,  2.657,  0.591,  0.002,4077081.8,  1,  21.9,   1.0, 0.100
2025-10-24 13:27:46,        0,  29.9,   2.8,  26.3,  5.999,  3.235,  0.022,4081060.2,  1,  21.9,   1.0, 0.100
2025-10-24 13:27:48,        0,  29.9,   2.7,  26.3,  8.291,  5.089,  0.042,4086703.8,  1,  21.9,   0.9, 0.100
2025-10-24 13:27:49,        0,  30.0,   3.0,  26.3,  7.848,  4.724,  0.037,4091093.4,  1,  21.9,   0.9, 0.100
2025-10-24 13:27:50,        0,  29.2,   0.7,  26.3,  5.017,  2.449,  0.014,4093337.2,  1,  21.9,   0.9, 0.100
2025-10-24 13:27:50,        0,  29.7,   2.0,  26.3,  3.414,  1.339,  0.009,4094413.4,  1,  21.9,   0.9, 0.100
2025-10-24 13:27:52,        0,  29.8,   2.3,  26.3,  7.244,  4.379,  0.032,4097570.1,  1,  21.9,   0.9, 0.100
2025-10-24 13:27:53,        0,  29.6,   1.8,  26.3,  1.796,  0.061,  0.000,4097799.7,  1,  21.9,   0.8, 0.100
2025-10-24 13:27:54,        0,  29.7,   2.2,  26.3,  1.552,  0.006,  0.000,4097808.9,  1,  21.9,   0.8, 0.100
2025-10-24 13:27:54,        0,  29.9,   2.7,  26.3,  1.441, -0.005,  0.000,4097804.8,  1,  21.9,   0.8, 0.100
2025-10-24 13:27:56,        0,  30.1,   3.2,  26.3,  3.623,  1.834,  0.012,4099574.2,  1,  21.9,   0.8, 0.100
2025-10-24 13:27:57,        0,  29.9,   2.7,  26.3,  6.980,  4.401,  0.031,4103788.2,  1,  21.9,   0.8, 0.100
2025-10-24 13:27:58,        0,  29.6,   1.7,  26.3,  7.468,  4.675,  0.035,4108184.1,  1,  21.9,   0.8, 0.100
2025-10-24 13:27:59,        0,  30.3,   3.8,  26.3,  2.146,  0.235,  0.001,4109529.4,  1,  21.9,   0.8, 0.100
2025-10-24 13:27:59,        0,  29.7,   2.2,  26.3,  7.333,  4.556,  0.034,4113678.4,  1,  21.9,   0.8, 0.100
2025-10-24 13:28:01,        0,  29.3,   1.0,  26.3,  3.125,  1.128,  0.008,4115516.6,  1,  21.9,   0.8, 0.100
2025-10-24 13:28:02,        0,  29.9,   2.8,  26.3,  2.481,  0.470,  0.001,4116072.7,  1,  21.9,   0.8, 0.100
2025-10-24 13:28:03,        0,  29.9,   2.7,  26.3,  2.573,  0.550,  0.002,4117510.6,  1,  21.9,   0.8, 0.100
2025-10-24 13:28:03,        0,  29.3,   1.0,  26.3,  1.642,  0.033,  0.000,4117552.9,  1,  21.9,   0.9, 0.100
2025-10-24 13:28:05,        0,  29.8,   2.5,  26.2,  1.396, -0.004,  0.000,4117553.4,  1,  21.9,   0.9, 0.100
2025-10-24 13:28:06,        0,  29.7,   2.2,  26.3,  1.325, -0.009,  0.000,4117968.7,  1,  21.9,   0.8, 0.100
2025-10-24 13:28:06,        0,  29.8,   2.3,  26.3,  2.258,  0.407,  0.001,4118456.5,  1,  21.9,   0.9, 0.100
2025-10-24 13:28:07,        0,  29.9,   2.7,  26.3,  1.417,  0.001,  0.000,4118466.6,  1,  21.9,   0.9, 0.100
2025-10-24 13:28:09,        0,  29.9,   2.8,  26.2,  5.880,  3.672,  0.023,4122031.8,  1,  21.9,   0.9, 0.100
2025-10-24 13:28:10,        0,  29.9,   2.7,  26.3,  6.074,  3.745,  0.024,4125400.9,  1,  21.9,   0.9, 0.100
2025-10-24 13:28:10,        0,  29.9,   2.7,  26.3,  1.851,  0.106,  0.000,4125567.3,  1,  21.9,   0.9, 0.100
2025-10-24 13:28:11,        0,  30.1,   3.2,  26.3,  1.488,  0.012,  0.000,4125681.7,  1,  21.9,   0.9, 0.100
2025-10-24 13:28:13,        0,  29.9,   2.7,  26.2,  4.272,  2.165,  0.011,4128814.9,  1,  21.9,   0.9, 0.100
2025-10-24 13:28:14,        0,  29.8,   2.5,  26.2,  1.626,  0.055,  0.000,4128858.0,  1,  21.9,   0.9, 0.100
2025-10-24 13:28:14,        0,  29.9,   2.7,  26.3,  6.333,  4.257,  0.027,4131141.7,  1,  21.9,   0.9, 0.100
2025-10-24 13:28:15,        0,  29.7,   2.0,  26.3,  3.521,  1.501,  0.007,4133089.2,  1,  21.9,   0.9, 0.100
2025-10-24 13:28:17,        0,  29.7,   2.2,  26.3,  4.162,  2.211,  0.012,4134116.0,  1,  21.9,   1.0, 0.100
2025-10-24 13:28:18,        0,  29.6,   1.8,  26.3,  1.587,  0.051,  0.000,4134181.0,  1,  21.9,   0.9, 0.100
2025-10-24 13:28:18,        0,  29.8,   2.3,  26.3,  1.388, -0.001,  0.000,4134178.4,  1,  21.9,   1.0, 0.100
2025-10-24 13:28:19,        0,  29.6,   1.8,  26.2,  1.285, -0.010,  0.000,4134169.2,  1,  21.9,   0.9, 0.100
2025-10-24 13:28:21,        0,  29.7,   2.2,  26.3,  1.222, -0.011,  0.000,4134156.2,  1,  21.9,   1.0, 0.100
2025-10-24 13:28:22,        0,  29.8,   2.3,  26.3,  1.186, -0.012,  0.000,4134144.9,  1,  21.9,   0.9, 0.100
2025-10-24 13:28:22,        0,  29.9,   2.7,  26.2,  3.769,  2.267,  0.014,4136369.9,  1,  21.9,   0.9, 0.100
2025-10-24 13:28:23,        0,  29.8,   2.5,  26.3,  2.255,  0.528,  0.001,4138596.1,  1,  21.9,   1.0, 0.100
2025-10-24 13:28:25,        0,  29.4,   1.3,  26.2,  1.459,  0.016,  0.000,4138632.2,  1,  21.9,   0.9, 0.100
2025-10-24 13:28:26,        0,  29.6,   1.7,  26.2,  1.302, -0.008,  0.000,4138626.3,  1,  21.9,   0.9, 0.100
2025-10-24 13:28:26,        0,  29.7,   2.2,  26.3,  1.249, -0.011,  0.000,4138616.7,  1,  21.9,   0.9, 0.100
2025-10-24 13:28:27,        0,  29.8,   2.5,  26.2,  1.207, -0.011,  0.000,4138605.8,  1,  21.9,   0.9, 0.100
2025-10-24 13:28:29,        0,  29.8,   2.3,  26.2,  2.324,  1.031,  0.006,4139586.0,  1,  21.9,   0.9, 0.100
2025-10-24 13:28:30,        0,  29.8,   2.5,  26.2,  1.719,  0.144,  0.000,4140954.8,  1,  21.9,   0.9, 0.100
2025-10-24 13:28:30,        0,  29.8,   2.5,  26.2,  1.554,  0.052,  0.000,4141204.2,  1,  21.9,   0.9, 0.100
2025-10-24 13:28:31,        0,  29.8,   2.3,  26.3,  1.358, -0.002,  0.000,4141205.8,  1,  21.9,   0.9, 0.100
2025-10-24 13:28:33,        0,  29.9,   2.7,  26.2,  1.256, -0.010,  0.000,4141656.8,  1,  21.9,   0.9, 0.100
2025-10-24 13:28:34,        0,  29.8,   2.3,  26.3,  5.688,  3.854,  0.023,4144774.4,  1,  21.9,   0.9, 0.100
2025-10-24 13:28:34,        0,  29.7,   2.0,  26.2,  3.071,  1.416,  0.007,4145663.7,  1,  21.9,   0.9, 0.100
2025-10-24 13:28:35,        0,  29.9,   2.7,  26.3,  1.440,  0.016,  0.000,4145713.6,  1,  21.9,   1.0, 0.100
2025-10-24 13:28:37,        0,  29.8,   2.5,  26.2,  1.321, -0.006,  0.000,4145707.7,  1,  21.9,   0.9, 0.100
2025-10-24 13:28:38,        0,  29.8,   2.3,  26.3,  1.238, -0.011,  0.000,4145697.7,  1,  21.9,   1.0, 0.100
2025-10-24 13:28:39,        0,  29.8,   2.3,  26.2,  1.197, -0.012,  0.000,4145686.8,  1,  21.9,   1.0, 0.100
2025-10-24 13:28:39,        0,  29.7,   2.2,  26.2,  1.160, -0.012,  0.000,4145675.5,  1,  21.9,   0.9, 0.100
2025-10-24 13:28:41,        0,  29.7,   2.2,  26.2,  1.112, -0.012,  0.000,4145661.6,  1,  21.9,   0.9, 0.100
2025-10-24 13:28:42,        0,  29.8,   2.5,  26.2,  1.085, -0.012,  0.000,4145650.3,  1,  21.9,   0.9, 0.100
2025-10-24 13:28:43,        0,  29.7,   2.2,  26.2,  1.049, -0.013,  0.000,4145638.6,  1,  21.9,   0.9, 0.100
2025-10-24 13:28:43,        0,  29.9,   2.7,  26.2,  1.029, -0.013,  0.000,4145626.4,  1,  21.9,   1.0, 0.100
2025-10-24 13:28:45,        0,  29.8,   2.5,  26.2,  3.218,  1.479,  0.006,4147839.3,  1,  21.9,   1.0, 0.100
2025-10-24 13:28:46,        0,  29.8,   2.5,  26.2,  1.462,  0.026,  0.000,4147872.8,  1,  21.9,   0.9, 0.100
2025-10-24 13:28:47,        0,  29.8,   2.5,  26.2,  1.283, -0.008,  0.000,4147867.8,  1,  21.9,   1.0, 0.100
2025-10-24 13:28:47,        0,  29.8,   2.5,  26.2,  1.230, -0.011,  0.000,4147858.1,  1,  21.9,   0.9, 0.100
2025-10-24 13:28:49,        0,  29.9,   2.7,  26.2,  1.166, -0.011,  0.000,4147845.1,  1,  21.9,   0.9, 0.100
2025-10-24 13:28:50,        0,  29.8,   2.5,  26.2,  4.798,  3.073,  0.017,4149210.1,  1,  21.9,   0.9, 0.100
2025-10-24 13:28:51,        0,  29.7,   2.2,  26.2,  1.522,  0.046,  0.000,4149273.0,  1,  21.9,   1.0, 0.100
2025-10-24 13:28:51,        0,  29.8,   2.5,  26.2,  1.769,  0.440,  0.003,4149571.8,  1,  21.9,   0.9, 0.100
2025-10-24 13:28:52,        0,  29.9,   2.7,  26.2,  6.114,  4.366,  0.027,4152750.2,  1,  21.9,   0.9, 0.100
2025-10-24 13:28:54,        0,  29.8,   2.3,  26.2,  1.836,  0.223,  0.000,4154990.7,  1,  21.9,   0.9, 0.100
2025-10-24 13:28:55,        0,  29.6,   1.7,  26.3,  1.401,  0.008,  0.000,4155005.0,  1,  21.9,   1.0, 0.100
2025-10-24 13:28:55,        0,  29.4,   1.2,  26.2,  1.300, -0.007,  0.000,4154998.7,  1,  21.9,   0.9, 0.100
2025-10-24 13:28:56,        0,  29.7,   2.2,  26.2,  1.222, -0.011,  0.000,4154988.6,  1,  21.9,   0.9, 0.100
2025-10-24 13:28:58,        0,  29.6,   1.8,  26.3,  1.181, -0.011,  0.000,4154976.0,  1,  21.9,   1.0, 0.100
2025-10-24 13:28:59,        0,  29.7,   2.0,  26.2,  1.128, -0.011,  0.000,4154964.7,  1,  21.9,   1.0, 0.100
2025-10-24 13:29:00,        0,  29.7,   2.2,  26.2,  1.098, -0.012,  0.000,4154953.8,  1,  21.9,   1.0, 0.100
2025-10-24 13:29:00,        0,  29.6,   1.8,  26.2,  1.070, -0.012,  0.000,4154942.5,  1,  21.9,   1.0, 0.100
2025-10-24 13:29:02,        0,  29.7,   2.2,  26.2,  1.034, -0.012,  0.000,4154928.3,  1,  21.9,   1.0, 0.100
2025-10-24 13:29:03,        0,  29.7,   2.0,  26.2,  1.014, -0.012,  0.000,4154916.9,  1,  21.9,   1.0, 0.100
2025-10-24 13:29:04,        0,  29.6,   1.8,  26.2,  0.986, -0.012,  0.000,4154905.2,  1,  21.9,   1.0, 0.100
2025-10-24 13:29:04,        0,  29.7,   2.0,  26.2,  0.969, -0.012,  0.000,4154893.5,  1,  21.9,   1.0, 0.100
2025-10-24 13:29:05,        0,  29.7,   2.0,  26.2,  0.954, -0.012,  0.000,4154882.2,  1,  21.9,   1.0, 0.100
2025-10-24 13:29:07,        0,  29.8,   2.3,  26.2,  0.931, -0.012,  0.000,4154868.7,  1,  21.9,   1.0, 0.100
2025-10-24 13:29:08,        0,  29.7,   2.0,  26.2,  0.911, -0.012,  0.000,4154857.0,  1,  21.9,   1.0, 0.100
2025-10-24 13:29:09,        0,  29.7,   2.2,  26.2,  0.898, -0.011,  0.000,4154845.7,  1,  21.9,   0.9, 0.100
2025-10-24 13:29:09,        0,  29.7,   2.2,  26.2,  0.885, -0.012,  0.000,4154834.8,  1,  21.9,   0.9, 0.100
2025-10-24 13:29:11,        0,  29.7,   2.0,  26.2,  0.868, -0.011,  0.000,4154821.8,  1,  21.9,   0.9, 0.100
2025-10-24 13:29:12,        0,  29.7,   2.0,  26.2,  0.856, -0.011,  0.000,4154811.3,  1,  21.9,   0.9, 0.100
2025-10-24 13:29:12,        0,  29.7,   2.0,  26.2,  0.839, -0.011,  0.000,4154800.4,  1,  21.9,   0.9, 0.100
2025-10-24 13:29:13,        0,  29.8,   2.3,  26.2,  0.829, -0.011,  0.000,4154790.4,  1,  21.9,   0.9, 0.100
2025-10-24 13:29:15,        0,  29.7,   2.2,  26.2,  0.813, -0.011,  0.000,4154777.4,  1,  21.9,   0.9, 0.100
2025-10-24 13:29:16,        0,  29.8,   2.3,  26.2,  0.803, -0.011,  0.000,4154767.3,  1,  21.9,   0.9, 0.100
2025-10-24 13:29:17,        0,  29.8,   2.5,  26.3,  0.795, -0.010,  0.000,4154757.7,  1,  21.9,   0.9, 0.100
2025-10-24 13:29:17,        0,  29.8,   2.3,  26.2,  0.781, -0.011,  0.000,4154747.6,  1,  21.9,   0.9, 0.100
2025-10-24 13:29:19,        0,  29.8,   2.5,  26.2,  0.771, -0.010,  0.000,4154735.5,  1,  21.9,   0.9, 0.100
2025-10-24 13:29:20,        0,  29.8,   2.3,  26.2,  0.758, -0.010,  0.000,4154725.8,  1,  21.9,   0.9, 0.100
2025-10-24 13:29:21,        0,  29.8,   2.5,  26.2,  0.749, -0.010,  0.000,4154716.6,  1,  21.9,   0.9, 0.100
2025-10-24 13:29:21,        0,  29.9,   2.7,  26.2,  0.740, -0.010,  0.000,4154707.0,  1,  21.9,   0.9, 0.100
2025-10-24 13:29:22,        0,  29.8,   2.3,  26.2,  0.728, -0.010,  0.000,4154697.3,  1,  21.9,   0.9, 0.100
2025-10-24 13:29:24,        0,  29.7,   2.0,  26.2,  0.720, -0.010,  0.000,4154686.0,  1,  21.9,   0.9, 0.100
2025-10-24 13:29:25,        0,  29.8,   2.5,  26.2,  0.708, -0.009,  0.000,4154676.8,  1,  21.9,   0.9, 0.100
2025-10-24 13:29:26,        0,  29.9,   2.7,  26.2,  0.701, -0.010,  0.000,4154667.6,  1,  21.9,   1.0, 0.100
2025-10-24 13:29:26,        0,  29.8,   2.5,  26.2,  0.694, -0.009,  0.000,4154658.8,  1,  21.9,   1.0, 0.100
2025-10-24 13:29:28,        0,  29.8,   2.3,  26.2,  0.682, -0.009,  0.000,4154648.3,  1,  21.9,   1.0, 0.100
2025-10-24 13:29:29,        0,  29.9,   2.7,  26.2,  0.672, -0.009,  0.000,4154639.9,  1,  21.9,   1.0, 0.100
2025-10-24 13:29:30,        0,  29.9,   2.7,  26.2,  4.319,  2.600,  0.013,4156153.7,  1,  21.9,   1.0, 0.100
2025-10-24 13:29:30,        0,  29.8,   2.5,  26.2,  3.600,  1.875,  0.009,4157316.3,  1,  21.9,   0.9, 0.100
2025-10-24 13:29:32,        0,  29.8,   2.3,  26.2,  1.378,  0.005,  0.000,4157338.9,  1,  21.9,   1.0, 0.100
2025-10-24 13:29:33,        0,  29.8,   2.5,  26.2,  1.280, -0.006,  0.000,4157333.0,  1,  21.9,   1.0, 0.100
2025-10-24 13:29:34,        0,  29.8,   2.5,  26.2,  1.195, -0.010,  0.000,4157323.4,  1,  21.9,   0.9, 0.100
2025-10-24 13:29:34,        0,  29.8,   2.3,  26.2,  1.154, -0.011,  0.000,4157312.9,  1,  21.9,   1.0, 0.100
2025-10-24 13:29:35,        0,  29.8,   2.3,  26.2,  1.116, -0.011,  0.000,4157302.4,  1,  21.9,   0.9, 0.100
2025-10-24 13:29:37,        0,  29.8,   2.3,  26.2,  1.066, -0.011,  0.000,4157289.4,  1,  21.9,   0.9, 0.100
2025-10-24 13:29:38,        0,  29.8,   2.3,  26.2,  1.035, -0.011,  0.000,4157279.0,  1,  21.9,   0.9, 0.100
2025-10-24 13:29:39,        0,  29.8,   2.3,  26.2,  0.997, -0.011,  0.000,4157268.1,  1,  21.9,   0.9, 0.100
2025-10-24 13:29:39,        0,  29.8,   2.5,  26.2,  0.975, -0.011,  0.000,4157257.2,  1,  21.9,   0.9, 0.100
2025-10-24 13:29:41,        0,  29.8,   2.3,  26.2,  0.943, -0.011,  0.000,4157243.8,  1,  21.9,   1.0, 0.100
2025-10-24 13:29:42,        0,  29.8,   2.3,  26.2,  0.925, -0.011,  0.000,4157233.3,  1,  21.9,   0.9, 0.100
2025-10-24 13:29:43,        0,  29.7,   2.2,  26.1,  0.907, -0.011,  0.000,4157222.8,  1,  21.9,   1.0, 0.100
2025-10-24 13:29:43,        0,  29.8,   2.5,  26.2,  0.882, -0.011,  0.000,4157212.3,  1,  21.9,   1.0, 0.100
2025-10-24 13:29:45,        0,  29.7,   2.2,  26.2,  0.858, -0.011,  0.000,4157199.8,  1,  21.9,   1.0, 0.100
2025-10-24 13:29:46,        0,  29.8,   2.5,  26.2,  0.843, -0.010,  0.000,4157189.7,  1,  21.9,   0.9, 0.100
2025-10-24 13:29:47,        0,  29.8,   2.3,  26.2,  0.828, -0.011,  0.000,4157179.6,  1,  21.9,   1.0, 0.100
2025-10-24 13:29:47,        0,  29.8,   2.5,  26.2,  0.814, -0.011,  0.000,4157170.0,  1,  21.9,   1.0, 0.100
2025-10-24 13:29:48,        0,  29.8,   2.5,  26.2,  0.795, -0.010,  0.000,4157160.4,  1,  21.9,   0.9, 0.100
2025-10-24 13:29:50,        0,  29.8,   2.5,  26.1,  0.777, -0.010,  0.000,4157149.0,  1,  21.9,   0.9, 0.100
2025-10-24 13:29:51,        0,  29.8,   2.5,  26.2,  0.764, -0.010,  0.000,4157139.4,  1,  21.9,   0.9, 0.100
2025-10-24 13:29:52,        0,  29.9,   2.7,  26.2,  0.752, -0.009,  0.000,4157130.6,  1,  21.9,   0.9, 0.100
2025-10-24 13:29:52,        0,  29.8,   2.5,  26.2,  2.947,  1.264,  0.005,4158148.2,  1,  21.9,   0.9, 0.100
2025-10-24 13:29:54,        0,  29.8,   2.3,  26.2,  1.424,  0.023,  0.000,4158203.1,  1,  21.9,   0.9, 0.100
2025-10-24 13:29:55,        0,  29.8,   2.3,  26.2,  1.239, -0.007,  0.000,4158198.0,  1,  21.9,   1.0, 0.100
2025-10-24 13:29:56,        0,  29.8,   2.3,  26.2,  1.180, -0.009,  0.000,4158189.2,  1,  21.9,   0.9, 0.100
2025-10-24 13:29:56,        0,  29.7,   2.2,  26.2,  1.133, -0.010,  0.000,4158179.6,  1,  21.9,   0.9, 0.100
2025-10-24 13:29:58,        0,  29.8,   2.3,  26.2,  1.072, -0.010,  0.000,4158167.9,  1,  21.9,   0.9, 0.100
2025-10-24 13:29:59,        0,  29.8,   2.3,  26.1,  1.037, -0.011,  0.000,4158157.8,  1,  21.9,   1.0, 0.100
2025-10-24 13:30:00,        0,  29.8,   2.3,  26.2,  0.993, -0.011,  0.000,4158147.3,  1,  21.9,   0.9, 0.100
2025-10-24 13:30:00,        0,  29.8,   2.5,  26.2,  0.967, -0.011,  0.000,4158137.3,  1,  21.9,   1.0, 0.100
2025-10-24 13:30:01,        0,  29.8,   2.5,  26.2,  0.944, -0.011,  0.000,4158126.8,  1,  21.9,   0.9, 0.100
2025-10-24 13:30:03,        0,  29.8,   2.5,  26.2,  0.911, -0.011,  0.000,4158114.6,  1,  21.9,   1.0, 0.100
2025-10-24 13:30:04,        0,  29.8,   2.5,  26.2,  0.892, -0.011,  0.000,4158104.6,  1,  21.9,   1.0, 0.100
2025-10-24 13:30:05,        0,  29.8,   2.5,  26.2,  0.865, -0.010,  0.000,4158094.9,  1,  21.9,   0.9, 0.100
2025-10-24 13:30:05,        0,  29.8,   2.5,  26.1,  0.847, -0.010,  0.000,4158084.9,  1,  21.9,   0.9, 0.100
2025-10-24 13:30:07,        0,  29.8,   2.5,  26.1,  0.822, -0.010,  0.000,4158073.6,  1,  21.9,   0.9, 0.100
2025-10-24 13:30:08,        0,  29.8,   2.5,  26.2,  0.806, -0.010,  0.000,4158063.5,  1,  21.9,   1.0, 0.100
2025-10-24 13:30:09,        0,  29.9,   2.7,  26.2,  0.785, -0.009,  0.000,4158054.3,  1,  21.9,   0.9, 0.100
2025-10-24 13:30:09,        0,  29.8,   2.5,  26.1,  2.338,  0.710,  0.002,4159155.7,  1,  21.9,   0.9, 0.100
2025-10-24 13:30:11,        0,  29.7,   2.2,  26.2,  1.297,  0.002,  0.000,4159177.5,  1,  21.9,   1.0, 0.100
2025-10-24 13:30:12,        0,  29.8,   2.3,  26.2,  1.208, -0.007,  0.000,4159171.6,  1,  21.9,   1.0, 0.100
2025-10-24 13:30:13,        0,  29.9,   2.7,  26.1,  1.152, -0.009,  0.000,4159162.8,  1,  21.9,   1.0, 0.100
2025-10-24 13:30:13,        0,  29.8,   2.5,  26.1,  1.965,  0.381,  0.001,4160365.6,  1,  21.9,   1.0, 0.100
2025-10-24 13:30:14,        0,  29.8,   2.3,  26.2,  1.349,  0.012,  0.000,4160390.7,  1,  21.9,   0.9, 0.100
2025-10-24 13:30:16,        0,  29.7,   2.2,  26.1,  1.195, -0.007,  0.000,4160385.3,  1,  21.9,   0.9, 0.100
2025-10-24 13:30:17,        0,  29.7,   2.2,  26.2,  1.141, -0.009,  0.000,4160376.5,  1,  21.9,   0.9, 0.100
2025-10-24 13:30:18,        0,  29.8,   2.3,  26.2,  1.096, -0.009,  0.000,4160367.7,  1,  21.9,   0.9, 0.100
2025-10-24 13:30:18,        0,  29.7,   2.2,  26.1,  1.039, -0.010,  0.000,4160358.1,  1,  21.9,   0.9, 0.100
2025-10-24 13:30:20,        0,  29.8,   2.3,  26.2,  1.006, -0.010,  0.000,4160345.5,  1,  21.9,   0.9, 0.100
2025-10-24 13:30:21,        0,  29.8,   2.3,  26.2,  0.965, -0.011,  0.000,4160335.4,  1,  21.9,   0.9, 0.100
2025-10-24 13:30:22,        0,  29.8,   2.3,  26.2,  0.940, -0.011,  0.000,4160324.9,  1,  21.9,   0.9, 0.100
2025-10-24 13:30:22,        0,  29.7,   2.2,  26.1,  0.917, -0.011,  0.000,4160314.9,  1,  21.9,   0.9, 0.100
2025-10-24 13:30:24,        0,  29.8,   2.3,  26.1,  0.886, -0.010,  0.000,4160303.2,  1,  21.9,   0.9, 0.100
2025-10-24 13:30:25,        0,  29.8,   2.5,  26.2,  0.867, -0.010,  0.000,4160293.5,  1,  21.9,   0.9, 0.100
2025-10-24 13:30:26,        0,  29.8,   2.3,  26.2,  0.840, -0.010,  0.000,4160283.9,  1,  21.9,   0.9, 0.100
2025-10-24 13:30:26,        0,  29.8,   2.3,  26.1,  0.824, -0.010,  0.000,4160275.1,  1,  21.9,   1.0, 0.100
2025-10-24 13:30:27,        0,  29.8,   2.3,  26.1,  0.807, -0.010,  0.000,4160265.4,  1,  21.9,   1.0, 0.100
2025-10-24 13:30:29,        0,  29.8,   2.3,  26.1,  0.783, -0.009,  0.000,4160254.5,  1,  21.9,   1.0, 0.100
2025-10-24 13:30:30,        0,  29.8,   2.3,  26.1,  0.760, -0.009,  0.000,4160245.7,  1,  21.9,   1.0, 0.100
2025-10-24 13:30:31,        0,  29.8,   2.5,  26.2,  0.745, -0.009,  0.000,4160237.4,  1,  21.9,   1.0, 0.100
2025-10-24 13:30:31,        0,  29.8,   2.3,  26.1,  0.730, -0.008,  0.000,4160229.4,  1,  21.9,   1.0, 0.100
2025-10-24 13:30:33,        0,  29.8,   2.3,  26.1,  0.706, -0.008,  0.000,4160219.3,  1,  21.9,   1.0, 0.100
2025-10-24 13:30:34,        0,  29.8,   2.3,  26.2,  0.690, -0.008,  0.000,4160211.4,  1,  21.9,   1.0, 0.100
2025-10-24 13:30:35,        0,  29.8,   2.5,  26.1,  0.666, -0.008,  0.000,4160205.1,  1,  21.9,   1.0, 0.100
2025-10-24 13:30:35,        0,  29.8,   2.5,  26.2,  0.651, -0.008,  0.000,4160197.5,  1,  21.9,   1.0, 0.100
2025-10-24 13:30:36,        0,  29.8,   2.3,  26.1,  0.635, -0.007,  0.000,4160190.4,  1,  21.9,   1.0, 0.100
2025-10-24 13:30:38,        0,  29.8,   2.3,  26.1,  0.610, -0.006,  0.000,4160183.3,  1,  21.9,   1.0, 0.100
2025-10-24 13:30:39,        0,  29.7,   2.0,  26.1,  0.593, -0.006,  0.000,4160177.8,  1,  21.9,   1.0, 0.100
2025-10-24 13:30:40,        0,  29.8,   2.5,  26.1,  0.571, -0.006,  0.000,4160171.6,  1,  21.9,   1.0, 0.100
2025-10-24 13:30:40,        0,  29.8,   2.5,  26.1,  0.561, -0.007,  0.000,4160164.9,  1,  21.9,   1.0, 0.100
2025-10-24 13:30:42,        0,  29.8,   2.3,  26.2,  0.546, -0.006,  0.000,4160157.7,  1,  21.9,   1.0, 0.100
2025-10-24 13:30:43,        0,  29.8,   2.3,  26.1,  0.536, -0.007,  0.000,4160151.4,  1,  21.9,   1.0, 0.100
2025-10-24 13:30:44,        0,  29.9,   2.7,  26.1,  0.528, -0.007,  0.000,4160144.7,  1,  21.9,   1.0, 0.100
2025-10-24 13:30:44,        0,  29.8,   2.5,  26.1,  0.516, -0.006,  0.000,4160138.5,  1,  21.9,   1.0, 0.100
2025-10-24 13:30:45,        0,  29.8,   2.3,  26.1,  0.509, -0.006,  0.000,4160131.7,  1,  21.9,   1.0, 0.100
2025-10-24 13:30:47,        0,  29.8,   2.3,  26.1,  0.497, -0.007,  0.000,4160124.6,  1,  21.9,   1.0, 0.100
2025-10-24 13:30:48,        0,  29.8,   2.3,  26.2,  0.491, -0.006,  0.000,4160118.8,  1,  21.9,   1.0, 0.100
2025-10-24 13:30:49,        0,  29.8,   2.3,  26.1,  0.480, -0.006,  0.000,4160112.9,  1,  21.9,   1.0, 0.100
2025-10-24 13:30:49,        0,  29.8,   2.5,  26.1,  0.473, -0.006,  0.000,4160107.0,  1,  21.9,   1.0, 0.100
2025-10-24 13:30:51,        0,  29.8,   2.3,  26.1,  0.463, -0.006,  0.000,4160100.3,  1,  21.9,   1.0, 0.100
2025-10-24 13:30:52,        0,  29.8,   2.3,  26.1,  0.456, -0.006,  0.000,4160094.9,  1,  21.9,   1.0, 0.100
2025-10-24 13:30:53,        0,  29.8,   2.5,  26.2,  0.450, -0.006,  0.000,4160089.0,  1,  21.9,   1.0, 0.100
2025-10-24 13:30:53,        0,  29.8,   2.3,  26.2,  0.441, -0.006,  0.000,4160084.0,  1,  21.9,   1.0, 0.100
2025-10-24 13:30:54,        0,  29.8,   2.5,  26.1,  0.435, -0.005,  0.000,4160078.5,  1,  21.9,   1.0, 0.100
2025-10-24 13:30:56,        0,  29.8,   2.5,  26.1,  0.427, -0.005,  0.000,4160072.2,  1,  21.9,   1.0, 0.100
2025-10-24 13:30:57,        0,  29.8,   2.3,  26.1,  0.422, -0.005,  0.000,4160067.2,  1,  21.9,   1.0, 0.100
2025-10-24 13:30:58,        0,  29.8,   2.5,  26.1,  0.416, -0.005,  0.000,4160061.8,  1,  21.9,   1.0, 0.100
2025-10-24 13:30:58,        0,  29.8,   2.5,  26.2,  0.410, -0.005,  0.000,4160057.1,  1,  21.9,   1.0, 0.100
2025-10-24 13:31:00,        0,  29.8,   2.5,  26.1,  0.404, -0.005,  0.000,4160050.4,  1,  21.9,   1.0, 0.100
2025-10-24 13:31:01,        0,  29.8,   2.5,  26.1,  0.397, -0.005,  0.000,4160045.8,  1,  21.9,   1.0, 0.100
2025-10-24 13:31:02,        0,  29.8,   2.5,  26.2,  0.393, -0.005,  0.000,4160040.4,  1,  21.9,   1.0, 0.100
2025-10-24 13:31:02,        0,  29.7,   2.2,  26.2,  0.389, -0.005,  0.000,4160036.2,  1,  21.9,   1.0, 0.100
2025-10-24 13:31:04,        0,  29.8,   2.5,  26.2,  0.383, -0.005,  0.000,4160030.3,  1,  21.9,   1.0, 0.100
2025-10-24 13:31:05,        0,  29.8,   2.5,  26.1,  0.377, -0.005,  0.000,4160025.7,  1,  21.9,   1.0, 0.100
2025-10-24 13:31:06,        0,  29.8,   2.5,  26.1,  0.373, -0.005,  0.000,4160020.7,  1,  21.9,   1.0, 0.100
2025-10-24 13:31:06,        0,  29.8,   2.5,  26.1,  0.369, -0.005,  0.000,4160016.1,  1,  21.9,   1.0, 0.100
2025-10-24 13:31:08,        0,  29.8,   2.3,  26.1,  0.364, -0.005,  0.000,4160010.2,  1,  21.9,   1.0, 0.100
2025-10-24 13:31:09,        0,  29.8,   2.5,  26.1,  0.361, -0.005,  0.000,4160005.6,  1,  21.9,   1.0, 0.100
2025-10-24 13:31:10,        0,  29.8,   2.5,  26.1,  0.356, -0.004,  0.000,4160001.8,  1,  21.9,   1.0, 0.100
2025-10-24 13:31:10,        0,  29.9,   2.7,  26.2,  0.352, -0.005,  0.000,4159996.8,  1,  21.9,   1.0, 0.100
2025-10-24 13:31:11,        0,  29.8,   2.5,  26.1,  0.349, -0.004,  0.000,4159992.6,  1,  21.9,   1.0, 0.100
2025-10-24 13:31:13,        0,  29.8,   2.5,  26.1,  0.344, -0.005,  0.000,4159987.6,  1,  21.9,   1.0, 0.100
2025-10-24 13:31:14,        0,  29.8,   2.5,  26.1,  0.342, -0.005,  0.000,4159982.5,  1,  21.9,   1.0, 0.100
2025-10-24 13:31:15,        0,  29.8,   2.5,  26.1,  0.337, -0.004,  0.000,4159978.4,  1,  21.9,   1.0, 0.100
2025-10-24 13:31:15,        0,  29.8,   2.5,  26.1,  0.334, -0.005,  0.000,4159974.2,  1,  21.9,   1.0, 0.100
2025-10-24 13:31:17,        0,  29.8,   2.5,  26.1,  0.330, -0.004,  0.000,4159968.7,  1,  21.9,   1.0, 0.100
2025-10-24 13:31:18,        0,  29.9,   2.7,  26.1,  0.327, -0.005,  0.000,4159964.5,  1,  21.9,   1.0, 0.100
2025-10-24 13:31:19,        0,  29.8,   2.3,  26.1,  0.326, -0.005,  0.000,4159960.3,  1,  21.9,   1.0, 0.100
2025-10-24 13:31:19,        0,  29.7,   2.0,  26.1,  0.321, -0.004,  0.000,4159956.6,  1,  21.9,   1.0, 0.100
2025-10-24 13:31:20,        0,  29.8,   2.5,  26.1,  0.318, -0.004,  0.000,4159952.8,  1,  21.9,   1.0, 0.100
2025-10-24 13:31:22,        0,  29.8,   2.5,  26.1,  0.315, -0.004,  0.000,4159947.3,  1,  21.9,   1.0, 0.100
2025-10-24 13:31:23,        0,  29.8,   2.5,  26.1,  0.312, -0.005,  0.000,4159943.6,  1,  21.9,   1.0, 0.100
2025-10-24 13:31:24,        0,  29.8,   2.5,  26.1,  0.310, -0.004,  0.000,4159939.8,  1,  21.9,   1.0, 0.100
2025-10-24 13:31:24,        0,  29.8,   2.5,  26.1,  0.307, -0.005,  0.000,4159935.6,  1,  21.9,   1.0, 0.100
2025-10-24 13:31:26,        0,  29.8,   2.5,  26.1,  0.303, -0.004,  0.000,4159930.6,  1,  21.9,   1.0, 0.100
2025-10-24 13:31:27,        0,  29.8,   2.5,  26.1,  0.301, -0.004,  0.000,4159926.8,  1,  21.9,   1.0, 0.100
2025-10-24 13:31:28,        0,  29.9,   2.7,  26.1,  0.299, -0.004,  0.000,4159923.0,  1,  21.9,   1.0, 0.100
2025-10-24 13:31:28,        0,  29.8,   2.5,  26.1,  1.533,  0.219,  0.000,4160598.2,  1,  21.9,   1.0, 0.100
2025-10-24 13:31:30,        0,  29.8,   2.5,  26.1,  1.099,  0.011,  0.000,4160618.3,  1,  21.9,   1.0, 0.100
2025-10-24 13:31:31,        0,  29.9,   2.7,  26.1,  0.962, -0.005,  0.000,4160614.5,  1,  21.9,   1.0, 0.100
2025-10-24 13:31:32,        0,  29.8,   2.5,  26.1,  0.913, -0.006,  0.000,4160608.3,  1,  21.9,   1.0, 0.100
2025-10-24 13:31:32,        0,  29.8,   2.3,  26.1,  0.871, -0.006,  0.000,4160602.0,  1,  21.9,   1.0, 0.100
2025-10-24 13:31:33,        0,  29.8,   2.5,  26.1,  0.820, -0.007,  0.000,4160595.3,  1,  21.9,   1.0, 0.100
2025-10-24 13:31:35,        0,  29.9,   2.7,  26.1,  0.791, -0.008,  0.000,4160586.9,  1,  21.9,   1.0, 0.100
2025-10-24 13:31:36,        0,  29.8,   2.5,  26.1,  0.753, -0.007,  0.000,4160579.8,  1,  21.9,   1.0, 0.100
2025-10-24 13:31:36,        0,  29.8,   2.3,  26.1,  0.730, -0.007,  0.000,4160572.6,  1,  21.9,   1.0, 0.100
2025-10-24 13:31:37,        0,  29.8,   2.5,  26.1,  0.712, -0.008,  0.000,4160565.5,  1,  21.9,   1.0, 0.100
2025-10-24 13:31:39,        0,  29.8,   2.5,  26.1,  0.686, -0.008,  0.000,4160556.3,  1,  21.9,   1.0, 0.100
2025-10-24 13:31:40,        0,  29.8,   2.5,  26.1,  0.670, -0.008,  0.000,4160549.2,  1,  21.9,   1.0, 0.100
2025-10-24 13:31:40,        0,  29.8,   2.5,  26.1,  0.647, -0.008,  0.000,4160541.6,  1,  21.9,   1.0, 0.100
2025-10-24 13:31:41,        0,  29.8,   2.5,  26.1,  0.633, -0.007,  0.000,4160534.5,  1,  21.9,   1.0, 0.100
2025-10-24 13:31:43,        0,  29.8,   2.5,  26.1,  0.614, -0.007,  0.000,4160526.1,  1,  21.9,   1.0, 0.100
2025-10-24 13:31:44,        0,  29.8,   2.5,  26.1,  0.602, -0.007,  0.000,4160519.4,  1,  21.9,   0.9, 0.100
2025-10-24 13:31:45,        0,  29.8,   2.5,  26.1,  0.590, -0.007,  0.000,4160512.3,  1,  21.9,   0.9, 0.100
2025-10-24 13:31:45,        0,  29.8,   2.5,  26.1,  0.573, -0.007,  0.000,4160505.6,  1,  21.9,   0.9, 0.100
2025-10-24 13:31:47,        0,  29.8,   2.5,  26.1,  0.557, -0.007,  0.000,4160497.6,  1,  21.9,   0.9, 0.100
2025-10-24 13:31:48,        0,  29.8,   2.5,  26.1,  0.547, -0.007,  0.000,4160490.9,  1,  21.9,   0.9, 0.100
2025-10-24 13:31:48,        0,  29.8,   2.5,  26.1,  0.538, -0.007,  0.000,4160485.5,  1,  21.9,   0.9, 0.100
2025-10-24 13:31:49,        0,  29.9,   2.7,  26.1,  0.528, -0.007,  0.000,4160478.8,  1,  21.9,   0.9, 0.100
2025-10-24 13:31:51,        0,  29.8,   2.3,  26.1,  0.516, -0.007,  0.000,4160470.8,  1,  21.9,   0.8, 0.100
2025-10-24 13:31:52,        0,  29.8,   2.5,  26.1,  0.504, -0.006,  0.000,4160464.9,  1,  21.9,   0.9, 0.100
2025-10-24 13:31:53,        0,  29.9,   2.7,  26.1,  0.495, -0.006,  0.000,4160458.6,  1,  21.9,   0.8, 0.100
2025-10-24 13:31:53,        0,  29.8,   2.5,  26.1,  0.488, -0.006,  0.000,4160453.2,  1,  21.9,   0.9, 0.100
2025-10-24 13:31:55,        0,  29.8,   2.5,  26.1,  0.477, -0.006,  0.000,4160445.6,  1,  21.9,   0.9, 0.100
2025-10-24 13:31:56,        0,  29.8,   2.5,  26.1,  0.470, -0.006,  0.000,4160440.6,  1,  21.9,   0.9, 0.100
2025-10-24 13:31:57,        0,  29.8,   2.5,  26.1,  0.460, -0.006,  0.000,4160434.8,  1,  21.9,   0.8, 0.100
2025-10-24 13:31:57,        0,  29.8,   2.5,  26.1,  0.454, -0.006,  0.000,4160428.9,  1,  21.9,   0.9, 0.100
2025-10-24 13:31:58,        0,  29.8,   2.5,  26.1,  0.448, -0.005,  0.000,4160423.9,  1,  21.9,   0.8, 0.100
2025-10-24 13:32:00,        0,  29.8,   2.5,  26.1,  0.439, -0.006,  0.000,4160416.7,  1,  21.9,   0.9, 0.100
2025-10-24 13:32:01,        0,  29.8,   2.5,  26.0,  0.433, -0.005,  0.000,4160411.7,  1,  21.9,   0.9, 0.100
2025-10-24 13:32:01,        0,  29.8,   2.5,  26.0,  0.425, -0.005,  0.000,4160406.3,  1,  21.9,   0.8, 0.100
2025-10-24 13:32:02,        0,  29.8,   2.5,  26.1,  0.419, -0.005,  0.000,4160401.2,  1,  21.9,   0.9, 0.100
2025-10-24 13:32:04,        0,  29.8,   2.5,  26.1,  0.411, -0.005,  0.000,4160394.9,  1,  21.9,   0.9, 0.100
2025-10-24 13:32:05,        0,  29.8,   2.5,  26.1,  0.406, -0.005,  0.000,4160389.9,  1,  21.9,   0.9, 0.100
2025-10-24 13:32:06,        0,  29.8,   2.5,  26.1,  0.401, -0.005,  0.000,4160385.3,  1,  21.9,   0.9, 0.100
2025-10-24 13:32:06,        0,  29.9,   2.7,  26.1,  0.393, -0.005,  0.000,4160380.3,  1,  21.9,   0.9, 0.100
2025-10-24 13:32:08,        0,  29.8,   2.5,  26.1,  0.387, -0.005,  0.000,4160374.8,  1,  21.9,   0.8, 0.100
2025-10-24 13:32:09,        0,  29.8,   2.3,  26.1,  0.382, -0.004,  0.000,4160369.8,  1,  21.9,   0.9, 0.100
2025-10-24 13:32:10,        0,  29.8,   2.5,  26.1,  0.379, -0.005,  0.000,4160365.2,  1,  21.9,   0.9, 0.100
2025-10-24 13:32:10,        0,  29.9,   2.7,  26.1,  0.374, -0.005,  0.000,4160360.2,  1,  21.9,   0.8, 0.100
2025-10-24 13:32:12,        0,  29.9,   2.7,  26.1,  1.914,  0.543,  0.001,4161217.6,  1,  21.9,   0.8, 0.100
2025-10-24 13:32:13,        0,  29.8,   2.3,  26.1,  1.054,  0.005,  0.000,4161231.5,  1,  21.9,   0.8, 0.100
2025-10-24 13:32:14,        0,  29.8,   2.3,  26.1,  0.969, -0.004,  0.000,4161228.1,  1,  21.9,   0.8, 0.100
2025-10-24 13:32:14,        0,  29.8,   2.5,  26.1,  0.915, -0.006,  0.000,4161223.1,  1,  21.9,   0.8, 0.100
2025-10-24 13:32:16,        0,  29.8,   2.3,  26.1,  0.854, -0.007,  0.000,4161214.7,  1,  21.9,   0.8, 0.100
2025-10-24 13:32:17,        0,  29.8,   2.5,  26.1,  0.820, -0.007,  0.000,4161208.0,  1,  21.9,   0.8, 0.100
2025-10-24 13:32:18,        0,  29.8,   2.5,  26.1,  0.776, -0.008,  0.000,4161200.9,  1,  21.9,   0.8, 0.100
2025-10-24 13:32:18,        0,  29.8,   2.5,  26.1,  0.752, -0.008,  0.000,4161193.3,  1,  21.9,   0.8, 0.100
2025-10-24 13:32:20,        0,  29.8,   2.5,  26.0,  0.719, -0.007,  0.000,4161184.9,  1,  21.9,   0.8, 0.100
2025-10-24 13:32:21,        0,  29.8,   2.3,  26.0,  0.700, -0.008,  0.000,4161177.8,  1,  21.9,   0.8, 0.100
2025-10-24 13:32:22,        0,  29.8,   2.5,  26.0,  0.682, -0.007,  0.000,4161170.7,  1,  21.9,   0.8, 0.100
2025-10-24 13:32:22,        0,  29.8,   2.5,  26.1,  0.658, -0.007,  0.000,4161163.1,  1,  21.9,   0.9, 0.100
2025-10-24 13:32:23,        0,  29.8,   2.3,  26.1,  0.644, -0.007,  0.000,4161156.0,  1,  21.9,   0.9, 0.100
2025-10-24 13:32:25,        0,  29.8,   2.5,  26.0,  0.623, -0.007,  0.000,4161147.6,  1,  21.9,   0.9, 0.100
2025-10-24 13:32:26,        0,  29.8,   2.5,  26.0,  0.610, -0.007,  0.000,4161140.5,  1,  21.9,   0.9, 0.100
2025-10-24 13:32:27,        0,  29.8,   2.5,  26.0,  0.598, -0.007,  0.000,4161134.2,  1,  21.9,   0.9, 0.100
2025-10-24 13:32:27,        0,  29.8,   2.5,  26.0,  0.581, -0.007,  0.000,4161127.5,  1,  21.9,   1.0, 0.100
2025-10-24 13:32:29,        0,  29.7,   2.2,  26.1,  0.569, -0.007,  0.000,4161119.1,  1,  21.9,   1.0, 0.100
2025-10-24 13:32:30,        0,  29.8,   2.5,  26.0,  0.554, -0.007,  0.000,4161112.8,  1,  21.9,   1.0, 0.100
2025-10-24 13:32:31,        0,  29.9,   2.7,  26.1,  0.544, -0.007,  0.000,4161106.1,  1,  21.9,   1.0, 0.100
2025-10-24 13:32:31,        0,  29.8,   2.5,  26.1,  5.212,  3.990,  0.023,4163479.5,  1,  21.9,   1.0, 0.100
2025-10-24 13:32:33,        0,  29.6,   1.7,  26.0,  1.190,  0.032,  0.000,4163571.7,  1,  21.9,   1.0, 0.100
2025-10-24 13:32:34,        0,  29.7,   2.2,  26.0,  0.994, -0.002,  0.000,4163571.7,  1,  21.9,   1.0, 0.100
2025-10-24 13:32:35,        0,  29.7,   2.2,  26.0,  0.938, -0.006,  0.000,4163566.7,  1,  21.9,   1.0, 0.100
2025-10-24 13:32:35,        0,  29.8,   2.3,  26.0,  0.894, -0.007,  0.000,4163559.9,  1,  21.9,   1.0, 0.100
2025-10-24 13:32:37,        0,  29.8,   2.3,  26.1,  0.839, -0.007,  0.000,4163552.0,  1,  21.9,   1.0, 0.100
2025-10-24 13:32:38,        0,  29.7,   2.2,  26.1,  0.808, -0.008,  0.000,4163544.0,  1,  21.9,   1.0, 0.100
2025-10-24 13:32:39,        0,  29.7,   2.0,  26.0,  0.768, -0.008,  0.000,4163536.5,  1,  21.9,   1.0, 0.100
