Time, Cnts,  %T, set_Cell[mA], Cell[°C], Cell[Volt], Cell[mA], Cell[W], Cell[uAs], Cell_ON, Env[°C], TEC[°C], N2Flow[slpm]
2025-10-13 13:51:39,        0,  29.7,   2.2,  25.0,  0.156, -0.003,  0.000,     -0.9,  1,  21.5,   1.0, 0.101
2025-10-13 13:51:40,        0,  29.8,   2.4,  25.0,  0.156, -0.002,  0.000,     -2.9,  1,  21.6,   1.0, 0.100
2025-10-13 13:51:41,        0,  29.7,   2.2,  25.0,  0.156, -0.003,  0.000,     -5.7,  1,  21.5,   1.0, 0.100
2025-10-13 13:51:42,        0,  29.7,   2.2,  25.0,  0.155, -0.002,  0.000,     -7.7,  1,  21.6,   1.0, 0.100
2025-10-13 13:51:43,        0,  29.7,   2.2,  25.0,  0.155, -0.002,  0.000,     -9.7,  1,  21.6,   1.0, 0.099
2025-10-13 13:51:44,        0,  29.8,   2.4,  25.0,  0.155, -0.002,  0.000,    -11.7,  1,  21.6,   1.0, 0.099
2025-10-13 13:51:45,        0,  29.8,   2.4,  25.0,  0.155, -0.002,  0.000,    -14.0,  1,  21.6,   1.0, 0.099
2025-10-13 13:51:46,        0,  29.8,   2.4,  25.0,  0.155, -0.002,  0.000,    -16.3,  1,  21.6,   1.0, 0.099
2025-10-13 13:51:47,        0,  29.8,   2.4,  25.1,  0.155, -0.002,  0.000,    -18.3,  1,  21.6,   1.0, 0.099
2025-10-13 13:51:48,        0,  29.8,   2.4,  25.0,  0.155, -0.002,  0.000,    -20.3,  1,  21.6,   1.0, 0.099
2025-10-13 13:51:49,        0,  29.8,   2.4,  25.0,  0.155, -0.002,  0.000,    -22.9,  1,  21.6,   1.0, 0.099
2025-10-13 13:51:50,        0,  29.8,   2.4,  25.1,  0.155, -0.002,  0.000,    -25.2,  1,  21.6,   1.0, 0.099
2025-10-13 13:51:51,        0,  29.8,   2.4,  25.1,  0.154, -0.002,  0.000,    -26.9,  1,  21.6,   1.0, 0.100
2025-10-13 13:51:52,        0,  29.8,   2.4,  25.1,  0.154, -0.002,  0.000,    -28.9,  1,  21.6,   1.0, 0.099
2025-10-13 13:51:53,        0,  29.9,   2.6,  25.1,  0.154, -0.003,  0.000,    -31.8,  1,  21.6,   1.0, 0.099
2025-10-13 13:51:54,        0,  29.9,   2.8,  25.0,  0.154, -0.002,  0.000,    -33.8,  1,  21.6,   1.0, 0.100
2025-10-13 13:51:55,        0,  30.1,   3.4,  25.1,  5.170,  4.376,  0.023,   3566.3,  1,  21.6,   0.9, 0.100
2025-10-13 13:51:56,        0,  29.9,   2.7,  25.0,  5.325,  4.573,  0.024,   7933.9,  1,  21.6,   0.9, 0.100
2025-10-13 13:51:57,        0,  29.4,   1.3,  25.0,  5.518,  4.811,  0.027,  13342.1,  1,  21.6,   0.9, 0.100
2025-10-13 13:51:58,        0,  31.2,   6.6,  25.1,  4.193,  3.261,  0.019,  17283.2,  1,  21.6,   0.9, 0.100
2025-10-13 13:51:59,        0,  30.8,   5.4,  25.0,  6.554,  6.077,  0.041,  23964.5,  1,  21.6,   0.9, 0.100
2025-10-13 13:52:00,        0,  31.7,   8.1,  25.1,  8.210,  8.105,  0.067,  31609.2,  1,  21.6,   0.9, 0.100
2025-10-13 13:52:01,        0,  32.5,  10.4,  25.0, 10.908, 11.423,  0.125,  44207.1,  1,  21.6,   0.9, 0.100
2025-10-13 13:52:02,        0,  34.3,  16.0,  25.0, 11.134, 11.704,  0.132,  56197.9,  1,  21.6,   0.9, 0.101
2025-10-13 13:52:03,        0,  33.5,  13.5,  25.0, 15.676, 17.317,  0.272,  73308.9,  1,  21.6,   0.9, 0.102
2025-10-13 13:52:04,        0,  35.1,  18.3,  25.0, 15.507, 17.099,  0.265,  89743.7,  1,  21.6,   1.0, 0.089
2025-10-13 13:52:05,        0,  34.7,  17.0,  25.0, 21.106, 24.044,  0.510, 115846.8,  1,  21.6,   0.9, 0.095
2025-10-13 13:52:06,        0,  37.0,  24.1,  25.0, 20.451, 23.225,  0.477, 137131.7,  1,  21.5,   0.9, 0.097
2025-10-13 13:52:07,        0,  37.0,  24.1,  25.0, 22.978, 26.372,  0.606, 163031.7,  1,  21.5,   0.9, 0.098
2025-10-13 13:52:08,        0,  37.7,  26.2,  25.0, 25.013, 28.908,  0.724, 191071.1,  1,  21.5,   0.9, 0.099
2025-10-13 13:52:09,        0,  38.2,  27.7,  25.0, 31.173, 36.636,  1.144, 229699.8,  1,  21.5,   0.9, 0.099
2025-10-13 13:52:10,        0,  41.2,  36.5,  25.0, 31.155, 36.634,  1.144, 261626.8,  1,  21.6,   0.9, 0.100
2025-10-13 13:52:11,        0,  40.2,  33.7,  25.0, 30.787, 36.225,  1.120, 297769.0,  1,  21.6,   0.9, 0.100
2025-10-13 13:52:12,        0,  42.3,  39.8,  25.0, 36.116, 42.988,  1.559, 343935.0,  1,  21.6,   0.9, 0.100
2025-10-13 13:52:13,        0,  42.8,  41.5,  25.0, 33.551, 39.794,  1.336, 383202.6,  1,  21.5,   0.9, 0.100
2025-10-13 13:52:14,        0,  43.5,  43.4,  25.0, 35.916, 42.875,  1.554, 424825.3,  1,  21.5,   0.9, 0.100
2025-10-13 13:52:15,        0,  43.1,  42.3,  25.0, 41.091, 49.569,  2.037, 470893.5,  1,  21.6,   0.8, 0.100
2025-10-13 13:52:16,        0,  43.6,  43.7,  25.0, 38.544, 46.414,  1.790, 525886.4,  1,  21.6,   0.8, 0.100
2025-10-13 13:52:17,        0,  44.2,  45.7,  25.0, 42.736, 51.916,  2.234, 574065.1,  1,  21.5,   0.8, 0.100
2025-10-13 13:52:18,        0,  43.8,  44.5,  25.0, 42.908, 52.232,  2.248, 623132.0,  1,  21.5,   0.8, 0.100
2025-10-13 13:52:19,        0,  45.5,  49.6,  25.1, 33.366, 40.006,  1.347, 665538.1,  1,  21.7,   0.9, 0.107
2025-10-13 13:52:20,        0,  44.4,  46.2,  25.1, 41.037, 49.936,  2.052, 716233.4,  1,  21.6,   0.8, 0.112
2025-10-13 13:52:21,        0,  44.8,  47.3,  25.0, 40.069, 48.674,  1.953, 775219.1,  1,  21.6,   0.8, 0.103
2025-10-13 13:52:22,        0,  43.6,  43.7,  25.0, 44.788, 54.802,  2.455, 826532.1,  1,  21.6,   0.8, 0.101
2025-10-13 13:52:23,        0,  44.4,  46.2,  25.0, 41.995, 51.348,  2.172, 874367.0,  1,  21.6,   0.8, 0.100
2025-10-13 13:52:24,        0,  42.6,  40.7,  25.0, 45.711, 56.162,  2.573, 926568.1,  1,  21.6,   0.8, 0.100
2025-10-13 13:52:25,        0,  46.2,  51.7,  25.0, 44.980, 55.236,  2.492, 985531.5,  1,  21.5,   0.8, 0.100
2025-10-13 13:52:26,        0,  45.5,  49.4,  25.0, 44.214, 54.390,  2.411,1035190.8,  1,  21.6,   0.8, 0.100
2025-10-13 13:52:27,        0,  45.8,  50.5,  25.0, 38.362, 46.792,  1.802,1082853.5,  1,  21.5,   0.8, 0.100
2025-10-13 13:52:28,        0,  45.2,  48.7,  25.0, 43.595, 53.568,  2.336,1134914.4,  1,  21.6,   0.8, 0.100
2025-10-13 13:52:29,        0,  44.1,  45.3,  25.1, 41.233, 50.506,  2.083,1194706.0,  1,  21.5,   0.8, 0.100
2025-10-13 13:52:30,        0,  43.8,  44.4,  25.1, 36.411, 44.272,  1.617,1238816.2,  1,  21.6,   0.8, 0.100
2025-10-13 13:52:31,        0,  44.6,  46.7,  25.1, 40.487, 49.518,  2.006,1287058.9,  1,  21.5,   0.8, 0.100
2025-10-13 13:52:32,        0,  45.8,  50.3,  25.1, 44.196, 54.368,  2.403,1337878.7,  1,  21.6,   0.8, 0.100
2025-10-13 13:52:33,        0,  44.9,  47.8,  25.1, 45.707, 56.447,  2.585,1403888.0,  1,  21.6,   0.8, 0.100
2025-10-13 13:52:34,        0,  44.5,  46.4,  25.1, 46.931, 58.047,  2.736,1456687.3,  1,  21.6,   0.8, 0.100
2025-10-13 13:52:35,        0,  43.8,  44.4,  25.1, 36.234, 44.123,  1.607,1500717.0,  1,  21.5,   0.8, 0.100
2025-10-13 13:52:36,        0,  46.2,  51.7,  25.1, 44.945, 55.421,  2.502,1552467.8,  1,  21.6,   0.8, 0.100
2025-10-13 13:52:37,        0,  42.5,  40.6,  25.1, 42.996, 53.006,  2.279,1613168.9,  1,  21.5,   0.8, 0.100
2025-10-13 13:52:38,        0,  41.1,  36.3,  25.1, 39.617, 48.623,  1.939,1657667.6,  1,  21.5,   0.9, 0.100
2025-10-13 13:52:39,        0,  45.5,  49.5,  25.1, 34.505, 41.893,  1.448,1697781.4,  1,  21.5,   0.9, 0.100
2025-10-13 13:52:40,        0,  44.8,  47.4,  25.2, 45.793, 56.532,  2.594,1750419.1,  1,  21.5,   0.9, 0.100
2025-10-13 13:52:41,        0,  43.8,  44.4,  25.2, 35.721, 43.503,  1.565,1807194.1,  1,  21.6,   0.9, 0.100
2025-10-13 13:52:42,        0,  42.2,  39.7,  25.1, 40.370, 49.448,  1.998,1853957.3,  1,  21.6,   0.9, 0.100
2025-10-13 13:52:43,        0,  46.9,  53.6,  25.2, 43.489, 53.476,  2.329,1900868.3,  1,  21.6,   0.9, 0.100
2025-10-13 13:52:44,        0,  46.0,  51.0,  25.2, 44.080, 54.360,  2.396,1954028.0,  1,  21.6,   0.9, 0.100
2025-10-13 13:52:45,        0,  43.6,  43.7,  25.2, 39.329, 48.197,  1.899,2011757.3,  1,  21.5,   0.9, 0.100
2025-10-13 13:52:46,        0,  47.1,  54.3,  25.2, 44.525, 54.832,  2.443,2062594.0,  1,  21.5,   0.9, 0.100
2025-10-13 13:52:47,        0,  45.2,  48.5,  25.2, 48.296, 59.789,  2.888,2118062.3,  1,  21.6,   0.9, 0.100
2025-10-13 13:52:48,        0,  47.1,  54.3,  25.2, 41.332, 50.837,  2.109,2170324.5,  1,  21.6,   1.0, 0.100
2025-10-13 13:52:49,        0,  42.7,  41.1,  25.2, 44.388, 54.769,  2.436,2232693.0,  1,  21.5,   1.0, 0.100
2025-10-13 13:52:50,        0,  46.4,  52.2,  25.3, 48.504, 60.075,  2.922,2284842.9,  1,  21.6,   1.0, 0.100
2025-10-13 13:52:51,        0,  44.1,  45.3,  25.2, 43.361, 53.462,  2.326,2335715.4,  1,  21.5,   1.0, 0.100
2025-10-13 13:52:52,        0,  45.8,  50.3,  25.2, 45.435, 56.183,  2.557,2390739.0,  1,  21.6,   1.0, 0.100
2025-10-13 13:52:53,        0,  47.2,  54.5,  25.2, 52.883, 65.709,  3.476,2449421.4,  1,  21.6,   1.0, 0.100
2025-10-13 13:52:54,        0,  42.6,  40.9,  25.3, 48.723, 60.318,  2.945,2517268.9,  1,  21.6,   1.0, 0.100
2025-10-13 13:52:55,        0,  49.7,  62.1,  25.2, 50.160, 62.279,  3.150,2573299.6,  1,  21.6,   1.0, 0.100
2025-10-13 13:52:56,        0,  48.7,  59.1,  25.3, 48.963, 60.595,  2.968,2634807.3,  1,  21.6,   1.0, 0.100
2025-10-13 13:52:57,        0,  48.2,  57.7,  25.2, 50.783, 62.876,  3.199,2696598.0,  1,  21.6,   1.0, 0.100
2025-10-13 13:52:58,        0,  48.4,  58.2,  25.3, 48.151, 59.511,  2.877,2768110.9,  1,  21.6,   1.0, 0.100
2025-10-13 13:52:59,        0,  49.1,  60.4,  25.3, 48.052, 59.256,  2.853,2826864.9,  1,  21.6,   1.0, 0.100
2025-10-13 13:53:00,        0,  49.5,  61.4,  25.3, 59.596, 73.317,  4.374,2894380.3,  1,  21.6,   1.0, 0.100
2025-10-13 13:53:01,        0,  50.2,  63.5,  25.3, 53.550, 65.302,  3.501,2957135.2,  1,  21.6,   1.0, 0.100
2025-10-13 13:53:02,        0,  46.8,  53.3,  25.3, 54.861, 66.735,  3.666,3033896.7,  1,  21.6,   1.0, 0.100
2025-10-13 13:53:03,        0,  50.5,  64.6,  25.3, 42.953, 51.831,  2.231,3089073.1,  1,  21.6,   1.0, 0.100
2025-10-13 13:53:04,        0,  46.8,  53.3,  25.3, 58.957, 70.822,  4.180,3156870.5,  1,  21.5,   1.0, 0.100
2025-10-13 13:53:05,        0,  48.1,  57.3,  25.3, 47.844, 57.323,  2.758,3213096.8,  1,  21.6,   1.0, 0.100
2025-10-13 13:53:06,        0,  50.9,  65.6,  25.3, 55.647, 67.083,  3.734,3277104.1,  1,  21.6,   1.0, 0.100
2025-10-13 13:53:07,        0,  50.2,  63.5,  25.3, 53.830, 63.941,  3.442,3353687.7,  1,  21.6,   1.0, 0.100
2025-10-13 13:53:08,        0,  48.0,  57.1,  25.3, 58.803, 69.349,  4.083,3418265.0,  1,  21.5,   1.0, 0.100
2025-10-13 13:53:09,        0,  50.6,  64.9,  25.3, 51.842, 61.385,  3.230,3476019.0,  1,  21.5,   1.0, 0.100
2025-10-13 13:53:10,        0,  40.8,  35.4,  25.3, 48.631, 57.084,  2.802,3533218.2,  1,  21.6,   1.0, 0.100
2025-10-13 13:53:11,        0,  48.3,  58.0,  25.3, 54.958, 65.732,  3.619,3598656.1,  1,  21.6,   1.0, 0.100
2025-10-13 13:53:12,        0,  46.6,  52.9,  25.4, 52.550, 62.519,  3.295,3656375.6,  1,  21.6,   1.0, 0.100
2025-10-13 13:53:13,        0,  46.5,  52.4,  25.4, 48.801, 57.913,  2.836,3713200.3,  1,  21.6,   1.0, 0.100
2025-10-13 13:53:14,        0,  48.2,  57.7,  25.4, 49.432, 58.616,  2.902,3768878.8,  1,  21.5,   1.0, 0.100
2025-10-13 13:53:15,        0,  43.9,  44.8,  25.4, 43.228, 50.879,  2.205,3826948.6,  1,  21.5,   1.0, 0.100
2025-10-13 13:53:16,        0,  47.5,  55.6,  25.4, 52.768, 62.621,  3.312,3882045.3,  1,  21.5,   1.0, 0.100
2025-10-13 13:53:17,        0,  41.4,  37.2,  25.4, 41.054, 48.086,  1.983,3930075.7,  1,  21.5,   1.0, 0.100
2025-10-13 13:53:18,        0,  46.0,  51.1,  25.4, 44.387, 52.049,  2.340,3980558.7,  1,  21.5,   1.0, 0.100
2025-10-13 13:53:19,        0,  47.3,  55.0,  25.4, 38.888, 45.210,  1.764,4028710.2,  1,  21.5,   1.0, 0.100
2025-10-13 13:53:20,        0,  40.5,  34.5,  25.4, 38.537, 44.775,  1.743,4090160.9,  1,  21.5,   1.0, 0.100
2025-10-13 13:53:21,        0,  45.6,  49.7,  25.4, 38.256, 44.309,  1.712,4131791.7,  1,  21.5,   1.0, 0.100
2025-10-13 13:53:22,        0,  39.0,  29.9,  25.4, 43.196, 50.369,  2.177,4179449.1,  1,  21.6,   1.0, 0.100
2025-10-13 13:53:23,        0,  45.4,  49.2,  25.4, 30.140, 34.206,  1.033,4217698.7,  1,  21.5,   1.0, 0.100
2025-10-13 13:53:24,        0,  42.2,  39.5,  25.4, 42.183, 48.925,  2.067,4274794.5,  1,  21.6,   1.0, 0.100
2025-10-13 13:53:25,        0,  43.2,  42.7,  25.5, 41.726, 48.258,  2.014,4320028.3,  1,  21.5,   1.0, 0.100
2025-10-13 13:53:26,        0,  41.2,  36.5,  25.4, 37.633, 43.219,  1.628,4362638.9,  1,  21.5,   1.0, 0.100
2025-10-13 13:53:27,        0,  43.0,  42.0,  25.5, 38.022, 43.667,  1.661,4404099.6,  1,  21.5,   1.0, 0.100
2025-10-13 13:53:28,        0,  40.4,  34.2,  25.5, 32.634, 37.039,  1.209,4450617.5,  1,  21.5,   1.0, 0.100
2025-10-13 13:53:29,        0,  39.7,  32.1,  25.5, 32.474, 36.715,  1.193,4485509.7,  1,  21.6,   1.0, 0.100
2025-10-13 13:53:30,        0,  36.0,  20.9,  25.5, 31.803, 35.833,  1.140,4518865.5,  1,  21.5,   1.0, 0.100
2025-10-13 13:53:31,        0,  41.6,  37.7,  25.5, 34.751, 39.339,  1.391,4552828.5,  1,  21.5,   0.9, 0.100
2025-10-13 13:53:32,        0,  35.9,  20.8,  25.5, 31.541, 35.460,  1.125,4586147.4,  1,  21.6,   0.9, 0.100
2025-10-13 13:53:33,        0,  38.7,  29.1,  25.5, 32.820, 36.903,  1.221,4624539.9,  1,  21.5,   1.0, 0.100
2025-10-13 13:53:34,        0,  39.3,  31.0,  25.5, 28.067, 31.092,  0.874,4654692.5,  1,  21.5,   0.9, 0.100
2025-10-13 13:53:35,        0,  34.4,  16.2,  25.5, 23.857, 25.987,  0.632,4683569.9,  1,  21.5,   0.9, 0.100
2025-10-13 13:53:36,        0,  38.6,  28.7,  25.5, 25.005, 27.275,  0.687,4709384.9,  1,  21.5,   0.9, 0.100
2025-10-13 13:53:37,        0,  35.7,  20.0,  25.5, 27.378, 30.104,  0.838,4743210.9,  1,  21.5,   0.9, 0.100
2025-10-13 13:53:38,        0,  36.5,  22.5,  25.5, 21.514, 23.048,  0.496,4766821.9,  1,  21.5,   0.9, 0.100
2025-10-13 13:53:39,        0,  37.2,  24.6,  25.5, 26.287, 28.685,  0.754,4793429.4,  1,  21.5,   0.9, 0.100
2025-10-13 13:53:40,        0,  36.2,  21.5,  25.5, 23.258, 25.016,  0.582,4818169.4,  1,  21.5,   0.9, 0.100
2025-10-13 13:53:41,        0,  38.6,  28.7,  25.5, 25.350, 27.436,  0.697,4848016.1,  1,  21.5,   0.9, 0.100
2025-10-13 13:53:42,        0,  35.7,  20.2,  25.5, 16.109, 16.509,  0.268,4868149.0,  1,  21.5,   0.9, 0.100
2025-10-13 13:53:43,        0,  35.2,  18.6,  25.5, 25.544, 27.620,  0.711,4892713.4,  1,  21.5,   0.9, 0.100
2165-165-165 45:165:85,        0,  36.2,  21.6,  25.5, 21.027, 22.220,  0.468,4913374.0,  1,  21.5,   0.9, 0.100
2025-10-13 13:53:45,        0,  36.1,  21.3,  25.5, 17.297, 17.810,  0.310,4932630.6,  1,  21.5,   0.9, 0.100
2025-10-13 13:53:46,        0,  33.7,  14.2,  25.5, 19.329, 20.199,  0.391,4958632.1,  1,  21.6,   0.9, 0.100
2025-10-13 13:53:47,        0,  34.8,  17.4,  25.5, 20.525, 21.567,  0.445,4977892.0,  1,  21.6,   0.9, 0.100
2025-10-13 13:53:48,        0,  34.4,  16.2,  25.5, 19.902, 20.808,  0.415,4997767.6,  1,  21.5,   0.9, 0.100
2025-10-13 13:53:49,        0,  34.3,  16.0,  25.5, 19.143, 19.919,  0.385,5016652.9,  1,  21.5,   0.9, 0.100
2025-10-13 13:53:50,        0,  32.5,  10.5,  25.5, 20.324, 21.258,  0.434,5040281.5,  1,  21.6,   0.9, 0.100
2025-10-13 13:53:51,        0,  31.5,   7.5,  25.5, 17.051, 17.396,  0.297,5054796.8,  1,  21.5,   0.9, 0.100
2025-10-13 13:53:52,        0,  33.0,  11.9,  25.5,  7.198,  5.929,  0.044,5062556.8,  1,  21.6,   0.9, 0.100
2025-10-13 13:53:53,        0,  31.1,   6.3,  25.5, 14.709, 14.648,  0.216,5076648.9,  1,  21.5,   0.9, 0.100
2025-10-13 13:53:54,        0,  33.1,  12.3,  25.5, 15.173, 15.168,  0.230,5092794.1,  1,  21.6,   0.9, 0.100
2025-10-13 13:53:55,        0,  33.6,  13.9,  25.5, 13.920, 13.707,  0.191,5106029.9,  1,  21.5,   0.9, 0.100
2025-10-13 13:53:56,        0,  32.9,  11.6,  25.5, 12.987, 12.579,  0.165,5118040.4,  1,  21.5,   0.9, 0.100
2025-10-13 13:53:57,        0,  32.9,  11.7,  25.5, 11.534, 10.909,  0.129,5129026.9,  1,  21.5,   0.9, 0.100
2025-10-13 13:53:58,        0,  31.6,   7.9,  25.5,  8.654,  7.560,  0.066,5140824.9,  1,  21.6,   0.9, 0.100
2025-10-13 13:53:59,        0,  31.6,   7.9,  25.5, 14.368, 14.170,  0.204,5152792.2,  1,  21.6,   0.9, 0.100
2025-10-13 13:54:00,        0,  31.1,   6.3,  25.5,  9.780,  8.851,  0.087,5160827.0,  1,  21.6,   0.9, 0.100
2025-10-13 13:54:01,        0,  32.8,  11.4,  25.5, 10.418,  9.590,  0.103,5169924.8,  1,  21.6,   0.9, 0.100
2025-10-13 13:54:02,        0,  33.0,  11.9,  25.5, 13.199, 12.804,  0.169,5184120.4,  1,  21.5,   0.9, 0.100
2025-10-13 13:54:03,        0,  30.4,   4.2,  25.5,  7.803,  6.588,  0.054,5192973.3,  1,  21.6,   0.8, 0.100
2025-10-13 13:54:04,        0,  30.0,   3.1,  25.5,  7.820,  6.633,  0.054,5198968.9,  1,  21.5,   0.9, 0.100
2025-10-13 13:54:05,        0,  32.1,   9.3,  25.5,  8.711,  7.687,  0.071,5206824.0,  1,  21.5,   0.9, 0.100
2025-10-13 13:54:06,        0,  31.0,   5.9,  25.5, 11.870, 11.336,  0.136,5218462.3,  1,  21.6,   0.8, 0.100
2025-10-13 13:54:07,        0,  31.7,   8.1,  25.5, 10.111,  9.309,  0.098,5227323.6,  1,  21.5,   0.8, 0.100
2025-10-13 13:54:08,        0,  30.3,   3.8,  25.5,  8.880,  7.900,  0.072,5234934.0,  1,  21.6,   0.8, 0.100
2025-10-13 13:54:09,        0,  31.9,   8.7,  25.5,  9.570,  8.768,  0.085,5242263.9,  1,  21.6,   0.8, 0.100
2025-10-13 13:54:10,        0,  31.4,   7.3,  25.5,  9.694,  8.914,  0.087,5253701.9,  1,  21.5,   0.8, 0.100
2025-10-13 13:54:11,        0,  31.1,   6.3,  25.5,  7.256,  6.109,  0.047,5260177.7,  1,  21.6,   0.8, 0.100
2025-10-13 13:54:12,        0,  31.0,   5.9,  25.5,  7.578,  6.511,  0.050,5266796.5,  1,  21.6,   0.8, 0.100
2025-10-13 13:54:13,        0,  31.6,   7.7,  25.5,  7.862,  6.845,  0.054,5273665.9,  1,  21.5,   0.8, 0.100
2025-10-13 13:54:14,        0,  31.1,   6.3,  25.5,  8.297,  7.373,  0.066,5279681.6,  1,  21.5,   0.8, 0.100
2025-10-13 13:54:15,        0,  30.6,   4.7,  25.5,  4.949,  3.537,  0.023,5285707.8,  1,  21.6,   0.9, 0.100
2025-10-13 13:54:16,        0,  30.3,   4.0,  25.5,  8.747,  7.931,  0.070,5293248.5,  1,  21.5,   0.9, 0.100
2025-10-13 13:54:17,        0,  31.1,   6.4,  25.5,  9.296,  8.595,  0.080,5300429.7,  1,  21.5,   0.9, 0.100
2025-10-13 13:54:18,        0,  30.6,   4.9,  25.5,  7.434,  6.380,  0.048,5307249.3,  1,  21.5,   0.9, 0.100
2025-10-13 13:54:19,        0,  29.9,   2.6,  25.5,  6.213,  4.991,  0.034,5312680.3,  1,  21.6,   0.9, 0.100
2025-10-13 13:54:20,        0,  31.0,   6.1,  25.5,  8.448,  7.606,  0.066,5319257.6,  1,  21.6,   1.0, 0.100
2025-10-13 13:54:21,        0,  29.6,   1.9,  25.5,  8.617,  7.813,  0.067,5325994.1,  1,  21.5,   0.9, 0.100
2025-10-13 13:54:22,        0,  30.4,   4.2,  25.5,  6.977,  5.854,  0.041,5329999.8,  1,  21.6,   1.0, 0.100
2025-10-13 13:54:23,        0,  31.0,   6.1,  25.5,  5.290,  4.060,  0.029,5334336.2,  1,  21.5,   1.0, 0.100
2025-10-13 13:54:24,        0,  31.1,   6.3,  25.5,  8.388,  7.561,  0.063,5341708.5,  1,  21.6,   0.9, 0.100
2025-10-13 13:54:25,        0,  30.6,   4.9,  25.5,  8.260,  7.415,  0.061,5348730.0,  1,  21.5,   1.0, 0.100
2025-10-13 13:54:26,        0,  30.0,   3.1,  25.5,  5.199,  3.824,  0.023,5352483.5,  1,  21.5,   0.9, 0.100
2025-10-13 13:54:27,        0,  30.4,   4.3,  25.5,  7.163,  6.110,  0.044,5357790.0,  1,  21.6,   1.0, 0.100
2025-10-13 13:54:28,        0,  29.1,   0.3,  25.5,  6.423,  5.245,  0.034,5363939.8,  1,  21.6,   1.0, 0.100
2025-10-13 13:54:29,        0,  30.6,   4.7,  25.5,  5.837,  4.545,  0.027,5367125.8,  1,  21.6,   1.0, 0.100
2025-10-13 13:54:30,        0,  30.7,   5.2,  25.5,  6.125,  4.906,  0.030,5372081.2,  1,  21.6,   1.0, 0.100
2025-10-13 13:54:31,        0,  29.9,   2.7,  25.5,  5.330,  4.015,  0.026,5374703.0,  1,  21.6,   1.0, 0.100
2025-10-13 13:54:32,        0,  29.0,   0.1,  25.5,  5.274,  3.919,  0.021,5377955.6,  1,  21.6,   1.0, 0.100
2025-10-13 13:54:33,        0,  29.8,   2.4,  25.5,  4.880,  3.553,  0.020,5379829.8,  1,  21.6,   1.0, 0.100
2025-10-13 13:54:34,        0,  30.0,   3.1,  25.5,  4.927,  3.688,  0.024,5382324.7,  1,  21.5,   1.0, 0.100
2025-10-13 13:54:35,        0,  30.0,   3.1,  25.5,  6.345,  5.190,  0.033,5387323.3,  1,  21.6,   1.0, 0.100
2025-10-13 13:54:36,        0,  29.9,   2.6,  25.5,  6.664,  5.563,  0.037,5393061.1,  1,  21.6,   1.0, 0.100
2025-10-13 13:54:37,        0,  30.4,   4.2,  25.5,  5.426,  4.102,  0.023,5396680.4,  1,  21.6,   1.0, 0.100
2025-10-13 13:54:38,        0,  29.5,   1.5,  25.5,  4.449,  2.991,  0.016,5400034.0,  1,  21.6,   1.0, 0.100
2025-10-13 13:54:39,        0,  30.2,   3.6,  25.5,  4.599,  3.181,  0.017,5401609.8,  1,  21.6,   1.0, 0.100
2025-10-13 13:54:40,        0,  29.9,   2.8,  25.5,  3.935,  2.429,  0.012,5405041.3,  1,  21.6,   1.0, 0.100
2025-10-13 13:54:41,        0,  30.1,   3.3,  25.5,  3.116,  1.514,  0.006,5407813.2,  1,  21.6,   1.0, 0.100
2025-10-13 13:54:42,        0,  29.6,   1.7,  25.5,  4.861,  3.463,  0.018,5410059.2,  1,  21.6,   1.0, 0.100
2025-10-13 13:54:43,        0,  28.9,   0.0,  25.5,  1.427,  0.008,  0.000,5410084.7,  1,  21.6,   1.0, 0.100
2025-10-13 13:54:44,        0,  29.9,   2.7,  25.5,  1.337, -0.008,  0.000,5410258.7,  1,  21.6,   1.0, 0.100
2025-10-13 13:54:45,        0,  30.2,   3.6,  25.5,  5.772,  4.522,  0.026,5415457.5,  1,  21.6,   1.0, 0.100
2025-10-13 13:54:46,        0,  29.4,   1.3,  25.5,  5.469,  4.152,  0.023,5419349.7,  1,  21.6,   1.0, 0.100
2025-10-13 13:54:47,        0,  30.1,   3.3,  25.5,  5.642,  4.403,  0.026,5421588.5,  1,  21.6,   1.0, 0.100
2025-10-13 13:54:48,        0,  30.0,   3.1,  25.5,  2.747,  1.138,  0.005,5424297.5,  1,  21.6,   1.0, 0.100
2025-10-13 13:54:49,        0,  29.7,   2.0,  25.5,  1.760,  0.161,  0.000,5426496.5,  1,  21.6,   1.0, 0.100
2025-10-13 13:54:50,        0,  29.7,   2.2,  25.5,  1.416,  0.005,  0.000,5426507.0,  1,  21.6,   1.0, 0.100
2025-10-13 13:54:51,        0,  29.6,   1.7,  25.5,  1.330, -0.008,  0.000,5426500.3,  1,  21.6,   1.0, 0.100
2025-10-13 13:54:52,        0,  29.8,   2.4,  25.5,  5.131,  3.958,  0.022,5428268.4,  1,  21.6,   1.0, 0.100
2025-10-13 13:54:53,        0,  30.0,   2.9,  25.5,  5.622,  4.366,  0.025,5431823.6,  1,  21.6,   1.0, 0.100
2025-10-13 13:54:54,        0,  29.6,   1.7,  25.5,  2.283,  0.617,  0.002,5434781.2,  1,  21.6,   1.0, 0.100
2025-10-13 13:54:55,        0,  29.7,   2.0,  25.5,  1.459,  0.014,  0.000,5434805.9,  1,  21.6,   1.0, 0.100
2025-10-13 13:54:56,        0,  29.9,   2.6,  25.5,  1.348, -0.006,  0.000,5434799.2,  1,  21.6,   1.0, 0.100
2025-10-13 13:54:57,        0,  30.0,   3.1,  25.5,  1.270, -0.012,  0.000,5434789.1,  1,  21.6,   1.0, 0.100
2025-10-13 13:54:58,        0,  29.9,   2.7,  25.5,  5.599,  4.370,  0.024,5439822.0,  1,  21.6,   1.0, 0.100
2025-10-13 13:54:59,        0,  29.9,   2.6,  25.5,  5.663,  4.377,  0.025,5443988.7,  1,  21.6,   0.9, 0.100
2025-10-13 13:55:00,        0,  29.6,   1.7,  25.5,  4.720,  3.285,  0.017,5446797.1,  1,  21.6,   0.9, 0.100
2025-10-13 13:55:01,        0,  29.6,   1.9,  25.5,  1.562,  0.046,  0.000,5446845.2,  1,  21.6,   0.9, 0.100
2025-10-13 13:55:02,        0,  29.6,   1.9,  25.5,  1.344, -0.006,  0.000,5446840.6,  1,  21.6,   0.9, 0.100
2025-10-13 13:55:03,        0,  29.4,   1.3,  25.5,  1.287, -0.011,  0.000,5446828.5,  1,  21.6,   0.9, 0.100
2025-10-13 13:55:04,        0,  29.6,   1.9,  25.5,  1.233, -0.013,  0.000,5446816.7,  1,  21.6,   0.9, 0.100
2025-10-13 13:55:05,        0,  29.9,   2.6,  25.5,  1.203, -0.013,  0.000,5446804.2,  1,  21.6,   0.9, 0.100
2025-10-13 13:55:06,        0,  29.7,   2.0,  25.5,  1.175, -0.013,  0.000,5446791.6,  1,  21.6,   0.9, 0.100
2025-10-13 13:55:07,        0,  29.9,   2.6,  25.5,  1.136, -0.013,  0.000,5447088.3,  1,  21.6,   0.9, 0.100
2025-10-13 13:55:08,        0,  29.9,   2.6,  25.5,  1.620,  0.093,  0.000,5448105.5,  1,  21.6,   0.9, 0.100
2025-10-13 13:55:09,        0,  29.9,   2.8,  25.5,  3.386,  2.004,  0.010,5449081.5,  1,  21.6,   0.9, 0.100
2025-10-13 13:55:10,        0,  29.8,   2.4,  25.5,  5.301,  4.059,  0.022,5452793.0,  1,  21.6,   0.9, 0.100
2025-10-13 13:55:11,        0,  29.6,   1.7,  25.5,  2.802,  1.208,  0.004,5454813.5,  1,  21.6,   0.9, 0.100
2025-10-13 13:55:12,        0,  29.8,   2.4,  25.5,  1.471,  0.017,  0.000,5454831.9,  1,  21.6,   0.9, 0.100
2025-10-13 13:55:13,        0,  29.5,   1.5,  25.5,  1.313, -0.009,  0.000,5454825.2,  1,  21.5,   0.9, 0.100
2025-10-13 13:55:14,        0,  29.6,   1.7,  25.5,  1.265, -0.012,  0.000,5454814.8,  1,  21.6,   0.9, 0.100
2025-10-13 13:55:15,        0,  29.9,   2.7,  25.5,  1.970,  0.766,  0.004,5456407.7,  1,  21.6,   0.9, 0.100
2025-10-13 13:55:16,        0,  29.4,   1.2,  25.5,  1.990,  0.375,  0.001,5458490.6,  1,  21.6,   0.9, 0.100
2025-10-13 13:55:17,        0,  29.6,   1.7,  25.5,  1.428,  0.008,  0.000,5458498.2,  1,  21.6,   0.9, 0.100
2025-10-13 13:55:18,        0,  29.7,   2.2,  25.5,  1.297, -0.009,  0.000,5458489.8,  1,  21.5,   0.9, 0.100
2025-10-13 13:55:19,        0,  29.7,   2.2,  25.5,  1.249, -0.011,  0.000,5458479.3,  1,  21.6,   0.9, 0.100
2025-10-13 13:55:20,        0,  29.7,   2.1,  25.5,  1.195, -0.013,  0.000,5458464.7,  1,  21.6,   0.9, 0.100
2025-10-13 13:55:21,        0,  29.8,   2.4,  25.5,  1.164, -0.012,  0.000,5458453.3,  1,  21.6,   1.0, 0.100
2025-10-13 13:55:22,        0,  29.9,   2.6,  25.5,  1.134, -0.012,  0.000,5458441.6,  1,  21.6,   1.0, 0.100
2025-10-13 13:55:23,        0,  29.7,   2.2,  25.5,  1.094, -0.013,  0.000,5458429.9,  1,  21.6,   0.9, 0.100
2025-10-13 13:55:24,        0,  29.9,   2.7,  25.5,  1.251,  0.190,  0.001,5459473.4,  1,  21.6,   1.0, 0.100
2025-10-13 13:55:25,        0,  29.9,   2.6,  25.5,  1.973,  0.373,  0.001,5461788.9,  1,  21.5,   1.0, 0.100
2025-10-13 13:55:26,        0,  29.6,   1.9,  25.5,  1.419,  0.007,  0.000,5461798.6,  1,  21.6,   1.0, 0.100
2025-10-13 13:55:27,        0,  29.9,   2.6,  25.5,  1.288, -0.009,  0.000,5461791.4,  1,  21.6,   1.0, 0.100
2025-10-13 13:55:28,        0,  29.9,   2.6,  25.5,  1.241, -0.012,  0.000,5461780.1,  1,  21.6,   1.0, 0.100
2025-10-13 13:55:29,        0,  29.8,   2.4,  25.5,  1.185, -0.012,  0.000,5461766.3,  1,  21.6,   1.0, 0.100
2025-10-13 13:55:30,        0,  29.7,   2.2,  25.5,  1.153, -0.012,  0.000,5461754.1,  1,  21.6,   1.0, 0.100
2025-10-13 13:55:31,        0,  29.7,   2.2,  25.5,  1.122, -0.012,  0.000,5461742.4,  1,  21.5,   1.0, 0.100
2025-10-13 13:55:32,        0,  29.9,   2.7,  25.5,  1.081, -0.012,  0.000,5461731.1,  1,  21.6,   1.0, 0.100
2025-10-13 13:55:33,        0,  30.0,   2.9,  25.5,  5.503,  4.376,  0.024,5466235.1,  1,  21.6,   1.0, 0.100
2025-10-13 13:55:34,        0,  29.7,   2.0,  25.5,  2.686,  1.112,  0.004,5468661.7,  1,  21.6,   1.0, 0.100
2025-10-13 13:55:35,        0,  29.0,   0.0,  25.5,  1.458,  0.017,  0.000,5468689.7,  1,  21.6,   1.0, 0.100
2025-10-13 13:55:36,        0,  29.6,   1.9,  25.5,  1.337, -0.005,  0.000,5468684.7,  1,  21.6,   1.0, 0.100
2025-10-13 13:55:37,        0,  29.5,   1.5,  25.5,  1.254, -0.011,  0.000,5468673.8,  1,  21.6,   1.0, 0.100
2025-10-13 13:55:38,        0,  29.6,   1.9,  25.5,  1.214, -0.012,  0.000,5468660.4,  1,  21.6,   1.0, 0.100
2025-10-13 13:55:39,        0,  29.7,   2.1,  25.5,  1.165, -0.012,  0.000,5468649.1,  1,  21.5,   1.0, 0.100
2025-10-13 13:55:40,        0,  29.7,   2.0,  25.4,  1.133, -0.012,  0.000,5468637.4,  1,  21.6,   1.0, 0.100
2025-10-13 13:55:41,        0,  29.6,   1.9,  25.5,  1.105, -0.012,  0.000,5468626.0,  1,  21.6,   1.0, 0.100
2025-10-13 13:55:42,        0,  29.7,   2.0,  25.5,  1.066, -0.012,  0.000,5468611.8,  1,  21.6,   1.0, 0.100
2025-10-13 13:55:43,        0,  29.6,   1.7,  25.5,  1.043, -0.012,  0.000,5468599.2,  1,  21.5,   1.0, 0.100
2025-10-13 13:55:44,        0,  29.6,   1.9,  25.5,  1.012, -0.012,  0.000,5468587.9,  1,  21.6,   1.0, 0.100
2025-10-13 13:55:45,        0,  29.7,   2.2,  25.5,  0.995, -0.012,  0.000,5468575.7,  1,  21.6,   1.0, 0.100
2025-10-13 13:55:46,        0,  29.7,   2.2,  25.5,  0.970, -0.012,  0.000,5468561.5,  1,  21.6,   1.0, 0.100
2025-10-13 13:55:47,        0,  29.7,   2.2,  25.5,  0.956, -0.012,  0.000,5468550.2,  1,  21.5,   0.9, 0.100
2025-10-13 13:55:48,        0,  29.7,   2.2,  25.5,  0.941, -0.012,  0.000,5468538.9,  1,  21.5,   0.9, 0.100
2025-10-13 13:55:49,        0,  29.8,   2.4,  25.5,  0.921, -0.011,  0.000,5468527.1,  1,  21.5,   0.9, 0.100
2025-10-13 13:55:50,        0,  29.8,   2.4,  25.5,  0.902, -0.012,  0.000,5468513.3,  1,  21.5,   0.9, 0.100
2025-10-13 13:55:51,        0,  29.7,   2.2,  25.5,  0.891, -0.012,  0.000,5468502.8,  1,  21.5,   0.9, 0.100
2025-10-13 13:55:52,        0,  29.9,   2.6,  25.5,  0.879, -0.012,  0.000,5468491.9,  1,  21.5,   0.9, 0.100
2025-10-13 13:55:53,        0,  29.8,   2.4,  25.5,  0.868, -0.011,  0.000,5468480.6,  1,  21.5,   0.9, 0.100
2025-10-13 13:55:54,        0,  29.8,   2.4,  25.5,  0.851, -0.011,  0.000,5468467.6,  1,  21.5,   0.9, 0.100
2025-10-13 13:55:55,        0,  29.9,   2.6,  25.5,  0.835, -0.011,  0.000,5468456.3,  1,  21.5,   0.9, 0.100
2025-10-13 13:55:56,        0,  29.8,   2.4,  25.5,  0.826, -0.011,  0.000,5468446.2,  1,  21.5,   0.9, 0.100
2025-10-13 13:55:57,        0,  29.9,   2.6,  25.5,  0.816, -0.011,  0.000,5468701.5,  1,  21.5,   0.9, 0.100
2025-10-13 13:55:58,        0,  29.8,   2.4,  25.5,  2.141,  0.549,  0.001,5471037.9,  1,  21.5,   0.9, 0.100
2025-10-13 13:55:59,        0,  29.8,   2.4,  25.5,  1.424,  0.009,  0.000,5471047.6,  1,  21.5,   0.9, 0.100
2025-10-13 13:56:00,        0,  29.7,   2.2,  25.5,  1.284, -0.009,  0.000,5471039.2,  1,  21.5,   1.0, 0.100
2025-10-13 13:56:01,        0,  29.7,   2.2,  25.5,  1.235, -0.012,  0.000,5471028.3,  1,  21.5,   0.9, 0.100
2025-10-13 13:56:02,        0,  29.8,   2.4,  25.5,  1.177, -0.013,  0.000,5471014.0,  1,  21.5,   0.9, 0.100
2025-10-13 13:56:03,        0,  29.7,   2.2,  25.5,  1.143, -0.012,  0.000,5471002.7,  1,  21.5,   0.9, 0.100
2025-10-13 13:56:04,        0,  29.8,   2.4,  25.5,  1.110, -0.012,  0.000,5470991.0,  1,  21.5,   0.9, 0.100
2025-10-13 13:56:05,        0,  29.7,   2.2,  25.4,  1.066, -0.011,  0.000,5470980.5,  1,  21.5,   1.0, 0.100
2025-10-13 13:56:06,        0,  29.8,   2.4,  25.4,  1.040, -0.011,  0.000,5470966.7,  1,  21.5,   1.0, 0.100
2025-10-13 13:56:07,        0,  29.7,   2.2,  25.5,  1.005, -0.011,  0.000,5470955.8,  1,  21.5,   1.0, 0.100
2025-10-13 13:56:08,        0,  29.9,   2.6,  25.5,  0.983, -0.012,  0.000,5470944.5,  1,  21.5,   0.9, 0.100
2025-10-13 13:56:09,        0,  29.8,   2.4,  25.5,  0.964, -0.012,  0.000,5470933.2,  1,  21.5,   1.0, 0.100
2025-10-13 13:56:10,        0,  29.9,   2.7,  25.5,  0.937, -0.012,  0.000,5470921.8,  1,  21.5,   1.0, 0.100
2025-10-13 13:56:11,        0,  29.9,   2.6,  25.5,  4.483,  3.201,  0.016,5474197.1,  1,  21.5,   1.0, 0.100
2025-10-13 13:56:12,        0,  29.5,   1.5,  25.5,  1.511,  0.035,  0.000,5474312.3,  1,  21.5,   1.0, 0.100
2025-10-13 13:56:13,        0,  29.3,   1.0,  25.5,  1.349, -0.004,  0.000,5474309.4,  1,  21.5,   1.0, 0.100
2025-10-13 13:56:14,        0,  29.7,   2.1,  25.5,  1.278, -0.009,  0.000,5474299.8,  1,  21.5,   1.0, 0.100
2025-10-13 13:56:15,        0,  29.7,   2.0,  25.5,  1.210, -0.012,  0.000,5474285.9,  1,  21.5,   0.9, 0.100
2025-10-13 13:56:16,        0,  29.7,   2.2,  25.5,  1.156, -0.012,  0.000,5474274.6,  1,  21.5,   0.9, 0.100
2025-10-13 13:56:17,        0,  29.7,   2.0,  25.5,  1.123, -0.012,  0.000,5474263.3,  1,  21.5,   0.9, 0.100
2025-10-13 13:56:18,        0,  29.6,   1.9,  25.4,  1.092, -0.012,  0.000,5474251.6,  1,  21.5,   0.8, 0.100
2025-10-13 13:56:19,        0,  29.7,   2.2,  25.5,  1.050, -0.012,  0.000,5474237.7,  1,  21.5,   0.8, 0.100
2025-10-13 13:56:20,        0,  29.7,   2.2,  25.4,  1.025, -0.012,  0.000,5474226.4,  1,  21.5,   0.8, 0.100
2025-10-13 13:56:21,        0,  29.7,   2.2,  25.5,  0.992, -0.012,  0.000,5474215.1,  1,  21.5,   0.8, 0.100
2025-10-13 13:56:22,        0,  29.7,   2.2,  25.5,  0.972, -0.012,  0.000,5474203.8,  1,  21.5,   0.8, 0.100
2025-10-13 13:56:23,        0,  29.7,   2.2,  25.5,  0.953, -0.012,  0.000,5474192.5,  1,  21.5,   0.8, 0.100
2025-10-13 13:56:24,        0,  29.7,   2.2,  25.4,  0.927, -0.011,  0.000,5474179.9,  1,  21.5,   0.8, 0.100
2025-10-13 13:56:25,        0,  29.8,   2.4,  25.5,  0.911, -0.011,  0.000,5474168.2,  1,  21.5,   0.9, 0.100
2025-10-13 13:56:26,        0,  29.7,   2.0,  25.5,  0.888, -0.011,  0.000,5474157.7,  1,  21.5,   0.8, 0.100
2025-10-13 13:56:27,        0,  29.7,   2.2,  25.5,  0.873, -0.011,  0.000,5474147.6,  1,  21.5,   0.9, 0.100
2025-10-13 13:56:28,        0,  29.7,   2.2,  25.5,  0.853, -0.011,  0.000,5474135.0,  1,  21.5,   0.9, 0.100
2025-10-13 13:56:29,        0,  29.7,   2.1,  25.4,  0.839, -0.011,  0.000,5474125.0,  1,  21.5,   0.9, 0.100
2025-10-13 13:56:30,        0,  29.7,   2.0,  25.5,  0.826, -0.011,  0.000,5474114.1,  1,  21.5,   0.9, 0.100
2025-10-13 13:56:31,        0,  29.7,   2.2,  25.5,  0.808, -0.011,  0.000,5474104.0,  1,  21.5,   0.9, 0.100
2025-10-13 13:56:32,        0,  29.8,   2.4,  25.4,  0.797, -0.010,  0.000,5474094.0,  1,  21.5,   0.9, 0.100
2025-10-13 13:56:33,        0,  29.8,   2.4,  25.5,  0.779, -0.011,  0.000,5474082.7,  1,  21.5,   0.9, 0.100
2025-10-13 13:56:34,        0,  29.8,   2.4,  25.4,  0.769, -0.010,  0.000,5474073.4,  1,  21.5,   0.9, 0.100
2025-10-13 13:56:35,        0,  29.8,   2.4,  25.4,  0.753, -0.009,  0.000,5474063.4,  1,  21.5,   0.9, 0.100
2025-10-13 13:56:36,        0,  29.7,   2.1,  25.5,  0.742, -0.009,  0.000,5474055.0,  1,  21.5,   0.9, 0.100
2025-10-13 13:56:37,        0,  29.7,   2.2,  25.4,  0.727, -0.009,  0.000,5474043.3,  1,  21.5,   0.9, 0.100
2025-10-13 13:56:38,        0,  29.8,   2.4,  25.5,  0.717, -0.010,  0.000,5474034.5,  1,  21.5,   0.9, 0.100
2025-10-13 13:56:39,        0,  29.8,   2.4,  25.4,  0.707, -0.009,  0.000,5474025.2,  1,  21.5,   0.9, 0.100
2025-10-13 13:56:40,        0,  29.9,   2.6,  25.4,  0.694, -0.009,  0.000,5474017.3,  1,  21.5,   0.9, 0.100
2025-10-13 13:56:41,        0,  29.8,   2.4,  25.4,  0.684, -0.009,  0.000,5474006.8,  1,  21.5,   0.9, 0.100
2025-10-13 13:56:42,        0,  29.8,   2.4,  25.5,  0.670, -0.009,  0.000,5473997.6,  1,  21.5,   0.9, 0.100
2025-10-13 13:56:43,        0,  29.9,   2.6,  25.4,  0.662, -0.009,  0.000,5473989.6,  1,  21.5,   0.9, 0.100
2025-10-13 13:56:44,        0,  29.7,   2.2,  25.4,  0.654, -0.008,  0.000,5473980.8,  1,  21.5,   0.9, 0.100
2025-10-13 13:56:45,        0,  29.8,   2.4,  25.4,  0.641, -0.008,  0.000,5473973.3,  1,  21.5,   0.9, 0.100
2025-10-13 13:56:46,        0,  29.8,   2.4,  25.4,  0.633, -0.008,  0.000,5473963.2,  1,  21.5,   0.9, 0.100
2025-10-13 13:56:47,        0,  29.8,   2.4,  25.4,  0.620, -0.008,  0.000,5473955.3,  1,  21.5,   0.9, 0.100
2025-10-13 13:56:48,        0,  29.9,   2.7,  25.4,  0.612, -0.008,  0.000,5473947.7,  1,  21.5,   0.9, 0.100
2025-10-13 13:56:49,        0,  29.7,   2.2,  25.5,  5.358,  4.389,  0.024,5477368.4,  1,  21.5,   0.9, 0.100
2025-10-13 13:56:50,        0,  29.5,   1.5,  25.4,  1.521,  0.056,  0.000,5477698.6,  1,  21.5,   0.9, 0.099
2025-10-13 13:56:51,        0,  29.7,   2.0,  25.4,  1.278, -0.005,  0.000,5477696.5,  1,  21.5,   0.9, 0.099
2025-10-13 13:56:52,        0,  29.6,   1.9,  25.4,  1.215, -0.010,  0.000,5477687.7,  1,  21.5,   0.9, 0.099
2025-10-13 13:56:53,        0,  29.6,   1.9,  25.4,  1.170, -0.011,  0.000,5477676.8,  1,  21.5,   0.9, 0.098
2025-10-13 13:56:54,        0,  29.7,   2.0,  25.5,  1.132, -0.011,  0.000,5477666.8,  1,  21.5,   0.9, 0.097
2025-10-13 13:56:55,        0,  29.7,   2.0,  25.4,  1.079, -0.011,  0.000,5477654.2,  1,  21.5,   0.9, 0.096
2025-10-13 13:56:56,        0,  29.7,   2.0,  25.5,  1.031, -0.011,  0.000,5477644.1,  1,  21.5,   0.9, 0.093
2025-10-13 13:56:57,        0,  29.7,   2.0,  25.4,  1.002, -0.011,  0.000,5477633.7,  1,  21.5,   0.9, 0.092
2025-10-13 13:56:58,        0,  29.7,   2.0,  25.4,  0.975, -0.010,  0.000,5477623.2,  1,  21.5,   0.9, 0.091
2025-10-13 13:56:59,        0,  29.6,   1.9,  25.5,  0.938, -0.011,  0.000,5477611.0,  1,  21.5,   0.8, 0.089
2025-10-13 13:57:00,        0,  29.7,   2.0,  25.4,  0.916, -0.010,  0.000,5477601.4,  1,  21.5,   0.8, 0.087
2025-10-13 13:57:01,        0,  29.7,   2.0,  25.4,  0.886, -0.011,  0.000,5477590.9,  1,  21.5,   0.9, 0.083
2025-10-13 13:57:02,        0,  29.7,   2.0,  25.4,  0.867, -0.011,  0.000,5477580.8,  1,  21.5,   0.9, 0.068
2025-10-13 13:57:03,        0,  29.7,   2.2,  25.4,  0.841, -0.011,  0.000,5477569.5,  1,  21.5,   0.8, 0.056
2025-10-13 13:57:04,        0,  29.7,   2.2,  25.4,  0.824, -0.011,  0.000,5477559.1,  1,  21.5,   0.8, 0.045
2025-10-13 13:57:05,        0,  29.7,   2.0,  25.4,  0.808, -0.010,  0.000,5477549.8,  1,  21.5,   0.8, 0.033
2025-10-13 13:57:06,        0,  29.7,   2.1,  25.4,  0.785, -0.009,  0.000,5477541.0,  1,  21.5,   0.8, 0.024
2025-10-13 13:57:07,        0,  29.7,   2.0,  25.4,  0.771, -0.010,  0.000,5477531.4,  1,  21.5,   0.8, 0.018
2025-10-13 13:57:08,        0,  29.7,   2.0,  25.5,  0.750, -0.009,  0.000,5477521.3,  1,  21.6,   0.8, 0.013
2025-10-13 13:57:09,        0,  29.7,   2.2,  25.4,  0.736, -0.009,  0.000,5477512.5,  1,  21.5,   0.8, 0.011
2025-10-13 13:57:10,        0,  29.7,   2.2,  25.4,  0.718, -0.009,  0.000,5477503.7,  1,  21.5,   0.8, 0.010
2025-10-13 13:57:11,        0,  29.7,   2.0,  25.4,  0.705, -0.009,  0.000,5477495.4,  1,  21.5,   0.8, 0.009
2025-10-13 13:57:12,        0,  29.7,   2.2,  25.4,  0.689, -0.009,  0.000,5477484.9,  1,  21.6,   0.8, 0.009
2025-10-13 13:57:13,        0,  29.7,   2.1,  25.4,  0.678, -0.009,  0.000,5477476.5,  1,  21.5,   0.9, 0.008
2025-10-13 13:57:14,        0,  29.7,   2.0,  25.5,  0.666, -0.009,  0.000,5477468.5,  1,  21.5,   0.9, 0.008
2025-10-13 13:57:15,        0,  29.7,   2.0,  25.4,  0.651, -0.008,  0.000,5477461.0,  1,  21.5,   0.9, 0.008
2025-10-13 13:57:16,        0,  29.7,   2.1,  25.4,  0.641, -0.008,  0.000,5477452.6,  1,  21.5,   0.9, 0.007
2025-10-13 13:57:17,        0,  29.7,   2.0,  25.4,  0.626, -0.008,  0.000,5477443.8,  1,  21.5,   0.9, 0.006
2025-10-13 13:57:18,        0,  29.7,   2.0,  25.4,  0.617, -0.008,  0.000,5477435.4,  1,  21.5,   1.0, 0.005
2025-10-13 13:57:19,        0,  29.7,   2.2,  25.4,  0.608, -0.007,  0.000,5477428.3,  1,  21.5,   1.0, 0.005
2025-10-13 13:57:20,        0,  29.7,   2.2,  25.5,  0.594, -0.007,  0.000,5477421.2,  1,  21.6,   0.9, 0.004
2025-10-13 13:57:21,        0,  29.7,   2.0,  25.5,  0.585, -0.008,  0.000,5477412.8,  1,  21.6,   1.0, 0.004
2025-10-13 13:57:22,        0,  29.7,   2.0,  25.5,  0.573, -0.007,  0.000,5477405.7,  1,  21.5,   1.0, 0.004
2025-10-13 13:57:23,        0,  29.7,   2.0,  25.5,  0.565, -0.007,  0.000,5477398.5,  1,  21.5,   1.0, 0.004
2025-10-13 13:57:24,        0,  29.7,   2.2,  25.4,  0.553, -0.007,  0.000,5477391.4,  1,  21.6,   1.0, 0.004
2025-10-13 13:57:25,        0,  29.7,   2.1,  25.5,  0.546, -0.007,  0.000,5477385.1,  1,  21.5,   1.0, 0.000
2025-10-13 13:57:26,        0,  29.7,   2.1,  25.4,  0.534, -0.007,  0.000,5477376.7,  1,  21.5,   1.0, 0.000
2025-10-13 13:57:27,        0,  29.7,   2.0,  25.5,  0.526, -0.007,  0.000,5477370.5,  1,  21.6,   1.0, 0.001
2025-10-13 13:57:28,        0,  29.7,   2.0,  25.4,  0.519, -0.007,  0.000,5477364.6,  1,  21.5,   0.9, 0.014
2025-10-13 13:57:29,        0,  29.7,   2.2,  25.4,  0.512, -0.007,  0.000,5477357.9,  1,  21.5,   0.9, 0.006
2025-10-13 13:57:30,        0,  29.7,   2.0,  25.4,  0.501, -0.006,  0.000,5477350.8,  1,  21.6,   0.9, 0.004
2025-10-13 13:57:31,        0,  29.6,   1.9,  25.4,  0.492, -0.007,  0.000,5477344.1,  1,  21.5,   0.9, 0.004
2025-10-13 13:57:32,        0,  29.7,   2.2,  25.4,  0.485, -0.006,  0.000,5477338.2,  1,  21.5,   0.9, 0.004
2025-10-13 13:57:33,        0,  29.7,   2.2,  25.4,  0.478, -0.006,  0.000,5477332.7,  1,  21.6,   0.8, 0.004
2025-10-13 13:57:34,        0,  29.7,   2.0,  25.4,  0.468, -0.006,  0.000,5477325.6,  1,  21.5,   0.8, 0.004
2025-10-13 13:57:35,        0,  29.7,   2.0,  25.5,  0.462, -0.006,  0.000,5477319.8,  1,  21.6,   0.8, 0.004
2025-10-13 13:57:36,        0,  29.7,   2.0,  25.4,  0.453, -0.006,  0.000,5477313.9,  1,  21.6,   0.8, 0.004
2025-10-13 13:57:37,        0,  29.7,   2.1,  25.4,  0.447, -0.006,  0.000,5477308.4,  1,  21.5,   0.8, 0.004
2025-10-13 13:57:38,        0,  29.7,   2.2,  25.4,  0.438, -0.005,  0.000,5477301.7,  1,  21.6,   0.8, 0.005
2025-10-13 13:57:39,        0,  29.7,   2.2,  25.4,  0.432, -0.005,  0.000,5477296.7,  1,  21.6,   0.8, 0.004
2025-10-13 13:57:40,        0,  29.7,   2.2,  25.4,  0.427, -0.005,  0.000,5477291.3,  1,  21.5,   0.8, 0.004
2025-10-13 13:57:41,        0,  29.7,   2.2,  25.4,  0.419, -0.006,  0.000,5477286.6,  1,  21.6,   0.8, 0.004
2025-10-13 13:57:42,        0,  29.7,   2.2,  25.4,  0.413, -0.005,  0.000,5477280.8,  1,  21.5,   0.9, 0.004
2025-10-13 13:57:43,        0,  29.7,   2.0,  25.4,  0.405, -0.005,  0.000,5477275.3,  1,  21.5,   0.9, 0.004
2025-10-13 13:57:44,        0,  29.7,   2.2,  25.4,  0.400, -0.005,  0.000,5477270.7,  1,  21.6,   0.9, 0.004
2025-10-13 13:57:45,        0,  29.7,   2.2,  25.5,  0.394, -0.005,  0.000,5477266.1,  1,  21.6,   0.9, 0.004
2025-10-13 13:57:46,        0,  29.7,   2.2,  25.4,  0.388, -0.005,  0.000,5477261.1,  1,  21.6,   0.9, 0.004
2025-10-13 13:57:47,        0,  29.7,   2.2,  25.4,  0.380, -0.005,  0.000,5477255.2,  1,  21.6,   0.9, 0.004
2025-10-13 13:57:48,        0,  29.7,   2.2,  25.4,  0.375, -0.004,  0.000,5477250.6,  1,  21.6,   0.9, 0.004
2025-10-13 13:57:49,        0,  29.7,   2.0,  25.4,  0.371, -0.005,  0.000,5477246.8,  1,  21.6,   1.0, 0.004
2025-10-13 13:57:50,        0,  29.7,   2.2,  25.4,  0.367, -0.005,  0.000,5477241.8,  1,  21.5,   0.9, 0.000
2025-10-13 13:57:51,        0,  29.7,   2.2,  25.4,  0.360, -0.004,  0.000,5477236.4,  1,  21.5,   0.9, 0.000
2025-10-13 13:57:52,        0,  29.7,   2.2,  25.4,  0.354, -0.005,  0.000,5477232.2,  1,  21.6,   0.9, 0.001
2025-10-13 13:57:53,        0,  29.7,   2.2,  25.4,  0.350, -0.004,  0.000,5477227.1,  1,  21.5,   0.9, 0.014
2025-10-13 13:57:54,        0,  29.7,   2.0,  25.4,  0.347, -0.004,  0.000,5477223.8,  1,  21.5,   0.9, 0.005
2025-10-13 13:57:55,        0,  29.7,   2.1,  25.4,  0.340, -0.004,  0.000,5477219.2,  1,  21.5,   0.9, 0.004
2025-10-13 13:57:56,        0,  29.7,   2.0,  25.4,  0.337, -0.005,  0.000,5477213.3,  1,  21.5,   0.9, 0.004
2025-10-13 13:57:57,        0,  29.7,   2.2,  25.4,  0.332, -0.005,  0.000,5477209.9,  1,  21.6,   0.9, 0.004
2025-10-13 13:57:58,        0,  29.6,   1.9,  25.4,  0.328, -0.004,  0.000,5477205.3,  1,  21.6,   1.0, 0.004
2025-10-13 13:57:59,        0,  29.7,   2.0,  25.4,  0.325, -0.004,  0.000,5477202.0,  1,  21.5,   0.9, 0.004
2025-10-13 13:58:00,        0,  29.7,   2.1,  25.4,  0.320, -0.004,  0.000,5477196.5,  1,  21.6,   1.0, 0.004
2025-10-13 13:58:01,        0,  29.7,   2.2,  25.4,  0.316, -0.005,  0.000,5477192.8,  1,  21.6,   1.0, 0.004
2025-10-13 13:58:02,        0,  29.7,   2.0,  25.4,  0.312, -0.004,  0.000,5477189.0,  1,  21.6,   1.0, 0.004
2025-10-13 13:58:03,        0,  29.7,   2.0,  25.4,  0.309, -0.004,  0.000,5477184.8,  1,  21.6,   1.0, 0.004
2025-10-13 13:58:04,        0,  29.7,   2.2,  25.4,  0.304, -0.004,  0.000,5477181.0,  1,  21.6,   1.0, 0.004
2025-10-13 13:58:05,        0,  29.7,   2.2,  25.4,  0.301, -0.004,  0.000,5477176.8,  1,  21.6,   1.0, 0.004
2025-10-13 13:58:06,        0,  29.7,   2.2,  25.4,  0.299, -0.004,  0.000,5477172.6,  1,  21.6,   1.0, 0.004
2025-10-13 13:58:07,        0,  29.7,   2.2,  25.4,  0.295, -0.004,  0.000,5477168.9,  1,  21.6,   1.0, 0.004
2025-10-13 13:58:08,        0,  29.7,   2.2,  25.4,  0.290, -0.004,  0.000,5477164.3,  1,  21.6,   1.0, 0.004
2025-10-13 13:58:09,        0,  29.7,   2.2,  25.4,  0.288, -0.004,  0.000,5477160.9,  1,  21.6,   1.0, 0.004
2025-10-13 13:58:10,        0,  29.7,   2.2,  25.4,  0.286, -0.004,  0.000,5477157.6,  1,  21.6,   1.0, 0.004
2025-10-13 13:58:11,        0,  29.7,   2.2,  25.4,  0.283, -0.003,  0.000,5477153.8,  1,  21.6,   1.0, 0.004
2025-10-13 13:58:12,        0,  29.7,   2.2,  25.4,  0.280, -0.004,  0.000,5477150.4,  1,  21.6,   1.0, 0.004
2025-10-13 13:58:13,        0,  29.7,   2.2,  25.4,  0.276, -0.003,  0.000,5477146.2,  1,  21.6,   1.0, 0.004
2025-10-13 13:58:14,        0,  29.7,   2.0,  25.4,  0.274, -0.004,  0.000,5477142.5,  1,  21.6,   0.9, 0.004
2025-10-13 13:58:15,        0,  29.7,   2.0,  25.4,  0.272, -0.003,  0.000,5477139.1,  1,  21.6,   0.9, 0.000
2025-10-13 13:58:16,        0,  29.7,   2.2,  25.4,  0.268, -0.004,  0.000,5477135.8,  1,  21.6,   0.8, 0.000
2025-10-13 13:58:17,        0,  29.7,   2.2,  25.4,  0.266, -0.004,  0.000,5477132.0,  1,  21.6,   0.8, 0.002
2025-10-13 13:58:18,        0,  29.7,   2.2,  25.4,  0.264, -0.004,  0.000,5477127.4,  1,  21.6,   0.8, 0.014
2025-10-13 13:58:19,        0,  29.7,   2.2,  25.4,  0.262, -0.004,  0.000,5477124.0,  1,  21.6,   0.8, 0.005
2025-10-13 13:58:20,        0,  29.7,   2.2,  25.4,  0.260, -0.004,  0.000,5477120.7,  1,  21.6,   0.8, 0.004
2025-10-13 13:58:21,        0,  29.7,   2.2,  25.4,  0.258, -0.004,  0.000,5477117.7,  1,  21.6,   0.8, 0.004
2025-10-13 13:58:22,        0,  29.7,   2.2,  25.4,  0.256, -0.003,  0.000,5477113.6,  1,  21.6,   0.8, 0.004
2025-10-13 13:58:23,        0,  29.7,   2.0,  25.4,  0.254, -0.003,  0.000,5477110.2,  1,  21.6,   0.8, 0.004
2025-10-13 13:58:24,        0,  29.7,   2.2,  25.4,  0.253, -0.004,  0.000,5477106.9,  1,  21.6,   0.8, 0.004
2025-10-13 13:58:25,        0,  29.7,   2.2,  25.4,  0.251, -0.003,  0.000,5477103.9,  1,  21.6,   0.8, 0.004
2025-10-13 13:58:26,        0,  29.7,   2.2,  25.4,  0.249, -0.004,  0.000,5477098.9,  1,  21.6,   0.8, 0.004
2025-10-13 13:58:27,        0,  29.7,   2.2,  25.4,  0.248, -0.003,  0.000,5477096.0,  1,  21.6,   0.8, 0.004
2025-10-13 13:58:28,        0,  29.7,   2.2,  25.4,  0.246, -0.003,  0.000,5477092.6,  1,  21.6,   0.8, 0.004
2025-10-13 13:58:29,        0,  29.7,   2.2,  25.4,  0.245, -0.003,  0.000,5477090.1,  1,  21.6,   0.8, 0.004
2025-10-13 13:58:30,        0,  29.7,   2.1,  25.4,  0.242, -0.003,  0.000,5477085.1,  1,  21.6,   0.9, 0.004
2025-10-13 13:58:31,        0,  29.7,   2.2,  25.4,  0.241, -0.003,  0.000,5477081.7,  1,  21.6,   0.9, 0.004
2025-10-13 13:58:32,        0,  29.7,   2.2,  25.4,  0.239, -0.003,  0.000,5477078.4,  1,  21.6,   0.9, 0.005
2025-10-13 13:58:33,        0,  29.7,   2.2,  25.4,  0.238, -0.003,  0.000,5477075.4,  1,  21.6,   0.9, 0.004
2025-10-13 13:58:34,        0,  29.7,   2.2,  25.4,  0.236, -0.003,  0.000,5477072.1,  1,  21.6,   0.9, 0.004
2025-10-13 13:58:35,        0,  29.7,   2.2,  25.4,  0.235, -0.004,  0.000,5477068.7,  1,  21.6,   1.0, 0.004
2025-10-13 13:58:36,        0,  29.7,   2.2,  25.4,  0.233, -0.003,  0.000,5477066.2,  1,  21.6,   0.9, 0.004
2025-10-13 13:58:37,        0,  29.7,   2.2,  25.4,  0.231, -0.003,  0.000,5477062.4,  1,  21.6,   0.9, 0.004
2025-10-13 13:58:38,        0,  29.7,   2.2,  25.4,  0.230, -0.003,  0.000,5477059.5,  1,  21.6,   1.0, 0.005
2025-10-13 13:58:39,        0,  29.7,   2.2,  25.4,  0.228, -0.003,  0.000,5477056.1,  1,  21.6,   1.0, 0.004
2025-10-13 13:58:40,        0,  29.7,   2.2,  25.4,  0.227, -0.003,  0.000,5477053.2,  1,  21.5,   0.9, 0.000
2025-10-13 13:58:41,        0,  29.7,   2.0,  25.4,  0.226, -0.003,  0.000,5477049.9,  1,  21.6,   1.0, 0.000
2025-10-13 13:58:42,        0,  29.7,   2.2,  25.4,  0.224, -0.003,  0.000,5477047.3,  1,  21.6,   1.0, 0.002
2025-10-13 13:58:43,        0,  29.7,   2.2,  25.4,  0.223, -0.003,  0.000,5477043.6,  1,  21.6,   0.9, 0.013
2025-10-13 13:58:44,        0,  29.7,   2.2,  25.3,  0.222, -0.003,  0.000,5477040.6,  1,  21.6,   0.9, 0.005
2025-10-13 13:58:45,        0,  29.7,   2.1,  25.4,  0.221, -0.003,  0.000,5477037.7,  1,  21.6,   0.9, 0.005
2025-10-13 13:58:46,        0,  29.7,   2.0,  25.3,  0.220, -0.003,  0.000,5477035.2,  1,  21.6,   0.9, 0.005
2025-10-13 13:58:47,        0,  29.7,   2.0,  25.4,  0.218, -0.003,  0.000,5477031.8,  1,  21.6,   0.9, 0.005
2025-10-13 13:58:48,        0,  29.7,   2.2,  25.4,  0.217, -0.003,  0.000,5477028.9,  1,  21.6,   0.9, 0.004
2025-10-13 13:58:49,        0,  29.7,   2.2,  25.4,  0.216, -0.003,  0.000,5477026.0,  1,  21.6,   0.9, 0.004
2025-10-13 13:58:50,        0,  29.7,   2.2,  25.4,  0.216, -0.003,  0.000,5477023.0,  1,  21.6,   0.9, 0.005
2025-10-13 13:58:51,        0,  29.7,   2.0,  25.4,  0.214, -0.003,  0.000,5477020.1,  1,  21.6,   0.9, 0.005
2025-10-13 13:58:52,        0,  29.7,   2.2,  25.4,  0.213, -0.003,  0.000,5477016.3,  1,  21.6,   0.9, 0.004
2025-10-13 13:58:53,        0,  29.6,   1.9,  25.4,  0.212, -0.003,  0.000,5477013.4,  1,  21.6,   0.9, 0.004
2025-10-13 13:58:54,        0,  29.7,   2.2,  25.3,  0.211, -0.003,  0.000,5477010.9,  1,  21.6,   0.9, 0.004
2025-10-13 13:58:55,        0,  29.7,   2.2,  25.4,  0.210, -0.003,  0.000,5477008.8,  1,  21.6,   0.9, 0.004
2025-10-13 13:58:56,        0,  29.7,   2.1,  25.4,  0.209, -0.003,  0.000,5477004.6,  1,  21.6,   1.0, 0.004
2025-10-13 13:58:57,        0,  29.7,   2.2,  25.4,  0.208, -0.003,  0.000,5477001.7,  1,  21.6,   1.0, 0.004
2025-10-13 13:58:58,        0,  29.7,   2.2,  25.4,  0.206, -0.003,  0.000,5476999.1,  1,  21.6,   1.0, 0.004
2025-10-13 13:58:59,        0,  29.7,   2.2,  25.4,  0.206, -0.003,  0.000,5476996.6,  1,  21.6,   1.0, 0.004
2025-10-13 13:59:00,        0,  29.7,   2.2,  25.4,  0.205, -0.003,  0.000,5476993.7,  1,  21.6,   1.0, 0.004
2025-10-13 13:59:01,        0,  29.7,   2.2,  25.3,  0.205, -0.003,  0.000,5476990.3,  1,  21.6,   1.0, 0.004
2025-10-13 13:59:02,        0,  29.7,   2.2,  25.4,  0.204, -0.003,  0.000,5476987.8,  1,  21.6,   1.0, 0.004
2025-10-13 13:59:03,        0,  29.7,   2.0,  25.4,  0.203, -0.003,  0.000,5476985.7,  1,  21.6,   1.0, 0.004
2025-10-13 13:59:04,        0,  29.7,   2.2,  25.4,  0.203, -0.003,  0.000,5476982.0,  1,  21.6,   1.0, 0.004
2025-10-13 13:59:05,        0,  29.7,   2.1,  25.4,  0.202, -0.003,  0.000,5476978.6,  1,  21.6,   1.0, 0.000
2025-10-13 13:59:06,        0,  29.7,   2.0,  25.4,  0.201, -0.003,  0.000,5476976.5,  1,  21.6,   1.0, 0.000
2025-10-13 13:59:07,        0,  29.7,   2.2,  25.3,  0.201, -0.003,  0.000,5476973.6,  1,  21.6,   1.0, 0.002
2025-10-13 13:59:08,        0,  29.7,   2.2,  25.4,  0.200, -0.003,  0.000,5476970.6,  1,  21.6,   1.0, 0.014
2025-10-13 13:59:09,        0,  29.7,   2.2,  25.4,  0.199, -0.003,  0.000,5476967.7,  1,  21.6,   1.0, 0.005
2025-10-13 13:59:10,        0,  29.7,   2.2,  25.3,  0.199, -0.003,  0.000,5476964.8,  1,  21.6,   1.0, 0.005
2025-10-13 13:59:11,        0,  29.7,   2.2,  25.3,  0.198, -0.003,  0.000,5476963.1,  1,  21.6,   1.0, 0.004
2025-10-13 13:59:12,        0,  29.7,   2.2,  25.4,  0.198, -0.003,  0.000,5476960.6,  1,  21.6,   1.0, 0.004
2025-10-13 13:59:13,        0,  29.7,   2.2,  25.3,  0.196, -0.002,  0.000,5476957.2,  1,  21.6,   1.0, 0.004
2025-10-13 13:59:14,        0,  29.7,   2.2,  25.3,  0.196, -0.003,  0.000,5476955.1,  1,  21.6,   1.0, 0.004
2025-10-13 13:59:15,        0,  29.7,   2.2,  25.4,  0.195, -0.003,  0.000,5476951.8,  1,  21.6,   1.0, 0.004
2025-10-13 13:59:16,        0,  29.7,   2.2,  25.4,  0.195, -0.003,  0.000,5476949.3,  1,  21.6,   1.0, 0.004
2025-10-13 13:59:17,        0,  29.7,   2.2,  25.3,  0.195, -0.003,  0.000,5476946.8,  1,  21.6,   0.9, 0.004
2025-10-13 13:59:18,        0,  29.7,   2.2,  25.3,  0.194, -0.003,  0.000,5476943.4,  1,  21.6,   0.9, 0.005
2025-10-13 13:59:19,        0,  29.7,   2.2,  25.4,  0.194, -0.002,  0.000,5476941.3,  1,  21.6,   0.9, 0.004
2025-10-13 13:59:20,        0,  29.7,   2.2,  25.4,  0.193, -0.003,  0.000,5476938.8,  1,  21.6,   0.9, 0.005
2025-10-13 13:59:21,        0,  29.7,   2.2,  25.4,  0.194, -0.003,  0.000,5476936.3,  1,  21.6,   0.8, 0.005
2025-10-13 13:59:22,        0,  29.7,   2.2,  25.3,  0.192, -0.002,  0.000,5476934.6,  1,  21.6,   0.9, 0.004
2025-10-13 13:59:23,        0,  29.7,   2.2,  25.4,  0.192, -0.003,  0.000,5476930.4,  1,  21.6,   0.8, 0.005
2025-10-13 13:59:24,        0,  29.7,   2.2,  25.4,  0.191, -0.003,  0.000,5476928.7,  1,  21.6,   0.9, 0.005
2025-10-13 13:59:25,        0,  29.7,   2.2,  25.4,  0.191, -0.003,  0.000,5476925.0,  1,  21.6,   0.9, 0.004
2025-10-13 13:59:26,        0,  29.7,   2.2,  25.4,  0.191, -0.003,  0.000,5476922.9,  1,  21.6,   0.9, 0.004
2025-10-13 13:59:27,        0,  29.7,   2.2,  25.4,  0.190, -0.002,  0.000,5476920.8,  1,  21.6,   0.9, 0.005
2025-10-13 13:59:28,        0,  29.8,   2.4,  25.3,  0.190, -0.003,  0.000,5476918.3,  1,  21.6,   1.0, 0.005
2025-10-13 13:59:29,        0,  29.8,   2.4,  25.3,  0.189, -0.003,  0.000,5476915.3,  1,  21.6,   0.9, 0.005
2025-10-13 13:59:30,        0,  29.7,   2.2,  25.3,  0.189, -0.002,  0.000,5476912.4,  1,  21.6,   0.9, 0.000
2025-10-13 13:59:31,        0,  29.7,   2.2,  25.4,  0.188, -0.003,  0.000,5476909.5,  1,  21.5,   1.0, 0.000
2025-10-13 13:59:32,        0,  29.7,   2.2,  25.3,  0.188, -0.003,  0.000,5476907.4,  1,  21.6,   1.0, 0.003
2025-10-13 13:59:33,        0,  29.7,   2.0,  25.4,  0.188, -0.003,  0.000,5476904.4,  1,  21.6,   1.0, 0.014
2025-10-13 13:59:34,        0,  29.7,   2.2,  25.3,  0.187, -0.003,  0.000,5476901.5,  1,  21.6,   1.0, 0.005
2025-10-13 13:59:35,        0,  29.7,   2.2,  25.3,  0.187, -0.003,  0.000,78643185424.8,  1,  21.6,   1.0, 0.005
2025-10-13 13:59:36,        0,  29.7,   2.2,  25.3,  0.187, -0.003,  0.000,5476896.5,  1,  21.6,   1.0, 0.005
2025-10-13 13:59:37,        0,  29.7,   2.2,  25.3,  0.187, -0.003,  0.000,5476894.4,  1,  21.6,   1.0, 0.005
2025-10-13 13:59:38,        0,  29.7,   2.2,  25.3,  0.186, -0.003,  0.000,5476890.6,  1,  21.6,   1.0, 0.005
