Time, Cnts,  %T, set_Cell[mA], Cell[°C], Cell[Volt], Cell[mA], Cell[W], Cell[uAs], Cell_ON, Env[°C], TEC[°C], N2Flow[slpm]
2025-10-06 13:04:41,        0,  29.6,   1.7,  25.4,  0.306, -0.004,  0.000,     -2.0,  1,  21.4,   1.0, 0.100
2025-10-06 13:04:42,        0,  29.6,   1.9,  25.5,  0.299, -0.004,  0.000,     -5.7,  1,  21.4,   1.1, 0.100
2025-10-06 13:04:43,        0,  29.5,   1.5,  25.4,  0.295, -0.003,  0.000,     -9.2,  1,  21.4,   1.0, 0.100
2025-10-06 13:04:44,        0,  29.6,   1.9,  25.5,  0.291, -0.003,  0.000,    -12.6,  1,  21.4,   1.1, 0.100
2025-10-06 13:04:45,        0,  29.6,   1.9,  25.5,  0.285, -0.003,  0.000,    -16.6,  1,  21.4,   1.1, 0.100
2025-10-06 13:04:46,        0,  29.6,   1.9,  25.5,  0.281, -0.003,  0.000,    -19.7,  1,  21.4,   1.1, 0.099
2025-10-06 13:04:47,        0,  29.6,   1.9,  25.5,  0.276, -0.004,  0.000,    -23.2,  1,  21.4,   1.1, 0.099
2025-10-06 13:04:48,        0,  29.7,   2.0,  25.4,  0.272, -0.003,  0.000,    -26.3,  1,  21.4,   1.1, 0.100
2025-10-06 13:04:49,        0,  29.6,   1.9,  25.5,  0.266, -0.003,  0.000,    -30.3,  1,  21.4,   1.1, 0.100
2025-10-06 13:04:50,        0,  29.6,   1.7,  25.5,  0.264, -0.003,  0.000,    -33.5,  1,  21.4,   1.1, 0.100
2025-10-06 13:04:51,        0,  29.6,   1.7,  25.5,  0.260, -0.003,  0.000,    -36.9,  1,  21.4,   1.1, 0.100
2025-10-06 13:04:52,        0,  29.7,   2.1,  25.4,  0.255, -0.003,  0.000,    -39.8,  1,  21.4,   1.1, 0.100
2025-10-06 13:04:53,        0,  29.6,   1.9,  25.5,  0.250, -0.003,  0.000,    -43.5,  1,  21.4,   1.1, 0.100
2025-10-06 13:04:54,        0,  29.6,   1.9,  25.5,  0.247, -0.003,  0.000,    -46.6,  1,  21.4,   1.1, 0.100
2025-10-06 13:04:55,        0,  29.6,   1.9,  25.5,  0.245, -0.003,  0.000,    -49.5,  1,  21.4,   1.1, 0.100
2025-10-06 13:04:56,        0,  29.8,   2.4,  25.5,  0.241, -0.003,  0.000,    -52.4,  1,  21.4,   1.1, 0.100
2025-10-06 13:04:57,        0,  30.0,   3.1,  25.5,  0.671,  0.476,  0.002,   1545.2,  1,  21.4,   1.1, 0.100
2025-10-06 13:04:58,        0,  30.1,   3.3,  25.5,  5.525,  4.927,  0.027,   5976.7,  1,  21.4,   1.1, 0.100
2025-10-06 13:04:59,        0,  30.3,   3.8,  25.5,  5.786,  5.270,  0.031,  10761.5,  1,  21.4,   1.1, 0.100
2025-10-06 13:05:00,        0,  30.5,   4.6,  25.5,  6.311,  5.914,  0.037,  16341.9,  1,  21.4,   1.1, 0.100
2025-10-06 13:05:01,        0,  30.8,   5.5,  25.5,  6.987,  6.761,  0.048,  22903.6,  1,  21.4,   1.1, 0.100
2025-10-06 13:05:02,        0,  31.4,   7.3,  25.5,  8.641,  8.840,  0.077,  30998.9,  1,  21.4,   1.1, 0.100
2025-10-06 13:05:03,        0,  31.9,   8.6,  25.5,  9.681, 10.135,  0.100,  40795.3,  1,  21.4,   1.1, 0.100
2025-10-06 13:05:04,        0,  33.1,  12.3,  25.4, 10.623, 11.327,  0.122,  51757.1,  1,  21.4,   1.1, 0.101
2025-10-06 13:05:05,        0,  34.0,  15.1,  25.4, 14.432, 16.108,  0.233,  70052.7,  1,  21.4,   1.0, 0.101
2025-10-06 13:05:06,        0,  32.9,  11.8,  25.4, 16.706, 18.993,  0.320,  88022.2,  1,  21.4,   1.1, 0.083
2025-10-06 13:05:07,        0,  35.9,  20.6,  25.4, 14.345, 15.973,  0.230, 104365.5,  1,  21.4,   1.0, 0.094
2025-10-06 13:05:08,        0,  35.1,  18.2,  25.4, 19.979, 23.116,  0.466, 125814.1,  1,  21.4,   1.1, 0.097
2025-10-06 13:05:09,        0,  37.2,  24.6,  25.4, 27.631, 32.821,  0.915, 158384.2,  1,  21.4,   1.1, 0.098
2025-10-06 13:05:10,        0,  37.1,  24.2,  25.4, 28.217, 33.568,  0.957, 188139.2,  1,  21.4,   1.1, 0.099
2025-10-06 13:05:11,        0,  39.3,  31.0,  25.4, 28.723, 34.254,  0.985, 219448.5,  1,  21.4,   1.0, 0.099
2025-10-06 13:05:12,        0,  42.4,  40.1,  25.4, 29.548, 35.298,  1.047, 251519.4,  1,  21.4,   1.0, 0.099
2025-10-06 13:05:13,        0,  40.6,  34.9,  25.4, 29.621, 35.444,  1.071, 297263.8,  1,  21.4,   1.1, 0.100
2025-10-06 13:05:14,        0,  41.4,  37.1,  25.4, 34.466, 41.652,  1.438, 335865.5,  1,  21.4,   1.1, 0.100
2025-10-06 13:05:15,        0,  42.4,  40.1,  25.4, 33.865, 40.939,  1.387, 375293.8,  1,  21.4,   1.1, 0.100
2025-10-06 13:05:16,        0,  38.9,  29.8,  25.4, 29.660, 35.498,  1.054, 410593.4,  1,  21.4,   1.1, 0.100
2025-10-06 13:05:17,        0,  38.9,  29.6,  25.4, 29.426, 35.249,  1.056, 451351.9,  1,  21.4,   1.1, 0.100
2025-10-06 13:05:18,        0,  39.9,  32.8,  25.4, 28.595, 34.208,  0.983, 485252.7,  1,  21.4,   1.1, 0.100
2025-10-06 13:05:19,        0,  37.8,  26.5,  25.4, 28.295, 33.761,  0.961, 519653.1,  1,  21.4,   1.1, 0.100
2025-10-06 13:05:20,        0,  43.0,  42.1,  25.4, 36.468, 44.253,  1.615, 558174.5,  1,  21.4,   1.1, 0.100
2025-10-06 13:05:21,        0,  35.8,  20.3,  25.5, 25.125, 29.725,  0.761, 598116.6,  1,  21.4,   1.1, 0.108
2025-10-06 13:05:22,        0,  42.6,  40.8,  25.5, 36.287, 44.039,  1.598, 634051.3,  1,  21.4,   1.1, 0.112
2025-10-06 13:05:23,        0,  41.0,  36.1,  25.4, 38.748, 47.215,  1.839, 679064.4,  1,  21.4,   1.1, 0.108
2025-10-06 13:05:24,        0,  42.8,  41.3,  25.5, 36.402, 44.271,  1.618, 719890.1,  1,  21.4,   1.1, 0.103
2025-10-06 13:05:25,        0,  38.1,  27.2,  25.5, 35.402, 43.021,  1.528, 770325.9,  1,  21.4,   1.0, 0.101
2025-10-06 13:05:26,        0,  36.3,  21.8,  25.5, 31.136, 37.480,  1.175, 804381.2,  1,  21.4,   1.0, 0.100
2025-10-06 13:05:27,        0,  32.6,  10.7,  25.5, 31.939, 38.508,  1.256, 836132.6,  1,  21.4,   1.0, 0.100
2025-10-06 13:05:28,        0,  34.8,  17.5,  25.5, 16.410, 18.561,  0.306, 855757.8,  1,  21.4,   1.0, 0.100
2025-10-06 13:05:29,        0,  30.8,   5.3,  25.5, 21.094, 24.507,  0.520, 881788.2,  1,  21.4,   1.0, 0.100
2025-10-06 13:05:30,        0,  32.9,  11.8,  25.5, 27.161, 32.287,  0.970, 907351.7,  1,  21.4,   1.0, 0.100
2025-10-06 13:05:31,        0,  41.4,  37.1,  25.5, 31.968, 38.415,  1.230, 935797.2,  1,  21.4,   1.0, 0.100
2025-10-06 13:05:32,        0,  40.8,  35.4,  25.5, 17.798, 20.242,  0.362, 962480.7,  1,  21.4,   1.0, 0.100
2025-10-06 13:05:33,        0,  40.6,  34.7,  25.5, 28.242, 33.564,  0.954,1003306.8,  1,  21.4,   1.0, 0.100
2025-10-06 13:05:34,        0,  39.8,  32.4,  25.5, 25.108, 29.612,  0.770,1034574.5,  1,  21.4,   1.0, 0.100
2025-10-06 13:05:35,        0,  39.6,  31.7,  25.5, 30.369, 36.321,  1.125,1068879.6,  1,  21.4,   1.0, 0.100
2025-10-06 13:05:36,        0,  42.6,  40.8,  25.5, 32.039, 38.416,  1.237,1104818.3,  1,  21.4,   1.0, 0.100
2025-10-06 13:05:37,        0,  42.1,  39.4,  25.5, 34.573, 41.768,  1.448,1153303.9,  1,  21.4,   1.0, 0.100
2025-10-06 13:05:38,        0,  37.3,  24.8,  25.5, 29.565, 35.324,  1.048,1188581.9,  1,  21.4,   1.0, 0.100
2025-10-06 13:05:39,        0,  36.5,  22.5,  25.5, 32.358, 38.861,  1.269,1219153.2,  1,  21.4,   1.0, 0.100
2025-10-06 13:05:40,        0,  39.4,  31.2,  25.5, 20.911, 24.198,  0.512,1243472.4,  1,  21.4,   1.0, 0.100
2025-10-06 13:05:41,        0,  38.5,  28.6,  25.5, 25.688, 30.288,  0.780,1279048.9,  1,  21.4,   1.0, 0.100
2025-10-06 13:05:42,        0,  35.3,  18.9,  25.5, 30.169, 35.994,  1.092,1308507.0,  1,  21.4,   1.0, 0.100
2025-10-06 13:05:43,        0,  40.2,  33.5,  25.5, 18.650, 21.249,  0.404,1329964.3,  1,  21.4,   1.0, 0.100
2025-10-06 13:05:44,        0,  39.2,  30.7,  25.5, 33.366, 40.043,  1.339,1366811.8,  1,  21.4,   1.0, 0.100
2025-10-06 13:05:45,        0,  37.8,  26.3,  25.5, 19.804, 22.718,  0.468,1400008.2,  1,  21.4,   1.0, 0.100
2025-10-06 13:05:46,        0,  34.4,  16.3,  25.5, 25.239, 29.643,  0.775,1430403.9,  1,  21.4,   1.1, 0.100
2025-10-06 13:05:47,        0,  35.7,  20.1,  25.5, 18.992, 21.651,  0.413,1452119.1,  1,  21.4,   1.1, 0.100
2025-10-06 13:05:48,        0,  37.3,  24.8,  25.5, 25.584, 30.033,  0.775,1479823.2,  1,  21.4,   1.1, 0.100
2025-10-06 13:05:49,        0,  38.2,  27.7,  25.5, 25.306, 29.648,  0.752,1514032.5,  1,  21.4,   1.1, 0.100
2025-10-06 13:05:50,        0,  39.4,  31.2,  25.5, 27.530, 32.506,  0.899,1545264.6,  1,  21.4,   1.1, 0.100
2025-10-06 13:05:51,        0,  40.5,  34.5,  25.5, 31.396, 37.464,  1.192,1579162.0,  1,  21.4,   1.2, 0.100
2025-10-06 13:05:52,        0,  41.1,  36.2,  25.5, 33.163, 39.704,  1.320,1613244.6,  1,  21.4,   1.2, 0.100
2025-10-06 13:05:53,        0,  38.8,  29.5,  25.5, 28.545, 33.867,  0.981,1654798.1,  1,  21.4,   1.2, 0.100
2025-10-06 13:05:54,        0,  36.2,  21.7,  25.5, 26.018, 30.601,  0.805,1684327.7,  1,  21.4,   1.2, 0.100
2025-10-06 13:05:55,        0,  40.5,  34.5,  25.5, 25.489, 29.891,  0.767,1712532.6,  1,  21.4,   1.2, 0.100
2025-10-06 13:05:56,        0,  37.0,  24.1,  25.5, 29.632, 35.185,  1.044,1743441.7,  1,  21.4,   1.2, 0.100
2025-10-06 13:05:57,        0,  41.4,  37.3,  25.5, 27.853, 32.905,  0.944,1773215.1,  1,  21.4,   1.1, 0.100
2025-10-06 13:05:58,        0,  40.3,  34.0,  25.5, 29.332, 34.793,  1.031,1813188.0,  1,  21.4,   1.2, 0.100
2025-10-06 13:05:59,        0,  40.4,  34.3,  25.5, 27.522, 32.474,  0.897,1845735.1,  1,  21.4,   1.2, 0.100
2025-10-06 13:06:00,        0,  38.2,  27.7,  25.5, 28.671, 33.975,  0.977,1880244.7,  1,  21.4,   1.2, 0.100
2025-10-06 13:06:01,        0,  37.3,  25.0,  25.5, 28.330, 33.489,  0.950,1910621.3,  1,  21.4,   1.2, 0.100
2025-10-06 13:06:02,        0,  40.4,  34.3,  25.5, 28.295, 33.412,  0.953,1948492.2,  1,  21.4,   1.1, 0.100
2025-10-06 13:06:03,        0,  36.9,  23.6,  25.5, 31.489, 37.538,  1.187,1979773.3,  1,  21.4,   1.2, 0.100
2025-10-06 13:06:04,        0,  40.8,  35.5,  25.5, 27.654, 32.609,  0.906,2008615.0,  1,  21.4,   1.1, 0.100
2025-10-06 13:06:05,        0,  39.7,  32.2,  25.5, 29.253, 34.606,  1.025,2043438.4,  1,  21.4,   1.2, 0.100
2025-10-06 13:06:06,        0,  39.1,  30.3,  25.5, 26.355, 30.935,  0.827,2082368.0,  1,  21.4,   1.1, 0.100
2025-10-06 13:06:07,        0,  40.5,  34.6,  25.5, 28.726, 33.972,  1.013,2115914.6,  1,  21.4,   1.2, 0.100
2025-10-06 13:06:08,        0,  39.5,  31.4,  25.5, 32.283, 38.478,  1.244,2151226.1,  1,  21.4,   1.1, 0.100
2025-10-06 13:06:09,        0,  37.4,  25.3,  25.5, 22.208, 25.638,  0.582,2178037.3,  1,  21.4,   1.1, 0.100
2025-10-06 13:06:10,        0,  35.8,  20.3,  25.5, 21.823, 25.160,  0.562,2203692.9,  1,  21.4,   1.1, 0.100
2025-10-06 13:06:11,        0,  36.5,  22.4,  25.5, 27.786, 32.717,  0.929,2238722.7,  1,  21.4,   1.1, 0.100
2025-10-06 13:06:12,        0,  36.9,  23.7,  25.5, 27.210, 31.938,  0.871,2266532.2,  1,  21.4,   1.1, 0.100
2025-10-06 13:06:13,        0,  39.7,  32.1,  25.5, 17.646, 19.843,  0.373,2288702.5,  1,  21.4,   1.1, 0.100
2025-10-06 13:06:14,        0,  35.9,  20.6,  25.5, 18.627, 21.052,  0.400,2313401.7,  1,  21.4,   1.1, 0.100
2025-10-06 13:06:15,        0,  37.4,  25.3,  25.5, 24.146, 27.987,  0.676,2345952.0,  1,  21.4,   1.0, 0.100
2025-10-06 13:06:16,        0,  37.5,  25.5,  25.5, 22.878, 26.399,  0.607,2371906.3,  1,  21.4,   1.0, 0.100
2025-10-06 13:06:17,        0,  35.9,  20.8,  25.5, 26.946, 31.514,  0.850,2399092.2,  1,  21.4,   1.0, 0.100
2025-10-06 13:06:18,        0,  35.8,  20.3,  25.5, 21.166, 24.219,  0.513,2421416.8,  1,  21.4,   1.0, 0.100
2025-10-06 13:06:19,        0,  31.6,   7.8,  25.5, 22.422, 25.794,  0.583,2448349.1,  1,  21.4,   1.0, 0.100
2025-10-06 13:06:20,        0,  35.9,  20.6,  25.6, 22.920, 26.390,  0.606,2466955.7,  1,  21.4,   1.0, 0.100
2025-10-06 13:06:21,        0,  37.4,  25.1,  25.5, 21.348, 24.391,  0.533,2489692.2,  1,  21.4,   1.0, 0.100
2025-10-06 13:06:22,        0,  35.6,  19.7,  25.5, 23.142, 26.650,  0.617,2512268.2,  1,  21.4,   1.0, 0.100
2025-10-06 13:06:23,        0,  35.5,  19.6,  25.5, 20.877, 23.804,  0.507,2540223.6,  1,  21.4,   1.0, 0.100
2025-10-06 13:06:24,        0,  30.8,   5.3,  25.5, 25.378, 29.423,  0.754,2565257.6,  1,  21.4,   1.0, 0.100
2025-10-06 13:06:25,        0,  36.0,  21.1,  25.5, 21.520, 24.563,  0.529,2583031.6,  1,  21.4,   1.0, 0.100
2025-10-06 13:06:26,        0,  37.0,  23.9,  25.6, 15.625, 17.160,  0.272,2602882.5,  1,  21.4,   1.0, 0.100
2025-10-06 13:06:27,        0,  36.5,  22.4,  25.6, 21.244, 24.181,  0.527,2629320.7,  1,  21.4,   1.0, 0.100
2025-10-06 13:06:28,        0,  35.1,  18.4,  25.5, 17.631, 19.660,  0.352,2650586.2,  1,  21.4,   1.0, 0.100
2025-10-06 13:06:29,        0,  35.1,  18.2,  25.5, 16.806, 18.621,  0.315,2669317.0,  1,  21.4,   1.0, 0.100
2025-10-06 13:06:30,        0,  33.6,  13.8,  25.6, 15.259, 16.680,  0.266,2687101.7,  1,  21.4,   1.0, 0.100
2025-10-06 13:06:31,        0,  34.1,  15.2,  25.5, 14.367, 15.557,  0.260,2705551.8,  1,  21.4,   1.0, 0.100
2025-10-06 13:06:32,        0,  34.1,  15.4,  25.6, 16.729, 18.513,  0.311,2722346.8,  1,  21.4,   1.0, 0.100
2025-10-06 13:06:33,        0,  34.6,  16.8,  25.6, 11.142, 11.518,  0.129,2736550.8,  1,  21.4,   1.0, 0.100
2025-10-06 13:06:34,        0,  33.9,  14.7,  25.5, 15.571, 17.042,  0.273,2752348.2,  1,  21.4,   1.0, 0.100
2025-10-06 13:06:35,        0,  33.4,  13.2,  25.5, 14.351, 15.520,  0.223,2770960.4,  1,  21.4,   1.0, 0.100
2025-10-06 13:06:36,        0,  32.6,  10.7,  25.5, 13.987, 15.050,  0.212,2784991.1,  1,  21.4,   1.0, 0.100
2025-10-06 13:06:37,        0,  34.7,  17.0,  25.5, 12.373, 13.031,  0.163,2797855.4,  1,  21.4,   1.0, 0.100
2025-10-06 13:06:38,        0,  33.4,  13.2,  25.6, 12.128, 12.742,  0.157,2811552.5,  1,  21.4,   1.0, 0.100
2025-10-06 13:06:39,        0,  33.9,  14.7,  25.5,  7.557,  7.104,  0.057,2822901.8,  1,  21.4,   1.0, 0.100
2025-10-06 13:06:40,        0,  31.8,   8.3,  25.6, 12.627, 13.365,  0.177,2835209.3,  1,  21.4,   1.0, 0.100
2025-10-06 13:06:41,        0,  31.5,   7.4,  25.6, 10.075, 10.180,  0.104,2845853.5,  1,  21.4,   1.0, 0.100
2025-10-06 13:06:42,        0,  32.0,   9.0,  25.6, 13.386, 14.301,  0.197,2857503.3,  1,  21.4,   1.0, 0.100
2025-10-06 13:06:43,        0,  31.5,   7.4,  25.5, 11.090, 11.445,  0.131,2868449.5,  1,  21.4,   1.0, 0.100
2025-10-06 13:06:44,        0,  32.3,   9.9,  25.6, 10.149, 10.287,  0.109,2880007.9,  1,  21.4,   1.0, 0.100
2025-10-06 13:06:45,        0,  32.1,   9.3,  25.6, 10.489, 10.711,  0.113,2890419.7,  1,  21.4,   1.0, 0.100
2025-10-06 13:06:46,        0,  32.2,   9.5,  25.6, 10.966, 11.296,  0.124,2901527.6,  1,  21.4,   1.0, 0.100
2025-10-06 13:06:47,        0,  32.3,   9.9,  25.6,  8.878,  8.722,  0.080,2911103.7,  1,  21.4,   1.0, 0.100
2025-10-06 13:06:48,        0,  31.7,   8.1,  25.6,  7.583,  7.160,  0.061,2921248.7,  1,  21.4,   1.0, 0.100
2025-10-06 13:06:49,        0,  31.8,   8.3,  25.5,  9.535,  9.557,  0.093,2930538.2,  1,  21.4,   1.0, 0.100
2025-10-06 13:06:50,        0,  30.2,   3.6,  25.6,  8.565,  8.348,  0.074,2938595.9,  1,  21.4,   1.0, 0.100
2025-10-06 13:06:51,        0,  30.0,   3.1,  25.6,  9.675,  9.731,  0.095,2946529.0,  1,  21.4,   1.0, 0.100
2025-10-06 13:06:52,        0,  30.9,   5.7,  25.5,  7.066,  6.543,  0.047,2952352.1,  1,  21.4,   1.0, 0.100
2025-10-06 13:06:53,        0,  31.5,   7.4,  25.5,  8.565,  8.368,  0.072,2961790.1,  1,  21.4,   1.0, 0.100
2025-10-06 13:06:54,        0,  31.4,   7.2,  25.5,  8.150,  7.869,  0.064,2970102.2,  1,  21.4,   1.0, 0.100
2025-10-06 13:06:55,        0,  29.7,   2.2,  25.5,  7.386,  6.939,  0.053,2975580.9,  1,  21.4,   1.0, 0.100
2025-10-06 13:06:56,        0,  31.2,   6.7,  25.6,  8.388,  8.195,  0.069,2980557.4,  1,  21.4,   1.0, 0.100
2025-10-06 13:06:57,        0,  29.9,   2.6,  25.6,  6.347,  5.676,  0.037,2989296.6,  1,  21.4,   1.0, 0.100
2025-10-06 13:06:58,        0,  30.3,   3.8,  25.6,  5.356,  4.489,  0.025,2993287.8,  1,  21.4,   1.0, 0.100
2025-10-06 13:06:59,        0,  30.3,   4.0,  25.6,  6.986,  6.474,  0.046,2998317.4,  1,  21.4,   1.0, 0.100
2025-10-06 13:07:00,        0,  30.4,   4.1,  25.6,  7.267,  6.830,  0.050,3004436.8,  1,  21.4,   1.0, 0.100
2025-10-06 13:07:01,        0,  30.4,   4.1,  25.6,  7.289,  6.864,  0.051,3011610.7,  1,  21.4,   1.0, 0.100
2025-10-06 13:07:02,        0,  31.0,   6.0,  25.6,  6.532,  5.933,  0.039,3017465.7,  1,  21.4,   1.0, 0.100
2025-10-06 13:07:03,        0,  30.7,   5.0,  25.6,  7.808,  7.494,  0.059,3024537.3,  1,  21.4,   1.0, 0.100
2025-10-06 13:07:04,        0,  30.1,   3.4,  25.6,  7.300,  6.878,  0.050,3030709.7,  1,  21.4,   1.0, 0.100
2025-10-06 13:07:05,        0,  30.1,   3.4,  25.6,  6.129,  5.450,  0.034,3036192.1,  1,  21.4,   1.0, 0.100
2025-10-06 13:07:06,        0,  31.0,   6.0,  25.6,  5.665,  4.884,  0.028,3041179.7,  1,  21.4,   1.0, 0.100
2025-10-06 13:07:07,        0,  30.0,   3.1,  25.6,  5.387,  4.550,  0.025,3046403.3,  1,  21.4,   1.0, 0.100
2025-10-06 13:07:08,        0,  30.0,   3.1,  25.6,  2.267,  0.891,  0.003,3048354.6,  1,  21.4,   1.0, 0.100
2025-10-06 13:07:09,        0,  30.6,   4.8,  25.5,  5.659,  4.900,  0.028,3052892.6,  1,  21.4,   1.0, 0.100
2025-10-06 13:07:10,        0,  30.0,   2.9,  25.6,  4.595,  3.610,  0.019,3058386.1,  1,  21.4,   1.0, 0.100
2025-10-06 13:07:11,        0,  30.0,   3.1,  25.5,  5.617,  4.854,  0.027,3062564.7,  1,  21.4,   1.0, 0.100
2025-10-06 13:07:12,        0,  28.9,   0.0,  25.5,  1.763,  0.359,  0.001,3064388.2,  1,  21.4,   1.0, 0.100
2025-10-06 13:07:13,        0,  30.0,   2.9,  25.5,  1.270,  0.005,  0.000,3064400.3,  1,  21.4,   1.0, 0.100
2025-10-06 13:07:14,        0,  30.0,   3.1,  25.5,  5.282,  4.463,  0.024,3069194.4,  1,  21.4,   1.0, 0.100
2025-10-06 13:07:15,        0,  30.0,   2.9,  25.5,  5.577,  4.815,  0.027,3073750.3,  1,  21.4,   1.0, 0.100
2025-10-06 13:07:16,        0,  29.5,   1.5,  25.6,  5.169,  4.320,  0.022,3077504.6,  1,  21.4,   1.0, 0.100
2025-10-06 13:07:17,        0,  30.0,   3.1,  25.5,  3.033,  1.794,  0.007,3079643.0,  1,  21.4,   1.0, 0.100
2025-10-06 13:07:18,        0,  29.6,   1.9,  25.5,  3.954,  2.870,  0.013,3082244.6,  1,  21.4,   1.0, 0.100
2025-10-06 13:07:19,        0,  30.0,   2.9,  25.6,  2.358,  1.043,  0.004,3084047.9,  1,  21.4,   1.0, 0.100
2025-10-06 13:07:20,        0,  29.9,   2.6,  25.6,  2.827,  1.558,  0.006,3085826.8,  1,  21.4,   1.0, 0.100
2025-10-06 13:07:21,        0,  29.7,   2.0,  25.5,  2.465,  1.381,  0.007,3086420.2,  1,  21.4,   1.0, 0.100
2025-10-06 13:07:22,        0,  30.0,   2.9,  25.6,  1.547,  0.244,  0.001,3087522.0,  1,  21.4,   1.0, 0.100
2025-10-06 13:07:23,        0,  30.0,   3.1,  25.6,  5.218,  4.402,  0.023,3092617.2,  1,  21.4,   1.0, 0.100
2025-10-06 13:07:24,        0,  30.0,   3.1,  25.6,  5.385,  4.612,  0.025,3096916.9,  1,  21.4,   1.0, 0.100
2025-10-06 13:07:25,        0,  29.7,   2.2,  25.5,  3.734,  2.623,  0.012,3099087.6,  1,  21.4,   1.0, 0.100
2025-10-06 13:07:26,        0,  29.5,   1.5,  25.6,  1.230,  0.004,  0.000,3099106.9,  1,  21.4,   1.0, 0.100
2025-10-06 13:07:27,        0,  29.8,   2.4,  25.5,  1.155, -0.006,  0.000,3099099.9,  1,  21.4,   1.0, 0.100
2025-10-06 13:07:28,        0,  29.8,   2.4,  25.5,  1.760,  0.501,  0.001,3099314.5,  1,  21.4,   1.0, 0.100
2025-10-06 13:07:29,        0,  30.1,   3.3,  25.6,  2.706,  1.653,  0.009,3101038.3,  1,  21.4,   1.0, 0.100
2025-10-06 13:07:30,        0,  29.8,   2.4,  25.6,  5.205,  4.412,  0.023,3105297.7,  1,  21.4,   1.0, 0.100
2025-10-06 13:07:31,        0,  29.8,   2.4,  25.6,  2.270,  1.045,  0.005,3106940.6,  1,  21.4,   1.0, 0.100
2025-10-06 13:07:32,        0,  29.8,   2.5,  25.6,  1.684,  0.363,  0.002,3108919.3,  1,  21.4,   1.0, 0.100
2025-10-06 13:07:33,        0,  29.7,   2.0,  25.6,  1.280,  0.025,  0.000,3109016.2,  1,  21.4,   1.0, 0.100
2025-10-06 13:07:34,        0,  29.7,   2.2,  25.6,  1.159, -0.003,  0.000,3109953.9,  1,  21.4,   1.0, 0.100
2025-10-06 13:07:35,        0,  29.9,   2.6,  25.5,  2.078,  0.764,  0.003,3112227.7,  1,  21.4,   1.0, 0.100
2025-10-06 13:07:36,        0,  29.9,   2.7,  25.5,  3.067,  2.005,  0.011,3114541.7,  1,  21.4,   0.9, 0.100
2025-10-06 13:07:37,        0,  29.9,   2.7,  25.6,  3.887,  2.838,  0.013,3116629.9,  1,  21.4,   1.0, 0.100
2025-10-06 13:07:38,        0,  29.7,   2.0,  25.6,  2.598,  1.328,  0.005,3118991.7,  1,  21.4,   0.9, 0.100
2025-10-06 13:07:39,        0,  29.4,   1.3,  25.6,  1.247,  0.016,  0.000,3119016.0,  1,  21.4,   0.9, 0.100
2025-10-06 13:07:40,        0,  29.6,   1.7,  25.6,  1.113, -0.007,  0.000,3119010.1,  1,  21.4,   0.9, 0.100
2025-10-06 13:07:41,        0,  29.6,   1.9,  25.6,  1.069, -0.009,  0.000,3119001.1,  1,  21.4,   0.9, 0.100
2025-10-06 13:07:42,        0,  29.7,   2.2,  25.5,  1.022, -0.010,  0.000,3118991.7,  1,  21.4,   0.9, 0.100
2025-10-06 13:07:43,        0,  29.9,   2.6,  25.6,  0.995, -0.011,  0.000,3118981.6,  1,  21.4,   0.9, 0.100
2025-10-06 13:07:44,        0,  29.9,   2.7,  25.6,  0.969, -0.010,  0.000,3118971.8,  1,  21.4,   0.9, 0.100
2025-10-06 13:07:45,        0,  29.9,   2.7,  25.6,  2.947,  1.768,  0.007,3122197.5,  1,  21.4,   0.9, 0.100
2025-10-06 13:07:46,        0,  29.4,   1.2,  25.6,  5.174,  4.413,  0.023,3126222.9,  1,  21.4,   0.9, 0.100
2025-10-06 13:07:47,        0,  29.8,   2.4,  25.5,  1.297,  0.037,  0.000,3126469.0,  1,  21.4,   0.9, 0.100
2025-10-06 13:07:48,        0,  29.6,   1.7,  25.6,  1.151, -0.001,  0.000,3126469.8,  1,  21.4,   1.0, 0.100
2025-10-06 13:07:49,        0,  29.7,   2.0,  25.6,  1.063, -0.009,  0.000,3126461.0,  1,  21.4,   0.9, 0.100
2025-10-06 13:07:50,        0,  29.7,   2.0,  25.6,  1.026, -0.009,  0.000,3126452.2,  1,  21.4,   0.9, 0.100
2025-10-06 13:07:51,        0,  29.9,   2.6,  25.5,  0.994, -0.010,  0.000,3126442.8,  1,  21.4,   1.0, 0.100
2025-10-06 13:07:52,        0,  29.7,   2.2,  25.6,  0.952, -0.010,  0.000,3126433.5,  1,  21.4,   1.0, 0.100
2025-10-06 13:07:53,        0,  29.9,   2.6,  25.5,  0.913, -0.009,  0.000,3126422.4,  1,  21.4,   1.0, 0.100
2025-10-06 13:07:54,        0,  30.0,   2.9,  25.6,  2.941,  1.857,  0.008,3127218.5,  1,  21.4,   1.0, 0.100
2025-10-06 13:07:55,        0,  29.9,   2.7,  25.5,  4.983,  4.207,  0.021,3131138.3,  1,  21.4,   1.0, 0.100
2025-10-06 13:07:56,        0,  29.8,   2.4,  25.6,  5.153,  4.408,  0.023,3134689.3,  1,  21.4,   1.0, 0.100
2025-10-06 13:07:57,        0,  29.5,   1.5,  25.6,  1.261,  0.028,  0.000,3134787.6,  1,  21.4,   1.0, 0.100
2025-10-06 13:07:58,        0,  29.5,   1.5,  25.5,  1.095, -0.005,  0.000,3134785.9,  1,  21.4,   1.0, 0.100
2025-10-06 13:07:59,        0,  29.6,   1.9,  25.6,  1.046, -0.009,  0.000,3134777.9,  1,  21.4,   1.0, 0.100
2025-10-06 13:08:00,        0,  29.6,   1.7,  25.6,  1.010, -0.009,  0.000,3134769.1,  1,  21.4,   1.0, 0.100
2025-10-06 13:08:01,        0,  29.6,   1.9,  25.6,  0.979, -0.009,  0.000,3134760.5,  1,  21.4,   1.0, 0.100
2025-10-06 13:08:02,        0,  29.7,   2.0,  25.6,  0.937, -0.010,  0.000,3134749.4,  1,  21.4,   1.0, 0.100
2025-10-06 13:08:03,        0,  29.7,   2.0,  25.6,  0.899, -0.009,  0.000,3134740.4,  1,  21.4,   1.0, 0.100
2025-10-06 13:08:04,        0,  29.7,   2.0,  25.5,  0.874, -0.009,  0.000,3134731.6,  1,  21.4,   1.0, 0.100
2025-10-06 13:08:05,        0,  29.7,   2.0,  25.5,  0.851, -0.009,  0.000,3134722.4,  1,  21.4,   1.0, 0.100
2025-10-06 13:08:06,        0,  29.7,   2.2,  25.5,  0.823, -0.009,  0.000,3134711.7,  1,  21.4,   1.0, 0.100
2025-10-06 13:08:07,        0,  30.0,   2.9,  25.5,  0.805, -0.009,  0.000,3134702.5,  1,  21.4,   1.0, 0.100
2025-10-06 13:08:08,        0,  29.9,   2.6,  25.6,  2.143,  0.863,  0.002,3136962.3,  1,  21.4,   1.0, 0.100
2025-10-06 13:08:09,        0,  29.8,   2.4,  25.5,  1.185,  0.011,  0.000,3136987.6,  1,  21.4,   1.0, 0.100
2025-10-06 13:08:10,        0,  29.8,   2.4,  25.6,  1.052, -0.006,  0.000,3136982.6,  1,  21.4,   1.0, 0.100
2025-10-06 13:08:11,        0,  29.8,   2.4,  25.6,  1.006, -0.009,  0.000,3136975.0,  1,  21.4,   1.0, 0.100
2025-10-06 13:08:12,        0,  29.8,   2.4,  25.6,  0.969, -0.008,  0.000,3136966.7,  1,  21.4,   1.0, 0.100
2025-10-06 13:08:13,        0,  29.8,   2.4,  25.6,  0.920, -0.009,  0.000,3136958.3,  1,  21.4,   1.0, 0.100
2025-10-06 13:08:14,        0,  29.8,   2.4,  25.6,  0.890, -0.009,  0.000,3136948.8,  1,  21.4,   1.0, 0.100
2025-10-06 13:08:15,        0,  29.9,   2.6,  25.5,  0.850, -0.008,  0.000,3136940.5,  1,  21.4,   1.0, 0.100
2025-10-06 13:08:16,        0,  29.9,   2.7,  25.6,  0.825, -0.008,  0.000,3136932.3,  1,  21.4,   1.0, 0.100
2025-10-06 13:08:17,        0,  29.9,   2.6,  25.6,  5.076,  4.370,  0.022,3140498.0,  1,  21.4,   1.0, 0.100
2025-10-06 13:08:18,        0,  29.0,   0.0,  25.6,  4.499,  3.657,  0.017,3144719.9,  1,  21.4,   1.0, 0.100
2025-10-06 13:08:19,        0,  29.7,   2.2,  25.6,  1.530,  0.232,  0.000,3144993.6,  1,  21.4,   1.0, 0.100
2025-10-06 13:08:20,        0,  29.4,   1.2,  25.6,  1.100, -0.001,  0.000,3144995.1,  1,  21.4,   1.0, 0.100
2025-10-06 13:08:21,        0,  29.5,   1.5,  25.5,  1.038, -0.006,  0.000,3144989.2,  1,  21.4,   1.0, 0.100
2025-10-06 13:08:22,        0,  29.6,   1.7,  25.6,  0.996, -0.008,  0.000,3144981.2,  1,  21.4,   1.0, 0.100
2025-10-06 13:08:23,        0,  29.5,   1.4,  25.5,  0.945, -0.009,  0.000,3144970.7,  1,  21.4,   1.0, 0.100
2025-10-06 13:08:24,        0,  29.5,   1.5,  25.6,  0.901, -0.009,  0.000,3144962.6,  1,  21.4,   1.0, 0.100
2025-10-06 13:08:25,        0,  29.6,   1.7,  25.5,  0.874, -0.009,  0.000,3144954.0,  1,  21.4,   1.0, 0.100
2025-10-06 13:08:26,        0,  29.5,   1.5,  25.6,  0.848, -0.008,  0.000,3144946.0,  1,  21.4,   1.0, 0.100
2025-10-06 13:08:27,        0,  29.6,   1.9,  25.6,  0.812, -0.009,  0.000,3144936.2,  1,  21.4,   1.0, 0.100
2025-10-06 13:08:28,        0,  29.5,   1.5,  25.6,  0.791, -0.009,  0.000,3144927.8,  1,  21.4,   1.0, 0.100
2025-10-06 13:08:29,        0,  29.6,   1.9,  25.5,  0.764, -0.009,  0.000,3144919.6,  1,  21.4,   1.0, 0.100
2025-10-06 13:08:30,        0,  29.6,   1.9,  25.6,  0.748, -0.009,  0.000,3144911.0,  1,  21.4,   1.0, 0.100
2025-10-06 13:08:31,        0,  29.6,   1.9,  25.5,  0.734, -0.009,  0.000,3144902.9,  1,  21.4,   1.0, 0.100
2025-10-06 13:08:32,        0,  29.6,   1.9,  25.5,  0.714, -0.009,  0.000,3144892.8,  1,  21.4,   1.0, 0.100
2025-10-06 13:08:33,        0,  29.6,   1.9,  25.5,  0.701, -0.009,  0.000,3144884.6,  1,  21.4,   1.0, 0.100
2025-10-06 13:08:34,        0,  29.7,   2.0,  25.6,  0.684, -0.009,  0.000,3144876.2,  1,  21.4,   1.0, 0.100
2025-10-06 13:08:35,        0,  29.6,   1.9,  25.6,  0.674, -0.008,  0.000,3144868.3,  1,  21.4,   1.0, 0.100
2025-10-06 13:08:36,        0,  29.6,   1.9,  25.5,  0.660, -0.009,  0.000,3144858.4,  1,  21.4,   1.0, 0.100
2025-10-06 13:08:37,        0,  29.7,   2.0,  25.6,  0.651, -0.008,  0.000,3144850.3,  1,  21.4,   1.0, 0.100
2025-10-06 13:08:38,        0,  29.7,   2.0,  25.6,  0.641, -0.008,  0.000,3144842.3,  1,  21.4,   1.0, 0.100
2025-10-06 13:08:39,        0,  29.7,   2.2,  25.5,  0.628, -0.009,  0.000,3144834.3,  1,  21.4,   1.0, 0.100
2025-10-06 13:08:40,        0,  29.6,   1.9,  25.6,  0.621, -0.008,  0.000,3144826.2,  1,  21.4,   1.0, 0.100
2025-10-06 13:08:41,        0,  29.7,   2.2,  25.5,  0.610, -0.008,  0.000,3144817.1,  1,  21.4,   1.0, 0.100
2025-10-06 13:08:42,        0,  29.7,   2.2,  25.5,  0.603, -0.008,  0.000,3144809.4,  1,  21.4,   1.0, 0.100
2025-10-06 13:08:43,        0,  29.7,   2.0,  25.6,  0.593, -0.008,  0.000,3144801.9,  1,  21.4,   1.0, 0.100
2025-10-06 13:08:44,        0,  29.8,   2.4,  25.5,  0.586, -0.007,  0.000,3144794.5,  1,  21.4,   1.0, 0.100
2025-10-06 13:08:45,        0,  29.7,   2.2,  25.5,  0.576, -0.007,  0.000,3144785.5,  1,  21.4,   1.0, 0.100
2025-10-06 13:08:46,        0,  29.7,   2.2,  25.6,  0.569, -0.007,  0.000,3144778.2,  1,  21.4,   1.0, 0.100
2025-10-06 13:08:47,        0,  29.7,   2.2,  25.6,  0.563, -0.008,  0.000,3144770.8,  1,  21.4,   1.0, 0.100
2025-10-06 13:08:48,        0,  29.7,   2.2,  25.5,  0.555, -0.007,  0.000,3144763.7,  1,  21.4,   1.0, 0.100
2025-10-06 13:08:49,        0,  29.7,   2.2,  25.5,  0.549, -0.007,  0.000,3144755.1,  1,  21.4,   1.0, 0.100
2025-10-06 13:08:50,        0,  29.7,   2.2,  25.5,  0.540, -0.007,  0.000,3144748.0,  1,  21.4,   1.0, 0.100
2025-10-06 13:08:51,        0,  29.8,   2.4,  25.6,  0.535, -0.007,  0.000,3144741.3,  1,  21.4,   1.0, 0.100
2025-10-06 13:08:52,        0,  29.7,   2.2,  25.5,  0.529, -0.007,  0.000,3144734.4,  1,  21.4,   1.0, 0.100
2025-10-06 13:08:53,        0,  29.8,   2.4,  25.6,  0.522, -0.007,  0.000,3144727.9,  1,  21.4,   1.0, 0.100
2025-10-06 13:08:54,        0,  29.8,   2.4,  25.5,  0.518, -0.007,  0.000,3144719.9,  1,  21.4,   1.1, 0.100
2025-10-06 13:08:55,        0,  29.9,   2.6,  25.6,  0.510, -0.007,  0.000,3144713.2,  1,  21.4,   1.1, 0.100
2025-10-06 13:08:56,        0,  29.8,   2.4,  25.6,  0.505, -0.007,  0.000,3144706.7,  1,  21.4,   1.0, 0.100
2025-10-06 13:08:57,        0,  29.9,   2.6,  25.6,  0.501, -0.007,  0.000,3144699.8,  1,  21.4,   1.1, 0.100
2025-10-06 13:08:58,        0,  29.8,   2.4,  25.5,  0.494, -0.006,  0.000,3144692.3,  1,  21.4,   1.1, 0.100
2025-10-06 13:08:59,        0,  29.9,   2.6,  25.6,  1.327,  0.859,  0.004,3145092.7,  1,  21.4,   1.0, 0.100
2025-10-06 13:09:00,        0,  29.9,   2.7,  25.6,  5.051,  4.379,  0.022,3149256.2,  1,  21.4,   1.0, 0.100
2025-10-06 13:09:01,        0,  29.5,   1.4,  25.5,  4.083,  3.201,  0.015,3151881.4,  1,  21.4,   1.0, 0.100
2025-10-06 13:09:02,        0,  29.6,   1.9,  25.5,  1.109,  0.008,  0.000,3151914.7,  1,  21.4,   1.0, 0.100
2025-10-06 13:09:03,        0,  29.5,   1.5,  25.5,  1.024, -0.004,  0.000,3151910.8,  1,  21.4,   1.0, 0.100
2025-10-06 13:09:04,        0,  29.5,   1.5,  25.5,  0.953, -0.008,  0.000,3151903.6,  1,  21.4,   1.0, 0.100
2025-10-06 13:09:05,        0,  29.4,   1.2,  25.5,  0.919, -0.008,  0.000,3151895.5,  1,  21.4,   1.0, 0.100
2025-10-06 13:09:06,        0,  29.5,   1.4,  25.6,  0.889, -0.009,  0.000,3151886.9,  1,  21.4,   1.1, 0.100
2025-10-06 13:09:07,        0,  29.5,   1.5,  25.5,  0.849, -0.008,  0.000,3151877.2,  1,  21.4,   1.0, 0.100
2025-10-06 13:09:08,        0,  29.5,   1.5,  25.6,  0.824, -0.008,  0.000,3151869.5,  1,  21.4,   1.1, 0.100
2025-10-06 13:09:09,        0,  29.5,   1.4,  25.5,  0.785, -0.008,  0.000,3151861.9,  1,  21.4,   1.1, 0.100
2025-10-06 13:09:10,        0,  29.5,   1.4,  25.6,  0.763, -0.008,  0.000,3151854.0,  1,  21.4,   1.0, 0.100
2025-10-06 13:09:11,        0,  29.5,   1.4,  25.5,  0.734, -0.008,  0.000,3151844.3,  1,  21.4,   1.1, 0.100
2025-10-06 13:09:12,        0,  29.5,   1.4,  25.6,  0.716, -0.008,  0.000,3151836.6,  1,  21.4,   1.0, 0.100
2025-10-06 13:09:13,        0,  29.5,   1.4,  25.6,  0.700, -0.008,  0.000,3151829.0,  1,  21.4,   1.0, 0.100
2025-10-06 13:09:14,        0,  29.5,   1.5,  25.5,  0.679, -0.008,  0.000,3151821.1,  1,  21.4,   1.0, 0.100
2025-10-06 13:09:15,        0,  29.5,   1.5,  25.6,  0.666, -0.008,  0.000,3151811.8,  1,  21.4,   1.0, 0.100
2025-10-06 13:09:16,        0,  29.5,   1.5,  25.5,  0.647, -0.008,  0.000,3151804.3,  1,  21.4,   1.0, 0.100
2025-10-06 13:09:17,        0,  29.5,   1.4,  25.6,  0.635, -0.008,  0.000,3151796.5,  1,  21.4,   1.0, 0.100
2025-10-06 13:09:18,        0,  29.5,   1.5,  25.6,  0.624, -0.008,  0.000,3151789.2,  1,  21.4,   1.0, 0.100
2025-10-06 13:09:19,        0,  29.5,   1.5,  25.6,  0.609, -0.008,  0.000,3151781.9,  1,  21.4,   1.0, 0.100
2025-10-06 13:09:20,        0,  29.5,   1.5,  25.6,  0.596, -0.008,  0.000,3151772.7,  1,  21.4,   1.0, 0.100
2025-10-06 13:09:21,        0,  29.6,   1.7,  25.5,  0.587, -0.007,  0.000,3151765.3,  1,  21.4,   1.0, 0.100
2025-10-06 13:09:22,        0,  29.5,   1.5,  25.6,  0.579, -0.008,  0.000,3151758.2,  1,  21.4,   1.0, 0.100
2025-10-06 13:09:23,        0,  29.5,   1.5,  25.5,  0.571, -0.007,  0.000,3151751.3,  1,  21.4,   1.0, 0.100
2025-10-06 13:09:24,        0,  29.5,   1.5,  25.5,  0.560, -0.007,  0.000,3151742.7,  1,  21.4,   1.0, 0.100
2025-10-06 13:09:25,        0,  29.6,   1.7,  25.6,  0.550, -0.007,  0.000,3151736.2,  1,  21.4,   1.0, 0.100
2025-10-06 13:09:26,        0,  29.5,   1.5,  25.6,  0.543, -0.007,  0.000,3151729.3,  1,  21.4,   1.0, 0.100
2025-10-06 13:09:27,        0,  29.5,   1.5,  25.5,  0.537, -0.007,  0.000,3151722.2,  1,  21.4,   1.0, 0.100
2025-10-06 13:09:28,        0,  29.5,   1.5,  25.6,  0.528, -0.007,  0.000,3151715.2,  1,  21.4,   1.0, 0.100
2025-10-06 13:09:29,        0,  29.5,   1.5,  25.5,  0.522, -0.007,  0.000,3151707.5,  1,  21.4,   1.0, 0.100
2025-10-06 13:09:30,        0,  29.6,   1.7,  25.5,  0.513, -0.007,  0.000,3151700.8,  1,  21.4,   1.0, 0.100
2025-10-06 13:09:31,        0,  29.5,   1.5,  25.5,  0.508, -0.007,  0.000,3151694.1,  1,  21.4,   1.0, 0.100
2025-10-06 13:09:32,        0,  29.6,   1.7,  25.5,  0.502, -0.007,  0.000,3151687.8,  1,  21.4,   1.0, 0.100
2025-10-06 13:09:33,        0,  29.5,   1.5,  25.5,  0.495, -0.007,  0.000,3151679.8,  1,  21.4,   1.0, 0.100
2025-10-06 13:09:34,        0,  29.6,   1.7,  25.6,  0.490, -0.006,  0.000,3151673.5,  1,  21.4,   1.0, 0.100
2025-10-06 13:09:35,        0,  29.6,   1.7,  25.6,  0.482, -0.007,  0.000,3151667.3,  1,  21.4,   1.0, 0.100
2025-10-06 13:09:36,        0,  29.6,   1.7,  25.6,  0.478, -0.006,  0.000,3151661.0,  1,  21.4,   1.0, 0.100
2025-10-06 13:09:37,        0,  29.6,   1.7,  25.6,  0.471, -0.006,  0.000,3151653.8,  1,  21.4,   1.0, 0.100
2025-10-06 13:09:38,        0,  29.6,   1.7,  25.5,  0.467, -0.006,  0.000,3151647.8,  1,  21.4,   1.0, 0.100
2025-10-06 13:09:39,        0,  29.6,   1.7,  25.5,  0.460, -0.007,  0.000,3151641.9,  1,  21.4,   1.0, 0.100
2025-10-06 13:09:40,        0,  29.6,   1.7,  25.5,  0.456, -0.007,  0.000,3151635.8,  1,  21.4,   1.0, 0.100
2025-10-06 13:09:41,        0,  29.6,   1.7,  25.6,  0.451, -0.006,  0.000,3151629.7,  1,  21.4,   1.0, 0.100
2025-10-06 13:09:42,        0,  29.6,   1.7,  25.5,  0.445, -0.006,  0.000,3151623.0,  1,  21.4,   1.0, 0.100
2025-10-06 13:09:43,        0,  29.6,   1.7,  25.6,  0.441, -0.006,  0.000,3151617.4,  1,  21.4,   1.0, 0.100
2025-10-06 13:09:44,        0,  29.6,   1.7,  25.5,  0.436, -0.006,  0.000,3151611.5,  1,  21.4,   1.0, 0.100
2025-10-06 13:09:45,        0,  29.6,   1.7,  25.5,  0.432, -0.006,  0.000,3151606.1,  1,  21.4,   1.0, 0.100
2025-10-06 13:09:46,        0,  29.6,   1.9,  25.5,  0.426, -0.006,  0.000,3151599.4,  1,  21.4,   1.0, 0.100
2025-10-06 13:09:47,        0,  29.6,   1.7,  25.5,  0.423, -0.005,  0.000,3151593.7,  1,  21.4,   1.0, 0.100
2025-10-06 13:09:48,        0,  29.6,   1.7,  25.6,  0.418, -0.005,  0.000,3151588.7,  1,  21.4,   1.0, 0.100
2025-10-06 13:09:49,        0,  29.6,   1.7,  25.5,  0.413, -0.006,  0.000,3151583.2,  1,  21.4,   1.0, 0.100
2025-10-06 13:09:50,        0,  29.6,   1.7,  25.5,  0.410, -0.005,  0.000,3151576.7,  1,  21.4,   1.0, 0.100
2025-10-06 13:09:51,        0,  29.6,   1.9,  25.6,  0.404, -0.005,  0.000,3151571.7,  1,  21.4,   1.0, 0.100
2025-10-06 13:09:52,        0,  29.6,   1.9,  25.6,  0.401, -0.005,  0.000,3151566.5,  1,  21.4,   1.0, 0.100
2025-10-06 13:09:53,        0,  29.6,   1.9,  25.5,  0.398, -0.005,  0.000,3151561.4,  1,  21.4,   1.0, 0.100
2025-10-06 13:09:54,        0,  29.6,   1.7,  25.6,  0.393, -0.005,  0.000,3151555.4,  1,  21.4,   1.0, 0.100
2025-10-06 13:09:55,        0,  29.6,   1.9,  25.5,  0.390, -0.005,  0.000,3151550.3,  1,  21.4,   1.0, 0.100
2025-10-06 13:09:56,        0,  29.6,   1.9,  25.6,106745.037, -0.005,  0.000,3151545.1,  1,  21.4,   1.0, 0.100
2025-10-06 13:09:57,        0,  29.6,   1.9,  25.6,  0.383, -0.005,  0.000,3151540.1,  1,  21.4,   1.0, 0.100
2025-10-06 13:09:58,        0,  29.6,   1.9,  25.5,  0.377, -0.005,  0.000,3151533.8,  1,  21.4,   1.0, 0.100
2025-10-06 13:09:59,        0,  29.6,   1.9,  25.5,  0.375, -0.005,  0.000,3151529.2,  1,  21.4,   1.0, 0.100
2025-10-06 13:10:00,        0,  29.6,   1.9,  25.5,  0.373, -0.005,  0.000,3151524.3,  1,  21.4,   1.0, 0.100
2025-10-06 13:10:01,        0,  29.6,   1.9,  25.5,  0.368, -0.005,  0.000,3151519.3,  1,  21.4,   1.0, 0.100
2025-10-06 13:10:02,        0,  29.6,   1.7,  25.5,  0.365, -0.005,  0.000,3151514.7,  1,  21.4,   1.0, 0.100
2025-10-06 13:10:03,        0,  29.6,   1.7,  25.5,  0.361, -0.005,  0.000,3151508.8,  1,  21.4,   1.0, 0.100
2025-10-06 13:10:04,        0,  29.7,   2.0,  25.5,  0.359, -0.005,  0.000,3151503.8,  1,  21.4,   1.0, 0.100
2025-10-06 13:10:05,        0,  29.6,   1.9,  25.6,  0.356, -0.005,  0.000,3151499.0,  1,  21.4,   1.0, 0.100
2025-10-06 13:10:06,        0,  29.7,   2.0,  25.5,  0.352, -0.005,  0.000,3151494.6,  1,  21.4,   1.0, 0.100
2025-10-06 13:10:07,        0,  29.6,   1.9,  25.5,  0.348, -0.005,  0.000,3151488.9,  1,  21.4,   1.0, 0.100
2025-10-06 13:10:08,        0,  29.7,   2.0,  25.5,  0.346, -0.005,  0.000,3151484.5,  1,  21.4,   1.0, 0.100
2025-10-06 13:10:09,        0,  29.6,   1.9,  25.5,  0.344, -0.005,  0.000,3151479.9,  1,  21.4,   1.0, 0.100
2025-10-06 13:10:10,        0,  29.7,   2.0,  25.6,  0.340, -0.004,  0.000,3151475.9,  1,  21.4,   1.0, 0.100
2025-10-06 13:10:11,        0,  29.7,   2.0,  25.5,  0.337, -0.005,  0.000,3151470.5,  1,  21.4,   1.0, 0.100
2025-10-06 13:10:12,        0,  29.7,   2.0,  25.5,  0.334, -0.005,  0.000,3151465.9,  1,  21.4,   1.0, 0.100
2025-10-06 13:10:13,        0,  29.7,   2.0,  25.5,  0.331, -0.005,  0.000,3151461.7,  1,  21.4,   1.0, 0.100
2025-10-06 13:10:14,        0,  29.7,   2.0,  25.5,  0.330, -0.005,  0.000,3151457.3,  1,  21.4,   1.0, 0.100
2025-10-06 13:10:15,        0,  29.7,   2.0,  25.5,  0.326, -0.004,  0.000,3151453.3,  1,  21.4,   1.0, 0.100
2025-10-06 13:10:16,        0,  29.7,   2.0,  25.5,  0.323, -0.005,  0.000,3151447.9,  1,  21.4,   1.0, 0.100
2025-10-06 13:10:17,        0,  29.7,   2.2,  25.5,  0.321, -0.005,  0.000,3151443.5,  1,  21.4,   1.0, 0.100
2025-10-06 13:10:18,        0,  29.7,   2.2,  25.5,  0.319, -0.004,  0.000,3151439.3,  1,  21.4,   1.0, 0.100
2025-10-06 13:10:19,        0,  29.7,   2.0,  25.5,  0.316, -0.004,  0.000,3151435.1,  1,  21.4,   1.0, 0.100
2025-10-06 13:10:20,        0,  29.7,   2.0,  25.5,  0.313, -0.004,  0.000,3151430.5,  1,  21.4,   1.0, 0.100
2025-10-06 13:10:21,        0,  29.7,   2.0,  25.5,  0.311, -0.005,  0.000,3151426.1,  1,  21.4,   1.0, 0.100
2025-10-06 13:10:22,        0,  29.7,   2.2,  25.6,  0.309, -0.004,  0.000,3151422.1,  1,  21.4,   1.0, 0.100
2025-10-06 13:10:23,        0,  29.7,   2.2,  25.5,  0.307, -0.005,  0.000,3151417.7,  1,  21.4,   1.0, 0.100
2025-10-06 13:10:24,        0,  29.7,   2.0,  25.6,  0.304, -0.005,  0.000,3151412.9,  1,  21.4,   1.0, 0.100
2025-10-06 13:10:25,        0,  29.7,   2.0,  25.5,  0.303, -0.004,  0.000,3151409.1,  1,  21.4,   1.0, 0.100
2025-10-06 13:10:26,        0,  29.7,   2.0,  25.6,  0.300, -0.004,  0.000,3151405.1,  1,  21.4,   1.0, 0.100
2025-10-06 13:10:27,        0,  29.7,   2.2,  25.5,  0.298, -0.004,  0.000,3151401.3,  1,  21.4,   1.0, 0.100
2025-10-06 13:10:28,        0,  29.7,   2.2,  25.6,  0.295, -0.004,  0.000,3151396.3,  1,  21.5,   1.0, 0.100
2025-10-06 13:10:29,        0,  29.7,   2.2,  25.5,  0.293, -0.004,  0.000,3151392.1,  1,  21.4,   1.0, 0.100
2025-10-06 13:10:30,        0,  29.7,   2.2,  25.5,  0.291, -0.004,  0.000,3151388.6,  1,  21.4,   1.0, 0.100
2025-10-06 13:10:31,        0,  29.7,   2.2,  25.5,  0.289, -0.004,  0.000,3151384.8,  1,  21.4,   1.0, 0.100
2025-10-06 13:10:32,        0,  29.7,   2.2,  25.5,  0.287, -0.003,  0.000,3151381.2,  1,  21.4,   1.0, 0.100
2025-10-06 13:10:33,        0,  29.7,   2.2,  25.5,  0.285, -0.004,  0.000,3151377.0,  1,  21.4,   1.0, 0.100
2025-10-06 13:10:34,        0,  29.7,   2.2,  25.5,  0.283, -0.004,  0.000,3151372.8,  1,  21.4,   1.0, 0.100
2025-10-06 13:10:35,        0,  29.7,   2.2,  25.5,  0.281, -0.004,  0.000,3151369.1,  1,  21.4,   1.0, 0.100
2025-10-06 13:10:36,        0,  29.7,   2.2,  25.6,  0.279, -0.004,  0.000,3151365.5,  1,  21.4,   1.0, 0.100
2025-10-06 13:10:37,        0,  29.7,   2.2,  25.5,  0.278, -0.004,  0.000,3151360.7,  1,  21.4,   1.0, 0.100
2025-10-06 13:10:38,        0,  29.7,   2.2,  25.5,  0.276, -0.004,  0.000,3151357.3,  1,  21.4,   1.0, 0.100
2025-10-06 13:10:39,        0,  29.7,   2.0,  25.5,  0.274, -0.004,  0.000,3151353.6,  1,  21.4,   1.0, 0.100
2025-10-06 13:10:40,        0,  29.7,   2.2,  25.5,  0.273, -0.004,  0.000,3151350.0,  1,  21.4,   1.0, 0.100
2025-10-06 13:10:41,        0,  29.7,   2.0,  25.5,  0.271, -0.004,  0.000,3151345.8,  1,  21.4,   1.0, 0.100
2025-10-06 13:10:42,        0,  29.7,   2.2,  25.5,  0.270, -0.003,  0.000,3151342.7,  1,  21.5,   1.0, 0.100
2025-10-06 13:10:43,        0,  29.7,   2.2,  25.5,  0.267, -0.003,  0.000,3151339.1,  1,  21.5,   1.0, 0.100
2025-10-06 13:10:44,        0,  29.7,   2.0,  25.5,  0.266, -0.003,  0.000,3151335.8,  1,  21.5,   1.0, 0.100
2025-10-06 13:10:45,        0,  29.7,   2.0,  25.5,  0.265, -0.004,  0.000,3151332.0,  1,  21.5,   1.0, 0.100
2025-10-06 13:10:46,        0,  29.7,   2.2,  25.5,  0.263, -0.004,  0.000,3151327.6,  1,  21.5,   1.0, 0.100
2025-10-06 13:10:47,        0,  29.7,   2.2,  25.5,  0.261, -0.004,  0.000,3151324.2,  1,  21.4,   1.0, 0.100
2025-10-06 13:10:48,        0,  29.7,   2.2,  25.5,  0.260, -0.004,  0.000,3151320.7,  1,  21.4,   1.0, 0.100
2025-10-06 13:10:49,        0,  29.7,   2.2,  25.5,  0.258, -0.003,  0.000,3151317.3,  1,  21.5,   1.0, 0.100
2025-10-06 13:10:50,        0,  29.7,   2.2,  25.5,  0.257, -0.003,  0.000,3151313.1,  1,  21.5,   1.0, 0.100
2025-10-06 13:10:51,        0,  29.7,   2.0,  25.5,  0.256, -0.004,  0.000,3151309.8,  1,  21.5,   1.0, 0.100
2025-10-06 13:10:52,        0,  29.7,   2.2,  25.5,  0.254, -0.004,  0.000,3151306.2,  1,  21.4,   1.0, 0.100
2025-10-06 13:10:53,        0,  29.7,   2.2,  25.5,  0.253, -0.003,  0.000,3151302.9,  1,  21.4,   1.0, 0.100
2025-10-06 13:10:54,        0,  29.8,   2.4,  25.5,  0.251, -0.003,  0.000,3151298.5,  1,  21.5,   1.0, 0.100
2025-10-06 13:10:55,        0,  29.7,   2.2,  25.5,  0.250, -0.004,  0.000,3151295.5,  1,  21.5,   1.0, 0.100
2025-10-06 13:10:56,        0,  29.7,   2.2,  25.5,  0.248, -0.004,  0.000,3151291.7,  1,  21.5,   1.0, 0.100
2025-10-06 13:10:57,        0,  29.8,   2.4,  25.5,  0.247, -0.004,  0.000,3151288.2,  1,  21.5,   1.0, 0.100
2025-10-06 13:10:58,        0,  29.8,   2.4,  25.5,  0.247, -0.003,  0.000,3151284.8,  1,  21.5,   1.0, 0.100
2025-10-06 13:10:59,        0,  29.8,   2.4,  25.5,  0.244, -0.003,  0.000,3151281.1,  1,  21.5,   1.0, 0.100
2025-10-06 13:11:00,        0,  29.8,   2.4,  25.5,  0.244, -0.004,  0.000,3151277.7,  1,  21.5,   1.0, 0.100
2025-10-06 13:11:01,        0,  29.8,   2.4,  25.5,  0.243, -0.004,  0.000,3151274.4,  1,  21.5,   1.0, 0.100
2025-10-06 13:11:02,        0,  29.8,   2.4,  25.5,  0.241, -0.003,  0.000,3151271.4,  1,  21.5,   1.0, 0.100
2025-10-06 13:11:03,        0,  29.9,   2.6,  25.5,  0.240, -0.004,  0.000,3151267.0,  1,  21.4,   1.0, 0.100
2025-10-06 13:11:04,        0,  29.8,   2.4,  25.5,  0.239, -0.003,  0.000,3151263.9,  1,  21.5,   1.0, 0.100
2025-10-06 13:11:05,        0,  29.8,   2.4,  25.5,  0.238, -0.003,  0.000,3151260.5,  1,  21.4,   1.0, 0.100
2025-10-06 13:11:06,        0,  29.9,   2.6,  25.5,  0.237, -0.003,  0.000,3151257.6,  1,  21.5,   1.0, 0.100
2025-10-06 13:11:07,        0,  29.9,   2.6,  25.5,  0.236, -0.003,  0.000,3151254.0,  1,  21.5,   1.0, 0.100
2025-10-06 13:11:08,        0,  29.8,   2.4,  25.5,  0.235, -0.003,  0.000,3151250.3,  1,  21.5,   1.0, 0.100
2025-10-06 13:11:09,        0,  29.8,   2.4,  25.5,  0.234, -0.003,  0.000,3151247.5,  1,  21.5,   1.0, 0.100
2025-10-06 13:11:10,        0,  29.9,   2.6,  25.5,  0.233, -0.003,  0.000,3151244.6,  1,  21.5,   1.0, 0.100
2025-10-06 13:11:11,        0,  29.9,   2.6,  25.5,  0.231, -0.003,  0.000,3151240.6,  1,  21.5,   1.1, 0.100
2025-10-06 13:11:12,        0,  29.8,   2.4,  25.5,  0.231, -0.003,  0.000,3151237.3,  1,  21.4,   1.0, 0.100
2025-10-06 13:11:13,        0,  29.9,   2.6,  25.5,  0.230, -0.003,  0.000,3151234.1,  1,  21.4,   1.1, 0.100
2025-10-06 13:11:14,        0,  29.9,   2.6,  25.5,  0.229, -0.003,  0.000,3151231.0,  1,  21.5,   1.1, 0.100
2025-10-06 13:11:15,        0,  29.8,   2.5,  25.5,  0.228, -0.003,  0.000,3151227.6,  1,  21.5,   1.1, 0.100
2025-10-06 13:11:16,        0,  29.8,   2.4,  25.5,  0.227, -0.003,  0.000,3151223.9,  1,  21.5,   1.1, 0.100
2025-10-06 13:11:17,        0,  29.9,   2.6,  25.5,  0.226, -0.003,  0.000,3151221.1,  1,  21.4,   1.1, 0.100
2025-10-06 13:11:18,        0,  29.9,   2.6,  25.5,  0.225, -0.003,  0.000,3151217.8,  1,  21.5,   1.1, 0.100
2025-10-06 13:11:19,        0,  29.8,   2.4,  25.5,  0.224, -0.003,  0.000,3151214.8,  1,  21.5,   1.1, 0.100
2025-10-06 13:11:20,        0,  29.9,   2.6,  25.5,  0.223, -0.003,  0.000,3151211.3,  1,  21.5,   1.1, 0.100
2025-10-06 13:11:21,        0,  29.9,   2.6,  25.5,  0.223, -0.004,  0.000,3151208.1,  1,  21.5,   1.1, 0.100
2025-10-06 13:11:22,        0,  29.8,   2.4,  25.5,  0.222, -0.003,  0.000,3151205.2,  1,  21.4,   1.1, 0.100
2025-10-06 13:11:23,        0,  29.9,   2.6,  25.5,  0.220, -0.003,  0.000,3151202.5,  1,  21.4,   1.1, 0.100
2025-10-06 13:11:24,        0,  29.9,   2.6,  25.5,  0.220, -0.003,  0.000,3151198.7,  1,  21.5,   1.1, 0.100
2025-10-06 13:11:25,        0,  29.9,   2.6,  25.5,  0.219, -0.003,  0.000,3151195.8,  1,  21.5,   1.1, 0.100
2025-10-06 13:11:26,        0,  29.9,   2.6,  25.5,  0.219, -0.003,  0.000,3151192.8,  1,  21.4,   1.1, 0.100
2025-10-06 13:11:27,        0,  29.9,   2.6,  25.5,  0.218, -0.003,  0.000,3151189.9,  1,  21.5,   1.1, 0.100
2025-10-06 13:11:28,        0,  29.9,   2.6,  25.5,  0.216, -0.003,  0.000,3151187.0,  1,  21.5,   1.1, 0.100
2025-10-06 13:11:29,        0,  29.9,   2.6,  25.5,  0.216, -0.003,  0.000,3151183.4,  1,  21.4,   1.1, 0.100
2025-10-06 13:11:30,        0,  29.9,   2.6,  25.5,  0.215, -0.003,  0.000,3151180.3,  1,  21.4,   1.1, 0.100
2025-10-06 13:11:31,        0,  29.8,   2.5,  25.5,  0.215, -0.003,  0.000,3151177.3,  1,  21.4,   1.1, 0.100
2025-10-06 13:11:32,        0,  29.9,   2.6,  25.5,  0.214, -0.003,  0.000,3151174.6,  1,  21.5,   1.1, 0.100
2025-10-06 13:11:33,        0,  29.9,   2.6,  25.5,  0.212, -0.003,  0.000,3151171.3,  1,  21.5,   1.1, 0.100
2025-10-06 13:11:34,        0,  29.9,   2.6,  25.5,  0.212, -0.003,  0.000,3151168.5,  1,  21.5,   1.1, 0.100
2025-10-06 13:11:35,        0,  29.8,   2.4,  25.5,  2.906,  1.922,  0.008,3152038.8,  1,  21.5,   1.1, 0.100
2025-10-06 13:11:36,        0,  29.9,   2.6,  25.5,  1.117,  0.021,  0.000,3152062.9,  1,  21.4,   1.1, 0.100
2025-10-06 13:11:37,        0,  29.8,   2.4,  25.5,  0.956, -0.004,  0.000,3152059.3,  1,  21.5,   1.1, 0.100
2025-10-06 13:11:38,        0,  29.9,   2.6,  25.5,  0.903, -0.006,  0.000,3152052.8,  1,  21.5,   1.1, 0.100
2025-10-06 13:11:39,        0,  29.8,   2.4,  25.5,  0.845, -0.007,  0.000,3152046.5,  1,  21.5,   1.1, 0.100
2025-10-06 13:11:40,        0,  29.9,   2.6,  25.5,  0.810, -0.007,  0.000,3152039.8,  1,  21.4,   1.1, 0.100
2025-10-06 13:11:41,        0,  29.8,   2.4,  25.5,  0.765, -0.008,  0.000,3152031.2,  1,  21.5,   1.1, 0.100
2025-10-06 13:11:42,        0,  29.8,   2.4,  25.5,  0.738, -0.007,  0.000,3152024.5,  1,  21.5,   1.1, 0.100
2025-10-06 13:11:43,        0,  29.8,   2.4,  25.5,  0.715, -0.007,  0.000,3152017.8,  1,  21.4,   1.1, 0.100
2025-10-06 13:11:44,        0,  29.7,   2.2,  25.5,  0.685, -0.007,  0.000,3152010.9,  1,  21.4,   1.1, 0.100
2025-10-06 13:11:45,        0,  29.8,   2.4,  25.5,  0.658, -0.008,  0.000,3152002.3,  1,  21.5,   1.1, 0.100
2025-10-06 13:11:46,        0,  29.8,   2.4,  25.5,  0.642, -0.007,  0.000,3151995.4,  1,  21.4,   1.1, 0.100
2025-10-06 13:11:47,        0,  29.8,   2.4,  25.5,  0.628, -0.007,  0.000,3151988.5,  1,  21.5,   1.1, 0.100
2025-10-06 13:11:48,        0,  29.9,   2.6,  25.5,  0.614, -0.007,  0.000,3151982.0,  1,  21.4,   1.1, 0.100
2025-10-06 13:11:49,        0,  29.7,   2.2,  25.5,  0.594, -0.007,  0.000,3151973.8,  1,  21.5,   1.1, 0.100
2025-10-06 13:11:50,        0,  29.8,   2.4,  25.5,  0.576, -0.007,  0.000,3151967.1,  1,  21.4,   1.1, 0.100
2025-10-06 13:11:51,        0,  29.8,   2.4,  25.5,  0.565, -0.007,  0.000,3151960.8,  1,  21.4,   1.1, 0.100
2025-10-06 13:11:52,        0,  29.9,   2.6,  25.5,  0.554, -0.007,  0.000,3151954.1,  1,  21.4,   1.1, 0.100
2025-10-06 13:11:53,        0,  29.8,   2.4,  25.5,  0.539, -0.006,  0.000,3151946.6,  1,  21.4,   1.1, 0.100
2025-10-06 13:11:54,        0,  29.9,   2.6,  25.5,  0.530, -0.006,  0.000,3151940.5,  1,  21.4,   1.1, 0.100
2025-10-06 13:11:55,        0,  29.9,   2.6,  25.5,  0.517, -0.007,  0.000,3151934.2,  1,  21.4,   1.1, 0.100
2025-10-06 13:11:56,        0,  29.9,   2.6,  25.5,  0.509, -0.007,  0.000,3151928.1,  1,  21.4,   1.1, 0.100
2025-10-06 13:11:57,        0,  29.8,   2.4,  25.5,  0.496, -0.006,  0.000,3151921.2,  1,  21.4,   1.1, 0.100
2025-10-06 13:11:58,        0,  29.8,   2.4,  25.5,  0.489, -0.006,  0.000,3151915.4,  1,  21.4,   1.1, 0.100
2025-10-06 13:11:59,        0,  29.8,   2.4,  25.5,  0.481, -0.006,  0.000,3151909.3,  1,  21.4,   1.1, 0.100
2025-10-06 13:12:00,        0,  29.9,   2.6,  25.5,  0.471, -0.006,  0.000,3151903.6,  1,  21.4,   1.0, 0.100
2025-10-06 13:12:01,        0,  29.9,   2.6,  25.5,  0.464, -0.005,  0.000,3151898.4,  1,  21.4,   1.1, 0.100
2025-10-06 13:12:02,        0,  29.8,   2.4,  25.5,  0.454, -0.006,  0.000,3151891.5,  1,  21.4,   1.1, 0.100
2025-10-06 13:12:03,        0,  29.8,   2.4,  25.5,  0.448, -0.006,  0.000,3151885.8,  1,  21.4,   1.1, 0.100
2025-10-06 13:12:04,        0,  29.9,   2.6,  25.5,  0.442, -0.005,  0.000,3151880.6,  1,  21.4,   1.1, 0.100
2025-10-06 13:12:05,        0,  29.8,   2.4,  25.5,  0.433, -0.006,  0.000,3151874.9,  1,  21.4,   1.1, 0.100
2025-10-06 13:12:06,        0,  29.8,   2.4,  25.5,  0.427, -0.006,  0.000,3151868.6,  1,  21.4,   1.1, 0.100
2025-10-06 13:12:07,        0,  29.8,   2.4,  25.5,  0.419, -0.005,  0.000,3151863.4,  1,  21.4,   1.1, 0.100
2025-10-06 13:12:08,        0,  29.8,   2.4,  25.5,  0.413, -0.005,  0.000,3151858.2,  1,  21.4,   1.1, 0.100
2025-10-06 13:12:09,        0,  29.9,   2.6,  25.5,  0.408, -0.005,  0.000,3151853.3,  1,  21.4,   1.1, 0.100
2025-10-06 13:12:10,        0,  29.8,   2.4,  25.5,  0.400, -0.005,  0.000,3151848.3,  1,  21.4,   1.1, 0.100
2025-10-06 13:12:11,        0,  29.9,   2.6,  25.5,  0.392, -0.005,  0.000,3151842.4,  1,  21.4,   1.1, 0.100
2025-10-06 13:12:12,        0,  29.9,   2.6,  25.5,  0.388, -0.005,  0.000,3151837.6,  1,  21.4,   1.1, 0.100
2025-10-06 13:12:13,        0,  29.8,   2.5,  25.5,  0.384, -0.005,  0.000,3151832.6,  1,  21.4,   1.1, 0.100
2025-10-06 13:12:14,        0,  29.9,   2.6,  25.5,  0.378, -0.005,  0.000,3151828.0,  1,  21.4,   1.1, 0.100
2025-10-06 13:12:15,        0,  29.9,   2.6,  25.5,  0.371, -0.005,  0.000,3151822.3,  1,  21.4,   1.1, 0.100
2025-10-06 13:12:16,        0,  29.8,   2.4,  25.5,  0.365, -0.004,  0.000,3151817.7,  1,  21.4,   1.1, 0.100
2025-10-06 13:12:17,        0,  29.8,   2.4,  25.5,  0.361, -0.005,  0.000,3151813.5,  1,  21.4,   1.1, 0.100
2025-10-06 13:12:18,        0,  29.9,   2.6,  25.5,  0.357, -0.005,  0.000,3151808.9,  1,  21.4,   1.1, 0.100
2025-10-06 13:12:19,        0,  29.9,   2.6,  25.5,  0.350, -0.005,  0.000,3151804.3,  1,  21.4,   1.1, 0.100
2025-10-06 13:12:20,        0,  29.9,   2.6,  25.5,  0.346, -0.005,  0.000,3151799.3,  1,  21.4,   1.1, 0.100
2025-10-06 13:12:21,        0,  29.8,   2.4,  25.5,  0.340, -0.004,  0.000,3151794.9,  1,  21.4,   1.1, 0.100
2025-10-06 13:12:22,        0,  29.8,   2.4,  25.5,  0.337, -0.004,  0.000,3151790.7,  1,  21.4,   1.1, 0.100
2025-10-06 13:12:23,        0,  29.8,   2.4,  25.5,  0.333, -0.004,  0.000,3151786.5,  1,  21.4,   1.0, 0.100
2025-10-06 13:12:24,        0,  29.9,   2.6,  25.5,  0.327, -0.004,  0.000,3151781.9,  1,  21.4,   1.0, 0.100
2025-10-06 13:12:25,        0,  29.9,   2.6,  25.5,  0.324, -0.004,  0.000,3151777.9,  1,  21.4,   1.0, 0.100
2025-10-06 13:12:26,        0,  29.8,   2.4,  25.5,  0.319, -0.004,  0.000,3151773.7,  1,  21.4,   1.0, 0.100
2025-10-06 13:12:27,        0,  29.8,   2.4,  25.5,  0.315, -0.005,  0.000,3151769.7,  1,  21.4,   1.0, 0.100
2025-10-06 13:12:28,        0,  29.9,   2.6,  25.5,  0.310, -0.004,  0.000,3151764.7,  1,  21.4,   1.0, 0.100
2025-10-06 13:12:29,        0,  29.8,   2.4,  25.5,  0.307, -0.005,  0.000,3151760.5,  1,  21.4,   1.0, 0.100
2025-10-06 13:12:30,        0,  29.8,   2.4,  25.5,  0.303, -0.004,  0.000,3151756.5,  1,  21.4,   1.0, 0.100
2025-10-06 13:12:31,        0,  29.9,   2.6,  25.5,  0.299, -0.004,  0.000,3151752.5,  1,  21.4,   1.0, 0.100
2025-10-06 13:12:32,        0,  29.8,   2.4,  25.5,  0.296, -0.004,  0.000,3151749.0,  1,  21.4,   1.0, 0.100
2025-10-06 13:12:33,        0,  29.9,   2.7,  25.5,  0.292, -0.004,  0.000,3151744.2,  1,  21.4,   1.0, 0.100
2025-10-06 13:12:34,        0,  29.9,   2.6,  25.5,  5.052,  4.375,  0.022,3155598.8,  1,  21.4,   1.0, 0.100
2025-10-06 13:12:35,        0,  29.7,   2.0,  25.5,  1.743,  0.476,  0.001,3157884.3,  1,  21.5,   1.0, 0.100
2025-10-06 13:12:36,        0,  29.6,   1.7,  25.5,  1.116,  0.013,  0.000,3157909.5,  1,  21.4,   1.0, 0.100
2025-10-06 13:12:37,        0,  29.5,   1.4,  25.5,  0.981, -0.004,  0.000,3157906.5,  1,  21.4,   1.0, 0.100
2025-10-06 13:12:38,        0,  29.5,   1.4,  25.5,  0.932, -0.007,  0.000,3157900.0,  1,  21.4,   1.1, 0.100
2025-10-06 13:12:39,        0,  29.5,   1.5,  25.5,  0.894, -0.007,  0.000,3157892.9,  1,  21.4,   1.0, 0.100
2025-10-06 13:12:40,        0,  29.5,   1.4,  25.5,  0.848, -0.008,  0.000,3157884.7,  1,  21.4,   1.1, 0.100
