Time, Cnts,  %T, set_Cell[mA], Cell[°C], Cell[Volt], Cell[mA], Cell[W], Cell[uAs], Cell_ON, Env[°C], TEC[°C], N2Flow[slpm]
2025-10-22 12:32:22,        0,  29.6,   1.8,  25.4,  0.178, -0.002,  0.000,     -1.7,  1,  22.2,   1.1, 0.100
2025-10-22 12:32:23,        0,  29.6,   1.8,  25.5,  0.177, -0.003,  0.000,     -4.3,  1,  22.2,   1.0, 0.100
2025-10-22 12:32:23,        0,  29.7,   2.0,  25.5,  0.177, -0.002,  0.000,     -6.6,  1,  22.2,   1.0, 0.100
2025-10-22 12:32:24,        0,  29.6,   1.9,  25.5,  0.176, -0.003,  0.000,     -9.4,  1,  22.2,   1.0, 0.100
2025-10-22 12:32:26,        0,  29.6,   1.9,  25.5,  0.175, -0.002,  0.000,    -12.3,  1,  22.2,   1.0, 0.099
2025-10-22 12:32:27,        0,  29.6,   1.9,  25.5,  0.175, -0.002,  0.000,    -14.3,  1,  22.2,   1.0, 0.099
2025-10-22 12:32:28,        0,  29.7,   2.0,  25.5,  0.174, -0.002,  0.000,    -16.6,  1,  22.2,   1.0, 0.099
2025-10-22 12:32:28,        0,  29.6,   1.9,  25.5,  0.174, -0.002,  0.000,    -18.9,  1,  22.2,   1.0, 0.099
2025-10-22 12:32:30,        0,  29.7,   2.0,  25.5,  0.173, -0.002,  0.000,    -21.5,  1,  22.2,   1.0, 0.099
2025-10-22 12:32:31,        0,  29.7,   2.0,  25.5,  0.173, -0.002,  0.000,    -23.7,  1,  22.2,   1.0, 0.099
2025-10-22 12:32:32,        0,  29.6,   1.8,  25.5,  0.172, -0.002,  0.000,    -25.7,  1,  22.2,   1.0, 0.100
2025-10-22 12:32:32,        0,  29.7,   2.0,  25.5,  0.172, -0.003,  0.000,    -28.3,  1,  22.2,   1.0, 0.100
2025-10-22 12:32:34,        0,  29.6,   1.9,  25.5,  0.171, -0.003,  0.000,    -31.2,  1,  22.2,   1.0, 0.100
2025-10-22 12:32:35,        0,  29.6,   1.8,  25.5,  0.171, -0.002,  0.000,    -33.5,  1,  22.2,   1.0, 0.100
2025-10-22 12:32:36,        0,  29.6,   1.9,  25.5,  0.170, -0.002,  0.000,    -35.5,  1,  22.2,   1.0, 0.100
2025-10-22 12:32:36,        0,  29.7,   2.1,  25.5,  0.170, -0.002,  0.000,    -38.1,  1,  22.2,   1.0, 0.100
2025-10-22 12:32:38,        0,  30.0,   3.0,  25.5,  3.174,  2.198,  0.012,   1136.4,  1,  22.2,   1.0, 0.100
2025-10-22 12:32:39,        0,  30.1,   3.3,  25.5,  6.234,  4.398,  0.027,   5416.8,  1,  22.2,   1.0, 0.100
2025-10-22 12:32:40,        0,  30.4,   4.2,  25.5,  5.376,  3.592,  0.021,   9459.4,  1,  22.2,   1.0, 0.100
2025-10-22 12:32:40,        0,  30.5,   4.6,  25.5,  7.790,  5.866,  0.046,  14885.0,  1,  22.2,   1.0, 0.100
2025-10-22 12:32:42,        0,  30.9,   5.8,  25.5,  9.145,  7.146,  0.066,  22919.4,  1,  22.2,   1.0, 0.100
2025-10-22 12:32:43,        0,  31.4,   7.3,  25.5, 11.219,  9.102,  0.103,  30927.1,  1,  22.2,   1.0, 0.100
2025-10-22 12:32:44,        0,  31.3,   7.0,  25.5, 10.365,  8.268,  0.086,  39272.4,  1,  22.2,   0.9, 0.100
2025-10-22 12:32:44,        0,  31.6,   7.8,  25.4, 12.349, 10.135,  0.126,  48714.1,  1,  22.2,   0.9, 0.101
2025-10-22 12:32:46,        0,  32.5,  10.4,  25.4, 12.367, 10.112,  0.125,  60813.9,  1,  22.2,   0.8, 0.102
2025-10-22 12:32:47,        0,  32.0,   8.9,  25.5, 14.415, 12.047,  0.174,  72454.0,  1,  22.2,   0.9, 0.090
2025-10-22 12:32:48,        0,  33.4,  13.2,  25.5, 18.021, 15.486,  0.279,  86088.5,  1,  22.2,   0.9, 0.096
2025-10-22 12:32:48,        0,  33.0,  12.0,  25.4, 19.527, 16.915,  0.331, 101602.7,  1,  22.2,   0.8, 0.097
2025-10-22 12:32:49,        0,  34.1,  15.4,  25.4, 19.087, 16.481,  0.316, 117929.9,  1,  22.2,   0.9, 0.098
2025-10-22 12:32:51,        0,  34.2,  15.6,  25.5, 15.707, 13.226,  0.213, 136640.7,  1,  22.2,   0.9, 0.099
2025-10-22 12:32:52,        0,  35.4,  19.1,  25.4, 22.926, 20.174,  0.465, 155556.4,  1,  22.2,   0.9, 0.099
2025-10-22 12:32:52,        0,  33.5,  13.4,  25.4, 22.936, 20.189,  0.466, 175635.9,  1,  22.2,   0.9, 0.099
2025-10-22 12:32:53,        0,  36.0,  20.9,  25.5, 23.456, 20.695,  0.489, 194302.1,  1,  22.2,   0.9, 0.100
2025-10-22 12:32:55,        0,  35.5,  19.6,  25.4, 28.918, 25.963,  0.754, 224542.3,  1,  22.2,   0.9, 0.100
2025-10-22 12:32:56,        0,  30.6,   4.7,  25.4, 21.239, 18.548,  0.395, 243454.5,  1,  22.2,   0.9, 0.100
2025-10-22 12:32:56,        0,  34.9,  17.7,  25.4, 17.000, 14.453,  0.281, 257215.1,  1,  22.2,   0.9, 0.100
2025-10-22 12:32:57,        0,  35.9,  20.6,  25.4, 30.494, 27.434,  0.837, 280881.2,  1,  22.2,   0.9, 0.100
2025-10-22 12:32:59,        0,  35.6,  19.9,  25.4, 20.868, 18.136,  0.384, 306754.6,  1,  22.2,   0.9, 0.100
2025-10-22 12:33:00,        0,  35.7,  20.1,  25.4, 29.289, 26.124,  0.766, 330236.7,  1,  22.2,   0.9, 0.100
2025-10-22 12:33:00,        0,  35.8,  20.4,  25.4, 31.791, 28.401,  0.905, 353482.2,  1,  22.2,   0.9, 0.100
2025-10-22 12:33:01,        0,  36.7,  23.2,  25.5, 27.762, 24.568,  0.683, 375283.8,  1,  22.2,   1.0, 0.107
2025-10-22 12:33:03,        0,  37.0,  24.1,  25.5, 26.346, 23.128,  0.611, 404151.3,  1,  22.2,   1.0, 0.110
2025-10-22 12:33:04,        0,  32.6,  10.9,  25.4, 15.656, 12.958,  0.217, 423218.8,  1,  22.2,   0.9, 0.105
2025-10-22 12:33:04,        0,  37.5,  25.6,  25.5, 30.150, 26.888,  0.815, 444588.1,  1,  22.2,   0.9, 0.101
2025-10-22 12:33:05,        0,  34.0,  14.9,  25.5, 23.726, 20.607,  0.497, 463900.9,  1,  22.2,   0.9, 0.101
2025-10-22 12:33:07,        0,  36.2,  21.7,  25.4, 24.740, 21.697,  0.537, 487632.2,  1,  22.2,   0.9, 0.100
2025-10-22 12:33:08,        0,  34.9,  17.7,  25.4, 25.213, 21.992,  0.557, 508063.9,  1,  22.2,   0.9, 0.100
2025-10-22 12:33:08,        0,  32.5,  10.4,  25.4, 23.525, 20.450,  0.482, 527399.6,  1,  22.2,   0.9, 0.100
2025-10-22 12:33:10,        0,  35.7,  20.1,  25.4, 24.066, 20.982,  0.507, 550051.7,  1,  22.2,   0.9, 0.100
2025-10-22 12:33:11,        0,  35.2,  18.7,  25.4, 23.139, 20.055,  0.466, 569563.1,  1,  22.2,   0.9, 0.100
2025-10-22 12:33:12,        0,  34.3,  15.8,  25.5, 15.056, 12.333,  0.187, 584678.4,  1,  22.2,   0.9, 0.100
2025-10-22 12:33:12,        0,  34.5,  16.5,  25.4, 19.879, 16.927,  0.337, 601244.5,  1,  22.2,   0.9, 0.100
2025-10-22 12:33:14,        0,  34.0,  14.9,  25.4, 22.583, 19.476,  0.441, 623653.3,  1,  22.2,   0.9, 0.100
2025-10-22 12:33:15,        0,  34.4,  16.3,  25.4, 22.775, 19.650,  0.449, 642387.5,  1,  22.2,   0.9, 0.100
2025-10-22 12:33:15,        0,  34.5,  16.5,  25.5, 22.841, 19.703,  0.454, 659782.2,  1,  22.2,   0.9, 0.100
2025-10-22 12:33:16,        0,  34.3,  15.9,  25.5, 15.437, 12.634,  0.197, 674512.8,  1,  22.2,   0.9, 0.100
2025-10-22 12:33:18,        0,  33.0,  12.0,  25.5, 20.581, 17.525,  0.362, 696436.3,  1,  22.2,   1.0, 0.100
2025-10-22 12:33:19,        0,  34.8,  17.5,  25.5, 20.776, 17.689,  0.370, 712448.3,  1,  22.2,   1.0, 0.100
2025-10-22 12:33:19,        0,  35.0,  18.0,  25.5, 22.396, 19.218,  0.431, 731446.9,  1,  22.2,   1.0, 0.100
2025-10-22 12:33:20,        0,  34.5,  16.6,  25.5, 18.004, 15.055,  0.275, 748772.1,  1,  22.2,   1.0, 0.100
2025-10-22 12:33:22,        0,  35.6,  19.9,  25.4, 22.726, 19.513,  0.448, 771632.8,  1,  22.2,   1.0, 0.100
2025-10-22 12:33:23,        0,  34.5,  16.5,  25.5, 19.377, 16.337,  0.318, 788949.7,  1,  22.2,   1.0, 0.100
2025-10-22 12:33:23,        0,  33.2,  12.7,  25.5, 19.997, 16.927,  0.340, 805075.3,  1,  22.2,   1.0, 0.100
2025-10-22 12:33:24,        0,  34.2,  15.6,  25.4, 22.379, 19.151,  0.433, 823032.8,  1,  22.2,   1.0, 0.100
2025-10-22 12:33:26,        0,  33.9,  14.6,  25.5, 17.174, 14.234,  0.245, 842468.3,  1,  22.2,   1.0, 0.100
2025-10-22 12:33:27,        0,  32.5,  10.6,  25.5, 21.155, 17.963,  0.380, 859301.7,  1,  22.2,   1.0, 0.100
2025-10-22 12:33:27,        0,  35.5,  19.6,  25.5, 22.192, 18.928,  0.424, 875533.2,  1,  22.2,   1.0, 0.100
2025-10-22 12:33:28,        0,  35.5,  19.6,  25.5, 25.275, 21.836,  0.553, 896429.8,  1,  22.2,   1.0, 0.100
2025-10-22 12:33:30,        0,  35.5,  19.6,  25.5, 25.071, 21.612,  0.547, 921328.1,  1,  22.2,   1.0, 0.100
2025-10-22 12:33:31,        0,  35.2,  18.7,  25.4, 27.127, 23.478,  0.637, 944100.5,  1,  22.2,   1.0, 0.100
2025-10-22 12:33:31,        0,  33.0,  12.1,  25.5, 19.940, 16.781,  0.346, 960141.6,  1,  22.2,   1.0, 0.100
2025-10-22 12:33:32,        0,  35.1,  18.4,  25.4, 25.756, 22.254,  0.574, 978809.5,  1,  22.2,   1.0, 0.100
2025-10-22 12:33:34,        0,  35.2,  18.7,  25.5, 25.333, 21.771,  0.553,1004192.2,  1,  22.2,   1.0, 0.100
2025-10-22 12:33:35,        0,  35.8,  20.4,  25.5, 21.776, 18.494,  0.406,1023531.0,  1,  22.2,   1.0, 0.100
2025-10-22 12:33:35,        0,  35.0,  17.9,  25.5, 29.159, 25.106,  0.732,1046362.5,  1,  22.2,   1.0, 0.100
2025-10-22 12:33:36,        0,  36.7,  23.2,  25.5, 26.508, 22.625,  0.602,1068671.1,  1,  22.2,   1.0, 0.100
2025-10-22 12:33:38,        0,  35.5,  19.6,  25.5, 27.762, 23.652,  0.659,1095534.3,  1,  22.2,   1.0, 0.100
2025-10-22 12:33:39,        0,  36.3,  21.8,  25.5, 28.222, 24.038,  0.679,1117528.2,  1,  22.2,   1.0, 0.100
2025-10-22 12:33:40,        0,  34.3,  15.9,  25.5, 25.217, 21.291,  0.541,1138224.6,  1,  22.2,   1.0, 0.100
2025-10-22 12:33:40,        0,  32.9,  11.6,  25.5, 15.456, 12.401,  0.197,1151577.2,  1,  22.2,   1.0, 0.100
2025-10-22 12:33:41,        0,  35.7,  20.1,  25.5, 25.449, 21.714,  0.555,1169519.3,  1,  22.2,   1.0, 0.100
2025-10-22 12:33:43,        0,  34.8,  17.3,  25.5, 26.216, 22.312,  0.591,1195173.3,  1,  22.2,   1.0, 0.100
2025-10-22 12:33:44,        0,  35.1,  18.4,  25.5, 24.075, 20.267,  0.510,1215105.4,  1,  22.2,   1.0, 0.100
2025-10-22 12:33:44,        0,  37.4,  25.3,  25.5, 29.051, 24.788,  0.721,1238011.4,  1,  22.2,   1.0, 0.100
2025-10-22 12:33:45,        0,  35.9,  20.8,  25.5, 18.087, 14.760,  0.295,1254052.5,  1,  22.2,   1.0, 0.100
2025-10-22 12:33:47,        0,  34.9,  17.7,  25.5, 26.264, 22.309,  0.588,1281012.5,  1,  22.2,   1.0, 0.100
2025-10-22 12:33:48,        0,  34.8,  17.3,  25.5, 26.033, 22.030,  0.577,1300310.6,  1,  22.2,   1.0, 0.100
2025-10-22 12:33:48,        0,  32.6,  10.8,  25.5, 24.372, 20.559,  0.511,1319651.8,  1,  22.2,   1.0, 0.100
2025-10-22 12:33:49,        0,  31.9,   8.7,  25.5, 27.794, 23.698,  0.659,1338502.5,  1,  22.2,   1.0, 0.100
2025-10-22 12:33:51,        0,  35.1,  18.4,  25.5, 23.330, 19.603,  0.461,1358558.1,  1,  22.2,   1.0, 0.100
2025-10-22 12:33:52,        0,  34.5,  16.6,  25.5, 26.621, 22.551,  0.607,1379558.1,  1,  22.2,   1.0, 0.100
2025-10-22 12:33:53,        0,  35.4,  19.1,  25.5, 24.298, 20.410,  0.497,1399285.2,  1,  22.2,   1.0, 0.100
2025-10-22 12:33:53,        0,  35.9,  20.6,  25.5, 26.017, 21.902,  0.572,1420430.4,  1,  22.2,   1.0, 0.100
2025-10-22 12:33:55,        0,  35.9,  20.6,  25.5, 23.109, 19.339,  0.455,1443473.1,  1,  22.2,   1.0, 0.100
2025-10-22 12:33:56,        0,  31.2,   6.6,  25.5, 20.696, 17.093,  0.355,1461353.3,  1,  22.2,   1.0, 0.100
2025-10-22 12:33:57,        0,  35.8,  20.3,  25.5, 26.382, 22.327,  0.599,1479429.8,  1,  22.2,   1.0, 0.100
2025-10-22 12:33:57,        0,  34.9,  17.7,  25.5, 26.248, 22.102,  0.583,1498201.0,  1,  22.2,   1.0, 0.100
2025-10-22 12:33:58,        0,  36.2,  21.5,  25.5, 26.281, 22.108,  0.583,1518609.0,  1,  22.2,   1.0, 0.100
2025-10-22 12:34:00,        0,  33.9,  14.6,  25.5, 20.288, 16.656,  0.349,1541163.0,  1,  22.2,   0.9, 0.100
2025-10-22 12:34:01,        0,  35.5,  19.4,  25.5, 21.926, 18.161,  0.409,1557014.6,  1,  22.2,   1.0, 0.100
2025-10-22 12:34:01,        0,  35.0,  17.9,  25.5, 20.511, 16.842,  0.350,1574142.9,  1,  22.2,   0.9, 0.100
2025-10-22 12:34:02,        0,  35.2,  18.5,  25.5, 21.377, 17.605,  0.379,1592520.3,  1,  22.2,   0.9, 0.100
2025-10-22 12:34:04,        0,  34.3,  15.9,  25.5, 20.200, 16.527,  0.338,1613809.8,  1,  22.2,   0.9, 0.100
2025-10-22 12:34:05,        0,  34.0,  14.9,  25.5, 13.852, 10.709,  0.151,1626988.5,  1,  22.2,   0.9, 0.100
2025-10-22 12:34:05,        0,  34.1,  15.3,  25.5, 15.519, 12.209,  0.199,1640671.9,  1,  22.2,   0.9, 0.100
2025-10-22 12:34:06,        0,  31.1,   6.3,  25.5, 22.042, 18.152,  0.400,1657885.9,  1,  22.2,   0.9, 0.100
2025-10-22 12:34:08,        0,  33.5,  13.4,  25.5, 21.947, 18.024,  0.401,1674918.2,  1,  22.2,   0.8, 0.100
2025-10-22 12:34:09,        0,  33.4,  13.2,  25.5, 19.292, 15.620,  0.308,1688152.4,  1,  22.2,   0.8, 0.100
2025-10-22 12:34:10,        0,  33.2,  12.7,  25.5, 19.876, 16.111,  0.326,1702629.2,  1,  22.2,   0.9, 0.100
2025-10-22 12:34:10,        0,  33.5,  13.4,  25.5, 19.690, 15.938,  0.314,1717711.6,  1,  22.2,   0.9, 0.100
2025-10-22 12:34:11,        0,  33.8,  14.4,  25.5, 16.667, 13.198,  0.225,1730970.7,  1,  22.2,   0.8, 0.100
2025-10-22 12:34:13,        0,  33.3,  13.0,  25.5, 16.264, 12.805,  0.208,1747491.8,  1,  22.2,   0.9, 0.100
2025-10-22 12:34:14,        0,  31.4,   7.1,  25.5, 19.589, 15.804,  0.310,1761469.5,  1,  22.2,   0.8, 0.100
2025-10-22 12:34:14,        0,  32.8,  11.3,  25.5, 15.462, 12.046,  0.188,1772467.6,  1,  22.2,   0.8, 0.100
2025-10-22 12:34:15,        0,  32.9,  11.6,  25.5, 19.822, 15.988,  0.318,1786011.3,  1,  22.2,   0.9, 0.100
2025-10-22 12:34:17,        0,  32.6,  10.9,  25.5, 13.938, 10.675,  0.160,1799308.4,  1,  22.2,   0.8, 0.100
2025-10-22 12:34:18,        0,  31.5,   7.5,  25.5, 16.939, 13.360,  0.226,1810810.6,  1,  22.2,   0.9, 0.100
2025-10-22 12:34:19,        0,  31.4,   7.3,  25.5, 16.894, 13.289,  0.225,1821500.5,  1,  22.2,   0.8, 0.100
2025-10-22 12:34:19,        0,  31.4,   7.1,  25.5, 18.848, 15.051,  0.284,1833848.1,  1,  22.2,   0.8, 0.100
2025-10-22 12:34:21,        0,  32.5,  10.4,  25.5, 15.402, 11.942,  0.185,1847152.3,  1,  22.2,   0.9, 0.100
2025-10-22 12:34:22,        0,  32.1,   9.4,  25.5, 13.455, 10.179,  0.137,1857368.6,  1,  22.2,   0.9, 0.100
2025-10-22 12:34:23,        0,  32.7,  11.1,  25.5, 16.110, 12.556,  0.202,1868719.1,  1,  22.2,   0.9, 0.100
2025-10-22 12:34:23,        0,  32.1,   9.4,  25.5, 13.295, 10.029,  0.134,1879372.3,  1,  22.2,   0.9, 0.100
2025-10-22 12:34:24,        0,  32.3,   9.9,  25.5, 15.363, 11.869,  0.183,1890281.4,  1,  22.2,   0.9, 0.100
2025-10-22 12:34:26,        0,  31.7,   8.2,  25.5, 12.836,  9.593,  0.124,1901427.8,  1,  22.2,   1.0, 0.100
2025-10-22 12:34:27,        0,  32.0,   9.0,  25.5, 13.251,  9.960,  0.134,1911132.8,  1,  22.2,   0.9, 0.100
2025-10-22 12:34:27,        0,  31.0,   5.9,  25.5, 15.097, 11.604,  0.175,1921773.0,  1,  22.2,   1.0, 0.100
2025-10-22 12:34:28,        0,  30.3,   3.8,  25.5,  8.627,  5.858,  0.052,1929128.5,  1,  22.2,   1.0, 0.100
2025-10-22 12:34:30,        0,  31.5,   7.6,  25.5, 12.671,  9.404,  0.124,1938074.1,  1,  22.2,   1.0, 0.100
2025-10-22 12:34:31,        0,  32.1,   9.2,  25.5, 11.431,  8.317,  0.099,1946874.7,  1,  22.2,   1.0, 0.100
2025-10-22 12:34:31,        0,  31.4,   7.3,  25.5, 14.785, 11.294,  0.169,1957389.4,  1,  22.2,   1.0, 0.100
2025-10-22 12:34:32,        0,  31.6,   7.8,  25.5, 11.439,  8.321,  0.095,1965305.9,  1,  22.2,   1.0, 0.100
2025-10-22 12:34:34,        0,  31.3,   7.0,  25.5, 15.099, 11.551,  0.175,1977029.2,  1,  22.2,   1.0, 0.100
2025-10-22 12:34:35,        0,  31.4,   7.3,  25.5,  8.684,  5.897,  0.056,1981426.4,  1,  22.2,   1.0, 0.100
2025-10-22 12:34:36,        0,  30.9,   5.7,  25.5,  9.150,  6.256,  0.059,1988291.8,  1,  22.2,   1.0, 0.100
2025-10-22 12:34:36,        0,  31.0,   6.1,  25.5, 11.509,  8.345,  0.096,1995775.8,  1,  22.2,   1.0, 0.100
2025-10-22 12:34:38,        0,  31.1,   6.3,  25.5,  8.931,  6.054,  0.054,2003406.0,  1,  22.2,   1.0, 0.100
2025-10-22 12:34:39,        0,  30.9,   5.6,  25.5, 13.405, 10.015,  0.135,2012384.1,  1,  22.2,   1.0, 0.100
2025-10-22 12:34:40,        0,  30.6,   4.9,  25.5, 11.010,  7.903,  0.088,2019689.1,  1,  22.2,   1.0, 0.100
2025-10-22 12:34:40,        0,  31.2,   6.6,  25.5,  7.365,  4.695,  0.037,2025169.9,  1,  22.2,   1.0, 0.100
2025-10-22 12:34:41,        0,  31.4,   7.1,  25.5,  9.254,  6.346,  0.059,2032119.9,  1,  22.2,   1.0, 0.100
2025-10-22 12:34:43,        0,  30.7,   5.0,  25.5,  8.746,  5.902,  0.053,2040774.0,  1,  22.2,   1.0, 0.100
2025-10-22 12:34:44,        0,  30.9,   5.7,  25.5,  7.512,  4.827,  0.039,2044849.9,  1,  22.2,   1.0, 0.100
2025-10-22 12:34:44,        0,  30.7,   5.0,  25.5,  8.894,  6.007,  0.055,2051008.5,  1,  22.2,   1.0, 0.100
2025-10-22 12:34:45,        0,  30.7,   5.0,  25.5,  8.041,  5.262,  0.042,2056395.4,  1,  22.2,   1.0, 0.100
2025-10-22 12:34:47,        0,  30.2,   3.5,  25.5,  9.114,  6.201,  0.057,2063809.6,  1,  22.2,   1.0, 0.100
2025-10-22 12:34:48,        0,  29.8,   2.5,  25.5,  8.984,  6.072,  0.055,2068903.7,  1,  22.2,   1.0, 0.100
2025-10-22 12:34:49,        0,  30.2,   3.6,  25.5,  7.182,  4.499,  0.033,2073129.6,  1,  22.2,   1.0, 0.100
2025-10-22 12:34:49,        0,  30.8,   5.4,  25.5,  8.627,  5.741,  0.050,2078274.7,  1,  22.2,   1.0, 0.100
2025-10-22 12:34:50,        0,  30.5,   4.4,  25.5,  8.419,  5.586,  0.047,2083899.8,  1,  22.2,   1.0, 0.100
2025-10-22 12:34:52,        0,  30.5,   4.4,  25.5,  6.829,  4.198,  0.029,2089469.9,  1,  22.2,   1.0, 0.100
2025-10-22 12:34:53,        0,  30.2,   3.5,  25.5,  8.439,  5.588,  0.048,2094753.3,  1,  22.2,   1.0, 0.100
2025-10-22 12:34:53,        0,  30.2,   3.7,  25.5,  8.710,  5.815,  0.051,2100287.6,  1,  22.2,   1.0, 0.100
2025-10-22 12:34:54,        0,  29.8,   2.5,  25.5,  4.698,  2.412,  0.016,2103714.2,  1,  22.2,   1.0, 0.100
2025-10-22 12:34:56,        0,  30.5,   4.4,  25.5,  8.748,  5.844,  0.051,2109891.8,  1,  22.2,   1.0, 0.100
2025-10-22 12:34:57,        0,  30.4,   4.2,  25.5,  5.015,  2.670,  0.017,2113607.1,  1,  22.2,   0.9, 0.100
2025-10-22 12:34:57,        0,  30.0,   3.1,  25.5,  7.303,  4.583,  0.034,2118366.1,  1,  22.2,   1.0, 0.100
2025-10-22 12:34:58,        0,  29.9,   2.6,  25.5,  5.773,  3.289,  0.021,2122232.3,  1,  22.2,   1.0, 0.100
2025-10-22 12:35:00,        0,  30.1,   3.3,  25.5,  7.136,  4.432,  0.032,2127417.1,  1,  22.2,   1.0, 0.100
2025-10-22 12:35:01,        0,  28.5,   0.0,  25.5,  5.461,  3.026,  0.018,2131174.1,  1,  22.2,   1.0, 0.100
2025-10-22 12:35:01,        0,  30.1,   3.3,  25.5,  6.407,  3.853,  0.030,2133530.5,  1,  22.2,   1.0, 0.100
2025-10-22 12:35:02,        0,  29.7,   2.1,  25.5,  4.120,  1.895,  0.010,2136442.1,  1,  22.2,   1.0, 0.100
2025-10-22 12:35:04,        0,  29.9,   2.8,  25.5,  1.723,  0.115,  0.000,2138056.1,  1,  22.2,   1.0, 0.100
2025-10-22 12:35:05,        0,  29.9,   2.8,  25.5,  7.101,  4.338,  0.031,2142153.6,  1,  22.2,   1.0, 0.100
2025-10-22 12:35:05,        0,  29.4,   1.2,  25.5,  6.234,  3.640,  0.024,2145929.6,  1,  22.2,   1.0, 0.100
2025-10-22 12:35:06,        0,  29.1,   0.4,  25.5,  4.331,  2.142,  0.014,2147314.3,  1,  22.2,   1.0, 0.100
2025-10-22 12:35:08,        0,  30.1,   3.3,  25.5,  4.435,  2.112,  0.011,2149945.8,  1,  22.2,   1.0, 0.100
2025-10-22 12:35:09,        0,  29.8,   2.5,  25.5,  7.394,  4.613,  0.034,2154315.3,  1,  22.2,   0.9, 0.100
2025-10-22 12:35:09,        0,  29.6,   1.9,  25.5,  3.412,  1.306,  0.005,2155869.3,  1,  22.2,   0.9, 0.100
2025-10-22 12:35:10,        0,  29.9,   2.6,  25.5,  1.443,  0.011,  0.000,2155901.4,  1,  22.2,   0.9, 0.100
2025-10-22 12:35:12,        0,  30.0,   3.1,  25.5,  7.221,  4.403,  0.032,2159243.8,  1,  22.2,   0.9, 0.100
2025-10-22 12:35:13,        0,  30.0,   3.1,  25.5,  7.310,  4.530,  0.033,2163426.2,  1,  22.2,   0.9, 0.100
2025-10-22 12:35:13,        0,  29.8,   2.3,  25.5,  7.036,  4.319,  0.031,2167136.7,  1,  22.2,   0.8, 0.100
2025-10-22 12:35:14,        0,  29.8,   2.3,  25.5,  4.860,  2.545,  0.018,2169759.8,  1,  22.2,   0.8, 0.100
2025-10-22 12:35:16,        0,  29.1,   0.4,  25.5,  1.894,  0.185,  0.000,2170800.2,  1,  22.2,   0.8, 0.100
2025-10-22 12:35:17,        0,  29.9,   2.8,  25.5,  1.455,  0.013,  0.000,2172069.0,  1,  22.2,   0.8, 0.100
2025-10-22 12:35:17,        0,  30.0,   3.0,  25.5,  6.839,  4.115,  0.028,2175932.2,  1,  22.2,   0.8, 0.100
2025-10-22 12:35:18,        0,  30.0,   3.1,  25.5,  7.203,  4.450,  0.032,2180073.5,  1,  22.2,   0.8, 0.100
2025-10-22 12:35:20,        0,  29.5,   1.6,  25.5,  2.069,  0.285,  0.001,2182084.7,  1,  22.2,   0.8, 0.100
2025-10-22 12:35:21,        0,  29.7,   2.1,  25.5,  1.484,  0.019,  0.000,2182108.4,  1,  22.2,   0.8, 0.100
2025-10-22 12:35:22,        0,  29.8,   2.5,  25.5,  1.354, -0.004,  0.000,2182103.6,  1,  22.2,   0.9, 0.100
2025-10-22 12:35:22,        0,  29.8,   2.3,  25.5,  1.268, -0.011,  0.000,2182094.2,  1,  22.2,   0.8, 0.100
2025-10-22 12:35:23,        0,  29.8,   2.5,  25.5,  1.227, -0.011,  0.000,2182083.7,  1,  22.2,   0.8, 0.100
2025-10-22 12:35:25,        0,  30.1,   3.3,  25.5,  1.222,  0.027,  0.000,2182755.9,  1,  22.2,   0.8, 0.100
2025-10-22 12:35:26,        0,  30.0,   3.0,  25.5,  7.035,  4.358,  0.031,2187043.1,  1,  22.2,   0.9, 0.100
2025-10-22 12:35:26,        0,  29.9,   2.8,  25.5,  6.001,  3.442,  0.022,2190807.6,  1,  22.2,   0.8, 0.100
2025-10-22 12:35:27,        0,  30.0,   3.1,  25.5,  5.226,  2.795,  0.017,2193354.2,  1,  22.2,   0.9, 0.100
2025-10-22 12:35:29,        0,  29.5,   1.4,  25.5,  2.408,  0.502,  0.001,2196094.0,  1,  22.2,   0.9, 0.100
2025-10-22 12:35:30,        0,  29.7,   2.0,  25.5,  1.530,  0.028,  0.000,2196137.6,  1,  22.2,   0.9, 0.100
2025-10-22 12:35:30,        0,  29.5,   1.6,  25.5,  1.376, -0.002,  0.000,2196136.0,  1,  22.2,   0.9, 0.100
2025-10-22 12:35:31,        0,  29.7,   2.1,  25.5,  1.275, -0.010,  0.000,2196127.6,  1,  22.2,   0.9, 0.100
2025-10-22 12:35:33,        0,  29.7,   2.1,  25.5,  1.228, -0.011,  0.000,2196115.2,  1,  22.2,   0.9, 0.100
2025-10-22 12:35:34,        0,  29.8,   2.3,  25.5,  1.170, -0.011,  0.000,2196104.7,  1,  22.2,   0.9, 0.100
2025-10-22 12:35:35,        0,  30.0,   3.0,  25.5,  1.138, -0.012,  0.000,2196464.3,  1,  22.2,   0.9, 0.100
2025-10-22 12:35:35,        0,  29.9,   2.6,  25.5,  7.032,  4.387,  0.031,2200630.1,  1,  22.2,   0.9, 0.100
2025-10-22 12:35:36,        0,  29.6,   1.8,  25.5,  2.403,  0.484,  0.001,2202547.7,  1,  22.2,   0.9, 0.100
2025-10-22 12:35:38,        0,  29.5,   1.6,  25.5,  1.531,  0.027,  0.000,2202592.3,  1,  22.2,   0.9, 0.100
2025-10-22 12:35:39,        0,  29.8,   2.5,  25.5,  1.329, -0.006,  0.000,2202588.6,  1,  22.2,   0.9, 0.100
2025-10-22 12:35:39,        0,  29.8,   2.3,  25.5,  1.268, -0.009,  0.000,2202579.8,  1,  22.2,   0.9, 0.100
2025-10-22 12:35:40,        0,  29.9,   2.6,  25.5,  1.220, -0.011,  0.000,2202569.9,  1,  22.2,   0.9, 0.100
2025-10-22 12:35:42,        0,  29.9,   2.6,  25.5,  1.316,  0.121,  0.001,2203839.6,  1,  22.2,   0.9, 0.100
2025-10-22 12:35:43,        0,  29.8,   2.5,  25.5,  6.957,  4.334,  0.030,2207977.1,  1,  22.2,   0.9, 0.100
2025-10-22 12:35:44,        0,  29.2,   0.7,  25.5,  2.248,  0.375,  0.001,2209360.5,  1,  22.2,   0.9, 0.100
2025-10-22 12:35:44,        0,  29.8,   2.3,  25.5,  1.515,  0.023,  0.000,2209390.5,  1,  22.2,   0.9, 0.100
2025-10-22 12:35:46,        0,  29.7,   2.1,  25.5,  1.324, -0.006,  0.000,2209386.1,  1,  22.2,   0.9, 0.100
2025-10-22 12:35:47,        0,  29.8,   2.5,  25.5,  1.263, -0.010,  0.000,2209376.8,  1,  22.2,   0.9, 0.100
2025-10-22 12:35:48,        0,  29.9,   2.6,  25.5,  1.194, -0.011,  0.000,2209366.8,  1,  22.2,   0.9, 0.100
2025-10-22 12:35:48,        0,  29.9,   2.6,  25.5,  1.154, -0.011,  0.000,2209356.1,  1,  22.2,   0.9, 0.100
2025-10-22 12:35:49,        0,  29.8,   2.3,  25.5,  3.017,  1.452,  0.010,2210740.6,  1,  22.2,   0.9, 0.100
2025-10-22 12:35:51,        0,  29.8,   2.5,  25.5,  1.564,  0.048,  0.000,2210974.9,  1,  22.2,   0.9, 0.100
2025-10-22 12:35:52,        0,  29.7,   2.1,  25.5,  1.363,  0.000,  0.000,2211676.2,  1,  22.2,   0.9, 0.100
2025-10-22 12:35:52,        0,  29.5,   1.6,  25.5,  6.125,  3.699,  0.025,2213945.8,  1,  22.2,   0.9, 0.100
2025-10-22 12:35:53,        0,  29.6,   1.9,  25.5,  1.935,  0.201,  0.000,2214545.5,  1,  22.2,   0.9, 0.100
2025-10-22 12:35:55,        0,  29.8,   2.3,  25.5,  1.381,  0.001,  0.000,2214559.6,  1,  22.2,   0.9, 0.100
2025-10-22 12:35:56,        0,  29.9,   2.6,  25.5,  1.296, -0.008,  0.000,2215105.2,  1,  22.2,   0.9, 0.100
2025-10-22 12:35:57,        0,  29.9,   2.6,  25.5,  6.936,  4.335,  0.030,2219242.6,  1,  22.2,   0.9, 0.100
2025-10-22 12:35:57,        0,  29.2,   0.7,  25.5,  2.585,  0.627,  0.002,2221281.7,  1,  22.2,   0.9, 0.100
2025-10-22 12:35:59,        0,  29.1,   0.2,  25.5,  1.539,  0.031,  0.000,2221329.4,  1,  22.2,   0.9, 0.100
2025-10-22 12:36:00,        0,  29.7,   2.1,  25.5,  1.331, -0.006,  0.000,2221325.5,  1,  22.2,   0.9, 0.100
2025-10-22 12:36:01,        0,  29.6,   1.9,  25.5,  1.268, -0.009,  0.000,2221316.7,  1,  22.2,   0.8, 0.100
2025-10-22 12:36:01,        0,  29.6,   1.9,  25.5,  1.220, -0.011,  0.000,2221306.4,  1,  22.2,   0.9, 0.100
2025-10-22 12:36:02,        0,  29.6,   1.9,  25.5,  1.160, -0.011,  0.000,2221296.1,  1,  22.2,   0.9, 0.100
2025-10-22 12:36:04,        0,  29.7,   2.1,  25.5,  1.109, -0.012,  0.000,2221282.3,  1,  22.2,   0.9, 0.100
2025-10-22 12:36:05,        0,  29.8,   2.3,  25.5,  1.081, -0.012,  0.000,2221271.0,  1,  22.2,   0.9, 0.100
2025-10-22 12:36:05,        0,  29.7,   2.1,  25.5,  1.058, -0.012,  0.000,2221259.5,  1,  22.2,   0.9, 0.100
2025-10-22 12:36:06,        0,  29.8,   2.3,  25.5,  1.035, -0.013,  0.000,2221247.5,  1,  22.2,   0.9, 0.100
2025-10-22 12:36:08,        0,  29.8,   2.3,  25.5,  1.008, -0.012,  0.000,2221232.8,  1,  22.2,   0.9, 0.100
2025-10-22 12:36:09,        0,  29.8,   2.3,  25.5,  0.983, -0.013,  0.000,2221220.9,  1,  22.2,   1.0, 0.100
2025-10-22 12:36:10,        0,  29.8,   2.5,  25.5,  0.967, -0.012,  0.000,2221661.2,  1,  22.2,   0.9, 0.100
2025-10-22 12:36:10,        0,  29.9,   2.6,  25.5,  4.558,  2.462,  0.015,2224526.9,  1,  22.2,   1.0, 0.100
2025-10-22 12:36:11,        0,  29.5,   1.6,  25.5,  2.323,  0.486,  0.001,2226550.1,  1,  22.2,   1.0, 0.100
2025-10-22 12:36:13,        0,  29.8,   2.3,  25.5,  1.480,  0.022,  0.000,2226591.2,  1,  22.2,   1.0, 0.100
2025-10-22 12:36:14,        0,  29.6,   1.8,  25.5,  1.307, -0.007,  0.000,2226586.2,  1,  22.2,   0.9, 0.100
2025-10-22 12:36:14,        0,  29.6,   1.9,  25.5,  1.248, -0.010,  0.000,2226576.7,  1,  22.2,   1.0, 0.100
2025-10-22 12:36:15,        0,  29.8,   2.3,  25.5,  1.201, -0.011,  0.000,2226566.5,  1,  22.2,   1.0, 0.100
2025-10-22 12:36:17,        0,  29.8,   2.3,  25.5,  1.140, -0.011,  0.000,2226553.9,  1,  22.2,   1.0, 0.100
2025-10-22 12:36:18,        0,  29.6,   1.8,  25.5,  1.106, -0.011,  0.000,2226543.0,  1,  22.2,   1.0, 0.100
2025-10-22 12:36:19,        0,  29.7,   2.1,  25.5,  1.062, -0.012,  0.000,2226531.7,  1,  22.2,   1.0, 0.100
2025-10-22 12:36:19,        0,  29.7,   2.1,  25.5,  1.038, -0.012,  0.000,2226520.1,  1,  22.2,   1.0, 0.100
2025-10-22 12:36:21,        0,  29.7,   2.1,  25.5,  1.008, -0.012,  0.000,2226505.9,  1,  22.2,   1.0, 0.100
2025-10-22 12:36:22,        0,  29.8,   2.3,  25.5,  0.989, -0.012,  0.000,2226494.4,  1,  22.2,   1.0, 0.100
2025-10-22 12:36:23,        0,  29.9,   2.6,  25.5,  0.971, -0.012,  0.000,2226482.8,  1,  22.2,   1.0, 0.100
2025-10-22 12:36:23,        0,  29.8,   2.5,  25.5,  0.946, -0.012,  0.000,2226470.9,  1,  22.2,   1.0, 0.100
2025-10-22 12:36:24,        0,  29.9,   2.6,  25.5,  0.931, -0.012,  0.000,2226460.0,  1,  22.2,   1.0, 0.100
2025-10-22 12:36:26,        0,  29.9,   2.6,  25.5,  2.431,  1.170,  0.007,2227328.8,  1,  22.2,   1.0, 0.100
2025-10-22 12:36:27,        0,  29.8,   2.5,  25.5,  1.734,  0.143,  0.000,2227539.0,  1,  22.2,   1.0, 0.100
2025-10-22 12:36:28,        0,  29.8,   2.5,  25.5,  1.319, -0.004,  0.000,2227540.6,  1,  22.2,   1.0, 0.100
2025-10-22 12:36:28,        0,  29.8,   2.5,  25.5,  1.248, -0.008,  0.000,2227533.1,  1,  22.2,   1.0, 0.100
2025-10-22 12:36:30,        0,  29.8,   2.5,  25.5,  1.173, -0.010,  0.000,2227521.6,  1,  22.2,   1.0, 0.100
2025-10-22 12:36:31,        0,  29.9,   2.6,  25.5,  1.131, -0.010,  0.000,2227511.7,  1,  22.2,   1.0, 0.100
2025-10-22 12:36:32,        0,  29.9,   2.6,  25.5,  1.094, -0.011,  0.000,2227500.8,  1,  22.2,   1.0, 0.100
2025-10-22 12:36:32,        0,  29.8,   2.5,  25.5,  6.148,  3.969,  0.026,2229406.9,  1,  22.2,   1.0, 0.100
2025-10-22 12:36:33,        0,  29.9,   2.6,  25.5,  4.920,  2.794,  0.018,2232006.7,  1,  22.2,   1.0, 0.100
2025-10-22 12:36:35,        0,  29.7,   2.1,  25.5,  1.502,  0.032,  0.000,2232225.5,  1,  22.2,   1.0, 0.100
2025-10-22 12:36:36,        0,  29.7,   2.1,  25.5,  1.341, -0.002,  0.000,2232224.2,  1,  22.2,   1.0, 0.100
2025-10-22 12:36:36,        0,  29.7,   2.1,  25.5,  1.267, -0.009,  0.000,2232215.9,  1,  22.2,   1.0, 0.100
2025-10-22 12:36:37,        0,  29.8,   2.3,  25.5,  1.191, -0.010,  0.000,2232206.4,  1,  22.2,   1.0, 0.100
2025-10-22 12:36:39,        0,  29.8,   2.3,  25.5,  1.150, -0.011,  0.000,2232193.6,  1,  22.2,   1.0, 0.100
2025-10-22 12:36:40,        0,  29.7,   2.1,  25.5,  1.097, -0.011,  0.000,2232182.7,  1,  22.2,   1.0, 0.100
2025-10-22 12:36:41,        0,  29.7,   2.1,  25.5,  1.067, -0.011,  0.000,2232172.1,  1,  22.2,   1.0, 0.100
2025-10-22 12:36:41,        0,  29.8,   2.3,  25.5,  1.041, -0.012,  0.000,2232160.7,  1,  22.2,   1.0, 0.100
2025-10-22 12:36:43,        0,  29.0,   0.0,  25.5,  1.007, -0.012,  0.000,2232146.5,  1,  22.2,   1.0, 0.100
2025-10-22 12:36:44,        0,  29.8,   2.3,  25.5,  0.977, -0.012,  0.000,2232135.0,  1,  22.2,   1.0, 0.100
2025-10-22 12:36:45,        0,  29.9,   2.6,  25.5,  0.959, -0.012,  0.000,2232123.7,  1,  22.2,   1.0, 0.100
2025-10-22 12:36:45,        0,  29.7,   2.1,  25.5,  0.942, -0.012,  0.000,2232112.1,  1,  22.2,   1.0, 0.100
2025-10-22 12:36:47,        0,  29.8,   2.5,  25.5,  0.919, -0.012,  0.000,2232098.5,  1,  22.2,   1.0, 0.100
2025-10-22 12:36:48,        0,  29.8,   2.5,  25.5,  0.904, -0.012,  0.000,2232087.6,  1,  22.2,   1.0, 0.100
2025-10-22 12:36:49,        0,  29.8,   2.3,  25.5,  0.882, -0.011,  0.000,2232076.9,  1,  22.2,   1.0, 0.100
2025-10-22 12:36:49,        0,  29.8,   2.3,  25.5,  0.869, -0.000,  0.000,2232066.2,  1,  22.2,   1.0, 0.100
2025-10-22 12:36:51,        0,  29.8,   2.5,  25.5,  0.850, -0.011,  0.000,2232052.8,  1,  22.2,   1.0, 0.100
2025-10-22 12:36:52,        0,  29.8,   2.3,  25.5,  0.838, -0.011,  0.000,2232042.4,  1,  22.2,   1.0, 0.100
2025-10-22 12:36:53,        0,  29.9,   2.6,  25.5,  0.826, -0.011,  0.000,2232032.1,  1,  22.2,   1.0, 0.100
2025-10-22 12:36:53,        0,  29.8,   2.3,  25.5,  0.809, -0.011,  0.000,2232022.0,  1,  22.2,   1.0, 0.100
2025-10-22 12:36:55,        0,  29.9,   2.6,  25.5,  0.798, -0.010,  0.000,2232009.7,  1,  22.2,   1.0, 0.100
2025-10-22 12:36:56,        0,  29.9,   2.6,  25.5,  0.782, -0.011,  0.000,2232110.0,  1,  22.2,   1.0, 0.100
2025-10-22 12:36:56,        0,  29.8,   2.3,  25.5,  5.672,  3.474,  0.021,2235182.8,  1,  22.2,   1.0, 0.100
2025-10-22 12:36:57,        0,  29.6,   1.9,  25.5,  1.604,  0.076,  0.000,2235282.6,  1,  22.2,   0.9, 0.100
2025-10-22 12:36:59,        0,  29.6,   1.9,  25.5,  1.304, -0.005,  0.000,2235280.7,  1,  22.2,   1.0, 0.100
2025-10-22 12:37:00,        0,  29.6,   1.9,  25.5,  1.236, -0.009,  0.000,2235271.9,  1,  22.2,   1.0, 0.100
2025-10-22 12:37:01,        0,  29.8,   2.3,  25.5,  1.165, -0.010,  0.000,2235262.3,  1,  22.2,   1.0, 0.100
2025-10-22 12:37:01,        0,  29.8,   2.5,  25.5,  1.124, -0.011,  0.000,2235252.0,  1,  22.2,   1.0, 0.100
2025-10-22 12:37:03,        0,  29.8,   2.3,  25.5,  1.070, -0.011,  0.000,2235239.0,  1,  22.2,   1.0, 0.100
2025-10-22 12:37:04,        0,  29.7,   2.1,  25.5,  1.041, -0.011,  0.000,2235228.5,  1,  22.2,   1.0, 0.100
2025-10-22 12:37:05,        0,  29.8,   2.3,  25.5,  1.015, -0.011,  0.000,2235217.8,  1,  22.2,   0.9, 0.100
2025-10-22 12:37:05,        0,  29.8,   2.3,  25.5,  0.980, -0.012,  0.000,2235206.5,  1,  22.2,   0.9, 0.100
2025-10-22 12:37:06,        0,  29.8,   2.3,  25.5,  0.960, -0.011,  0.000,2235195.4,  1,  22.2,   1.0, 0.100
2025-10-22 12:37:08,        0,  29.8,   2.5,  25.5,  0.931, -0.011,  0.000,2235182.2,  1,  22.2,   1.0, 0.100
2025-10-22 12:37:09,        0,  29.8,   2.3,  25.5,  0.913, -0.012,  0.000,2235171.3,  1,  22.2,   1.0, 0.100
2025-10-22 12:37:09,        0,  29.8,   2.5,  25.5,  0.896, -0.011,  0.000,2235161.0,  1,  22.2,   1.0, 0.100
2025-10-22 12:37:10,        0,  29.8,   2.3,  25.5,  0.872, -0.011,  0.000,2235150.8,  1,  22.2,   1.0, 0.100
2025-10-22 12:37:12,        0,  29.8,   2.3,  25.5,  0.849, -0.011,  0.000,2235138.2,  1,  22.2,   1.0, 0.100
2025-10-22 12:37:13,        0,  29.8,   2.3,  25.5,  0.835, -0.011,  0.000,2235128.1,  1,  22.2,   1.0, 0.100
2025-10-22 12:37:14,        0,  29.8,   2.3,  25.5,  0.821, -0.010,  0.000,2235118.1,  1,  22.2,   1.0, 0.100
2025-10-22 12:37:14,        0,  29.8,   2.5,  25.5,  0.802, -0.010,  0.000,2235108.2,  1,  22.2,   1.0, 0.100
2025-10-22 12:37:16,        0,  29.8,   2.5,  25.5,  0.790, -0.011,  0.000,2235095.9,  1,  22.2,   1.0, 0.100
2025-10-22 12:37:17,        0,  29.8,   2.5,  25.5,  0.772, -0.010,  0.000,2235086.2,  1,  22.2,   1.0, 0.100
2025-10-22 12:37:18,        0,  29.8,   2.5,  25.5,  0.761, -0.010,  0.000,2235076.6,  1,  22.2,   1.0, 0.100
2025-10-22 12:37:18,        0,  29.8,   2.5,  25.5,  0.750, -0.010,  0.000,2235067.6,  1,  22.2,   1.0, 0.100
2025-10-22 12:37:19,        0,  29.8,   2.5,  25.5,  0.734, -0.010,  0.000,2235058.4,  1,  22.2,   1.0, 0.100
2025-10-22 12:37:21,        0,  29.9,   2.6,  25.5,  0.725, -0.009,  0.000,2235047.7,  1,  22.2,   1.0, 0.100
2025-10-22 12:37:22,        0,  29.8,   2.3,  25.5,  0.709, -0.009,  0.000,2235038.7,  1,  22.2,   1.0, 0.100
2025-10-22 12:37:23,        0,  29.8,   2.5,  25.5,  0.699, -0.009,  0.000,2235030.1,  1,  22.2,   1.0, 0.100
2025-10-22 12:37:23,        0,  29.8,   2.3,  25.5,  0.690, -0.009,  0.000,2235021.1,  1,  22.2,   1.0, 0.100
2025-10-22 12:37:25,        0,  29.8,   2.5,  25.5,  0.676, -0.009,  0.000,2235010.8,  1,  22.2,   1.0, 0.100
2025-10-22 12:37:26,        0,  29.8,   2.5,  25.5,  0.664, -0.009,  0.000,2235002.4,  1,  22.2,   1.0, 0.100
2025-10-22 12:37:27,        0,  29.9,   2.6,  25.5,  0.655, -0.009,  0.000,2234994.5,  1,  22.2,   1.0, 0.100
2025-10-22 12:37:27,        0,  29.9,   2.8,  25.5,  0.647, -0.008,  0.000,2234986.3,  1,  22.2,   1.0, 0.100
2025-10-22 12:37:28,        0,  29.8,   2.5,  25.5,  6.559,  4.338,  0.028,2238204.5,  1,  22.2,   1.0, 0.100
2025-10-22 12:37:30,        0,  29.3,   0.9,  25.5,  1.517,  0.052,  0.000,2238359.2,  1,  22.2,   1.0, 0.100
2025-10-22 12:37:31,        0,  29.7,   2.1,  25.5,  1.262, -0.005,  0.000,2238358.1,  1,  22.2,   1.0, 0.100
2025-10-22 12:37:31,        0,  29.8,   2.3,  25.5,  1.198, -0.009,  0.000,2238350.4,  1,  22.2,   1.0, 0.100
2025-10-22 12:37:32,        0,  29.7,   2.1,  25.5,  1.148, -0.010,  0.000,2238340.9,  1,  22.2,   1.0, 0.100
2025-10-22 12:37:34,        0,  29.7,   2.1,  25.5,  1.085, -0.010,  0.000,2238329.4,  1,  22.2,   1.0, 0.100
2025-10-22 12:37:35,        0,  29.6,   1.9,  25.5,  1.049, -0.011,  0.000,2238319.3,  1,  22.2,   1.0, 0.100
2025-10-22 12:37:36,        0,  29.8,   2.3,  25.5,  1.004, -0.011,  0.000,2238309.1,  1,  22.2,   1.0, 0.100
2025-10-22 12:37:36,        0,  29.7,   2.1,  25.4,  0.979, -0.011,  0.000,2238298.4,  1,  22.2,   1.0, 0.100
2025-10-22 12:37:38,        0,  29.7,   2.1,  25.5,  0.944, -0.011,  0.000,2238286.0,  1,  22.2,   1.0, 0.100
2025-10-22 12:37:39,        0,  29.7,   2.1,  25.5,  0.923, -0.011,  0.000,2238275.3,  1,  22.2,   1.0, 0.100
2025-10-22 12:37:40,        0,  29.7,   2.1,  25.5,  0.903, -0.011,  0.000,2238265.1,  1,  22.2,   1.0, 0.100
2025-10-22 12:37:40,        0,  29.8,   2.3,  25.5,  0.876, -0.010,  0.000,2238255.0,  1,  22.2,   1.0, 0.100
2025-10-22 12:37:41,        0,  29.8,   2.3,  25.5,  0.859, -0.011,  0.000,2238245.0,  1,  22.2,   1.0, 0.100
2025-10-22 12:37:43,        0,  29.8,   2.3,  25.5,  0.834, -0.010,  0.000,2238233.0,  1,  22.2,   1.0, 0.100
2025-10-22 12:37:44,        0,  29.8,   2.3,  25.5,  0.819, -0.010,  0.000,2238223.4,  1,  22.2,   1.0, 0.100
2025-10-22 12:37:45,        0,  29.7,   2.1,  25.5,  0.804, -0.009,  0.000,2238213.7,  1,  22.2,   1.0, 0.100
2025-10-22 12:37:45,        0,  29.8,   2.3,  25.5,  0.783, -0.009,  0.000,2238204.7,  1,  22.2,   1.0, 0.100
2025-10-22 12:37:47,        0,  29.8,   2.3,  25.5,  0.763, -0.010,  0.000,2238193.4,  1,  22.2,   1.0, 0.100
2025-10-22 12:37:48,        0,  29.7,   2.1,  25.5,  0.751, -0.010,  0.000,2238184.4,  1,  22.2,   1.0, 0.100
2025-10-22 12:37:49,        0,  29.8,   2.3,  25.5,  0.738, -0.009,  0.000,2238175.4,  1,  22.2,   1.0, 0.100
2025-10-22 12:37:49,        0,  29.8,   2.3,  25.5,  0.721, -0.010,  0.000,2238166.6,  1,  22.2,   1.0, 0.100
2025-10-22 12:37:50,        0,  29.8,   2.3,  25.5,  0.709, -0.009,  0.000,2238158.0,  1,  22.2,   1.0, 0.100
2025-10-22 12:37:52,        0,  29.8,   2.3,  25.5,  0.694, -0.009,  0.000,2238147.7,  1,  22.2,   1.0, 0.100
2025-10-22 12:37:53,        0,  29.8,   2.3,  25.5,  0.683, -0.009,  0.000,2238139.1,  1,  22.2,   1.0, 0.100
2025-10-22 12:37:53,        0,  29.8,   2.3,  25.5,  0.673, -0.009,  0.000,2238130.8,  1,  22.2,   1.0, 0.100
2025-10-22 12:37:54,        0,  29.7,   2.1,  25.5,  0.658, -0.009,  0.000,2238123.0,  1,  22.2,   1.0, 0.100
2025-10-22 12:37:56,        0,  29.8,   2.3,  25.5,  0.649, -0.009,  0.000,2238112.9,  1,  22.2,   1.0, 0.100
2025-10-22 12:37:57,        0,  29.8,   2.3,  25.4,  0.635, -0.008,  0.000,2238104.8,  1,  22.2,   1.0, 0.100
2025-10-22 12:37:58,        0,  29.8,   2.5,  25.4,  0.626, -0.008,  0.000,2238096.8,  1,  22.2,   1.0, 0.100
2025-10-22 12:37:58,        0,  29.8,   2.3,  25.5,  0.617, -0.008,  0.000,2238089.3,  1,  22.2,   1.0, 0.100
2025-10-22 12:37:59,        0,  29.8,   2.5,  25.5,  0.605, -0.008,  0.000,2238081.7,  1,  22.2,   1.0, 0.100
2025-10-22 12:38:01,        0,  29.8,   2.5,  25.5,  0.596, -0.007,  0.000,2238072.3,  1,  22.2,   1.0, 0.100
2025-10-22 12:38:02,        0,  29.8,   2.3,  25.5,  0.585, -0.007,  0.000,2238065.2,  1,  22.2,   1.0, 0.100
2025-10-22 12:38:02,        0,  29.8,   2.3,  25.4,  0.577, -0.007,  0.000,2238058.0,  1,  22.2,   1.0, 0.100
2025-10-22 12:38:03,        0,  29.8,   2.5,  25.5,  0.569, -0.007,  0.000,2238050.9,  1,  22.2,   1.0, 0.100
2025-10-22 12:38:05,        0,  29.8,   2.5,  25.4,  0.558, -0.007,  0.000,2238042.3,  1,  22.2,   1.0, 0.100
2025-10-22 12:38:06,        0,  29.6,   1.9,  25.5,  0.547, -0.007,  0.000,2238035.6,  1,  22.2,   1.0, 0.100
2025-10-22 12:38:07,        0,  29.8,   2.5,  25.4,  0.540, -0.007,  0.000,2238028.7,  1,  22.2,   1.0, 0.100
2025-10-22 12:38:07,        0,  29.8,   2.3,  25.5,  0.535, -0.007,  0.000,2238021.8,  1,  22.2,   1.0, 0.100
2025-10-22 12:38:09,        0,  29.8,   2.3,  25.5,  0.525, -0.007,  0.000,2238013.8,  1,  22.2,   1.0, 0.100
2025-10-22 12:38:10,        0,  29.8,   2.5,  25.5,  0.518, -0.007,  0.000,2238007.3,  1,  22.2,   1.0, 0.100
2025-10-22 12:38:11,        0,  29.8,   2.3,  25.4,  0.509, -0.007,  0.000,2238000.8,  1,  22.2,   1.0, 0.100
2025-10-22 12:38:11,        0,  29.8,   2.3,  25.4,  0.503, -0.006,  0.000,2237994.3,  1,  22.2,   1.0, 0.100
2025-10-22 12:38:12,        0,  29.8,   2.5,  25.4,  0.497, -0.007,  0.000,2237988.1,  1,  22.2,   1.0, 0.100
2025-10-22 12:38:14,        0,  29.8,   2.5,  25.5,  0.491, -0.007,  0.000,2237980.1,  1,  22.2,   1.0, 0.100
2025-10-22 12:38:15,        0,  29.8,   2.3,  25.4,  0.486, -0.006,  0.000,2237974.2,  1,  22.2,   1.0, 0.100
2025-10-22 12:38:15,        0,  29.8,   2.5,  25.5,  0.479, -0.007,  0.000,2237967.5,  1,  22.2,   1.0, 0.100
2025-10-22 12:38:16,        0,  29.8,   2.5,  25.4,  0.473, -0.006,  0.000,2237961.4,  1,  22.2,   1.0, 0.100
2025-10-22 12:38:18,        0,  29.8,   2.5,  25.5,  0.465, -0.007,  0.000,2237954.1,  1,  22.2,   1.0, 0.100
2025-10-22 12:38:19,        0,  29.8,   2.5,  25.5,  0.461, -0.006,  0.000,2237948.7,  1,  22.2,   1.0, 0.100
2025-10-22 12:38:20,        0,  29.8,   2.3,  25.4,  0.457, -0.007,  0.000,2237942.2,  1,  22.2,   1.0, 0.100
2025-10-22 12:38:20,        0,  29.8,   2.5,  25.5,  0.452, -0.006,  0.000,2237936.5,  1,  22.2,   1.0, 0.100
2025-10-22 12:38:21,        0,  29.8,   2.5,  25.5,  0.447, -0.006,  0.000,2237930.8,  1,  22.2,   1.0, 0.100
2025-10-22 12:38:23,        0,  29.8,   2.3,  25.5,  0.439, -0.007,  0.000,2237923.3,  1,  22.2,   1.0, 0.100
2025-10-22 12:38:24,        0,  29.8,   2.5,  25.4,  0.436, -0.006,  0.000,2237917.6,  1,  22.2,   1.0, 0.100
2025-10-22 12:38:24,        0,  29.8,   2.3,  25.4,  0.432, -0.006,  0.000,2237912.2,  1,  22.2,   1.0, 0.100
2025-10-22 12:38:25,        0,  29.8,   2.3,  25.5,  0.426, -0.006,  0.000,2237906.5,  1,  22.2,   1.0, 0.100
2025-10-22 12:38:27,        0,  29.8,   2.5,  25.5,  0.420, -0.006,  0.000,2237900.3,  1,  22.2,   1.0, 0.100
2025-10-22 12:38:28,        0,  29.8,   2.5,  25.5,  0.416, -0.006,  0.000,2237894.6,  1,  22.2,   1.0, 0.100
2025-10-22 12:38:29,        0,  29.9,   2.6,  25.5,  0.412, -0.005,  0.000,2237889.1,  1,  22.2,   1.0, 0.100
2025-10-22 12:38:29,        0,  29.8,   2.5,  25.5,  0.406, -0.006,  0.000,2237883.5,  1,  22.2,   1.0, 0.100
2025-10-22 12:38:30,        0,  29.8,   2.5,  25.5,  0.401, -0.006,  0.000,2237878.5,  1,  22.2,   1.0, 0.100
2025-10-22 12:38:31,        0,  29.8,   2.5,  25.5,  0.398, -0.005,  0.000,2237873.0,  1,  22.2,   1.0, 0.100
2025-10-22 12:38:33,        0,  29.8,   2.4,  25.5,  0.392, -0.005,  0.000,2237866.3,  1,  22.2,   1.0, 0.100
2025-10-22 12:38:34,        0,  29.9,   2.6,  25.5,  0.388, -0.005,  0.000,2237861.5,  1,  22.2,   1.0, 0.100
2025-10-22 12:38:34,        0,  29.8,   2.5,  25.5,  0.383, -0.005,  0.000,2237856.9,  1,  22.2,   1.0, 0.100
2025-10-22 12:38:35,        0,  29.8,   2.5,  25.4,  0.379, -0.005,  0.000,2237851.8,  1,  22.2,   1.0, 0.100
2025-10-22 12:38:37,        0,  29.8,   2.5,  25.4,  0.373, -0.005,  0.000,2237846.2,  1,  22.2,   1.0, 0.100
2025-10-22 12:38:38,        0,  29.9,   2.6,  25.5,  0.370, -0.005,  0.000,2237841.6,  1,  22.2,   1.0, 0.100
2025-10-22 12:38:39,        0,  29.8,   2.5,  25.4,  0.365, -0.004,  0.000,2237836.8,  1,  22.2,   1.0, 0.100
2025-10-22 12:38:39,        0,  29.9,   2.6,  25.4,  0.361, -0.005,  0.000,2237832.2,  1,  22.2,   1.0, 0.100
2025-10-22 12:38:41,        0,  29.8,   2.5,  25.5,  6.300,  4.322,  0.027,2239901.0,  1,  22.2,   0.9, 0.100
2025-10-22 12:38:42,        0,  29.7,   2.1,  25.4,  1.737,  0.215,  0.000,2240680.3,  1,  22.2,   0.9, 0.100
2025-10-22 12:38:43,        0,  29.8,   2.3,  25.4,  1.280,  0.011,  0.000,2240693.5,  1,  22.2,   1.0, 0.100
2025-10-22 12:38:43,        0,  29.6,   1.9,  25.4,  1.131, -0.006,  0.000,2240689.3,  1,  22.2,   0.9, 0.100
2025-10-22 12:38:45,        0,  29.7,   2.1,  25.5,  1.075, -0.008,  0.000,2240680.3,  1,  22.2,   0.9, 0.100
2025-10-22 12:38:46,        0,  29.7,   2.1,  25.4,  1.009, -0.009,  0.000,2240672.1,  1,  22.2,   1.0, 0.100
2025-10-22 12:38:47,        0,  29.7,   2.1,  25.4,  0.973, -0.009,  0.000,2240663.6,  1,  22.2,   1.0, 0.100
2025-10-22 12:38:47,        0,  29.7,   2.1,  25.4,  0.941, -0.010,  0.000,2240653.9,  1,  22.2,   0.9, 0.100
2025-10-22 12:38:49,        0,  29.8,   2.3,  25.4,  0.901, -0.010,  0.000,2240642.8,  1,  22.2,   1.0, 0.100
2025-10-22 12:38:50,        0,  29.7,   2.1,  25.4,  0.876, -0.009,  0.000,2240633.8,  1,  22.2,   1.0, 0.100
2025-10-22 12:38:51,        0,  29.7,   2.1,  25.4,  0.843, -0.009,  0.000,2240625.0,  1,  22.2,   1.0, 0.100
2025-10-22 12:38:51,        0,  29.7,   2.1,  25.4,  0.824, -0.009,  0.000,2240615.8,  1,  22.2,   1.0, 0.100
2025-10-22 12:38:53,        0,  29.7,   2.1,  25.4,  0.796, -0.009,  0.000,2240605.1,  1,  22.2,   1.0, 0.100
2025-10-22 12:38:54,        0,  29.7,   2.1,  25.5,  0.779, -0.009,  0.000,2240596.5,  1,  22.2,   1.0, 0.100
2025-10-22 12:38:55,        0,  29.8,   2.3,  25.5,  0.762, -0.009,  0.000,2240587.9,  1,  22.2,   0.9, 0.100
2025-10-22 12:38:55,        0,  29.7,   2.1,  25.5,  0.739, -0.009,  0.000,2240579.3,  1,  22.2,   1.0, 0.100
2025-10-22 12:38:56,        0,  29.8,   2.3,  25.5,  0.723, -0.009,  0.000,2240571.4,  1,  22.2,   1.0, 0.100
2025-10-22 12:38:58,        0,  29.7,   2.1,  25.4,  0.702, -0.009,  0.000,2240561.3,  1,  22.2,   1.0, 0.100
2025-10-22 12:38:59,        0,  29.7,   2.1,  25.4,  0.689, -0.009,  0.000,2240553.3,  1,  22.2,   1.0, 0.100
2025-10-22 12:38:59,        0,  29.7,   2.1,  25.4,  0.677, -0.008,  0.000,2240545.4,  1,  22.2,   1.0, 0.100
2025-10-22 12:39:00,        0,  29.8,   2.3,  25.4,  0.659, -0.008,  0.000,2240537.6,  1,  22.2,   1.0, 0.100
2025-10-22 12:39:02,        0,  29.7,   2.1,  25.4,  0.640, -0.007,  0.000,2240528.4,  1,  22.2,   1.0, 0.100
2025-10-22 12:39:03,        0,  29.7,   2.1,  25.5,  0.629, -0.007,  0.000,2240521.3,  1,  22.2,   1.0, 0.100
2025-10-22 12:39:04,        0,  29.7,   2.1,  25.4,  0.618, -0.007,  0.000,2240513.7,  1,  22.2,   1.0, 0.100
2025-10-22 12:39:04,        0,  29.8,   2.3,  25.4,  0.606, -0.008,  0.000,2240506.6,  1,  22.2,   1.0, 0.100
2025-10-22 12:39:06,        0,  29.7,   2.1,  25.4,  0.591, -0.007,  0.000,2240498.0,  1,  22.2,   1.0, 0.100
2025-10-22 12:39:07,        0,  29.8,   2.3,  25.5,  0.576, -0.007,  0.000,2240491.1,  1,  22.2,   1.0, 0.100
2025-10-22 12:39:08,        0,  29.8,   2.3,  25.4,  0.565, -0.007,  0.000,2240484.2,  1,  22.2,   1.0, 0.100
2025-10-22 12:39:08,        0,  29.7,   2.1,  25.4,  0.556, -0.007,  0.000,2240477.9,  1,  22.2,   1.0, 0.100
2025-10-22 12:39:09,        0,  29.8,   2.3,  25.4,  0.542, -0.007,  0.000,2240471.4,  1,  22.2,   1.0, 0.100
2025-10-22 12:39:11,        0,  29.6,   1.9,  25.4,  0.532, -0.007,  0.000,2240463.6,  1,  22.2,   0.9, 0.100
2025-10-22 12:39:12,        0,  29.8,   2.3,  25.4,  0.519, -0.007,  0.000,2240457.2,  1,  22.2,   0.9, 0.100
2025-10-22 12:39:13,        0,  29.7,   2.1,  25.4,  0.511, -0.006,  0.000,2240451.3,  1,  22.2,   0.9, 0.100
2025-10-22 12:39:13,        0,  29.7,   2.1,  25.4,  0.502, -0.006,  0.000,2240445.4,  1,  22.2,   0.9, 0.100
2025-10-22 12:39:15,        0,  29.7,   2.1,  25.4,  0.491, -0.006,  0.000,2240438.1,  1,  22.2,   0.9, 0.100
2025-10-22 12:39:16,        0,  29.8,   2.3,  25.5,  0.484, -0.006,  0.000,2240432.2,  1,  22.2,   0.9, 0.100
2025-10-22 12:39:17,        0,  29.7,   2.1,  25.4,  0.471, -0.005,  0.000,2240426.8,  1,  22.2,   0.9, 0.100
2025-10-22 12:39:17,        0,  29.8,   2.3,  25.4,  0.462, -0.005,  0.000,2240421.7,  1,  22.2,   0.9, 0.100
2025-10-22 12:39:18,        0,  29.4,   1.2,  25.4,  0.455, -0.005,  0.000,2240416.1,  1,  22.2,   0.9, 0.100
2025-10-22 12:39:20,        0,  29.7,   2.1,  25.4,  0.444, -0.005,  0.000,2240409.6,  1,  22.2,   0.9, 0.100
2025-10-22 12:39:21,        0,  29.7,   2.1,  25.5,  0.433, -0.005,  0.000,2240404.6,  1,  22.2,   0.9, 0.100
2025-10-22 12:39:22,        0,  29.8,   2.3,  25.4,  0.427, -0.005,  0.000,2240399.3,  1,  22.2,   0.9, 0.100
2025-10-22 12:39:22,        0,  29.8,   2.3,  25.4,  0.421, -0.005,  0.000,2240394.5,  1,  22.2,   0.9, 0.100
2025-10-22 12:39:24,        0,  29.7,   2.1,  25.4,  0.411, -0.005,  0.000,2240388.4,  1,  22.2,   0.8, 0.100
2025-10-22 12:39:25,        0,  29.8,   2.3,  25.4,  0.405, -0.005,  0.000,2240383.6,  1,  22.2,   0.8, 0.100
2025-10-22 12:39:26,        0,  29.8,   2.3,  25.4,  0.394, -0.005,  0.000,2240379.0,  1,  22.2,   0.8, 0.100
2025-10-22 12:39:26,        0,  29.7,   2.1,  25.4,  0.388, -0.005,  0.000,2240374.6,  1,  22.2,   0.8, 0.100
2025-10-22 12:39:28,        0,  29.8,   2.3,  25.4,  0.380, -0.004,  0.000,2240369.4,  1,  22.2,   0.8, 0.100
2025-10-22 12:39:29,        0,  29.7,   2.1,  25.4,  0.374, -0.005,  0.000,2240364.5,  1,  22.2,   0.8, 0.100
2025-10-22 12:39:30,        0,  29.8,   2.3,  25.5,  0.369, -0.005,  0.000,2240359.7,  1,  22.2,   0.9, 0.100
2025-10-22 12:39:30,        0,  29.8,   2.3,  25.4,  0.361, -0.005,  0.000,2240355.5,  1,  22.2,   0.9, 0.100
2025-10-22 12:39:31,        0,  29.7,   2.1,  25.4,  0.356, -0.005,  0.000,2240350.9,  1,  22.2,   0.9, 0.100
2025-10-22 12:39:33,        0,  29.8,   2.3,  25.4,  0.349, -0.005,  0.000,2240346.1,  1,  22.2,   0.9, 0.100
2025-10-22 12:39:34,        0,  29.7,   2.1,  25.4,  0.344, -0.004,  0.000,2240341.9,  1,  22.2,   0.8, 0.100
2025-10-22 12:39:34,        0,  29.8,   2.3,  25.4,  0.340, -0.005,  0.000,2240337.9,  1,  22.2,   0.9, 0.100
2025-10-22 12:39:35,        0,  29.8,   2.3,  25.4,  0.333, -0.004,  0.000,2240333.5,  1,  22.2,   0.9, 0.100
2025-10-22 12:39:37,        0,  29.6,   1.9,  25.5,  0.329, -0.004,  0.000,2240329.1,  1,  22.2,   0.9, 0.100
2025-10-22 12:39:38,        0,  29.7,   2.1,  25.4,  0.323, -0.004,  0.000,2240324.7,  1,  22.2,   0.9, 0.100
2025-10-22 12:39:39,        0,  29.7,   2.1,  25.4,  0.319, -0.004,  0.000,2240320.7,  1,  22.2,   0.9, 0.100
2025-10-22 12:39:39,        0,  29.8,   2.3,  25.4,  0.315, -0.004,  0.000,2240316.5,  1,  22.2,   0.9, 0.100
2025-10-22 12:39:41,        0,  29.7,   2.1,  25.4,  0.311, -0.004,  0.000,2240312.1,  1,  22.2,   0.9, 0.100
2025-10-22 12:39:42,        0,  29.8,   2.3,  25.4,  0.306, -0.004,  0.000,2240308.0,  1,  22.2,   0.9, 0.100
2025-10-22 12:39:43,        0,  29.7,   2.1,  25.4,  0.303, -0.004,  0.000,2240304.4,  1,  22.2,   0.9, 0.100
2025-10-22 12:39:43,        0,  29.8,   2.3,  25.5,  0.300, -0.004,  0.000,2240300.4,  1,  22.2,   0.9, 0.100
2025-10-22 12:39:44,        0,  29.7,   2.1,  25.4,  0.297, -0.004,  0.000,2240296.6,  1,  22.2,   1.0, 0.100
2025-10-22 12:39:46,        0,  29.8,   2.3,  25.4,  0.293, -0.004,  0.000,2240292.0,  1,  22.2,   0.9, 0.100
2025-10-22 12:39:47,        0,  29.7,   2.1,  25.4,  0.289, -0.004,  0.000,2240288.3,  1,  22.2,   0.9, 0.100
2025-10-22 12:39:47,        0,  29.7,   2.1,  25.4,  0.286, -0.004,  0.000,2240284.7,  1,  22.2,   0.9, 0.100
2025-10-22 12:39:48,        0,  29.8,   2.3,  25.4,  0.284, -0.004,  0.000,2240280.7,  1,  22.2,   1.0, 0.100
2025-10-22 12:39:50,        0,  29.8,   2.3,  25.4,  0.281, -0.004,  0.000,2240276.3,  1,  22.2,   1.0, 0.100
2025-10-22 12:39:51,        0,  29.8,   2.3,  25.4,  0.278, -0.003,  0.000,2240273.0,  1,  22.2,   1.0, 0.100
2025-10-22 12:39:52,        0,  29.8,   2.3,  25.4,  0.275, -0.004,  0.000,2240269.4,  1,  22.2,   1.0, 0.100
2025-10-22 12:39:52,        0,  29.8,   2.3,  25.4,  0.273, -0.004,  0.000,2240265.8,  1,  22.2,   1.0, 0.100
2025-10-22 12:39:54,        0,  29.8,   2.3,  25.4,  0.270, -0.004,  0.000,2240261.6,  1,  22.2,   1.0, 0.100
2025-10-22 12:39:55,        0,  29.8,   2.3,  25.4,  0.268, -0.003,  0.000,2240258.1,  1,  22.2,   1.0, 0.100
2025-10-22 12:39:56,        0,  29.8,   2.3,  25.4,  0.266, -0.004,  0.000,2240254.3,  1,  22.2,   1.0, 0.100
2025-10-22 12:39:56,        0,  29.8,   2.5,  25.4,  0.263, -0.003,  0.000,2240250.7,  1,  22.2,   1.0, 0.100
2025-10-22 12:39:57,        0,  29.8,   2.5,  25.4,  0.261, -0.003,  0.000,2240247.4,  1,  22.2,   1.0, 0.100
2025-10-22 12:39:59,        0,  29.8,   2.3,  25.4,  0.258, -0.003,  0.000,2240243.4,  1,  22.2,   0.9, 0.100
2025-10-22 12:40:00,        0,  29.8,   2.3,  25.4,  0.256, -0.003,  0.000,2240239.6,  1,  22.2,   1.0, 0.100
2025-10-22 12:40:00,        0,  29.8,   2.3,  25.4,  0.256, -0.003,  0.000,2240236.5,  1,  22.2,   1.0, 0.100
2025-10-22 12:40:01,        0,  29.8,   2.3,  25.4,  0.253, -0.004,  0.000,2240232.9,  1,  22.2,   1.0, 0.100
2025-10-22 12:40:03,        0,  29.8,   2.3,  25.4,  0.251, -0.003,  0.000,2240229.0,  1,  22.2,   1.0, 0.100
2025-10-22 12:40:04,        0,  29.7,   2.1,  25.4,  0.249, -0.003,  0.000,2240225.8,  1,  22.2,   1.0, 0.100
2025-10-22 12:40:04,        0,  29.8,   2.3,  25.4,  0.247, -0.003,  0.000,2240222.3,  1,  22.2,   0.9, 0.100
2025-10-22 12:40:05,        0,  29.8,   2.3,  25.4,  0.246, -0.004,  0.000,2240219.1,  1,  22.2,   0.9, 0.100
2025-10-22 12:40:07,        0,  29.8,   2.3,  25.4,  0.244, -0.003,  0.000,2240215.3,  1,  22.2,   1.0, 0.100
2025-10-22 12:40:08,        0,  29.8,   2.3,  25.4,  0.241, -0.003,  0.000,2240212.2,  1,  22.2,   0.9, 0.100
2025-10-22 12:40:09,        0,  29.8,   2.3,  25.4,  0.240, -0.004,  0.000,2240208.8,  1,  22.2,   1.0, 0.100
2025-10-22 12:40:09,        0,  29.8,   2.3,  25.4,  0.239, -0.003,  0.000,2240205.9,  1,  22.2,   1.0, 0.100
2025-10-22 12:40:10,        0,  29.8,   2.5,  25.4,  0.237, -0.003,  0.000,2240203.0,  1,  22.2,   1.0, 0.100
2025-10-22 12:40:12,        0,  29.8,   2.3,  25.4,  0.236, -0.003,  0.000,2240199.0,  1,  22.2,   1.0, 0.100
2025-10-22 12:40:13,        0,  29.8,   2.3,  25.4,  0.234, -0.003,  0.000,2240196.3,  1,  22.2,   1.0, 0.100
2025-10-22 12:40:13,        0,  29.7,   2.1,  25.4,  0.233, -0.003,  0.000,2240193.1,  1,  22.2,   1.0, 0.100
2025-10-22 12:40:14,        0,  29.8,   2.3,  25.4,  0.232, -0.003,  0.000,2240190.2,  1,  22.2,   1.0, 0.100
2025-10-22 12:40:16,        0,  29.8,   2.3,  25.4,  0.230, -0.003,  0.000,2240186.4,  1,  22.2,   1.0, 0.100
2025-10-22 12:40:17,        0,  29.8,   2.3,  25.4,  0.229, -0.003,  0.000,2240183.3,  1,  22.2,   1.0, 0.100
2025-10-22 12:40:18,        0,  29.7,   2.1,  25.4,  0.227, -0.003,  0.000,2240180.6,  1,  22.2,   1.0, 0.100
2025-10-22 12:40:18,        0,  29.8,   2.3,  25.4,  0.225, -0.003,  0.000,2240177.6,  1,  22.2,   1.0, 0.100
2025-10-22 12:40:20,        0,  29.7,   2.1,  25.4,  0.225, -0.003,  0.000,2240173.8,  1,  22.2,   1.0, 0.100
2025-10-22 12:40:21,        0,  29.8,   2.3,  25.4,  0.223, -0.003,  0.000,2240170.7,  1,  22.2,   1.0, 0.100
