Time, Cnts,  %T, set_Cell[mA], Cell[°C], Cell[Volt], Cell[mA], Cell[W], Cell[uAs], Cell_ON, Env[°C], TEC[°C], N2Flow[slpm]
2025-11-12 15:09:55,        0,  29.6,   1.8,  24.9,  0.224, -0.001,  0.000,     -1.7,  1,  22.6,   1.0, 0.100
2025-11-12 15:09:56,        0,  29.7,   2.0,  24.9,  0.208, -0.001,  0.000,     -2.9,  1,  22.5,   1.0, 0.100
2025-11-12 15:09:57,        0,  29.7,   2.0,  24.9,  0.198, -0.001,  0.000,     -4.0,  1,  22.6,   1.0, 0.100
2025-11-12 15:09:58,        0,  29.7,   2.0,  25.0,  0.190, -0.001,  0.000,     -5.1,  1,  22.6,   1.0, 0.099
2025-11-12 15:09:59,        0,  29.7,   2.0,  24.9,  0.179, -0.001,  0.000,     -6.6,  1,  22.6,   1.0, 0.099
2025-11-12 15:10:00,        0,  29.7,   2.2,  24.9,  0.173, -0.001,  0.000,     -8.0,  1,  22.6,   1.0, 0.099
2025-11-12 15:10:01,        0,  29.6,   1.8,  24.9,  0.167, -0.001,  0.000,     -8.9,  1,  22.6,   1.0, 0.098
2025-11-12 15:10:02,        0,  29.7,   2.2,  25.0,  0.159, -0.001,  0.000,    -10.3,  1,  22.6,   1.0, 0.098
2025-11-12 15:10:03,        0,  29.7,   2.0,  24.9,  0.153, -0.001,  0.000,    -11.4,  1,  22.6,   1.0, 0.098
2025-11-12 15:10:04,        0,  29.7,   2.0,  25.0,  0.146, -0.001,  0.000,    -12.6,  1,  22.6,   1.0, 0.098
2025-11-12 15:10:05,        0,  29.6,   1.8,  25.0,  0.142, -0.001,  0.000,    -13.7,  1,  22.6,   1.0, 0.098
2025-11-12 15:10:06,        0,  29.7,   2.0,  24.9,  0.137, -0.001,  0.000,    -15.4,  1,  22.6,   1.0, 0.098
2025-11-12 15:10:07,        0,  29.7,   2.0,  25.0,  0.134, -0.001,  0.000,    -16.9,  1,  22.6,   1.0, 0.097
2025-11-12 15:10:08,        0,  29.7,   2.2,  24.9,  0.131, -0.001,  0.000,    -18.3,  1,  22.6,   1.0, 0.098
2025-11-12 15:10:09,        0,  29.7,   2.2,  25.0,  0.127, -0.001,  0.000,    -19.7,  1,  22.6,   1.0, 0.097
2025-11-12 15:10:10,        0,  29.7,   2.2,  24.9,  0.125, -0.001,  0.000,    -20.9,  1,  22.6,   1.0, 0.097
2025-11-12 15:10:11,        0,  29.7,   2.2,  24.9,  0.122, -0.002,  0.000,    -22.3,  1,  22.6,   1.0, 0.097
2025-11-12 15:10:12,        0,  29.8,   2.3,  24.9,  0.121, -0.001,  0.000,    -24.0,  1,  22.6,   1.0, 0.099
2025-11-12 15:10:13,        0,  29.9,   2.7,  25.0,  0.118, -0.001,  0.000,    -25.2,  1,  22.6,   1.0, 0.098
2025-11-12 15:10:14,        0,  30.1,   3.2,  24.9,  4.360,  3.985,  0.019,   2484.5,  1,  22.6,   1.0, 0.098
2025-11-12 15:10:15,        0,  30.4,   4.3,  25.0,  5.761,  5.456,  0.031,   8452.6,  1,  22.6,   1.0, 0.098
2025-11-12 15:10:16,        0,  30.1,   3.4,  24.9,  5.187,  4.715,  0.024,  13250.5,  1,  22.6,   1.0, 0.098
2025-11-12 15:10:17,        0,  30.8,   5.5,  24.9,  6.415,  6.309,  0.041,  19012.6,  1,  22.6,   1.0, 0.100
2025-11-12 15:10:18,        0,  30.8,   5.3,  24.9,  8.151,  8.582,  0.070,  26462.5,  1,  22.6,   0.9, 0.105
2025-11-12 15:10:19,        0,  31.3,   6.9,  25.0,  9.529, 10.383,  0.100,  37928.6,  1,  22.6,   0.9, 0.140
2025-11-12 15:10:20,        0,  32.6,  10.9,  24.9, 10.077, 11.108,  0.112,  47484.4,  1,  22.6,   0.9, 0.110
2025-11-12 15:10:21,        0,  32.9,  11.6,  24.9, 12.278, 14.002,  0.173,  60074.9,  1,  22.6,   0.9, 0.102
2025-11-12 15:10:22,        0,  33.9,  14.6,  24.9, 10.942, 12.233,  0.134,  76302.0,  1,  22.6,   0.9, 0.100
2025-11-12 15:10:23,        0,  35.0,  18.0,  24.9, 16.576, 19.672,  0.326,  93981.5,  1,  22.6,   0.9, 0.099
2025-11-12 15:10:24,        0,  35.9,  20.6,  24.9, 18.513, 22.222,  0.412, 114792.5,  1,  22.5,   0.9, 0.099
2025-11-12 15:10:25,        0,  35.2,  18.5,  24.9, 19.658, 23.764,  0.468, 141571.7,  1,  22.5,   0.8, 0.099
2025-11-12 15:10:26,        0,  38.4,  28.1,  24.9, 22.045, 26.930,  0.598, 165248.7,  1,  22.5,   0.8, 0.099
2025-11-12 15:10:27,        0,  38.6,  28.8,  24.9, 22.633, 27.728,  0.629, 193325.9,  1,  22.6,   0.8, 0.098
2025-11-12 15:10:28,        0,  39.6,  31.8,  24.9, 27.781, 34.605,  0.964, 231503.1,  1,  22.5,   0.8, 0.099
2025-11-12 15:10:29,        0,  38.6,  28.7,  24.9, 26.861, 33.425,  0.898, 262767.8,  1,  22.6,   0.8, 0.099
2025-11-12 15:10:30,        0,  40.6,  34.8,  24.9, 25.452, 31.563,  0.810, 292812.0,  1,  22.6,   0.8, 0.099
2025-11-12 15:10:31,        0,  40.2,  33.6,  24.9, 31.986, 40.293,  1.289, 329830.8,  1,  22.6,   0.8, 0.099
2025-11-12 15:10:32,        0,  42.5,  40.6,  24.9, 34.046, 43.080,  1.472, 375849.5,  1,  22.6,   0.8, 0.100
2025-11-12 15:10:33,        0,  41.0,  36.0,  24.9, 31.638, 39.969,  1.266, 414665.8,  1,  22.6,   0.8, 0.100
2025-11-12 15:10:34,        0,  42.9,  41.8,  24.9, 34.510, 43.832,  1.518, 457852.1,  1,  22.5,   0.8, 0.100
2025-11-12 15:10:35,        0,  41.5,  37.6,  24.9, 35.535, 45.381,  1.620, 510902.9,  1,  22.6,   0.9, 0.103
2025-11-12 15:10:36,        0,  43.0,  42.0,  24.9, 38.303, 49.202,  1.905, 558019.1,  1,  22.5,   0.9, 0.102
2025-11-12 15:10:37,        0,  42.4,  40.1,  24.9, 23.445, 29.168,  0.706, 592016.6,  1,  22.5,   0.9, 0.101
2025-11-12 15:10:38,        0,  40.4,  34.3,  24.9, 38.215, 49.186,  1.884, 645713.7,  1,  22.6,   0.9, 0.100
2025-11-12 15:10:39,        0,  41.8,  38.5,  24.9, 38.486, 49.578,  1.910, 688707.2,  1,  22.5,   0.9, 0.100
2025-11-12 15:10:40,        0,  42.1,  39.2,  24.9, 34.113, 43.676,  1.503, 730497.8,  1,  22.6,   0.9, 0.100
2025-11-12 15:10:41,        0,  42.1,  39.4,  24.9, 34.979, 44.936,  1.577, 781874.7,  1,  22.5,   0.9, 0.100
2025-11-12 15:10:42,        0,  40.8,  35.3,  24.9, 33.556, 42.948,  1.444, 822365.9,  1,  22.6,   0.9, 0.100
2025-11-12 15:10:43,        0,  41.4,  37.1,  25.0, 32.597, 41.606,  1.358, 861662.3,  1,  22.5,   0.9, 0.100
2025-11-12 15:10:44,        0,  40.8,  35.3,  24.9, 31.732, 40.453,  1.285, 900678.1,  1,  22.5,   0.9, 0.101
2025-11-12 15:10:45,        0,  38.0,  27.1,  25.0, 32.565, 41.594,  1.365, 944232.1,  1,  22.6,   0.9, 0.100
2025-11-12 15:10:46,        0,  39.4,  31.3,  24.9, 29.597, 37.538,  1.111, 977448.5,  1,  22.6,   0.9, 0.100
2025-11-12 15:10:47,        0,  39.6,  31.8,  24.9, 30.253, 38.365,  1.161,1012716.8,  1,  22.5,   0.9, 0.100
2025-11-12 15:10:48,        0,  39.8,  32.3,  24.9, 27.565, 34.682,  0.962,1054056.4,  1,  22.5,   0.9, 0.100
2025-11-12 15:10:49,        0,  40.2,  33.7,  25.0, 26.219, 32.844,  0.862,1087288.4,  1,  22.5,   0.9, 0.100
2025-11-12 15:10:50,        0,  38.3,  28.0,  24.9, 28.119, 35.434,  1.004,1118742.2,  1,  22.5,   0.9, 0.100
2025-11-12 15:10:51,        0,  36.3,  22.0,  25.0, 26.679, 33.399,  0.892,1149470.1,  1,  22.5,   0.9, 0.100
2025-11-12 15:10:52,        0,  38.4,  28.1,  25.0, 22.974, 28.354,  0.652,1182770.8,  1,  22.6,   0.9, 0.100
2025-11-12 15:10:53,        0,  38.1,  27.4,  25.0, 22.983, 28.320,  0.658,1209976.7,  1,  22.5,   0.9, 0.100
2025-11-12 15:10:54,        0,  36.7,  23.0,  25.0, 26.292, 32.778,8005.878,1238443.9,  1,  22.6,   0.9, 0.100
2025-11-12 15:10:55,        0,  37.4,  25.3,  25.0, 21.729, 26.604,  0.579,1261573.8,  1,  22.6,   0.9, 0.100
2025-11-12 15:10:56,        0,  32.9,  11.6,  25.0, 15.900, 18.816,  0.367,1288989.9,  1,  22.5,   0.9, 0.100
2025-11-12 15:10:57,        0,  37.0,  23.9,  25.0, 19.433, 23.495,  0.487,1311866.9,  1,  22.5,   0.9, 0.100
2025-11-12 15:10:58,        0,  38.1,  27.3,  25.0, 23.994, 29.590,  0.710,1339139.9,  1,  22.5,   0.9, 0.100
2025-11-12 15:10:59,        0,  38.2,  27.6,  25.0, 16.375, 19.372,  0.321,1367212.8,  1,  22.6,   0.9, 0.100
2025-11-12 15:11:00,        0,  36.8,  23.4,  25.0, 25.411, 31.470,  0.800,1396461.9,  1,  22.5,   0.9, 0.100
2025-11-12 15:11:01,        0,  40.8,  35.3,  25.0, 22.028, 26.927,  0.594,1421262.4,  1,  22.5,   0.9, 0.100
2025-11-12 15:11:02,        0,  39.1,  30.4,  25.0, 29.127, 36.446,  1.064,1454723.2,  1,  22.5,   0.9, 0.100
2025-11-12 15:11:03,        0,  36.4,  22.3,  25.0, 23.151, 28.427,  0.660,1487621.7,  1,  22.5,   0.9, 0.100
2025-11-12 15:11:04,        0,  38.0,  27.1,  25.0, 24.131, 36.224,  1.054,1518171.6,  1,  22.5,   0.9, 0.100
2025-11-12 15:11:05,        0,  40.2,  33.6,  25.0, 27.896, 34.752,  0.974,1549916.6,  1,  22.5,   0.9, 0.100
2025-11-12 15:11:06,        0,  40.4,  34.3,  25.0, 26.606, 33.042,  0.880,1581916.4,  1,  22.5,   0.9, 0.100
2025-11-12 15:11:07,        0,  39.1,  30.4,  25.0, 24.527, 30.239,  0.751,1620224.6,  1,  22.5,   0.9, 0.100
2025-11-12 15:11:08,        0,  42.2,  39.5,  25.0, 33.459, 42.225,  1.416,1659033.1,  1,  22.5,   0.9, 0.100
2025-11-12 15:11:09,        0,  40.3,  33.8,  25.0, 30.148, 37.876,  1.160,1696721.4,  1,  22.5,   0.9, 0.100
2025-11-12 15:11:10,        0,  42.7,  41.1,  25.0, 35.495, 45.028,  1.604,1737218.1,  1,  22.5,   0.9, 0.101
2025-11-12 15:11:11,        0,  43.8,  44.3,  25.0, 36.220, 46.099,  1.678,1788219.7,  1,  22.5,   0.9, 0.100
2025-11-12 15:11:12,        0,  40.3,  33.9,  25.0, 29.849, 37.572,  1.122,1827200.0,  1,  22.5,   0.9, 0.100
2025-11-12 15:11:13,        0,  42.2,  39.5,  25.0, 32.683, 41.369,  1.357,1864994.2,  1,  22.6,   0.9, 0.100
2025-11-12 15:11:14,        0,  43.4,  43.2,  25.0, 36.144, 46.055,  1.666,1908406.2,  1,  22.5,   0.9, 0.100
2025-11-12 15:11:15,        0,  45.0,  48.1,  25.0, 36.438, 46.487,  1.715,1964765.0,  1,  22.5,   0.9, 0.100
2025-11-12 15:11:16,        0,  45.9,  50.8,  25.0, 39.896, 51.406,  2.051,2014486.7,  1,  22.5,   0.9, 0.100
2025-11-12 15:11:17,        0,  43.6,  43.8,  25.0, 35.720, 45.758,  1.638,2062393.7,  1,  22.5,   0.9, 0.100
2025-11-12 15:11:18,        0,  41.1,  36.4,  25.0, 42.061, 54.371,  2.290,2112255.1,  1,  22.5,   0.9, 0.100
2025-11-12 15:11:19,        0,  44.1,  45.2,  25.0, 37.668, 48.463,  1.827,2163197.4,  1,  22.5,   0.9, 0.100
2025-11-12 15:11:20,        0,  45.0,  48.0,  25.0, 41.541, 53.672,  2.232,2214053.1,  1,  22.5,   0.9, 0.100
2025-11-12 15:11:21,        0,  44.6,  46.9,  25.0, 44.380, 57.673,  2.562,2267178.5,  1,  22.5,   0.9, 0.100
2025-11-12 15:11:22,        0,  43.6,  43.8,  25.0, 39.580, 51.218,  2.030,2316060.0,  1,  22.5,   0.9, 0.100
2025-11-12 15:11:23,        0,  43.7,  44.1,  25.0, 41.006, 53.230,  2.187,2366493.3,  1,  22.5,   0.9, 0.100
2025-11-12 15:11:24,        0,  43.7,  44.1,  25.0, 35.523, 45.805,  1.633,2420778.5,  1,  22.5,   0.9, 0.100
2025-11-12 15:11:25,        0,  45.8,  50.4,  25.0, 37.734, 48.772,  1.841,2467879.8,  1,  22.5,   0.9, 0.100
2025-11-12 15:11:26,        0,  45.0,  48.1,  25.0, 43.204, 56.347,  2.436,2521755.3,  1,  22.4,   0.9, 0.100
2025-11-12 15:11:27,        0,  47.3,  55.0,  25.0, 35.867, 46.281,  1.662,2570358.8,  1,  22.5,   0.9, 0.100
2025-11-12 15:11:28,        0,  44.9,  47.8,  25.0, 33.093, 42.474,  1.434,2628957.5,  1,  22.5,   0.8, 0.100
2025-11-12 15:11:29,        0,  45.0,  48.1,  25.0, 40.456, 52.576,  2.137,2680610.4,  1,  22.5,   0.9, 0.100
2025-11-12 15:11:30,        0,  47.0,  53.9,  25.0, 45.065, 59.096,  2.664,2735598.2,  1,  22.4,   0.9, 0.100
2025-11-12 15:11:31,        0,  41.6,  37.8,  25.0, 41.602, 54.331,  2.262,2788254.3,  1,  22.5,   0.9, 0.100
2025-11-12 15:11:32,        0,  42.0,  39.0,  25.1, 45.907, 60.163,  2.763,2850355.7,  1,  22.5,   0.9, 0.100
2025-11-12 15:11:33,        0,  46.6,  52.7,  25.1, 31.357, 40.122,  1.271,2891902.9,  1,  22.4,   0.9, 0.100
2025-11-12 15:11:34,        0,  46.3,  52.0,  25.1, 43.086, 56.186,  2.433,2945721.6,  1,  22.5,   0.9, 0.100
2025-11-12 15:11:35,        0,  46.2,  51.5,  25.1, 30.083, 38.309,  1.157,2990105.7,  1,  22.5,   0.9, 0.100
2025-11-12 15:11:36,        0,  44.1,  45.3,  25.1, 42.485, 55.377,  2.366,3042156.4,  1,  22.5,   0.9, 0.100
2025-11-12 15:11:37,        0,  46.5,  52.5,  25.1, 45.958, 60.240,  2.769,3103124.3,  1,  22.5,   1.0, 0.100
2025-11-12 15:11:38,        0,  45.3,  49.0,  25.1, 29.620, 37.804,  1.127,3146857.5,  1,  22.5,   0.9, 0.100
2025-11-12 15:11:39,        0,  44.3,  45.9,  25.1, 44.258, 57.787,  2.559,3200809.7,  1,  22.5,   0.9, 0.100
2025-11-12 15:11:40,        0,  44.6,  46.7,  25.1, 40.842, 53.106,  2.172,3250568.9,  1,  22.4,   0.9, 0.100
2025-11-12 15:11:41,        0,  42.6,  40.8,  25.1, 41.391, 53.926,  2.235,3312005.5,  1,  22.5,   0.9, 0.100
2025-11-12 15:11:42,        0,  44.4,  46.2,  25.2, 34.892, 45.013,  1.574,3355452.3,  1,  22.5,   0.9, 0.100
2025-11-12 15:11:43,        0,  43.1,  42.2,  25.2, 39.854, 51.773,  2.087,3401217.3,  1,  22.5,   0.9, 0.100
2025-11-12 15:11:44,        0,  40.2,  33.6,  25.2, 35.455, 45.644,  1.620,3444147.1,  1,  22.5,   0.9, 0.100
2025-11-12 15:11:45,        0,  46.7,  53.2,  25.1, 36.882, 47.445,  1.750,3499226.0,  1,  22.5,   0.9, 0.100
2025-11-12 15:11:46,        0,  44.7,  47.1,  25.1, 38.501, 49.706,  1.946,3544765.5,  1,  22.5,   0.9, 0.100
2025-11-12 15:11:47,        0,  40.4,  34.3,  25.2, 35.467, 45.542,  1.618,3588530.8,  1,  22.5,   0.8, 0.100
2025-11-12 15:11:48,        0,  40.0,  32.9,  25.2, 32.753, 41.809,  1.385,3625392.7,  1,  22.5,   0.8, 0.100
2025-11-12 15:11:49,        0,  43.3,  43.0,  25.2, 38.539, 49.671,  1.919,3681659.6,  1,  22.5,   0.8, 0.100
2025-11-12 15:11:50,        0,  43.3,  42.9,  25.2, 32.501, 41.471,  1.350,3723035.2,  1,  22.5,   0.8, 0.100
2025-11-12 15:11:51,        0,  42.0,  39.0,  25.2, 35.350, 45.246,  1.601,3765528.9,  1,  22.5,   0.8, 0.100
2025-11-12 15:11:52,        0,  42.2,  39.5,  25.2, 29.264, 36.917,  1.087,3803631.0,  1,  22.5,   0.8, 0.100
2025-11-12 15:11:53,        0,  41.8,  38.3,  25.2, 32.414, 41.133,  1.334,3854704.4,  1,  22.5,   0.8, 0.100
2025-11-12 15:11:54,        0,  41.0,  35.9,  25.2, 29.986, 37.805,  1.134,3892153.9,  1,  22.5,   0.8, 0.100
2025-11-12 15:11:55,        0,  39.1,  30.4,  25.2, 33.604, 42.694,  1.435,3930817.1,  1,  22.5,   0.8, 0.100
2025-11-12 15:11:56,        0,  41.5,  37.4,  25.2, 26.650, 33.258,  0.887,3962982.7,  1,  22.5,   0.8, 0.100
2025-11-12 15:11:57,        0,  41.8,  38.5,  25.2, 30.273, 38.095,  1.155,4009427.2,  1,  22.5,   0.8, 0.100
2025-11-12 15:11:58,        0,  41.4,  37.1,  25.2, 30.441, 38.330,  1.177,4045550.3,  1,  22.5,   0.8, 0.100
2025-11-12 15:11:59,        0,  39.4,  31.3,  25.2, 35.006, 44.477,  1.560,4086425.9,  1,  22.5,   0.8, 0.100
2025-11-12 15:12:00,        0,  36.3,  21.8,  25.2, 29.996, 37.657,  1.130,4119437.6,  1,  22.5,   0.8, 0.100
2025-11-12 15:12:01,        0,  37.2,  24.5,  25.2, 28.190, 35.165,  1.001,4155206.5,  1,  22.5,   0.8, 0.100
2025-11-12 15:12:02,        0,  40.8,  35.5,  25.3, 25.546, 31.579,  0.809,4185716.2,  1,  22.5,   0.8, 0.100
2025-11-12 15:12:03,        0,  37.4,  25.1,  25.3, 25.133, 31.051,  0.784,4219229.2,  1,  22.5,   0.8, 0.100
2025-11-12 15:12:04,        0,  40.5,  34.4,  25.3, 33.798, 42.672,  1.446,4255374.1,  1,  22.5,   0.8, 0.100
2025-11-12 15:12:05,        0,  37.0,  23.9,  25.3, 22.068, 26.884,  0.594,4292073.0,  1,  22.5,   0.8, 0.100
2025-11-12 15:12:06,        0,  38.4,  28.3,  25.3, 21.421, 25.935,  0.581,4319035.9,  1,  22.5,   0.8, 0.100
2025-11-12 15:12:07,        0,  38.0,  26.9,  25.3, 25.963, 32.028,  0.832,4349569.0,  1,  22.5,   0.8, 0.100
2025-11-12 15:12:08,        0,  35.0,  18.1,  25.3, 23.406, 28.582,  0.695,4378091.0,  1,  22.5,   0.8, 0.100
2025-11-12 15:12:09,        0,  38.4,  28.1,  25.3, 22.838, 27.783,  0.648,4409935.9,  1,  22.5,   0.8, 0.100
2025-11-12 15:12:10,        0,  39.3,  30.8,  25.3, 15.459, 17.962,  0.293,4432284.2,  1,  22.4,   0.8, 0.100
2025-11-12 15:12:11,        0,  37.4,  25.1,  25.3, 26.412, 32.489,  0.859,4463158.1,  1,  22.5,   0.8, 0.100
2025-11-12 15:12:12,        0,  37.3,  24.8,  25.3, 25.693, 31.537,  0.811,4491824.6,  1,  22.5,   0.8, 0.100
2025-11-12 15:12:13,        0,  36.0,  20.9,  25.3, 20.077, 24.042,  0.483,4520602.2,  1,  22.5,   0.8, 0.100
2025-11-12 15:12:14,        0,  35.7,  20.2,  25.3, 21.935, 26.506,  0.584,4544283.6,  1,  22.5,   0.8, 0.100
2025-11-12 15:12:15,        0,  35.6,  19.7,  25.3, 18.953, 22.505,  0.429,4566480.5,  1,  22.5,   0.8, 0.100
2025-11-12 15:12:16,        0,  34.6,  16.7,  25.3, 23.980, 29.146,  0.701,4591855.5,  1,  22.5,   0.8, 0.100
2025-11-12 15:12:17,        0,  32.9,  11.8,  25.3, 16.669, 19.468,  0.326,4610119.2,  1,  22.5,   0.9, 0.100
2025-11-12 15:12:18,        0,  37.4,  25.1,  25.3, 17.941, 21.097,  0.388,4631904.2,  1,  22.5,   0.9, 0.100
2025-11-12 15:12:19,        0,  32.4,  10.2,  25.3, 23.177, 28.030,  0.653,4654694.2,  1,  22.5,   0.9, 0.100
2025-11-12 15:12:20,        0,  35.7,  20.1,  25.3, 18.091, 21.279,  0.387,4672314.6,  1,  22.5,   0.9, 0.100
2025-11-12 15:12:21,        0,  33.1,  12.4,  25.3, 16.241, 18.842,  0.307,4692095.1,  1,  22.5,   0.9, 0.100
2025-11-12 15:12:22,        0,  33.5,  13.6,  25.3, 19.829, 23.536,  0.470,4713836.5,  1,  22.5,   0.9, 0.100
2025-11-12 15:12:23,        0,  35.5,  19.5,  25.3, 18.057, 21.204,  0.386,4733506.3,  1,  22.5,   0.9, 0.100
2025-11-12 15:12:24,        0,  34.4,  16.2,  25.3, 18.260, 21.474,  0.393,4754099.8,  1,  22.5,   0.9, 0.100
2025-11-12 15:12:25,        0,  34.1,  15.3,  25.3, 11.231, 12.257,  0.147,4768447.1,  1,  22.5,   0.9, 0.100
2025-11-12 15:12:26,        0,  34.0,  15.0,  25.3, 14.784, 16.876,  0.251,4789636.6,  1,  22.5,   0.9, 0.100
2025-11-12 15:12:27,        0,  35.8,  20.3,  25.3, 16.001, 18.471,  0.303,4807938.9,  1,  22.5,   0.9, 0.100
2025-11-12 15:12:28,        0,  34.0,  15.0,  25.3, 16.255, 18.812,  0.312,4824474.3,  1,  22.5,   0.9, 0.100
2025-11-12 15:12:29,        0,  34.9,  17.6,  25.3, 15.986, 18.431,  0.295,4841551.1,  1,  22.5,   0.8, 0.100
2025-11-12 15:12:30,        0,  33.1,  12.2,  25.3, 14.932, 17.039,  0.256,4858312.4,  1,  22.5,   0.8, 0.100
2025-11-12 15:12:31,        0,  32.9,  11.8,  25.3, 16.309, 18.837,  0.308,4878030.9,  1,  22.5,   0.9, 0.100
2025-11-12 15:12:32,        0,  32.6,  10.9,  25.3, 14.792, 16.847,  0.251,4892041.6,  1,  22.5,   0.9, 0.100
2025-11-12 15:12:33,        0,  32.6,  10.8,  25.3, 14.385, 16.324,  0.237,4906289.2,  1,  22.5,   0.9, 0.100
2025-11-12 15:12:34,        0,  34.0,  15.1,  25.3, 14.910, 17.002,  0.256,4921254.2,  1,  22.5,   0.9, 0.100
2025-11-12 15:12:35,        0,  32.9,  11.6,  25.3, 13.466, 15.120,  0.204,4939617.3,  1,  22.5,   0.9, 0.100
2025-11-12 15:12:36,        0,  31.0,   6.0,  25.3, 11.427, 12.467,  0.143,4951589.2,  1,  22.4,   0.9, 0.100
2025-11-12 15:12:37,        0,  32.1,   9.4,  25.3, 11.262, 12.255,  0.138,4962345.7,  1,  22.5,   0.9, 0.100
2025-11-12 15:12:38,        0,  32.7,  11.1,  25.3, 12.991, 14.494,  0.191,4976256.3,  1,  22.5,   0.9, 0.100
2025-11-12 15:12:39,        0,  32.0,   9.0,  25.3,  9.199,  9.591,  0.088,4989216.8,  1,  22.5,   0.9, 0.100
2025-11-12 15:12:40,        0,  30.7,   5.0,  25.3, 12.734, 14.155,  0.182,5001576.8,  1,  22.5,   0.9, 0.100
2025-11-12 15:12:41,        0,  32.5,  10.6,  25.3, 10.025, 10.651,  0.108,5010683.7,  1,  22.5,   0.9, 0.100
2025-11-12 15:12:42,        0,  32.8,  11.3,  25.3, 12.159, 13.416,  0.163,5022862.6,  1,  22.5,   0.9, 0.100
2025-11-12 15:12:43,        0,  32.8,  11.3,  25.3,  9.855, 10.443,  0.106,5034420.0,  1,  22.5,   0.9, 0.100
2025-11-12 15:12:44,        0,  30.1,   3.2,  25.3, 11.451, 12.477,  0.143,5048013.3,  1,  22.5,   0.9, 0.100
2025-11-12 15:12:45,        0,  32.6,  10.9,  25.3, 11.642, 12.750,  0.149,5057165.1,  1,  22.5,   0.9, 0.100
2025-11-12 15:12:46,        0,  31.0,   6.0,  25.3,  9.615, 10.124,  0.099,5067424.6,  1,  22.5,   0.9, 0.100
2025-11-12 15:12:47,        0,  32.4,  10.1,  25.3,  7.431,  7.326,  0.055,5074825.4,  1,  22.5,   0.9, 0.100
2025-11-12 15:12:48,        0,  31.8,   8.5,  25.3, 11.345, 12.362,  0.141,5088974.9,  1,  22.5,   0.8, 0.100
2025-11-12 15:12:49,        0,  32.5,  10.4,  25.3,  8.460,  8.649,  0.077,5098958.1,  1,  22.5,   0.8, 0.100
2025-11-12 15:12:50,        0,  30.8,   5.5,  25.3,  7.615,  7.558,  0.059,5108340.8,  1,  22.5,   0.8, 0.100
2025-11-12 15:12:51,        0,  32.2,   9.5,  25.3,  7.427,  7.324,  0.055,5115616.7,  1,  22.5,   0.8, 0.100
2025-11-12 15:12:52,        0,  32.6,  10.8,  25.3,  8.732,  9.004,  0.079,5127344.3,  1,  22.5,   0.8, 0.100
2025-11-12 15:12:53,        0,  31.8,   8.5,  25.3,  8.819,  9.108,  0.081,5137228.2,  1,  22.5,   0.8, 0.100
2025-11-12 15:12:54,        0,  32.2,   9.5,  25.3,  6.400,  6.020,  0.043,5144393.9,  1,  22.5,   0.8, 0.100
2025-11-12 15:12:55,        0,  32.1,   9.4,  25.3,  6.353,  5.962,  0.039,5152489.6,  1,  22.5,   0.8, 0.100
2025-11-12 15:12:56,        0,  30.8,   5.3,  25.3, 10.114, 10.790,  0.109,5162904.9,  1,  22.5,   0.8, 0.100
2025-11-12 15:12:57,        0,  31.6,   7.8,  25.3,  9.775, 10.351,  0.102,5173402.8,  1,  22.5,   0.8, 0.100
2025-11-12 15:12:58,        0,  30.9,   5.8,  25.3,  7.765,  7.771,  0.061,5180359.0,  1,  22.5,   0.8, 0.100
2025-11-12 15:12:59,        0,  32.3,   9.9,  25.3,  7.636,  7.613,  0.058,5188386.7,  1,  22.5,   0.8, 0.100
2025-11-12 15:13:00,        0,  29.8,   2.3,  25.3,  7.688,  7.679,  0.059,5196843.7,  1,  22.5,   0.8, 0.100
2025-11-12 15:13:01,        0,  30.9,   5.8,  25.3,  6.553,  6.245,  0.049,5204400.4,  1,  22.5,   0.8, 0.100
2025-11-12 15:13:02,        0,  29.8,   2.5,  25.3,  4.960,  4.215,  0.024,5209792.5,  1,  22.5,   0.8, 0.100
2025-11-12 15:13:03,        0,  30.8,   5.5,  25.3,  7.157,  7.013,  0.053,5216705.4,  1,  22.5,   0.8, 0.100
2025-11-12 15:13:04,        0,  31.1,   6.4,  25.3,  7.120,  6.953,  0.057,5223645.6,  1,  22.5,   0.8, 0.100
2025-11-12 15:13:05,        0,  31.1,   6.2,  25.3,  7.892,  7.952,  0.063,5233531.7,  1,  22.4,   0.8, 0.100
2025-11-12 15:13:06,        0,  29.8,   2.3,  25.3,  5.659,  5.101,  0.029,5238663.1,  1,  22.5,   0.8, 0.100
2025-11-12 15:13:07,        0,  30.8,   5.5,  25.3,  7.552,  7.524,  0.057,5244439.9,  1,  22.5,   0.8, 0.100
2025-11-12 15:13:08,        0,  30.7,   5.0,  25.3,  6.757,  6.505,  0.044,5251111.5,  1,  22.5,   0.9, 0.100
2025-11-12 15:13:09,        0,  29.0,   0.0,  25.3,  6.322,  5.948,  0.039,5258739.8,  1,  22.5,   0.9, 0.100
2025-11-12 15:13:10,        0,  31.2,   6.5,  25.3,  6.019,  5.609,  0.039,5263895.5,  1,  22.5,   0.9, 0.100
2025-11-12 15:13:11,        0,  31.0,   6.0,  25.3,  7.466,  7.421,  0.056,5271082.6,  1,  22.5,   0.9, 0.100
2025-11-12 15:13:12,        0,  30.4,   4.3,  25.3,  4.346,  3.462,  0.018,5276147.8,  1,  22.5,   0.9, 0.100
2025-11-12 15:13:13,        0,  30.9,   5.8,  25.3,  6.412,  6.079,  0.039,5283452.6,  1,  22.5,   0.9, 0.100
2025-11-12 15:13:14,        0,  30.1,   3.2,  25.3,  4.813,  4.063,  0.024,5288737.8,  1,  22.5,   0.9, 0.100
2025-11-12 15:13:15,        0,  29.3,   0.9,  25.3,  5.677,  5.135,  0.030,5293663.9,  1,  22.5,   1.0, 0.100
2025-11-12 15:13:16,        0,  30.5,   4.4,  25.3,  6.117,  5.710,  0.036,5297606.3,  1,  22.5,   1.0, 0.100
2025-11-12 15:13:17,        0,  29.8,   2.5,  25.3,  6.022,  5.586,  0.036,5302990.8,  1,  22.5,   1.0, 0.100
2025-11-12 15:13:18,        0,  30.6,   4.9,  25.3,  6.435,  6.117,  0.040,5309358.6,  1,  22.5,   1.0, 0.100
2025-11-12 15:13:19,        0,  28.9,   0.0,  25.3,  7.772,  7.821,  0.061,5316100.1,  1,  22.5,   1.0, 0.100
2025-11-12 15:13:20,        0,  30.4,   4.3,  25.3,  5.010,  4.353,  0.028,5319502.8,  1,  22.5,   1.0, 0.100
2025-11-12 15:13:21,        0,  28.9,   0.0,  25.3,  5.899,  5.431,  0.032,5324542.0,  1,  22.5,   1.0, 0.100
2025-11-12 15:13:22,        0,  30.5,   4.6,  25.3,  6.938,  6.771,  0.047,5328815.5,  1,  22.5,   1.0, 0.100
2025-11-12 15:13:23,        0,  29.7,   2.2,  25.3,  6.035,  5.613,  0.034,5334358.0,  1,  22.5,   1.0, 0.100
2025-11-12 15:13:24,        0,  30.4,   4.1,  25.3,  6.147,  5.744,  0.036,5338258.9,  1,  22.5,   1.0, 0.100
2025-11-12 15:13:25,        0,  30.5,   4.4,  25.3,  5.574,  5.028,  0.028,5342030.4,  1,  22.5,   1.0, 0.100
2025-11-12 15:13:26,        0,  30.3,   3.9,  25.3,  5.955,  5.516,  0.033,5348390.6,  1,  22.5,   1.0, 0.100
2025-11-12 15:13:27,        0,  30.6,   4.8,  25.3,  5.820,  5.363,  0.034,5352767.2,  1,  22.5,   0.9, 0.100
2025-11-12 15:13:28,        0,  29.7,   2.0,  25.3,  6.290,  5.945,  0.037,5358513.0,  1,  22.5,   0.9, 0.100
2025-11-12 15:13:29,        0,  30.3,   3.9,  25.3,  2.757,  1.617,  0.008,5361274.8,  1,  22.5,   0.9, 0.100
2025-11-12 15:13:30,        0,  30.2,   3.7,  25.3,  5.698,  5.192,  0.030,5365369.4,  1,  22.5,   0.9, 0.100
2025-11-12 15:13:31,        0,  29.6,   1.8,  25.3,  5.700,  5.196,  0.030,5370463.5,  1,  22.5,   0.9, 0.100
2025-11-12 15:13:32,        0,  29.7,   2.2,  25.3,  5.275,  4.656,  0.025,5373641.1,  1,  22.5,   0.8, 0.100
2025-11-12 15:13:33,        0,  30.5,   4.4,  25.3,  5.503,  4.954,  0.028,5377380.6,  1,  22.5,   0.8, 0.100
2025-11-12 15:13:34,        0,  30.1,   3.2,  25.3,  5.524,  4.978,  0.028,5382296.6,  1,  22.5,   0.8, 0.100
2025-11-12 15:13:35,        0,  29.5,   1.6,  25.3,  3.289,  2.192,  0.009,5385708.9,  1,  22.5,   0.8, 0.100
2025-11-12 15:13:36,        0,  30.0,   2.9,  25.3,  1.838,  0.689,  0.004,5386964.9,  1,  22.5,   0.8, 0.100
2025-11-12 15:13:37,        0,  30.2,   3.7,  25.3,  5.262,  4.651,  0.025,5390864.2,  1,  22.5,   0.8, 0.100
2025-11-12 15:13:38,        0,  29.7,   2.2,  25.3,  5.362,  4.775,  0.027,5395421.4,  1,  22.5,   0.8, 0.100
2025-11-12 15:13:39,        0,  30.2,   3.6,  25.3,  3.697,  2.698,  0.012,5398820.3,  1,  22.5,   0.8, 0.100
2025-11-12 15:13:40,        0,  30.1,   3.4,  25.3,  5.759,  5.292,  0.031,5403583.7,  1,  22.5,   0.8, 0.100
2025-11-12 15:13:41,        0,  30.2,   3.6,  25.3,  5.558,  5.032,  0.028,5408171.1,  1,  22.5,   0.8, 0.100
2025-11-12 15:13:42,        0,  27.3,   0.0,  25.3,  4.409,  3.579,  0.017,5411875.1,  1,  22.5,   0.8, 0.100
2025-11-12 15:13:43,        0,  29.9,   2.7,  25.3,  1.306,  0.045,  0.000,5411966.5,  1,  22.5,   0.8, 0.100
2025-11-12 15:13:44,        0,  29.9,   2.7,  25.3,  1.786,  0.434,  0.001,5412782.0,  1,  22.5,   0.8, 0.100
2025-11-12 15:13:45,        0,  29.6,   1.8,  25.3,  1.199,  0.010,  0.000,5412794.6,  1,  22.5,   0.8, 0.100
2025-11-12 15:13:46,        0,  30.0,   2.9,  25.3,  2.308,  1.366,  0.007,5413363.3,  1,  22.5,   0.8, 0.100
2025-11-12 15:13:47,        0,  29.9,   2.7,  25.3,  5.544,  5.030,  0.028,5417957.9,  1,  22.5,   0.8, 0.100
2025-11-12 15:13:48,        0,  29.7,   2.0,  25.3,  5.051,  4.397,  0.022,5423038.5,  1,  22.5,   0.8, 0.100
2025-11-12 15:13:49,        0,  29.8,   2.5,  25.3,  2.390,  1.246,  0.007,5424881.7,  1,  22.5,   0.8, 0.100
2025-11-12 15:13:50,        0,  30.1,   3.4,  25.3,  5.032,  4.379,  0.022,5428926.4,  1,  22.5,   0.8, 0.100
2025-11-12 15:13:51,        0,  29.7,   2.0,  25.3,  1.690,  0.330,  0.001,5431002.2,  1,  22.6,   0.8, 0.100
2025-11-12 15:13:52,        0,  29.5,   1.6,  25.3,  4.030,  3.130,  0.014,5432497.9,  1,  22.5,   0.8, 0.100
2025-11-12 15:13:53,        0,  29.9,   2.7,  25.3,  2.677,  1.715,  0.009,5433578.4,  1,  22.5,   0.8, 0.100
2025-11-12 15:13:54,        0,  29.7,   2.2,  25.3,  4.296,  3.460,  0.016,5436561.5,  1,  22.5,   0.8, 0.100
2025-11-12 15:13:55,        0,  29.7,   2.0,  25.3,  3.169,  2.210,  0.011,5437981.8,  1,  22.5,   0.8, 0.100
2025-11-12 15:13:56,        0,  29.4,   1.1,  25.3,  4.856,  4.191,  0.022,5439860.2,  1,  22.5,   0.8, 0.100
2025-11-12 15:13:57,        0,  29.8,   2.3,  25.3,  1.335,  0.060,  0.000,5440058.8,  1,  22.5,   0.8, 0.100
2025-11-12 15:13:58,        0,  29.7,   2.0,  25.3,  3.305,  2.250,  0.009,5441178.2,  1,  22.5,   0.8, 0.100
2025-11-12 15:13:59,        0,  30.0,   3.0,  25.2,  5.261,  4.698,  0.025,5444219.2,  1,  22.5,   0.8, 0.100
2025-11-12 15:14:00,        0,  30.0,   3.0,  25.3,  5.327,  4.769,  0.025,5448582.8,  1,  22.5,   0.8, 0.100
2025-11-12 15:14:01,        0,  29.9,   2.7,  25.3,  5.218,  4.629,  0.024,5453697.9,  1,  22.5,   0.8, 0.100
2025-11-12 15:14:02,        0,  29.7,   2.0,  25.3,  5.018,  4.377,  0.022,5457362.9,  1,  22.5,   0.8, 0.100
2025-11-12 15:14:03,        0,  29.8,   2.3,  25.3,  1.273,  0.037,  0.000,5457481.5,  1,  22.5,   0.8, 0.100
2025-11-12 15:14:04,        0,  29.3,   0.8,  25.3,  1.121,  0.001,  0.000,5457482.7,  1,  22.5,   0.8, 0.100
2025-11-12 15:14:05,        0,  29.7,   2.2,  25.3,  1.032, -0.007,  0.000,5457475.6,  1,  22.5,   0.8, 0.100
2025-11-12 15:14:06,        0,  29.9,   2.7,  25.3,  0.993, -0.008,  0.000,5457468.1,  1,  22.5,   0.8, 0.100
2025-11-12 15:14:07,        0,  29.8,   2.3,  25.3,  0.961, -0.008,  0.000,5457460.1,  1,  22.5,   0.8, 0.100
2025-11-12 15:14:08,        0,  29.9,   2.7,  25.3,  0.918, -0.009,  0.000,5457451.3,  1,  22.5,   0.9, 0.100
2025-11-12 15:14:09,        0,  29.8,   2.5,  25.3,  5.010,  4.379,  0.022,5461808.2,  1,  22.5,   0.9, 0.100
2025-11-12 15:14:10,        0,  29.8,   2.5,  25.3,  5.010,  4.378,  0.022,5466045.3,  1,  22.5,   0.9, 0.100
2025-11-12 15:14:11,        0,  29.6,   1.8,  25.3,  2.202,  0.918,  0.003,5467506.2,  1,  22.5,   0.9, 0.100
2025-11-12 15:14:12,        0,  29.8,   2.5,  25.3,  1.208,  0.018,  0.000,5467520.0,  1,  22.5,   0.9, 0.100
2025-11-12 15:14:13,        0,  29.6,   1.8,  25.3,  1.056, -0.003,  0.000,5467516.7,  1,  22.5,   0.9, 0.100
2025-11-12 15:14:14,        0,  29.7,   2.2,  25.3,  2.454,  1.243,  0.004,5468327.6,  1,  22.5,   0.9, 0.100
2025-11-12 15:14:15,        0,  29.8,   2.3,  25.3,  1.198,  0.017,  0.000,5468360.3,  1,  22.5,   0.9, 0.100
2025-11-12 15:14:16,        0,  30.0,   2.9,  25.3,  1.074, -0.001,  0.000,5468359.1,  1,  22.5,   1.0, 0.100
2025-11-12 15:14:17,        0,  30.0,   3.0,  25.3,  4.993,  4.376,  0.022,5473142.6,  1,  22.5,   0.9, 0.100
2025-11-12 15:14:18,        0,  29.7,   2.2,  25.3,  5.003,  4.382,  0.022,5476593.0,  1,  22.5,   0.9, 0.100
2025-11-12 15:14:19,        0,  29.8,   2.3,  25.3,  4.406,  3.666,  0.018,5478248.9,  1,  22.5,   0.9, 0.100
2025-11-12 15:14:20,        0,  29.5,   1.5,  25.3,  1.301,  0.052,  0.000,5478414.8,  1,  22.5,   0.9, 0.100
2025-11-12 15:14:21,        0,  29.7,   2.2,  25.3,  1.069, -0.001,  0.000,5478417.8,  1,  22.5,   0.9, 0.100
2025-11-12 15:14:22,        0,  29.7,   2.2,  25.3,  1.010, -0.007,  0.000,5478412.3,  1,  22.5,   0.9, 0.100
2025-11-12 15:14:23,        0,  29.8,   2.5,  25.3,  0.967, -0.007,  0.000,5478405.2,  1,  22.5,   0.9, 0.100
2025-11-12 15:14:24,        0,  29.7,   2.2,  25.3,  0.913, -0.008,  0.000,5478397.7,  1,  22.5,   0.9, 0.100
2025-11-12 15:14:25,        0,  29.8,   2.5,  25.3,  0.882, -0.008,  0.000,5478388.9,  1,  22.5,   0.9, 0.100
2025-11-12 15:14:26,        0,  29.8,   2.3,  25.3,  0.841, -0.008,  0.000,5478380.5,  1,  22.5,   0.9, 0.100
2025-11-12 15:14:27,        0,  30.0,   2.9,  25.2,  0.818, -0.008,  0.000,5478372.5,  1,  22.5,   0.9, 0.100
2025-11-12 15:14:28,        0,  30.0,   3.0,  25.2,  4.979,  4.377,  0.022,5482574.8,  1,  22.5,   0.9, 0.100
2025-11-12 15:14:29,        0,  29.5,   1.6,  25.3,  4.983,  4.374,  0.022,5486886.9,  1,  22.5,   0.9, 0.100
2025-11-12 15:14:30,        0,  29.7,   2.2,  25.3,  1.350,  0.080,  0.000,5486969.4,  1,  22.5,   0.9, 0.100
2025-11-12 15:14:31,        0,  29.8,   2.3,  25.3,  1.072,  0.000,  0.000,5486971.9,  1,  22.5,   0.9, 0.100
2025-11-12 15:14:32,        0,  29.8,   2.3,  25.3,  1.006, -0.005,  0.000,5486966.9,  1,  22.5,   0.9, 0.100
2025-11-12 15:14:33,        0,  29.6,   1.8,  25.3,  0.959, -0.007,  0.000,5486961.0,  1,  22.6,   0.9, 0.100
2025-11-12 15:14:34,        0,  29.8,   2.3,  25.3,  0.900, -0.007,  0.000,5486952.2,  1,  22.5,   0.9, 0.100
2025-11-12 15:14:35,        0,  29.7,   2.0,  25.3,  0.853, -0.007,  0.000,5486945.5,  1,  22.5,   0.9, 0.100
2025-11-12 15:14:36,        0,  29.9,   2.7,  25.2,  0.825, -0.007,  0.000,5487103.5,  1,  22.5,   0.9, 0.100
2025-11-12 15:14:37,        0,  30.0,   3.0,  25.3,  4.968,  4.375,  0.022,5491266.0,  1,  22.5,   0.9, 0.100
2025-11-12 15:14:38,        0,  29.3,   0.8,  25.3,  3.239,  2.246,  0.011,5495067.6,  1,  22.5,   0.9, 0.100
2025-11-12 15:14:39,        0,  29.4,   1.3,  25.3,  1.451,  0.156,  0.000,5495378.6,  1,  22.5,   0.9, 0.100
2025-11-12 15:14:40,        0,  29.7,   2.0,  25.3,  1.074,  0.001,  0.000,5495384.0,  1,  22.5,   0.9, 0.100
2025-11-12 15:14:41,        0,  29.5,   1.6,  25.2,  1.002, -0.004,  0.000,5495381.1,  1,  22.5,   0.9, 0.100
2025-11-12 15:14:42,        0,  29.7,   2.0,  25.2,  0.954, -0.006,  0.000,5495374.4,  1,  22.5,   0.9, 0.100
2025-11-12 15:14:43,        0,  29.5,   1.6,  25.3,  0.896, -0.007,  0.000,5495366.0,  1,  22.5,   0.9, 0.100
2025-11-12 15:14:44,        0,  29.7,   2.2,  25.3,  0.864, -0.008,  0.000,5495358.4,  1,  22.5,   0.9, 0.100
2025-11-12 15:14:45,        0,  29.7,   2.0,  25.3,  0.822, -0.008,  0.000,5495351.3,  1,  22.5,   0.9, 0.100
2025-11-12 15:14:46,        0,  29.8,   2.5,  25.3,  0.795, -0.008,  0.000,5495343.8,  1,  22.5,   0.8, 0.100
2025-11-12 15:14:47,        0,  29.8,   2.5,  25.3,  0.761, -0.008,  0.000,5495334.6,  1,  22.5,   0.8, 0.100
2025-11-12 15:14:48,        0,  29.8,   2.3,  25.2,  0.740, -0.008,  0.000,5495327.0,  1,  22.5,   0.8, 0.100
2025-11-12 15:14:49,        0,  29.8,   2.5,  25.3,  0.720, -0.008,  0.000,5495319.9,  1,  22.5,   0.8, 0.100
2025-11-12 15:14:50,        0,  30.0,   2.9,  25.3,  0.695, -0.008,  0.000,5495312.3,  1,  22.5,   0.9, 0.100
2025-11-12 15:14:51,        0,  29.8,   2.5,  25.3,  4.958,  4.375,  0.022,5499490.7,  1,  22.5,   0.8, 0.100
2025-11-12 15:14:52,        0,  29.3,   0.9,  25.3,  3.673,  2.763,  0.012,5503120.1,  1,  22.5,   0.8, 0.100
2025-11-12 15:14:53,        0,  29.4,   1.1,  25.3,  1.222,  0.031,  0.000,5503162.4,  1,  22.5,   0.8, 0.100
2025-11-12 15:14:54,        0,  29.7,   2.0,  25.3,  1.026, -0.002,  0.000,5503162.8,  1,  22.5,   0.9, 0.100
2025-11-12 15:14:55,        0,  29.6,   1.8,  25.3,  0.966, -0.005,  0.000,5503158.6,  1,  22.5,   0.9, 0.100
2025-11-12 15:14:56,        0,  29.7,   2.2,  25.3,  0.901, -0.007,  0.000,5503151.5,  1,  22.5,   0.9, 0.100
2025-11-12 15:14:57,        0,  29.7,   2.2,  25.3,  0.865, -0.007,  0.000,5503144.8,  1,  22.5,   0.9, 0.100
2025-11-12 15:14:58,        0,  29.7,   2.2,  25.3,  0.830, -0.006,  0.000,5503138.5,  1,  22.5,   0.9, 0.100
2025-11-12 15:14:59,        0,  29.7,   2.2,  25.3,  0.783, -0.007,  0.000,5503131.8,  1,  22.5,   0.8, 0.100
2025-11-12 15:15:00,        0,  29.8,   2.5,  25.2,  0.756, -0.007,  0.000,5503124.3,  1,  22.5,   0.9, 0.100
2025-11-12 15:15:01,        0,  29.8,   2.3,  25.3,  0.720, -0.007,  0.000,5503117.2,  1,  22.5,   0.9, 0.100
2025-11-12 15:15:02,        0,  29.8,   2.5,  25.3,  0.700, -0.007,  0.000,5503110.4,  1,  22.5,   0.8, 0.100
2025-11-12 15:15:03,        0,  29.8,   2.5,  25.3,  0.682, -0.007,  0.000,5503103.3,  1,  22.5,   0.9, 0.100
2025-11-12 15:15:04,        0,  29.8,   2.5,  25.3,  0.656, -0.007,  0.000,5503096.6,  1,  22.5,   0.9, 0.100
2025-11-12 15:15:05,        0,  29.8,   2.5,  25.3,  0.640, -0.007,  0.000,5503087.4,  1,  22.5,   0.9, 0.100
2025-11-12 15:15:06,        0,  29.9,   2.7,  25.3,  0.621, -0.007,  0.000,5503081.5,  1,  22.5,   0.9, 0.100
2025-11-12 15:15:07,        0,  30.0,   2.9,  25.3,  2.284,  1.724,  0.009,5504363.5,  1,  22.5,   1.0, 0.100
2025-11-12 15:15:08,        0,  29.8,   2.5,  25.3,  4.947,  4.377,  0.022,5508110.3,  1,  22.5,   0.9, 0.100
2025-11-12 15:15:09,        0,  29.8,   2.3,  25.3,  1.205,  0.033,  0.000,5509094.3,  1,  22.5,   0.9, 0.100
2025-11-12 15:15:10,        0,  29.7,   2.2,  25.3,  1.779,  0.508,  0.001,5509793.3,  1,  22.5,   1.0, 0.100
2025-11-12 15:15:11,        0,  29.5,   1.6,  25.2,  1.058,  0.004,  0.000,5509801.7,  1,  22.5,   1.0, 0.100
2025-11-12 15:15:12,        0,  29.7,   2.0,  25.3,  0.975, -0.003,  0.000,5509799.6,  1,  22.5,   1.0, 0.100
2025-11-12 15:15:13,        0,  29.7,   2.0,  25.3,  0.898, -0.005,  0.000,5509792.5,  1,  22.5,   1.0, 0.100
2025-11-12 15:15:14,        0,  29.7,   2.0,  25.3,  0.858, -0.006,  0.000,5509786.6,  1,  22.5,   1.0, 0.100
2025-11-12 15:15:15,        0,  29.7,   2.0,  25.3,  0.808, -0.007,  0.000,5509779.9,  1,  22.5,   1.0, 0.100
2025-11-12 15:15:16,        0,  29.8,   2.3,  25.3,  0.777, -0.007,  0.000,5509774.1,  1,  22.5,   1.0, 0.100
2025-11-12 15:15:17,        0,  29.7,   2.2,  25.3,  0.735, -0.007,  0.000,5509766.1,  1,  22.5,   1.0, 0.100
2025-11-12 15:15:18,        0,  29.7,   2.2,  25.3,  0.712, -0.007,  0.000,5509759.8,  1,  22.5,   1.0, 0.100
2025-11-12 15:15:19,        0,  29.7,   2.2,  25.2,  0.691, -0.007,  0.000,5509753.1,  1,  22.5,   1.0, 0.100
2025-11-12 15:15:20,        0,  29.8,   2.3,  25.3,  0.662, -0.007,  0.000,5509746.0,  1,  22.5,   1.0, 0.100
2025-11-12 15:15:21,        0,  29.8,   2.3,  25.2,  0.644, -0.007,  0.000,5509739.7,  1,  22.5,   1.0, 0.100
2025-11-12 15:15:22,        0,  29.8,   2.5,  25.3,  0.620, -0.007,  0.000,5509731.7,  1,  22.5,   1.0, 0.100
2025-11-12 15:15:23,        0,  29.9,   2.7,  25.3,  1.118,  0.557,  0.003,5510885.1,  1,  22.5,   0.9, 0.100
2025-11-12 15:15:24,        0,  29.8,   2.3,  25.3,  4.940,  4.377,  0.022,5515068.9,  1,  22.5,   1.0, 0.100
2025-11-12 15:15:25,        0,  29.7,   2.0,  25.3,  4.226,  3.480,  0.016,5517515.6,  1,  22.5,   1.0, 0.100
2025-11-12 15:15:26,        0,  29.4,   1.1,  25.2,  1.222,  0.042,  0.000,5517623.7,  1,  22.5,   0.9, 0.100
2025-11-12 15:15:27,        0,  29.7,   2.0,  25.3,  1.004, -0.001,  0.000,5517625.0,  1,  22.5,   0.9, 0.100
2025-11-12 15:15:28,        0,  29.5,   1.6,  25.2,  0.941, -0.004,  0.000,5517621.2,  1,  22.5,   0.9, 0.100
2025-11-12 15:15:29,        0,  29.6,   1.8,  25.2,  0.894, -0.006,  0.000,5517615.3,  1,  22.5,   0.9, 0.100
2025-11-12 15:15:30,        0,  29.7,   2.0,  25.3,  0.835, -0.007,  0.000,5517607.8,  1,  22.5,   0.9, 0.100
2025-11-12 15:15:31,        0,  29.5,   1.5,  25.3,  0.784, -0.007,  0.000,5517601.9,  1,  22.5,   0.8, 0.100
2025-11-12 15:15:32,        0,  29.6,   1.8,  25.3,  0.754, -0.006,  0.000,5517595.2,  1,  22.5,   0.9, 0.100
2025-11-12 15:15:33,        0,  29.6,   1.8,  25.2,  0.727, -0.007,  0.000,5517589.8,  1,  22.5,   0.8, 0.100
2025-11-12 15:15:34,        0,  29.7,   2.0,  25.3,  0.702, -0.006,  0.000,5517582.2,  1,  22.5,   0.8, 0.100
2025-11-12 15:15:35,        0,  29.6,   1.8,  25.2,  0.670, -0.007,  0.000,5517575.9,  1,  22.5,   0.8, 0.100
2025-11-12 15:15:36,        0,  29.8,   2.3,  25.3,  0.643, -0.007,  0.000,5517568.4,  1,  22.5,   0.8, 0.100
2025-11-12 15:15:37,        0,  29.7,   2.0,  25.2,  0.627, -0.007,  0.000,5517562.1,  1,  22.5,   0.8, 0.100
2025-11-12 15:15:38,        0,  29.7,   2.2,  25.2,  0.611, -0.007,  0.000,5517556.2,  1,  22.5,   0.8, 0.100
2025-11-12 15:15:39,        0,  29.7,   2.2,  25.2,  0.592, -0.007,  0.000,5517548.3,  1,  22.5,   0.8, 0.100
2025-11-12 15:15:40,        0,  29.7,   2.2,  25.2,  0.580, -0.007,  0.000,5517541.6,  1,  22.5,   0.8, 0.100
2025-11-12 15:15:41,        0,  29.7,   2.2,  25.3,  0.562, -0.006,  0.000,5517535.3,  1,  22.5,   0.8, 0.100
2025-11-12 15:15:42,        0,  29.8,   2.3,  25.2,  0.552, -0.007,  0.000,5517528.6,  1,  22.5,   0.8, 0.100
2025-11-12 15:15:43,        0,  29.8,   2.3,  25.2,  0.536, -0.007,  0.000,5517521.5,  1,  22.5,   0.8, 0.100
2025-11-12 15:15:44,        0,  29.8,   2.3,  25.2,  0.527, -0.006,  0.000,5517515.2,  1,  22.5,   0.8, 0.100
2025-11-12 15:15:45,        0,  29.9,   2.7,  25.2,  0.517, -0.006,  0.000,5517509.3,  1,  22.5,   0.8, 0.100
2025-11-12 15:15:46,        0,  29.8,   2.3,  25.2,  0.505, -0.006,  0.000,5517503.9,  1,  22.5,   0.8, 0.100
2025-11-12 15:15:47,        0,  29.8,   2.5,  25.3,  0.497, -0.006,  0.000,5517495.5,  1,  22.5,   0.8, 0.100
2025-11-12 15:15:48,        0,  29.9,   2.7,  25.2,  0.486, -0.006,  0.000,5517490.0,  1,  22.5,   0.8, 0.100
2025-11-12 15:15:49,        0,  29.8,   2.5,  25.2,  0.478, -0.006,  0.000,5517484.2,  1,  22.5,   0.8, 0.100
2025-11-12 15:15:50,        0,  29.8,   2.5,  25.2,  0.470, -0.006,  0.000,5517478.3,  1,  22.5,   0.8, 0.100
2025-11-12 15:15:51,        0,  29.9,   2.7,  25.2,  0.461, -0.006,  0.000,5517471.2,  1,  22.5,   0.8, 0.100
2025-11-12 15:15:52,        0,  29.9,   2.7,  25.2,  4.940,  4.374,  0.022,5521566.6,  1,  22.5,   0.8, 0.100
2025-11-12 15:15:53,        0,  29.7,   2.0,  25.2,  4.545,  3.878,  0.018,5525160.7,  1,  22.5,   0.8, 0.100
2025-11-12 15:15:54,        0,  29.6,   1.8,  25.2,  1.246,  0.050,  0.000,5525274.3,  1,  22.5,   0.8, 0.100
2025-11-12 15:15:55,        0,  29.6,   1.8,  25.2,  1.055,  0.005,  0.000,5525278.1,  1,  22.5,   0.8, 0.100
2025-11-12 15:15:56,        0,  29.6,   1.8,  25.2,  0.942, -0.004,  0.000,5525274.3,  1,  22.5,   0.8, 0.100
2025-11-12 15:15:57,        0,  29.5,   1.6,  25.2,  0.868, -0.006,  0.000,5525269.7,  1,  22.5,   0.8, 0.100
2025-11-12 15:15:58,        0,  29.4,   1.3,  25.2,  0.829, -0.006,  0.000,5525263.4,  1,  22.5,   0.8, 0.100
2025-11-12 15:15:59,        0,  29.6,   1.8,  25.2,  0.795, -0.006,  0.000,5525257.5,  1,  22.5,   0.8, 0.100
2025-11-12 15:16:00,        0,  29.6,   1.8,  25.2,  0.748, -0.007,  0.000,5525250.0,  1,  22.5,   0.8, 0.100
2025-11-12 15:16:01,        0,  29.7,   2.0,  25.2,  0.720, -0.007,  0.000,5525243.7,  1,  22.5,   0.8, 0.100
2025-11-12 15:16:02,        0,  29.6,   1.8,  25.2,  0.685, -0.007,  0.000,5525237.4,  1,  22.5,   0.8, 0.100
2025-11-12 15:16:03,        0,  29.7,   2.0,  25.2,  0.663, -0.007,  0.000,5525231.5,  1,  22.5,   0.8, 0.100
2025-11-12 15:16:04,        0,  29.7,   2.0,  25.2,  0.635, -0.007,  0.000,5525223.6,  1,  22.5,   0.8, 0.100
2025-11-12 15:16:05,        0,  29.7,   2.0,  25.2,  0.617, -0.007,  0.000,5525217.7,  1,  22.5,   0.8, 0.100
2025-11-12 15:16:06,        0,  29.7,   2.0,  25.2,  0.602, -0.006,  0.000,5525211.4,  1,  22.5,   0.8, 0.100
2025-11-12 15:16:07,        0,  29.7,   2.0,  25.2,  0.581, -0.006,  0.000,5525205.6,  1,  22.5,   0.8, 0.100
2025-11-12 15:16:08,        0,  29.7,   2.0,  25.2,  0.567, -0.006,  0.000,5525198.4,  1,  22.5,   0.8, 0.100
2025-11-12 15:16:09,        0,  29.7,   2.2,  25.2,  0.549, -0.006,  0.000,5525191.7,  1,  22.5,   0.9, 0.100
2025-11-12 15:16:10,        0,  29.7,   2.0,  25.2,  0.538, -0.006,  0.000,5525185.9,  1,  22.5,   0.8, 0.100
2025-11-12 15:16:11,        0,  29.7,   2.0,  25.2,  0.527, -0.006,  0.000,5525180.0,  1,  22.5,   0.8, 0.100
2025-11-12 15:16:12,        0,  29.8,   2.3,  25.2,  0.512, -0.006,  0.000,5525173.3,  1,  22.5,   0.9, 0.100
2025-11-12 15:16:13,        0,  29.7,   2.2,  25.2,  0.499, -0.006,  0.000,5525166.6,  1,  22.5,   0.9, 0.100
2025-11-12 15:16:14,        0,  29.7,   2.2,  25.2,  0.490, -0.006,  0.000,5525161.1,  1,  22.5,   0.9, 0.100
2025-11-12 15:16:15,        0,  29.8,   2.3,  25.2,  0.482, -0.006,  0.000,5525155.3,  1,  22.5,   0.9, 0.100
2025-11-12 15:16:16,        0,  29.8,   2.3,  25.2,  0.474, -0.006,  0.000,5525150.2,  1,  22.5,   0.9, 0.100
2025-11-12 15:16:17,        0,  29.8,   2.3,  25.2,  0.463, -0.006,  0.000,5525143.5,  1,  22.5,   0.9, 0.100
2025-11-12 15:16:18,        0,  29.8,   2.3,  25.2,  0.453, -0.006,  0.000,5525138.1,  1,  22.5,   0.9, 0.100
2025-11-12 15:16:19,        0,  29.8,   2.3,  25.2,  0.445, -0.006,  0.000,5525132.2,  1,  22.5,   0.9, 0.100
2025-11-12 15:16:20,        0,  29.8,   2.5,  25.2,  0.439, -0.005,  0.000,5525126.8,  1,  22.5,   0.9, 0.100
2025-11-12 15:16:21,        0,  29.8,   2.3,  25.2,  0.429, -0.005,  0.000,5525121.7,  1,  22.5,   0.9, 0.100
2025-11-12 15:16:22,        0,  29.7,   2.2,  25.2,  0.424, -0.005,  0.000,5525115.0,  1,  22.5,   0.8, 0.100
2025-11-12 15:16:23,        0,  29.8,   2.5,  25.2,  0.414, -0.005,  0.000,5525110.4,  1,  22.5,   0.8, 0.100
2025-11-12 15:16:24,        0,  29.8,   2.5,  25.2,  0.409, -0.005,  0.000,5525105.4,  1,  22.5,   0.8, 0.100
2025-11-12 15:16:25,        0,  29.9,   2.7,  25.2,  0.404, -0.005,  0.000,5525100.4,  1,  22.5,   0.8, 0.100
2025-11-12 15:16:26,        0,  29.8,   2.5,  25.2,  0.395, -0.005,  0.000,5525094.5,  1,  22.5,   0.8, 0.100
2025-11-12 15:16:27,        0,  29.9,   2.7,  25.2,  0.390, -0.005,  0.000,5525089.9,  1,  22.5,   0.8, 0.100
2025-11-12 15:16:28,        0,  29.8,   2.5,  25.2,  4.940,  4.373,  0.022,5527680.7,  1,  22.5,   0.8, 0.100
2025-11-12 15:16:29,        0,  29.8,   2.5,  25.2,  1.699,  0.428,  0.001,5529817.7,  1,  22.5,   0.9, 0.100
2025-11-12 15:16:30,        0,  29.6,   1.8,  25.2,  1.531,  0.259,  0.000,5530352.9,  1,  22.5,   0.8, 0.100
2025-11-12 15:16:31,        0,  29.7,   2.0,  25.2,  1.034,  0.004,  0.000,5530361.3,  1,  22.5,   0.8, 0.100
2025-11-12 15:16:32,        0,  29.5,   1.6,  25.2,  0.952, -0.003,  0.000,5530358.3,  1,  22.5,   0.8, 0.100
2025-11-12 15:16:33,        0,  29.5,   1.6,  25.2,  0.874, -0.005,  0.000,5530352.9,  1,  22.5,   0.9, 0.100
2025-11-12 15:16:34,        0,  29.7,   2.0,  25.2,  0.833, -0.006,  0.000,5530347.4,  1,  22.5,   0.9, 0.100
2025-11-12 15:16:35,        0,  29.7,   2.0,  25.2,  0.779, -0.006,  0.000,5530340.3,  1,  22.5,   0.9, 0.100
2025-11-12 15:16:36,        0,  29.7,   2.0,  25.2,  0.748, -0.006,  0.000,5530334.5,  1,  22.5,   0.9, 0.100
2025-11-12 15:16:37,        0,  29.7,   2.2,  25.2,  0.707, -0.006,  0.000,5530328.6,  1,  22.5,   1.0, 0.100
2025-11-12 15:16:38,        0,  29.7,   2.2,  25.2,  0.682, -0.007,  0.000,5530321.9,  1,  22.5,   1.0, 0.100
2025-11-12 15:16:39,        0,  29.7,   2.2,  25.2,  0.659, -0.006,  0.000,5530316.4,  1,  22.5,   1.0, 0.100
2025-11-12 15:16:40,        0,  29.7,   2.0,  25.2,  0.629, -0.007,  0.000,5530308.0,  1,  22.5,   1.0, 0.100
2025-11-12 15:16:41,        0,  29.8,   2.3,  25.2,  0.612, -0.007,  0.000,5530302.6,  1,  22.5,   1.0, 0.100
2025-11-12 15:16:42,        0,  29.7,   2.2,  25.2,  0.588, -0.006,  0.000,5530296.3,  1,  22.5,   0.9, 0.100
2025-11-12 15:16:43,        0,  29.2,   0.6,  25.2,  0.573, -0.007,  0.000,5530290.0,  1,  22.5,   1.0, 0.100
2025-11-12 15:16:44,        0,  29.7,   2.2,  25.2,  0.553, -0.006,  0.000,5530282.9,  1,  22.5,   1.0, 0.100
2025-11-12 15:16:45,        0,  29.7,   2.2,  25.2,  0.540, -0.006,  0.000,5530277.5,  1,  22.5,   1.0, 0.100
2025-11-12 15:16:46,        0,  29.8,   2.3,  25.2,  0.529, -0.006,  0.000,5530271.6,  1,  22.5,   1.0, 0.100
2025-11-12 15:16:47,        0,  29.8,   2.3,  25.2,  0.512, -0.006,  0.000,5530265.7,  1,  22.5,   1.0, 0.100
2025-11-12 15:16:48,        0,  29.8,   2.5,  25.2,  0.502, -0.006,  0.000,5530260.3,  1,  22.5,   1.0, 0.100
2025-11-12 15:16:49,        0,  29.7,   2.2,  25.2,  0.487, -0.006,  0.000,5530253.6,  1,  22.5,   1.0, 0.100
2025-11-12 15:16:50,        0,  29.8,   2.3,  25.2,  0.479, -0.006,  0.000,5530247.7,  1,  22.5,   1.0, 0.100
2025-11-12 15:16:51,        0,  29.8,   2.3,  25.2,  0.470, -0.006,  0.000,5530241.8,  1,  22.5,   1.0, 0.100
2025-11-12 15:16:52,        0,  29.8,   2.5,  25.2,  0.458, -0.006,  0.000,5530236.8,  1,  22.5,   1.0, 0.100
2025-11-12 15:16:53,        0,  29.8,   2.3,  25.2,  0.451, -0.006,  0.000,5530231.4,  1,  22.5,   1.0, 0.100
2025-11-12 15:16:54,        0,  29.8,   2.5,  25.2,  0.440, -0.005,  0.000,5530224.6,  1,  22.5,   1.0, 0.100
2025-11-12 15:16:55,        0,  29.8,   2.5,  25.2,  0.433, -0.005,  0.000,5530220.0,  1,  22.5,   0.9, 0.100
2025-11-12 15:16:56,        0,  29.8,   2.5,  25.2,  0.423, -0.005,  0.000,5530215.4,  1,  22.5,   1.0, 0.100
2025-11-12 15:16:57,        0,  29.8,   2.5,  25.2,  0.416, -0.005,  0.000,5530210.0,  1,  22.5,   1.0, 0.100
2025-11-12 15:16:58,        0,  29.9,   2.7,  25.2,  0.408, -0.005,  0.000,5530204.1,  1,  22.5,   1.0, 0.100
2025-11-12 15:16:59,        0,  29.9,   2.7,  25.2,  0.401, -0.005,  0.000,5530199.1,  1,  22.5,   0.9, 0.100
2025-11-12 15:17:00,        0,  29.8,   2.5,  25.2,  2.845,  2.418,  0.012,5532719.1,  1,  22.6,   0.9, 0.100
2025-11-12 15:17:01,        0,  29.9,   2.7,  25.2,  1.241,  0.047,  0.000,5533001.2,  1,  22.5,   0.9, 0.100
2025-11-12 15:17:02,        0,  29.7,   2.2,  25.2,  1.049,  0.005,  0.000,5533007.4,  1,  22.6,   1.0, 0.100
2025-11-12 15:17:03,        0,  29.5,   1.5,  25.2,  0.928, -0.004,  0.000,5533003.7,  1,  22.6,   1.0, 0.100
2025-11-12 15:17:04,        0,  29.8,   2.3,  25.2,  0.877, -0.005,  0.000,5532999.1,  1,  22.5,   0.9, 0.100
2025-11-12 15:17:05,        0,  29.8,   2.3,  25.2,  0.831, -0.005,  0.000,5532993.6,  1,  22.6,   0.9, 0.100
2025-11-12 15:17:06,        0,  29.8,   2.3,  25.2,  0.774, -0.006,  0.000,5532988.2,  1,  22.5,   0.9, 0.100
2025-11-12 15:17:07,        0,  29.8,   2.3,  25.1,  0.727, -0.006,  0.000,5532981.9,  1,  22.5,   0.9, 0.100
2025-11-12 15:17:08,        0,  29.8,   2.3,  25.2,  0.699, -0.006,  0.000,5532975.2,  1,  22.5,   1.0, 0.100
2025-11-12 15:17:09,        0,  29.8,   2.3,  25.2,  0.674, -0.006,  0.000,5532968.9,  1,  22.5,   0.9, 0.100
2025-11-12 15:17:10,        0,  29.8,   2.5,  25.2,  0.651, -0.006,  0.000,5532963.4,  1,  22.5,   0.9, 0.100
2025-11-12 15:17:11,        0,  29.8,   2.5,  25.2,  0.620, -0.006,  0.000,5532956.7,  1,  22.5,   0.9, 0.100
2025-11-12 15:17:12,        0,  29.8,   2.5,  25.2,  0.594, -0.006,  0.000,5532950.9,  1,  22.5,   0.9, 0.100
2025-11-12 15:17:13,        0,  29.8,   2.5,  25.2,  0.578, -0.007,  0.000,5532943.7,  1,  22.6,   0.9, 0.100
2025-11-12 15:17:14,        0,  29.8,   2.3,  25.2,  0.563, -0.006,  0.000,5532937.9,  1,  22.6,   0.9, 0.100
2025-11-12 15:17:15,        0,  29.8,   2.5,  25.2,  0.543, -0.006,  0.000,5532931.2,  1,  22.6,   0.9, 0.100
2025-11-12 15:17:16,        0,  29.9,   2.7,  25.2,  0.530, -0.006,  0.000,5532925.7,  1,  22.6,   0.9, 0.100
2025-11-12 15:17:17,        0,  29.9,   2.7,  25.2,  1.255,  0.776,  0.004,5533517.5,  1,  22.5,   0.9, 0.100
2025-11-12 15:17:18,        0,  29.8,   2.5,  25.2,  4.935,  4.372,  0.022,5537700.0,  1,  22.6,   0.9, 0.100
2025-11-12 15:17:19,        0,  29.7,   2.0,  25.2,  1.460,  0.197,  0.000,5538117.5,  1,  22.5,   0.9, 0.100
2025-11-12 15:17:20,        0,  29.7,   2.0,  25.2,  1.029,  0.004,  0.000,5538125.8,  1,  22.5,   0.8, 0.100
2025-11-12 15:17:21,        0,  29.7,   2.0,  25.2,  0.947, -0.003,  0.000,5538122.1,  1,  22.5,   0.9, 0.100
2025-11-12 15:17:22,        0,  29.7,   2.0,  25.2,  0.870, -0.006,  0.000,5538117.5,  1,  22.5,   0.9, 0.100
2025-11-12 15:17:23,        0,  29.7,   2.0,  25.2,  0.830, -0.006,  0.000,5538112.0,  1,  22.5,   0.9, 0.100
2025-11-12 15:17:24,        0,  29.7,   2.0,  25.2,  0.774, -0.005,  0.000,5538104.9,  1,  22.5,   0.9, 0.100
2025-11-12 15:17:25,        0,  29.7,   2.0,  25.2,  0.742, -0.006,  0.000,5538099.4,  1,  22.6,   0.9, 0.100
2025-11-12 15:17:26,        0,  29.7,   2.0,  25.1,  0.714, -0.006,  0.000,5538093.2,  1,  22.6,   0.9, 0.100
2025-11-12 15:17:27,        0,  29.7,   2.0,  25.2,  0.677, -0.006,  0.000,5538086.9,  1,  22.5,   0.9, 0.100
2025-11-12 15:17:28,        0,  29.7,   2.0,  25.2,  0.654, -0.006,  0.000,5538081.0,  1,  22.6,   0.9, 0.100
2025-11-12 15:17:29,        0,  29.7,   2.0,  25.2,  0.624, -0.006,  0.000,5538074.3,  1,  22.5,   0.9, 0.100
2025-11-12 15:17:30,        0,  29.7,   2.2,  25.2,  0.606, -0.006,  0.000,5538068.9,  1,  22.6,   0.9, 0.100
2025-11-12 15:17:31,        0,  29.7,   2.2,  25.2,  0.582, -0.007,  0.000,5538062.1,  1,  22.6,   0.9, 0.100
2025-11-12 15:17:32,        0,  29.7,   2.0,  25.2,  0.567, -0.006,  0.000,5538056.3,  1,  22.6,   0.9, 0.100
2025-11-12 15:17:33,        0,  29.7,   2.2,  25.2,  0.547, -0.006,  0.000,5538049.2,  1,  22.6,   0.9, 0.100
2025-11-12 15:17:34,        0,  29.7,   2.2,  25.2,  0.535, -0.006,  0.000,5538043.7,  1,  22.6,   0.9, 0.100
2025-11-12 15:17:35,        0,  29.7,   2.2,  25.1,  0.524, -0.006,  0.000,5538037.8,  1,  22.6,   0.9, 0.100
2025-11-12 15:17:36,        0,  29.7,   2.2,  25.1,  0.507, -0.006,  0.000,5538032.0,  1,  22.5,   0.9, 0.100
2025-11-12 15:17:37,        0,  29.7,   2.2,  25.2,  0.497, -0.006,  0.000,5538026.5,  1,  22.6,   0.9, 0.100
2025-11-12 15:17:38,        0,  29.7,   2.0,  25.2,  0.483, -0.006,  0.000,5538020.2,  1,  22.6,   0.9, 0.100
2025-11-12 15:17:39,        0,  29.7,   2.2,  25.2,  0.474, -0.006,  0.000,5538014.8,  1,  22.5,   0.9, 0.100
2025-11-12 15:17:40,        0,  29.8,   2.3,  25.1,  0.466, -0.005,  0.000,5538009.3,  1,  22.6,   1.0, 0.100
2025-11-12 15:17:41,        0,  29.7,   2.2,  25.1,  0.454, -0.005,  0.000,5538004.3,  1,  22.6,   0.9, 0.100
2025-11-12 15:17:42,        0,  29.8,   2.3,  25.2,  0.446, -0.005,  0.000,5537997.6,  1,  22.6,   0.9, 0.100
2025-11-12 15:17:43,        0,  29.8,   2.3,  25.2,  0.435, -0.005,  0.000,5537993.0,  1,  22.6,   1.0, 0.100
2025-11-12 15:17:44,        0,  29.8,   2.3,  25.2,  0.429, -0.005,  0.000,5537987.1,  1,  22.6,   1.0, 0.100
2025-11-12 15:17:45,        0,  29.7,   2.2,  25.2,  0.422, -0.006,  0.000,5537982.9,  1,  22.6,   0.9, 0.100
2025-11-12 15:17:46,        0,  29.8,   2.3,  25.2,  0.412, -0.005,  0.000,5537977.1,  1,  22.5,   1.0, 0.100
2025-11-12 15:17:47,        0,  29.8,   2.3,  25.2,  0.403, -0.005,  0.000,5537971.6,  1,  22.5,   0.9, 0.100
2025-11-12 15:17:48,        0,  29.8,   2.3,  25.2,  0.398, -0.005,  0.000,5537966.2,  1,  22.6,   0.9, 0.100
2025-11-12 15:17:49,        0,  29.8,   2.3,  25.1,  0.392, -0.005,  0.000,5537961.6,  1,  22.6,   0.9, 0.100
2025-11-12 15:17:50,        0,  29.8,   2.3,  25.2,  0.383, -0.005,  0.000,5537956.1,  1,  22.6,   0.9, 0.100
2025-11-12 15:17:51,        0,  29.8,   2.3,  25.2,  0.378, -0.004,  0.000,5537950.7,  1,  22.6,   0.9, 0.100
2025-11-12 15:17:52,        0,  29.8,   2.5,  25.2,  0.371, -0.005,  0.000,5537946.1,  1,  22.5,   0.9, 0.100
2025-11-12 15:17:53,        0,  29.8,   2.3,  25.2,  0.365, -0.005,  0.000,5537941.4,  1,  22.6,   0.9, 0.100
2025-11-12 15:17:54,        0,  29.8,   2.5,  25.2,  0.361, -0.005,  0.000,5537937.3,  1,  22.6,   0.9, 0.100
2025-11-12 15:17:55,        0,  29.8,   2.5,  25.2,  0.354, -0.004,  0.000,5537933.5,  1,  22.6,   0.9, 0.100
2025-11-12 15:17:56,        0,  29.8,   2.5,  25.1,  0.350, -0.005,  0.000,5537928.5,  1,  22.6,   0.9, 0.100
2025-11-12 15:17:57,        0,  29.9,   2.7,  25.2,  0.343, -0.005,  0.000,5537924.3,  1,  22.6,   0.9, 0.100
2025-11-12 15:17:58,        0,  29.8,   2.5,  25.2,  0.340, -0.004,  0.000,5537920.1,  1,  22.6,   0.9, 0.100
2025-11-12 15:17:59,        0,  29.8,   2.5,  25.2,  0.335, -0.004,  0.000,5537916.3,  1,  22.6,   0.9, 0.100
2025-11-12 15:18:00,        0,  29.9,   2.7,  25.2,  0.329, -0.004,  0.000,5537910.4,  1,  22.6,   0.9, 0.100
2025-11-12 15:18:01,        0,  29.9,   2.7,  25.1,  3.703,  2.964,  0.013,5540042.8,  1,  22.6,   1.0, 0.100
2025-11-12 15:18:02,        0,  29.4,   1.3,  25.1,  4.478,  3.797,  0.018,5542927.4,  1,  22.5,   1.0, 0.100
2025-11-12 15:18:03,        0,  29.8,   2.3,  25.2,  1.234,  0.049,  0.000,5543024.2,  1,  22.6,   0.9, 0.100
2025-11-12 15:18:04,        0,  29.7,   2.0,  25.1,  0.996,  0.001,  0.000,5543028.0,  1,  22.5,   0.9, 0.100
2025-11-12 15:18:05,        0,  29.6,   1.8,  25.2,  0.925, -0.004,  0.000,5543024.2,  1,  22.6,   0.9, 0.100
2025-11-12 15:18:06,        0,  29.6,   1.8,  25.1,  0.874, -0.005,  0.000,5543019.2,  1,  22.6,   0.9, 0.100
2025-11-12 15:18:07,        0,  29.7,   2.0,  25.1,  0.814, -0.006,  0.000,5543013.8,  1,  22.6,   0.9, 0.100
2025-11-12 15:18:08,        0,  29.6,   1.8,  25.1,  0.762, -0.006,  0.000,5543007.0,  1,  22.6,   0.9, 0.100
2025-11-12 15:18:09,        0,  29.7,   2.0,  25.1,  0.730, -0.006,  0.000,5543000.3,  1,  22.6,   0.9, 0.100
2025-11-12 15:18:10,        0,  29.7,   2.2,  25.1,  0.703, -0.006,  0.000,5542994.1,  1,  22.6,   1.0, 0.100
2025-11-12 15:18:11,        0,  29.7,   2.0,  25.2,  0.666, -0.006,  0.000,5542988.6,  1,  22.5,   0.9, 0.100
2025-11-12 15:18:12,        0,  29.7,   2.0,  25.2,  0.645, -0.007,  0.000,5542981.5,  1,  22.6,   1.0, 0.100
2025-11-12 15:18:13,        0,  29.7,   2.2,  25.1,  0.616, -0.006,  0.000,5542976.0,  1,  22.5,   1.0, 0.100
2025-11-12 15:18:14,        0,  29.7,   2.2,  25.2,  0.598, -0.006,  0.000,5542969.8,  1,  22.6,   1.0, 0.100
2025-11-12 15:18:15,        0,  29.7,   2.0,  25.2,  0.582, -0.007,  0.000,5542963.0,  1,  22.6,   1.0, 0.100
2025-11-12 15:18:16,        0,  29.7,   2.2,  25.2,  0.561, -0.006,  0.000,5542957.2,  1,  22.6,   1.0, 0.100
2025-11-12 15:18:17,        0,  29.7,   2.2,  25.2,  0.547, -0.006,  0.000,5542950.5,  1,  22.6,   1.0, 0.100
2025-11-12 15:18:18,        0,  29.7,   2.2,  25.1,  0.528, -0.006,  0.000,5542945.0,  1,  22.6,   1.0, 0.100
2025-11-12 15:18:19,        0,  29.7,   2.0,  25.1,  0.517, -0.006,  0.000,5542939.2,  1,  22.6,   1.0, 0.100
2025-11-12 15:18:20,        0,  29.7,   2.0,  25.1,  0.506, -0.005,  0.000,5542933.3,  1,  22.5,   1.0, 0.100
2025-11-12 15:18:21,        0,  29.7,   2.2,  25.1,  0.490, -0.006,  0.000,5542926.6,  1,  22.6,   1.0, 0.100
2025-11-12 15:18:22,        0,  29.7,   2.0,  25.2,  0.481, -0.006,  0.000,5542921.1,  1,  22.6,   1.0, 0.100
2025-11-12 15:18:23,        0,  29.7,   2.2,  25.2,  0.468, -0.005,  0.000,5542915.7,  1,  22.6,   1.0, 0.100
2025-11-12 15:18:24,        0,  29.7,   2.2,  25.1,  0.458, -0.005,  0.000,5542910.7,  1,  22.6,   1.0, 0.100
2025-11-12 15:18:25,        0,  29.7,   2.2,  25.1,  0.446, -0.005,  0.000,5542904.0,  1,  22.6,   1.0, 0.100
2025-11-12 15:18:26,        0,  29.7,   2.2,  25.2,  0.439, -0.005,  0.000,5542898.9,  1,  22.6,   1.0, 0.100
2025-11-12 15:18:27,        0,  29.8,   2.3,  25.2,  0.431, -0.006,  0.000,5542893.9,  1,  22.6,   1.0, 0.100
2025-11-12 15:18:28,        0,  29.8,   2.3,  25.1,  0.420, -0.005,  0.000,5542888.4,  1,  22.6,   1.0, 0.100
2025-11-12 15:18:29,        0,  29.8,   2.3,  25.2,  0.410, -0.005,  0.000,5542883.0,  1,  22.6,   0.9, 0.100
2025-11-12 15:18:30,        0,  29.7,   2.2,  25.2,  0.404, -0.005,  0.000,5542878.8,  1,  22.6,   1.0, 0.100
2025-11-12 15:18:31,        0,  29.8,   2.3,  25.1,  0.397, -0.005,  0.000,5542873.4,  1,  22.6,   1.0, 0.100
2025-11-12 15:18:32,        0,  29.8,   2.3,  25.1,  0.392, -0.005,  0.000,5542868.7,  1,  22.6,   1.0, 0.100
2025-11-12 15:18:33,        0,  29.7,   2.2,  25.1,  0.383, -0.005,  0.000,5542862.9,  1,  22.6,   0.9, 0.100
2025-11-12 15:18:34,        0,  29.7,   2.2,  25.2,  0.375, -0.005,  0.000,5542858.7,  1,  22.6,   1.0, 0.100
2025-11-12 15:18:35,        0,  29.8,   2.3,  25.2,  0.370, -0.004,  0.000,5542854.5,  1,  22.5,   1.0, 0.100
2025-11-12 15:18:36,        0,  29.8,   2.3,  25.2,  0.364, -0.005,  0.000,5542849.9,  1,  22.6,   0.9, 0.100
2025-11-12 15:18:37,        0,  29.8,   2.3,  25.2,  0.357, -0.005,  0.000,5542844.9,  1,  22.6,   0.9, 0.100
2025-11-12 15:18:38,        0,  29.8,   2.3,  25.2,  0.352, -0.005,  0.000,5542841.1,  1,  22.6,   0.9, 0.100
2025-11-12 15:18:39,        0,  29.8,   2.5,  25.1,  0.346, -0.004,  0.000,5542836.1,  1,  22.6,   0.9, 0.100
2025-11-12 15:18:40,        0,  29.7,   2.2,  25.2,  0.341, -0.005,  0.000,5542832.3,  1,  22.6,   0.9, 0.100
2025-11-12 15:18:41,        0,  29.8,   2.3,  25.1,  0.335, -0.005,  0.000,5542827.3,  1,  22.6,   0.9, 0.100
2025-11-12 15:18:42,        0,  29.8,   2.3,  25.2,  0.330, -0.005,  0.000,5542822.2,  1,  22.5,   0.9, 0.100
2025-11-12 15:18:43,        0,  29.8,   2.3,  25.2,  0.326, -0.004,  0.000,5542818.5,  1,  22.6,   0.9, 0.100
2025-11-12 15:18:44,        0,  29.8,   2.5,  25.2,  0.320, -0.004,  0.000,5542814.3,  1,  22.6,   0.9, 0.100
2025-11-12 15:18:45,        0,  29.7,   2.2,  25.1,  0.317, -0.005,  0.000,5542810.1,  1,  22.6,   0.9, 0.100
2025-11-12 15:18:46,        0,  29.9,   2.7,  25.1,  0.311, -0.004,  0.000,5542805.0,  1,  22.6,   0.9, 0.100
2025-11-12 15:18:47,        0,  29.8,   2.5,  25.2,  0.308, -0.004,  0.000,5542801.7,  1,  22.6,   1.0, 0.100
2025-11-12 15:18:48,        0,  29.8,   2.5,  25.1,  0.304, -0.004,  0.000,5542797.9,  1,  22.6,   0.9, 0.100
2025-11-12 15:18:49,        0,  29.8,   2.5,  25.1,  0.299, -0.004,  0.000,5542794.1,  1,  22.6,   0.9, 0.100
2025-11-12 15:18:50,        0,  29.8,   2.5,  25.1,  0.294, -0.004,  0.000,5542789.5,  1,  22.6,   0.9, 0.100
2025-11-12 15:18:51,        0,  29.8,   2.5,  25.1,  0.291, -0.004,  0.000,5542785.8,  1,  22.6,   1.0, 0.100
2025-11-12 15:18:52,        0,  29.8,   2.5,  25.2,  0.288, -0.004,  0.000,5542782.4,  1,  22.6,   0.9, 0.100
2025-11-12 15:18:53,        0,  29.8,   2.5,  25.1,  0.284, -0.003,  0.000,5542779.1,  1,  22.5,   0.9, 0.100
2025-11-12 15:18:54,        0,  29.9,   2.7,  25.2,  0.280, -0.003,  0.000,5542775.7,  1,  22.6,   0.9, 0.100
2025-11-12 15:18:55,        0,  29.9,   2.7,  25.1,  3.254,  2.281,  0.010,5545002.4,  1,  22.5,   0.9, 0.100
2025-11-12 15:18:56,        0,  29.8,   2.3,  25.2,  4.933,  4.374,  0.022,5548577.2,  1,  22.5,   0.9, 0.100
2025-11-12 15:18:57,        0,  29.1,   0.2,  25.2,  1.417,  0.155,  0.000,5548920.9,  1,  22.5,   0.9, 0.100
2025-11-12 15:18:58,        0,  29.3,   0.8,  25.2,  1.028,  0.004,  0.000,5548929.3,  1,  22.6,   0.9, 0.100
2025-11-12 15:18:59,        0,  29.6,   1.8,  25.1,  0.946, -0.003,  0.000,5548926.3,  1,  22.6,   0.9, 0.100
2025-11-12 15:19:00,        0,  29.6,   1.8,  25.1,  0.868, -0.005,  0.000,5548921.7,  1,  22.5,   0.9, 0.100
2025-11-12 15:19:01,        0,  29.6,   1.8,  25.1,  0.827, -0.006,  0.000,5548915.9,  1,  22.5,   0.8, 0.100
2025-11-12 15:19:02,        0,  29.6,   1.8,  25.1,  0.791, -0.006,  0.000,5548909.6,  1,  22.6,   0.9, 0.100
2025-11-12 15:19:03,        0,  29.7,   2.0,  25.1,  0.744, -0.006,  0.000,5548904.1,  1,  22.6,   0.9, 0.100
2025-11-12 15:19:04,        0,  29.6,   1.8,  25.1,  0.715, -0.006,  0.000,5548896.6,  1,  22.5,   0.9, 0.100
2025-11-12 15:19:05,        0,  29.6,   1.8,  25.1,  0.677, -0.006,  0.000,5548890.7,  1,  22.6,   0.9, 0.100
2025-11-12 15:19:06,        0,  29.6,   1.8,  25.2,  0.655, -0.007,  0.000,5548884.4,  1,  22.6,   0.9, 0.100
2025-11-12 15:19:07,        0,  29.7,   2.0,  25.2,  0.634, -0.006,  0.000,5548878.6,  1,  22.5,   0.9, 0.100
2025-11-12 15:19:08,        0,  29.6,   1.8,  25.1,  0.607, -0.006,  0.000,5548871.9,  1,  22.6,   0.9, 0.100
2025-11-12 15:19:09,        0,  29.5,   1.6,  25.1,  0.589, -0.006,  0.000,5548865.2,  1,  22.6,   0.9, 0.100
2025-11-12 15:19:10,        0,  29.7,   2.0,  25.1,  0.566, -0.006,  0.000,5548859.3,  1,  22.5,   0.9, 0.100
2025-11-12 15:19:11,        0,  29.7,   2.0,  25.1,  0.552, -0.006,  0.000,5548853.4,  1,  22.5,   0.9, 0.100
2025-11-12 15:19:12,        0,  29.7,   2.0,  25.1,  0.532, -0.006,  0.000,5548846.7,  1,  22.5,   1.0, 0.100
2025-11-12 15:19:13,        0,  29.6,   1.8,  25.1,  0.520, -0.006,  0.000,5548840.9,  1,  22.5,   0.9, 0.100
2025-11-12 15:19:14,        0,  29.7,   2.0,  25.1,  0.504, -0.006,  0.000,5548835.8,  1,  22.5,   0.9, 0.100
2025-11-12 15:19:15,        0,  29.6,   1.8,  25.2,  0.493, -0.005,  0.000,5548830.4,  1,  22.6,   0.9, 0.100
2025-11-12 15:19:16,        0,  29.7,   2.0,  25.1,  0.483, -0.006,  0.000,5548824.9,  1,  22.5,   0.9, 0.100
2025-11-12 15:19:17,        0,  29.7,   2.0,  25.1,  0.469, -0.005,  0.000,5548818.2,  1,  22.5,   0.9, 0.100
2025-11-12 15:19:18,        0,  29.7,   2.0,  25.1,  0.460, -0.005,  0.000,5548812.8,  1,  22.5,   0.9, 0.100
2025-11-12 15:19:19,        0,  29.7,   2.0,  25.2,  0.447, -0.005,  0.000,5548807.7,  1,  22.5,   0.8, 0.100
2025-11-12 15:19:20,        0,  29.7,   2.0,  25.2,  0.439, -0.005,  0.000,5548803.1,  1,  22.5,   0.9, 0.100
2025-11-12 15:19:21,        0,  29.6,   1.8,  25.1,  0.428, -0.005,  0.000,5548796.8,  1,  22.5,   0.8, 0.100
2025-11-12 15:19:22,        0,  29.6,   1.8,  25.1,  0.420, -0.006,  0.000,5548791.8,  1,  22.5,   0.8, 0.100
2025-11-12 15:19:23,        0,  29.7,   2.2,  25.1,  0.414, -0.006,  0.000,5548786.8,  1,  22.5,   0.8, 0.100
2025-11-12 15:19:24,        0,  29.7,   2.0,  25.1,  0.404, -0.005,  0.000,5548781.8,  1,  22.6,   0.8, 0.100
2025-11-12 15:19:25,        0,  29.7,   2.0,  25.1,  0.397, -0.005,  0.000,5548775.5,  1,  22.6,   0.8, 0.100
2025-11-12 15:19:26,        0,  29.7,   2.0,  25.1,  0.388, -0.005,  0.000,5548770.9,  1,  22.5,   0.8, 0.100
2025-11-12 15:19:27,        0,  29.7,   2.0,  25.1,  0.382, -0.005,  0.000,5548766.7,  1,  22.5,   0.8, 0.100
2025-11-12 15:19:28,        0,  29.7,   2.2,  25.1,  0.377, -0.005,  0.000,5548761.6,  1,  22.5,   0.8, 0.100
2025-11-12 15:19:29,        0,  29.7,   2.0,  25.2,  0.368, -0.004,  0.000,5548757.5,  1,  22.5,   0.8, 0.100
2025-11-12 15:19:30,        0,  29.7,   2.2,  25.1,  0.361, -0.005,  0.000,5548752.4,  1,  22.6,   0.8, 0.100
2025-11-12 15:19:31,        0,  29.7,   2.2,  25.1,  0.356, -0.005,  0.000,5548747.4,  1,  22.5,   0.8, 0.100
2025-11-12 15:19:32,        0,  29.7,   2.2,  25.1,  0.350, -0.005,  0.000,5548743.2,  1,  22.6,   0.8, 0.100
2025-11-12 15:19:33,        0,  29.7,   2.0,  25.1,  0.344, -0.005,  0.000,5548739.0,  1,  22.6,   0.8, 0.100
2025-11-12 15:19:34,        0,  29.7,   2.0,  25.1,  0.339, -0.004,  0.000,5548733.6,  1,  22.6,   0.8, 0.100
2025-11-12 15:19:35,        0,  29.7,   2.2,  25.1,  0.333, -0.004,  0.000,5548729.8,  1,  22.5,   0.8, 0.100
2025-11-12 15:19:36,        0,  29.7,   2.2,  25.1,  0.328, -0.005,  0.000,5548726.0,  1,  22.6,   0.8, 0.100
2025-11-12 15:19:37,        0,  29.7,   2.2,  25.1,  0.324, -0.004,  0.000,5548721.8,  1,  22.5,   0.8, 0.100
2025-11-12 15:19:38,        0,  29.8,   2.3,  25.2,  0.318, -0.005,  0.000,5548718.1,  1,  22.5,   0.9, 0.100
2025-11-12 15:19:39,        0,  29.7,   2.2,  25.1,  0.315, -0.004,  0.000,5548712.6,  1,  22.5,   0.9, 0.100
2025-11-12 15:19:40,        0,  29.7,   2.2,  25.1,  0.309, -0.004,  0.000,5548709.3,  1,  22.6,   1.0, 0.100
2025-11-12 15:19:41,        0,  29.8,   2.3,  25.1,  0.305, -0.004,  0.000,5548705.1,  1,  22.6,   0.9, 0.100
2025-11-12 15:19:42,        0,  29.7,   2.0,  25.2,  0.302, -0.004,  0.000,5548701.3,  1,  22.5,   1.0, 0.100
2025-11-12 15:19:43,        0,  29.8,   2.3,  25.1,  0.297, -0.004,  0.000,5548696.7,  1,  22.5,   1.0, 0.100
2025-11-12 15:19:44,        0,  29.8,   2.3,  25.1,  0.293, -0.004,  0.000,5548693.3,  1,  22.6,   1.0, 0.100
2025-11-12 15:19:45,        0,  29.7,   2.2,  25.1,  0.288, -0.004,  0.000,5548690.0,  1,  22.5,   1.0, 0.100
2025-11-12 15:19:46,        0,  29.8,   2.3,  25.1,  0.285, -0.003,  0.000,5548686.6,  1,  22.5,   1.0, 0.100
2025-11-12 15:19:47,        0,  29.8,   2.3,  25.1,  0.281, -0.004,  0.000,5548681.6,  1,  22.6,   1.0, 0.100
2025-11-12 15:19:48,        0,  29.8,   2.3,  25.1,  0.278, -0.004,  0.000,5548678.2,  1,  22.6,   1.0, 0.100
2025-11-12 15:19:49,        0,  29.8,   2.5,  25.1,  0.273, -0.004,  0.000,5548674.9,  1,  22.5,   1.0, 0.100
2025-11-12 15:19:50,        0,  29.8,   2.3,  25.1,  0.270, -0.003,  0.000,5548671.5,  1,  22.6,   1.0, 0.100
2025-11-12 15:19:51,        0,  29.8,   2.3,  25.1,  0.267, -0.004,  0.000,5548666.9,  1,  22.6,   1.0, 0.100
2025-11-12 15:19:52,        0,  29.8,   2.3,  25.1,  0.264, -0.003,  0.000,5548663.6,  1,  22.5,   1.0, 0.100
2025-11-12 15:19:53,        0,  29.8,   2.5,  25.1,  0.261, -0.003,  0.000,5548660.2,  1,  22.6,   1.0, 0.100
2025-11-12 15:19:54,        0,  29.8,   2.3,  25.1,  0.258, -0.003,  0.000,5548657.3,  1,  22.5,   1.0, 0.100
2025-11-12 15:19:55,        0,  29.8,   2.3,  25.1,  0.256, -0.003,8005.878,5548654.4,  1,  22.5,   1.0, 0.100
2025-11-12 15:19:56,        0,  29.8,   2.5,  25.1,  0.252, -0.003,  0.000,5548649.7,  1,  22.6,   1.0, 0.100
2025-11-12 15:19:57,        0,  29.9,   2.7,  25.1,  0.250, -0.003,  0.000,5548646.8,  1,  22.6,   1.0, 0.100
2025-11-12 15:19:58,        0,  29.8,   2.5,  25.1,  0.248, -0.004,  0.000,5548643.5,  1,  22.6,   0.9, 0.100
2025-11-12 15:19:59,        0,  29.8,   2.5,  25.1,  0.245, -0.003,  0.000,5548640.5,  1,  22.5,   0.9, 0.100
2025-11-12 15:20:00,        0,  29.8,   2.5,  25.1,  0.241, -0.003,  0.000,5548636.3,  1,  22.6,   0.9, 0.100
2025-11-12 15:20:01,        0,  29.8,   2.5,  25.1,  0.240, -0.003,  0.000,5548633.4,  1,  22.6,   0.8, 0.100
2025-11-12 15:20:02,        0,  29.8,   2.5,  25.1,  0.238, -0.003,  0.000,5548630.0,  1,  22.6,   0.8, 0.100
2025-11-12 15:20:03,        0,  29.8,   2.5,  25.1,  0.236, -0.003,  0.000,5548627.5,  1,  22.5,   0.8, 0.100
2165-165-165 45:165:85,        0,  29.8,   2.5,  25.2,  0.233, -0.003,  0.000,5548623.8,  1,  22.6,   0.8, 0.100
2025-11-12 15:20:05,        0,  29.8,   2.5,  25.1,  0.231, -0.003,  0.000,5548621.2,  1,  22.6,   0.8, 0.100
2025-11-12 15:20:06,        0,  29.9,   2.7,  25.1,  0.229, -0.003,  0.000,5548617.9,  1,  22.6,   0.8, 0.100
2025-11-12 15:20:07,        0,  29.9,   2.7,  25.1,  0.227, -0.003,  0.000,5548615.4,  1,  22.5,   0.8, 0.100
2025-11-12 15:20:08,        0,  29.8,   2.5,  25.1,  4.707,  4.083,  0.020,5551459.4,  1,  22.6,   0.8, 0.100
2025-11-12 15:20:09,        0,  29.8,   2.5,  25.1,  1.262,  0.055,  0.000,5551578.4,  1,  22.6,   0.8, 0.100
2025-11-12 15:20:10,        0,  29.8,   2.3,  25.1,  1.057,  0.007,  0.000,5551583.4,  1,  22.6,   0.8, 0.100
2025-11-12 15:20:11,        0,  29.7,   2.0,  25.1,  0.929, -0.004,  0.000,5551580.5,  1,  22.6,   0.8, 0.100
2025-11-12 15:20:12,        0,  29.7,   2.0,  25.1,  0.876, -0.005,  0.000,5551574.6,  1,  22.6,   0.8, 0.100
2025-11-12 15:20:13,        0,  29.8,   2.3,  25.1,  0.812, -0.006,  0.000,5551570.0,  1,  22.6,   0.8, 0.100
2025-11-12 15:20:14,        0,  29.8,   2.3,  25.1,  0.775, -0.006,  0.000,5551564.1,  1,  22.6,   0.8, 0.100
2025-11-12 15:20:15,        0,  29.7,   2.2,  25.1,  0.741, -0.006,  0.000,5551558.7,  1,  22.5,   0.8, 0.100
2025-11-12 15:20:16,        0,  29.7,   2.2,  25.1,  0.697, -0.006,  0.000,5551551.1,  1,  22.6,   0.8, 0.100
2025-11-12 15:20:17,        0,  29.7,   2.2,  25.1,  0.660, -0.006,  0.000,5551545.7,  1,  22.6,   0.8, 0.100
2025-11-12 15:20:18,        0,  29.8,   2.3,  25.1,  0.638, -0.006,  0.000,5551539.4,  1,  22.5,   0.8, 0.100
2025-11-12 15:20:19,        0,  29.7,   2.2,  25.1,  0.618, -0.006,  0.000,5551533.5,  1,  22.6,   0.8, 0.100
2025-11-12 15:20:20,        0,  29.7,   2.2,  25.1,  0.590, -0.006,  0.000,5551526.8,  1,  22.6,   0.8, 0.100
2025-11-12 15:20:21,        0,  29.8,   2.5,  25.1,  0.573, -0.006,  0.000,5551521.4,  1,  22.6,   0.8, 0.100
2025-11-12 15:20:22,        0,  29.8,   2.3,  25.1,  0.551, -0.006,  0.000,5551515.5,  1,  22.6,   0.8, 0.100
2025-11-12 15:20:23,        0,  29.8,   2.3,  25.1,  0.537, -0.006,  0.000,5551509.7,  1,  22.6,   0.8, 0.100
2025-11-12 15:20:24,        0,  29.7,   2.2,  25.1,  0.523, -0.006,  0.000,5551504.6,  1,  22.6,   0.8, 0.100
2025-11-12 15:20:25,        0,  29.8,   2.3,  25.1,  0.505, -0.006,  0.000,5551498.3,  1,  22.6,   0.8, 0.100
2025-11-12 15:20:26,        0,  29.8,   2.3,  25.1,  0.494, -0.005,  0.000,5551492.9,  1,  22.6,   0.8, 0.100
2025-11-12 15:20:27,        0,  29.8,   2.5,  25.1,  0.478, -0.005,  0.000,5551487.4,  1,  22.6,   0.8, 0.100
2025-11-12 15:20:28,        0,  29.8,   2.3,  25.1,  0.469, -0.005,  0.000,5551482.0,  1,  22.6,   0.8, 0.100
2025-11-12 15:20:29,        0,  29.8,   2.5,  25.1,  0.455, -0.005,  0.000,5551476.1,  1,  22.6,   0.8, 0.100
2025-11-12 15:20:30,        0,  29.8,   2.3,  25.1,  0.445, -0.005,  0.000,5551470.7,  1,  22.6,   0.9, 0.100
2025-11-12 15:20:31,        0,  29.8,   2.5,  25.1,  0.437, -0.005,  0.000,5551466.1,  1,  22.6,   0.9, 0.100
2025-11-12 15:20:32,        0,  29.8,   2.5,  25.1,  0.425, -0.005,  0.000,5551460.2,  1,  22.6,   0.9, 0.100
2025-11-12 15:20:33,        0,  29.9,   2.7,  25.1,  0.418, -0.005,  0.000,5551455.6,  1,  22.6,   0.9, 0.100
2025-11-12 15:20:34,        0,  29.8,   2.5,  25.1,  0.407, -0.005,  0.000,5551450.1,  1,  22.6,   0.9, 0.100
2025-11-12 15:20:35,        0,  29.8,   2.5,  25.1,  0.400, -0.005,  0.000,5551445.5,  1,  22.6,   0.9, 0.100
2025-11-12 15:20:36,        0,  29.8,   2.3,  25.1,  0.393, -0.005,  0.000,5551441.3,  1,  22.6,   0.9, 0.100
2025-11-12 15:20:37,        0,  29.8,   2.5,  25.1,  0.383, -0.005,  0.000,5551436.3,  1,  22.6,   0.9, 0.100
2025-11-12 15:20:38,        0,  29.8,   2.5,  25.1,  0.375, -0.004,  0.000,5551431.7,  1,  22.6,   0.9, 0.100
2025-11-12 15:20:39,        0,  29.9,   2.7,  25.1,  0.368, -0.004,  0.000,5551427.5,  1,  22.6,   0.9, 0.100
2025-11-12 15:20:40,        0,  29.8,   2.5,  25.1,  4.937,  4.371,  0.022,5554983.1,  1,  22.6,   0.9, 0.100
2025-11-12 15:20:41,        0,  29.8,   2.5,  25.1,  2.055,  0.824,  0.002,5555876.6,  1,  22.6,   0.9, 0.100
2025-11-12 15:20:42,        0,  29.4,   1.3,  25.1,  1.061,  0.007,  0.000,5555888.4,  1,  22.6,   0.9, 0.100
2025-11-12 15:20:43,        0,  29.7,   2.0,  25.1,  0.932, -0.004,  0.000,5555885.8,  1,  22.6,   0.9, 0.100
2025-11-12 15:20:44,        0,  29.7,   2.0,  25.1,  0.879, -0.005,  0.000,5555881.7,  1,  22.6,   0.9, 0.100
2025-11-12 15:20:45,        0,  29.7,   2.0,  25.1,  0.835, -0.006,  0.000,5555875.8,  1,  22.6,   0.9, 0.100
2025-11-12 15:20:46,        0,  29.7,   2.0,  25.1,  0.781, -0.006,  0.000,5555868.7,  1,  22.6,   1.0, 0.100
2025-11-12 15:20:47,        0,  29.7,   2.0,  25.1,  0.748, -0.006,  0.000,5555862.8,  1,  22.6,   1.0, 0.100
2025-11-12 15:20:48,        0,  29.7,   2.0,  25.1,  0.706, -0.006,  0.000,5555856.1,  1,  22.6,   0.9, 0.100
2025-11-12 15:20:49,        0,  29.7,   2.0,  25.1,  0.680, -0.005,  0.000,5555850.6,  1,  22.6,   1.0, 0.100
2025-11-12 15:20:50,        0,  29.7,   2.0,  25.1,  0.657, -0.006,  0.000,5555844.8,  1,  22.6,   1.0, 0.100
2025-11-12 15:20:51,        0,  29.6,   1.8,  25.1,  0.625, -0.007,  0.000,5555837.6,  1,  22.6,   0.9, 0.100
2025-11-12 15:20:52,        0,  29.7,   2.0,  25.1,  0.606, -0.006,  0.000,5555831.4,  1,  22.6,   0.9, 0.100
2025-11-12 15:20:53,        0,  29.7,   2.0,  25.1,  0.580, -0.006,  0.000,5555825.9,  1,  22.6,   0.9, 0.100
2025-11-12 15:20:54,        0,  29.7,   2.2,  25.1,  0.565, -0.006,  0.000,5555819.6,  1,  22.6,   0.9, 0.100
2025-11-12 15:20:55,        0,  29.7,   2.0,  25.1,  0.543, -0.006,  0.000,5555813.3,  1,  22.6,   0.9, 0.100
2025-11-12 15:20:56,        0,  29.7,   2.0,  25.1,  0.530, -0.006,  0.000,5555807.1,  1,  22.6,   0.9, 0.100
2025-11-12 15:20:57,        0,  29.7,   2.2,  25.1,  0.512, -0.006,  0.000,5555802.0,  1,  22.6,   0.9, 0.100
2025-11-12 15:20:58,        0,  29.7,   2.0,  25.1,  0.501, -0.006,  0.000,5555796.2,  1,  22.6,   0.9, 0.100
2025-11-12 15:20:59,        0,  29.7,   2.2,  25.1,  0.490, -0.006,  0.000,5555790.7,  1,  22.6,   0.9, 0.100
2025-11-12 15:21:00,        0,  29.7,   2.2,  25.1,  0.475, -0.005,  0.000,5555784.4,  1,  22.6,   0.8, 0.100
2025-11-12 15:21:01,        0,  29.7,   2.2,  25.1,  0.465, -0.005,  0.000,5555779.4,  1,  22.6,   0.8, 0.100
2025-11-12 15:21:02,        0,  29.7,   2.0,  25.1,  0.452, -0.005,  0.000,5555773.5,  1,  22.6,   0.8, 0.100
2025-11-12 15:21:03,        0,  29.7,   2.2,  25.1,  0.444, -0.005,  0.000,5555768.9,  1,  22.6,   0.8, 0.100
2025-11-12 15:21:04,        0,  29.7,   2.2,  25.1,  0.431, -0.005,  0.000,5555762.2,  1,  22.6,   0.8, 0.100
2025-11-12 15:21:05,        0,  29.7,   2.1,  25.1,  0.424, -0.005,  0.000,5555757.6,  1,  22.6,   0.8, 0.100
2025-11-12 15:21:06,        0,  29.8,   2.3,  25.1,  0.417, -0.005,  0.000,5555753.4,  1,  22.6,   0.8, 0.100
2025-11-12 15:21:07,        0,  29.8,   2.3,  25.1,  0.406, -0.005,  0.000,5555748.4,  1,  22.6,   0.8, 0.100
2025-11-12 15:21:08,        0,  29.7,   2.2,  25.1,  0.400, -0.005,  0.000,5555744.2,  1,  22.6,   0.8, 0.100
2025-11-12 15:21:09,        0,  29.8,   2.3,  25.1,  0.390, -0.005,  0.000,5555738.3,  1,  22.6,   0.8, 0.100
2025-11-12 15:21:10,        0,  29.7,   2.2,  25.1,  0.384, -0.005,  0.000,5555733.7,  1,  22.6,   0.8, 0.100
2025-11-12 15:21:11,        0,  29.7,   2.2,  25.1,  0.378, -0.005,  0.000,5555729.1,  1,  22.6,   0.8, 0.100
2025-11-12 15:21:12,        0,  29.7,   2.2,  25.1,  0.370, -0.005,  0.000,5555724.5,  1,  22.6,   0.8, 0.100
2025-11-12 15:21:13,        0,  29.8,   2.3,  25.1,  0.365, -0.004,  0.000,5555719.0,  1,  22.6,   0.8, 0.100
2025-11-12 15:21:14,        0,  29.8,   2.3,  25.1,  0.357, -0.004,  0.000,5555714.4,  1,  22.6,   0.8, 0.100
2025-11-12 15:21:15,        0,  29.8,   2.3,  25.1,  0.352, -0.004,  0.000,5555710.7,  1,  22.6,   0.8, 0.100
2025-11-12 15:21:16,        0,  29.7,   2.1,  25.1,  0.347, -0.004,  0.000,5555706.1,  1,  22.6,   0.8, 0.100
2025-11-12 15:21:17,        0,  29.8,   2.3,  25.1,  0.340, -0.005,  0.000,5555701.9,  1,  22.6,   0.8, 0.100
2025-11-12 15:21:18,        0,  29.7,   2.2,  25.1,  0.334, -0.004,  0.000,5555696.8,  1,  22.6,   0.8, 0.100
2025-11-12 15:21:19,        0,  29.8,   2.3,  25.1,  0.330, -0.004,  0.000,5555693.5,  1,  22.6,   0.8, 0.100
2025-11-12 15:21:20,        0,  29.7,   2.2,  25.1,  0.325, -0.004,  0.000,5555688.9,  1,  22.6,   0.8, 0.100
2025-11-12 15:21:21,        0,  29.7,   2.2,  25.1,  0.320, -0.004,  0.000,5555684.7,  1,  22.6,   0.8, 0.100
2025-11-12 15:21:22,        0,  29.8,   2.3,  25.1,  0.315, -0.005,  0.000,5555680.1,  1,  22.6,   0.8, 0.100
2025-11-12 15:21:23,        0,  29.8,   2.5,  25.1,  0.309, -0.004,  0.000,5555676.3,  1,  22.6,   0.8, 0.100
2025-11-12 15:21:24,        0,  29.8,   2.3,  25.1,  0.306, -0.004,  0.000,5555672.9,  1,  22.6,   0.8, 0.100
2025-11-12 15:21:25,        0,  29.8,   2.3,  25.1,  0.302, -0.003,  0.000,5555669.6,  1,  22.6,   0.8, 0.100
2025-11-12 15:21:26,        0,  29.8,   2.5,  25.1,  0.297, -0.004,  0.000,5555665.0,  1,  22.6,   0.8, 0.100
2025-11-12 15:21:27,        0,  29.8,   2.5,  25.1,  0.294, -0.004,  0.000,5555661.2,  1,  22.6,   0.8, 0.100
2025-11-12 15:21:28,        0,  29.8,   2.5,  25.1,  0.289, -0.004,  0.000,5555657.4,  1,  22.6,   0.8, 0.100
2025-11-12 15:21:29,        0,  29.8,   2.3,  25.1,  0.286, -0.004,  0.000,5555654.1,  1,  22.6,   0.8, 0.100
2025-11-12 15:21:30,        0,  29.8,   2.3,  25.1,  0.282, -0.003,  0.000,5555649.9,  1,  22.6,   0.8, 0.100
2025-11-12 15:21:31,        0,  29.8,   2.3,  25.1,  0.279, -0.004,  0.000,5555646.1,  1,  22.6,   0.8, 0.100
2025-11-12 15:21:32,        0,  29.8,   2.3,  25.1,  0.276, -0.003,  0.000,5555642.8,  1,  22.6,   0.8, 0.100
2025-11-12 15:21:33,        0,  29.8,   2.5,  25.1,  0.271, -0.004,  0.000,5555639.8,  1,  22.6,   0.8, 0.100
2025-11-12 15:21:34,        0,  29.8,   2.5,  25.1,  0.267, -0.003,  0.000,5555635.6,  1,  22.6,   0.9, 0.100
2025-11-12 15:21:35,        0,  29.8,   2.5,  25.1,  0.265, -0.003,  0.000,5555631.5,  1,  22.6,   0.9, 0.100
2025-11-12 15:21:36,        0,  29.8,   2.5,  25.1,  0.262, -0.003,  0.000,5555628.1,  1,  22.6,   0.9, 0.100
2025-11-12 15:21:37,        0,  29.8,   2.5,  25.1,  0.260, -0.003,  0.000,5555625.2,  1,  22.6,   0.9, 0.100
2025-11-12 15:21:38,        0,  29.8,   2.5,  25.1,  0.257, -0.003,  0.000,5555622.7,  1,  22.6,   0.9, 0.100
2025-11-12 15:21:39,        0,  29.8,   2.3,  25.1,  0.253, -0.003,  0.000,5555618.9,  1,  22.6,   0.9, 0.100
2025-11-12 15:21:40,        0,  29.8,   2.5,  25.1,  0.251, -0.003,  0.000,5555615.9,  1,  22.6,   0.9, 0.100
2025-11-12 15:21:41,        0,  29.8,   2.5,  25.1,  0.248, -0.003,  0.000,5555612.6,  1,  22.6,   0.9, 0.100
2025-11-12 15:21:42,        0,  29.8,   2.5,  25.1,  0.245, -0.003,  0.000,5555608.8,  1,  22.6,   1.0, 0.100
2025-11-12 15:21:43,        0,  29.8,   2.5,  25.1,  0.243, -0.003,  0.000,5555605.5,  1,  22.6,   0.9, 0.100
2025-11-12 15:21:44,        0,  29.8,   2.5,  25.1,  0.239, -0.003,  0.000,5555602.1,  1,  22.6,   0.9, 0.100
2025-11-12 15:21:45,        0,  29.8,   2.3,  25.1,  0.237, -0.003,  0.000,5555599.2,  1,  22.6,   1.0, 0.100
2025-11-12 15:21:46,        0,  29.9,   2.7,  25.1,  0.236, -0.003,  0.000,5555596.2,  1,  22.6,   1.0, 0.100
2025-11-12 15:21:47,        0,  29.8,   2.3,  25.0,  0.233, -0.003,  0.000,5555592.9,  1,  22.6,   1.0, 0.100
2025-11-12 15:21:48,        0,  29.8,   2.5,  25.1,  0.231, -0.003,  0.000,5555589.5,  1,  22.6,   1.0, 0.100
2025-11-12 15:21:49,        0,  29.8,   2.5,  25.1,  0.228, -0.003,  0.000,5555586.6,  1,  22.6,   1.0, 0.100
2025-11-12 15:21:50,        0,  29.9,   2.7,  25.1,  0.227, -0.003,  0.000,5555584.1,  1,  22.7,   1.0, 0.100
2025-11-12 15:21:51,        0,  29.9,   2.7,  25.1,  3.409,  2.470,  0.010,5556871.6,  1,  22.6,   1.0, 0.100
2025-11-12 15:21:52,        0,  29.6,   1.8,  25.1,  1.089,  0.010,  0.000,5556892.1,  1,  22.6,   1.0, 0.100
2025-11-12 15:21:53,        0,  29.8,   2.5,  25.1,  0.976, -0.000,  0.000,5556890.4,  1,  22.7,   1.0, 0.100
2025-11-12 15:21:54,        0,  29.8,   2.3,  25.1,  0.877, -0.004,  0.000,5556887.1,  1,  22.6,   1.0, 0.100
