Time, Cnts,  %T, set_Cell[mA], Cell[°C], Cell[Volt], Cell[mA], Cell[W], Cell[uAs], Cell_ON, Env[°C], TEC[°C], N2Flow[slpm]
2025-11-07 11:51:38,        0,  29.6,   1.9,  25.3,  0.372, -0.004,  0.000,     -1.7,  1,  21.8,   1.0, 0.100
2025-11-07 11:51:39,        0,  29.7,   2.1,  25.3,  0.365, -0.005,  0.000,     -6.0,  1,  21.8,   1.0, 0.100
2025-11-07 11:51:40,        0,  29.7,   2.1,  25.3,  0.359, -0.004,  0.000,    -10.0,  1,  21.8,   1.0, 0.100
2025-11-07 11:51:41,        0,  29.8,   2.3,  25.3,  0.352, -0.004,  0.000,    -14.3,  1,  21.9,   1.0, 0.100
2025-11-07 11:51:43,        0,  29.8,   2.3,  25.3,  0.343, -0.004,  0.000,    -19.2,  1,  21.9,   1.1, 0.100
2025-11-07 11:51:43,        0,  29.7,   2.1,  25.3,  0.334, -0.004,  0.000,    -22.9,  1,  21.9,   1.1, 0.100
2025-11-07 11:51:44,        0,  29.7,   2.1,  25.3,  0.328, -0.004,  0.000,    -26.9,  1,  21.9,   1.0, 0.101
2025-11-07 11:51:45,        0,  29.6,   1.9,  25.3,  0.323, -0.004,  0.000,    -30.6,  1,  21.9,   1.0, 0.100
2025-11-07 11:51:47,        0,  29.7,   2.1,  25.3,  0.315, -0.004,  0.000,    -34.9,  1,  21.9,   1.0, 0.100
2025-11-07 11:51:47,        0,  29.8,   2.3,  25.3,  0.310, -0.004,  0.000,    -38.6,  1,  21.9,   1.0, 0.100
2025-11-07 11:51:48,        0,  29.8,   2.3,  25.3,  0.303, -0.004,  0.000,    -42.3,  1,  21.9,   1.0, 0.100
2025-11-07 11:51:49,        0,  29.8,   2.3,  25.3,  0.298, -0.003,  0.000,    -45.5,  1,  21.9,   1.0, 0.100
2025-11-07 11:51:51,        0,  29.7,   2.1,  25.3,  0.291, -0.003,  0.000,    -49.5,  1,  21.9,   1.0, 0.100
2025-11-07 11:51:51,        0,  29.8,   2.3,  25.3,  0.286, -0.003,  0.000,    -52.9,  1,  21.9,   0.9, 0.100
2025-11-07 11:51:52,        0,  29.8,   2.3,  25.3,  0.282, -0.003,  0.000,    -56.1,  1,  21.9,   0.9, 0.100
2025-11-07 11:51:53,        0,  29.7,   2.1,  25.3,  0.276, -0.003,  0.000,    -59.5,  1,  21.9,   0.9, 0.100
2025-11-07 11:51:55,        0,  29.8,   2.3,  25.3,  0.272, -0.003,  0.000,    -62.9,  1,  21.9,   0.8, 0.100
2025-11-07 11:51:55,        0,  29.8,   2.3,  25.3,  0.265, -0.003,  0.000,    -66.1,  1,  21.9,   0.8, 0.100
2025-11-07 11:51:56,        0,  29.6,   1.9,  25.3,  0.261, -0.003,  0.000,    -69.2,  1,  21.9,   0.9, 0.100
2025-11-07 11:51:57,        0,  29.8,   2.3,  25.3,  0.258, -0.003,  0.000,    -72.1,  1,  21.9,   0.9, 0.100
2025-11-07 11:51:59,        0,  29.8,   2.3,  25.3,  0.252, -0.003,  0.000,    -75.8,  1,  21.9,   0.9, 0.100
2025-11-07 11:51:59,        0,  29.8,   2.3,  25.3,  0.248, -0.003,  0.000,    -78.7,  1,  21.9,   0.9, 0.100
2025-11-07 11:52:00,        0,  29.8,   2.5,  25.3,  0.243, -0.003,  0.000,    -81.5,  1,  21.9,   0.8, 0.100
2025-11-07 11:52:01,        0,  29.9,   2.6,  25.3,  4.404,  3.087,  0.019,   1900.9,  1,  21.9,   0.8, 0.100
2025-11-07 11:52:03,        0,  29.9,   2.8,  25.3,  2.811,  1.248,  0.004,   3856.1,  1,  21.8,   0.8, 0.100
2025-11-07 11:52:03,        0,  29.9,   2.6,  25.3,  6.288,  4.390,  0.028,   7705.3,  1,  21.9,   0.8, 0.088
2025-11-07 11:52:04,        0,  29.7,   2.1,  25.3,  6.277,  4.384,  0.028,  11957.4,  1,  21.8,   0.8, 0.095
2025-11-07 11:52:05,        0,  30.5,   4.6,  25.3,  3.523,  1.967,  0.013,  14132.0,  1,  21.8,   0.8, 0.098
2025-11-07 11:52:07,        0,  30.7,   5.1,  25.2,  9.232,  7.136,  0.067,  20988.5,  1,  21.8,   0.8, 0.099
2025-11-07 11:52:07,        0,  30.9,   5.6,  25.3,  7.109,  5.162,  0.040,  26339.2,  1,  21.8,   0.8, 0.099
2025-11-07 11:52:08,        0,  31.1,   6.3,  25.3,  8.453,  6.412,  0.057,  33257.7,  1,  21.8,   0.8, 0.099
2025-11-07 11:52:09,        0,  32.1,   9.2,  25.3,  8.937,  6.866,  0.062,  41053.1,  1,  21.8,   0.8, 0.099
2025-11-07 11:52:11,        0,  32.5,  10.5,  25.3, 14.178, 11.785,  0.169,  54398.1,  1,  21.8,   0.8, 0.099
2025-11-07 11:52:11,        0,  33.1,  12.2,  25.3, 14.081, 11.701,  0.169,  65011.9,  1,  21.8,   0.8, 0.099
2025-11-07 11:52:12,        0,  32.1,   9.2,  25.3, 13.293, 10.971,  0.146,  76288.0,  1,  21.8,   0.8, 0.099
2025-11-07 11:52:13,        0,  34.2,  15.7,  25.3, 16.344, 13.856,  0.227,  89147.5,  1,  21.8,   0.9, 0.099
2025-11-07 11:52:15,        0,  33.4,  13.3,  25.2, 22.024, 19.270,  0.425, 110489.6,  1,  21.8,   0.8, 0.100
2025-11-07 11:52:15,        0,  34.8,  17.4,  25.3, 20.400, 17.751,  0.363, 127081.8,  1,  21.8,   0.9, 0.100
2025-11-07 11:52:16,        0,  35.0,  18.0,  25.2, 20.708, 18.108,  0.390, 145367.2,  1,  21.8,   0.8, 0.100
2025-11-07 11:52:17,        0,  35.4,  19.2,  25.2, 25.881, 23.082,  0.599, 166288.7,  1,  21.8,   0.8, 0.100
2025-11-07 11:52:19,        0,  36.2,  21.5,  25.4, 25.483, 22.770,  0.581, 192023.0,  1,  21.9,   1.0, 0.101
2025-11-07 11:52:19,        0,  35.9,  20.7,  25.3, 28.243, 25.471,  0.721, 216630.1,  1,  21.9,   0.9, 0.105
2025-11-07 11:52:20,        0,  33.5,  13.5,  25.2, 28.001, 25.323,  0.723, 238402.5,  1,  21.8,   0.9, 0.105
2025-11-07 11:52:21,        0,  34.9,  17.7,  25.3, 30.830, 28.104,  0.868, 260842.6,  1,  21.8,   0.9, 0.103
2025-11-07 11:52:22,        0,  34.8,  17.4,  25.2, 25.353, 22.839,  0.582, 282760.6,  1,  21.8,   0.9, 0.101
2025-11-07 11:52:23,        0,  35.7,  20.2,  25.3, 20.006, 17.684,  0.366, 305719.5,  1,  21.8,   0.8, 0.100
2025-11-07 11:52:24,        0,  35.6,  19.7,  25.2, 23.463, 21.057,  0.496, 325901.2,  1,  21.8,   0.8, 0.100
2025-11-07 11:52:25,        0,  35.3,  19.0,  25.2, 22.655, 20.280,  0.462, 345109.7,  1,  21.8,   0.8, 0.100
2025-11-07 11:52:26,        0,  34.5,  16.5,  25.3, 22.961, 20.581,  0.474, 364947.5,  1,  21.8,   0.8, 0.100
2025-11-07 11:52:28,        0,  34.1,  15.2,  25.3, 18.082, 15.830,  0.287, 384622.2,  1,  21.8,   0.8, 0.100
2025-11-07 11:52:28,        0,  33.4,  13.3,  25.3, 20.653, 18.321,  0.379, 401946.0,  1,  21.8,   0.8, 0.100
2025-11-07 11:52:29,        0,  33.7,  14.2,  25.3, 16.607, 14.386,  0.240, 416878.8,  1,  21.8,   0.8, 0.100
2025-11-07 11:52:30,        0,  35.0,  18.0,  25.3, 21.981, 19.584,  0.434, 434382.5,  1,  21.8,   0.9, 0.100
2025-11-07 11:52:31,        0,  33.4,  13.2,  25.2, 13.764, 11.629,  0.161, 450253.5,  1,  21.8,   0.8, 0.100
2025-11-07 11:52:32,        0,  35.1,  18.4,  25.3, 27.107, 24.540,  0.667, 469536.5,  1,  21.8,   0.8, 0.100
2025-11-07 11:52:33,        0,  33.6,  13.8,  25.3, 20.883, 18.517,  0.387, 487956.9,  1,  21.8,   0.8, 0.100
2025-11-07 11:52:34,        0,  32.4,  10.3,  25.3, 19.119, 16.808,  0.321, 504714.8,  1,  21.8,   0.8, 0.100
2025-11-07 11:52:36,        0,  33.8,  14.5,  25.3, 20.240, 17.883,  0.364, 523906.2,  1,  21.8,   0.9, 0.100
2025-11-07 11:52:36,        0,  33.2,  12.5,  25.3, 19.371, 17.033,  0.330, 540248.4,  1,  21.8,   0.8, 0.100
2025-11-07 11:52:37,        0,  33.4,  13.1,  25.3, 13.315, 11.177,  0.149, 551400.1,  1,  21.8,   0.9, 0.100
2025-11-07 11:52:38,        0,  33.0,  12.0,  25.3, 18.640, 16.313,  0.306, 566019.7,  1,  21.9,   0.8, 0.100
2025-11-07 11:52:40,        0,  33.2,  12.5,  25.3, 15.042, 12.825,  0.193, 581947.3,  1,  21.8,   0.9, 0.100
2025-11-07 11:52:40,        0,  33.8,  14.5,  25.3, 18.982, 16.615,  0.317, 598266.6,  1,  21.8,   0.9, 0.100
2025-11-07 11:52:41,        0,  33.6,  13.8,  25.3, 15.732, 13.492,  0.217, 611778.9,  1,  21.8,   0.9, 0.100
2025-11-07 11:52:42,        0,  32.5,  10.5,  25.3, 14.767, 12.549,  0.186, 625129.2,  1,  21.8,   0.9, 0.100
2025-11-07 11:52:44,        0,  32.0,   9.0,  25.3, 10.348,  8.301,  0.087, 636162.2,  1,  21.8,   0.8, 0.100
2025-11-07 11:52:44,        0,  33.4,  13.3,  25.3, 15.067, 12.815,  0.194, 648249.2,  1,  21.8,   0.9, 0.100
2025-11-07 11:52:45,        0,  32.2,   9.5,  25.3, 16.547, 14.236,  0.236, 661652.5,  1,  21.8,   0.9, 0.100
2025-11-07 11:52:46,        0,  33.7,  14.0,  25.3, 14.694, 12.450,  0.183, 673512.0,  1,  21.8,   0.9, 0.100
2025-11-07 11:52:48,        0,  32.0,   9.0,  25.3, 16.529, 14.214,  0.236, 689662.2,  1,  21.8,   0.9, 0.100
2025-11-07 11:52:48,        0,  32.8,  11.3,  25.3, 14.031, 11.811,  0.166, 700934.0,  1,  21.8,   0.9, 0.100
2025-11-07 11:52:49,        0,  32.1,   9.3,  25.3, 15.789, 13.490,  0.213, 713349.5,  1,  21.8,   0.9, 0.100
2025-11-07 11:52:50,        0,  33.6,  13.7,  25.3, 12.676, 10.498,  0.135, 724436.8,  1,  21.8,   0.9, 0.100
2025-11-07 11:52:52,        0,  31.0,   6.1,  25.3, 16.564, 14.232,  0.236, 742078.7,  1,  21.8,   0.9, 0.100
2025-11-07 11:52:52,        0,  33.2,  12.7,  25.3, 12.531, 10.364,  0.144, 752786.7,  1,  21.8,   0.9, 0.100
2025-11-07 11:52:53,        0,  33.9,  14.7,  25.3, 17.717, 15.329,  0.272, 767748.4,  1,  21.8,   0.9, 0.100
2025-11-07 11:52:54,        0,  33.0,  12.0,  25.3, 16.346, 14.017,  0.231, 782414.6,  1,  21.8,   0.9, 0.100
2025-11-07 11:52:56,        0,  34.1,  15.3,  25.3, 20.207, 17.734,  0.359, 801854.1,  1,  21.8,   0.9, 0.100
2025-11-07 11:52:56,        0,  34.6,  16.9,  25.3, 20.232, 17.768,  0.359, 818749.0,  1,  21.8,   0.9, 0.100
2025-11-07 11:52:57,        0,  35.6,  19.7,  25.3, 23.117, 20.565,  0.476, 838318.4,  1,  21.8,   0.9, 0.100
2025-11-07 11:52:58,        0,  34.6,  16.7,  25.3, 21.890, 19.409,  0.429, 855898.2,  1,  21.8,   0.9, 0.100
2025-11-07 11:53:00,        0,  35.0,  18.0,  25.3, 21.123, 18.663,  0.395, 878078.1,  1,  21.8,   0.9, 0.100
2025-11-07 11:53:00,        0,  34.1,  15.2,  25.3, 16.445, 14.160,  0.234, 894158.7,  1,  21.8,   0.9, 0.100
2025-11-07 11:53:01,        0,  36.0,  20.9,  25.3, 25.943, 23.349,  0.607, 914340.3,  1,  21.8,   0.9, 0.100
2025-11-07 11:53:02,        0,  36.7,  23.1,  25.3, 27.651, 25.050,  0.694, 938561.7,  1,  21.8,   0.9, 0.100
2025-11-07 11:53:04,        0,  36.6,  22.7,  25.3, 28.270, 25.778,  0.734, 968279.8,  1,  21.8,   0.9, 0.100
2025-11-07 11:53:04,        0,  37.7,  26.0,  25.3, 28.878, 26.395,  0.762, 992674.2,  1,  21.8,   0.9, 0.100
2025-11-07 11:53:05,        0,  37.9,  26.7,  25.3, 32.582, 30.129,  0.984,1020493.1,  1,  21.8,   0.9, 0.100
2025-11-07 11:53:06,        0,  37.1,  24.2,  25.3, 25.941, 23.651,  0.616,1045571.2,  1,  21.8,   0.9, 0.100
2025-11-07 11:53:08,        0,  35.9,  20.7,  25.3, 27.160, 24.899,  0.676,1076504.8,  1,  21.8,   0.9, 0.100
2025-11-07 11:53:08,        0,  36.2,  21.5,  25.3, 25.914, 23.656,  0.625,1099096.6,  1,  21.8,   0.9, 0.100
2025-11-07 11:53:09,        0,  38.1,  27.4,  25.3, 23.520, 21.303,  0.515,1123406.2,  1,  21.8,   0.9, 0.100
2025-11-07 11:53:10,        0,  37.1,  24.4,  25.3, 36.162, 33.916,  1.230,1154298.3,  1,  21.8,   0.9, 0.100
2025-11-07 11:53:11,        0,  38.0,  27.1,  25.3, 33.909, 31.783,  1.078,1183290.9,  1,  21.8,   0.9, 0.100
2025-11-07 11:53:12,        0,  38.2,  27.7,  25.3, 30.420, 28.398,  0.864,1218318.0,  1,  21.8,   0.9, 0.100
2025-11-07 11:53:13,        0,  37.2,  24.7,  25.3, 27.595, 25.600,  0.708,1245103.4,  1,  21.8,   0.9, 0.100
2025-11-07 11:53:14,        0,  37.2,  24.6,  25.3, 32.067, 30.072,  0.968,1274884.2,  1,  21.8,   0.9, 0.100
2025-11-07 11:53:15,        0,  39.1,  30.4,  25.3, 35.792, 33.926,  1.214,1305448.7,  1,  21.8,   0.9, 0.100
2025-11-07 11:53:17,        0,  37.8,  26.4,  25.3, 28.088, 26.223,  0.741,1339262.6,  1,  21.8,   0.9, 0.100
2025-11-07 11:53:17,        0,  40.7,  35.1,  25.3, 39.457, 37.700,  1.488,1373033.9,  1,  21.8,   0.9, 0.100
2025-11-07 11:53:18,        0,  38.0,  27.1,  25.3, 38.161, 36.580,  1.397,1408329.5,  1,  21.8,   0.9, 0.100
2025-11-07 11:53:19,        0,  35.8,  20.4,  25.3, 35.675, 34.143,  1.234,1436048.7,  1,  21.8,   0.9, 0.100
2025-11-07 11:53:21,        0,  38.6,  28.9,  25.3, 31.048, 29.386,  0.920,1469074.2,  1,  21.8,   0.9, 0.100
2025-11-07 11:53:21,        0,  37.5,  25.4,  25.3, 31.668, 30.041,  0.956,1498952.4,  1,  21.8,   0.9, 0.100
2025-11-07 11:53:22,        0,  37.4,  25.1,  25.3, 38.646, 37.177,  1.442,1531333.5,  1,  21.8,   0.9, 0.100
2025-11-07 11:53:23,        0,  38.4,  28.1,  25.3, 26.651, 25.000,  0.686,1557700.8,  1,  21.8,   0.9, 0.100
2025-11-07 11:53:25,        0,  38.4,  28.2,  25.3, 39.563, 38.206,  1.517,1599518.2,  1,  21.8,   0.9, 0.100
2025-11-07 11:53:25,        0,  38.5,  28.6,  25.3, 30.985, 29.465,  0.918,1627117.7,  1,  21.8,   0.9, 0.100
2025-11-07 11:53:26,        0,  41.0,  36.0,  25.3, 38.488, 37.107,  1.429,1661529.7,  1,  21.8,   0.9, 0.100
2025-11-07 11:53:27,        0,  34.0,  15.0,  25.3, 38.887, 37.665,  1.465,1697554.0,  1,  21.8,   0.8, 0.100
2025-11-07 11:53:28,        0,  39.4,  31.2,  25.3, 41.536, 40.367,  1.706,1730265.5,  1,  21.8,   0.8, 0.100
2025-11-07 11:53:29,        0,  36.6,  22.9,  25.3, 29.252, 27.914,  0.828,1766679.1,  1,  21.8,   0.9, 0.100
2025-11-07 11:53:30,        0,  37.6,  25.7,  25.3, 35.539, 34.295,  1.228,1796881.4,  1,  21.8,   0.9, 0.100
2025-11-07 11:53:31,        0,  39.8,  32.3,  25.3, 32.053, 30.677,  1.000,1824984.7,  1,  21.8,   0.8, 0.100
2025-11-07 11:53:32,        0,  39.2,  30.6,  25.3, 37.288, 36.106,  1.347,1859530.2,  1,  21.8,   0.9, 0.100
2025-11-07 11:53:34,        0,  35.9,  20.7,  25.3, 28.958, 27.569,  0.803,1892634.6,  1,  21.8,   0.8, 0.100
2025-11-07 11:53:34,        0,  39.1,  30.4,  25.3, 34.163, 32.862,  1.134,1921412.8,  1,  21.8,   0.9, 0.100
2025-11-07 11:53:35,        0,  36.6,  22.9,  25.3, 35.812, 34.587,  1.239,1953459.5,  1,  21.8,   0.9, 0.100
2025-11-07 11:53:36,        0,  38.2,  27.6,  25.3, 29.082, 27.624,  0.817,1979246.7,  1,  21.8,   0.9, 0.100
2025-11-07 11:53:38,        0,  38.5,  28.6,  25.3, 36.098, 34.827,  1.257,2017305.1,  1,  21.8,   0.8, 0.100
2025-11-07 11:53:38,        0,  40.4,  34.1,  25.3, 31.927, 30.589,  0.977,2047352.4,  1,  21.8,   0.8, 0.100
2025-11-07 11:53:39,        0,  38.5,  28.4,  25.3, 38.165, 37.041,  1.414,2082915.3,  1,  21.9,   0.9, 0.100
2025-11-07 11:53:40,        0,  35.3,  18.8,  25.3, 32.515, 31.300,  1.028,2110535.6,  1,  21.8,   0.8, 0.100
2025-11-07 11:53:41,        0,  38.0,  27.1,  25.3, 28.095, 26.649,  0.751,2134225.5,  1,  21.8,   0.9, 0.100
2025-11-07 11:53:42,        0,  37.7,  26.2,  25.3, 31.425, 30.018,  0.944,2170751.6,  1,  21.8,   0.8, 0.100
2025-11-07 11:53:43,        0,  37.2,  24.7,  25.3, 31.069, 29.655,  0.925,2198698.9,  1,  21.8,   0.8, 0.100
2025-11-07 11:53:44,        0,  37.2,  24.6,  25.3, 33.506, 32.129,  1.091,2228561.3,  1,  21.8,   0.9, 0.100
2025-11-07 11:53:45,        0,  37.5,  25.4,  25.3, 30.864, 29.433,  0.910,2256015.0,  1,  21.8,   0.9, 0.100
2025-11-07 11:53:47,        0,  36.3,  21.9,  25.3, 35.022, 33.689,  1.181,2292523.2,  1,  21.8,   0.9, 0.100
2025-11-07 11:53:47,        0,  37.7,  26.1,  25.3, 32.718, 31.299,  1.024,2320586.9,  1,  21.8,   0.9, 0.100
2025-11-07 11:53:48,        0,  39.3,  30.9,  25.3, 29.741, 28.231,  0.843,2348456.3,  1,  21.8,   0.9, 0.100
2025-11-07 11:53:49,        0,  37.0,  24.1,  25.3, 36.901, 35.602,  1.314,2380314.7,  1,  21.8,   0.9, 0.100
2025-11-07 11:53:51,        0,  38.0,  26.9,  25.4, 25.127, 23.567,  0.597,2409768.7,  1,  21.8,   0.9, 0.100
2025-11-07 11:53:51,        0,  36.6,  22.9,  25.4, 21.702, 20.044,  0.462,2432198.0,  1,  21.8,   0.9, 0.100
2025-11-07 11:53:52,        0,  39.2,  30.7,  25.4, 31.758, 30.190,  0.959,2459369.2,  1,  21.8,   0.9, 0.100
2025-11-07 11:53:53,        0,  36.2,  21.7,  25.4, 32.928, 31.429,  1.036,2489441.0,  1,  21.8,   0.9, 0.100
2025-11-07 11:53:54,        0,  36.4,  22.2,  25.4, 27.172, 25.531,  0.704,2514902.0,  1,  21.8,   0.9, 0.100
2025-11-07 11:53:55,        0,  36.8,  23.4,  25.4, 28.277, 26.611,  0.753,2544922.5,  1,  21.8,   0.9, 0.100
2025-11-07 11:53:56,        0,  36.4,  22.2,  25.3, 28.357, 26.696,  0.763,2568580.6,  1,  21.8,   1.0, 0.100
2025-11-07 11:53:57,        0,  36.5,  22.6,  25.4, 23.765, 21.993,  0.523,2591128.7,  1,  21.8,   0.9, 0.100
2025-11-07 11:53:58,        0,  34.2,  15.5,  25.4, 21.191, 19.374,  0.428,2610577.1,  1,  21.8,   0.9, 0.100
2025-11-07 11:54:00,        0,  36.7,  23.1,  25.4, 29.413, 27.631,  0.814,2641159.1,  1,  21.8,   0.9, 0.100
2025-11-07 11:54:00,        0,  35.2,  18.7,  25.4, 23.631, 21.792,  0.516,2664405.6,  1,  21.8,   0.9, 0.100
2025-11-07 11:54:01,        0,  35.4,  19.2,  25.4, 22.452, 20.580,  0.464,2684287.3,  1,  21.8,   0.9, 0.100
2025-11-07 11:54:02,        0,  35.4,  19.2,  25.3, 28.004, 26.073,  0.737,2707634.5,  1,  21.8,   0.9, 0.100
2025-11-07 11:54:04,        0,  36.5,  22.4,  25.3, 27.805, 25.911,  0.721,2738033.7,  1,  21.8,   0.9, 0.100
2025-11-07 11:54:04,        0,  35.5,  19.4,  25.4, 20.018, 18.076,  0.362,2757838.3,  1,  21.8,   0.9, 0.100
2025-11-07 11:54:05,        0,  35.8,  20.4,  25.4, 21.877, 19.906,  0.436,2778600.3,  1,  21.8,   0.9, 0.100
2025-11-07 11:54:06,        0,  35.3,  18.9,  25.4, 22.701, 20.718,  0.474,2798611.6,  1,  21.8,   0.9, 0.100
2025-11-07 11:54:07,        0,  36.7,  23.2,  25.4, 25.927, 23.905,  0.621,2820489.9,  1,  21.8,   0.9, 0.100
2025-11-07 11:54:08,        0,  33.4,  13.3,  25.4, 20.841, 18.848,  0.405,2846425.6,  1,  21.8,   0.9, 0.100
2025-11-07 11:54:09,        0,  35.4,  19.2,  25.4, 21.974, 19.924,  0.440,2863820.3,  1,  21.8,   0.9, 0.100
2025-11-07 11:54:10,        0,  34.7,  17.0,  25.4, 21.341, 19.294,  0.413,2882564.4,  1,  21.8,   1.0, 0.100
2025-11-07 11:54:11,        0,  33.2,  12.6,  25.4, 23.390, 21.279,  0.501,2902027.1,  1,  21.8,   0.9, 0.100
2025-11-07 11:54:13,        0,  36.0,  20.9,  25.4, 27.016, 24.830,  0.674,2926705.6,  1,  21.8,   0.9, 0.100
2025-11-07 11:54:13,        0,  36.9,  23.6,  25.4, 26.979, 24.819,  0.670,2949687.5,  1,  21.8,   0.9, 0.100
2025-11-07 11:54:14,        0,  35.1,  18.2,  25.4, 23.236, 21.129,  0.494,2971819.7,  1,  21.8,   0.9, 0.100
2025-11-07 11:54:15,        0,  34.3,  16.0,  25.4, 22.691, 20.572,  0.467,2990492.5,  1,  21.8,   0.9, 0.100
2025-11-07 11:54:17,        0,  33.5,  13.5,  25.4, 17.474, 15.377,  0.270,3010277.5,  1,  21.7,   0.9, 0.100
2025-11-07 11:54:17,        0,  33.5,  13.5,  25.4, 20.846, 18.684,  0.393,3027490.8,  1,  21.8,   0.9, 0.100
2025-11-07 11:54:18,        0,  33.6,  13.7,  25.4, 18.711, 16.561,  0.310,3043474.5,  1,  21.8,   0.9, 0.100
2025-11-07 11:54:19,        0,  33.4,  13.3,  25.4, 20.853, 18.650,  0.392,3060845.6,  1,  21.8,   0.9, 0.100
2025-11-07 11:54:21,        0,  31.2,   6.6,  25.5, 17.505, 15.322,  0.269,3078322.9,  1,  21.8,   0.9, 0.100
2025-11-07 11:54:21,        0,  34.9,  17.8,  25.4, 16.841, 14.636,  0.248,3091330.1,  1,  21.8,   0.9, 0.100
2025-11-07 11:54:22,        0,  32.8,  11.3,  25.4, 20.928, 18.656,  0.392,3108458.1,  1,  21.8,   0.9, 0.100
2025-11-07 11:54:23,        0,  35.3,  18.8,  25.4, 21.524, 19.225,  0.422,3125130.4,  1,  21.8,   0.9, 0.100
2025-11-07 11:54:25,        0,  33.7,  14.2,  25.4, 14.617, 12.433,  0.183,3143715.6,  1,  21.8,   0.9, 0.100
2025-11-07 11:54:26,        0,  34.4,  16.2,  25.4, 23.002, 20.626,  0.477,3162309.3,  1,  21.8,   0.9, 0.100
2025-11-07 11:54:26,        0,  34.8,  17.4,  25.4, 21.124, 18.798,  0.397,3180210.6,  1,  21.8,   0.9, 0.100
2025-11-07 11:54:27,        0,  33.1,  12.2,  25.5, 19.519, 17.241,  0.343,3194843.1,  1,  21.7,   1.0, 0.100
2025-11-07 11:54:28,        0,  34.3,  16.0,  25.4, 20.011, 17.688,  0.357,3210272.1,  1,  21.8,   0.9, 0.100
2025-11-07 11:54:30,        0,  33.8,  14.5,  25.4, 17.042, 14.777,  0.252,3229142.0,  1,  21.7,   0.9, 0.100
2025-11-07 11:54:30,        0,  33.5,  13.5,  25.4, 18.205, 15.894,  0.292,3244452.0,  1,  21.8,   0.9, 0.100
2025-11-07 11:54:31,        0,  33.7,  14.2,  25.4, 15.065, 12.832,  0.197,3258617.0,  1,  21.7,   1.0, 0.100
2025-11-07 11:54:32,        0,  33.2,  12.7,  25.5, 18.046, 15.731,  0.284,3272761.0,  1,  21.8,   1.0, 0.100
2025-11-07 11:54:34,        0,  33.4,  13.2,  25.5, 12.006,  9.853,  0.120,3287139.1,  1,  21.8,   1.0, 0.100
2025-11-07 11:54:34,        0,  33.6,  13.8,  25.4, 16.554, 14.253,  0.236,3301348.1,  1,  21.8,   1.0, 0.100
2025-11-07 11:54:35,        0,  32.7,  11.2,  25.4, 14.664, 12.415,  0.182,3314011.3,  1,  21.8,   1.0, 0.100
2025-11-07 11:54:36,        0,  32.6,  10.8,  25.4, 14.825, 12.565,  0.188,3326887.4,  1,  21.8,   1.0, 0.100
2025-11-07 11:54:38,        0,  31.9,   8.6,  25.4, 16.608, 14.290,  0.237,3343705.0,  1,  21.8,   1.0, 0.100
2025-11-07 11:54:38,        0,  33.4,  13.2,  25.5, 14.095, 11.847,  0.168,3355528.1,  1,  21.8,   1.0, 0.100
2025-11-07 11:54:39,        0,  32.3,  10.0,  25.4, 17.988, 15.620,  0.282,3369933.3,  1,  21.8,   1.0, 0.100
2025-11-07 11:54:40,        0,  33.0,  12.0,  25.4, 14.815, 12.539,  0.187,3381599.8,  1,  21.8,   1.0, 0.100
2025-11-07 11:54:42,        0,  34.1,  15.2,  25.4, 15.965, 13.635,  0.219,3397402.9,  1,  21.8,   1.0, 0.100
2025-11-07 11:54:42,        0,  32.9,  11.7,  25.4, 14.864, 12.584,  0.190,3410490.8,  1,  21.8,   1.0, 0.100
2025-11-07 11:54:43,        0,  32.6,  10.7,  25.4, 13.551, 11.309,  0.159,3420971.3,  1,  21.8,   1.0, 0.100
2025-11-07 11:54:44,        0,  33.2,  12.7,  25.4, 15.532, 13.207,  0.205,3433331.1,  1,  21.8,   1.0, 0.100
2025-11-07 11:54:46,        0,  31.2,   6.5,  25.4, 15.482, 13.161,  0.205,3448531.8,  1,  21.8,   1.0, 0.100
2025-11-07 11:54:46,        0,  31.2,   6.6,  25.4, 10.341,  8.212,  0.086,3456126.3,  1,  21.8,   1.0, 0.100
2025-11-07 11:54:47,        0,  31.6,   7.8,  25.4, 16.059, 13.702,  0.222,3466777.6,  1,  21.8,   1.0, 0.100
2025-11-07 11:54:48,        0,  31.4,   7.3,  25.4, 10.917,  8.753,  0.096,3475266.1,  1,  21.8,   1.0, 0.100
2025-11-07 11:54:50,        0,  33.2,  12.6,  25.4, 14.093, 11.788,  0.169,3488008.7,  1,  21.8,   1.0, 0.100
2025-11-07 11:54:50,        0,  32.1,   9.3,  25.4, 16.216, 13.840,  0.225,3499927.6,  1,  21.7,   1.0, 0.100
2025-11-07 11:54:51,        0,  32.4,  10.3,  25.4, 12.799, 10.551,  0.136,3510015.4,  1,  21.8,   1.0, 0.100
2025-11-07 11:54:52,        0,  31.4,   7.1,  25.4, 10.912,  8.744,  0.096,3519685.2,  1,  21.8,   1.0, 0.100
2025-11-07 11:54:54,        0,  31.5,   7.6,  25.4, 10.992,  8.822,  0.100,3530202.8,  1,  21.7,   1.0, 0.100
2025-11-07 11:54:54,        0,  31.8,   8.5,  25.4, 12.482, 10.243,  0.128,3539223.4,  1,  21.7,   1.0, 0.100
2025-11-07 11:54:55,        0,  31.5,   7.5,  25.4, 12.340, 10.106,  0.127,3548903.7,  1,  21.8,   1.0, 0.100
2025-11-07 11:54:56,        0,  32.0,   9.0,  25.4, 12.581, 10.337,  0.131,3558302.3,  1,  21.7,   1.0, 0.100
2025-11-07 11:54:57,        0,  31.2,   6.6,  25.4, 12.868, 10.609,  0.138,3567576.5,  1,  21.8,   1.0, 0.100
2025-11-07 11:54:59,        0,  31.0,   6.1,  25.5, 12.469, 10.225,  0.130,3578814.5,  1,  21.8,   1.0, 0.100
2025-11-07 11:54:59,        0,  32.1,   9.3,  25.4, 11.586,  9.380,  0.109,3587036.7,  1,  21.7,   1.0, 0.100
2025-11-07 11:55:00,        0,  29.8,   2.5,  25.4, 11.351,  9.162,  0.104,3596266.9,  1,  21.8,   1.0, 0.100
2025-11-07 11:55:01,        0,  31.9,   8.8,  25.4, 10.029,  7.906,  0.081,3603070.5,  1,  21.8,   1.0, 0.100
2025-11-07 11:55:03,        0,  31.8,   8.5,  25.4, 11.008,  8.836,  0.100,3613913.3,  1,  21.8,   1.0, 0.100
2025-11-07 11:55:03,        0,  30.8,   5.3,  25.4, 12.150,  9.919,  0.121,3623492.1,  1,  21.7,   1.0, 0.100
2025-11-07 11:55:04,        0,  31.5,   7.5,  25.4,  8.431,  6.391,  0.054,3630364.5,  1,  21.8,   1.0, 0.100
2025-11-07 11:55:05,        0,  31.8,   8.5,  25.5, 12.199,  9.968,  0.122,3639587.5,  1,  21.8,   1.0, 0.100
2025-11-07 11:55:06,        0,  31.3,   7.0,  25.4,  9.764,  7.654,  0.076,3647746.4,  1,  21.7,   1.0, 0.100
2025-11-07 11:55:07,        0,  30.5,   4.5,  25.5, 11.824,  9.616,  0.116,3658110.6,  1,  21.8,   1.0, 0.100
2025-11-07 11:55:08,        0,  30.8,   5.5,  25.4,  9.821,  7.714,  0.077,3664793.5,  1,  21.7,   1.0, 0.100
2025-11-07 11:55:09,        0,  31.4,   7.3,  25.4, 10.407,  8.267,  0.087,3672920.6,  1,  21.8,   1.0, 0.100
2025-11-07 11:55:10,        0,  30.6,   4.9,  25.4,  6.990,  5.033,  0.036,3679572.5,  1,  21.7,   1.0, 0.100
2025-11-07 11:55:12,        0,  30.8,   5.5,  25.4,  9.072,  6.999,  0.064,3688391.1,  1,  21.8,   1.0, 0.100
2025-11-07 11:55:12,        0,  31.3,   6.8,  25.4, 11.874,  9.665,  0.117,3696576.9,  1,  21.8,   1.0, 0.100
2025-11-07 11:55:13,        0,  30.5,   4.6,  25.5,  4.041,  2.312,  0.012,3700194.9,  1,  21.8,   0.9, 0.100
2025-11-07 11:55:14,        0,  31.5,   7.6,  25.4,  9.018,  6.958,  0.063,3707898.7,  1,  21.8,   0.9, 0.100
2025-11-07 11:55:16,        0,  30.2,   3.5,  25.4,  7.714,  5.720,  0.045,3715703.5,  1,  21.7,   0.9, 0.100
2025-11-07 11:55:16,        0,  31.7,   8.0,  25.5,  8.743,  6.694,  0.061,3721969.0,  1,  21.8,   0.9, 0.100
2025-11-07 11:55:17,        0,  29.6,   1.8,  25.4, 11.624,  9.432,  0.110,3730777.6,  1,  21.8,   0.9, 0.100
2025-11-07 11:55:18,        0,  30.3,   3.8,  25.5,  4.857,  3.075,  0.018,3733703.3,  1,  21.8,   0.9, 0.100
2025-11-07 11:55:19,        0,  29.9,   2.8,  25.4,  9.556,  7.472,  0.072,3740137.2,  1,  21.8,   0.9, 0.100
2025-11-07 11:55:21,        0,  31.1,   6.3,  25.4,  9.776,  7.680,  0.075,3748293.2,  1,  21.8,   0.9, 0.100
2025-11-07 11:55:21,        0,  30.5,   4.6,  25.5, 10.821,  8.670,  0.094,3756129.0,  1,  21.8,   0.8, 0.100
2025-11-07 11:55:22,        0,  30.5,   4.6,  25.5, 10.180,  8.062,  0.083,3763107.0,  1,  21.8,   0.8, 0.100
2025-11-07 11:55:23,        0,  30.6,   4.8,  25.4,  8.856,  6.810,  0.061,3769416.5,  1,  21.8,   0.8, 0.100
2025-11-07 11:55:25,        0,  30.6,   4.8,  25.4,  7.585,  5.608,  0.043,3776069.2,  1,  21.8,   0.8, 0.100
2025-11-07 11:55:25,        0,  31.2,   6.5,  25.5,  9.560,  7.478,  0.072,3782734.0,  1,  21.8,   0.8, 0.100
2025-11-07 11:55:26,        0,  29.9,   2.6,  25.5,  8.149,  6.147,  0.052,3789264.8,  1,  21.8,   0.8, 0.100
2025-11-07 11:55:27,        0,  31.6,   7.8,  25.5,  9.114,  7.060,  0.065,3795249.1,  1,  21.8,   0.8, 0.100
2025-11-07 11:55:29,        0,  30.4,   4.3,  25.4,  6.886,  4.956,  0.036,3803181.7,  1,  21.8,   0.8, 0.100
2025-11-07 11:55:29,        0,  30.9,   5.8,  25.4,  5.596,  3.756,  0.022,3807964.0,  1,  21.8,   0.8, 0.100
2025-11-07 11:55:30,        0,  30.0,   3.0,  25.4,  8.257,  6.250,  0.052,3813779.8,  1,  21.8,   0.8, 0.100
2025-11-07 11:55:31,        0,  30.0,   3.1,  25.4,  6.902,  4.981,  0.036,3817934.3,  1,  21.8,   0.8, 0.100
2025-11-07 11:55:33,        0,  30.4,   4.1,  25.4,  8.225,  6.225,  0.051,3824354.8,  1,  21.8,   0.8, 0.100
2025-11-07 11:55:33,        0,  30.2,   3.5,  25.5,  4.297,  2.566,  0.013,3827598.2,  1,  21.8,   0.8, 0.100
2025-11-07 11:55:34,        0,  30.5,   4.6,  25.4,  7.062,  5.132,  0.037,3832600.9,  1,  21.8,   0.8, 0.100
2025-11-07 11:55:35,        0,  29.6,   1.8,  25.4,  7.782,  5.810,  0.046,3837628.4,  1,  21.8,   0.8, 0.100
2025-11-07 11:55:36,        0,  30.5,   4.6,  25.4,  5.416,  3.646,  0.025,3840415.4,  1,  21.8,   0.8, 0.100
2025-11-07 11:55:38,        0,  30.6,   4.9,  25.4,  8.196,  6.202,  0.051,3847672.0,  1,  21.8,   0.8, 0.100
2025-11-07 11:55:38,        0,  30.9,   5.6,  25.4,  7.686,  5.721,  0.044,3853537.2,  1,  21.8,   0.8, 0.100
2025-11-07 11:55:39,        0,  29.4,   1.1,  25.4,  6.882,  4.971,  0.036,3858244.1,  1,  21.8,   0.8, 0.100
2025-11-07 11:55:40,        0,  30.6,   4.8,  25.4,  3.670,  2.115,  0.014,3859713.4,  1,  21.8,   0.9, 0.100
2025-11-07 11:55:42,        0,  30.2,   3.6,  25.4,  8.436,  6.435,  0.055,3866886.3,  1,  21.8,   0.9, 0.100
2025-11-07 11:55:42,        0,  29.8,   2.3,  25.5,  6.450,  4.569,  0.031,3871037.8,  1,  21.8,   0.9, 0.100
2025-11-07 11:55:43,        0,  29.4,   1.1,  25.5,  6.433,  4.558,  0.031,3874278.3,  1,  21.8,   0.9, 0.100
2025-11-07 11:55:44,        0,  30.2,   3.6,  25.4,  1.833,  0.449,  0.002,3876164.2,  1,  21.8,   1.0, 0.100
2025-11-07 11:55:46,        0,  30.2,   3.6,  25.4,  8.540,  6.537,  0.056,3882874.3,  1,  21.8,   0.9, 0.100
2025-11-07 11:55:46,        0,  30.1,   3.3,  25.4,  6.100,  4.242,  0.026,3886698.1,  1,  21.8,   0.9, 0.100
2025-11-07 11:55:47,        0,  30.1,   3.3,  25.4,  7.373,  5.436,  0.041,3891671.5,  1,  21.8,   0.9, 0.100
2025-11-07 11:55:48,        0,  30.1,   3.3,  25.4,  5.931,  4.094,  0.028,3895984.0,  1,  21.8,   0.9, 0.100
2025-11-07 11:55:49,        0,  29.8,   2.5,  25.4,  5.724,  3.893,  0.023,3898776.9,  1,  21.8,   0.9, 0.100
2025-11-07 11:55:51,        0,  30.2,   3.6,  25.4,  3.658,  2.005,  0.009,3901377.8,  1,  21.8,   0.9, 0.100
2025-11-07 11:55:51,        0,  30.1,   3.3,  25.5,  6.484,  4.608,  0.030,3905829.4,  1,  21.8,   0.9, 0.100
2025-11-07 11:55:52,        0,  29.6,   1.8,  25.4,  6.692,  4.799,  0.032,3910287.3,  1,  21.8,   0.9, 0.100
2025-11-07 11:55:53,        0,  29.9,   2.6,  25.4,  6.194,  4.341,  0.028,3913383.6,  1,  21.8,   0.9, 0.100
2025-11-07 11:55:55,        0,  30.3,   3.8,  25.4,  7.001,  5.093,  0.036,3918208.6,  1,  21.8,   0.9, 0.100
2025-11-07 11:55:55,        0,  29.8,   2.3,  25.4,  3.995,  2.313,  0.011,3920585.3,  1,  21.8,   0.9, 0.100
2025-11-07 11:55:56,        0,  30.8,   5.4,  25.4,  6.568,  4.691,  0.031,3923847.6,  1,  21.8,   0.9, 0.100
2025-11-07 11:55:57,        0,  29.8,   2.3,  25.5,  6.241,  4.383,  0.027,3928791.2,  1,  21.8,   0.9, 0.100
2025-11-07 11:55:59,        0,  30.1,   3.4,  25.4,  4.239,  2.648,  0.018,3931000.3,  1,  21.8,   0.9, 0.100
2025-11-07 11:55:59,        0,  29.8,   2.5,  25.4,  6.304,  4.445,  0.028,3935366.8,  1,  21.8,   0.9, 0.100
2025-11-07 11:56:00,        0,  29.4,   1.3,  25.4,  6.312,  4.454,  0.029,3939137.4,  1,  21.8,   0.9, 0.100
2025-11-07 11:56:01,        0,  30.0,   3.0,  25.4,  6.574,  4.707,  0.031,3941506.6,  1,  21.8,   0.9, 0.100
2025-11-07 11:56:03,        0,  29.8,   2.3,  25.5,  4.532,  2.814,  0.015,3944574.3,  1,  21.8,   0.9, 0.100
2025-11-07 11:56:03,        0,  29.6,   1.8,  25.4,  5.339,  3.560,  0.020,3946720.5,  1,  21.8,   0.9, 0.100
2025-11-07 11:56:04,        0,  29.9,   2.8,  25.4,  1.313,  0.073,  0.000,3946884.8,  1,  21.8,   0.9, 0.100
2025-11-07 11:56:05,        0,  29.8,   2.3,  25.5,  6.191,  4.355,  0.027,3950711.2,  1,  21.8,   0.9, 0.100
2025-11-07 11:56:06,        0,  30.1,   3.3,  25.4,  6.199,  4.358,  0.027,3953929.0,  1,  21.8,   0.8, 0.100
2025-11-07 11:56:07,        0,  29.8,   2.5,  25.4,  7.251,  5.343,  0.039,3959372.2,  1,  21.8,   0.9, 0.100
2025-11-07 11:56:08,        0,  30.0,   3.1,  25.4,  1.303,  0.069,  0.000,3959697.0,  1,  21.8,   0.9, 0.100
2025-11-07 11:56:09,        0,  29.9,   2.8,  25.4,  3.034,  1.464,  0.006,3961792.4,  1,  21.8,   0.9, 0.100
2025-11-07 11:56:10,        0,  30.2,   3.5,  25.4,  6.326,  4.486,  0.028,3965597.0,  1,  21.8,   0.9, 0.100
2025-11-07 11:56:11,        0,  29.8,   2.3,  25.4,  6.368,  4.520,  0.029,3970816.0,  1,  21.8,   0.9, 0.100
2025-11-07 11:56:12,        0,  29.6,   1.9,  25.4,  1.836,  0.431,  0.001,3971343.6,  1,  21.8,   0.8, 0.100
2025-11-07 11:56:13,        0,  29.9,   2.6,  25.4,  4.015,  2.363,  0.012,3972612.6,  1,  21.8,   0.9, 0.100
2025-11-07 11:56:15,        0,  29.5,   1.6,  25.4,  1.416,  0.203,  0.001,3974613.8,  1,  21.8,   0.8, 0.100
2025-11-07 11:56:16,        0,  30.1,   3.3,  25.4,  6.916,  5.045,  0.035,3977910.0,  1,  21.8,   0.8, 0.100
2025-11-07 11:56:16,        0,  29.8,   2.3,  25.4,  4.982,  3.241,  0.018,3980722.1,  1,  21.8,   0.8, 0.100
2025-11-07 11:56:17,        0,  30.0,   3.0,  25.4,  1.282,  0.065,  0.000,3980787.1,  1,  21.8,   0.8, 0.100
2025-11-07 11:56:19,        0,  30.4,   4.1,  25.4,  6.342,  4.510,  0.029,3985868.2,  1,  21.8,   0.8, 0.100
2025-11-07 11:56:19,        0,  30.2,   3.6,  25.4,  3.087,  1.534,  0.007,3989018.5,  1,  21.8,   0.8, 0.100
2025-11-07 11:56:20,        0,  29.3,   0.8,  25.4,  4.549,  2.845,  0.015,3992262.8,  1,  21.8,   0.8, 0.100
2025-11-07 11:56:21,        0,  29.8,   2.5,  25.4,  1.358,  0.106,  0.000,3992468.5,  1,  21.8,   0.8, 0.100
2025-11-07 11:56:22,        0,  29.6,   1.9,  25.4,  2.537,  1.240,  0.008,3994142.8,  1,  21.8,   0.8, 0.100
2025-11-07 11:56:23,        0,  29.6,   1.9,  25.4,  1.249,  0.054,  0.000,3994345.2,  1,  21.8,   0.8, 0.100
2025-11-07 11:56:24,        0,  30.0,   3.1,  25.4,  1.075,  0.000,  0.015,3995336.0,  1,  21.8,   0.8, 0.100
2025-11-07 11:56:25,        0,  30.0,   2.9,  25.4,  6.406,  4.577,  0.029,3999600.7,  1,  21.8,   0.8, 0.100
2025-11-07 11:56:26,        0,  29.3,   0.9,  25.4,  6.467,  4.632,  0.030,4003285.0,  1,  21.8,   0.8, 0.100
2025-11-07 11:56:27,        0,  29.3,   0.9,  25.4,  1.193,  0.032,  0.000,4003452.2,  1,  21.8,   0.9, 0.100
2025-11-07 11:56:28,        0,  29.6,   1.8,  25.4,  1.064, -0.001,  0.000,4003451.8,  1,  21.8,   0.9, 0.100
2025-11-07 11:56:29,        0,  29.9,   2.8,  25.4,  2.735,  1.475,  0.009,4004106.0,  1,  21.8,   0.9, 0.100
2025-11-07 11:56:30,        0,  29.9,   2.8,  25.4,  6.282,  4.467,  0.028,4008364.4,  1,  21.8,   0.9, 0.100
2025-11-07 11:56:32,        0,  30.1,   3.3,  25.4,  3.966,  2.360,  0.013,4012161.4,  1,  21.8,   0.9, 0.100
2025-11-07 11:56:32,        0,  29.6,   1.9,  25.4,  4.176,  2.521,  0.013,4014875.0,  1,  21.8,   0.9, 0.100
2025-11-07 11:56:33,        0,  29.0,   0.0,  25.4,  1.227,  0.049,  0.000,4014935.0,  1,  21.8,   0.9, 0.100
2025-11-07 11:56:34,        0,  29.8,   2.3,  25.4,  1.030, -0.004,  0.000,4014934.6,  1,  21.8,   0.9, 0.100
2025-11-07 11:56:36,        0,  29.8,   2.5,  25.4,  0.983, -0.007,  0.000,4015165.1,  1,  21.8,   1.0, 0.100
2025-11-07 11:56:36,        0,  29.9,   2.6,  25.4,  4.970,  3.304,  0.021,4017496.1,  1,  21.9,   1.0, 0.100
2025-11-07 11:56:37,        0,  29.4,   1.1,  25.4,  6.157,  4.355,  0.027,4021570.5,  1,  21.8,   1.0, 0.100
2025-11-07 11:56:38,        0,  29.6,   1.9,  25.4,  4.723,  3.059,  0.019,4024632.0,  1,  21.8,   0.9, 0.100
2025-11-07 11:56:39,        0,  29.3,   0.8,  25.4,  1.317,  0.096,  0.000,4025097.2,  1,  21.8,   1.0, 0.100
2025-11-07 11:56:41,        0,  29.8,   2.5,  25.4,  4.241,  2.639,  0.014,4026353.2,  1,  21.9,   1.0, 0.100
2025-11-07 11:56:41,        0,  29.5,   1.6,  25.4,  3.336,  1.897,  0.010,4027316.3,  1,  21.8,   1.0, 0.100
2025-11-07 11:56:42,        0,  29.8,   2.3,  25.4,  1.290,  0.089,  0.000,4027484.8,  1,  21.8,   1.0, 0.100
2025-11-07 11:56:43,        0,  29.9,   2.8,  25.4,  1.055,  0.003,  0.000,4027487.3,  1,  21.8,   1.0, 0.100
2025-11-07 11:56:45,        0,  29.6,   1.9,  25.4,  6.147,  4.358,  0.027,4031939.3,  1,  21.8,   1.0, 0.100
2025-11-07 11:56:45,        0,  29.3,   0.9,  25.4,  1.296,  0.090,  0.000,4032562.5,  1,  21.8,   1.0, 0.100
2025-11-07 11:56:46,        0,  29.8,   2.3,  25.4,  1.059,  0.004,  0.000,4032573.4,  1,  21.8,   1.0, 0.100
2025-11-07 11:56:47,        0,  29.8,   2.4,  25.4,  1.976,  0.841,  0.005,4034084.7,  1,  21.8,   1.0, 0.100
2025-11-07 11:56:49,        0,  29.5,   1.6,  25.5,  3.400,  1.837,  0.008,4036870.0,  1,  21.8,   1.0, 0.100
2025-11-07 11:56:49,        0,  29.4,   1.1,  25.4,  1.171,  0.037,  0.000,4036913.6,  1,  21.8,   1.0, 0.100
2025-11-07 11:56:50,        0,  29.7,   2.1,  25.4,  0.992, -0.004,  0.000,4036912.3,  1,  21.9,   1.0, 0.100
2025-11-07 11:56:51,        0,  29.9,   2.6,  25.4,  0.945, -0.007,  0.000,4037324.7,  1,  21.8,   1.0, 0.100
2025-11-07 11:56:53,        0,  29.6,   1.9,  25.4,  3.770,  2.175,  0.010,4041155.7,  1,  21.9,   1.0, 0.100
2025-11-07 11:56:53,        0,  29.8,   2.3,  25.4,  1.179,  0.042,  0.000,4041234.5,  1,  21.8,   1.0, 0.100
2025-11-07 11:56:54,        0,  29.9,   2.6,  25.4,  1.024,  0.001,  0.000,4041234.9,  1,  21.8,   1.0, 0.100
2025-11-07 11:56:55,        0,  29.8,   2.5,  25.4,  5.749,  3.994,  0.023,4043503.9,  1,  21.8,   1.0, 0.100
2025-11-07 11:56:56,        0,  29.7,   2.1,  25.4,  1.298,  0.098,  0.000,4043772.1,  1,  21.8,   1.0, 0.100
2025-11-07 11:56:58,        0,  29.7,   2.1,  25.4,  1.001, -0.002,  0.000,4043776.7,  1,  21.8,   1.0, 0.100
2025-11-07 11:56:58,        0,  29.8,   2.4,  25.4,  1.599,  0.550,  0.003,4045013.0,  1,  21.8,   0.9, 0.100
2025-11-07 11:56:59,        0,  30.0,   3.0,  25.4,  5.766,  4.006,  0.024,4049020.8,  1,  21.8,   0.9, 0.100
2025-11-07 11:57:00,        0,  29.6,   1.9,  25.4,  2.345,  0.899,  0.003,4051343.0,  1,  21.8,   0.9, 0.100
2025-11-07 11:57:02,        0,  29.6,   1.8,  25.4,  1.132,  0.026,  0.000,4051387.0,  1,  21.8,   0.9, 0.100
2025-11-07 11:57:02,        0,  29.8,   2.3,  25.4,  0.980, -0.003,  0.000,4051384.5,  1,  21.8,   0.9, 0.100
2025-11-07 11:57:03,        0,  29.9,   2.6,  25.4,  0.934, -0.007,  0.000,4051378.2,  1,  21.8,   0.9, 0.100
2025-11-07 11:57:04,        0,  29.8,   2.3,  25.4,  0.899, -0.007,  0.000,4051371.1,  1,  21.8,   0.9, 0.100
2025-11-07 11:57:05,        0,  29.8,   2.5,  25.4,  0.852, -0.008,  0.000,4051364.0,  1,  21.8,   0.9, 0.100
2025-11-07 11:57:06,        0,  30.0,   2.9,  25.4,  5.447,  3.717,  0.021,4053711.3,  1,  21.8,   0.8, 0.100
2025-11-07 11:57:07,        0,  29.5,   1.4,  25.4,  5.619,  3.872,  0.023,4057223.3,  1,  21.8,   0.8, 0.100
2025-11-07 11:57:08,        0,  29.6,   1.8,  25.4,  1.349,  0.126,  0.000,4057440.9,  1,  21.8,   0.9, 0.100
2025-11-07 11:57:09,        0,  29.7,   2.1,  25.4,  1.054,  0.007,  0.000,4057445.5,  1,  21.8,   0.9, 0.100
2025-11-07 11:57:11,        0,  29.6,   1.8,  25.4,  0.950, -0.005,  0.000,4057439.6,  1,  21.8,   0.9, 0.100
2025-11-07 11:57:11,        0,  29.8,   2.3,  25.4,  0.891, -0.006,  0.000,4057433.7,  1,  21.8,   0.8, 0.100
2025-11-07 11:57:12,        0,  29.8,   2.5,  25.4,  0.858, -0.007,  0.000,4057426.6,  1,  21.8,   0.9, 0.100
2025-11-07 11:57:13,        0,  29.7,   2.1,  25.4,  3.214,  1.969,  0.012,4059210.3,  1,  21.8,   0.9, 0.100
2025-11-07 11:57:15,        0,  29.6,   1.9,  25.4,  1.183,  0.048,  0.000,4059453.8,  1,  21.8,   0.9, 0.100
2025-11-07 11:57:15,        0,  29.9,   2.6,  25.4,  1.013,  0.001,  0.000,4059455.0,  1,  21.8,   0.9, 0.100
2025-11-07 11:57:16,        0,  29.8,   2.3,  25.4,  0.923, -0.006,  0.000,4059449.6,  1,  21.8,   0.9, 0.100
2025-11-07 11:57:17,        0,  29.9,   2.8,  25.4,  0.883, -0.007,  0.000,4059903.5,  1,  21.8,   0.9, 0.100
2025-11-07 11:57:18,        0,  29.9,   2.6,  25.4,  5.474,  3.738,  0.021,4062605.0,  1,  21.8,   0.9, 0.100
2025-11-07 11:57:20,        0,  29.9,   2.6,  25.4,  2.926,  1.421,  0.005,4063875.6,  1,  21.8,   1.0, 0.100
2025-11-07 11:57:20,        0,  29.6,   1.8,  25.4,  1.138,  0.031,  0.000,4063904.1,  1,  21.8,   1.0, 0.100
2025-11-07 11:57:21,        0,  29.6,   1.8,  25.4,  0.967, -0.004,  0.000,4063902.1,  1,  21.8,   1.0, 0.100
2025-11-07 11:57:22,        0,  29.9,   2.8,  25.4,  0.920, -0.007,  0.000,4063896.2,  1,  21.8,   1.0, 0.100
2025-11-07 11:57:24,        0,  29.7,   2.1,  25.4,  6.149,  4.359,  0.027,4068409.0,  1,  21.8,   1.0, 0.100
2025-11-07 11:57:24,        0,  29.5,   1.4,  25.4,  1.510,  0.233,  0.000,4068856.6,  1,  21.8,   1.0, 0.100
2025-11-07 11:57:25,        0,  29.6,   1.8,  25.3,  1.066,  0.013,  0.000,4068866.2,  1,  21.8,   1.0, 0.100
2025-11-07 11:57:26,        0,  29.5,   1.6,  25.4,  0.947, -0.005,  0.000,4068862.5,  1,  21.8,   1.0, 0.100
2025-11-07 11:57:28,        0,  29.6,   1.9,  25.4,  0.886, -0.007,  0.000,4068854.9,  1,  21.8,   1.0, 0.100
2025-11-07 11:57:28,        0,  29.6,   1.9,  25.4,  0.852, -0.007,  0.000,4068848.2,  1,  21.8,   0.9, 0.100
2025-11-07 11:57:29,        0,  29.6,   1.9,  25.4,  0.823, -0.008,  0.000,4068840.7,  1,  21.8,   1.0, 0.100
2025-11-07 11:57:30,        0,  29.8,   2.5,  25.4,  0.784, -0.008,  0.000,4068833.5,  1,  21.8,   0.9, 0.100
2025-11-07 11:57:31,        0,  29.8,   2.3,  25.4,  0.762, -0.008,  0.000,4068825.2,  1,  21.8,   0.9, 0.100
2025-11-07 11:57:33,        0,  29.9,   2.8,  25.4,  0.734, -0.008,  0.000,4068815.5,  1,  21.8,   0.9, 0.100
2025-11-07 11:57:33,        0,  30.0,   3.0,  25.4,  5.348,  3.622,  0.021,4072326.3,  1,  21.8,   1.0, 0.100
2025-11-07 11:57:34,        0,  29.6,   1.9,  25.3,  5.357,  3.626,  0.021,4074961.6,  1,  21.8,   0.9, 0.100
2025-11-07 11:57:35,        0,  29.5,   1.4,  25.4,  1.097,  0.020,  0.000,4075019.8,  1,  21.8,   0.9, 0.100
2025-11-07 11:57:37,        0,  29.6,   1.9,  25.4,  0.989, -0.001,  0.000,4075019.4,  1,  21.8,   0.9, 0.100
2025-11-07 11:57:37,        0,  29.6,   1.8,  25.4,  0.910, -0.006,  0.000,4075013.5,  1,  21.8,   0.9, 0.100
2025-11-07 11:57:38,        0,  29.6,   1.9,  25.4,  0.873, -0.007,  0.000,4075007.2,  1,  21.8,   0.9, 0.100
2025-11-07 11:57:39,        0,  29.6,   1.9,  25.4,  0.839, -0.007,  0.000,4075000.9,  1,  21.8,   0.9, 0.100
2025-11-07 11:57:41,        0,  29.6,   1.9,  25.4,  0.796, -0.007,  0.000,4074992.1,  1,  21.8,   0.9, 0.100
2025-11-07 11:57:41,        0,  29.7,   2.1,  25.3,  0.771, -0.007,  0.000,4074985.0,  1,  21.8,   0.9, 0.100
2025-11-07 11:57:42,        0,  29.8,   2.5,  25.4,  0.739, -0.008,  0.000,4074977.5,  1,  21.8,   0.9, 0.100
2025-11-07 11:57:43,        0,  29.8,   2.3,  25.4,  0.722, -0.009,  0.000,4074969.9,  1,  21.8,   0.9, 0.100
2025-11-07 11:57:44,        0,  29.8,   2.5,  25.4,  0.706, -0.008,  0.000,4074962.0,  1,  21.8,   0.8, 0.100
2025-11-07 11:57:46,        0,  29.8,   2.3,  25.4,  0.685, -0.008,  0.000,4074952.8,  1,  21.8,   0.9, 0.100
2025-11-07 11:57:46,        0,  29.9,   2.6,  25.4,  0.666, -0.007,  0.000,4074944.8,  1,  21.8,   0.8, 0.100
2025-11-07 11:57:47,        0,  29.9,   2.6,  25.4,  0.654, -0.008,  0.000,4074937.2,  1,  21.8,   0.8, 0.100
2025-11-07 11:57:48,        0,  29.9,   2.6,  25.4,  5.173,  3.615,  0.022,4077726.7,  1,  21.8,   0.8, 0.100
2025-11-07 11:57:50,        0,  29.3,   0.8,  25.4,  4.581,  2.915,  0.015,4081331.8,  1,  21.8,   0.9, 0.100
2025-11-07 11:57:50,        0,  29.4,   1.1,  25.4,  1.202,  0.058,  0.000,4081395.5,  1,  21.8,   0.8, 0.100
2025-11-07 11:57:51,        0,  29.6,   1.9,  25.4,  0.977, -0.003,  0.000,4081395.9,  1,  21.8,   0.9, 0.100
2025-11-07 11:57:52,        0,  29.5,   1.6,  25.3,  0.924, -0.006,  0.000,4081390.9,  1,  21.8,   0.8, 0.100
2025-11-07 11:57:53,        0,  29.6,   1.9,  25.3,  0.883, -0.007,  0.000,4081384.2,  1,  21.8,   0.8, 0.100
2025-11-07 11:57:54,        0,  29.6,   1.8,  25.4,  0.832, -0.007,  0.000,4081376.2,  1,  21.8,   0.8, 0.100
2025-11-07 11:57:55,        0,  29.6,   1.8,  25.4,  0.803, -0.008,  0.000,4081369.5,  1,  21.8,   0.8, 0.100
2025-11-07 11:57:56,        0,  29.7,   2.1,  25.4,  0.764, -0.007,  0.000,4081362.4,  1,  21.8,   0.8, 0.100
2025-11-07 11:57:57,        0,  29.8,   2.3,  25.4,  0.742, -0.007,  0.000,4081355.3,  1,  21.8,   0.8, 0.100
2025-11-07 11:57:59,        0,  29.8,   2.3,  25.4,  0.713, -0.008,  0.000,4081346.0,  1,  21.8,   0.8, 0.100
2025-11-07 11:57:59,        0,  29.6,   1.9,  25.3,  0.697, -0.008,  0.000,4081338.9,  1,  21.8,   0.9, 0.100
2025-11-07 11:58:00,        0,  29.8,   2.5,  25.4,  0.682, -0.008,  0.000,4081331.0,  1,  21.8,   0.9, 0.100
2025-11-07 11:58:01,        0,  29.8,   2.3,  25.4,  0.662, -0.007,  0.000,4081323.4,  1,  21.8,   0.9, 0.100
2025-11-07 11:58:03,        0,  29.8,   2.5,  25.4,  0.649, -0.008,  0.000,4081314.6,  1,  21.8,   0.9, 0.100
2025-11-07 11:58:03,        0,  29.8,   2.3,  25.4,  0.632, -0.007,  0.000,4081307.5,  1,  21.8,   0.9, 0.100
2025-11-07 11:58:04,        0,  29.8,   2.3,  25.4,  0.622, -0.008,  0.000,4081300.4,  1,  21.8,   0.9, 0.100
2025-11-07 11:58:05,        0,  29.8,   2.5,  25.4,  0.611, -0.007,  0.000,4081293.2,  1,  21.8,   0.9, 0.100
2025-11-07 11:58:07,        0,  29.7,   2.1,  25.4,  0.896,  0.256,  0.002,4082651.9,  1,  21.8,   0.9, 0.100
2025-11-07 11:58:07,        0,  29.8,   2.3,  25.4,  2.127,  0.724,  0.002,4084046.7,  1,  21.8,   0.9, 0.100
2025-11-07 11:58:08,        0,  29.0,   0.0,  25.4,  1.185,  0.054,  0.000,4084209.7,  1,  21.8,   0.9, 0.100
2025-11-07 11:58:09,        0,  29.8,   2.5,  25.3,  1.000,  0.002,  0.000,4084213.9,  1,  21.8,   0.8, 0.100
2025-11-07 11:58:11,        0,  29.8,   2.3,  25.3,  0.908, -0.006,  0.000,4084207.6,  1,  21.8,   0.9, 0.100
2025-11-07 11:58:11,        0,  29.8,   2.3,  25.3,  0.867, -0.007,  0.000,4084201.3,  1,  21.8,   0.9, 0.100
2025-11-07 11:58:12,        0,  29.8,   2.5,  25.4,  0.816, -0.007,  0.000,4084194.6,  1,  21.8,   0.9, 0.100
2025-11-07 11:58:13,        0,  29.6,   1.9,  25.4,  0.785, -0.007,  0.000,4084188.4,  1,  21.8,   0.9, 0.100
2025-11-07 11:58:15,        0,  29.8,   2.5,  25.3,  0.746, -0.007,  0.000,4084180.4,  1,  21.8,   0.9, 0.100
2025-11-07 11:58:15,        0,  29.8,   2.5,  25.3,  0.725, -0.007,  0.000,4084173.3,  1,  21.8,   0.9, 0.100
2025-11-07 11:58:16,        0,  29.9,   2.6,  25.4,  0.705, -0.008,  0.000,4084165.7,  1,  21.8,   0.9, 0.100
2025-11-07 11:58:17,        0,  29.8,   2.5,  25.4,  0.680, -0.007,  0.000,4084158.6,  1,  21.8,   0.9, 0.100
2025-11-07 11:58:19,        0,  29.9,   2.8,  25.4,  5.026,  3.488,  0.021,4087139.6,  1,  21.8,   1.0, 0.100
2025-11-07 11:58:19,        0,  29.1,   0.4,  25.3,  2.101,  0.701,  0.002,4089301.7,  1,  21.8,   1.0, 0.100
2025-11-07 11:58:20,        0,  29.6,   1.8,  25.4,  1.098,  0.022,  0.000,4089339.9,  1,  21.8,   1.0, 0.100
2025-11-07 11:58:21,        0,  29.5,   1.6,  25.3,  0.980, -0.001,  0.000,4089338.6,  1,  21.8,   1.0, 0.100
2025-11-07 11:58:22,        0,  29.5,   1.6,  25.3,  0.900, -0.006,  0.000,4089334.0,  1,  21.8,   1.0, 0.100
2025-11-07 11:58:23,        0,  29.6,   1.8,  25.3,  0.863, -0.006,  0.000,4089326.5,  1,  21.8,   1.0, 0.100
2025-11-07 11:58:24,        0,  29.6,   1.9,  25.4,  0.813, -0.007,  0.000,4089319.8,  1,  21.8,   1.0, 0.100
2025-11-07 11:58:25,        0,  29.5,   1.6,  25.4,  0.784, -0.007,  0.000,4089313.0,  1,  21.8,   1.0, 0.100
2025-11-07 11:58:26,        0,  29.6,   1.9,  25.4,  0.757, -0.007,  0.000,4089305.9,  1,  21.8,   1.0, 0.100
2025-11-07 11:58:28,        0,  29.6,   1.9,  25.3,  0.723, -0.008,  0.000,4089297.1,  1,  21.8,   1.0, 0.100
2025-11-07 11:58:28,        0,  29.6,   1.9,  25.4,  0.705, -0.008,  0.000,4089289.6,  1,  21.8,   0.9, 0.100
2025-11-07 11:58:29,        0,  29.7,   2.1,  25.4,  0.680, -0.007,  0.000,4089282.5,  1,  21.8,   0.9, 0.100
2025-11-07 11:58:30,        0,  29.6,   1.9,  25.4,  0.665, -0.008,  0.000,4089274.9,  1,  21.8,   0.9, 0.100
2025-11-07 11:58:32,        0,  29.6,   1.9,  25.4,  0.646, -0.008,  0.000,4089265.7,  1,  21.8,   0.9, 0.100
2025-11-07 11:58:32,        0,  29.4,   1.3,  25.4,  0.633, -0.007,  0.000,4089258.6,  1,  21.8,   0.9, 0.100
2025-11-07 11:58:33,        0,  29.7,   2.1,  25.4,  0.616, -0.007,  0.000,4089251.4,  1,  21.8,   0.9, 0.100
2025-11-07 11:58:34,        0,  29.7,   2.1,  25.4,  0.605, -0.008,  0.000,4089244.3,  1,  21.8,   0.9, 0.100
2025-11-07 11:58:35,        0,  29.7,   2.1,  25.4,  0.595, -0.007,  0.000,4089237.2,  1,  21.8,   0.9, 0.100
2025-11-07 11:58:37,        0,  29.7,   2.1,  25.4,  0.581, -0.007,  0.000,4089228.8,  1,  21.8,   0.8, 0.100
2025-11-07 11:58:37,        0,  29.8,   2.3,  25.3,  0.571, -0.007,  0.000,4089222.1,  1,  21.8,   0.8, 0.100
2025-11-07 11:58:38,        0,  29.6,   1.9,  25.3,  0.558, -0.007,  0.000,4089215.4,  1,  21.8,   0.9, 0.100
2025-11-07 11:58:39,        0,  29.7,   2.1,  25.4,  0.550, -0.007,  0.000,4089208.7,  1,  21.8,   0.8, 0.100
2025-11-07 11:58:41,        0,  29.6,   1.8,  25.4,  0.537, -0.007,  0.000,4089200.3,  1,  21.8,   0.9, 0.100
2025-11-07 11:58:41,        0,  29.7,   2.1,  25.4,  0.530, -0.007,  0.000,4089194.4,  1,  21.8,   0.8, 0.100
2025-11-07 11:58:42,        0,  29.7,   2.1,  25.3,  0.522, -0.007,  0.000,4089187.7,  1,  21.8,   0.9, 0.100
2025-11-07 11:58:43,        0,  29.8,   2.4,  25.3,  0.512, -0.007,  0.000,4089181.5,  1,  21.8,   0.8, 0.100
2025-11-07 11:58:44,        0,  29.8,   2.5,  25.3,  0.505, -0.006,  0.000,4089175.2,  1,  21.8,   0.9, 0.100
2025-11-07 11:58:45,        0,  29.7,   2.1,  25.3,  0.495, -0.007,  0.000,4089168.0,  1,  21.8,   0.9, 0.100
2025-11-07 11:58:46,        0,  29.8,   2.4,  25.3,  0.489, -0.007,  0.000,4089161.3,  1,  21.8,   0.9, 0.100
2025-11-07 11:58:47,        0,  29.8,   2.5,  25.3,  0.483, -0.006,  0.000,4089155.5,  1,  21.8,   0.9, 0.100
2025-11-07 11:58:48,        0,  29.8,   2.3,  25.3,  0.474, -0.007,  0.000,4089149.6,  1,  21.8,   0.9, 0.100
2025-11-07 11:58:50,        0,  29.8,   2.5,  25.3,  0.465, -0.006,  0.000,4089142.5,  1,  21.8,   0.9, 0.100
2025-11-07 11:58:50,        0,  29.9,   2.6,  25.3,  0.459, -0.006,  0.000,4089136.2,  1,  21.8,   0.9, 0.100
2025-11-07 11:58:51,        0,  29.9,   2.6,  25.4,  3.979,  2.718,  0.016,4090648.7,  1,  21.8,   0.9, 0.100
2025-11-07 11:58:52,        0,  29.6,   1.9,  25.3,  1.329,  0.124,  0.000,4090759.3,  1,  21.8,   0.9, 0.100
2025-11-07 11:58:54,        0,  29.8,   2.5,  25.3,  0.974, -0.001,  0.000,4090760.6,  1,  21.8,   0.9, 0.100
2025-11-07 11:58:54,        0,  29.8,   2.4,  25.3,  0.886, -0.006,  0.000,4090756.0,  1,  21.8,   0.9, 0.100
2025-11-07 11:58:55,        0,  29.8,   2.4,  25.3,  0.845, -0.006,  0.000,4090750.1,  1,  21.8,   0.9, 0.100
2025-11-07 11:58:56,        0,  29.8,   2.5,  25.4,  0.808, -0.006,  0.000,4090743.8,  1,  21.8,   0.9, 0.100
2025-11-07 11:58:57,        0,  29.8,   2.3,  25.3,  0.762, -0.007,  0.000,4090738.0,  1,  21.8,   0.9, 0.100
2025-11-07 11:58:59,        0,  29.8,   2.5,  25.4,  0.735, -0.007,  0.000,4090729.6,  1,  21.8,   0.9, 0.100
2025-11-07 11:58:59,        0,  29.9,   2.6,  25.3,  0.702, -0.008,  0.000,4090722.5,  1,  21.8,   0.9, 0.100
2025-11-07 11:59:00,        0,  29.8,   2.4,  25.4,  0.683, -0.007,  0.000,4090715.8,  1,  21.8,   0.9, 0.100
2025-11-07 11:59:01,        0,  29.9,   2.6,  25.3,  0.666, -0.007,  0.000,4090708.6,  1,  21.8,   0.9, 0.100
2025-11-07 11:59:03,        0,  29.9,   2.6,  25.3,  0.642, -0.007,  0.000,4090700.3,  1,  21.8,   0.9, 0.100
2025-11-07 11:59:03,        0,  29.9,   2.6,  25.3,  0.628, -0.007,  0.000,4090693.1,  1,  21.8,   0.9, 0.100
2025-11-07 11:59:04,        0,  29.9,   2.6,  25.4,  0.607, -0.007,  0.000,4090686.4,  1,  21.8,   0.9, 0.100
2025-11-07 11:59:05,        0,  29.7,   2.1,  25.3,  0.595, -0.007,  0.000,4090679.7,  1,  21.8,   0.9, 0.100
2025-11-07 11:59:06,        0,  29.9,   2.6,  25.3,  0.583, -0.007,  0.000,4091850.2,  1,  21.8,   0.9, 0.100
2025-11-07 11:59:08,        0,  29.5,   1.6,  25.4,  1.874,  0.513,  0.001,4092993.1,  1,  21.8,   0.9, 0.100
2025-11-07 11:59:08,        0,  29.8,   2.4,  25.3,  1.005,  0.005,  0.000,4093007.4,  1,  21.8,   0.9, 0.100
2025-11-07 11:59:09,        0,  29.7,   2.1,  25.3,  0.929, -0.004,  0.000,4093004.9,  1,  21.8,   0.9, 0.100
2025-11-07 11:59:10,        0,  29.8,   2.3,  25.3,  0.881, -0.006,  0.000,4092999.0,  1,  21.8,   0.9, 0.100
2025-11-07 11:59:12,        0,  29.7,   2.1,  25.3,  0.824, -0.007,  0.000,4092991.4,  1,  21.8,   0.9, 0.100
2025-11-07 11:59:12,        0,  29.8,   2.3,  25.3,  0.790, -0.006,  0.000,4092985.2,  1,  21.8,   0.9, 0.100
2025-11-07 11:59:13,        0,  29.8,   2.3,  25.3,  0.747, -0.007,  0.000,4092978.0,  1,  21.8,   0.9, 0.100
2025-11-07 11:59:14,        0,  29.8,   2.3,  25.3,  0.722, -0.007,  0.000,4092971.7,  1,  21.8,   0.9, 0.100
2025-11-07 11:59:16,        0,  29.8,   2.4,  25.4,  0.692, -0.007,  0.000,4092963.4,  1,  21.8,   0.9, 0.100
2025-11-07 11:59:16,        0,  29.8,   2.5,  25.3,  0.674, -0.007,  0.000,4092956.2,  1,  21.8,   0.9, 0.100
2025-11-07 11:59:17,        0,  29.8,   2.5,  25.3,  0.659, -0.008,  0.000,4092949.1,  1,  21.8,   0.9, 0.100
2025-11-07 11:59:18,        0,  29.8,   2.3,  25.4,  0.636, -0.007,  0.000,4092941.2,  1,  21.8,   0.9, 0.100
2025-11-07 11:59:19,        0,  29.8,   2.5,  25.4,  0.623, -0.007,  0.000,4092934.4,  1,  21.8,   0.9, 0.100
2025-11-07 11:59:21,        0,  29.8,   2.4,  25.3,  0.604, -0.007,  0.000,4092926.1,  1,  21.8,   0.9, 0.100
2025-11-07 11:59:21,        0,  29.8,   2.4,  25.4,  0.591, -0.007,  0.000,4092919.4,  1,  21.8,   0.9, 0.100
2025-11-07 11:59:22,        0,  29.8,   2.3,  25.3,  0.580, -0.007,  0.000,4092913.1,  1,  21.7,   0.9, 0.100
2025-11-07 11:59:23,        0,  29.8,   2.5,  25.3,  0.563, -0.007,  0.000,4092906.4,  1,  21.8,   0.8, 0.100
2025-11-07 11:59:25,        0,  29.8,   2.5,  25.3,  0.549, -0.007,  0.000,4092898.4,  1,  21.8,   0.9, 0.100
2025-11-07 11:59:25,        0,  29.8,   2.5,  25.3,  0.540, -0.007,  0.000,4092892.1,  1,  21.8,   0.9, 0.100
2025-11-07 11:59:26,        0,  29.8,   2.3,  25.3,  0.531, -0.007,  0.000,4092885.8,  1,  21.8,   0.8, 0.100
2025-11-07 11:59:27,        0,  29.8,   2.4,  25.3,  0.523, -0.007,  0.000,4092879.1,  1,  21.8,   0.8, 0.100
2025-11-07 11:59:28,        0,  29.8,   2.4,  25.3,  0.510, -0.007,  0.000,4092873.3,  1,  21.8,   0.8, 0.100
2025-11-07 11:59:30,        0,  29.9,   2.6,  25.3,  0.498, -0.006,  0.000,4092866.1,  1,  21.8,   0.8, 0.100
2025-11-07 11:59:30,        0,  29.8,   2.5,  25.4,  0.491, -0.006,  0.000,4092860.3,  1,  21.8,   0.8, 0.100
2025-11-07 11:59:31,        0,  29.9,   2.6,  25.3,  0.484, -0.006,  0.000,4092854.4,  1,  21.8,   0.8, 0.100
2025-11-07 11:59:32,        0,  29.9,   2.6,  25.3,  0.473, -0.007,  0.000,4092849.0,  1,  21.8,   0.8, 0.100
2025-11-07 11:59:34,        0,  29.9,   2.6,  25.3,  0.467, -0.007,  0.000,4092841.0,  1,  21.8,   0.8, 0.100
2025-11-07 11:59:34,        0,  29.9,   2.6,  25.3,  1.988,  1.210,  0.007,4093659.9,  1,  21.8,   0.8, 0.100
2025-11-07 11:59:35,        0,  29.7,   2.1,  25.3,  2.933,  1.418,  0.005,4095760.4,  1,  21.8,   0.8, 0.100
2025-11-07 11:59:36,        0,  29.6,   1.8,  25.3,  1.129,  0.034,  0.000,4095797.7,  1,  21.8,   0.8, 0.100
2025-11-07 11:59:37,        0,  29.6,   1.8,  25.3,  0.943, -0.003,  0.000,4095797.7,  1,  21.8,   0.8,-1.000
2025-11-07 11:59:38,        0,  29.7,   2.1,  25.3,  0.890, -0.005,  0.000,4095791.4,  1,  21.8,   0.8, 0.100
2025-11-07 11:59:39,        0,  29.7,   2.1,  25.3,  0.831, -0.006,  0.000,4095785.1,  1,  21.8,   0.8, 0.100
2025-11-07 11:59:40,        0,  29.6,   1.9,  25.3,  0.796, -0.006,  0.000,4095778.8,  1,  21.8,   0.8, 0.100
2025-11-07 11:59:41,        0,  29.7,   2.1,  25.3,  0.766, -0.007,  0.000,4095772.6,  1,  21.8,   0.8, 0.100
2025-11-07 11:59:43,        0,  29.7,   2.1,  25.3,  0.728, -0.007,  0.000,4095764.2,  1,  21.8,   0.8, 0.100
2025-11-07 11:59:43,        0,  29.7,   2.1,  25.3,  0.707, -0.007,  0.000,4095757.5,  1,  21.8,   0.8, 0.100
2025-11-07 11:59:44,        0,  29.8,   2.3,  25.3,  0.678, -0.007,  0.000,4095750.3,  1,  21.8,   0.8, 0.100
2025-11-07 11:59:45,        0,  29.7,   2.1,  25.4,  0.661, -0.007,  0.000,4095743.2,  1,  21.8,   0.8, 0.100
2025-11-07 11:59:47,        0,  29.7,   2.1,  25.3,  0.637, -0.007,  0.000,4095734.4,  1,  21.8,   0.8, 0.100
2025-11-07 11:59:47,        0,  29.7,   2.1,  25.3,  0.623, -0.007,  0.000,4095727.7,  1,  21.8,   0.8, 0.100
2025-11-07 11:59:48,        0,  29.8,   2.3,  25.3,  0.609, -0.007,  0.000,4095721.4,  1,  21.8,   0.8, 0.100
2025-11-07 11:59:49,        0,  29.6,   1.9,  25.3,  0.590, -0.007,  0.000,4095714.7,  1,  21.8,   0.8, 0.100
2025-11-07 11:59:51,        0,  29.8,   2.3,  25.3,  0.573, -0.007,  0.000,4095706.8,  1,  21.8,   0.8, 0.100
2025-11-07 11:59:51,        0,  29.8,   2.3,  25.3,  0.562, -0.007,  0.000,4095700.1,  1,  21.8,   0.8, 0.100
2025-11-07 11:59:52,        0,  29.8,   2.3,  25.3,  0.552, -0.007,  0.000,4095694.2,  1,  21.8,   0.8, 0.100
2025-11-07 11:59:53,        0,  29.8,   2.5,  25.4,  0.542, -0.007,  0.000,4095687.9,  1,  21.8,   0.9, 0.100
2025-11-07 11:59:55,        0,  29.8,   2.3,  25.3,  0.527, -0.007,  0.000,4095680.4,  1,  21.8,   0.9, 0.100
2025-11-07 11:59:55,        0,  29.8,   2.3,  25.3,  0.513, -0.006,  0.000,4095674.1,  1,  21.8,   0.9, 0.100
2025-11-07 11:59:56,        0,  29.7,   2.1,  25.3,  0.505, -0.006,  0.000,4095668.2,  1,  21.8,   0.9, 0.100
2025-11-07 11:59:57,        0,  29.8,   2.3,  25.3,  0.497, -0.006,  0.000,4095662.8,  1,  21.8,   0.9, 0.100
2165-165-165 45:165:85,        0,  29.8,   2.3,  25.3,  0.485, -0.006,  0.000,4095655.6,  1,  21.8,   0.9, 0.100
2025-11-07 11:59:59,        0,  29.8,   2.3,  25.3,  0.478, -0.006,  0.000,4095649.8,  1,  21.8,   0.9, 0.100
2025-11-07 12:00:00,        0,  29.7,   2.1,  25.3,  0.467, -0.006,  0.000,4095643.9,  1,  21.8,   0.9, 0.100
2025-11-07 12:00:01,        0,  29.8,   2.3,  25.3,  0.460, -0.006,  0.000,4095638.5,  1,  21.8,   0.9, 0.100
2025-11-07 12:00:03,        0,  29.8,   2.4,  25.3,  0.451, -0.006,  0.000,4095631.7,  1,  21.8,   0.9, 0.100
2025-11-07 12:00:03,        0,  29.8,   2.3,  25.3,  0.445, -0.006,  0.000,4095625.9,  1,  21.8,   0.8, 0.100
2025-11-07 12:00:04,        0,  29.8,   2.5,  25.3,  0.438, -0.005,  0.000,4095621.3,  1,  21.8,   0.9, 0.100
2025-11-07 12:00:05,        0,  29.6,   1.9,  25.3,  0.430, -0.006,  0.000,4095615.4,  1,  21.8,   0.9, 0.100
2025-11-07 12:00:07,        0,  29.8,   2.5,  25.3,  0.425, -0.006,  0.000,4095608.7,  1,  21.8,   0.9, 0.100
2025-11-07 12:00:07,        0,  29.9,   2.6,  25.3,  0.417, -0.005,  0.000,4095604.1,  1,  21.8,   0.8, 0.100
2025-11-07 12:00:08,        0,  29.9,   2.6,  25.3,  0.412, -0.005,  0.000,4095598.6,  1,  21.8,   0.9, 0.100
2025-11-07 12:00:09,        0,  29.8,   2.4,  25.4,  0.406, -0.005,  0.000,4095594.0,  1,  21.8,   0.9, 0.100
2025-11-07 12:00:11,        0,  29.9,   2.6,  25.3,  0.399, -0.005,  0.000,4095587.7,  1,  21.8,   0.9, 0.100
2025-11-07 12:00:11,        0,  29.9,   2.6,  25.3,  0.394, -0.005,  0.000,4095583.5,  1,  21.8,   0.9, 0.100
2025-11-07 12:00:12,        0,  29.9,   2.6,  25.3,  2.517,  1.651,  0.010,4096775.5,  1,  21.8,   0.9, 0.100
2025-11-07 12:00:13,        0,  29.8,   2.3,  25.3,  3.928,  2.304,  0.011,4099089.7,  1,  21.8,   0.9, 0.100
2025-11-07 12:00:14,        0,  29.6,   1.8,  25.3,  1.167,  0.048,  0.000,4099135.4,  1,  21.8,   0.9, 0.100
2025-11-07 12:00:16,        0,  29.6,   1.9,  25.3,  0.950, -0.002,  0.000,4099134.5,  1,  21.8,   0.9, 0.100
2025-11-07 12:00:16,        0,  29.6,   1.9,  25.3,  0.871, -0.006,  0.000,4099129.1,  1,  21.8,   0.9, 0.100
2025-11-07 12:00:17,        0,  29.6,   1.8,  25.3,  0.832, -0.007,  0.000,4099123.6,  1,  21.8,   0.9, 0.100
2025-11-07 12:00:18,        0,  29.6,   1.9,  25.3,  0.798, -0.006,  0.000,4099117.4,  1,  21.8,   0.9, 0.100
2025-11-07 12:00:20,        0,  29.6,   1.8,  25.3,  0.752, -0.007,  0.000,4099109.8,  1,  21.8,   0.9, 0.100
2025-11-07 12:00:20,        0,  29.6,   1.9,  25.3,  0.728, -0.008,  0.000,4099103.1,  1,  21.8,   0.9, 0.100
2025-11-07 12:00:21,        0,  29.6,   1.9,  25.3,  0.695, -0.007,  0.000,4099096.0,  1,  21.8,   0.9, 0.100
2025-11-07 12:00:22,        0,  29.6,   1.9,  25.3,  0.676, -0.007,  0.000,4099088.9,  1,  21.8,   0.9, 0.100
2025-11-07 12:00:23,        0,  29.6,   1.9,  25.3,  0.658, -0.007,  0.000,4099082.2,  1,  21.8,   0.9, 0.100
2025-11-07 12:00:25,        0,  29.7,   2.1,  25.3,  0.635, -0.007,  0.000,4099073.4,  1,  21.8,   1.0, 0.100
2025-11-07 12:00:25,        0,  29.7,   2.1,  25.3,  0.620, -0.007,  0.000,4099066.6,  1,  21.8,   0.9, 0.100
2025-11-07 12:00:26,        0,  29.6,   1.9,  25.3,  0.600, -0.007,  0.000,4099059.9,  1,  21.8,   0.9, 0.100
2025-11-07 12:00:27,        0,  29.7,   2.1,  25.3,  0.587, -0.007,  0.000,4099053.2,  1,  21.8,   0.9, 0.100
2025-11-07 12:00:29,        0,  29.6,   1.9,  25.3,  0.569, -0.007,  0.000,4099045.7,  1,  21.8,   1.0, 0.100
2025-11-07 12:00:29,        0,  29.6,   1.9,  25.3,  0.558, -0.007,  0.000,4099039.0,  1,  21.8,   1.0, 0.100
2025-11-07 12:00:30,        0,  29.7,   2.1,  25.3,  0.547, -0.007,  0.000,4099032.7,  1,  21.8,   1.0, 0.100
2025-11-07 12:00:31,        0,  29.6,   1.9,  25.3,  0.532, -0.007,  0.000,4099026.8,  1,  21.8,   1.0, 0.100
2025-11-07 12:00:32,        0,  29.7,   2.1,  25.3,  0.523, -0.007,  0.000,4099020.5,  1,  21.8,   1.0, 0.100
2025-11-07 12:00:34,        0,  29.7,   2.1,  25.3,  0.509, -0.007,  0.000,4099013.4,  1,  21.8,   1.0, 0.100
2025-11-07 12:00:34,        0,  29.7,   2.1,  25.3,  0.501, -0.006,  0.000,4099007.1,  1,  21.8,   1.0, 0.100
2025-11-07 12:00:35,        0,  29.7,   2.1,  25.3,  0.488, -0.005,  0.000,4099001.7,  1,  21.8,   1.0, 0.100
2025-11-07 12:00:36,        0,  29.6,   1.9,  25.3,  0.481, -0.006,  0.000,4098995.8,  1,  21.8,   1.0, 0.100
2025-11-07 12:00:38,        0,  29.6,   1.9,  25.3,  0.469, -0.006,  0.000,4098989.1,  1,  21.8,   1.0, 0.100
2025-11-07 12:00:38,        0,  29.6,   1.9,  25.3,  0.462, -0.006,  0.000,4098983.2,  1,  21.8,   1.0, 0.100
2025-11-07 12:00:39,        0,  29.6,   1.9,  25.3,  0.455, -0.006,  0.000,4098978.2,  1,  21.8,   1.0, 0.100
2025-11-07 12:00:40,        0,  29.7,   2.1,  25.3,  0.445, -0.006,  0.000,4098972.4,  1,  21.8,   1.0, 0.100
2025-11-07 12:00:42,        0,  29.7,   2.1,  25.3,  0.438, -0.005,  0.000,4098966.1,  1,  21.8,   1.0, 0.100
2025-11-07 12:00:42,        0,  29.7,   2.1,  25.3,  0.429, -0.005,  0.000,4098961.0,  1,  21.8,   1.0, 0.100
2025-11-07 12:00:43,        0,  29.7,   2.1,  25.3,  0.423, -0.005,  0.000,4098956.0,  1,  21.8,   1.0, 0.100
2025-11-07 12:00:44,        0,  29.7,   2.1,  25.3,  0.417, -0.005,  0.000,4098951.0,  1,  21.8,   1.0, 0.100
2025-11-07 12:00:45,        0,  29.8,   2.3,  25.3,  0.409, -0.005,  0.000,4098945.5,  1,  21.8,   1.0, 0.100
2025-11-07 12:00:47,        0,  29.6,   1.9,  25.3,  0.403, -0.005,  0.000,4098940.1,  1,  21.8,   1.0, 0.100
2025-11-07 12:00:47,        0,  29.7,   2.1,  25.3,  0.396, -0.005,  0.000,4098934.6,  1,  21.8,   1.0, 0.100
2025-11-07 12:00:48,        0,  29.7,   2.1,  25.3,  0.391, -0.005,  0.000,4098930.0,  1,  21.8,   1.0, 0.100
2025-11-07 12:00:49,        0,  29.8,   2.3,  25.3,  0.386, -0.005,  0.000,4098925.0,  1,  21.8,   1.0, 0.100
2025-11-07 12:00:51,        0,  29.7,   2.1,  25.3,  0.379, -0.005,  0.000,4098918.7,  1,  21.8,   1.0, 0.100
2025-11-07 12:00:51,        0,  29.8,   2.3,  25.3,  0.373, -0.005,  0.000,4098914.1,  1,  21.8,   1.0, 0.100
2025-11-07 12:00:52,        0,  29.8,   2.3,  25.3,  0.368, -0.005,  0.000,4098909.5,  1,  21.9,   0.9, 0.100
2025-11-07 12:00:53,        0,  29.8,   2.3,  25.3,  0.364, -0.005,  0.000,4098904.5,  1,  21.8,   1.0, 0.100
2025-11-07 12:00:54,        0,  29.8,   2.3,  25.3,  0.360, -0.005,  0.000,4098900.3,  1,  21.8,   0.9, 0.100
2025-11-07 12:00:55,        0,  29.7,   2.1,  25.3,  0.354, -0.005,  0.000,4098894.4,  1,  21.8,   1.0, 0.100
2025-11-07 12:00:56,        0,  29.8,   2.3,  25.3,  0.348, -0.005,  0.000,4098890.2,  1,  21.8,   1.0, 0.100
2025-11-07 12:00:57,        0,  29.7,   2.1,  25.3,  0.345, -0.005,  0.000,4098885.6,  1,  21.8,   1.0, 0.100
2025-11-07 12:00:58,        0,  29.8,   2.3,  25.3,  0.341, -0.005,  0.000,4098881.4,  1,  21.8,   1.0, 0.100
2025-11-07 12:01:00,        0,  29.7,   2.1,  25.3,  0.336, -0.004,  0.000,4098876.0,  1,  21.8,   0.9, 0.100
2025-11-07 12:01:00,        0,  29.8,   2.3,  25.3,  0.332, -0.004,  0.000,4098871.8,  1,  21.8,   1.0, 0.100
2025-11-07 12:01:01,        0,  29.7,   2.1,  25.3,  0.327, -0.005,  0.000,4098867.6,  1,  21.8,   1.0, 0.100
2025-11-07 12:01:02,        0,  29.7,   2.1,  25.3,  0.324, -0.004,  0.000,4098863.0,  1,  21.8,   1.0, 0.100
2025-11-07 12:01:04,        0,  29.8,   2.3,  25.3,  0.319, -0.004,  0.000,4098858.4,  1,  21.8,   1.0, 0.100
2025-11-07 12:01:04,        0,  29.8,   2.3,  25.3,  0.316, -0.004,  0.000,4098854.2,  1,  21.9,   1.0, 0.100
2025-11-07 12:01:05,        0,  29.8,   2.3,  25.3,  0.313, -0.004,  0.000,4098850.4,  1,  21.8,   1.0, 0.100
2025-11-07 12:01:06,        0,  29.7,   2.1,  25.3,  0.309, -0.005,  0.000,4098845.8,  1,  21.8,   1.0, 0.100
2025-11-07 12:01:07,        0,  29.8,   2.3,  25.3,  0.306, -0.004,  0.000,4098842.4,  1,  21.8,   1.0, 0.100
2025-11-07 12:01:08,        0,  29.8,   2.3,  25.3,  0.304, -0.004,  0.000,4098837.4,  1,  21.8,   1.0, 0.100
2025-11-07 12:01:09,        0,  29.8,   2.3,  25.3,  0.301, -0.004,  0.000,4098833.6,  1,  21.8,   1.0, 0.100
2025-11-07 12:01:10,        0,  29.7,   2.1,  25.3,  0.298, -0.004,  0.000,4098829.9,  1,  21.8,   1.0, 0.100
2025-11-07 12:01:11,        0,  29.7,   2.1,  25.3,  0.294, -0.003,  0.000,4098826.5,  1,  21.8,   1.0, 0.100
2025-11-07 12:01:13,        0,  29.7,   2.1,  25.3,  0.290, -0.003,  0.000,4098822.3,  1,  21.8,   1.0, 0.100
2025-11-07 12:01:13,        0,  29.8,   2.3,  25.3,  0.288, -0.004,  0.000,4098819.0,  1,  21.9,   1.0, 0.100
2025-11-07 12:01:14,        0,  29.6,   1.9,  25.3,  0.285, -0.004,  0.000,4098814.4,  1,  21.8,   1.0, 0.100
2025-11-07 12:01:15,        0,  29.8,   2.3,  25.3,  0.281, -0.004,  0.000,4098811.0,  1,  21.8,   1.0, 0.100
2025-11-07 12:01:17,        0,  29.8,   2.3,  25.3,  0.279, -0.004,  0.000,4098806.8,  1,  21.8,   1.0, 0.100
2025-11-07 12:01:17,        0,  29.8,   2.3,  25.3,  0.276, -0.004,  0.000,4098803.5,  1,  21.9,   1.0, 0.100
2025-11-07 12:01:18,        0,  29.8,   2.3,  25.3,  0.273, -0.003,  0.000,4098800.1,  1,  21.9,   0.9, 0.100
2025-11-07 12:01:19,        0,  29.8,   2.3,  25.3,  0.271, -0.003,  0.000,4098796.8,  1,  21.8,   1.0, 0.100
2025-11-07 12:01:21,        0,  29.8,   2.3,  25.3,  0.267, -0.003,  0.000,4098793.0,  1,  21.8,   0.9, 0.100
2025-11-07 12:01:21,        0,  29.8,   2.4,  25.3,  0.265, -0.004,  0.000,4098789.2,  1,  21.8,   0.9, 0.100
2025-11-07 12:01:22,        0,  29.8,   2.3,  25.3,  0.263, -0.003,  0.000,4098786.3,  1,  21.9,   0.9, 0.100
2025-11-07 12:01:23,        0,  29.9,   2.6,  25.3,  0.261, -0.003,  0.000,4098782.9,  1,  21.9,   0.9, 0.100
2025-11-07 12:01:24,        0,  29.8,   2.3,  25.3,  0.258, -0.003,  0.000,4098779.6,  1,  21.9,   0.9, 0.100
2025-11-07 12:01:26,        0,  29.7,   2.1,  25.3,  0.255, -0.003,  0.000,4098775.8,  1,  21.9,   0.9, 0.100
2025-11-07 12:01:26,        0,  29.8,   2.5,  25.3,  0.254, -0.003,  0.000,4098772.4,  1,  21.9,   0.9, 0.100
2025-11-07 12:01:27,        0,  29.7,   2.1,  25.3,  0.251, -0.003,  0.000,4098769.5,  1,  21.8,   0.9, 0.100
2025-11-07 12:01:28,        0,  29.8,   2.3,  25.3,  0.249, -0.003,  0.000,4098766.2,  1,  21.8,   0.8, 0.100
2025-11-07 12:01:30,        0,  29.8,   2.5,  25.3,  0.247, -0.003,  0.000,4098762.4,  1,  21.8,   0.8, 0.100
2025-11-07 12:01:30,        0,  29.8,   2.3,  25.3,  0.245, -0.003,  0.000,4098759.0,  1,  21.9,   0.8, 0.100
2025-11-07 12:01:31,        0,  29.8,   2.5,  25.3,  0.242, -0.003,  0.000,4098756.5,  1,  21.9,   0.8, 0.100
2025-11-07 12:01:32,        0,  29.8,   2.4,  25.3,  0.241, -0.003,  0.000,4098753.2,  1,  21.8,   0.9, 0.100
2025-11-07 12:01:33,        0,  29.8,   2.3,  25.3,  0.239, -0.003,  0.000,4098750.2,  1,  21.8,   0.8, 0.100
2025-11-07 12:01:34,        0,  29.8,   2.4,  25.3,  0.237, -0.003,  0.000,4098746.5,  1,  21.9,   0.8, 0.100
2025-11-07 12:01:35,        0,  29.8,   2.5,  25.3,  0.236, -0.003,  0.000,4098743.5,  1,  21.9,   0.9, 0.100
2025-11-07 12:01:36,        0,  29.8,   2.4,  25.3,  0.233, -0.003,  0.000,4098740.2,  1,  21.8,   0.8, 0.100
2025-11-07 12:01:37,        0,  29.8,   2.4,  25.3,  0.231, -0.003,  0.000,4098737.7,  1,  21.9,   0.8, 0.100
2025-11-07 12:01:39,        0,  29.8,   2.5,  25.3,  0.230, -0.003,  0.000,4098733.9,  1,  21.9,   0.8, 0.100
2025-11-07 12:01:39,        0,  29.8,   2.3,  25.3,  0.228, -0.003,  0.000,4098731.0,  1,  21.8,   0.9, 0.100
2025-11-07 12:01:40,        0,  29.8,   2.3,  25.3,  0.227, -0.003,  0.000,4098728.0,  1,  21.8,   0.9, 0.100
2025-11-07 12:01:41,        0,  29.8,   2.3,  25.3,  0.225, -0.003,  0.000,4098725.5,  1,  21.8,   0.9, 0.100
2025-11-07 12:01:43,        0,  29.8,   2.5,  25.3,  0.224, -0.003,  0.000,4098721.3,  1,  21.8,   0.9, 0.100
2025-11-07 12:01:43,        0,  29.8,   2.4,  25.3,  0.221, -0.003,  0.000,4098718.8,  1,  21.8,   0.9, 0.100
2025-11-07 12:01:44,        0,  29.8,   2.3,  25.3,  0.221, -0.003,  0.000,4098716.7,  1,  21.8,   0.9, 0.100
2025-11-07 12:01:45,        0,  29.8,   2.3,  25.3,  0.220, -0.003,  0.000,4098713.8,  1,  21.9,   0.9, 0.100
2025-11-07 12:01:47,        0,  29.8,   2.5,  25.3,  0.218, -0.003,  0.000,4098710.0,  1,  21.9,   0.9, 0.100
2025-11-07 12:01:47,        0,  29.8,   2.3,  25.3,  0.217, -0.003,  0.000,4098706.6,  1,  21.9,   0.9, 0.100
2025-11-07 12:01:48,        0,  29.8,   2.4,  25.3,  0.215, -0.003,  0.000,4098703.7,  1,  21.9,   0.9, 0.100
2025-11-07 12:01:49,        0,  29.8,   2.3,  25.3,  0.214, -0.003,  0.000,4098701.2,  1,  21.9,   0.8, 0.100
2025-11-07 12:01:51,        0,  29.6,   1.8,  25.3,  0.212, -0.002,  0.000,4098698.3,  1,  21.9,   0.9, 0.100
2025-11-07 12:01:51,        0,  29.8,   2.3,  25.3,  0.212, -0.003,  0.000,4098695.3,  1,  21.8,   0.9, 0.100
2025-11-07 12:01:52,        0,  29.8,   2.5,  25.3,  0.210, -0.003,  0.000,4098692.8,  1,  21.8,   0.9, 0.100
2025-11-07 12:01:53,        0,  29.8,   2.4,  25.3,  0.208, -0.003,  0.000,4098690.3,  1,  21.9,   0.9, 0.100
2025-11-07 12:01:55,        0,  29.8,   2.3,  25.3,  0.207, -0.003,  0.000,4098687.4,  1,  21.9,   0.9, 0.100
2025-11-07 12:01:55,        0,  29.6,   1.8,  25.3,  0.206, -0.003,  0.000,4098684.9,  1,  21.9,   0.8, 0.100
2025-11-07 12:01:56,        0,  29.8,   2.4,  25.3,  0.206, -0.003,  0.000,4098682.3,  1,  21.8,   0.8, 0.100
2025-11-07 12:01:57,        0,  29.8,   2.3,  25.3,  0.204, -0.003,  0.000,4098679.4,  1,  21.9,   0.9, 0.100
2025-11-07 12:01:59,        0,  29.8,   2.3,  25.3,  0.203, -0.003,  0.000,4098675.6,  1,  21.8,   0.9, 0.100
2025-11-07 12:01:59,        0,  29.8,   2.4,  25.3,  0.202, -0.003,  0.000,4098673.5,  1,  21.9,   0.8, 0.100
2025-11-07 12:02:00,        0,  29.8,   2.4,  25.3,  0.200, -0.002,  0.000,4098671.0,  1,  21.9,   0.8, 0.100
2025-11-07 12:02:01,        0,  29.8,   2.5,  25.3,  0.200, -0.002,  0.000,4098668.5,  1,  21.8,   0.8, 0.100
2025-11-07 12:02:03,        0,  29.8,   2.3,  25.3,  0.199, -0.003,  0.000,4098665.6,  1,  21.8,   0.8, 0.100
2025-11-07 12:02:03,        0,  29.8,   2.5,  25.3,  0.198, -0.003,  0.000,4098663.1,  1,  21.8,   0.8, 0.100
2025-11-07 12:02:04,        0,  29.8,   2.5,  25.3,  0.197, -0.003,  0.000,4098660.5,  1,  21.9,   0.8, 0.100
2025-11-07 12:02:05,        0,  29.8,   2.5,  25.3,  0.196, -0.003,  0.000,4098658.0,  1,  21.8,   0.8, 0.100
2025-11-07 12:02:06,        0,  29.8,   2.5,  25.3,  0.196, -0.003,  0.000,4098655.1,  1,  21.8,   0.8, 0.100
2025-11-07 12:02:07,        0,  29.8,   2.3,  25.3,  0.195, -0.003,  0.000,4098652.2,  1,  21.9,   0.8, 0.100
2025-11-07 12:02:08,        0,  29.8,   2.4,  25.3,  0.194, -0.003,  0.000,4098649.6,  1,  21.9,   0.8, 0.100
2025-11-07 12:02:09,        0,  29.8,   2.5,  25.3,  0.192, -0.003,  0.000,4098646.7,  1,  21.8,   0.8, 0.100
2025-11-07 12:02:10,        0,  29.8,   2.5,  25.3,  0.192, -0.003,  0.000,4098644.2,  1,  21.8,   0.8, 0.100
2025-11-07 12:02:12,        0,  29.8,   2.3,  25.3,  0.191, -0.002,  0.000,4098641.3,  1,  21.9,   0.9, 0.100
2025-11-07 12:02:12,        0,  29.8,   2.3,  25.3,  0.190, -0.003,  0.000,4098639.2,  1,  21.9,   0.9, 0.100
2025-11-07 12:02:13,        0,  29.9,   2.6,  25.3,  0.190, -0.003,  0.000,4098636.7,  1,  21.8,   0.9, 0.100
2025-11-07 12:02:14,        0,  29.8,   2.5,  25.3,  0.189, -0.003,  0.000,4098633.7,  1,  21.8,   0.9, 0.100
2025-11-07 12:02:16,        0,  29.8,   2.3,  25.3,  0.188, -0.003,  0.000,4098630.4,  1,  21.9,   0.9, 0.100
2025-11-07 12:02:16,        0,  29.8,   2.5,  25.3,  0.187, -0.002,  0.000,4098627.9,  1,  21.9,   0.9, 0.100
2025-11-07 12:02:17,        0,  29.6,   1.8,  25.3,  0.187, -0.003,  0.000,4098625.8,  1,  21.8,   0.9, 0.100
2025-11-07 12:02:18,        0,  29.8,   2.3,  25.3,  0.186, -0.002,  0.000,4098623.7,  1,  21.8,   0.9, 0.100
2025-11-07 12:02:19,        0,  29.8,   2.3,  25.3,  0.185, -0.003,  0.000,4098620.7,  1,  21.8,   0.9, 0.100
2025-11-07 12:02:20,        0,  29.8,   2.4,  25.3,  0.185, -0.003,  0.000,4098618.2,  1,  21.8,   0.9, 0.100
2025-11-07 12:02:21,        0,  29.8,   2.5,  25.3,  0.184, -0.003,  0.000,4098615.3,  1,  21.8,   1.0, 0.100
2025-11-07 12:02:22,        0,  29.8,   2.5,  25.3,  0.184, -0.003,  0.000,4098612.8,  1,  21.8,   1.0, 0.100
2025-11-07 12:02:23,        0,  29.8,   2.5,  25.3,  0.183, -0.003,  0.000,4098610.3,  1,  21.8,   1.0, 0.100
2025-11-07 12:02:25,        0,  29.9,   2.6,  25.3,  0.183, -0.003,  0.000,4098607.7,  1,  21.8,   1.0, 0.100
2025-11-07 12:02:25,        0,  29.9,   2.6,  25.3,  0.181, -0.003,  0.000,4098605.2,  1,  21.8,   1.0, 0.100
2025-11-07 12:02:26,        0,  29.9,   2.6,  25.3,  0.181, -0.003,  0.000,4098602.7,  1,  21.8,   1.0, 0.100
2025-11-07 12:02:27,        0,  29.9,   2.6,  25.3,  0.181, -0.002,  0.000,4099817.2,  1,  21.9,   1.0, 0.100
2025-11-07 12:02:29,        0,  29.7,   2.1,  25.3,  6.101,  4.251,  0.026,4104197.2,  1,  21.8,   1.0, 0.100
2025-11-07 12:02:29,        0,  29.3,   0.9,  25.3,  1.365,  0.133,  0.000,4104350.6,  1,  21.9,   1.0, 0.100
2025-11-07 12:02:30,        0,  29.5,   1.6,  25.3,  0.983,  0.002,  0.000,4104356.9,  1,  21.8,   0.9, 0.100
2025-11-07 12:02:31,        0,  29.5,   1.6,  25.3,  0.915, -0.005,  0.000,4104353.1,  1,  21.9,   0.9, 0.100
2025-11-07 12:02:32,        0,  29.5,   1.6,  25.3,  0.870, -0.006,  0.000,4104347.2,  1,  21.8,   0.9, 0.100
2025-11-07 12:02:33,        0,  29.5,   1.6,  25.3,  0.814, -0.006,  0.000,4104340.1,  1,  21.9,   0.9, 0.100
2025-11-07 12:02:34,        0,  29.5,   1.6,  25.3,  0.782, -0.006,  0.000,4104333.4,  1,  21.9,   0.9, 0.100
2025-11-07 12:02:35,        0,  29.5,   1.6,  25.3,  0.740, -0.007,  0.000,4104327.1,  1,  21.8,   0.9, 0.100
2025-11-07 12:02:36,        0,  29.5,   1.6,  25.3,  0.716, -0.007,  0.000,4104320.0,  1,  21.8,   0.9, 0.100
2025-11-07 12:02:38,        0,  29.5,   1.4,  25.3,  0.686, -0.007,  0.000,4104311.6,  1,  21.8,   0.9, 0.100
2025-11-07 12:02:38,        0,  29.5,   1.4,  25.3,  0.666, -0.007,  0.000,4104304.9,  1,  21.9,   0.9, 0.100
2025-11-07 12:02:39,        0,  29.5,   1.4,  25.3,  0.641, -0.008,  0.000,4104298.2,  1,  21.8,   0.9, 0.100
2025-11-07 12:02:40,        0,  29.5,   1.4,  25.3,  0.626, -0.007,  0.000,4104291.5,  1,  21.9,   0.8, 0.100
2025-11-07 12:02:42,        0,  29.4,   1.3,  25.3,  0.604, -0.007,  0.000,4104283.1,  1,  21.9,   0.9, 0.100
2025-11-07 12:02:43,        0,  29.5,   1.4,  25.3,  0.591, -0.007,  0.000,4104276.8,  1,  21.8,   0.9, 0.100
2025-11-07 12:02:43,        0,  29.5,   1.6,  25.3,  0.578, -0.007,  0.000,4104270.6,  1,  21.8,   0.9, 0.100
2025-11-07 12:02:44,        0,  29.5,   1.4,  25.3,  0.559, -0.007,  0.000,4104264.3,  1,  21.8,   0.8, 0.100
2025-11-07 12:02:45,        0,  29.5,   1.4,  25.3,  0.547, -0.006,  0.000,4104258.4,  1,  21.9,   0.8, 0.100
2025-11-07 12:02:47,        0,  29.5,   1.4,  25.3,  0.530, -0.006,  0.000,4104250.9,  1,  21.9,   0.8, 0.100
2025-11-07 12:02:47,        0,  29.5,   1.4,  25.3,  0.521, -0.006,  0.000,4104245.0,  1,  21.8,   0.8, 0.100
2025-11-07 12:02:48,        0,  29.4,   1.3,  25.3,  0.511, -0.006,  0.000,4104239.1,  1,  21.8,   0.8, 0.100
2025-11-07 12:02:49,        0,  29.4,   1.3,  25.3,  0.496, -0.006,  0.000,4104233.7,  1,  21.8,   0.8, 0.100
2025-11-07 12:02:51,        0,  29.5,   1.6,  25.3,  0.488, -0.006,  0.000,4104227.0,  1,  21.8,   0.8, 0.100
2025-11-07 12:02:51,        0,  29.5,   1.4,  25.3,  0.474, -0.006,  0.000,4104221.9,  1,  21.8,   0.8, 0.100
2025-11-07 12:02:52,        0,  29.5,   1.6,  25.3,  0.466, -0.006,  0.000,4104216.1,  1,  21.8,   0.8, 0.100
2025-11-07 12:02:53,        0,  29.5,   1.4,  25.3,  0.458, -0.006,  0.000,4104211.0,  1,  21.8,   0.8, 0.100
2025-11-07 12:02:54,        0,  29.4,   1.3,  25.3,  0.447, -0.005,  0.000,4104205.6,  1,  21.9,   0.8, 0.100
2025-11-07 12:02:56,        0,  29.5,   1.4,  25.3,  0.436, -0.006,  0.000,4104198.9,  1,  21.9,   0.8, 0.100
2025-11-07 12:02:56,        0,  29.5,   1.4,  25.3,  0.428, -0.005,  0.000,4104194.3,  1,  21.9,   0.9, 0.100
2025-11-07 12:02:57,        0,  29.5,   1.4,  25.3,  0.422, -0.005,  0.000,4104188.8,  1,  21.8,   0.9, 0.100
2025-11-07 12:02:58,        0,  29.5,   1.6,  25.3,  0.414, -0.005,  0.000,4104184.2,  1,  21.9,   0.8, 0.100
2025-11-07 12:03:00,        0,  29.6,   1.8,  25.3,  0.405, -0.005,  0.000,4104178.4,  1,  21.8,   0.9, 0.100
2025-11-07 12:03:00,        0,  29.5,   1.4,  25.3,  0.396, -0.005,  0.000,4104173.3,  1,  21.8,   0.9, 0.100
2025-11-07 12:03:01,        0,  29.5,   1.6,  25.3,  0.390, -0.005,  0.000,4104168.3,  1,  21.8,   0.9, 0.100
2025-11-07 12:03:02,        0,  29.6,   1.8,  25.3,  0.385, -0.004,  0.000,4104164.1,  1,  21.9,   0.9, 0.100
2025-11-07 12:03:03,        0,  29.6,   1.8,  25.3,  0.377, -0.005,  0.000,4104159.5,  1,  21.8,   0.9, 0.100
2025-11-07 12:03:05,        0,  29.5,   1.4,  25.3,  0.370, -0.005,  0.000,4104154.0,  1,  21.8,   0.9, 0.100
2025-11-07 12:03:05,        0,  29.5,   1.6,  25.3,  0.363, -0.005,  0.000,4104149.9,  1,  21.8,   0.9, 0.100
2025-11-07 12:03:06,        0,  29.5,   1.4,  25.3,  0.358, -0.005,  0.000,4104145.2,  1,  21.8,   0.9, 0.100
2025-11-07 12:03:07,        0,  29.5,   1.4,  25.3,  0.353, -0.004,  0.000,4104140.6,  1,  21.9,   0.9, 0.100
2025-11-07 12:03:09,        0,  29.6,   1.8,  25.3,  0.346, -0.004,  0.000,4104136.0,  1,  21.8,   0.9, 0.100
2025-11-07 12:03:09,        0,  29.5,   1.6,  25.3,  0.341, -0.004,  0.000,4104131.8,  1,  21.8,   0.9, 0.100
2025-11-07 12:03:10,        0,  29.5,   1.6,  25.3,  0.334, -0.005,  0.000,4104127.2,  1,  21.8,   0.9, 0.100
2025-11-07 12:03:11,        0,  29.5,   1.6,  25.3,  0.330, -0.004,  0.000,4104123.0,  1,  21.8,   0.9, 0.100
2025-11-07 12:03:13,        0,  29.5,   1.6,  25.3,  0.323, -0.004,  0.000,4104118.8,  1,  21.8,   0.9, 0.100
2025-11-07 12:03:13,        0,  29.5,   1.6,  25.3,  0.321, -0.004,  0.000,4104114.6,  1,  21.9,   0.8, 0.100
2025-11-07 12:03:14,        0,  29.5,   1.6,  25.3,  0.316, -0.004,  0.000,4104111.3,  1,  21.8,   0.8, 0.100
2025-11-07 12:03:15,        0,  29.5,   1.6,  25.3,  0.310, -0.004,  0.000,4104107.5,  1,  21.8,   0.8, 0.100
2025-11-07 12:03:17,        0,  29.4,   1.1,  25.3,  0.304, -0.004,  0.000,4104102.5,  1,  21.8,   0.8, 0.100
2025-11-07 12:03:18,        0,  29.3,   0.9,  25.3,  0.301, -0.004,  0.000,4104098.7,  1,  21.9,   0.8, 0.100
2025-11-07 12:03:18,        0,  29.5,   1.6,  25.3,  0.297, -0.004,  0.000,4104095.4,  1,  21.8,   0.8, 0.100
2025-11-07 12:03:19,        0,  29.5,   1.4,  25.3,  0.292, -0.004,  0.000,4104091.6,  1,  21.8,   0.8, 0.100
2025-11-07 12:03:20,        0,  29.5,   1.6,  25.3,  0.289, -0.004,  0.000,4104088.2,  1,  21.8,   0.8, 0.100
2025-11-07 12:03:22,        0,  29.5,   1.6,  25.3,  0.284, -0.004,  0.000,4104084.1,  1,  21.8,   0.8, 0.100
2025-11-07 12:03:22,        0,  29.5,   1.6,  25.3,  0.281, -0.004,  0.000,4104080.3,  1,  21.8,   0.8, 0.100
2025-11-07 12:03:23,        0,  29.6,   1.8,  25.3,  0.278, -0.003,  0.000,4104077.4,  1,  21.8,   0.8, 0.100
2025-11-07 12:03:24,        0,  29.5,   1.6,  25.3,  0.274, -0.003,  0.000,4104073.6,  1,  21.9,   0.8, 0.100
2025-11-07 12:03:26,        0,  29.5,   1.6,  25.3,  0.270, -0.003,  0.000,4104069.8,  1,  21.8,   0.8, 0.100
2025-11-07 12:03:26,        0,  29.5,   1.6,  25.3,  0.266, -0.003,  0.000,4104066.5,  1,  21.8,   0.8, 0.100
2025-11-07 12:03:27,        0,  29.5,   1.4,  25.3,  0.263, -0.003,  0.000,4104063.5,  1,  21.8,   0.8, 0.100
2025-11-07 12:03:28,        0,  29.5,   1.4,  25.3,  0.261, -0.003,  0.000,4104060.2,  1,  21.8,   0.8, 0.100
2025-11-07 12:03:30,        0,  29.4,   1.1,  25.3,  0.257, -0.004,  0.000,4104056.0,  1,  21.8,   0.8, 0.100
2025-11-07 12:03:30,        0,  29.4,   1.3,  25.3,  0.254, -0.004,  0.000,4104052.6,  1,  21.8,   0.8, 0.100
2025-11-07 12:03:31,        0,  29.5,   1.6,  25.3,  0.250, -0.003,  0.000,4104049.7,  1,  21.8,   0.8, 0.100
2025-11-07 12:03:32,        0,  29.5,   1.6,  25.3,  0.248, -0.003,  0.000,4104045.9,  1,  21.8,   0.8, 0.100
2025-11-07 12:03:34,        0,  29.5,   1.6,  25.3,  0.245, -0.003,  0.000,4104042.6,  1,  21.8,   0.8, 0.100
2025-11-07 12:03:34,        0,  29.4,   1.1,  25.3,  0.243, -0.003,  0.000,4104039.6,  1,  21.8,   0.8, 0.100
2025-11-07 12:03:35,        0,  29.5,   1.6,  25.3,  0.240, -0.003,  0.000,4104036.3,  1,  21.8,   0.8, 0.100
2025-11-07 12:03:36,        0,  29.5,   1.6,  25.3,  0.237, -0.003,  0.000,4104033.3,  1,  21.8,   0.8, 0.100
2025-11-07 12:03:38,        0,  29.5,   1.6,  25.3,  0.235, -0.003,  0.000,4104030.0,  1,  21.8,   0.8, 0.100
2025-11-07 12:03:38,        0,  29.6,   1.8,  25.3,  0.232, -0.003,8005.878,4104027.5,  1,  21.9,   0.8, 0.100
