Time, Cnts,  %T, set_Cell[mA], Cell[°C], Cell[Volt], Cell[mA], Cell[W], Cell[uAs], Cell_ON, Env[°C], TEC[°C], N2Flow[slpm]
2025-10-22 09:06:49,        0,  29.5,   1.6,  25.1,  0.181, -0.003,  0.000,     -2.3,  1,  21.7,   1.0, 0.100
2025-10-22 09:06:50,        0,  29.5,   1.6,  25.1,  0.179, -0.003,  0.000,     -4.9,  1,  21.6,   1.0, 0.100
2025-10-22 09:06:50,        0,  29.5,   1.6,  25.1,  0.177, -0.002,  0.000,     -6.9,  1,  21.7,   1.0, 0.100
2025-10-22 09:06:51,        0,  29.5,   1.6,  25.1,  0.176, -0.002,  0.000,     -9.2,  1,  21.7,   1.0, 0.100
2025-10-22 09:06:52,        0,  29.5,   1.6,  25.2,  0.175, -0.003,  0.000,    -11.4,  1,  21.7,   1.0, 0.099
2025-10-22 09:06:54,        0,  29.5,   1.6,  25.1,  0.173, -0.002,  0.000,    -14.0,  1,  21.7,   1.0, 0.099
2025-10-22 09:06:54,        0,  29.5,   1.6,  25.1,  0.172, -0.002,  0.000,    -16.0,  1,  21.7,   1.0, 0.100
2025-10-22 09:06:55,        0,  29.5,   1.6,  25.1,  0.170, -0.002,  0.000,    -18.0,  1,  21.7,   1.0, 0.100
2025-10-22 09:06:56,        0,  29.5,   1.6,  25.1,  0.170, -0.002,  0.000,    -20.0,  1,  21.7,   1.0, 0.100
2025-10-22 09:06:57,        0,  29.5,   1.6,  25.1,  0.169, -0.002,  0.000,    -22.6,  1,  21.7,   1.0, 0.100
2025-10-22 09:06:58,        0,  29.6,   1.8,  25.1,  0.168, -0.002,  0.000,    -24.9,  1,  21.7,   1.0, 0.100
2025-10-22 09:06:59,        0,  29.5,   1.6,  25.1,  0.167, -0.002,  0.000,    -26.9,  1,  21.6,   1.0, 0.100
2025-10-22 09:07:00,        0,  29.5,   1.6,  25.1,  0.165, -0.002,  0.000,    -28.6,  1,  21.7,   1.0, 0.100
2025-10-22 09:07:01,        0,  29.6,   1.8,  25.1,  0.165, -0.002,  0.000,    -30.9,  1,  21.7,   1.0, 0.100
2025-10-22 09:07:03,        0,  29.8,   2.3,  25.1,  0.163, -0.003,  0.000,    -33.5,  1,  21.7,   1.0, 0.100
2025-10-22 09:07:03,        0,  30.2,   3.7,  25.1,  0.163, -0.002,  0.000,    846.3,  1,  21.7,   1.0, 0.100
2025-10-22 09:07:04,        0,  30.0,   3.1,  25.1,  7.402,  5.658,  0.042,   5845.6,  1,  21.7,   1.0, 0.100
2025-10-22 09:07:05,        0,  30.5,   4.5,  25.1,  7.618,  5.874,  0.045,  11090.2,  1,  21.7,   1.0, 0.100
2025-10-22 09:07:07,        0,  31.5,   7.5,  25.1, 10.952,  9.155,  0.100,  20480.3,  1,  21.7,   1.0, 0.100
2025-10-22 09:07:07,        0,  31.8,   8.4,  25.2, 10.461,  8.646,  0.091,  29062.0,  1,  21.7,   1.0, 0.100
2025-10-22 09:07:08,        0,  32.2,   9.7,  25.1, 13.230, 11.370,  0.152,  39860.3,  1,  21.7,   1.0, 0.100
2025-10-22 09:07:09,        0,  33.7,  14.0,  25.2, 15.113, 13.198,  0.201,  53621.6,  1,  21.7,   1.0, 0.100
2025-10-22 09:07:11,        0,  35.2,  18.7,  25.1, 23.369, 21.385,  0.502,  76368.7,  1,  21.7,   1.0, 0.100
2025-10-22 09:07:11,        0,  36.6,  22.7,  25.1, 21.261, 19.254,  0.410,  95634.6,  1,  21.6,   1.0, 0.101
2025-10-22 09:07:12,        0,  36.3,  22.0,  25.1, 25.792, 23.823,  0.614, 118785.7,  1,  21.6,   1.0, 0.101
2025-10-22 09:07:13,        0,  35.1,  18.4,  25.1, 29.255, 27.307,  0.799, 143104.7,  1,  21.7,   1.0, 0.078
2025-10-22 09:07:15,        0,  37.1,  24.4,  25.1, 30.103, 28.156,  0.855, 175024.5,  1,  21.6,   1.0, 0.094
2025-10-22 09:07:15,        0,  38.8,  29.5,  25.1, 33.028, 31.082,  1.035, 205927.0,  1,  21.6,   0.9, 0.097
2025-10-22 09:07:16,        0,  42.4,  40.1,  25.1, 40.733, 38.514,  1.583, 240546.2,  1,  21.6,   1.0, 0.098
2025-10-22 09:07:17,        0,  44.5,  46.4,  25.0, 50.513, 47.257,  2.406, 283066.5,  1,  21.6,   1.0, 0.099
2025-10-22 09:07:19,        0,  42.5,  40.5,  25.0, 54.196, 47.917,  2.603, 339735.0,  1,  21.6,   0.9, 0.099
2025-10-22 09:07:19,        0,  44.3,  45.9,  25.1, 50.982, 43.031,  2.195, 381535.4,  1,  21.6,   1.0, 0.100
2025-10-22 09:07:20,        0,  41.4,  37.2,  25.1, 57.263, 47.429,  2.721, 424953.8,  1,  21.6,   1.0, 0.100
2025-10-22 09:07:21,        0,  38.6,  28.8,  25.1, 33.253, 26.378,  0.978, 458236.6,  1,  21.5,   0.9, 0.100
2025-10-22 09:07:23,        0,  41.1,  36.4,  25.1, 31.943, 26.372,  0.927, 497975.1,  1,  21.6,   1.0, 0.100
2025-10-22 09:07:23,        0,  34.5,  16.6,  25.1, 51.312, 41.959,  2.161, 537279.8,  1,  21.6,   1.0, 0.100
2025-10-22 09:07:24,        0,  45.7,  50.2,  25.1, 45.238, 37.124,  1.703, 570995.6,  1,  21.6,   1.0, 0.100
2025-10-22 09:07:25,        0,  41.9,  38.6,  25.1, 63.941, 52.546,  3.371, 616016.0,  1,  21.6,   1.0, 0.100
2025-10-22 09:07:27,        0,  42.9,  41.6,  25.1, 64.297, 51.435,  3.321, 672658.8,  1,  21.6,   1.0, 0.100
2025-10-22 09:07:27,        0,  37.3,  24.9,  25.1, 62.717, 49.397,  3.105, 718720.4,  1,  21.6,   1.0, 0.100
2025-10-22 09:07:28,        0,  41.1,  36.2,  25.1, 67.298, 52.845,  3.557, 761920.2,  1,  21.7,   1.0, 0.109
2025-10-22 09:07:29,        0,  47.3,  54.9,  25.1, 66.869, 51.859,  3.508, 809397.7,  1,  21.7,   1.0, 0.113
2025-10-22 09:07:31,        0,  41.1,  36.4,  25.1, 63.337, 48.663,  3.113, 871953.1,  1,  21.6,   1.0, 0.107
2025-10-22 09:07:31,        0,  46.4,  52.1,  25.1, 54.121, 40.887,  2.239, 911124.3,  1,  21.6,   1.0, 0.103
2025-10-22 09:07:32,        0,  39.9,  32.7,  25.1, 77.107, 59.468,  4.588, 962859.9,  1,  21.6,   1.0, 0.101
2025-10-22 09:07:33,        0,  42.4,  40.3,  25.1, 39.356, 29.462,  1.285, 992956.7,  1,  21.6,   1.0, 0.100
2025-10-22 09:07:35,        0,  39.8,  32.4,  25.2, 36.203, 26.829,  0.972,1030350.0,  1,  21.6,   1.0, 0.100
2025-10-22 09:07:35,        0,  39.4,  31.2,  25.1, 44.652, 33.330,  1.490,1062673.8,  1,  21.6,   1.0, 0.100
2025-10-22 09:07:36,        0,  41.3,  36.9,  25.2, 48.568, 35.848,  1.743,1095628.7,  1,  21.6,   1.0, 0.100
2025-10-22 09:07:37,        0,  31.0,   5.9,  25.2, 44.210, 32.103,  1.564,1130154.7,  1,  21.6,   1.0, 0.100
2025-10-22 09:07:39,        0,  39.9,  32.6,  25.2, 44.705, 33.331,  1.493,1161829.1,  1,  21.6,   1.0, 0.100
2025-10-22 09:07:39,        0,  38.2,  27.7,  25.1, 28.667, 20.631,  0.598,1189472.6,  1,  21.7,   1.0, 0.100
2025-10-22 09:07:40,        0,  39.5,  31.5,  25.2, 56.434, 42.240,  2.386,1225577.4,  1,  21.6,   1.0, 0.100
2025-10-22 09:07:41,        0,  40.9,  35.8,  25.2, 50.476, 36.933,  1.867,1259700.8,  1,  21.6,   1.0, 0.100
2025-10-22 09:07:43,        0,  35.2,  18.5,  25.2, 59.619, 43.660,  2.603,1307677.0,  1,  21.6,   1.0, 0.100
2025-10-22 09:07:43,        0,  33.4,  13.2,  25.2, 25.097, 17.713,  0.469,1327331.3,  1,  21.6,   1.0, 0.100
2025-10-22 09:07:44,        0,  42.9,  41.7,  25.2, 51.401, 38.444,  1.981,1357439.5,  1,  21.6,   1.0, 0.100
2025-10-22 09:07:45,        0,  30.1,   3.3,  25.2, 36.801, 26.750,  1.056,1386452.3,  1,  21.7,   1.0, 0.100
2025-10-22 09:07:47,        0,  40.5,  34.6,  25.2, 47.271, 35.257,  1.677,1418667.2,  1,  21.6,   1.0, 0.100
2025-10-22 09:07:47,        0,  40.8,  35.3,  25.2, 58.574, 43.780,  2.574,1457643.8,  1,  21.7,   1.0, 0.100
2025-10-22 09:07:48,        0,  42.2,  39.5,  25.2, 50.120, 36.895,  1.851,1493682.4,  1,  21.7,   1.0, 0.100
2025-10-22 09:07:50,        0,  36.5,  22.5,  25.2, 57.268, 41.993,  2.429,1541150.3,  1,  21.7,   1.0, 0.100
2025-10-22 09:07:50,        0,  37.8,  26.3,  25.2, 46.826, 34.418,  1.647,1572659.1,  1,  21.7,   1.0, 0.100
2025-10-22 09:07:51,        0,  41.4,  37.2,  25.2, 47.178, 34.567,  1.677,1603484.2,  1,  21.6,   1.0, 0.100
2025-10-22 09:07:52,        0,  38.3,  27.9,  25.2, 55.474, 40.673,  2.276,1641019.0,  1,  21.7,   1.0, 0.100
2025-10-22 09:07:54,        0,  40.8,  35.3,  25.2, 53.646, 39.230,  2.117,1684796.9,  1,  21.6,   1.0, 0.100
2025-10-22 09:07:54,        0,  42.4,  40.3,  25.2, 58.340, 42.675,  2.491,1724452.5,  1,  21.6,   1.0, 0.100
2025-10-22 09:07:55,        0,  42.3,  39.8,  25.2, 58.997, 42.962,  2.541,1762520.8,  1,  21.6,   1.0, 0.100
2025-10-22 09:07:56,        0,  37.6,  25.8,  25.2, 42.285, 30.601,  1.303,1794477.7,  1,  21.6,   1.0, 0.100
2025-10-22 09:07:58,        0,  35.7,  20.1,  25.3, 54.678, 40.183,  2.198,1834688.8,  1,  21.6,   1.0, 0.100
2025-10-22 09:07:58,        0,  42.6,  40.9,  25.3, 58.153, 42.733,  2.489,1868207.6,  1,  21.6,   1.0, 0.100
2025-10-22 09:07:59,        0,  42.2,  39.5,  25.3, 55.454, 40.422,  2.266,1906235.7,  1,  21.6,   1.0, 0.100
2025-10-22 09:08:00,        0,  41.5,  37.6,  25.3, 59.395, 43.600,  2.601,1945642.8,  1,  21.6,   1.0, 0.100
2025-10-22 09:08:02,        0,  42.5,  40.5,  25.3, 64.387, 47.341,  3.087,1999123.3,  1,  21.7,   1.0, 0.100
2025-10-22 09:08:02,        0,  40.1,  33.4,  25.3, 55.404, 40.315,  2.243,2038875.5,  1,  21.7,   0.9, 0.100
2025-10-22 09:08:03,        0,  42.5,  40.5,  25.3, 64.868, 47.621,  3.096,2080639.4,  1,  21.7,   0.9, 0.100
2025-10-22 09:08:04,        0,  40.7,  35.0,  25.3, 26.649, 18.545,  0.513,2107902.0,  1,  21.7,   0.9, 0.100
2025-10-22 09:08:06,        0,  40.8,  35.5,  25.3, 55.922, 40.897,  2.296,2155590.6,  1,  21.7,   0.9, 0.100
2025-10-22 09:08:06,        0,  42.9,  41.7,  25.3, 60.907, 44.594,  2.724,2197258.9,  1,  21.6,   0.9, 0.100
2025-10-22 09:08:07,        0,  45.4,  49.3,  25.3, 55.941, 40.764,  2.301,2239752.9,  1,  21.6,   0.9, 0.100
2025-10-22 09:08:08,        0,  40.4,  34.3,  25.3, 46.196, 33.505,  1.562,2277740.3,  1,  21.7,   0.9, 0.100
2025-10-22 09:08:10,        0,  43.2,  42.6,  25.3, 55.998, 40.905,  2.301,2324983.8,  1,  21.7,   0.9, 0.100
2025-10-22 09:08:10,        0,  38.9,  29.8,  25.3, 53.020, 38.709,  2.100,2365482.2,  1,  21.6,   0.9, 0.100
2025-10-22 09:08:11,        0,  42.4,  40.3,  25.3, 52.004, 37.895,  2.024,2402969.7,  1,  21.7,   0.9, 0.100
2025-10-22 09:08:12,        0,  45.2,  48.5,  25.3, 55.477, 40.604,  2.265,2443788.9,  1,  21.7,   0.9, 0.100
2025-10-22 09:08:14,        0,  36.9,  23.7,  25.3, 58.590, 43.110,  2.527,2495952.2,  1,  21.7,   0.9, 0.100
2025-10-22 09:08:15,        0,  41.2,  36.5,  25.3, 50.395, 36.752,  1.927,2529424.5,  1,  21.7,   0.9, 0.100
2025-10-22 09:08:15,        0,  38.9,  29.8,  25.3, 63.412, 46.822,  2.970,2572183.1,  1,  21.7,   1.0, 0.100
2025-10-22 09:08:16,        0,  37.6,  25.8,  25.3, 42.021, 30.285,  1.282,2599408.8,  1,  21.7,   0.9, 0.100
2025-10-22 09:08:17,        0,  42.9,  41.6,  25.3, 57.641, 42.100,  2.431,2633248.9,  1,  21.7,   0.9, 0.100
2025-10-22 09:08:19,        0,  36.9,  23.7,  25.3, 55.503, 40.515,  2.277,2676876.4,  1,  21.7,   1.0, 0.100
2025-10-22 09:08:19,        0,  42.5,  40.5,  25.3, 55.114, 39.929,  2.213,2708728.5,  1,  21.7,   1.0, 0.100
2025-10-22 09:08:20,        0,  40.6,  34.8,  25.3, 59.272, 43.160,  2.606,2751007.9,  1,  21.7,   1.0, 0.100
2025-10-22 09:08:21,        0,  43.5,  43.5,  25.3, 46.163, 33.207,  1.559,2784679.0,  1,  21.7,   1.0, 0.100
2025-10-22 09:08:23,        0,  34.6,  16.8,  25.3, 49.703, 35.775,  1.794,2828798.4,  1,  21.7,   1.0, 0.100
2025-10-22 09:08:23,        0,  37.7,  26.2,  25.3, 48.460, 34.768,  1.810,2861974.2,  1,  21.7,   1.0, 0.100
2025-10-22 09:08:24,        0,  41.4,  37.1,  25.3, 42.956, 30.456,  1.330,2890610.2,  1,  21.7,   1.0, 0.100
2025-10-22 09:08:25,        0,  38.0,  26.9,  25.3, 52.171, 37.363,  1.957,2925183.2,  1,  21.7,   1.0, 0.100
2025-10-22 09:08:26,        0,  38.0,  27.0,  25.3, 47.557, 33.745,  1.622,2956786.3,  1,  21.7,   1.0, 0.100
2025-10-22 09:08:28,        0,  40.7,  35.0,  25.3, 52.428, 37.266,  1.961,2996982.4,  1,  21.7,   1.0, 0.100
2025-10-22 09:08:28,        0,  32.4,  10.1,  25.3, 51.510, 36.655,  1.892,3029124.3,  1,  21.7,   1.0, 0.100
2025-10-22 09:08:29,        0,  40.6,  34.8,  25.3, 32.193, 22.135,  0.761,3048534.2,  1,  21.7,   1.0, 0.100
2025-10-22 09:08:30,        0,  39.7,  32.0,  25.3, 51.872, 36.686,  1.903,3083830.2,  1,  21.7,   1.0, 0.100
2025-10-22 09:08:32,        0,  37.6,  25.8,  25.3, 54.655, 38.720,  2.121,3123888.6,  1,  21.7,   1.0, 0.100
2025-10-22 09:08:32,        0,  38.9,  29.8,  25.3, 30.575, 20.886,  0.654,3147738.0,  1,  21.7,   1.0, 0.100
2025-10-22 09:08:33,        0,  38.5,  28.4,  25.3, 34.243, 23.518,  0.826,3176261.2,  1,  21.7,   1.0, 0.100
2025-10-22 09:08:34,        0,  37.1,  24.3,  25.3, 41.508, 28.658,  1.197,3204822.4,  1,  21.7,   0.9, 0.100
2025-10-22 09:08:36,        0,  39.5,  31.5,  25.4, 46.961, 32.569,  1.546,3240876.9,  1,  21.7,   1.0, 0.100
2025-10-22 09:08:36,        0,  31.9,   8.7,  25.3, 33.228, 22.597,  0.753,3265637.3,  1,  21.7,   0.9, 0.100
2025-10-22 09:08:37,        0,  37.9,  26.7,  25.4, 29.558, 19.863,  0.625,3285977.6,  1,  21.7,   0.9, 0.100
2025-10-22 09:08:38,        0,  36.8,  23.4,  25.3, 45.342, 31.189,  1.414,3315575.8,  1,  21.7,   0.9, 0.100
2025-10-22 09:08:39,        0,  33.3,  13.0,  25.3, 35.401, 23.912,  0.864,3337258.3,  1,  21.7,   0.9, 0.100
2025-10-22 09:08:41,        0,  38.1,  27.4,  25.3, 32.348, 21.667,  0.722,3363415.1,  1,  21.7,   0.9, 0.100
2025-10-22 09:08:41,        0,  33.9,  14.6,  25.4, 27.412, 18.140,  0.580,3381855.5,  1,  21.7,   0.9, 0.100
2025-10-22 09:08:42,        0,  37.4,  25.1,  25.3, 26.384, 17.317,  0.462,3399320.4,  1,  21.7,   0.9, 0.100
2025-10-22 09:08:43,        0,  37.9,  26.7,  25.4, 45.599, 30.900,  1.410,3427512.3,  1,  21.7,   0.9, 0.100
2025-10-22 09:08:45,        0,  33.5,  13.4,  25.4, 27.367, 17.955,  0.556,3454065.4,  1,  21.7,   0.9, 0.100
2025-10-22 09:08:45,        0,  35.2,  18.5,  25.4, 32.387, 21.340,  0.695,3472517.7,  1,  21.7,   0.9, 0.100
2025-10-22 09:08:46,        0,  36.7,  23.0,  25.4, 32.330, 21.297,  0.691,3493282.4,  1,  21.7,   0.9, 0.100
2025-10-22 09:08:47,        0,  35.2,  18.5,  25.4, 35.031, 23.143,  0.820,3513596.4,  1,  21.7,   0.9, 0.100
2025-10-22 09:08:49,        0,  32.2,   9.7,  25.4, 17.714, 11.050,  0.218,3532562.3,  1,  21.7,   0.9, 0.100
2025-10-22 09:08:49,        0,  34.5,  16.5,  25.4, 29.785, 19.325,  0.577,3549309.8,  1,  21.7,   0.9, 0.100
2025-10-22 09:08:50,        0,  29.7,   2.1,  25.4, 29.162, 18.847,  0.553,3566570.6,  1,  21.7,   0.9, 0.100
2025-10-22 09:08:51,        0,  35.3,  18.9,  25.4, 30.717, 19.934,  0.646,3581689.5,  1,  21.7,   0.9, 0.100
2025-10-22 09:08:52,        0,  32.5,  10.4,  25.3, 30.742, 19.835,  0.612,3599871.5,  1,  21.7,   1.0, 0.100
2025-10-22 09:08:54,        0,  33.3,  12.8,  25.4, 18.767, 11.592,  0.236,3614793.8,  1,  21.7,   1.0, 0.100
2025-10-22 09:08:54,        0,  33.7,  14.0,  25.4, 18.285, 11.189,  0.207,3627955.1,  1,  21.7,   1.0, 0.100
2025-10-22 09:08:55,        0,  34.2,  15.6,  25.4, 15.908,  9.567,  0.163,3640299.9,  1,  21.7,   1.0, 0.100
2025-10-22 09:08:56,        0,  34.0,  15.1,  25.4, 23.559, 14.717,  0.356,3654761.7,  1,  21.7,   1.0, 0.100
2025-10-22 09:08:58,        0,  33.7,  14.2,  25.4, 16.822, 10.128,  0.175,3670390.1,  1,  21.7,   1.0, 0.100
2025-10-22 09:08:58,        0,  33.4,  13.2,  25.4, 26.644, 16.736,  0.447,3684700.6,  1,  21.7,   1.0, 0.100
2025-10-22 09:08:59,        0,  31.0,   5.9,  25.4, 22.018, 13.583,  0.312,3697782.6,  1,  21.7,   1.0, 0.100
2025-10-22 09:09:00,        0,  31.5,   7.6,  25.4,  5.914,  2.805,  0.019,3702482.3,  1,  21.7,   1.0, 0.100
2025-10-22 09:09:02,        0,  32.8,  11.3,  25.3, 18.545, 11.219,  0.208,3715818.8,  1,  21.7,   1.0, 0.100
2025-10-22 09:09:02,        0,  33.7,  14.0,  25.4, 17.045, 10.183,  0.174,3727291.5,  1,  21.7,   1.0, 0.100
2025-10-22 09:09:03,        0,  33.6,  13.7,  25.4, 25.058, 15.526,  0.391,3741083.1,  1,  21.7,   1.0, 0.100
2025-10-22 09:09:04,        0,  33.9,  14.6,  25.4, 26.031, 16.116,  0.420,3756483.6,  1,  21.7,   1.0, 0.100
2025-10-22 09:09:06,        0,  28.9,   0.0,  25.4, 24.801, 15.253,  0.379,3773527.4,  1,  21.7,   1.0, 0.100
2025-10-22 09:09:06,        0,  32.5,  10.4,  25.4, 14.777,  8.640,  0.155,3780413.1,  1,  21.7,   1.0, 0.100
2025-10-22 09:09:07,        0,  30.6,   4.7,  25.4, 18.872, 11.293,  0.217,3791209.8,  1,  21.7,   1.0, 0.100
2025-10-22 09:09:08,        0,  28.8,   0.0,  25.5, 16.180,  9.495,  0.160,3798389.3,  1,  21.7,   1.0, 0.100
2025-10-22 09:09:09,        0,  32.1,   9.4,  25.4, 12.714,  7.188,  0.092,3803534.2,  1,  21.7,   1.0, 0.100
2025-10-22 09:09:11,        0,  31.5,   7.6,  25.4, 18.505, 10.985,  0.204,3817047.0,  1,  21.7,   1.0, 0.100
2025-10-22 09:09:11,        0,  30.7,   5.2,  25.4,  6.368,  3.040,  0.022,3822546.8,  1,  21.7,   0.9, 0.100
2025-10-22 09:09:12,        0,  30.6,   4.9,  25.4, 18.681, 11.068,  0.208,3831515.0,  1,  21.7,   1.0, 0.100
2025-10-22 09:09:13,        0,  31.4,   7.1,  25.4, 14.652,  8.415,  0.126,3840249.4,  1,  21.7,   0.9, 0.100
2025-10-22 09:09:15,        0,  31.1,   6.3,  25.4, 17.565, 10.297,  0.181,3850853.8,  1,  21.7,   0.9, 0.100
2025-10-22 09:09:15,        0,  30.3,   3.8,  25.4, 17.343, 10.148,  0.179,3859221.8,  1,  21.7,   1.0, 0.100
2025-10-22 09:09:16,        0,  31.4,   7.1,  25.4, 16.314,  9.461,  0.155,3867121.4,  1,  21.7,   0.9, 0.100
2025-10-22 09:09:17,        0,  30.6,   4.7,  25.4, 14.564,  8.305,  0.122,3874778.2,  1,  21.7,   0.9, 0.100
2025-10-22 09:09:18,        0,  30.9,   5.6,  25.4, 15.394,  8.823,  0.138,3882302.7,  1,  21.7,   0.9, 0.100
2025-10-22 09:09:20,        0,  29.1,   0.2,  25.4, 16.218,  9.346,  0.152,3892022.7,  1,  21.7,   0.9, 0.100
2025-10-22 09:09:20,        0,  30.3,   3.8,  25.4, 14.846,  8.437,  0.126,3897680.9,  1,  21.7,   0.9, 0.100
2025-10-22 09:09:21,        0,  30.8,   5.4,  25.4, 10.335,  5.516,  0.058,3903422.1,  1,  21.7,   0.9, 0.100
2025-10-22 09:09:22,        0,  31.1,   6.4,  25.4, 16.295,  9.342,  0.154,3911512.8,  1,  21.7,   1.0, 0.100
2025-10-22 09:09:24,        0,  30.5,   4.5,  25.4, 10.250,  5.453,  0.056,3919093.4,  1,  21.7,   0.9, 0.100
2025-10-22 09:09:24,        0,  31.0,   5.9,  25.4, 11.991,  6.554,  0.079,3925743.6,  1,  21.7,   0.9, 0.100
2025-10-22 09:09:25,        0,  28.9,   0.0,  25.4,  9.634,  5.044,  0.052,3931358.2,  1,  21.7,   0.9, 0.100
2025-10-22 09:09:26,        0,  30.9,   5.7,  25.4,  1.921,  0.204,  0.000,3932039.6,  1,  21.7,   0.9, 0.100
2025-10-22 09:09:28,        0,  30.3,   3.8,  25.4, 11.618,  6.318,  0.074,3939296.3,  1,  21.7,   1.0, 0.100
2025-10-22 09:09:28,        0,  30.9,   5.6,  25.4,  9.098,  4.693,  0.043,3944330.0,  1,  21.7,   1.0, 0.100
2025-10-22 09:09:29,        0,  29.2,   0.6,  25.4, 11.816,  6.431,  0.076,3950673.9,  1,  21.7,   0.9, 0.100
2025-10-22 09:09:30,        0,  29.6,   1.9,  25.4,  3.065,  0.896,  0.005,3952483.5,  1,  21.7,   1.0, 0.100
2025-10-22 09:09:32,        0,  30.7,   5.2,  25.4, 10.913,  5.826,  0.064,3958046.6,  1,  21.7,   1.0, 0.100
2025-10-22 09:09:33,        0,  30.5,   4.5,  25.4,  4.459,  1.726,  0.009,3961462.2,  1,  21.7,   1.0, 0.100
2025-10-22 09:09:33,        0,  29.3,   0.9,  25.4, 11.252,  6.028,  0.068,3967303.1,  1,  21.7,   1.0, 0.100
2025-10-22 09:09:34,        0,  30.7,   5.0,  25.4, 10.550,  5.574,  0.061,3970616.9,  1,  21.7,   1.0, 0.100
2025-10-22 09:09:35,        0,  30.6,   4.9,  25.3,  8.802,  4.459,  0.039,3975480.5,  1,  21.7,   1.0, 0.100
2025-10-22 09:09:37,        0,  28.9,   0.0,  25.4,  9.429,  4.851,  0.046,3981547.8,  1,  21.7,   1.0, 0.100
2025-10-22 09:09:37,        0,  27.9,   0.0,  25.4,  8.768,  4.412,  0.039,3984527.1,  1,  21.7,   0.9, 0.100
2025-10-22 09:09:38,        0,  30.2,   3.5,  25.4,  8.082,  3.984,  0.039,3987807.4,  1,  21.7,   1.0, 0.100
2025-10-22 09:09:40,        0,  29.8,   2.3,  25.4,  6.838,  3.191,  0.024,3991813.5,  1,  21.7,   0.9, 0.100
2025-10-22 09:09:41,        0,  29.8,   2.3,  25.4,  1.851,  0.125,  0.000,3992886.0,  1,  21.7,   0.9, 0.100
2025-10-22 09:09:41,        0,  29.9,   2.6,  25.4,  9.634,  4.950,  0.048,3997296.9,  1,  21.7,   0.9, 0.100
2025-10-22 09:09:42,        0,  30.1,   3.3,  25.4,  8.645,  4.328,  0.037,4001418.7,  1,  21.7,   0.9, 0.100
2025-10-22 09:09:43,        0,  30.3,   3.8,  25.4,  9.360,  4.781,  0.045,4005805.0,  1,  21.7,   0.9, 0.100
2025-10-22 09:09:45,        0,  29.0,   0.0,  25.3,  9.755,  5.034,  0.049,4011592.3,  1,  21.7,   0.9, 0.100
2025-10-22 09:09:45,        0,  30.0,   3.1,  25.4,  2.864,  0.714,  0.002,4013782.9,  1,  21.7,   0.9, 0.100
2025-10-22 09:09:46,        0,  29.6,   1.9,  25.3,  7.190,  3.409,  0.027,4017545.5,  1,  21.7,   0.9, 0.100
2025-10-22 09:09:47,        0,  29.9,   2.6,  25.4,  2.380,  0.402,  0.001,4018514.0,  1,  21.7,   1.0, 0.100
2025-10-22 09:09:49,        0,  30.0,   3.0,  25.4,  6.258,  2.797,  0.020,4021374.8,  1,  21.7,   0.9, 0.100
2025-10-22 09:09:49,        0,  30.0,   3.0,  25.4,  6.794,  3.155,  0.023,4023943.8,  1,  21.7,   1.0, 0.100
2025-10-22 09:09:50,        0,  29.8,   2.3,  25.3,  8.609,  4.318,  0.037,4027750.9,  1,  21.7,   1.0, 0.100
2025-10-22 09:09:51,        0,  29.6,   1.8,  25.4,  4.755,  1.937,  0.016,4029242.0,  1,  21.7,   1.0, 0.100
2025-10-22 09:09:53,        0,  29.8,   2.3,  25.4,  2.428,  0.395,  0.001,4030150.2,  1,  21.7,   1.0, 0.100
2025-10-22 09:09:53,        0,  29.7,   2.1,  25.4,  3.363,  1.201,  0.009,4031079.4,  1,  21.7,   1.0, 0.100
2025-10-22 09:09:54,        0,  30.0,   3.1,  25.3,  2.923,  0.694,  0.003,4033126.6,  1,  21.7,   1.0, 0.100
2025-10-22 09:09:55,        0,  30.2,   3.5,  25.4,  8.556,  4.360,  0.037,4037219.5,  1,  21.7,   1.0, 0.100
2025-10-22 09:09:57,        0,  29.3,   0.9,  25.4,  6.190,  2.818,  0.020,4041685.4,  1,  21.7,   1.0, 0.100
2025-10-22 09:09:57,        0,  29.5,   1.4,  25.4,  3.081,  0.801,  0.003,4042400.8,  1,  21.7,   1.0, 0.100
2025-10-22 09:09:58,        0,  29.9,   2.8,  25.3,  1.629,  0.007,  0.000,4042417.1,  1,  21.7,   1.0, 0.100
2025-10-22 09:09:59,        0,  29.8,   2.3,  25.4,  8.302,  4.310,  0.036,4045889.8,  1,  21.7,   1.0, 0.100
2025-10-22 09:10:01,        0,  29.6,   1.8,  25.4,  1.990,  0.126,  0.000,4046623.2,  1,  21.7,   1.0, 0.100
2025-10-22 09:10:01,        0,  29.6,   1.8,  25.4,  1.635,  0.011,  0.000,4046636.2,  1,  21.7,   1.0, 0.100
2025-10-22 09:10:02,        0,  29.9,   2.6,  25.3,  4.920,  2.418,  0.018,4047718.7,  1,  21.7,   1.0, 0.100
2025-10-22 09:10:03,        0,  29.9,   2.6,  25.3,  8.493,  4.484,  0.038,4051893.3,  1,  21.7,   1.0, 0.100
2025-10-22 09:10:05,        0,  30.0,   3.1,  25.4,  2.339,  0.312,  0.001,4054033.6,  1,  21.7,   1.0, 0.100
2025-10-22 09:10:06,        0,  29.8,   2.5,  25.3,  4.037,  1.420,  0.007,4056000.8,  1,  21.7,   1.0, 0.100
2025-10-22 09:10:06,        0,  29.5,   1.4,  25.4,  2.199,  0.325,  0.002,4057515.5,  1,  21.7,   1.0, 0.100
2025-10-22 09:10:07,        0,  29.8,   2.3,  25.4,  2.046,  0.142,  0.000,4058136.1,  1,  21.7,   1.0, 0.100
2025-10-22 09:10:08,        0,  29.9,   2.8,  25.3,  1.642,  0.018,  0.000,4058158.8,  1,  21.7,   1.0, 0.100
2025-10-22 09:10:10,        0,  30.0,   3.0,  25.3,  7.815,  4.194,  0.033,4061881.2,  1,  21.7,   1.0, 0.100
2025-10-22 09:10:10,        0,  29.5,   1.6,  25.3,  5.313,  2.371,  0.015,4064386.5,  1,  21.7,   1.0, 0.100
2025-10-22 09:10:11,        0,  29.7,   2.1,  25.4,  1.871,  0.070,  0.000,4064462.4,  1,  21.7,   1.0, 0.100
2025-10-22 09:10:12,        0,  29.8,   2.3,  25.3,  1.496,  0.004,  0.000,4064471.2,  1,  21.7,   1.0, 0.100
2025-10-22 09:10:14,        0,  29.9,   2.8,  25.4,  3.780,  1.584,  0.008,4065267.0,  1,  21.7,   1.0, 0.100
2025-10-22 09:10:14,        0,  29.6,   1.9,  25.4,  3.130,  0.888,  0.003,4067085.9,  1,  21.7,   1.0, 0.100
2025-10-22 09:10:15,        0,  29.7,   2.1,  25.4,  1.700,  0.053,  0.000,4067145.8,  1,  21.7,   1.0, 0.100
2025-10-22 09:10:16,        0,  29.8,   2.3,  25.4,  1.460,  0.005,  0.000,4067149.2,  1,  21.7,   1.0, 0.100
2025-10-22 09:10:18,        0,  30.0,   3.0,  25.4,  3.908,  1.665,  0.008,4067912.0,  1,  21.7,   1.0, 0.100
2025-10-22 09:10:18,        0,  29.4,   1.1,  25.4,  7.512,  4.631,  0.014,4071223.2,  1,  21.7,   1.0, 0.100
2025-10-22 09:10:19,        0,  29.8,   2.3,  25.3,  1.785,  0.084,  0.000,4071385.4,  1,  21.7,   1.0, 0.100
2025-10-22 09:10:20,        0,  29.9,   2.6,  25.3,  1.475,  0.009,  0.000,4071395.9,  1,  21.7,   1.0, 0.100
2025-10-22 09:10:21,        0,  29.8,   2.5,  25.4,  1.356, -0.004,  0.000,4071391.7,  1,  21.7,   1.0, 0.100
2025-10-22 09:10:23,        0,  29.8,   2.3,  25.4,  1.258, -0.010,  0.000,4072654.9,  1,  21.7,   1.0, 0.100
2025-10-22 09:10:23,        0,  29.9,   2.6,  25.4,  7.126,  4.485,  0.032,4075556.2,  1,  21.7,   1.0, 0.100
2025-10-22 09:10:24,        0,  29.9,   2.6,  25.3,  3.082,  0.928,  0.003,4077563.3,  1,  21.7,   1.0, 0.100
2025-10-22 09:10:25,        0,  29.4,   1.2,  25.3,  1.611,  0.046,  0.000,4077618.6,  1,  21.7,   1.0, 0.100
2025-10-22 09:10:27,        0,  29.5,   1.6,  25.3,  1.352, -0.003,  0.000,4077618.2,  1,  21.7,   1.0, 0.100
2025-10-22 09:10:27,        0,  29.7,   2.1,  25.3,  1.282, -0.009,  0.000,4077609.8,  1,  21.7,   1.0, 0.100
2025-10-22 09:10:28,        0,  29.8,   2.3,  25.3,  2.921,  1.348,  0.009,4078399.8,  1,  21.7,   0.9, 0.100
2025-10-22 09:10:29,        0,  29.8,   2.5,  25.3,  1.970,  0.262,  0.001,4079199.0,  1,  21.7,   1.0, 0.100
2025-10-22 09:10:30,        0,  29.9,   2.8,  25.3,  1.432,  0.013,  0.000,4079211.6,  1,  21.7,   0.9, 0.100
2025-10-22 09:10:32,        0,  29.9,   2.6,  25.4,  3.748,  1.639,  0.008,4081396.8,  1,  21.7,   0.9, 0.100
2025-10-22 09:10:32,        0,  29.7,   2.1,  25.4,  1.541,  0.043,  0.000,4081436.2,  1,  21.7,   0.9, 0.100
2025-10-22 09:10:33,        0,  29.8,   2.5,  25.3,  1.311, -0.006,  0.000,4081432.8,  1,  21.7,   0.9, 0.100
2025-10-22 09:10:34,        0,  29.5,   1.6,  25.3,  4.926,  2.853,  0.017,4082757.1,  1,  21.7,   0.9, 0.100
2025-10-22 09:10:36,        0,  29.5,   1.6,  25.3,  1.443,  0.017,  0.000,4082837.6,  1,  21.7,   0.9, 0.100
2025-10-22 09:10:36,        0,  29.8,   2.5,  25.4,  1.315, -0.005,  0.000,4083601.2,  1,  21.7,   0.9, 0.100
2025-10-22 09:10:37,        0,  29.7,   2.1,  25.4,  3.304,  1.350,  0.005,4084827.5,  1,  21.7,   0.9, 0.100
2025-10-22 09:10:38,        0,  29.7,   2.1,  25.4,  1.393,  0.008,  0.000,4084845.1,  1,  21.7,   1.0, 0.100
2025-10-22 09:10:40,        0,  29.9,   2.6,  25.4,  6.599,  4.344,  0.029,4087073.0,  1,  21.7,   1.0, 0.100
2025-10-22 09:10:41,        0,  29.3,   0.9,  25.4,  2.952,  1.037,  0.004,4089098.1,  1,  21.7,   0.9, 0.100
2025-10-22 09:10:41,        0,  29.4,   1.2,  25.4,  1.494,  0.031,  0.000,4089133.7,  1,  21.7,   0.9, 0.100
2025-10-22 09:10:42,        0,  29.6,   1.9,  25.3,  1.298, -0.007,  0.000,4089130.3,  1,  21.7,   0.9, 0.100
2025-10-22 09:10:43,        0,  29.8,   2.3,  25.3,  1.242, -0.010,  0.000,4089120.7,  1,  21.7,   0.9, 0.100
2025-10-22 09:10:45,        0,  29.8,   2.3,  25.4,  1.181, -0.011,  0.000,4089108.1,  1,  21.7,   0.9, 0.100
2025-10-22 09:10:45,        0,  29.6,   1.9,  25.3,  1.146, -0.011,  0.000,4089097.6,  1,  21.7,   0.9, 0.100
2025-10-22 09:10:46,        0,  29.7,   2.0,  25.3,  1.115, -0.012,  0.000,4089085.9,  1,  21.7,   0.9, 0.100
2025-10-22 09:10:47,        0,  29.9,   2.6,  25.4,  1.074, -0.012,  0.000,4089075.0,  1,  21.7,   1.0, 0.100
2025-10-22 09:10:49,        0,  29.8,   2.5,  25.4,  6.373,  4.273,  0.027,4091361.2,  1,  21.7,   1.0, 0.100
2025-10-22 09:10:49,        0,  29.5,   1.6,  25.4,  1.469,  0.027,  0.000,4091438.7,  1,  21.7,   1.0, 0.100
2025-10-22 09:10:50,        0,  29.7,   2.1,  25.4,  1.319, -0.004,  0.000,4091437.0,  1,  21.7,   1.0, 0.100
2025-10-22 09:10:51,        0,  29.9,   2.6,  25.3,  1.249, -0.009,  0.000,4092193.5,  1,  21.7,   1.0, 0.100
2025-10-22 09:10:52,        0,  29.6,   1.8,  25.3,  3.488,  1.696,  0.009,4093103.3,  1,  21.7,   1.0, 0.100
2025-10-22 09:10:54,        0,  29.8,   2.3,  25.3,  1.567,  0.066,  0.000,4093256.3,  1,  21.7,   1.0, 0.100
2025-10-22 09:10:54,        0,  29.8,   2.3,  25.3,  1.295, -0.006,  0.000,4093266.4,  1,  21.7,   1.0, 0.100
2025-10-22 09:10:55,        0,  29.8,   2.3,  25.4,  1.312, -0.000,  0.000,4093278.1,  1,  21.7,   1.0, 0.100
2025-10-22 09:10:56,        0,  29.9,   2.8,  25.4,  2.540,  1.077,  0.006,4094128.0,  1,  21.7,   1.0, 0.100
2025-10-22 09:10:58,        0,  29.6,   1.8,  25.3,  5.479,  3.404,  0.020,4097678.6,  1,  21.7,   1.0, 0.100
2025-10-22 09:10:58,        0,  29.2,   0.7,  25.4,  1.426,  0.017,  0.000,4097736.9,  1,  21.7,   1.0, 0.100
2025-10-22 09:10:59,        0,  29.6,   1.7,  25.3,  1.304, -0.005,  0.000,4097733.9,  1,  21.7,   1.0, 0.100
2025-10-22 09:11:00,        0,  29.6,   1.9,  25.4,  1.243, -0.010,  0.000,4097724.7,  1,  21.7,   1.0, 0.100
2025-10-22 09:11:02,        0,  29.6,   1.8,  25.3,  1.179, -0.011,  0.000,4097712.1,  1,  21.7,   1.0, 0.100
2025-10-22 09:11:02,        0,  29.7,   2.1,  25.4,  1.143, -0.011,  0.000,4097701.7,  1,  21.7,   1.0, 0.100
2025-10-22 09:11:03,        0,  29.8,   2.3,  25.3,  1.096, -0.011,  0.000,4097689.9,  1,  21.7,   1.0, 0.100
2025-10-22 09:11:04,        0,  29.6,   1.9,  25.3,  1.067, -0.011,  0.000,4097679.4,  1,  21.7,   1.0, 0.100
2025-10-22 09:11:05,        0,  29.8,   2.3,  25.3,  1.042, -0.012,  0.000,4097668.1,  1,  21.7,   1.0, 0.100
2025-10-22 09:11:07,        0,  29.8,   2.5,  25.4,  1.011, -0.012,  0.000,4097653.9,  1,  21.7,   1.0, 0.100
2025-10-22 09:11:07,        0,  29.7,   2.1,  25.3,  0.992, -0.012,  0.000,4097642.1,  1,  21.7,   1.0, 0.100
2025-10-22 09:11:08,        0,  29.8,   2.3,  25.3,  0.968, -0.012,  0.000,4097630.0,  1,  21.7,   1.0, 0.100
2025-10-22 09:11:09,        0,  29.9,   2.8,  25.4,  0.952, -0.011,  0.000,4097619.1,  1,  21.7,   1.0, 0.100
2025-10-22 09:11:11,        0,  29.8,   2.3,  25.4,  4.738,  2.765,  0.015,4101034.7,  1,  21.7,   1.0, 0.100
2025-10-22 09:11:11,        0,  29.5,   1.6,  25.4,  1.528,  0.052,  0.000,4101121.5,  1,  21.7,   1.0, 0.100
2025-10-22 09:11:12,        0,  29.6,   1.8,  25.3,  1.329, -0.001,  0.000,4101119.8,  1,  21.7,   1.0, 0.100
2025-10-22 09:11:13,        0,  29.5,   1.6,  25.3,  1.226, -0.010,  0.000,4101111.0,  1,  21.7,   1.0, 0.100
2025-10-22 09:11:15,        0,  29.5,   1.4,  25.3,  1.161, -0.010,  0.000,4101098.4,  1,  21.7,   1.0, 0.100
2025-10-22 09:11:15,        0,  29.6,   1.8,  25.3,  1.124, -0.011,  0.000,4101087.5,  1,  21.7,   1.0, 0.100
2025-10-22 09:11:16,        0,  29.7,   2.1,  25.3,  1.091, -0.011,  0.000,4101077.0,  1,  21.7,   1.0, 0.100
2025-10-22 09:11:17,        0,  29.8,   2.3,  25.3,  1.061, -0.011,  0.000,4101066.2,  1,  21.7,   1.0, 0.100
2025-10-22 09:11:18,        0,  29.7,   2.1,  25.3,  1.023, -0.012,  0.000,4101055.3,  1,  21.7,   1.0, 0.100
2025-10-22 09:11:20,        0,  29.8,   2.3,  25.3,  0.991, -0.012,  0.000,4101041.8,  1,  21.7,   1.0, 0.100
2025-10-22 09:11:20,        0,  29.8,   2.3,  25.3,  0.972, -0.012,  0.000,4101030.9,  1,  21.7,   1.0, 0.100
2025-10-22 09:11:21,        0,  29.8,   2.3,  25.3,  0.954, -0.012,  0.000,4101019.2,  1,  21.7,   1.0, 0.100
2025-10-22 09:11:23,        0,  29.8,   2.3,  25.3,  0.930, -0.011,  0.000,4101006.2,  1,  21.7,   1.0, 0.100
2025-10-22 09:11:24,        0,  29.8,   2.3,  25.4,  0.915, -0.011,  0.000,4100994.9,  1,  21.7,   1.0, 0.100
2025-10-22 09:11:24,        0,  29.8,   2.5,  25.4,  1.411,  0.439,  0.003,4101394.7,  1,  21.7,   1.0, 0.100
2025-10-22 09:11:25,        0,  29.7,   2.1,  25.3,  1.753,  0.173,  0.000,4102010.8,  1,  21.7,   1.0, 0.100
2025-10-22 09:11:26,        0,  29.7,   2.1,  25.3,  1.363,  0.005,  0.000,4102017.9,  1,  21.7,   1.0, 0.100
2025-10-22 09:11:28,        0,  29.7,   2.1,  25.3,  1.232, -0.009,  0.000,4102008.7,  1,  21.7,   1.0, 0.100
2025-10-22 09:11:28,        0,  29.8,   2.3,  25.3,  1.181, -0.010,  0.000,4101999.9,  1,  21.7,   1.0, 0.100
2025-10-22 09:11:29,        0,  29.9,   2.6,  25.3,  1.118, -0.010,  0.000,4101989.8,  1,  21.7,   1.0, 0.100
2025-10-22 09:11:30,        0,  29.8,   2.5,  25.3,  6.213,  4.227,  0.027,4104058.1,  1,  21.7,   1.0, 0.100
2025-10-22 09:11:32,        0,  29.5,   1.6,  25.4,  1.446,  0.026,  0.000,4104260.5,  1,  21.7,   1.0, 0.100
2025-10-22 09:11:32,        0,  29.7,   2.1,  25.4,  1.301, -0.003,  0.000,4104258.4,  1,  21.7,   1.0, 0.100
2025-10-22 09:11:33,        0,  29.8,   2.3,  25.3,  1.232, -0.009,  0.000,4104250.4,  1,  21.7,   1.0, 0.100
2025-10-22 09:11:34,        0,  29.8,   2.3,  25.3,  1.162, -0.011,  0.000,4104240.4,  1,  21.7,   1.0, 0.100
2025-10-22 09:11:36,        0,  29.8,   2.5,  25.3,  1.123, -0.011,  0.000,4104227.4,  1,  21.7,   1.0, 0.100
2025-10-22 09:11:36,        0,  29.8,   2.3,  25.3,  1.072, -0.011,  0.000,4104216.9,  1,  21.7,   1.0, 0.100
2025-10-22 09:11:37,        0,  29.8,   2.3,  25.4,  1.043, -0.011,  0.000,4104206.4,  1,  21.7,   1.0, 0.100
2025-10-22 09:11:38,        0,  29.8,   2.3,  25.3,  1.018, -0.012,  0.000,4104195.5,  1,  21.7,   0.9, 0.100
2025-10-22 09:11:40,        0,  29.8,   2.3,  25.3,  0.985, -0.011,  0.000,4104181.7,  1,  21.7,   0.9, 0.100
2025-10-22 09:11:40,        0,  29.8,   2.3,  25.4,  0.965, -0.012,  0.000,4104170.8,  1,  21.7,   1.0, 0.100
2025-10-22 09:11:41,        0,  29.8,   2.3,  25.3,  0.938, -0.011,  0.000,4104159.9,  1,  21.7,   0.9, 0.100
2025-10-22 09:11:42,        0,  29.6,   1.9,  25.3,  0.921, -0.012,  0.000,4104149.0,  1,  21.7,   1.0, 0.100
2025-10-22 09:11:44,        0,  29.8,   2.5,  25.3,  0.898, -0.011,  0.000,4104135.6,  1,  21.7,   1.0, 0.100
2025-10-22 09:11:44,        0,  29.8,   2.5,  25.3,  0.883, -0.011,  0.000,4104124.7,  1,  21.7,   1.0, 0.100
2025-10-22 09:11:45,        0,  29.8,   2.5,  25.4,  0.862, -0.011,  0.000,4104114.2,  1,  21.7,   0.9, 0.100
2025-10-22 09:11:46,        0,  29.8,   2.5,  25.3,  5.711,  3.877,  0.024,4106313.6,  1,  21.7,   0.9, 0.100
2025-10-22 09:11:47,        0,  29.8,   2.3,  25.4,  2.434,  0.690,  0.002,4107640.1,  1,  21.7,   0.9, 0.100
2025-10-22 09:11:49,        0,  29.8,   2.3,  25.4,  1.343,  0.003,  0.000,4107656.8,  1,  21.7,   0.9, 0.100
2025-10-22 09:11:49,        0,  29.7,   2.1,  25.3,  1.255, -0.007,  0.000,4107650.1,  1,  21.7,   0.9, 0.100
2025-10-22 09:11:50,        0,  29.6,   1.8,  25.3,  1.178, -0.011,  0.000,4107639.7,  1,  21.7,   0.9, 0.100
2025-10-22 09:11:51,        0,  29.6,   1.9,  25.3,  1.138, -0.011,  0.000,4107629.2,  1,  21.7,   0.9, 0.100
2025-10-22 09:11:53,        0,  29.6,   1.9,  25.3,  1.084, -0.011,  0.000,4107617.0,  1,  21.7,   1.0, 0.100
2025-10-22 09:11:53,        0,  29.6,   1.8,  25.3,  1.053, -0.011,  0.000,4107606.1,  1,  21.7,   0.9, 0.100
2025-10-22 09:11:54,        0,  29.6,   1.8,  25.3,  1.025, -0.011,  0.000,4107595.2,  1,  21.7,   0.9, 0.100
2025-10-22 09:11:55,        0,  29.7,   2.1,  25.3,  0.989, -0.011,  0.000,4107584.3,  1,  21.7,   1.0, 0.100
2025-10-22 09:11:56,        0,  29.7,   2.1,  25.3,  0.967, -0.011,  0.000,4107573.0,  1,  21.7,   1.0, 0.100
2025-10-22 09:11:58,        0,  29.7,   2.1,  25.3,  0.938, -0.011,  0.000,4107560.0,  1,  21.7,   1.0, 0.100
2025-10-22 09:11:58,        0,  29.7,   2.1,  25.3,  0.920, -0.011,  0.000,4107549.1,  1,  21.7,   1.0, 0.100
2025-10-22 09:11:59,        0,  29.8,   2.3,  25.3,  0.903, -0.011,  0.000,4107538.7,  1,  21.7,   1.0, 0.100
2025-10-22 09:12:00,        0,  29.7,   2.1,  25.3,  0.880, -0.011,  0.000,4107528.2,  1,  21.7,   1.0, 0.100
2025-10-22 09:12:02,        0,  29.7,   2.1,  25.3,  0.858, -0.011,  0.000,4107515.6,  1,  21.7,   1.0, 0.100
2025-10-22 09:12:02,        0,  29.7,   2.1,  25.3,  0.844, -0.011,  0.000,4107505.1,  1,  21.7,   1.0, 0.100
2025-10-22 09:12:03,        0,  29.7,   2.1,  25.3,  0.831, -0.011,  0.000,4107495.5,  1,  21.7,   1.0, 0.100
2025-10-22 09:12:04,        0,  29.7,   2.1,  25.3,  0.818, -0.011,  0.000,4107485.4,  1,  21.7,   1.0, 0.100
2025-10-22 09:12:06,        0,  29.8,   2.3,  25.4,  0.799, -0.010,  0.000,4107472.9,  1,  21.7,   1.0, 0.100
2025-10-22 09:12:06,        0,  29.8,   2.3,  25.3,  0.781, -0.010,  0.000,4107463.2,  1,  21.7,   1.0, 0.100
2025-10-22 09:12:07,        0,  29.8,   2.3,  25.4,  0.770, -0.010,  0.000,4107454.4,  1,  21.7,   1.1, 0.100
2025-10-22 09:12:08,        0,  29.8,   2.3,  25.3,  0.759, -0.010,  0.000,4107444.8,  1,  21.7,   1.1, 0.100
2025-10-22 09:12:09,        0,  29.8,   2.3,  25.3,  0.743, -0.010,  0.000,4107435.1,  1,  21.7,   1.1, 0.100
2025-10-22 09:12:11,        0,  29.8,   2.5,  25.3,  0.733, -0.009,  0.000,4107424.2,  1,  21.7,   1.1, 0.100
2025-10-22 09:12:11,        0,  29.8,   2.3,  25.3,  0.718, -0.009,  0.000,4107415.0,  1,  21.7,   1.1, 0.100
2025-10-22 09:12:12,        0,  29.8,   2.3,  25.3,  0.708, -0.009,  0.000,4107406.2,  1,  21.7,   1.1, 0.100
2025-10-22 09:12:13,        0,  29.8,   2.3,  25.3,  0.698, -0.009,  0.000,4107397.4,  1,  21.7,   1.1, 0.100
2025-10-22 09:12:15,        0,  29.8,   2.3,  25.3,  0.684, -0.009,  0.000,4107386.9,  1,  21.7,   1.1, 0.100
2025-10-22 09:12:15,        0,  29.8,   2.5,  25.3,  0.676, -0.009,  0.000,4107378.6,  1,  21.7,   1.1, 0.100
2025-10-22 09:12:16,        0,  29.8,   2.5,  25.3,  0.662, -0.009,  0.000,4107369.8,  1,  21.7,   1.1, 0.100
2025-10-22 09:12:17,        0,  29.9,   2.6,  25.3,  0.654, -0.009,  0.000,4107361.8,  1,  21.7,   1.1, 0.100
2025-10-22 09:12:18,        0,  29.8,   2.3,  25.3,  0.645, -0.009,  0.000,4107353.4,  1,  21.7,   1.1, 0.100
2025-10-22 09:12:20,        0,  29.7,   2.1,  25.3,  0.633, -0.008,  0.000,4107344.2,  1,  21.7,   1.0, 0.100
2025-10-22 09:12:20,        0,  29.9,   2.6,  25.3,  0.621, -0.008,  0.000,4107336.7,  1,  21.7,   1.0, 0.100
2025-10-22 09:12:21,        0,  29.8,   2.5,  25.3,  0.613, -0.008,  0.000,4107328.7,  1,  21.7,   1.0, 0.100
2025-10-22 09:12:22,        0,  29.9,   2.6,  25.3,  0.605, -0.008,  0.000,4107321.1,  1,  21.7,   1.0, 0.100
2025-10-22 09:12:24,        0,  29.9,   2.6,  25.3,  0.594, -0.008,  0.000,4107312.3,  1,  21.7,   1.0, 0.100
2025-10-22 09:12:24,        0,  29.8,   2.5,  25.3,  0.587, -0.008,  0.000,4107304.4,  1,  21.7,   1.0, 0.100
2025-10-22 09:12:25,        0,  29.8,   2.5,  25.3,  0.577, -0.007,  0.000,4107297.3,  1,  21.7,   1.0, 0.100
2025-10-22 09:12:26,        0,  29.8,   2.5,  25.3,  0.569, -0.007,  0.000,4107290.1,  1,  21.7,   1.0, 0.100
2025-10-22 09:12:28,        0,  29.9,   2.6,  25.3,  0.559, -0.007,  0.000,4107281.8,  1,  21.7,   1.0, 0.100
2025-10-22 09:12:29,        0,  29.8,   2.5,  25.3,  0.552, -0.007,  0.000,4107274.6,  1,  21.7,   1.0, 0.100
2025-10-22 09:12:29,        0,  29.8,   2.3,  25.3,  0.546, -0.007,  0.000,4107331.6,  1,  21.7,   1.0, 0.100
2025-10-22 09:12:30,        0,  29.8,   2.5,  25.3,  0.895, -0.004,  0.000,4107394.5,  1,  21.7,   1.0, 0.100
2025-10-22 09:12:31,        0,  29.8,   2.5,  25.3,  0.860, -0.009,  0.000,4107386.5,  1,  21.7,   1.0, 0.100
2025-10-22 09:12:33,        0,  29.8,   2.3,  25.3,  0.822, -0.009,  0.000,4107376.0,  1,  21.7,   1.0, 0.100
2025-10-22 09:12:33,        0,  29.9,   2.8,  25.3,  0.802, -0.009,  0.000,4107367.7,  1,  21.7,   1.0, 0.100
2025-10-22 09:12:34,        0,  29.8,   2.3,  25.3,  6.348,  4.350,  0.028,4111056.1,  1,  21.7,   1.0, 0.100
2025-10-22 09:12:35,        0,  29.3,   0.9,  25.3,  1.719,  0.142,  0.000,4111859.5,  1,  21.7,   1.0, 0.100
2025-10-22 09:12:37,        0,  29.7,   2.1,  25.3,  1.290,  0.000,  0.000,4111873.8,  1,  21.7,   1.0, 0.100
2025-10-22 09:12:37,        0,  29.6,   1.8,  25.3,  1.209, -0.007,  0.000,4111867.5,  1,  21.7,   1.0, 0.100
2025-10-22 09:12:38,        0,  29.6,   1.8,  25.3,  1.156, -0.009,  0.000,4111858.3,  1,  21.7,   1.0, 0.100
2025-10-22 09:12:39,        0,  29.6,   1.9,  25.3,  1.113, -0.010,  0.000,4111848.6,  1,  21.7,   1.0, 0.100
2025-10-22 09:12:40,        0,  29.6,   1.8,  25.3,  1.055, -0.010,  0.000,4111839.4,  1,  21.7,   1.0, 0.100
2025-10-22 09:12:42,        0,  29.6,   1.8,  25.3,  1.006, -0.010,  0.000,4111827.3,  1,  21.7,   1.0, 0.100
2025-10-22 09:12:42,        0,  29.6,   1.8,  25.3,  0.979, -0.011,  0.000,4111818.0,  1,  21.7,   1.0, 0.100
2025-10-22 09:12:43,        0,  29.6,   1.9,  25.3,  0.953, -0.011,  0.000,4111808.0,  1,  21.7,   1.0, 0.100
2025-10-22 09:12:44,        0,  29.6,   1.9,  25.3,  0.918, -0.010,  0.000,4111797.9,  1,  21.7,   1.0, 0.100
2025-10-22 09:12:46,        0,  29.5,   1.6,  25.3,  0.897, -0.010,  0.000,4111785.8,  1,  21.7,   1.0, 0.100
2025-10-22 09:12:46,        0,  29.6,   1.8,  25.3,  0.868, -0.010,  0.000,4111775.7,  1,  21.7,   1.0, 0.100
2025-10-22 09:12:47,        0,  29.5,   1.6,  25.3,  0.850, -0.010,  0.000,4111766.5,  1,  21.7,   1.0, 0.100
2025-10-22 09:12:48,        0,  29.6,   1.8,  25.3,  0.833, -0.010,  0.000,4111756.9,  1,  21.7,   1.0, 0.100
2025-10-22 09:12:50,        0,  29.6,   1.8,  25.3,  0.808, -0.010,  0.000,4111744.7,  1,  21.7,   1.0, 0.100
2025-10-22 09:12:50,        0,  29.6,   1.8,  25.3,  0.793, -0.010,  0.000,4111735.9,  1,  21.7,   1.0, 0.100
2025-10-22 09:12:51,        0,  29.6,   1.9,  25.3,  0.770, -0.010,  0.000,4111726.7,  1,  21.7,   1.0, 0.100
2025-10-22 09:12:52,        0,  29.6,   1.9,  25.3,  0.758, -0.010,  0.000,4111717.9,  1,  21.7,   1.0, 0.100
2025-10-22 09:12:53,        0,  29.6,   1.8,  25.3,  0.744, -0.009,  0.000,4111709.1,  1,  21.7,   1.0, 0.100
2025-10-22 09:12:55,        0,  29.6,   1.8,  25.3,  0.724, -0.009,  0.000,4111698.6,  1,  21.7,   1.0, 0.100
2025-10-22 09:12:55,        0,  29.6,   1.9,  25.3,  0.712, -0.009,  0.000,4111690.2,  1,  21.7,   1.0, 0.100
2025-10-22 09:12:56,        0,  29.6,   1.9,  25.3,  0.695, -0.008,  0.000,4111681.4,  1,  21.7,   1.0, 0.100
2025-10-22 09:12:57,        0,  29.6,   1.8,  25.3,  0.683, -0.009,  0.000,4111673.5,  1,  21.7,   1.0, 0.100
2025-10-22 09:12:59,        0,  29.6,   1.8,  25.3,  0.667, -0.009,  0.000,4111663.4,  1,  21.7,   1.0, 0.100
2025-10-22 09:12:59,        0,  29.6,   1.9,  25.3,  0.656, -0.008,  0.000,4111655.8,  1,  21.7,   1.0, 0.100
2025-10-22 09:13:00,        0,  29.6,   1.9,  25.3,  0.641, -0.008,  0.000,4111647.5,  1,  21.7,   1.0, 0.100
2025-10-22 09:13:01,        0,  29.6,   1.8,  25.3,  0.631, -0.008,  0.000,4111639.9,  1,  21.7,   1.0, 0.100
2025-10-22 09:13:02,        0,  29.6,   1.8,  25.3,  0.621, -0.008,  0.000,4111632.8,  1,  21.7,   1.0, 0.100
2025-10-22 09:13:04,        0,  29.6,   1.9,  25.3,  0.607, -0.007,  0.000,4111624.4,  1,  21.7,   1.0, 0.100
2025-10-22 09:13:04,        0,  29.7,   2.0,  25.3,  0.598, -0.007,  0.000,4111616.5,  1,  21.7,   1.0, 0.100
2025-10-22 09:13:05,        0,  29.6,   1.9,  25.3,  0.585, -0.007,  0.000,4111609.3,  1,  21.7,   1.0, 0.100
2025-10-22 09:13:06,        0,  29.6,   1.9,  25.3,  0.576, -0.007,  0.000,4111602.2,  1,  21.7,   1.0, 0.100
2025-10-22 09:13:08,        0,  29.6,   1.9,  25.3,  0.564, -0.007,  0.000,4111593.8,  1,  21.7,   1.0, 0.100
2025-10-22 09:13:08,        0,  29.7,   2.1,  25.3,  0.556, -0.007,  0.000,4111587.1,  1,  21.7,   1.0, 0.100
2025-10-22 09:13:09,        0,  29.7,   2.1,  25.3,  0.548, -0.007,  0.000,4111580.4,  1,  21.7,   1.0, 0.100
2025-10-22 09:13:10,        0,  29.6,   1.9,  25.3,  0.536, -0.007,  0.000,4111573.7,  1,  21.7,   1.0, 0.100
2025-10-22 09:13:12,        0,  29.7,   2.1,  25.3,  0.528, -0.006,  0.000,4111565.7,  1,  21.7,   1.1, 0.100
2025-10-22 09:13:13,        0,  29.7,   2.1,  25.3,  0.518, -0.007,  0.000,4111559.5,  1,  21.7,   1.0, 0.100
2025-10-22 09:13:13,        0,  29.6,   1.8,  25.3,  0.511, -0.006,  0.000,4111553.2,  1,  21.7,   1.0, 0.100
2025-10-22 09:13:14,        0,  29.7,   2.1,  25.3,  0.503, -0.006,  0.000,4111546.9,  1,  21.7,   1.0, 0.100
2025-10-22 09:13:15,        0,  29.7,   2.1,  25.3,  0.493, -0.006,  0.000,4111540.6,  1,  21.7,   1.0, 0.100
2025-10-22 09:13:17,        0,  29.6,   1.8,  25.3,  0.488, -0.006,  0.000,4111533.5,  1,  21.7,   1.0, 0.100
2025-10-22 09:13:17,        0,  29.6,   1.9,  25.3,  0.476, -0.006,  0.000,4111527.6,  1,  21.7,   1.0, 0.100
2025-10-22 09:13:18,        0,  29.7,   2.1,  25.3,  0.471, -0.006,  0.000,4111521.7,  1,  21.7,   1.0, 0.100
2025-10-22 09:13:20,        0,  29.7,   2.1,  25.3,  0.462, -0.005,  0.000,4111515.0,  1,  21.7,   1.0, 0.100
2025-10-22 09:13:21,        0,  29.7,   2.1,  25.3,  0.455, -0.005,  0.000,4111509.2,  1,  21.7,   1.0, 0.100
2025-10-22 09:13:21,        0,  29.7,   2.1,  25.3,  0.447, -0.006,  0.000,4111503.7,  1,  21.7,   1.0, 0.100
2025-10-22 09:13:22,        0,  29.7,   2.1,  25.3,  0.440, -0.006,  0.000,4111498.3,  1,  21.7,   1.0, 0.100
2025-10-22 09:13:23,        0,  29.6,   1.9,  25.3,  0.434, -0.005,  0.000,4111493.2,  1,  21.7,   1.0, 0.100
2025-10-22 09:13:25,        0,  29.6,   1.9,  25.3,  0.427, -0.006,  0.000,4111486.5,  1,  21.7,   1.0, 0.100
2025-10-22 09:13:25,        0,  29.7,   2.1,  25.3,  0.422, -0.005,  0.000,4111481.5,  1,  21.7,   1.0, 0.100
2025-10-22 09:13:26,        0,  29.6,   1.9,  25.3,  0.414, -0.005,  0.000,4111476.5,  1,  21.7,   1.0, 0.100
2025-10-22 09:13:27,        0,  29.7,   2.1,  25.3,  0.408, -0.005,  0.000,4111471.0,  1,  21.7,   1.0, 0.100
2025-10-22 09:13:29,        0,  29.7,   2.1,  25.3,  0.400, -0.005,  0.000,4111465.2,  1,  21.7,   1.0, 0.100
2025-10-22 09:13:29,        0,  29.7,   2.1,  25.3,  0.395, -0.005,  0.000,4111460.1,  1,  21.7,   1.0, 0.100
2025-10-22 09:13:30,        0,  29.7,   2.1,  25.3,  0.390, -0.005,8005.878,4111455.5,  1,  21.7,   1.0, 0.100
2025-10-22 09:13:31,        0,  29.7,   2.1,  25.3,  0.383, -0.005,  0.000,4111450.5,  1,  21.7,   1.0, 0.100
2025-10-22 09:13:33,        0,  29.7,   2.1,  25.3,  0.379, -0.005,  0.000,4111445.0,  1,  21.7,   1.0, 0.100
2025-10-22 09:13:33,        0,  29.7,   2.1,  25.3,  0.372, -0.005,  0.000,4111440.0,  1,  21.7,   1.0, 0.100
2025-10-22 09:13:34,        0,  29.8,   2.3,  25.3,  0.367, -0.004,  0.000,4111435.8,  1,  21.7,   1.0, 0.100
2025-10-22 09:13:35,        0,  29.7,   2.1,  25.3,  0.363, -0.005,  0.000,4111431.2,  1,  21.7,   1.0, 0.100
2025-10-22 09:13:37,        0,  29.7,   2.1,  25.3,  0.357, -0.005,  0.000,4111425.8,  1,  21.7,   1.0, 0.100
2025-10-22 09:13:37,        0,  29.8,   2.3,  25.3,  0.353, -0.004,  0.000,4111421.6,  1,  21.7,   1.0, 0.100
2025-10-22 09:13:38,        0,  29.7,   2.1,  25.3,  0.348, -0.005,  0.000,4111417.4,  1,  21.7,   1.0, 0.100
2025-10-22 09:13:39,        0,  29.7,   2.1,  25.3,  0.343, -0.004,  0.000,4111413.2,  1,  21.7,   1.0, 0.100
2025-10-22 09:13:41,        0,  29.8,   2.3,  25.3,  0.338, -0.005,  0.000,4111407.3,  1,  21.7,   1.0, 0.100
2025-10-22 09:13:41,        0,  29.8,   2.3,  25.3,  0.335, -0.005,  0.000,4111403.1,  1,  21.7,   1.0, 0.100
2025-10-22 09:13:42,        0,  29.7,   2.1,  25.3,  0.332, -0.005,  0.000,4111399.4,  1,  21.7,   1.0, 0.100
2025-10-22 09:13:43,        0,  29.8,   2.3,  25.3,  0.328, -0.005,  0.000,4111394.8,  1,  21.7,   1.0, 0.100
2025-10-22 09:13:44,        0,  29.7,   2.1,  25.3,  0.324, -0.004,  0.000,4111391.0,  1,  21.7,   1.0, 0.100
2025-10-22 09:13:46,        0,  29.8,   2.3,  25.3,  0.319, -0.005,  0.000,4111386.0,  1,  21.7,   1.0, 0.100
2025-10-22 09:13:46,        0,  29.7,   2.1,  25.3,  0.316, -0.004,  0.000,4111381.3,  1,  21.7,   1.0, 0.100
2025-10-22 09:13:47,        0,  29.7,   2.1,  25.3,  0.311, -0.004,  0.000,4111378.0,  1,  21.7,   1.0, 0.100
2025-10-22 09:13:48,        0,  29.7,   2.1,  25.3,  0.309, -0.004,  0.000,4111373.8,  1,  21.7,   1.0, 0.100
2025-10-22 09:13:50,        0,  29.8,   2.3,  25.3,  0.304, -0.004,  0.000,4111369.6,  1,  21.7,   1.0, 0.100
2025-10-22 09:13:50,        0,  29.7,   2.1,  25.3,  0.302, -0.003,  0.000,4111365.8,  1,  21.7,   1.0, 0.100
2025-10-22 09:13:51,        0,  29.8,   2.3,  25.3,  0.299, -0.004,  0.000,4111362.5,  1,  21.7,   1.0, 0.100
2025-10-22 09:13:52,        0,  29.8,   2.3,  25.3,  0.294, -0.004,  0.000,4111358.7,  1,  21.7,   1.0, 0.100
2025-10-22 09:13:54,        0,  29.8,   2.3,  25.3,  0.291, -0.003,  0.000,4111354.5,  1,  21.7,   1.0, 0.100
2025-10-22 09:13:54,        0,  29.8,   2.3,  25.3,  0.287, -0.003,  0.000,4111351.2,  1,  21.7,   1.0, 0.100
2025-10-22 09:13:55,        0,  29.7,   2.1,  25.3,  0.284, -0.004,  0.000,4111346.6,  1,  21.7,   1.0, 0.100
2025-10-22 09:13:56,        0,  29.8,   2.3,  25.3,  0.283, -0.003,  0.000,4111344.0,  1,  21.7,   1.0, 0.100
2025-10-22 09:13:58,        0,  29.8,   2.3,  25.3,  0.279, -0.004,  0.000,4111339.4,  1,  21.7,   1.0, 0.100
2025-10-22 09:13:59,        0,  29.7,   2.1,  25.3,  0.277, -0.003,  0.000,4111335.7,  1,  21.7,   1.0, 0.100
2025-10-22 09:13:59,        0,  29.8,   2.3,  25.3,  0.274, -0.003,  0.000,4111332.3,  1,  21.7,   1.0, 0.100
2025-10-22 09:14:00,        0,  29.7,   2.1,  25.3,  0.272, -0.004,  0.000,4111328.5,  1,  21.7,   1.0, 0.100
2025-10-22 09:14:01,        0,  29.7,   2.1,  25.3,  0.271, -0.003,  0.000,4111325.2,  1,  21.7,   1.0, 0.100
2025-10-22 09:14:03,        0,  29.8,   2.3,  25.3,  0.268, -0.003,  0.000,4111321.4,  1,  21.7,   1.0, 0.100
2025-10-22 09:14:03,        0,  29.8,   2.3,  25.3,  0.266, -0.004,  0.000,4111318.1,  1,  21.7,   1.0, 0.100
2025-10-22 09:14:04,        0,  29.8,   2.3,  25.3,  0.264, -0.003,  0.000,4111315.1,  1,  21.7,   1.0, 0.100
2025-10-22 09:14:05,        0,  29.6,   1.9,  25.3,  0.262, -0.003,  0.000,4111311.4,  1,  21.7,   1.0, 0.100
2025-10-22 09:14:07,        0,  29.7,   2.1,  25.3,  0.259, -0.003,  0.000,4111307.6,  1,  21.7,   1.0, 0.100
2025-10-22 09:14:07,        0,  29.8,   2.3,  25.3,  0.257, -0.003,  0.000,4111304.2,  1,  21.7,   0.9, 0.100
2025-10-22 09:14:08,        0,  29.8,   2.5,  25.3,  0.254, -0.003,  0.000,4111301.3,  1,  21.7,   1.0, 0.100
2025-10-22 09:14:09,        0,  29.8,   2.3,  25.3,  0.253, -0.004,  0.000,4111297.9,  1,  21.7,   0.9, 0.100
2025-10-22 09:14:11,        0,  29.8,   2.3,  25.3,  0.250, -0.003,  0.000,4111293.7,  1,  21.7,   1.0, 0.100
2025-10-22 09:14:12,        0,  29.8,   2.3,  25.3,  0.249, -0.003,  0.000,4111290.8,  1,  21.7,   0.9, 0.100
2025-10-22 09:14:12,        0,  29.7,   2.1,  25.3,  0.247, -0.003,  0.000,4111287.5,  1,  21.7,   0.9, 0.100
2025-10-22 09:14:13,        0,  29.8,   2.3,  25.3,  0.244, -0.003,  0.000,4111284.1,  1,  21.7,   1.0, 0.100
2025-10-22 09:14:14,        0,  29.7,   2.1,  25.3,  0.243, -0.003,  0.000,4111281.6,  1,  21.7,   1.0, 0.100
2025-10-22 09:14:16,        0,  29.8,   2.3,  25.3,  0.241, -0.003,  0.000,4111277.0,  1,  21.7,   1.0, 0.100
2025-10-22 09:14:16,        0,  29.8,   2.3,  25.3,  0.240, -0.003,  0.000,4111273.6,  1,  21.7,   1.0, 0.100
2025-10-22 09:14:17,        0,  29.8,   2.3,  25.3,  0.238, -0.003,  0.000,4111270.7,  1,  21.7,   1.0, 0.100
2025-10-22 09:14:18,        0,  29.8,   2.3,  25.3,  0.237, -0.003,  0.000,4111267.8,  1,  21.7,   1.0, 0.100
2025-10-22 09:14:20,        0,  29.8,   2.3,  25.3,  0.235, -0.004,  0.000,4111263.6,  1,  21.7,   1.0, 0.100
2025-10-22 09:14:20,        0,  29.7,   2.1,  25.3,  0.235, -0.003,  0.000,4111260.2,  1,  21.7,   1.0, 0.100
2025-10-22 09:14:21,        0,  29.8,   2.3,  25.3,  0.233, -0.003,  0.000,4111258.1,  1,  21.7,   1.0, 0.100
2025-10-22 09:14:22,        0,  29.8,   2.3,  25.3,  0.231, -0.003,  0.000,4111254.8,  1,  21.7,   0.9, 0.100
2025-10-22 09:14:24,        0,  29.8,   2.3,  25.3,  0.230, -0.003,  0.000,4111251.0,  1,  21.7,   0.9, 0.100
2025-10-22 09:14:24,        0,  29.8,   2.3,  25.3,  0.229, -0.003,  0.000,4111248.1,  1,  21.7,   1.0, 0.100
2025-10-22 09:14:25,        0,  29.6,   1.9,  25.3,  0.228, -0.003,  0.000,4111245.1,  1,  21.7,   1.0, 0.100
2025-10-22 09:14:26,        0,  29.8,   2.3,  25.3,  0.228, -0.003,  0.000,4111242.2,  1,  21.7,   0.9, 0.100
2025-10-22 09:14:27,        0,  29.8,   2.3,  25.3,  0.227, -0.003,  0.000,4111239.3,  1,  21.7,   1.0, 0.100
2025-10-22 09:14:29,        0,  29.7,   2.1,  25.3,  0.225, -0.003,  0.000,4111235.5,  1,  21.7,   0.9, 0.100
2025-10-22 09:14:29,        0,  29.8,   2.3,  25.3,  0.223, -0.003,  0.000,4111232.6,  1,  21.7,   1.0, 0.100
2025-10-22 09:14:30,        0,  29.8,   2.3,  25.3,  0.223, -0.003,  0.000,4111230.0,  1,  21.7,   1.0, 0.100
2025-10-22 09:14:31,        0,  29.8,   2.3,  25.3,  0.222, -0.003,  0.000,4111227.1,  1,  21.7,   1.0, 0.100
2025-10-22 09:14:33,        0,  29.8,   2.5,  25.3,  0.220, -0.003,  0.000,4111223.8,  1,  21.7,   1.0, 0.100
2025-10-22 09:14:33,        0,  29.8,   2.5,  25.3,  0.219, -0.003,  0.000,4111220.8,  1,  21.7,   1.0, 0.100
2025-10-22 09:14:34,        0,  29.8,   2.3,  25.3,  0.220, -0.003,  0.000,4111217.9,  1,  21.7,   1.0, 0.100
2025-10-22 09:14:35,        0,  29.8,   2.3,  25.3,  0.218, -0.003,  0.000,4111215.0,  1,  21.7,   1.0, 0.100
2025-10-22 09:14:37,        0,  29.8,   2.3,  25.3,  0.217, -0.003,  0.000,4111211.6,  1,  21.7,   1.0, 0.100
2025-10-22 09:14:37,        0,  29.8,   2.5,  25.3,  0.216, -0.003,  0.000,4111208.3,  1,  21.7,   1.0, 0.100
2025-10-22 09:14:38,        0,  29.8,   2.3,  25.3,  0.216, -0.003,  0.000,4111206.2,  1,  21.7,   1.0, 0.100
2025-10-22 09:14:39,        0,  29.8,   2.5,  25.3,  0.214, -0.003,  0.000,4111203.2,  1,  21.7,   1.0, 0.100
2025-10-22 09:14:40,        0,  29.8,   2.3,  25.3,  0.213, -0.003,  0.000,4111200.7,  1,  21.7,   1.0, 0.100
2025-10-22 09:14:42,        0,  29.8,   2.5,  25.3,  0.212, -0.003,  0.000,4111196.9,  1,  21.7,   1.0, 0.100
2025-10-22 09:14:42,        0,  29.8,   2.5,  25.3,  0.212, -0.003,  0.000,4111194.0,  1,  21.7,   1.0, 0.100
2025-10-22 09:14:43,        0,  29.7,   2.1,  25.3,  0.211, -0.003,  0.000,4111191.1,  1,  21.7,   1.0, 0.100
2025-10-22 09:14:44,        0,  29.8,   2.5,  25.3,  0.209, -0.002,  0.000,4111189.0,  1,  21.7,   1.0, 0.100
2025-10-22 09:14:46,        0,  29.8,   2.5,  25.3,  0.208, -0.003,  0.000,4111185.6,  1,  21.7,   1.0, 0.100
2025-10-22 09:14:46,        0,  29.8,   2.3,  25.3,  0.206, -0.003,  0.000,4111183.1,  1,  21.7,   1.0, 0.100
2025-10-22 09:14:47,        0,  29.8,   2.3,  25.3,  0.206, -0.003,  0.000,4111180.6,  1,  21.7,   1.0, 0.100
