Time, Cnts,  %T, set_Cell[mA], Cell[°C], Cell[Volt], Cell[mA], Cell[W], Cell[uAs], Cell_ON, Env[°C], TEC[°C], N2Flow[slpm]
2025-10-08 14:12:58,        0,  29.5,   1.6,  23.0,  0.000,  0.001,  0.000,      0.3,  1,  21.5,   1.1, 0.100
2025-10-08 14:12:59,        0,  29.5,   1.6,  23.0,  0.000,  0.000,  0.000,      0.6,  1,  21.5,   1.1, 0.100
2025-10-08 14:13:00,        0,  29.6,   1.8,  23.1,  0.000,  0.000,  0.000,      1.1,  1,  21.5,   1.2, 0.100
2025-10-08 14:13:01,        0,  29.6,   1.8,  23.1,  0.000,  0.001,  0.000,      1.7,  1,  21.5,   1.1, 0.099
2025-10-08 14:13:02,        0,  29.6,   1.8,  23.1,  0.000,  0.001,  0.000,      2.3,  1,  21.5,   1.2, 0.099
2025-10-08 14:13:03,        0,  29.5,   1.5,  23.1,  0.000,  0.001,  0.000,      3.1,  1,  21.6,   1.1, 0.099
2025-10-08 14:13:04,        0,  29.6,   1.8,  23.1,  0.000,  0.000,  0.000,      3.7,  1,  21.5,   1.1, 0.099
2025-10-08 14:13:05,        0,  29.6,   1.8,  23.1,  0.000,  0.000,  0.000,      4.0,  1,  21.5,   1.1, 0.099
2025-10-08 14:13:06,        0,  29.6,   1.8,  23.0,  0.000,  0.000,  0.000,      4.6,  1,  21.6,   1.1, 0.099
2025-10-08 14:13:07,        0,  29.6,   1.8,  23.1,  0.000,  0.000,  0.000,      4.6,  1,  21.5,   1.0, 0.100
2025-10-08 14:13:08,        0,  29.6,   1.8,  23.0,  0.000,  0.000,  0.000,      5.1,  1,  21.5,   1.0, 0.100
2025-10-08 14:13:09,        0,  29.5,   1.6,  23.1,  0.000,  0.001,  0.000,      5.7,  1,  21.5,   1.0, 0.100
2025-10-08 14:13:10,        0,  29.6,   1.8,  23.0,  0.000,  0.000,  0.000,      5.7,  1,  21.5,   1.0, 0.100
2025-10-08 14:13:11,        0,  29.6,   1.8,  23.0,  0.000,  0.001,  0.000,      6.6,  1,  21.5,   1.0, 0.100
2025-10-08 14:13:12,        0,  29.5,   1.6,  23.0,  0.000,  0.001,  0.000,      7.2,  1,  21.5,   1.0, 0.100
2025-10-08 14:13:13,        0,  29.6,   1.8,  23.0,  0.000,  0.001,  0.000,      7.7,  1,  21.5,   1.0, 0.100
2025-10-08 14:13:14,        0,  29.6,   1.8,  23.0,  0.000,  0.000,  0.000,      7.7,  1,  21.5,   1.0, 0.100
2025-10-08 14:13:15,        0,  29.7,   2.0,  23.0,  0.000,  0.000,  0.000,      8.6,  1,  21.6,   0.9, 0.100
2025-10-08 14:13:16,        0,  29.7,   2.0,  23.0,  0.000,  0.000,  0.000,      8.9,  1,  21.6,   1.0, 0.100
2025-10-08 14:13:17,        0,  29.7,   2.2,  23.1,  0.000,  0.001,  0.000,      9.4,  1,  21.6,   1.0, 0.100
2025-10-08 14:13:18,        0,  29.8,   2.3,  23.1,  0.000,  0.001,  0.000,      9.7,  1,  21.6,   0.9, 0.100
2025-10-08 14:13:19,        0,  29.8,   2.5,  23.0,  0.000,  0.000,  0.000,     10.6,  1,  21.5,   0.9, 0.100
2025-10-08 14:13:20,        0,  29.8,   2.5,  23.0,  0.000,  0.001,  0.000,     11.2,  1,  21.5,   0.9, 0.101
2025-10-08 14:13:21,        0,  29.8,   2.5,  23.0,  0.000,  0.001,  0.000,     11.7,  1,  21.5,   0.9, 0.102
2025-10-08 14:13:22,        0,  30.0,   2.9,  23.0,  4.900,  4.324,  0.021,   2034.5,  1,  21.6,   1.0, 0.100
2025-10-08 14:13:23,        0,  29.9,   2.7,  23.0,  5.058,  4.431,  0.022,   7181.7,  1,  21.5,   0.9, 0.095
2025-10-08 14:13:24,        0,  28.9,   0.0,  23.0,  3.729,  2.795,  0.012,  10437.0,  1,  21.5,   0.9, 0.097
2025-10-08 14:13:25,        0,  29.6,   1.8,  23.0,  3.660,  2.736,  0.012,  11698.2,  1,  21.5,   0.9, 0.098
2025-10-08 14:13:26,        0,  29.7,   2.2,  23.0,  1.227,  0.037,  0.000,  11744.5,  1,  21.5,   0.9, 0.098
2025-10-08 14:13:27,        0,  29.8,   2.3,  22.9,  1.026, -0.002,  0.000,  11743.9,  1,  21.5,   0.9, 0.099
2025-10-08 14:13:28,        0,  29.9,   2.7,  23.0,  0.965, -0.005,  0.000,  11738.8,  1,  21.5,   0.9, 0.099
2025-10-08 14:13:29,        0,  29.9,   2.7,  23.0,  2.458,  1.321,  0.006,  13408.2,  1,  21.5,   0.9, 0.100
2025-10-08 14:13:30,        0,  30.0,   3.0,  23.0,  5.009,  4.387,  0.022,  17583.0,  1,  21.5,   0.9, 0.100
2025-10-08 14:13:31,        0,  30.0,   2.9,  22.9,  4.516,  3.779,  0.018,  22399.5,  1,  21.5,   0.9, 0.100
2025-10-08 14:13:32,        0,  30.0,   2.9,  23.0,  2.283,  1.060,  0.003,  24882.3,  1,  21.4,   0.9, 0.100
2025-10-08 14:13:33,        0,  29.4,   1.3,  23.0,  5.000,  4.379,  0.022,  28416.5,  1,  21.5,   1.0, 0.100
2025-10-08 14:13:34,        0,  29.5,   1.5,  22.9,  1.206,  0.027,  0.000,  28513.5,  1,  21.5,   1.0, 0.100
2025-10-08 14:13:35,        0,  29.7,   2.0,  22.9,  1.069,  0.001,  0.000,  28514.7,  1,  21.5,   1.0, 0.100
2025-10-08 14:13:36,        0,  29.7,   2.2,  22.9,  0.975, -0.006,  0.000,  28509.5,  1,  21.5,   0.9, 0.100
2025-10-08 14:13:37,        0,  29.6,   1.8,  22.9,  0.933, -0.007,  0.000,  28502.7,  1,  21.5,   0.9, 0.100
2025-10-08 14:13:38,        0,  29.8,   2.3,  23.0,  0.898, -0.007,  0.000,  28495.5,  1,  21.6,   1.0, 0.111
2025-10-08 14:13:39,        0,  29.8,   2.3,  23.0,  4.060,  3.406,  0.017,  31117.6,  1,  21.5,   1.0, 0.109
2025-10-08 14:13:40,        0,  30.0,   2.9,  23.0,  3.203,  2.300,  0.012,  32400.5,  1,  21.5,   1.0, 0.102
2025-10-08 14:13:41,        0,  29.8,   2.5,  22.9,  4.993,  4.375,  0.022,  36547.0,  1,  21.5,   0.9, 0.101
2025-10-08 14:13:42,        0,  29.8,   2.5,  23.0,  4.991,  4.373,  0.022,  40706.4,  1,  21.5,   0.9, 0.100
2025-10-08 14:13:43,        0,  29.4,   1.3,  23.0,  1.432,  0.150,  0.000,  42442.7,  1,  21.5,   0.9, 0.100
2025-10-08 14:13:44,        0,  29.7,   2.0,  23.0,  1.129,  0.007,  0.000,  42450.7,  1,  21.5,   0.9, 0.100
2025-10-08 14:13:45,        0,  29.3,   0.8,  23.0,  1.006, -0.005,  0.000,  42447.6,  1,  21.5,   0.9, 0.100
2025-10-08 14:13:46,        0,  28.8,   0.0,  23.0,  0.958, -0.007,  0.000,  42441.6,  1,  21.5,   0.9, 0.100
2025-10-08 14:13:47,        0,  29.5,   1.6,  22.9,  0.919, -0.007,  0.000,  42434.4,  1,  21.5,   0.9, 0.100
2025-10-08 14:13:48,        0,  29.5,   1.5,  22.9,  0.871, -0.008,  0.000,  42425.3,  1,  21.5,   0.9, 0.100
2025-10-08 14:13:49,        0,  29.8,   2.5,  23.0,  0.843, -0.008,  0.000,  42417.5,  1,  21.5,   0.9, 0.100
2025-10-08 14:13:50,        0,  29.8,   2.3,  23.0,  0.804, -0.008,  0.000,  42409.8,  1,  21.5,   0.9, 0.100
2025-10-08 14:13:51,        0,  29.9,   2.7,  23.0,  0.781, -0.008,  0.000,  42402.1,  1,  21.5,   0.9, 0.100
2025-10-08 14:13:52,        0,  29.8,   2.5,  23.0,  4.995,  4.377,  0.022,  46382.0,  1,  21.5,   0.9, 0.100
2025-10-08 14:13:53,        0,  30.0,   2.9,  23.0,  4.993,  4.376,  0.022,  50537.7,  1,  21.5,   1.0, 0.100
2025-10-08 14:13:54,        0,  29.7,   2.0,  23.0,  3.267,  2.249,  0.010,  53819.8,  1,  21.5,   1.0, 0.100
2025-10-08 14:13:55,        0,  29.7,   2.2,  23.0,  1.270,  0.051,  0.000,  54314.2,  1,  21.5,   1.0, 0.100
2025-10-08 14:13:56,        0,  29.7,   2.0,  23.0,  1.090,  0.003,  0.000,  54319.7,  1,  21.5,   1.0, 0.100
2025-10-08 14:13:57,        0,  29.6,   1.8,  23.0,  0.987, -0.006,  0.000,  54314.8,  1,  21.5,   1.0, 0.100
2025-10-08 14:13:58,        0,  29.6,   1.8,  23.0,  0.944, -0.007,  0.000,  54307.9,  1,  21.5,   0.9, 0.100
2025-10-08 14:13:59,        0,  29.8,   2.3,  23.0,  0.908, -0.008,  0.000,  54300.2,  1,  21.5,   1.0, 0.100
2025-10-08 14:14:00,        0,  29.8,   2.5,  23.0,  0.862, -0.007,  0.000,  54291.1,  1,  21.5,   1.0, 0.100
2025-10-08 14:14:01,        0,  29.8,   2.5,  22.9,  0.833, -0.008,  0.000,  54283.6,  1,  21.5,   1.0, 0.100
2025-10-08 14:14:02,        0,  29.8,   2.3,  23.0,  0.794, -0.008,  0.000,  54276.2,  1,  21.5,   1.0, 0.100
2025-10-08 14:14:03,        0,  29.9,   2.7,  23.0,  2.799,  2.129,  0.011,  56076.1,  1,  21.5,   1.0, 0.100
2025-10-08 14:14:04,        0,  30.0,   3.0,  23.0,  5.020,  4.411,  0.022,  61192.4,  1,  21.5,   1.0, 0.100
2025-10-08 14:14:05,        0,  30.1,   3.4,  23.0,  5.022,  4.414,  0.022,  65401.6,  1,  21.5,   1.0, 0.100
2025-10-08 14:14:06,        0,  29.7,   2.2,  23.0,  3.551,  2.599,  0.011,  68908.9,  1,  21.5,   1.0, 0.100
2025-10-08 14:14:07,        0,  29.8,   2.3,  23.0,  1.316,  0.078,  0.000,  69536.0,  1,  21.5,   1.0, 0.100
2025-10-08 14:14:08,        0,  29.6,   1.8,  23.0,  1.055, -0.001,  0.000,  69541.7,  1,  21.5,   1.0, 0.100
2025-10-08 14:14:09,        0,  29.5,   1.6,  23.0,  0.994, -0.005,  0.000,  69537.2,  1,  21.6,   1.0, 0.100
2025-10-08 14:14:10,        0,  29.4,   1.1,  23.0,  0.949, -0.007,  0.000,  69530.6,  1,  21.6,   1.0, 0.100
2025-10-08 14:14:11,        0,  29.7,   2.2,  23.0,  0.913, -0.008,  0.000,  69522.9,  1,  21.5,   1.0, 0.100
2025-10-08 14:14:12,        0,  29.7,   2.0,  23.0,  0.867, -0.009,  0.000,  69513.1,  1,  21.5,   1.0, 0.100
2025-10-08 14:14:13,        0,  29.8,   2.3,  23.0,  0.827, -0.008,  0.000,  69505.4,  1,  21.5,   1.0, 0.100
2025-10-08 14:14:14,        0,  30.0,   2.9,  23.0,  0.802, -0.008,  0.000,  69498.0,  1,  21.5,   1.0, 0.100
2025-10-08 14:14:15,        0,  30.0,   3.0,  23.0,  4.990,  4.373,  0.022,  73470.8,  1,  21.6,   1.0, 0.100
2025-10-08 14:14:16,        0,  29.8,   2.3,  23.0,  4.251,  3.456,  0.016,  77219.9,  1,  21.5,   1.0, 0.100
2025-10-08 14:14:17,        0,  29.8,   2.3,  23.0,  4.818,  4.160,  0.020,  79596.0,  1,  21.5,   1.0, 0.100
2025-10-08 14:14:18,        0,  29.7,   2.0,  23.0,  1.151,  0.015,  0.000,  79638.0,  1,  21.5,   1.0, 0.100
2025-10-08 14:14:19,        0,  29.6,   1.8,  23.0,  1.043, -0.003,  0.000,  79636.9,  1,  21.5,   1.0, 0.100
2025-10-08 14:14:20,        0,  29.7,   2.0,  23.0,  0.984, -0.006,  0.000,  79631.4,  1,  21.5,   1.0, 0.100
2025-10-08 14:14:21,        0,  29.7,   2.2,  23.0,  0.921, -0.007,  0.000,  79622.6,  1,  21.6,   1.0, 0.100
2025-10-08 14:14:22,        0,  29.8,   2.5,  23.0,  0.888, -0.008,  0.000,  79614.6,  1,  21.6,   1.0, 0.100
2025-10-08 14:14:23,        0,  29.8,   2.5,  23.0,  0.844, -0.008,  0.000,  79606.8,  1,  21.5,   1.0, 0.100
2025-10-08 14:14:24,        0,  30.0,   2.9,  23.0,  5.006,  4.422,  0.022,  82268.7,  1,  21.5,   1.0, 0.100
2025-10-08 14:14:25,        0,  29.9,   2.7,  23.0,  5.024,  4.419,  0.022,  87363.3,  1,  21.6,   1.0, 0.100
2025-10-08 14:14:26,        0,  30.0,   2.9,  23.0,  5.005,  4.393,  0.022,  91548.7,  1,  21.5,   1.0, 0.100
2025-10-08 14:14:27,        0,  29.7,   2.0,  23.0,  3.489,  2.521,  0.011,  93401.5,  1,  21.5,   1.0, 0.100
2025-10-08 14:14:28,        0,  29.0,   0.0,  23.0,  4.478,  3.736,  0.018,  95280.7,  1,  21.6,   1.0, 0.100
2025-10-08 14:14:29,        0,  28.8,   0.0,  23.0,  1.247,  0.045,  0.000,  95406.5,  1,  21.6,   1.0, 0.100
2025-10-08 14:14:30,        0,  29.3,   0.9,  23.0,  1.034, -0.003,  0.000,  95406.0,  1,  21.5,   1.0, 0.100
2025-10-08 14:14:31,        0,  29.4,   1.3,  23.0,  0.979, -0.006,  0.000,  95400.0,  1,  21.5,   1.0, 0.100
2025-10-08 14:14:32,        0,  29.6,   1.8,  23.0,  0.938, -0.007,  0.000,  95392.8,  1,  21.5,   1.0, 0.100
2025-10-08 14:14:33,        0,  29.5,   1.6,  23.0,  0.887, -0.008,  0.000,  95383.6,  1,  21.5,   1.0, 0.100
2025-10-08 14:14:34,        0,  29.7,   2.0,  23.0,  0.857, -0.008,  0.000,  95376.2,  1,  21.5,   1.0, 0.100
2025-10-08 14:14:35,        0,  29.6,   1.8,  22.9,  0.816, -0.008,  0.000,  95368.8,  1,  21.5,   1.0, 0.100
2025-10-08 14:14:36,        0,  29.7,   2.2,  23.0,  0.791, -0.008,  0.000,  95360.8,  1,  21.5,   1.0, 0.100
2025-10-08 14:14:37,        0,  29.7,   2.2,  23.0,  0.759, -0.008,  0.000,  95351.6,  1,  21.5,   1.0, 0.100
2025-10-08 14:14:38,        0,  29.8,   2.5,  23.0,  0.738, -0.008,  0.000,  95343.9,  1,  21.5,   1.0, 0.100
2025-10-08 14:14:39,        0,  29.8,   2.3,  23.0,  0.720, -0.008,  0.000,  95336.4,  1,  21.5,   1.0, 0.100
2025-10-08 14:14:40,        0,  29.8,   2.5,  23.0,  0.695, -0.008,  0.000,  95328.7,  1,  21.6,   1.0, 0.100
2025-10-08 14:14:41,        0,  29.9,   2.7,  23.0,  3.595,  2.663,  0.012,  97791.5,  1,  21.5,   1.0, 0.100
2025-10-08 14:14:42,        0,  29.9,   2.7,  23.0,  4.990,  4.376,  0.022, 101911.1,  1,  21.5,   1.0, 0.100
2025-10-08 14:14:43,        0,  29.5,   1.5,  23.0,  4.994,  4.378,  0.022, 106033.2,  1,  21.5,   1.0, 0.100
2025-10-08 14:14:44,        0,  29.4,   1.1,  23.0,  1.232,  0.040,  0.000, 106381.1,  1,  21.6,   1.0, 0.100
2025-10-08 14:14:45,        0,  29.8,   2.3,  23.0,  1.072,  0.001,  0.000, 106385.1,  1,  21.5,   1.0, 0.100
2025-10-08 14:14:46,        0,  29.6,   1.8,  23.0,  0.976, -0.005,  0.000, 106380.6,  1,  21.5,   1.0, 0.100
2025-10-08 14:14:47,        0,  29.5,   1.6,  23.0,  0.934, -0.007,  0.000, 106374.0,  1,  21.5,   1.0, 0.100
2025-10-08 14:14:48,        0,  29.6,   1.8,  23.0,  0.898, -0.007,  0.000, 106366.5,  1,  21.5,   1.0, 0.100
2025-10-08 14:14:49,        0,  29.6,   1.8,  23.0,106745.037, -0.008,  0.000, 106357.7,  1,  21.5,   1.0, 0.100
2025-10-08 14:14:50,        0,  29.7,   2.0,  23.0,  0.823, -0.008,  0.000, 106350.2,  1,  21.5,   1.0, 0.100
2025-10-08 14:14:51,        0,  29.7,   2.0,  23.0,  0.785, -0.007,  0.000, 106342.8,  1,  21.6,   1.0, 0.100
2025-10-08 14:14:52,        0,  29.7,   2.2,  23.0,  0.760, -0.007,  0.000, 106335.6,  1,  21.5,   1.0, 0.100
2025-10-08 14:14:53,        0,  29.7,   2.0,  23.0,  0.728, -0.007,  0.000, 106327.1,  1,  21.6,   1.0, 0.100
2025-10-08 14:14:54,        0,  29.7,   2.2,  23.0,  0.709, -0.008,  0.000, 106319.3,  1,  21.5,   0.9, 0.100
2025-10-08 14:14:55,        0,  29.7,   2.2,  23.0,  0.691, -0.007,  0.000, 106312.5,  1,  21.5,   1.0, 0.100
2025-10-08 14:14:56,        0,  29.8,   2.3,  23.0,  0.666, -0.007,  0.000, 106305.3,  1,  21.6,   1.0, 0.100
2025-10-08 14:14:57,        0,  29.8,   2.5,  23.0,  0.651, -0.008,  0.000, 106297.9,  1,  21.5,   1.0, 0.100
2025-10-08 14:14:58,        0,  29.8,   2.5,  23.0,  0.629, -0.007,  0.000, 106289.9,  1,  21.6,   1.0, 0.100
2025-10-08 14:14:59,        0,  29.8,   2.5,  23.0,  0.616, -0.007,  0.000, 106282.7,  1,  21.6,   1.0, 0.100
2025-10-08 14:15:00,        0,  29.8,   2.5,  23.0,  1.817,  1.261,  0.006, 106820.3,  1,  21.6,   1.0, 0.100
2025-10-08 14:15:01,        0,  29.8,   2.5,  23.0,  1.451,  0.195,  0.000, 108488.6,  1,  21.5,   1.0, 0.100
2025-10-08 14:15:02,        0,  29.8,   2.5,  23.0,  4.990,  4.375,  0.022, 113162.0,  1,  21.6,   1.0, 0.100
2025-10-08 14:15:03,        0,  29.8,   2.5,  23.0,  2.323,  1.121,  0.003, 115189.1,  1,  21.6,   1.0, 0.100
2025-10-08 14:15:04,        0,  29.1,   0.4,  23.0,  1.158,  0.018,  0.000, 115209.7,  1,  21.5,   1.0, 0.100
2025-10-08 14:15:05,        0,  29.5,   1.6,  23.0,  1.006, -0.004,  0.000, 115208.0,  1,  21.5,   1.0, 0.100
2025-10-08 14:15:06,        0,  29.2,   0.6,  23.0,  0.957, -0.007,  0.000, 115201.7,  1,  21.5,   1.0, 0.100
2025-10-08 14:15:07,        0,  29.4,   1.1,  23.0,  0.901, -0.008,  0.000, 115192.8,  1,  21.5,   1.0, 0.100
2025-10-08 14:15:08,        0,  29.5,   1.6,  23.0,  0.868, -0.007,  0.000, 115185.6,  1,  21.6,   1.0, 0.100
2025-10-08 14:15:09,        0,  29.5,   1.6,  23.0,  0.837, -0.008,  0.000, 115177.9,  1,  21.6,   1.0, 0.100
2025-10-08 14:15:10,        0,  29.5,   1.6,  22.9,  0.794, -0.007,  0.000, 115170.8,  1,  21.6,   1.0, 0.100
2025-10-08 14:15:11,        0,  29.5,   1.6,  23.0,  0.768, -0.008,  0.000, 115162.2,  1,  21.5,   1.0, 0.100
2025-10-08 14:15:12,        0,  29.6,   1.8,  23.0,  0.732, -0.008,  0.000, 115154.8,  1,  21.6,   1.0, 0.100
2025-10-08 14:15:13,        0,  29.5,   1.5,  23.0,  0.711, -0.007,  0.000, 115147.9,  1,  21.5,   1.0, 0.100
2025-10-08 14:15:14,        0,  29.6,   1.8,  23.0,  0.692, -0.008,  0.000, 115140.4,  1,  21.5,   1.0, 0.100
2025-10-08 14:15:15,        0,  29.7,   2.0,  23.0,  0.668, -0.007,  0.000, 115131.9,  1,  21.6,   1.0, 0.100
2025-10-08 14:15:16,        0,  29.7,   2.0,  23.0,  0.651, -0.007,  0.000, 115125.3,  1,  21.6,   1.0, 0.100
2025-10-08 14:15:17,        0,  29.7,   2.0,  23.0,  0.627, -0.007,  0.000, 115118.4,  1,  21.6,   1.0, 0.100
2025-10-08 14:15:18,        0,  29.7,   2.0,  23.0,  0.612, -0.007,  0.000, 115111.8,  1,  21.6,   1.0, 0.100
2025-10-08 14:15:19,        0,  29.7,   2.0,  23.0,  0.597, -0.006,  0.000, 115105.5,  1,  21.6,   1.0, 0.100
2025-10-08 14:15:20,        0,  29.7,   2.0,  23.0,  0.576, -0.006,  0.000, 115097.8,  1,  21.6,   1.0, 0.100
2025-10-08 14:15:21,        0,  29.7,   2.0,  23.0,  0.555, -0.006,  0.000, 115092.1,  1,  21.6,   1.0, 0.100
2025-10-08 14:15:22,        0,  29.7,   2.0,  23.0,  0.542, -0.006,  0.000, 115086.4,  1,  21.6,   1.0, 0.100
2025-10-08 14:15:23,        0,  29.7,   2.0,  22.9,  0.529, -0.006,  0.000, 115080.6,  1,  21.6,   1.1, 0.100
2025-10-08 14:15:24,        0,  29.7,   2.2,  23.0,  0.509, -0.005,  0.000, 115074.6,  1,  21.6,   1.0, 0.100
2025-10-08 14:15:25,        0,  29.7,   2.2,  23.0,  0.496, -0.006,  0.000, 115069.2,  1,  21.6,   1.0, 0.100
2025-10-08 14:15:26,        0,  29.7,   2.2,  23.0,  0.480, -0.005,  0.000, 115064.3,  1,  21.6,   1.0, 0.100
2025-10-08 14:15:27,        0,  29.7,   2.2,  23.0,  0.468, -0.005,  0.000, 115059.5,  1,  21.6,   1.0, 0.100
2025-10-08 14:15:28,        0,  29.8,   2.3,  23.0,  0.458, -0.005,  0.000, 115054.6,  1,  21.6,   1.0, 0.100
2025-10-08 14:15:29,        0,  29.7,   2.2,  23.0,  0.442, -0.005,  0.000, 115048.6,  1,  21.6,   1.0, 0.100
2025-10-08 14:15:30,        0,  29.7,   2.2,  23.0,  0.432, -0.005,  0.000, 115044.0,  1,  21.6,   1.0, 0.100
2025-10-08 14:15:31,        0,  29.8,   2.3,  23.0,  0.416, -0.005,  0.000, 115039.7,  1,  21.6,   1.0, 0.100
2025-10-08 14:15:32,        0,  29.8,   2.3,  23.0,  0.407, -0.005,  0.000, 115035.2,  1,  21.6,   1.0, 0.100
2025-10-08 14:15:33,        0,  29.8,   2.3,  23.0,  0.392, -0.004,  0.000, 115030.3,  1,  21.6,   1.0, 0.100
2025-10-08 14:15:34,        0,  29.8,   2.3,  23.0,  0.383, -0.004,  0.000, 115026.3,  1,  21.6,   1.0, 0.100
2025-10-08 14:15:35,        0,  29.8,   2.3,  23.0,  0.374, -0.004,  0.000, 115022.0,  1,  21.6,   1.0, 0.100
2025-10-08 14:15:36,        0,  29.8,   2.3,  23.0,  0.360, -0.004,  0.000, 115018.3,  1,  21.6,   1.0, 0.100
2025-10-08 14:15:37,        0,  29.8,   2.3,  23.0,  0.347, -0.004,  0.000, 115014.0,  1,  21.6,   1.0, 0.100
2025-10-08 14:15:38,        0,  29.8,   2.5,  23.0,  0.340, -0.004,  0.000, 115010.3,  1,  21.6,   0.9, 0.100
2025-10-08 14:15:39,        0,  29.8,   2.5,  23.0,  0.330, -0.003,  0.000, 115007.1,  1,  21.6,   1.0, 0.100
2025-10-08 14:15:40,        0,  29.8,   2.3,  23.0,  0.318, -0.003,  0.000, 115004.0,  1,  21.6,   1.0, 0.100
2025-10-08 14:15:41,        0,  29.8,   2.3,  23.0,  0.309, -0.002,  0.000, 115001.1,  1,  21.6,   0.9, 0.100
2025-10-08 14:15:42,        0,  29.8,   2.5,  23.0,  0.296, -0.003,  0.000, 114998.0,  1,  21.6,   1.0, 0.100
2025-10-08 14:15:43,        0,  29.8,   2.3,  22.9,  0.289, -0.003,  0.000, 114995.4,  1,  21.6,   0.9, 0.100
2025-10-08 14:15:44,        0,  29.8,   2.5,  23.0,  0.281, -0.003,  0.000, 114992.5,  1,  21.6,   1.0, 0.100
2025-10-08 14:15:45,        0,  29.8,   2.3,  23.0,  0.267, -0.003,  0.000, 114990.2,  1,  21.6,   1.0, 0.100
2025-10-08 14:15:46,        0,  29.8,   2.5,  23.0,  0.259, -0.003,  0.000, 114987.1,  1,  21.6,   1.0, 0.100
2025-10-08 14:15:47,        0,  29.8,   2.5,  23.0,  0.247, -0.002,  0.000, 114985.1,  1,  21.6,   1.0, 0.100
2025-10-08 14:15:48,        0,  29.8,   2.5,  23.0,  0.239, -0.001,  0.000, 114983.4,  1,  21.6,   1.0, 0.100
2025-10-08 14:15:49,        0,  29.8,   2.5,  23.0,  0.230, -0.002,  0.000, 114981.9,  1,  21.6,   1.0, 0.100
2025-10-08 14:15:50,        0,  29.8,   2.3,  23.0,  0.218, -0.001,  0.000, 114979.7,  1,  21.6,   1.0, 0.100
2025-10-08 14:15:51,        0,  29.8,   2.3,  23.0,  0.210, -0.001,  0.000, 114978.2,  1,  21.6,   1.0, 0.100
2025-10-08 14:15:52,        0,  29.8,   2.5,  23.0,  0.199, -0.001,  0.000, 114976.8,  1,  21.6,   1.0, 0.100
2025-10-08 14:15:53,        0,  29.8,   2.5,  23.0,  0.191, -0.001,  0.000, 114975.4,  1,  21.6,   1.0, 0.100
2025-10-08 14:15:54,        0,  29.8,   2.3,  23.0,  0.184, -0.001,  0.000, 114973.9,  1,  21.6,   1.0, 0.100
2025-10-08 14:15:55,        0,  29.8,   2.5,  23.0,  0.173, -0.001,  0.000, 114972.5,  1,  21.6,   1.0, 0.100
2025-10-08 14:15:56,        0,  29.8,   2.5,  23.0,  0.165, -0.001,  0.000, 114971.6,  1,  21.6,   1.0, 0.100
2025-10-08 14:15:57,        0,  29.8,   2.3,  23.0,  0.155, -0.001,  0.000, 114971.1,  1,  21.6,   1.0, 0.100
2025-10-08 14:15:58,        0,  29.8,   2.5,  23.0,  0.148, -0.001,  0.000, 114970.2,  1,  21.6,   1.0, 0.100
2025-10-08 14:15:59,        0,  29.8,   2.5,  23.0,  0.138, -0.001,  0.000, 114969.4,  1,  21.6,   1.0, 0.100
2025-10-08 14:16:00,        0,  29.8,   2.5,  23.0,  0.132,  0.000,  0.000, 114969.1,  1,  21.6,   1.0, 0.100
2025-10-08 14:16:01,        0,  29.8,   2.5,  22.9,  0.123, -0.000,  0.000, 114968.5,  1,  21.6,   1.0, 0.100
2025-10-08 14:16:02,        0,  29.8,   2.5,  23.0,  0.117, -0.001,  0.000, 114967.6,  1,  21.6,   1.0, 0.101
2025-10-08 14:16:03,        0,  29.9,   2.7,  23.0,  0.109, -0.001,  0.000, 114967.3,  1,  21.6,   1.0, 0.100
2025-10-08 14:16:04,        0,  29.9,   2.7,  23.0,  2.916,  1.802,  0.007, 117291.6,  1,  21.6,   1.0, 0.100
2025-10-08 14:16:05,        0,  29.8,   2.3,  23.0,  5.010,  4.375,  0.022, 120893.7,  1,  21.6,   1.0, 0.100
2025-10-08 14:16:06,        0,  29.8,   2.5,  23.0,  1.190,  0.026,  0.000, 121002.1,  1,  21.6,   1.0, 0.100
2025-10-08 14:16:07,        0,  29.6,   1.8,  23.0,  1.053,  0.000,  0.000, 121004.4,  1,  21.6,   1.0, 0.100
2025-10-08 14:16:08,        0,  29.5,   1.5,  23.0,  0.954, -0.006,  0.000, 120999.0,  1,  21.6,   1.0, 0.100
2025-10-08 14:16:09,        0,  29.5,   1.6,  23.0,  0.910, -0.007,  0.000, 120992.1,  1,  21.6,   1.0, 0.100
2025-10-08 14:16:10,        0,  29.5,   1.6,  23.0,  0.874, -0.007,  0.000, 120984.9,  1,  21.6,   1.0, 0.100
2025-10-08 14:16:11,        0,  29.5,   1.6,  23.0,  0.825, -0.008,  0.000, 120977.8,  1,  21.6,   1.0, 0.100
2025-10-08 14:16:12,        0,  29.5,   1.5,  23.0,  0.795, -0.007,  0.000, 120969.5,  1,  21.6,   1.0, 0.100
2025-10-08 14:16:13,        0,  29.5,   1.6,  23.0,  0.752, -0.007,  0.000, 120963.2,  1,  21.6,   1.0, 0.100
2025-10-08 14:16:14,        0,  29.5,   1.6,  23.0,  0.726, -0.007,  0.000, 120956.9,  1,  21.6,   1.0, 0.100
2025-10-08 14:16:15,        0,  29.5,   1.5,  23.0,  0.702, -0.007,  0.000, 120950.0,  1,  21.6,   1.0, 0.100
2025-10-08 14:16:16,        0,  29.5,   1.5,  23.0,  0.670, -0.006,  0.000, 120942.3,  1,  21.6,   1.0, 0.100
2025-10-08 14:16:17,        0,  29.5,   1.6,  23.0,  0.641, -0.007,  0.000, 120936.0,  1,  21.6,   1.0, 0.100
2025-10-08 14:16:18,        0,  29.5,   1.6,  23.0,  0.622, -0.007,  0.000, 120929.7,  1,  21.6,   1.0, 0.100
2025-10-08 14:16:19,        0,  29.5,   1.6,  23.0,  0.605, -0.006,  0.000, 120923.4,  1,  21.6,   1.0, 0.100
2025-10-08 14:16:20,        0,  29.5,   1.5,  23.0,  0.579, -0.005,  0.000, 120916.6,  1,  21.6,   1.0, 0.100
2025-10-08 14:16:21,        0,  29.5,   1.5,  23.0,  0.563, -0.006,  0.000, 120910.8,  1,  21.6,   1.0, 0.100
2025-10-08 14:16:22,        0,  29.5,   1.6,  23.0,  0.538, -0.006,  0.000, 120905.4,  1,  21.6,   1.0, 0.100
2025-10-08 14:16:23,        0,  29.5,   1.6,  23.0,  0.523, -0.005,  0.000, 120900.5,  1,  21.6,   1.0, 0.100
2025-10-08 14:16:24,        0,  29.5,   1.5,  23.0,  0.501, -0.005,  0.000, 120894.5,  1,  21.7,   1.0, 0.100
2025-10-08 14:16:25,        0,  29.5,   1.6,  23.0,  0.488, -0.005,  0.000, 120889.9,  1,  21.6,   1.0, 0.100
2025-10-08 14:16:26,        0,  29.5,   1.6,  23.0,  0.473, -0.005,  0.000, 120885.4,  1,  21.6,   1.0, 0.100
2025-10-08 14:16:27,        0,  29.5,   1.6,  23.0,  0.453, -0.005,  0.000, 120880.8,  1,  21.6,   1.0, 0.100
2025-10-08 14:16:28,        0,  29.5,   1.6,  23.0,  0.440, -0.004,  0.000, 120875.6,  1,  21.6,   1.0, 0.100
2025-10-08 14:16:29,        0,  29.5,   1.6,  23.0,  0.421, -0.004,  0.000, 120871.9,  1,  21.6,   1.0, 0.100
2025-10-08 14:16:30,        0,  29.5,   1.6,  23.0,  0.410, -0.004,  0.000, 120867.9,  1,  21.6,   1.0, 0.100
2025-10-08 14:16:31,        0,  29.5,   1.6,  23.0,  0.398, -0.004,  0.000, 120863.9,  1,  21.6,   1.0, 0.100
2025-10-08 14:16:32,        0,  29.5,   1.6,  23.0,  0.381, -0.004,  0.000, 120860.2,  1,  21.6,   1.0, 0.100
2025-10-08 14:16:33,        0,  29.6,   1.8,  23.0,  0.368, -0.004,  0.000, 120855.9,  1,  21.6,   1.0, 0.100
2025-10-08 14:16:34,        0,  29.5,   1.6,  23.0,  0.351, -0.003,  0.000, 120852.8,  1,  21.6,   0.9, 0.100
2025-10-08 14:16:35,        0,  29.5,   1.6,  23.0,  0.340, -0.003,  0.000, 120849.9,  1,  21.6,   0.9, 0.100
2025-10-08 14:16:36,        0,  29.5,   1.6,  23.0,  0.329, -0.003,  0.000, 120847.0,  1,  21.6,   0.9, 0.100
2025-10-08 14:16:37,        0,  29.6,   1.8,  23.0,  0.313, -0.003,  0.000, 120843.6,  1,  21.6,   0.9, 0.100
2025-10-08 14:16:38,        0,  29.5,   1.6,  23.0,  0.303, -0.002,  0.000, 120841.3,  1,  21.6,   0.9, 0.100
2025-10-08 14:16:39,        0,  29.6,   1.8,  22.9,  0.286, -0.002,  0.000, 120839.0,  1,  21.6,   0.9, 0.100
2025-10-08 14:16:40,        0,  29.5,   1.6,  23.0,  0.276, -0.003,  0.000, 120837.0,  1,  21.6,   1.0, 0.100
2025-10-08 14:16:41,        0,  29.5,   1.6,  23.0,  0.259, -0.002,  0.000, 120834.4,  1,  21.6,   0.9, 0.100
2025-10-08 14:16:42,        0,  29.6,   1.8,  23.0,  0.249, -0.001,  0.000, 120832.7,  1,  21.6,   0.9, 0.100
2025-10-08 14:16:43,        0,  29.5,   1.6,  23.0,  0.238, -0.002,  0.000, 120831.3,  1,  21.6,   0.9, 0.100
2025-10-08 14:16:44,        0,  29.6,   1.8,  23.0,  0.224, -0.002,  0.000, 120829.9,  1,  21.6,   1.0, 0.100
2025-10-08 14:16:45,        0,  29.5,   1.6,  23.0,  0.214, -0.001,  0.000, 120828.4,  1,  21.6,   1.0, 0.100
2025-10-08 14:16:46,        0,  29.6,   1.8,  23.0,  0.199, -0.001,  0.000, 120827.0,  1,  21.6,   1.0, 0.100
2025-10-08 14:16:47,        0,  29.5,   1.6,  23.0,  0.191, -0.001,  0.000, 120825.9,  1,  21.6,   0.9, 0.100
2025-10-08 14:16:48,        0,  29.6,   1.8,  23.0,  0.178, -0.001,  0.000, 120825.0,  1,  21.6,   0.9, 0.100
2025-10-08 14:16:49,        0,  29.5,   1.6,  23.0,  0.170, -0.001,  0.000, 120823.9,  1,  21.6,   1.0, 0.100
2025-10-08 14:16:50,        0,  29.6,   1.8,  23.0,  0.157, -0.001,  0.000, 120823.0,  1,  21.6,   0.9, 0.100
2025-10-08 14:16:51,        0,  29.6,   1.8,  23.0,  0.150, -0.001,  0.000, 120822.4,  1,  21.5,   1.0, 0.100
2025-10-08 14:16:52,        0,  29.5,   1.6,  23.0,  0.142, -0.000,  0.000, 120821.9,  1,  21.6,   0.9, 0.100
2025-10-08 14:16:53,        0,  29.6,   1.8,  23.0,  0.131,  0.000,  0.000, 120821.3,  1,  21.5,   1.0, 0.100
2025-10-08 14:16:54,        0,  29.5,   1.6,  23.0,  0.124, -0.000,  0.000, 120820.7,  1,  21.5,   1.0, 0.100
2025-10-08 14:16:55,        0,  29.6,   1.8,  23.0,  0.114, -0.000,  0.000, 120820.4,  1,  21.5,   1.0, 0.100
2025-10-08 14:16:56,        0,  29.6,   1.8,  23.0,  0.107, -0.000,  0.000, 120820.4,  1,  21.6,   1.0, 0.100
2025-10-08 14:16:57,        0,  29.5,   1.6,  23.0,  0.100, -0.000,  0.000, 120820.1,  1,  21.5,   1.0, 0.100
2025-10-08 14:16:58,        0,  29.5,   1.6,  23.0,  0.091,  0.000,  0.000, 120820.1,  1,  21.5,   1.0, 0.100
2025-10-08 14:16:59,        0,  29.6,   1.8,  23.0,  0.085,  0.000,  0.000, 120819.9,  1,  21.5,   1.0, 0.100
2025-10-08 14:17:00,        0,  29.5,   1.6,  23.0,  0.076,  0.000,  0.000, 120820.1,  1,  21.5,   1.0, 0.100
2025-10-08 14:17:01,        0,  29.6,   1.8,  23.0,  0.071,  0.000,  0.000, 120820.1,  1,  21.5,   1.0, 0.100
2025-10-08 14:17:02,        0,  29.6,   1.8,  23.0,  0.066,  0.000,  0.000, 120819.9,  1,  21.6,   1.0, 0.100
2025-10-08 14:17:03,        0,  29.5,   1.6,  23.0,  0.059,  0.000,  0.000, 120820.1,  1,  21.6,   1.0, 0.100
2025-10-08 14:17:04,        0,  29.5,   1.6,  23.0,  0.052,  0.001,  0.000, 120820.4,  1,  21.5,   1.0, 0.100
2025-10-08 14:17:05,        0,  29.5,   1.6,  23.0,  0.049,  0.000,  0.000, 120820.7,  1,  21.6,   1.0, 0.100
2025-10-08 14:17:06,        0,  29.6,   1.8,  23.0,  0.045,  0.001,  0.000, 120821.3,  1,  21.5,   1.0, 0.100
2025-10-08 14:17:07,        0,  29.6,   1.8,  23.0,  0.039,  0.000,  0.000, 120821.3,  1,  21.6,   1.0, 0.100
2025-10-08 14:17:08,        0,  29.6,   1.8,  23.0,  0.035,  0.000,  0.000, 120821.3,  1,  21.5,   1.0, 0.100
2025-10-08 14:17:09,        0,  29.5,   1.6,  23.0,  0.030, -0.000,  0.000, 120821.6,  1,  21.5,   1.0, 0.100
2025-10-08 14:17:10,        0,  29.5,   1.6,  23.0,  0.027,  0.001,  0.000, 120821.9,  1,  21.5,   1.0, 0.100
2025-10-08 14:17:11,        0,  29.6,   1.8,  23.0,  0.025,  0.000,  0.000, 120822.1,  1,  21.5,   1.0, 0.100
2025-10-08 14:17:12,        0,  29.6,   1.8,  23.0,  0.021,  0.000,  0.000, 120822.7,  1,  21.5,   1.0, 0.100
2025-10-08 14:17:13,        0,  29.6,   1.8,  23.0,  0.018,  0.001,  0.000, 120823.0,  1,  21.6,   1.0, 0.100
2025-10-08 14:17:14,        0,  29.5,   1.6,  23.0,  0.016,  0.000,  0.000, 120823.3,  1,  21.5,   1.0, 0.100
2025-10-08 14:17:15,        0,  29.6,   1.8,  23.1,  0.014,  0.001,  0.000, 120823.6,  1,  21.5,   1.0, 0.100
2025-10-08 14:17:16,        0,  29.5,   1.6,  23.0,  0.012,  0.001,  0.000, 120824.2,  1,  21.5,   1.0, 0.100
2025-10-08 14:17:17,        0,  29.5,   1.6,  23.0,  0.010,  0.000,  0.000, 120824.4,  1,  21.5,   1.0, 0.100
2025-10-08 14:17:18,        0,  29.5,   1.6,  23.0,  0.009,  0.000,  0.000, 120825.0,  1,  21.5,   1.0, 0.100
2025-10-08 14:17:19,        0,  29.6,   1.8,  23.0,  0.006,  0.001,  0.000, 120825.3,  1,  21.5,   1.0, 0.100
2025-10-08 14:17:20,        0,  29.5,   1.6,  23.0,  0.006,  0.000,  0.000, 120825.6,  1,  21.5,   1.0, 0.100
2025-10-08 14:17:21,        0,  29.5,   1.6,  23.0,  0.004,  0.001,  0.000, 120826.2,  1,  21.6,   1.0, 0.100
2025-10-08 14:17:22,        0,  29.5,   1.6,  23.1,  0.003,  0.001,  0.000, 120826.4,  1,  21.6,   1.0, 0.100
2025-10-08 14:17:23,        0,  29.5,   1.6,  23.0,  0.002,  0.001,  0.000, 120827.0,  1,  21.6,   1.0, 0.100
2025-10-08 14:17:24,        0,  29.5,   1.6,  23.0,  0.001,  0.000,  0.000, 120827.3,  1,  21.5,   1.0, 0.100
2025-10-08 14:17:25,        0,  29.5,   1.6,  23.0,  0.001,  0.000,  0.000, 120827.6,  1,  21.5,   1.0, 0.100
2025-10-08 14:17:26,        0,  29.6,   1.8,  23.0,  0.000,  0.000,  0.000, 120827.9,  1,  21.5,   1.0, 0.100
2025-10-08 14:17:27,        0,  29.6,   1.8,  23.0,  0.000,  0.000,  0.000, 120828.2,  1,  21.5,   1.0, 0.100
2025-10-08 14:17:28,        0,  29.5,   1.6,  23.0,  0.000,  0.001,  0.000, 120828.7,  1,  21.6,   1.0, 0.100
2025-10-08 14:17:29,        0,  29.6,   1.8,  23.0,  0.000,  0.000,  0.000, 120829.0,  1,  21.6,   1.0, 0.100
2025-10-08 14:17:30,        0,  29.5,   1.6,  23.0,  0.000,  0.000,  0.000, 120829.6,  1,  21.5,   1.0, 0.100
2025-10-08 14:17:31,        0,  29.6,   1.8,  23.0,  0.000,  0.001,  0.000, 120830.2,  1,  21.5,   1.0, 0.100
2025-10-08 14:17:32,        0,  29.6,   1.8,  23.0,  0.000,  0.000,  0.000, 120830.5,  1,  21.5,   1.0, 0.100
2025-10-08 14:17:33,        0,  29.5,   1.6,  23.0,  0.000,  0.000,  0.000, 120831.0,  1,  21.5,   1.0, 0.100
2025-10-08 14:17:34,        0,  29.6,   1.8,  23.0,  0.000,  0.001,  0.000, 120831.3,  1,  21.5,   0.9, 0.100
2025-10-08 14:17:35,        0,  29.5,   1.6,  23.0,  0.000,  0.001,  0.000, 120831.6,  1,  21.5,   1.0, 0.100
2025-10-08 14:17:36,        0,  29.6,   1.8,  23.0,  0.000,  0.000,  0.000, 120831.9,  1,  21.5,   0.9, 0.100
2025-10-08 14:17:37,        0,  29.6,   1.8,  23.0,  0.000,  0.000,  0.000, 120832.5,  1,  21.5,   0.9, 0.100
2025-10-08 14:17:38,        0,  29.5,   1.6,  23.1,  0.000,  0.000,  0.000, 120832.5,  1,  21.5,   0.9, 0.100
2025-10-08 14:17:39,        0,  29.6,   1.8,  23.1,  0.000,  0.000,  0.000, 120833.0,  1,  21.6,   0.9, 0.100
2025-10-08 14:17:40,        0,  29.6,   1.8,  23.1,  0.000,  0.000,  0.000, 120833.3,  1,  21.5,   0.9, 0.100
2025-10-08 14:17:41,        0,  29.6,   1.8,  23.0,  0.000,  0.000,  0.000, 120833.6,  1,  21.5,   0.9, 0.100
2025-10-08 14:17:42,        0,  29.6,   1.8,  23.0,  0.000,  0.000,  0.000, 120834.2,  1,  21.5,   0.9, 0.100
2025-10-08 14:17:43,        0,  29.6,   1.8,  23.0,  0.000,  0.001,  0.000, 120835.0,  1,  21.5,   1.0, 0.100
2025-10-08 14:17:44,        0,  29.6,   1.8,  23.0,  0.000,  0.001,  0.000, 120835.3,  1,  21.6,   0.9, 0.100
2025-10-08 14:17:45,        0,  29.6,   1.8,  23.0,  0.000, -0.000,  0.000, 120835.3,  1,  21.5,   0.9, 0.100
2025-10-08 14:17:46,        0,  29.6,   1.8,  23.0,  0.000,  0.000,  0.000, 120835.6,  1,  21.6,   1.0, 0.100
2025-10-08 14:17:47,        0,  29.6,   1.8,  23.1,  0.000,  0.000,  0.000, 120835.6,  1,  21.6,   1.0, 0.100
2025-10-08 14:17:48,        0,  29.6,   1.8,  23.0,  0.000,  0.001,  0.000, 120835.6,  1,  21.5,   1.0, 0.100
2025-10-08 14:17:49,        0,  29.6,   1.8,  23.0,  0.000, -0.000,  0.000, 120835.9,  1,  21.5,   0.9, 0.100
2025-10-08 14:17:50,        0,  29.5,   1.6,  23.0,  0.000,  0.001,  0.000, 120836.4,  1,  21.5,   1.0, 0.100
2025-10-08 14:17:51,        0,  29.5,   1.6,  23.1,  0.000,  0.001,  0.000, 120836.7,  1,  21.6,   0.9, 0.100
2025-10-08 14:17:52,        0,  29.6,   1.8,  23.0,  0.000,  0.000,  0.000, 120837.0,  1,  21.6,   1.0, 0.100
2025-10-08 14:17:53,        0,  29.6,   1.8,  23.0,  0.000,  0.001,  0.000, 120837.3,  1,  21.5,   1.0, 0.100
2025-10-08 14:17:54,        0,  29.5,   1.6,  23.0,  0.000,  0.000,  0.000, 120837.9,  1,  21.5,   1.0, 0.100
2025-10-08 14:17:55,        0,  29.6,   1.8,  23.0,  0.000,  0.001,  0.000, 120838.2,  1,  21.6,   1.0, 0.100
2025-10-08 14:17:56,        0,  29.6,   1.8,  23.0,  0.000,  0.001,  0.000, 120838.5,  1,  21.5,   1.0, 0.100
2025-10-08 14:17:57,        0,  29.6,   1.8,  23.0,  0.000,  0.000,  0.000, 120838.7,  1,  21.5,   1.0, 0.100
2025-10-08 14:17:58,        0,  29.6,   1.8,  23.0,  0.000,  0.000,  0.000, 120839.0,  1,  21.6,   1.0, 0.100
2025-10-08 14:17:59,        0,  29.6,   1.8,  23.0,  0.000,  0.001,  0.000, 120839.9,  1,  21.6,   1.0, 0.100
2025-10-08 14:18:00,        0,  29.6,   1.8,  23.0,  0.000,  0.001,  0.000, 120840.5,  1,  21.6,   1.0, 0.100
2025-10-08 14:18:01,        0,  29.5,   1.6,  23.0,  0.000,  0.001,  0.000, 120840.7,  1,  21.6,   1.0, 0.100
2025-10-08 14:18:02,        0,  29.6,   1.8,  23.0,  0.000,  0.001,  0.000, 120841.3,  1,  21.6,   1.0, 0.100
2025-10-08 14:18:03,        0,  29.6,   1.8,  23.0,  0.000,  0.001,  0.000, 120841.6,  1,  21.5,   1.0, 0.100
2025-10-08 14:18:04,        0,  29.6,   1.8,  23.0,  0.000,  0.001,  0.000, 120842.2,  1,  21.5,   1.0, 0.100
2025-10-08 14:18:05,        0,  29.6,   1.8,  23.1,  0.000,  0.000,  0.000, 120842.5,  1,  21.6,   1.0, 0.100
2025-10-08 14:18:06,        0,  29.6,   1.8,  23.0,  0.000,  0.000,  0.000, 120842.7,  1,  21.6,   1.0, 0.100
2025-10-08 14:18:07,        0,  29.6,   1.8,  23.0,  0.000,  0.000,  0.000, 120843.0,  1,  21.6,   1.0, 0.100
2025-10-08 14:18:08,        0,  29.6,   1.8,  23.0,  0.000,  0.000,  0.000, 120843.3,  1,  21.5,   1.0, 0.100
2025-10-08 14:18:09,        0,  29.5,   1.6,  23.0,  0.000,  0.000,  0.000, 120843.6,  1,  21.6,   1.0, 0.100
2025-10-08 14:18:10,        0,  29.6,   1.8,  23.0,  0.000, -0.000,  0.000, 120843.9,  1,  21.5,   1.0, 0.100
2025-10-08 14:18:11,        0,  29.6,   1.8,  23.0,  0.000,  0.000,  0.000, 120844.2,  1,  21.6,   1.0, 0.100
2025-10-08 14:18:12,        0,  29.6,   1.8,  23.0,  0.000,  0.000,  0.000, 120844.5,  1,  21.5,   1.0, 0.100
2025-10-08 14:18:13,        0,  29.5,   1.6,  23.0,  0.000,  0.000,  0.000, 120844.8,  1,  21.5,   1.0, 0.100
2025-10-08 14:18:14,        0,  29.6,   1.8,  23.0,  0.000,  0.000,  0.000, 120845.0,  1,  21.5,   1.0, 0.100
2025-10-08 14:18:15,        0,  29.5,   1.6,  23.0,  0.000,  0.001,  0.000, 120845.6,  1,  21.6,   1.0, 0.100
2025-10-08 14:18:16,        0,  29.5,   1.6,  23.0,  0.000,  0.001,  0.000, 120846.2,  1,  21.6,   1.0, 0.100
2025-10-08 14:18:17,        0,  29.6,   1.8,  23.0,  0.000,  0.000,  0.000, 120846.8,  1,  21.6,   1.0, 0.100
2025-10-08 14:18:18,        0,  29.6,   1.8,  23.0,  0.000,  0.001,  0.000, 120847.3,  1,  21.5,   1.0, 0.100
2025-10-08 14:18:19,        0,  29.6,   1.8,  23.0,  0.000,  0.001,  0.000, 120847.6,  1,  21.5,   1.0, 0.100
2025-10-08 14:18:20,        0,  29.6,   1.8,  23.0,  0.000,  0.001,  0.000, 120848.2,  1,  21.5,   1.0, 0.100
2025-10-08 14:18:21,        0,  29.6,   1.8,  23.0,  0.000,  0.001,  0.000, 120848.7,  1,  21.5,   1.0, 0.100
2025-10-08 14:18:22,        0,  29.5,   1.6,  23.0,  0.000,  0.001,  0.000, 120849.3,  1,  21.5,   1.0, 0.100
2025-10-08 14:18:23,        0,  29.6,   1.8,  23.0,  0.000,  0.000,  0.000, 120849.9,  1,  21.5,   1.0, 0.100
2025-10-08 14:18:24,        0,  29.6,   1.8,  23.1,  0.000,  0.001,  0.000, 120850.2,  1,  21.5,   1.0, 0.100
2025-10-08 14:18:25,        0,  29.5,   1.6,  23.0,  0.000, -0.000,  0.000, 120850.2,  1,  21.5,   1.0, 0.100
2025-10-08 14:18:26,        0,  29.6,   1.8,  23.0,  0.000,  0.000,  0.000, 120850.5,  1,  21.5,   1.0, 0.100
2025-10-08 14:18:27,        0,  29.6,   1.8,  23.0,  0.000,  0.001,  0.000, 120850.8,  1,  21.5,   1.0, 0.100
2025-10-08 14:18:28,        0,  29.6,   1.8,  23.0,  0.000,  0.000,  0.000, 120851.3,  1,  21.5,   1.0, 0.100
2025-10-08 14:18:29,        0,  29.5,   1.6,  23.0,  0.000,  0.000,  0.000, 120851.6,  1,  21.6,   1.0, 0.100
2025-10-08 14:18:30,        0,  29.6,   1.8,  23.0,  0.000,  0.001,  0.000, 120851.9,  1,  21.5,   1.0, 0.100
2025-10-08 14:18:31,        0,  29.6,   1.8,  23.0,  0.000,  0.001,  0.000, 120852.5,  1,  21.5,   1.0, 0.100
2025-10-08 14:18:32,        0,  29.6,   1.8,  23.1,  0.000,  0.001,  0.000, 120852.8,  1,  21.6,   1.0, 0.100
2025-10-08 14:18:33,        0,  29.6,   1.8,  23.0,  0.000,  0.000,  0.000, 120853.3,  1,  21.5,   1.0, 0.100
2025-10-08 14:18:34,        0,  29.6,   1.8,  23.0,  0.000,  0.000,  0.000, 120853.9,  1,  21.6,   1.0, 0.100
2025-10-08 14:18:35,        0,  29.5,   1.6,  23.0,  0.000,  0.001,  0.000, 120853.9,  1,  21.5,   0.9, 0.100
2025-10-08 14:18:36,        0,  29.5,   1.6,  23.0,  0.000,  0.000,  0.000, 120854.2,  1,  21.5,   0.9, 0.100
2025-10-08 14:18:37,        0,  29.5,   1.6,  23.0,  0.000,  0.001,  0.000, 120855.0,  1,  21.5,   0.9, 0.100
2025-10-08 14:18:38,        0,  29.6,   1.8,  23.0,  0.000,  0.000,  0.000, 120855.0,  1,  21.5,   0.9, 0.100
2025-10-08 14:18:39,        0,  29.6,   1.8,  23.0,  0.000,  0.001,  0.000, 120855.3,  1,  21.5,   0.9, 0.100
2025-10-08 14:18:40,        0,  29.6,   1.8,  23.0,  0.000,  0.001,  0.000, 120855.9,  1,  21.5,   0.9, 0.100
2025-10-08 14:18:41,        0,  29.6,   1.8,  23.0,  0.000,  0.000,  0.000, 120856.5,  1,  21.5,   0.9, 0.100
2025-10-08 14:18:42,        0,  29.6,   1.8,  23.0,  0.000,  0.001,  0.000, 120856.8,  1,  21.6,   0.9, 0.100
2025-10-08 14:18:43,        0,  29.6,   1.8,  23.0,  0.000,  0.001,  0.000, 120857.6,  1,  21.5,   0.9, 0.100
2025-10-08 14:18:44,        0,  29.6,   1.8,  23.0,  0.000,  0.001,  0.000, 120857.9,  1,  21.5,   0.9, 0.100
2025-10-08 14:18:45,        0,  29.6,   1.8,  23.0,  0.000,  0.001,  0.000, 120858.5,  1,  21.5,   0.9, 0.100
2025-10-08 14:18:46,        0,  29.5,   1.6,  23.0,  0.000,  0.000,  0.000, 120859.1,  1,  21.5,   0.9, 0.100
2025-10-08 14:18:47,        0,  29.5,   1.6,  23.0,  0.000,  0.000,  0.000, 120859.3,  1,  21.5,   0.9, 0.100
2025-10-08 14:18:48,        0,  29.5,   1.6,  23.0,  0.000,  0.000,  0.000, 120859.6,  1,  21.5,   0.9, 0.100
2025-10-08 14:18:49,        0,  29.6,   1.8,  23.0,  0.000,  0.001,  0.000, 120860.2,  1,  21.6,   0.9, 0.100
2025-10-08 14:18:50,        0,  29.6,   1.8,  23.0,  0.000,  0.001,  0.000, 120860.5,  1,  21.5,   0.9, 0.100
2025-10-08 14:18:51,        0,  29.7,   2.0,  23.0,  0.000,  0.001,  0.000, 120861.1,  1,  21.5,   0.9, 0.100
2025-10-08 14:18:52,        0,  29.5,   1.6,  23.0,  0.000,  0.001,  0.000, 120861.3,  1,  21.5,   1.0, 0.100
2025-10-08 14:18:53,        0,  29.5,   1.6,  23.1,  0.000,  0.001,  0.000, 120861.6,  1,  21.5,   1.0, 0.100
2025-10-08 14:18:54,        0,  29.5,   1.6,  23.0,  0.000,  0.001,  0.000, 120862.5,  1,  21.5,   1.0, 0.100
2025-10-08 14:18:55,        0,  29.6,   1.8,  23.0,  0.000,  0.001,  0.000, 120863.1,  1,  21.5,   1.0, 0.100
2025-10-08 14:18:56,        0,  29.5,   1.6,  23.0,  0.000,  0.000,  0.000, 120863.4,  1,  21.5,   1.0, 0.100
2025-10-08 14:18:57,        0,  29.5,   1.6,  23.0,  0.000,  0.001,  0.000, 120863.6,  1,  21.5,   1.0, 0.100
2025-10-08 14:18:58,        0,  29.5,   1.6,  23.0,  0.000,  0.001,  0.000, 120864.2,  1,  21.5,   1.0, 0.100
2025-10-08 14:18:59,        0,  29.5,   1.6,  23.0,  0.000,  0.001,  0.000, 120864.8,  1,  21.5,   1.0, 0.100
2025-10-08 14:19:00,        0,  29.5,   1.6,  23.0,  0.000,  0.001,  0.000, 120865.6,  1,  21.5,   1.0, 0.100
2025-10-08 14:19:01,        0,  29.6,   1.8,  23.0,  0.000,  0.001,  0.000, 120866.2,  1,  21.5,   1.1, 0.100
2025-10-08 14:19:02,        0,  29.6,   1.8,  23.0,  0.000,  0.000,  0.000, 120866.2,  1,  21.5,   1.1, 0.100
2025-10-08 14:19:03,        0,  29.6,   1.8,  23.0,  0.000,  0.001,  0.000, 120867.3,  1,  21.5,   1.1, 0.100
2025-10-08 14:19:04,        0,  29.5,   1.6,  23.0,  0.000,  0.001,  0.000, 120867.6,  1,  21.5,   1.1, 0.100
2025-10-08 14:19:05,        0,  29.5,   1.6,  23.0,  0.000,  0.001,  0.000, 120867.9,  1,  21.5,   1.0, 0.100
2025-10-08 14:19:06,        0,  29.5,   1.6,  23.1,  0.000,  0.001,  0.000, 120868.8,  1,  21.5,   1.0, 0.100
2025-10-08 14:19:07,        0,  29.6,   1.8,  23.0,  0.000,  0.000,  0.000, 120869.1,  1,  21.5,   1.0, 0.100
2025-10-08 14:19:08,        0,  29.5,   1.6,  23.0,  0.000,  0.001,  0.000, 120869.6,  1,  21.5,   1.0, 0.100
2025-10-08 14:19:09,        0,  29.6,   1.8,  23.0,  0.000,  0.000,  0.000, 120869.9,  1,  21.5,   1.0, 0.100
2025-10-08 14:19:10,        0,  29.5,   1.6,  23.1,  0.000,  0.001,  0.000, 120870.5,  1,  21.5,   1.0, 0.100
2025-10-08 14:19:11,        0,  29.6,   1.8,  23.0,  0.000,  0.001,  0.000, 120870.8,  1,  21.5,   1.0, 0.100
2025-10-08 14:19:12,        0,  29.6,   1.8,  23.1,  0.000,  0.001,  0.000, 120871.4,  1,  21.5,   1.0, 0.100
2025-10-08 14:19:13,        0,  29.6,   1.8,  23.0,  0.000,  0.001,  0.000, 120871.9,  1,  21.5,   1.0, 0.100
2025-10-08 14:19:14,        0,  29.5,   1.6,  23.0,  0.000,  0.000,  0.000, 120872.2,  1,  21.5,   1.0, 0.100
2025-10-08 14:19:15,        0,  29.5,   1.6,  23.0,  0.000,  0.001,  0.000, 120872.8,  1,  21.5,   1.0, 0.100
2025-10-08 14:19:16,        0,  29.5,   1.6,  23.1,  0.000,  0.001,  0.000, 120873.4,  1,  21.6,   1.0, 0.100
2025-10-08 14:19:17,        0,  29.6,   1.8,  23.0,  0.000,  0.000,  0.000, 120873.6,  1,  21.5,   1.0, 0.100
2025-10-08 14:19:18,        0,  29.6,   1.8,  23.0,  0.000,  0.001,  0.000, 120874.2,  1,  21.5,   1.0, 0.100
2025-10-08 14:19:19,        0,  29.5,   1.6,  23.0,  0.000,  0.001,  0.000, 120874.8,  1,  21.5,   1.0, 0.100
2025-10-08 14:19:20,        0,  29.5,   1.6,  23.0,  0.000,  0.001,  0.000, 120875.4,  1,  21.5,   1.0, 0.100
2025-10-08 14:19:21,        0,  29.6,   1.8,  23.1,  0.000,  0.000,  0.000, 120875.6,  1,  21.5,   1.0, 0.100
2025-10-08 14:19:22,        0,  29.6,   1.8,  23.0,  0.000,  0.000,  0.000, 120876.2,  1,  21.5,   1.0, 0.100
2025-10-08 14:19:23,        0,  29.6,   1.8,  23.1,  0.000,  0.000,  0.000, 120876.5,  1,  21.5,   1.0, 0.100
2025-10-08 14:19:24,        0,  29.6,   1.8,  23.0,  0.000,  0.001,  0.000, 120877.1,  1,  21.5,   1.0, 0.100
2025-10-08 14:19:25,        0,  29.5,   1.6,  23.1,  0.000,  0.000,  0.000, 120877.4,  1,  21.5,   1.0, 0.100
2025-10-08 14:19:26,        0,  29.5,   1.6,  23.1,  0.000,  0.000,  0.000, 120877.7,  1,  21.5,   1.0, 0.100
2025-10-08 14:19:27,        0,  29.5,   1.6,  23.1,  0.000,  0.000,  0.000, 120878.2,  1,  21.5,   1.0, 0.100
2025-10-08 14:19:28,        0,  29.6,   1.8,  23.1,  0.000,  0.000,  0.000, 120878.8,  1,  21.5,   1.0, 0.100
2025-10-08 14:19:29,        0,  29.6,   1.8,  23.0,  0.000,  0.000,  0.000, 120879.1,  1,  21.5,   1.0, 0.100
2025-10-08 14:19:30,        0,  29.5,   1.6,  23.0,  0.000,  0.000,  0.000, 120879.4,  1,  21.6,   1.0, 0.100
2025-10-08 14:19:31,        0,  29.5,   1.6,  23.0,  0.000,  0.001,  0.000, 120879.9,  1,  21.5,   1.0, 0.100
2025-10-08 14:19:32,        0,  29.6,   1.8,  23.0,  0.000,  0.000,  0.000, 120880.5,  1,  21.5,   1.0, 0.100
2025-10-08 14:19:33,        0,  29.6,   1.8,  23.0,  0.000,  0.001,  0.000, 120881.1,  1,  21.5,   1.0, 0.100
2025-10-08 14:19:34,        0,  29.6,   1.8,  23.0,  0.000,  0.000,  0.000, 120881.4,  1,  21.5,   1.0, 0.100
2025-10-08 14:19:35,        0,  29.6,   1.8,  23.0,  0.000,  0.001,  0.000, 120881.7,  1,  21.5,   1.0, 0.100
2025-10-08 14:19:36,        0,  29.6,   1.8,  23.0,  0.000,  0.000,  0.000, 120881.9,  1,  21.5,   1.0, 0.100
2025-10-08 14:19:37,        0,  29.6,   1.8,  23.0,  0.000,  0.001,  0.000, 120882.8,  1,  21.5,   1.0, 0.100
2025-10-08 14:19:38,        0,  29.7,   2.0,  23.0,  0.000,  0.001,  0.000, 120883.1,  1,  21.5,   1.0, 0.100
2025-10-08 14:19:39,        0,  29.6,   1.8,  23.0,  0.000,  0.001,  0.000, 120883.7,  1,  21.5,   1.0, 0.100
2025-10-08 14:19:40,        0,  29.6,   1.8,  23.1,  0.000,  0.000,  0.000, 120884.0,  1,  21.5,   1.0, 0.100
2025-10-08 14:19:41,        0,  29.5,   1.6,  23.0,  0.000,  0.000,  0.000, 120884.5,  1,  21.5,   0.9, 0.100
2025-10-08 14:19:42,        0,  29.6,   1.8,  23.0,  0.000,  0.001,  0.000, 120885.4,  1,  21.5,   0.9, 0.100
2025-10-08 14:19:43,        0,  29.6,   1.8,  23.0,  0.000,  0.001,  0.000, 120885.9,  1,  21.5,   0.9, 0.100
2025-10-08 14:19:44,        0,  29.6,   1.8,  23.1,  0.000,  0.001,  0.000, 120886.5,  1,  21.5,   0.9, 0.100
2025-10-08 14:19:45,        0,  29.6,   1.8,  23.0,  0.000,  0.001,  0.000, 120887.1,  1,  21.5,   0.9, 0.100
2025-10-08 14:19:46,        0,  29.6,   1.8,  23.0,  0.000,  0.001,  0.000, 120887.7,  1,  21.5,   0.9, 0.100
2025-10-08 14:19:47,        0,  29.6,   1.8,  23.0,  0.000,  0.000,  0.000, 120887.9,  1,  21.5,   0.9, 0.100
2025-10-08 14:19:48,        0,  29.6,   1.8,  23.0,  0.000,  0.001,  0.000, 120888.5,  1,  21.5,   0.9, 0.100
2025-10-08 14:19:49,        0,  29.6,   1.8,  23.0,  0.000,  0.000,  0.000, 120888.8,  1,  21.5,   0.9, 0.100
2025-10-08 14:19:50,        0,  29.6,   1.8,  23.0,  0.000,  0.001,  0.000, 120889.4,  1,  21.5,   0.9, 0.100
2025-10-08 14:19:51,        0,  29.6,   1.8,  23.0,  0.000,  0.000,  0.000, 120890.2,  1,  21.5,   0.9, 0.100
2025-10-08 14:19:52,        0,  29.6,   1.8,  23.0,  0.000,  0.001,  0.000, 120890.5,  1,  21.5,   0.9, 0.100
2025-10-08 14:19:53,        0,  29.6,   1.8,  23.1,  0.000,  0.000,  0.000, 120891.1,  1,  21.5,   0.9, 0.100
2025-10-08 14:19:54,        0,  29.6,   1.8,  23.0,  0.000,  0.001,  0.000, 120891.4,  1,  21.5,   0.9, 0.100
2025-10-08 14:19:55,        0,  29.6,   1.8,  23.0,  0.000,  0.001,  0.000, 120892.0,  1,  21.5,   0.9, 0.100
2025-10-08 14:19:56,        0,  29.6,   1.8,  23.1,  0.000,  0.001,  0.000, 120892.2,  1,  21.5,   0.9, 0.100
2025-10-08 14:19:57,        0,  29.6,   1.8,  23.1,  0.000,  0.000,  0.000, 120892.8,  1,  21.5,   0.9, 0.100
2025-10-08 14:19:58,        0,  29.7,   2.0,  23.1,  0.000,  0.000,  0.000, 120893.1,  1,  21.5,   0.9, 0.100
2025-10-08 14:19:59,        0,  29.6,   1.8,  23.1,  0.000,  0.001,  0.000, 120893.4,  1,  21.5,   1.0, 0.100
2025-10-08 14:20:00,        0,  29.7,   2.0,  23.0,  0.000,  0.000,  0.000, 120893.7,  1,  21.5,   1.0, 0.100
2025-10-08 14:20:01,        0,  29.6,   1.8,  23.1,  0.000,  0.001,  0.000, 120894.5,  1,  21.5,   0.9, 0.100
2025-10-08 14:20:02,        0,  29.6,   1.8,  23.0,  0.000,  0.000,  0.000, 120894.5,  1,  21.5,   0.9, 0.100
2025-10-08 14:20:03,        0,  29.5,   1.6,  23.0,  0.000,  0.001,  0.000, 120895.1,  1,  21.5,   0.9, 0.100
2025-10-08 14:20:04,        0,  29.6,   1.8,  23.1,  0.000,  0.000,  0.000, 120895.4,  1,  21.5,   0.9, 0.100
2025-10-08 14:20:05,        0,  29.5,   1.5,  23.0,  0.000,  0.000,  0.000, 120896.0,  1,  21.5,   0.9, 0.100
2025-10-08 14:20:06,        0,  29.6,   1.8,  23.0,  0.000,  0.000,  0.000, 120896.2,  1,  21.5,   0.9, 0.100
2025-10-08 14:20:07,        0,  29.6,   1.8,  23.0,  0.000,  0.000,  0.000, 120896.8,  1,  21.5,   0.9, 0.100
2025-10-08 14:20:08,        0,  29.6,   1.8,  23.0,  0.000,  0.000,  0.000, 120897.1,  1,  21.5,   0.9, 0.100
2025-10-08 14:20:09,        0,  29.6,   1.8,  23.0,  0.000,  0.001,  0.000, 120897.7,  1,  21.5,   0.9, 0.100
2025-10-08 14:20:10,        0,  29.5,   1.6,  23.0,  0.000,  0.001,  0.000, 120898.3,  1,  21.5,   0.9, 0.100
2025-10-08 14:20:11,        0,  29.6,   1.8,  23.0,  0.000,  0.000,  0.000, 120898.5,  1,  21.5,   0.9, 0.100
2025-10-08 14:20:12,        0,  29.7,   2.0,  23.0,  0.000,  0.001,  0.000, 120899.4,  1,  21.5,   0.9, 0.100
2025-10-08 14:20:13,        0,  29.6,   1.8,  23.0,  0.000,  0.001,  0.000, 120900.0,  1,  21.5,   0.9, 0.100
2025-10-08 14:20:14,        0,  29.6,   1.8,  23.1,  0.000,  0.000,  0.000, 120900.5,  1,  21.5,   0.9, 0.100
2025-10-08 14:20:15,        0,  29.6,   1.8,  23.0,  0.000,  0.001,  0.000, 120901.1,  1,  21.5,   1.0, 0.100
2025-10-08 14:20:16,        0,  29.6,   1.8,  23.0,  0.000,  0.000,  0.000, 120901.4,  1,  21.5,   1.0, 0.100
2025-10-08 14:20:17,        0,  29.6,   1.8,  23.0,  0.000,  0.001,  0.000, 120901.7,  1,  21.5,   1.0, 0.100
2025-10-08 14:20:18,        0,  29.6,   1.8,  23.0,  0.000,  0.001,  0.000, 120902.3,  1,  21.5,   1.0, 0.100
2025-10-08 14:20:19,        0,  29.6,   1.8,  23.0,  0.000,  0.001,  0.000, 120902.8,  1,  21.5,   1.0, 0.100
2025-10-08 14:20:20,        0,  29.7,   2.0,  23.0,  0.000,  0.000,  0.000, 120903.4,  1,  21.6,   1.0, 0.100
2025-10-08 14:20:21,        0,  29.6,   1.8,  23.1,  0.000,  0.001,  0.000, 120904.0,  1,  21.5,   1.0, 0.100
2025-10-08 14:20:22,        0,  29.6,   1.8,  23.1,  0.000,  0.001,  0.000, 120904.5,  1,  21.6,   1.0, 0.100
2025-10-08 14:20:23,        0,  29.7,   2.0,  23.0,  0.000,  0.000,  0.000, 120905.1,  1,  21.5,   1.0, 0.100
2025-10-08 14:20:24,        0,  29.6,   1.8,  23.0,  0.000,  0.001,  0.000, 120905.4,  1,  21.5,   1.0, 0.100
2025-10-08 14:20:25,        0,  29.6,   1.8,  23.1,  0.000,  0.001,  0.000, 120906.0,  1,  21.5,   1.0, 0.100
2025-10-08 14:20:26,        0,  29.7,   2.0,  23.1,  0.000,  0.000,  0.000, 120906.3,  1,  21.5,   1.0, 0.100
2025-10-08 14:20:27,        0,  29.7,   2.0,  23.0,  0.000,  0.001,  0.000, 120906.8,  1,  21.5,   1.0, 0.100
2025-10-08 14:20:28,        0,  29.6,   1.8,  23.0,  0.000,  0.000,  0.000, 120907.4,  1,  21.5,   1.0, 0.100
2025-10-08 14:20:29,        0,  29.7,   2.0,  23.0,  0.000,  0.001,  0.000, 120907.7,  1,  21.5,   1.0, 0.100
2025-10-08 14:20:30,        0,  29.7,   2.0,  23.0,  0.000,  0.000,  0.000, 120908.3,  1,  21.5,   1.0, 0.100
2025-10-08 14:20:31,        0,  29.6,   1.8,  23.0,  0.000,  0.001,  0.000, 120908.8,  1,  21.6,   1.0, 0.100
2025-10-08 14:20:32,        0,  29.6,   1.8,  23.0,  0.000,  0.001,  0.000, 120909.1,  1,  21.5,   1.0, 0.100
2025-10-08 14:20:33,        0,  29.7,   2.0,  23.0,  0.000,  0.001,  0.000, 120909.7,  1,  21.6,   1.0, 0.100
2025-10-08 14:20:34,        0,  29.7,   2.0,  23.0,  0.000,  0.000,  0.000, 120910.0,  1,  21.5,   1.0, 0.100
2025-10-08 14:20:35,        0,  29.7,   2.0,  23.1,  0.000,  0.001,  0.000, 120910.8,  1,  21.6,   1.0, 0.100
2025-10-08 14:20:36,        0,  29.6,   1.8,  23.0,  0.000,  0.001,  0.000, 120911.1,  1,  21.5,   1.0, 0.100
2025-10-08 14:20:37,        0,  29.6,   1.8,  23.0,  0.000,  0.000,  0.000, 120911.7,  1,  21.5,   1.0, 0.100
2025-10-08 14:20:38,        0,  29.6,   1.8,  23.0,  0.000,  0.000,  0.000, 120912.3,  1,  21.5,   1.0, 0.100
2025-10-08 14:20:39,        0,  29.6,   1.8,  23.0,  0.000,  0.000,  0.000, 120912.6,  1,  21.5,   0.9, 0.100
2025-10-08 14:20:40,        0,  29.6,   1.8,  23.0,  0.000,  0.000,  0.000, 120913.1,  1,  21.5,   1.0, 0.100
2025-10-08 14:20:41,        0,  29.6,   1.8,  23.0,  0.000,  0.000,  0.000, 120913.7,  1,  21.5,   1.0, 0.100
2025-10-08 14:20:42,        0,  29.6,   1.8,  23.0,  0.000,  0.001,  0.000, 120914.0,  1,  21.5,   1.0, 0.100
2025-10-08 14:20:43,        0,  29.6,   1.8,  23.0,  0.000,  0.001,  0.000, 120914.6,  1,  21.5,   1.0, 0.100
2025-10-08 14:20:44,        0,  29.6,   1.8,  23.0,  0.000,  0.001,  0.000, 120915.1,  1,  21.6,   0.9, 0.100
2025-10-08 14:20:45,        0,  29.7,   2.0,  23.0,  0.000,  0.000,  0.000, 120915.4,  1,  21.5,   1.0, 0.100
2025-10-08 14:20:46,        0,  29.7,   2.0,  23.0,  0.000,  0.001,  0.000, 120916.0,  1,  21.5,   0.9, 0.100
2025-10-08 14:20:47,        0,  29.6,   1.8,  23.0,  0.000,  0.001,  0.000, 120916.6,  1,  21.6,   1.0, 0.100
2025-10-08 14:20:48,        0,  29.6,   1.8,  23.0,  0.000,  0.001,  0.000, 120917.4,  1,  21.5,   1.0, 0.100
2025-10-08 14:20:49,        0,  29.7,   2.0,  23.0,  0.000,  0.000,  0.000, 120917.7,  1,  21.5,   1.0, 0.100
2025-10-08 14:20:50,        0,  29.6,   1.8,  23.0,  0.000,  0.000,  0.000, 120918.0,  1,  21.5,   0.9, 0.100
2025-10-08 14:20:51,        0,  29.7,   2.0,  23.0,  0.000,  0.001,  0.000, 120918.6,  1,  21.5,   1.0, 0.100
2025-10-08 14:20:52,        0,  29.6,   1.8,  23.0,  0.000,  0.001,  0.000, 120919.1,  1,  21.5,   0.9, 0.100
2025-10-08 14:20:53,        0,  29.6,   1.8,  23.0,  0.000,  0.000,  0.000, 120919.7,  1,  21.5,   0.9, 0.100
2025-10-08 14:20:54,        0,  29.6,   1.8,  23.0,  0.000,  0.001,  0.000, 120920.6,  1,  21.5,   0.9, 0.100
2025-10-08 14:20:55,        0,  29.7,   2.0,  23.0,  0.000,  0.001,  0.000, 120921.1,  1,  21.5,   1.0, 0.100
2025-10-08 14:20:56,        0,  29.6,   1.8,  23.0,  0.000,  0.001,  0.000, 120921.4,  1,  21.5,   1.0, 0.100
2025-10-08 14:20:57,        0,  29.6,   1.8,  23.0,  0.000,  0.001,  0.000, 120922.0,  1,  21.5,   1.0, 0.100
2025-10-08 14:20:58,        0,  29.7,   2.0,  23.0,  0.000,  0.001,  0.000, 120922.6,  1,  21.5,   1.0, 0.100
2025-10-08 14:20:59,        0,  29.7,   2.0,  23.0,  0.000,  0.000,  0.000, 120922.9,  1,  21.5,   1.0, 0.100
2025-10-08 14:21:00,        0,  29.7,   2.0,  23.0,  0.000,  0.001,  0.000, 120923.4,  1,  21.6,   0.9, 0.100
2025-10-08 14:21:01,        0,  29.6,   1.8,  23.0,  0.000,  0.001,  0.000, 120924.0,  1,  21.5,   1.0, 0.100
2025-10-08 14:21:02,        0,  29.7,   2.0,  23.0,  0.000,  0.000,  0.000, 120924.3,  1,  21.5,   0.9, 0.100
2025-10-08 14:21:03,        0,  29.7,   2.0,  23.0,  0.000,  0.000,  0.000, 120924.6,  1,  21.5,   0.9, 0.100
2025-10-08 14:21:04,        0,  29.7,   2.0,  23.0,  0.000,  0.001,  0.000, 120925.4,  1,  21.5,   0.9, 0.100
2025-10-08 14:21:05,        0,  29.7,   2.0,  23.0,  0.000,  0.001,  0.000, 120926.0,  1,  21.5,   0.9, 0.100
2025-10-08 14:21:06,        0,  29.6,   1.8,  23.0,  0.000,  0.001,  0.000, 120926.6,  1,  21.5,   0.9, 0.100
2025-10-08 14:21:07,        0,  29.6,   1.8,  23.0,  0.000,  0.001,  0.000, 120926.9,  1,  21.5,   0.9, 0.100
2025-10-08 14:21:08,        0,  29.7,   2.0,  23.0,  0.000,  0.001,  0.000, 120927.4,  1,  21.5,   0.9, 0.100
2025-10-08 14:21:09,        0,  29.6,   1.8,  23.0,  0.000,  0.001,  0.000, 120928.0,  1,  21.5,   0.8, 0.100
2025-10-08 14:21:10,        0,  29.6,   1.8,  23.0,  0.000,  0.001,  0.000, 120928.9,  1,  21.5,   0.9, 0.100
2025-10-08 14:21:11,        0,  29.7,   2.0,  23.0,  0.000,  0.000,  0.000, 120929.4,  1,  21.5,   0.8, 0.100
2025-10-08 14:21:12,        0,  29.7,   2.0,  23.0,  0.000,  0.001,  0.000, 120929.7,  1,  21.5,   0.9, 0.100
2025-10-08 14:21:13,        0,  29.7,   2.0,  23.0,  0.000,  0.001,  0.000, 120930.3,  1,  21.5,   0.9, 0.100
2025-10-08 14:21:14,        0,  29.7,   2.0,  23.0,  0.000,  0.001,  0.000, 120930.9,  1,  21.5,   0.8, 0.100
2025-10-08 14:21:15,        0,  29.7,   2.0,  23.0,  0.000,  0.001,  0.000, 120931.4,  1,  21.5,   0.9, 0.100
2025-10-08 14:21:16,        0,  29.6,   1.8,  23.0,  0.000,  0.001,  0.000, 120932.0,  1,  21.5,   0.9, 0.100
2025-10-08 14:21:17,        0,  29.7,   2.0,  23.0,  0.000,  0.001,  0.000, 120932.3,  1,  21.5,   0.8, 0.100
2025-10-08 14:21:18,        0,  29.7,   2.0,  23.0,  0.000,  0.001,  0.000, 120932.9,  1,  21.5,   0.9, 0.100
2025-10-08 14:21:19,        0,  29.7,   2.0,  23.0,  0.000,  0.001,  0.000, 120933.2,  1,  21.5,   0.9, 0.100
2025-10-08 14:21:20,        0,  29.6,   1.8,  23.0,  0.000,  0.000,  0.000, 120933.4,  1,  21.5,   0.9, 0.100
2025-10-08 14:21:21,        0,  29.7,   2.0,  23.0,  0.000,  0.001,  0.000, 120934.0,  1,  21.5,   0.9, 0.100
2025-10-08 14:21:22,        0,  29.6,   1.8,  23.0,  0.000,  0.000,  0.000, 120934.3,  1,  21.5,   0.9, 0.100
2025-10-08 14:21:23,        0,  29.6,   1.8,  23.1,  0.000,  0.000,  0.000, 120934.9,  1,  21.5,   0.9, 0.100
2025-10-08 14:21:24,        0,  29.7,   2.0,  23.1,  0.000,  0.000,  0.000, 120935.4,  1,  21.5,   0.9, 0.100
2025-10-08 14:21:25,        0,  29.7,   2.0,  23.0,  0.000,  0.000,  0.000, 120935.7,  1,  21.5,   0.9, 0.100
2025-10-08 14:21:26,        0,  29.6,   1.8,  23.0,  0.000,  0.001,  0.000, 120936.6,  1,  21.5,   0.9, 0.100
2025-10-08 14:21:27,        0,  29.7,   2.0,  23.0,  0.000,  0.001,  0.000, 120937.2,  1,  21.5,   0.9, 0.100
2025-10-08 14:21:28,        0,  29.7,   2.0,  23.0,  0.000,  0.001,  0.000, 120938.0,  1,  21.5,   0.9, 0.100
2025-10-08 14:21:29,        0,  29.7,   2.0,  23.0,  0.000,  0.000,  0.000, 120938.6,  1,  21.5,   1.0, 0.100
2025-10-08 14:21:30,        0,  29.6,   1.8,  23.0,  0.000,  0.001,  0.000, 120938.9,  1,  21.5,   1.0, 0.100
2025-10-08 14:21:31,        0,  29.7,   2.0,  23.0,  0.000,  0.000,  0.000, 120939.4,  1,  21.5,   1.0, 0.100
2025-10-08 14:21:32,        0,  29.7,   2.0,  23.0,  0.000,  0.000,  0.000, 120939.7,  1,  21.5,   1.0, 0.100
2025-10-08 14:21:33,        0,  29.7,   2.0,  23.0,  0.000,  0.001,  0.000, 120940.6,  1,  21.5,   1.0, 0.100
2025-10-08 14:21:34,        0,  29.7,   2.0,  23.0,  0.000,  0.001,  0.000, 120940.9,  1,  21.5,   1.0, 0.100
2025-10-08 14:21:35,        0,  29.7,   2.0,  23.0,  0.000,  0.000,  0.000, 120941.4,  1,  21.6,   1.0, 0.100
2025-10-08 14:21:36,        0,  29.6,   1.8,  23.0,  0.000,  0.001,  0.000, 120942.0,  1,  21.5,   1.0, 0.100
2025-10-08 14:21:37,        0,  29.6,   1.8,  23.0,  0.000,  0.000,  0.000, 120942.6,  1,  21.5,   1.0, 0.100
2025-10-08 14:21:38,        0,  29.7,   2.0,  23.0,  0.000,  0.000,  0.000, 120942.6,  1,  21.5,   1.0, 0.100
2025-10-08 14:21:39,        0,  29.7,   2.0,  23.0,  0.000,  0.001,  0.000, 120943.2,  1,  21.5,   1.0, 0.100
2025-10-08 14:21:40,        0,  29.7,   2.0,  23.0,  0.000,  0.001,  0.000, 120943.7,  1,  21.5,   1.0, 0.100
2025-10-08 14:21:41,        0,  29.7,   2.0,  23.0,  0.000,  0.000,  0.000, 120944.3,  1,  21.5,   1.0, 0.100
2025-10-08 14:21:42,        0,  29.6,   1.8,  23.0,  0.000,  0.001,  0.000, 120944.6,  1,  21.5,   1.0, 0.100
2025-10-08 14:21:43,        0,  29.7,   2.0,  23.0,  0.000,  0.001,  0.000, 120945.2,  1,  21.6,   1.0, 0.100
2025-10-08 14:21:44,        0,  29.6,   1.8,  23.0,  0.000,  0.001,  0.000, 120945.7,  1,  21.5,   1.0, 0.100
2025-10-08 14:21:45,        0,  29.7,   2.0,  23.0,  0.000,  0.001,  0.000, 120946.3,  1,  21.5,   1.0, 0.100
2025-10-08 14:21:46,        0,  29.7,   2.0,  23.0,  0.000,  0.000,  0.000, 120946.6,  1,  21.5,   1.0, 0.100
2025-10-08 14:21:47,        0,  29.6,   1.8,  23.1,  0.000,  0.000,  0.000, 120947.2,  1,  21.5,   1.0, 0.100
2025-10-08 14:21:48,        0,  29.7,   2.0,  23.0,  0.000,  0.000,  0.000, 120947.7,  1,  21.5,   1.0, 0.100
2025-10-08 14:21:49,        0,  29.7,   2.0,  23.0,  0.000,  0.001,  0.000, 120948.0,  1,  21.5,   1.0, 0.100
2025-10-08 14:21:50,        0,  29.7,   2.0,  23.0,  0.000,  0.000,  0.000, 120948.3,  1,  21.5,   1.0, 0.100
2025-10-08 14:21:51,        0,  29.6,   1.8,  23.0,  0.000,  0.001,  0.000, 120949.2,  1,  21.5,   1.0, 0.100
2025-10-08 14:21:52,        0,  29.6,   1.8,  23.0,  0.000,  0.001,  0.000, 120949.7,  1,  21.5,   1.0, 0.100
2025-10-08 14:21:53,        0,  29.5,   1.6,  23.1,  0.000,  0.000,  0.000, 120950.0,  1,  21.5,   1.0, 0.100
2025-10-08 14:21:54,        0,  29.7,   2.0,  23.1,  0.000,  0.001,  0.000, 120950.3,  1,  21.5,   1.0, 0.100
2025-10-08 14:21:55,        0,  29.7,   2.0,  23.0,  0.000,  0.001,  0.000, 120950.9,  1,  21.5,   1.0, 0.100
2025-10-08 14:21:56,        0,  29.7,   2.0,  23.0,  0.000,  0.001,  0.000, 120951.8,  1,  21.5,   1.0, 0.100
2025-10-08 14:21:57,        0,  29.6,   1.8,  23.1,  0.000,  0.000,  0.000, 120952.0,  1,  21.5,   1.0, 0.100
2025-10-08 14:21:58,        0,  29.7,   2.0,  23.1,  0.000,  0.000,  0.000, 120952.3,  1,  21.5,   1.0, 0.100
2025-10-08 14:21:59,        0,  29.6,   1.8,  23.0,  0.000,  0.001,  0.000, 120952.9,  1,  21.5,   1.0, 0.100
2025-10-08 14:22:00,        0,  29.7,   2.0,  23.0,  0.000,  0.000,  0.000, 120953.8,  1,  21.5,   1.0, 0.100
2025-10-08 14:22:01,        0,  29.7,   2.0,  23.0,  0.000,  0.001,  0.000, 120954.3,  1,  21.5,   1.0, 0.100
2025-10-08 14:22:02,        0,  29.7,   2.0,  23.1,  0.000,  0.000,  0.000, 120954.6,  1,  21.5,   1.0, 0.100
2025-10-08 14:22:03,        0,  29.7,   2.0,  23.1,  0.000,  0.001,  0.000, 120955.2,  1,  21.5,   1.0, 0.100
2025-10-08 14:22:04,        0,  29.7,   2.0,  23.0,  0.000,  0.000,  0.000, 120955.8,  1,  21.5,   1.0, 0.100
2025-10-08 14:22:05,        0,  29.7,   2.0,  23.1,  0.000,  0.001,  0.000, 120956.0,  1,  21.5,   1.0, 0.100
2025-10-08 14:22:06,        0,  29.7,   2.0,  23.1,  0.000,  0.001,  0.000, 120956.6,  1,  21.6,   1.0, 0.100
2025-10-08 14:22:07,        0,  29.7,   2.0,  23.1,  0.000,  0.001,  0.000, 120957.5,  1,  21.6,   1.0, 0.100
2025-10-08 14:22:08,        0,  29.7,   2.0,  23.1,  0.000,  0.001,  0.000, 120957.8,  1,  21.5,   1.0, 0.100
2025-10-08 14:22:09,        0,  29.6,   1.8,  23.0,  0.000,  0.000,  0.000, 120958.3,  1,  21.5,   0.9, 0.100
2025-10-08 14:22:10,        0,  29.7,   2.0,  23.1,  0.000,  0.001,  0.000, 120958.6,  1,  21.6,   0.9, 0.100
2025-10-08 14:22:11,        0,  29.6,   1.8,  23.1,  0.000,  0.000,  0.000, 120958.9,  1,  21.5,   1.0, 0.100
2025-10-08 14:22:12,        0,  29.7,   2.0,  23.1,  0.000,  0.001,  0.000, 120959.5,  1,  21.5,   1.0, 0.100
2025-10-08 14:22:13,        0,  29.7,   2.0,  23.1,  0.000,  0.001,  0.000, 120960.0,  1,  21.5,   1.0, 0.100
2025-10-08 14:22:14,        0,  29.6,   1.8,  23.0,  0.000,  0.001,  0.000, 120960.3,  1,  21.5,   0.9, 0.100
2025-10-08 14:22:15,        0,  29.7,   2.0,  23.1,  0.000,  0.000,  0.000, 120960.9,  1,  21.5,   1.0, 0.100
2025-10-08 14:22:16,        0,  29.5,   1.6,  23.1,  0.000,  0.000,  0.000, 120961.2,  1,  21.5,   1.0, 0.100
2025-10-08 14:22:17,        0,  29.7,   2.0,  23.1,  0.000,  0.001,  0.000, 120961.8,  1,  21.6,   0.9, 0.100
2025-10-08 14:22:18,        0,  29.7,   2.0,  23.1,  0.000,  0.000,  0.000, 120962.0,  1,  21.5,   1.0, 0.100
2025-10-08 14:22:19,        0,  29.7,   2.0,  23.0,  0.000,  0.000,  0.000, 120962.6,  1,  21.5,   1.0, 0.100
2025-10-08 14:22:20,        0,  29.6,   1.8,  23.1,  0.000,  0.001,  0.000, 120963.2,  1,  21.5,   0.9, 0.100
2025-10-08 14:22:21,        0,  29.7,   2.0,  23.1,  0.000,  0.001,  0.000, 120963.8,  1,  21.5,   0.9, 0.100
2025-10-08 14:22:22,        0,  29.7,   2.2,  23.0,  0.000,  0.001,  0.000, 120964.6,  1,  21.5,   1.0, 0.100
2025-10-08 14:22:23,        0,  29.7,   2.0,  23.1,  0.000,  0.000,  0.000, 120964.9,  1,  21.5,   1.0, 0.100
2025-10-08 14:22:24,        0,  29.6,   1.8,  23.1,  0.000,  0.001,  0.000, 120965.5,  1,  21.6,   0.9, 0.100
2025-10-08 14:22:25,        0,  29.7,   2.0,  23.0,  0.000,  0.001,  0.000, 120966.1,  1,  21.6,   1.0, 0.100
2025-10-08 14:22:26,        0,  29.7,   2.0,  23.1,  0.000,  0.001,  0.000, 120966.6,  1,  21.6,   1.0, 0.100
2025-10-08 14:22:27,        0,  29.7,   2.0,  23.1,  0.000,  0.000,  0.000, 120966.9,  1,  21.5,   1.0, 0.100
2025-10-08 14:22:28,        0,  29.7,   2.0,  23.0,  0.000,  0.000,  0.000, 120967.5,  1,  21.5,   1.0, 0.100
2025-10-08 14:22:29,        0,  29.7,   2.0,  23.1,  0.000,  0.001,  0.000, 120968.1,  1,  21.5,   1.0, 0.100
2025-10-08 14:22:30,        0,  29.5,   1.6,  23.1,  0.000,  0.001,  0.000, 120968.6,  1,  21.5,   1.0, 0.100
2025-10-08 14:22:31,        0,  29.7,   2.0,  23.0,  0.000,  0.001,  0.000, 120969.2,  1,  21.5,   1.0, 0.100
2025-10-08 14:22:32,        0,  29.7,   2.0,  23.0,  0.000,  0.000,  0.000, 120969.5,  1,  21.5,   1.0, 0.100
2025-10-08 14:22:33,        0,  29.7,   2.0,  23.1,  0.000,  0.001,  0.000, 120969.8,  1,  21.5,   1.0, 0.100
2025-10-08 14:22:34,        0,  29.7,   2.0,  23.0,  0.000,  0.001,  0.000, 120970.4,  1,  21.5,   1.0, 0.100
2025-10-08 14:22:35,        0,  29.7,   2.0,  23.0,  0.000,  0.001,  0.000, 120970.9,  1,  21.5,   1.0, 0.100
2025-10-08 14:22:36,        0,  29.7,   2.2,  23.0,  0.000,  0.001,  0.000, 120971.5,  1,  21.5,   1.0, 0.100
2025-10-08 14:22:37,        0,  29.7,   2.2,  23.1,  0.000,  0.000,  0.000, 120972.1,  1,  21.5,   1.0, 0.100
2025-10-08 14:22:38,        0,  29.6,   1.8,  23.1,  0.000,  0.001,  0.000, 120972.6,  1,  21.5,   1.0, 0.100
2025-10-08 14:22:39,        0,  29.6,   1.8,  23.0,  0.000,  0.000,  0.000, 120972.9,  1,  21.5,   1.0, 0.100
2025-10-08 14:22:40,        0,  29.7,   2.2,  23.0,  0.000,  0.001,  0.000, 120973.5,  1,  21.5,   1.0, 0.100
2025-10-08 14:22:41,        0,  29.7,   2.2,  23.1,  0.000,  0.000,  0.000, 120973.8,  1,  21.5,   1.0, 0.100
2025-10-08 14:22:42,        0,  29.7,   2.2,  23.0,  0.000,  0.001,  0.000, 120974.4,  1,  21.5,   1.0, 0.100
2025-10-08 14:22:43,        0,  29.7,   2.0,  23.1,  0.000,  0.001,  0.000, 120974.6,  1,  21.6,   1.0, 0.100
2025-10-08 14:22:44,        0,  29.7,   2.0,  23.0,  0.000,  0.000,  0.000, 120975.2,  1,  21.5,   1.0, 0.100
2025-10-08 14:22:45,        0,  29.7,   2.0,  23.0,  0.000,  0.001,  0.000, 120975.8,  1,  21.5,   1.0, 0.100
2025-10-08 14:22:46,        0,  29.7,   2.0,  23.1,  0.000,  0.000,  0.000, 120976.1,  1,  21.6,   1.0, 0.100
2025-10-08 14:22:47,        0,  29.7,   2.0,  23.1,  0.000,  0.000,  0.000, 120976.4,  1,  21.5,   1.0, 0.100
2025-10-08 14:22:48,        0,  29.7,   2.2,  23.0,  0.000,  0.000,  0.000, 120976.6,  1,  21.5,   1.0, 0.100
2025-10-08 14:22:49,        0,  29.7,   2.2,  23.0,  0.000,  0.001,  0.000, 120977.5,  1,  21.6,   1.0, 0.100
2025-10-08 14:22:50,        0,  29.7,   2.0,  23.0,  0.000,  0.001,  0.000, 120978.1,  1,  21.6,   1.0, 0.100
2025-10-08 14:22:51,        0,  29.7,   2.0,  23.0,  0.000,  0.000,  0.000, 120978.6,  1,  21.5,   1.0, 0.100
2025-10-08 14:22:52,        0,  29.7,   2.0,  23.1,  0.000,  0.000,  0.000, 120978.6,  1,  21.5,   1.0, 0.100
2025-10-08 14:22:53,        0,  29.7,   2.0,  23.1,  0.000,  0.000,  0.000, 120978.6,  1,  21.5,   1.0, 0.100
2025-10-08 14:22:54,        0,  29.7,   2.2,  23.1,  0.000,  0.001,  0.000, 120979.2,  1,  21.5,   1.0, 0.100
2025-10-08 14:22:55,        0,  29.7,   2.0,  23.1,  0.000,  0.001,  0.000, 120979.8,  1,  21.5,   1.0, 0.100
2025-10-08 14:22:56,        0,  29.7,   2.0,  23.1,  0.000,  0.000,  0.000, 120980.4,  1,  21.5,   1.0, 0.100
2025-10-08 14:22:57,        0,  29.7,   2.0,  23.1,  0.000,  0.001,  0.000, 120980.9,  1,  21.5,   1.0, 0.100
2025-10-08 14:22:58,        0,  29.7,   2.0,  23.1,  0.000,  0.001,  0.000, 120981.2,  1,  21.6,   1.0, 0.100
2025-10-08 14:22:59,        0,  29.7,   2.0,  23.1,  0.000,  0.001,  0.000, 120981.5,  1,  21.6,   1.0, 0.100
2025-10-08 14:23:00,        0,  29.7,   2.0,  23.1,  0.000,  0.000,  0.000, 120981.8,  1,  21.5,   1.0, 0.100
2025-10-08 14:23:01,        0,  29.7,   2.0,  23.0,  0.000,  0.001,  0.000, 120982.4,  1,  21.5,   1.0, 0.100
2025-10-08 14:23:02,        0,  29.7,   2.0,  23.1,  0.000,  0.001,  0.000, 120982.9,  1,  21.5,   1.0, 0.100
2025-10-08 14:23:03,        0,  29.7,   2.0,  23.1,  0.000,  0.000,  0.000, 120983.2,  1,  21.6,   1.0, 0.100
2025-10-08 14:23:04,        0,  29.7,   2.0,  23.1,  0.000,  0.001,  0.000, 120983.8,  1,  21.5,   1.0, 0.100
2025-10-08 14:23:05,        0,  29.7,   2.0,  23.0,  0.000,  0.001,  0.000, 120984.1,  1,  21.6,   1.0, 0.100
2025-10-08 14:23:06,        0,  29.7,   2.0,  23.1,  0.000,  0.000,  0.000, 120984.4,  1,  21.5,   1.0, 0.100
2025-10-08 14:23:07,        0,  29.7,   2.0,  23.1,  0.000,  0.000,  0.000, 120984.7,  1,  21.5,   1.0, 0.100
2025-10-08 14:23:08,        0,  29.7,   2.0,  23.1,  0.000,  0.001,  0.000, 120985.2,  1,  21.5,   1.0, 0.100
2025-10-08 14:23:09,        0,  29.6,   1.8,  23.1,  0.000,  0.000,  0.000, 120985.5,  1,  21.5,   1.0, 0.100
2025-10-08 14:23:10,        0,  29.7,   2.0,  23.1,  0.000,  0.000,  0.000, 120986.1,  1,  21.5,   1.0, 0.100
2025-10-08 14:23:11,        0,  29.7,   2.0,  23.1,  0.000,  0.001,  0.000, 120986.4,  1,  21.5,   1.0, 0.100
2025-10-08 14:23:12,        0,  29.7,   2.0,  23.1,  0.000,  0.001,  0.000, 120986.7,  1,  21.6,   1.0, 0.100
2025-10-08 14:23:13,        0,  29.7,   2.0,  23.0,  0.000,  0.000,  0.000, 120986.9,  1,  21.6,   1.0, 0.100
2025-10-08 14:23:14,        0,  29.7,   2.0,  23.1,  0.000,  0.000,  0.000, 120987.5,  1,  21.5,   1.0, 0.100
2025-10-08 14:23:15,        0,  29.7,   2.0,  23.1,  0.000,  0.000,  0.000, 120988.1,  1,  21.6,   1.0, 0.100
2025-10-08 14:23:16,        0,  29.7,   2.0,  23.1,  0.000,  0.001,  0.000, 120988.4,  1,  21.6,   1.0, 0.100
2025-10-08 14:23:17,        0,  29.7,   2.0,  23.1,  0.000,  0.000,  0.000, 120988.9,  1,  21.5,   1.0, 0.100
2025-10-08 14:23:18,        0,  29.7,   2.0,  23.0,  0.000, -0.000,  0.000, 120988.9,  1,  21.5,   1.0, 0.100
2025-10-08 14:23:19,        0,  29.7,   2.0,  23.1,  0.000,  0.000,  0.000, 120989.2,  1,  21.6,   1.0, 0.100
2025-10-08 14:23:20,        0,  29.7,   2.0,  23.1,  0.000,  0.001,  0.000, 120989.8,  1,  21.6,   1.0, 0.100
2025-10-08 14:23:21,        0,  29.7,   2.2,  23.1,  0.000,  0.001,  0.000, 120990.4,  1,  21.5,   1.0, 0.100
2025-10-08 14:23:22,        0,  29.7,   2.0,  23.1,  0.000,  0.001,  0.000, 120990.7,  1,  21.6,   1.0, 0.100
2025-10-08 14:23:23,        0,  29.7,   2.2,  23.1,  0.000,  0.001,  0.000, 120991.2,  1,  21.6,   1.0, 0.100
2025-10-08 14:23:24,        0,  29.7,   2.2,  23.1,  0.000,  0.001,  0.000, 120992.1,  1,  21.6,   1.0, 0.100
2025-10-08 14:23:25,        0,  29.7,   2.0,  23.1,  0.000,  0.000,  0.000, 120992.7,  1,  21.5,   1.0, 0.100
2025-10-08 14:23:26,        0,  29.7,   2.0,  23.1,  0.000,  0.000,  0.000, 120993.0,  1,  21.6,   1.0, 0.100
2025-10-08 14:23:27,        0,  29.7,   2.0,  23.1,  0.000,  0.001,  0.000, 120993.5,  1,  21.6,   1.1, 0.100
2025-10-08 14:23:28,        0,  29.7,   2.0,  23.1,  0.000,  0.001,  0.000, 120993.8,  1,  21.6,   1.1, 0.100
2025-10-08 14:23:29,        0,  29.7,   2.0,  23.1,  0.000,  0.001,  0.000, 120994.4,  1,  21.6,   1.1, 0.100
2025-10-08 14:23:30,        0,  29.7,   2.0,  23.1,  0.000,  0.000,  0.000, 120994.7,  1,  21.6,   1.1, 0.100
2025-10-08 14:23:31,        0,  29.7,   2.0,  23.1,  0.000,  0.001,  0.000, 120995.2,  1,  21.5,   1.1, 0.100
2025-10-08 14:23:32,        0,  29.7,   2.2,  23.1,  0.000,  0.000,  0.000, 120995.8,  1,  21.6,   1.1, 0.100
2025-10-08 14:23:33,        0,  29.7,   2.0,  23.1,  0.000,  0.000,  0.000, 120996.4,  1,  21.6,   1.1, 0.100
2025-10-08 14:23:34,        0,  29.7,   2.0,  23.1,  0.000,  0.000,  0.000, 120996.7,  1,  21.6,   1.1, 0.100
2025-10-08 14:23:35,        0,  29.7,   2.0,  23.1,  0.000,  0.000,  0.000, 120997.2,  1,  21.6,   1.1, 0.100
2025-10-08 14:23:36,        0,  29.7,   2.2,  23.1,  0.000,  0.000,  0.000, 120997.5,  1,  21.6,   1.1, 0.100
2025-10-08 14:23:37,        0,  29.7,   2.0,  23.1,  0.000,  0.000,  0.000, 120998.1,  1,  21.6,   1.1, 0.100
2025-10-08 14:23:38,        0,  29.7,   2.0,  23.1,  0.000,  0.000,  0.000, 120998.4,  1,  21.6,   1.0, 0.100
2025-10-08 14:23:39,        0,  29.7,   2.0,  23.1,  0.000,  0.000,  0.000, 120998.7,  1,  21.6,   1.1, 0.100
2025-10-08 14:23:40,        0,  29.6,   1.8,  23.1,  0.000,  0.001,  0.000, 120999.0,  1,  21.6,   1.1, 0.100
2025-10-08 14:23:41,        0,  29.7,   2.2,  23.1,  0.000,  0.001,  0.000, 120999.5,  1,  21.6,   1.0, 0.100
2025-10-08 14:23:42,        0,  29.7,   2.0,  23.1,  0.000,  0.001,  0.000, 121000.1,  1,  21.6,   1.0, 0.100
2025-10-08 14:23:43,        0,  29.7,   2.0,  23.1,  0.000,  0.001,  0.000, 121000.7,  1,  21.6,   1.0, 0.100
2025-10-08 14:23:44,        0,  29.7,   2.2,  23.1,  0.000,  0.001,  0.000, 121001.0,  1,  21.6,   1.0, 0.100
2025-10-08 14:23:45,        0,  29.7,   2.0,  23.1,  0.000,  0.000,  0.000, 121001.5,  1,  21.6,   1.0, 0.100
2025-10-08 14:23:46,        0,  29.7,   2.0,  23.0,  0.000,  0.000,  0.000, 121001.8,  1,  21.6,   1.0, 0.100
2025-10-08 14:23:47,        0,  29.7,   2.0,  23.1,  0.000,  0.001,  0.000, 121002.4,  1,  21.6,   1.0, 0.100
2025-10-08 14:23:48,        0,  29.7,   2.2,  23.1,  0.000,  0.001,  0.000, 121002.7,  1,  21.6,   1.0, 0.100
2025-10-08 14:23:49,        0,  29.7,   2.2,  23.1,  0.000,  0.001,  0.000, 121003.2,  1,  21.6,   1.0, 0.100
2025-10-08 14:23:50,        0,  29.7,   2.2,  23.1,  0.000,  0.000,  0.000, 121003.5,  1,  21.6,   1.0, 0.100
2025-10-08 14:23:51,        0,  29.7,   2.2,  23.1,  0.000,  0.000,  0.000, 121003.8,  1,  21.6,   1.0, 0.100
2025-10-08 14:23:52,        0,  29.7,   2.2,  23.1,  0.000,  0.000,  0.000, 121004.4,  1,  21.6,   1.0, 0.100
2025-10-08 14:23:53,        0,  29.7,   2.2,  23.1,  0.000,  0.001,  0.000, 121004.7,  1,  21.6,   1.0, 0.100
2025-10-08 14:23:54,        0,  29.7,   2.2,  23.0,  0.000,  0.000,  0.000, 121005.0,  1,  21.6,   1.0, 0.100
2025-10-08 14:23:55,        0,  29.7,   2.0,  23.1,  0.000,  0.000,  0.000, 121005.5,  1,  21.6,   1.0, 0.100
2025-10-08 14:23:56,        0,  29.7,   2.0,  23.0,  0.000,  0.001,  0.000, 121006.4,  1,  21.6,   1.0, 0.100
2025-10-08 14:23:57,        0,  29.7,   2.2,  23.1,  0.000,  0.000,  0.000, 121006.4,  1,  21.6,   1.0, 0.100
2025-10-08 14:23:58,        0,  29.7,   2.2,  23.1,  0.000,  0.001,  0.000, 121007.0,  1,  21.6,   1.0, 0.100
2025-10-08 14:23:59,        0,  29.7,   2.0,  23.1,  0.000,  0.001,  0.000, 121007.5,  1,  21.6,   1.0, 0.100
2025-10-08 14:24:00,        0,  29.7,   2.2,  23.1,  0.000,  0.000,  0.000, 121007.8,  1,  21.7,   1.0, 0.100
2025-10-08 14:24:01,        0,  29.7,   2.2,  23.0,  0.000,  0.001,  0.000, 121008.4,  1,  21.6,   0.9, 0.100
2025-10-08 14:24:02,        0,  29.7,   2.2,  23.1,  0.000,  0.001,  0.000, 121009.0,  1,  21.6,   1.0, 0.100
2025-10-08 14:24:03,        0,  29.7,   2.0,  23.1,  0.000,  0.001,  0.000, 121009.5,  1,  21.7,   1.0, 0.100
2025-10-08 14:24:04,        0,  29.7,   2.2,  23.0,  0.000,  0.000,  0.000, 121010.1,  1,  21.6,   1.0, 0.100
2025-10-08 14:24:05,        0,  29.7,   2.0,  23.1,  0.000,  0.000,  0.000, 121010.7,  1,  21.6,   1.0, 0.100
2025-10-08 14:24:06,        0,  29.7,   2.0,  23.0,  0.000,  0.001,  0.000, 121011.3,  1,  21.6,   1.0, 0.100
2025-10-08 14:24:07,        0,  29.7,   2.0,  23.1,  0.000,  0.000,  0.000, 121012.1,  1,  21.7,   0.9, 0.100
2025-10-08 14:24:08,        0,  29.7,   2.0,  23.1,  0.000,  0.001,  0.000, 121012.1,  1,  21.6,   1.0, 0.100
2025-10-08 14:24:09,        0,  29.7,   2.2,  23.1,  0.000,  0.001,  0.000, 121013.0,  1,  21.7,   1.0, 0.100
2025-10-08 14:24:10,        0,  29.7,   2.2,  23.1,  0.000,  0.001,  0.000, 121013.6,  1,  21.6,   1.0, 0.100
2025-10-08 14:24:11,        0,  29.7,   2.2,  23.1,  0.000,  0.001,  0.000, 121013.8,  1,  21.6,   1.0, 0.100
2025-10-08 14:24:12,        0,  29.7,   2.0,  23.1,  0.000,  0.001,  0.000, 121014.4,  1,  21.6,   1.0, 0.100
2025-10-08 14:24:13,        0,  29.7,   2.0,  23.1,  0.000,  0.001,  0.000, 121015.0,  1,  21.6,   1.0, 0.100
2025-10-08 14:24:14,        0,  29.7,   2.0,  23.0,  0.000,  0.001,  0.000, 121015.6,  1,  21.6,   1.0, 0.100
2025-10-08 14:24:15,        0,  29.7,   2.0,  23.1,  0.000,  0.000,  0.000, 121016.1,  1,  21.7,   1.0, 0.100
2025-10-08 14:24:16,        0,  29.7,   2.2,  23.1,  0.000,  0.001,  0.000, 121016.7,  1,  21.6,   1.0, 0.100
2025-10-08 14:24:17,        0,  29.7,   2.2,  23.1,  0.000,  0.000,  0.000, 121017.0,  1,  21.7,   1.0, 0.100
2025-10-08 14:24:18,        0,  29.7,   2.0,  23.1,  0.000,  0.001,  0.000, 121017.6,  1,  21.6,   1.0, 0.100
2025-10-08 14:24:19,        0,  29.7,   2.2,  23.1,  0.000,  0.000,  0.000, 121017.6,  1,  21.7,   1.0, 0.100
2025-10-08 14:24:20,        0,  29.7,   2.2,  23.1,  0.000,  0.000,  0.000, 121017.8,  1,  21.6,   1.0, 0.100
2025-10-08 14:24:21,        0,  29.7,   2.2,  23.1,  0.000,  0.000,  0.000, 121018.4,  1,  21.7,   1.0, 0.100
2025-10-08 14:24:22,        0,  29.7,   2.0,  23.1,  0.000,  0.000,  0.000, 121019.0,  1,  21.7,   1.0, 0.100
2025-10-08 14:24:23,        0,  29.7,   2.2,  23.0,  0.000,  0.001,  0.000, 121019.8,  1,  21.7,   1.0, 0.100
2025-10-08 14:24:24,        0,  29.7,   2.0,  23.1,  0.000,  0.001,  0.000, 121020.1,  1,  21.7,   1.0, 0.100
2025-10-08 14:24:25,        0,  29.7,   2.0,  23.1,  0.000,  0.001,  0.000, 121020.7,  1,  21.6,   1.0, 0.100
2025-10-08 14:24:26,        0,  29.7,   2.2,  23.1,  0.000,  0.001,  0.000, 121021.3,  1,  21.6,   1.0, 0.100
2025-10-08 14:24:27,        0,  29.7,   2.0,  23.1,  0.000,  0.001,  0.000, 121021.6,  1,  21.7,   1.0, 0.100
2025-10-08 14:24:28,        0,  29.7,   2.0,  23.1,  0.000,  0.001,  0.000, 121022.4,  1,  21.6,   1.0, 0.100
2025-10-08 14:24:29,        0,  29.7,   2.0,  23.1,  0.000,  0.000,  0.000, 121022.4,  1,  21.7,   1.0, 0.100
2025-10-08 14:24:30,        0,  29.7,   2.0,  23.1,  0.000,  0.001,  0.000, 121023.0,  1,  21.7,   1.0, 0.100
2025-10-08 14:24:31,        0,  29.7,   2.2,  23.0,  0.000,  0.000,  0.000, 121023.6,  1,  21.6,   1.0, 0.100
2025-10-08 14:24:32,        0,  29.7,   2.2,  23.1,  0.000,  0.001,  0.000, 121024.1,  1,  21.6,   1.0, 0.100
2025-10-08 14:24:33,        0,  29.8,   2.3,  23.1,  0.000,  0.001,  0.000, 121024.7,  1,  21.7,   1.0, 0.100
2025-10-08 14:24:34,        0,  29.7,   2.2,  23.1,  0.000,  0.000,  0.000, 121025.3,  1,  21.6,   1.0, 0.100
2025-10-08 14:24:35,        0,  29.7,   2.2,  23.1,  0.000,  0.001,  0.000, 121025.9,  1,  21.7,   1.0, 0.100
2025-10-08 14:24:36,        0,  29.7,   2.2,  23.1,  0.000,  0.000,  0.000, 121026.4,  1,  21.7,   1.0, 0.100
2025-10-08 14:24:37,        0,  29.7,   2.2,  23.1,  0.000,  0.001,  0.000, 121027.0,  1,  21.6,   1.0, 0.100
2025-10-08 14:24:38,        0,  29.7,   2.2,  23.1,  0.000,  0.000,  0.000, 121027.6,  1,  21.6,   1.0, 0.100
2025-10-08 14:24:39,        0,  29.7,   2.2,  23.1,  0.000,  0.000,  0.000, 121027.9,  1,  21.7,   1.0, 0.100
2025-10-08 14:24:40,        0,  29.7,   2.2,  23.1,  0.000,  0.001,  0.000, 121028.4,  1,  21.6,   1.0, 0.100
2025-10-08 14:24:41,        0,  29.7,   2.2,  23.1,  0.000,  0.000,  0.000, 121029.0,  1,  21.6,   1.0, 0.100
2025-10-08 14:24:42,        0,  29.7,   2.2,  23.1,  0.000,  0.001,  0.000, 121029.6,  1,  21.7,   1.0, 0.100
2025-10-08 14:24:43,        0,  29.7,   2.2,  23.1,  0.000,  0.001,  0.000, 121030.2,  1,  21.6,   1.0, 0.100
2025-10-08 14:24:44,        0,  29.7,   2.2,  23.0,  0.000,  0.001,  0.000, 121030.7,  1,  21.6,   1.0, 0.100
2025-10-08 14:24:45,        0,  29.7,   2.2,  23.1,  0.000,  0.001,  0.000, 121031.0,  1,  21.6,   1.0, 0.100
2025-10-08 14:24:46,        0,  29.7,   2.2,  23.0,  0.000,  0.001,  0.000, 121031.6,  1,  21.6,   1.0, 0.100
2025-10-08 14:24:47,        0,  29.8,   2.3,  23.0,  0.000,  0.001,  0.000, 121032.2,  1,  21.7,   1.0, 0.100
2025-10-08 14:24:48,        0,  29.7,   2.2,  23.0,  0.000, -0.000,  0.000, 121032.4,  1,  21.6,   1.0, 0.100
2025-10-08 14:24:49,        0,  29.7,   2.2,  23.0,  0.000,  0.001,  0.000, 121032.7,  1,  21.6,   1.0, 0.100
2025-10-08 14:24:50,        0,  29.8,   2.3,  23.0,  0.000,  0.001,  0.000, 121033.3,  1,  21.6,   1.0, 0.100
2025-10-08 14:24:51,        0,  29.7,   2.2,  23.0,  0.000,  0.000,  0.000, 121033.9,  1,  21.7,   1.0, 0.100
2025-10-08 14:24:52,        0,  29.7,   2.2,  23.0,  0.000,  0.001,  0.000, 121034.7,  1,  21.6,   1.0, 0.100
2025-10-08 14:24:53,        0,  29.7,   2.2,  23.1,  0.000,  0.001,  0.000, 121035.6,  1,  21.7,   1.0, 0.100
2025-10-08 14:24:54,        0,  29.7,   2.2,  23.0,  0.000,  0.001,  0.000, 121035.9,  1,  21.7,   1.0, 0.100
2025-10-08 14:24:55,        0,  29.7,   2.0,  23.0,  0.000,  0.001,  0.000, 121036.4,  1,  21.7,   1.0, 0.100
2025-10-08 14:24:56,        0,  29.7,   2.2,  23.0,  0.000,  0.001,  0.000, 121037.0,  1,  21.7,   0.9, 0.100
2025-10-08 14:24:57,        0,  29.7,   2.0,  23.0,  0.000,  0.001,  0.000, 121037.6,  1,  21.6,   1.0, 0.100
