Time, Cnts,  %T, set_Cell[mA], Cell[°C], Cell[Volt], Cell[mA], Cell[W], Cell[uAs], Cell_ON, Env[°C], TEC[°C], N2Flow[slpm]
2025-11-11 16:19:50,        0,  29.7,   2.0,  25.3,  0.242, -0.003,  0.000,     -2.0,  1,  22.7,   0.9, 0.100
2025-11-11 16:19:51,        0,  29.7,   2.1,  25.3,  0.240, -0.004,  0.000,     -5.7,  1,  22.7,   1.0, 0.100
2025-11-11 16:19:51,        0,  29.7,   2.0,  25.3,  0.238, -0.003,  0.000,     -8.6,  1,  22.7,   1.0, 0.100
2025-11-11 16:19:52,        0,  29.7,   2.1,  25.3,  0.237, -0.003,  0.000,    -11.7,  1,  22.7,   1.0, 0.100
2025-11-11 16:19:54,        0,  29.7,   2.1,  25.3,  0.235, -0.003,  0.000,    -15.4,  1,  22.7,   1.0, 0.099
2025-11-11 16:19:55,        0,  29.7,   2.0,  25.4,  0.234, -0.003,  0.000,    -18.6,  1,  22.7,   1.0, 0.099
2025-11-11 16:19:55,        0,  29.7,   2.1,  25.4,  0.233, -0.003,  0.000,    -22.0,  1,  22.7,   1.0, 0.099
2025-11-11 16:19:56,        0,  29.7,   2.1,  25.4,  0.231, -0.003,  0.000,    -24.9,  1,  22.7,   1.0, 0.099
2025-11-11 16:19:58,        0,  29.8,   2.3,  25.3,  0.229, -0.003,  0.000,    -28.6,  1,  22.7,   1.0, 0.099
2025-11-11 16:19:59,        0,  29.8,   2.3,  25.4,  0.229, -0.003,  0.000,    -31.8,  1,  22.7,   0.9, 0.098
2025-11-11 16:19:59,        0,  29.7,   2.1,  25.4,  0.227, -0.003,  0.000,    -34.3,  1,  22.7,   0.9, 0.098
2025-11-11 16:20:00,        0,  29.7,   2.1,  25.4,  0.227, -0.003,  0.000,    -37.5,  1,  22.7,   0.9, 0.098
2025-11-11 16:20:02,        0,  29.7,   2.1,  25.4,  0.225, -0.003,  0.000,    -41.2,  1,  22.7,   0.9, 0.098
2025-11-11 16:20:03,        0,  29.7,   2.1,  25.4,  0.223, -0.003,  0.000,    -44.3,  1,  22.7,   0.9, 0.098
2025-11-11 16:20:03,        0,  29.8,   2.3,  25.4,  0.222, -0.003,  0.000,    -47.5,  1,  22.7,   0.9, 0.098
2025-11-11 16:20:04,        0,  29.8,   2.3,  25.4,  0.221, -0.003,  0.000,    -50.4,  1,  22.7,   0.8, 0.097
2025-11-11 16:20:06,        0,  29.8,   2.3,  25.3,  0.220, -0.003,  0.000,    -54.1,  1,  22.7,   0.8, 0.097
2025-11-11 16:20:07,        0,  29.8,   2.3,  25.4,  0.220, -0.003,  0.000,    -56.9,  1,  22.7,   0.8, 0.098
2025-11-11 16:20:07,        0,  29.8,   2.3,  25.4,  0.218, -0.003,  0.000,    -60.1,  1,  22.7,   0.9, 0.097
2025-11-11 16:20:08,        0,  29.8,   2.5,  25.4,  0.218, -0.003,  0.000,    -62.9,  1,  22.7,   0.8, 0.097
2025-11-11 16:20:10,        0,  30.0,   3.0,  25.4,  6.139,  4.356,  0.027,   3005.5,  1,  22.7,   0.8, 0.097
2025-11-11 16:20:11,        0,  30.0,   3.1,  25.4,  6.376,  4.582,  0.029,   7349.7,  1,  22.7,   0.8, 0.097
2025-11-11 16:20:11,        0,  30.3,   4.0,  25.4,  6.050,  4.277,  0.026,  10603.8,  1,  22.7,   0.8, 0.097
2025-11-11 16:20:12,        0,  30.9,   5.6,  25.4,  8.548,  6.645,  0.058,  16085.0,  1,  22.7,   0.8, 0.100
2025-11-11 16:20:14,        0,  30.8,   5.4,  25.3,  8.602,  6.701,  0.058,  23588.6,  1,  22.7,   0.8, 0.106
2025-11-11 16:20:15,        0,  31.7,   8.1,  25.3, 10.333,  8.349,  0.089,  30879.3,  1,  22.7,   0.9, 0.133
2025-11-11 16:20:15,        0,  33.0,  11.9,  25.3, 12.730, 10.643,  0.139,  40907.5,  1,  22.7,   0.8, 0.107
2025-11-11 16:20:16,        0,  31.5,   7.6,  25.3, 15.073, 12.900,  0.195,  52832.8,  1,  22.7,   0.8, 0.101
2025-11-11 16:20:18,        0,  33.5,  13.5,  25.3, 16.338, 14.119,  0.231,  68015.7,  1,  22.7,   0.9, 0.100
2025-11-11 16:20:19,        0,  36.0,  21.1,  25.3, 19.329, 17.011,  0.330,  84686.9,  1,  22.7,   0.9, 0.099
2025-11-11 16:20:19,        0,  36.0,  20.9,  25.3, 23.844, 21.434,  0.513, 105288.2,  1,  22.7,   0.9, 0.099
2025-11-11 16:20:20,        0,  34.7,  17.0,  25.3, 25.553, 23.152,  0.592, 127294.6,  1,  22.7,   0.9, 0.099
2025-11-11 16:20:22,        0,  37.0,  24.1,  25.3, 31.024, 28.571,  0.891, 156315.1,  1,  22.7,   0.9, 0.099
2025-11-11 16:20:23,        0,  37.0,  23.9,  25.3, 32.811, 30.432,  0.999, 184027.6,  1,  22.7,   0.9, 0.099
2025-11-11 16:20:23,        0,  37.5,  25.6,  25.3, 28.172, 25.955,  0.732, 209413.2,  1,  22.7,   0.9, 0.099
2025-11-11 16:20:24,        0,  39.0,  30.0,  25.3, 34.210, 32.019,  1.097, 239302.5,  1,  22.7,   0.9, 0.099
2025-11-11 16:20:26,        0,  39.0,  30.0,  25.3, 33.385, 31.407,  1.050, 278661.4,  1,  22.7,   1.0, 0.099
2025-11-11 16:20:27,        0,  39.8,  32.5,  25.3, 38.610, 36.754,  1.422, 313005.6,  1,  22.7,   1.0, 0.099
2025-11-11 16:20:27,        0,  40.8,  35.5,  25.3, 32.472, 30.746,  1.002, 345086.9,  1,  22.7,   1.0, 0.099
2025-11-11 16:20:28,        0,  40.9,  35.8,  25.3, 44.673, 43.153,  1.932, 385196.7,  1,  22.7,   1.0, 0.099
2025-11-11 16:20:30,        0,  42.1,  39.3,  25.3, 39.563, 38.251,  1.515, 430907.0,  1,  22.7,   1.0, 0.101
2025-11-11 16:20:31,        0,  42.1,  39.4,  25.3, 41.303, 40.307,  1.665, 470935.9,  1,  22.7,   1.0, 0.103
2025-11-11 16:20:31,        0,  39.3,  31.0,  25.3, 45.101, 44.346,  2.000, 512651.6,  1,  22.7,   1.0, 0.101
2025-11-11 16:20:32,        0,  41.0,  36.1,  25.3, 40.429, 39.643,  1.603, 550656.8,  1,  22.7,   1.0, 0.100
2025-11-11 16:20:34,        0,  40.8,  35.3,  25.3, 34.105, 33.281,  1.136, 593033.1,  1,  22.7,   1.0, 0.100
2025-11-11 16:20:35,        0,  40.2,  33.5,  25.3, 40.600, 39.987,  1.628, 632330.4,  1,  22.7,   1.0, 0.100
2025-11-11 16:20:35,        0,  42.2,  39.7,  25.3, 39.766, 39.248,  1.565, 670618.4,  1,  22.7,   1.0, 0.100
2025-11-11 16:20:36,        0,  38.2,  27.7,  25.3, 28.163, 27.203,  0.802, 702958.8,  1,  22.7,   1.0, 0.100
2025-11-11 16:20:38,        0,  43.3,  42.9,  25.3, 39.885, 39.306,  1.571, 747052.3,  1,  22.7,   1.0, 0.100
2025-11-11 16:20:39,        0,  41.4,  37.3,  25.3, 36.830, 36.296,  1.343, 785191.8,  1,  22.7,   1.0, 0.100
2025-11-11 16:20:39,        0,  36.5,  22.4,  25.4, 38.851, 38.444,  1.500, 822713.5,  1,  22.7,   1.0, 0.100
2025-11-11 16:20:40,        0,  38.5,  28.5,  25.3, 27.381, 26.444,  0.724, 847812.1,  1,  22.7,   1.0, 0.100
2025-11-11 16:20:42,        0,  39.8,  32.5,  25.3, 46.873, 46.807,  2.201, 895400.4,  1,  22.7,   1.0, 0.100
2025-11-11 16:20:43,        0,  38.1,  27.4,  25.3, 34.620, 34.079,  1.180, 928292.9,  1,  22.7,   1.0, 0.100
2025-11-11 16:20:43,        0,  38.7,  29.2,  25.3, 32.541, 31.842,  1.038, 958019.9,  1,  22.7,   1.0, 0.100
2025-11-11 16:20:44,        0,  40.7,  35.0,  25.4, 39.463, 38.998,  1.545, 994048.7,  1,  22.7,   1.0, 0.100
2025-11-11 16:20:46,        0,  38.2,  27.5,  25.3, 30.476, 29.620,  0.909,1032016.3,  1,  22.7,   1.0, 0.100
2025-11-11 16:20:47,        0,  39.3,  31.0,  25.4, 32.450, 31.640,  1.027,1062596.3,  1,  22.7,   1.0, 0.100
2025-11-11 16:20:48,        0,  38.3,  28.0,  25.4, 36.227, 35.473,  1.286,1095573.0,  1,  22.7,   1.0, 0.100
2025-11-11 16:20:48,        0,  39.6,  31.7,  25.3, 36.642, 35.906,  1.316,1127964.7,  1,  22.7,   1.0, 0.100
2025-11-11 16:20:50,        0,  38.7,  29.0,  25.4, 34.804, 34.051,  1.186,1168738.8,  1,  22.7,   1.0, 0.100
2025-11-11 16:20:51,        0,  39.1,  30.2,  25.4, 31.113, 30.211,  1.003,1199655.5,  1,  22.7,   1.0, 0.100
2025-11-11 16:20:52,        0,  36.5,  22.6,  25.4, 36.714, 36.047,  1.327,1232050.9,  1,  22.7,   1.0, 0.100
2025-11-11 16:20:52,        0,  36.6,  22.9,  25.4, 21.427, 20.078,  0.432,1253660.5,  1,  22.7,   1.0, 0.100
2025-11-11 16:20:54,        0,  39.7,  32.2,  25.4, 28.867, 27.671,  0.806,1286673.3,  1,  22.7,   1.0, 0.100
2025-11-11 16:20:55,        0,  38.0,  26.9,  25.4, 32.961, 31.908,  1.059,1318570.6,  1,  22.7,   1.0, 0.100
2025-11-11 16:20:56,        0,  35.4,  19.3,  25.4, 35.123, 34.164,  1.201,1348316.9,  1,  22.7,   1.0, 0.100
2025-11-11 16:20:56,        0,  37.5,  25.6,  25.4, 24.968, 23.651,  0.591,1373119.4,  1,  22.7,   1.0, 0.100
2025-11-11 16:20:58,        0,  38.6,  28.9,  25.4, 32.539, 31.470,  1.025,1409795.8,  1,  22.7,   1.0, 0.100
2025-11-11 16:20:59,        0,  38.1,  27.4,  25.4, 28.601, 27.425,  0.785,1437538.2,  1,  22.7,   0.9, 0.100
2025-11-11 16:21:00,        0,  38.7,  29.2,  25.4, 30.216, 29.050,  0.884,1465748.2,  1,  22.7,   0.9, 0.100
2025-11-11 16:21:00,        0,  36.7,  23.1,  25.4, 39.185, 38.323,  1.509,1500743.6,  1,  22.7,   0.9, 0.100
2025-11-11 16:21:02,        0,  40.2,  33.6,  25.4, 34.793, 33.862,  1.182,1538761.5,  1,  22.7,   0.9, 0.100
2025-11-11 16:21:03,        0,  39.5,  31.5,  25.5, 34.085, 33.230,  1.137,1570736.5,  1,  22.7,   0.9, 0.100
2025-11-11 16:21:04,        0,  41.7,  38.1,  25.4, 34.527, 33.638,  1.162,1603127.6,  1,  22.7,   0.8, 0.100
2025-11-11 16:21:04,        0,  39.4,  31.3,  25.5, 42.362, 41.875,  1.779,1642314.8,  1,  22.7,   0.8, 0.100
2025-11-11 16:21:05,        0,  43.3,  43.0,  25.5, 38.520, 37.913,  1.462,1678352.8,  1,  22.7,   0.8, 0.100
2025-11-11 16:21:07,        0,  42.0,  39.1,  25.4, 31.105, 30.314,  0.951,1721483.0,  1,  22.7,   0.8, 0.100
2025-11-11 16:21:08,        0,  40.3,  34.0,  25.4, 43.531, 43.318,  1.899,1763168.7,  1,  22.7,   0.8, 0.100
2025-11-11 16:21:08,        0,  42.4,  40.2,  25.5, 43.523, 43.531,  1.896,1802699.3,  1,  22.7,   0.8, 0.100
2025-11-11 16:21:09,        0,  42.0,  39.1,  25.5, 46.416, 46.736,  2.175,1845692.6,  1,  22.7,   0.8, 0.100
2025-11-11 16:21:11,        0,  41.8,  38.3,  25.4, 38.647, 38.495,  1.531,1893676.2,  1,  22.7,   0.8, 0.100
2025-11-11 16:21:12,        0,  40.5,  34.5,  25.4, 46.457, 46.830,  2.178,1936136.0,  1,  22.7,   0.8, 0.100
2025-11-11 16:21:12,        0,  39.6,  31.7,  25.4, 39.556, 39.598,  1.567,1973576.7,  1,  22.7,   0.8, 0.100
2025-11-11 16:21:14,        0,  42.5,  40.4,  25.4, 50.382, 51.276,  2.584,2028189.9,  1,  22.7,   0.8, 0.100
2025-11-11 16:21:15,        0,  44.6,  46.7,  25.5, 43.826, 44.426,  1.947,2071498.7,  1,  22.7,   0.8, 0.100
2025-11-11 16:21:16,        0,  45.6,  49.8,  25.5, 51.650, 52.932,  2.735,2121132.0,  1,  22.7,   0.8, 0.100
2025-11-11 16:21:16,        0,  41.8,  38.3,  25.5, 42.278, 43.097,  1.852,2165084.8,  1,  22.7,   0.8, 0.100
2025-11-11 16:21:17,        0,  44.4,  46.2,  25.5, 47.971, 49.269,  2.381,2211511.3,  1,  22.7,   0.8, 0.100
2025-11-11 16:21:19,        0,  36.3,  21.9,  25.5, 42.739, 43.952,  1.884,2263814.0,  1,  22.7,   0.8, 0.100
2025-11-11 16:21:20,        0,  42.2,  39.7,  25.5, 36.631, 37.092,  1.412,2299941.0,  1,  22.7,   0.8, 0.100
2025-11-11 16:21:20,        0,  44.9,  47.7,  25.5, 49.655, 51.296,  2.559,2345847.9,  1,  22.7,   0.9, 0.100
2025-11-11 16:21:21,        0,  44.7,  47.2,  25.5, 51.388, 53.417,  2.747,2397790.5,  1,  22.7,   0.9, 0.100
2025-11-11 16:21:23,        0,  42.5,  40.4,  25.5, 42.836, 44.241,  1.904,2453579.6,  1,  22.7,   0.9, 0.100
2025-11-11 16:21:24,        0,  44.5,  46.5,  25.5, 50.964, 53.156,  2.720,2500885.8,  1,  22.7,   0.9, 0.100
2025-11-11 16:21:24,        0,  46.3,  51.8,  25.5, 46.696, 48.696,  2.277,2548300.8,  1,  22.7,   0.9, 0.100
2025-11-11 16:21:25,        0,  45.5,  49.5,  25.5, 54.337, 57.357,  3.121,2603809.5,  1,  22.7,   0.9, 0.100
2025-11-11 16:21:27,        0,  45.1,  48.3,  25.5, 47.141, 49.455,  2.332,2663486.1,  1,  22.7,   0.9, 0.100
2025-11-11 16:21:28,        0,  45.1,  48.3,  25.5, 39.383, 40.923,  1.630,2707408.6,  1,  22.7,   0.9, 0.100
2025-11-11 16:21:28,        0,  40.5,  34.6,  25.5, 54.124, 57.132,  3.093,2759635.2,  1,  22.7,   0.9, 0.100
2025-11-11 16:21:29,        0,  42.1,  39.4,  25.5, 34.451, 35.462,  1.230,2798191.1,  1,  22.7,   0.9, 0.100
2025-11-11 16:21:31,        0,  43.4,  43.2,  25.5, 45.793, 47.668,  2.189,2852466.0,  1,  22.7,   0.9, 0.100
2025-11-11 16:21:32,        0,  42.3,  39.9,  25.5, 46.645, 48.711,  2.286,2899050.7,  1,  22.7,   0.9, 0.100
2025-11-11 16:21:32,        0,  43.6,  43.9,  25.5, 50.065, 52.529,  2.630,2946573.0,  1,  22.7,   0.9, 0.100
2025-11-11 16:21:33,        0,  41.5,  37.4,  25.5, 40.937, 42.547,  1.749,2990231.0,  1,  22.7,   0.9, 0.100
2025-11-11 16:21:35,        0,  44.1,  45.2,  25.5, 42.197, 43.713,  1.849,3040280.8,  1,  22.7,   0.9, 0.100
2025-11-11 16:21:36,        0,  44.3,  46.0,  25.5, 40.922, 42.369,  1.758,3085030.7,  1,  22.7,   0.9, 0.100
2025-11-11 16:21:37,        0,  43.8,  44.4,  25.5, 41.520, 43.091,  1.792,3129516.0,  1,  22.7,   0.9, 0.100
2025-11-11 16:21:37,        0,  41.7,  38.1,  25.5, 47.681, 49.853,  2.386,3176702.3,  1,  22.7,   0.9, 0.100
2025-11-11 16:21:38,        0,  44.4,  46.2,  25.6, 41.726, 43.362,  1.828,3220573.2,  1,  22.7,   0.9, 0.100
2025-11-11 16:21:40,        0,  43.5,  43.5,  25.6, 36.630, 37.638,  1.417,3270804.7,  1,  22.7,   1.0, 0.100
2025-11-11 16:21:41,        0,  45.0,  48.0,  25.6, 39.049, 40.335,  1.616,3312205.2,  1,  22.7,   0.9, 0.100
2025-11-11 16:21:41,        0,  38.5,  28.5,  25.5, 36.021, 37.037,  1.357,3352411.1,  1,  22.7,   1.0, 0.100
2025-11-11 16:21:42,        0,  38.8,  29.5,  25.6, 39.751, 40.904,  1.627,3388017.2,  1,  22.7,   0.9, 0.100
2025-11-11 16:21:44,        0,  40.9,  35.8,  25.6, 40.117, 41.156,  1.658,3432881.8,  1,  22.7,   0.9, 0.100
2025-11-11 16:21:45,        0,  43.4,  43.2,  25.6, 41.648, 42.830,  1.786,3472810.0,  1,  22.7,   1.0, 0.100
2025-11-11 16:21:46,        0,  40.1,  33.3,  25.6, 41.336, 42.521,  1.775,3511824.9,  1,  22.7,   1.0, 0.100
2025-11-11 16:21:46,        0,  38.7,  29.2,  25.6, 35.896, 36.527,  1.312,3546732.8,  1,  22.7,   0.9, 0.100
2025-11-11 16:21:48,        0,  40.5,  34.5,  25.6, 44.337, 45.624,  2.024,3595376.7,  1,  22.7,   0.9, 0.100
2025-11-11 16:21:49,        0,  42.5,  40.6,  25.7, 41.959, 43.133,  1.810,3635122.4,  1,  22.7,   1.0, 0.100
2025-11-11 16:21:50,        0,  38.5,  28.4,  25.6, 31.702, 32.029,  1.028,3668444.7,  1,  22.7,   0.9, 0.100
2025-11-11 16:21:50,        0,  39.1,  30.3,  25.6, 31.526, 31.602,  1.007,3697766.7,  1,  22.7,   1.0, 0.100
2025-11-11 16:21:51,        0,  41.3,  36.9,  25.6, 37.031, 37.479,  1.392,3732813.9,  1,  22.7,   0.9, 0.100
2025-11-11 16:21:53,        0,  39.8,  32.3,  25.7, 38.088, 38.610,  1.471,3780043.0,  1,  22.7,   1.0, 0.100
2025-11-11 16:21:54,        0,  36.1,  21.3,  25.7, 26.084, 25.662,  0.671,3808278.3,  1,  22.7,   0.9, 0.100
2025-11-11 16:21:54,        0,  40.8,  35.3,  25.6, 27.767, 27.302,  0.762,3836603.7,  1,  22.7,   1.0, 0.100
2025-11-11 16:21:55,        0,  39.8,  32.3,  25.7, 34.966, 34.963,  1.228,3871758.7,  1,  22.7,   1.0, 0.100
2025-11-11 16:21:57,        0,  35.8,  20.3,  25.7, 34.812, 34.834,  1.228,3911002.3,  1,  22.7,   1.0, 0.100
2025-11-11 16:21:58,        0,  39.7,  32.0,  25.7, 31.397, 30.972,  0.999,3935962.4,  1,  22.7,   0.9, 0.100
2025-11-11 16:21:58,        0,  38.7,  29.2,  25.7, 31.944, 31.575,  1.010,3968244.0,  1,  22.7,   1.0, 0.100
2025-11-11 16:21:59,        0,  39.2,  30.7,  25.7, 35.978, 35.824,  1.291,4002102.7,  1,  22.6,   0.9, 0.100
2025-11-11 16:22:01,        0,  39.3,  31.0,  25.7, 29.085, 28.562,  0.867,4038052.7,  1,  22.7,   0.9, 0.100
2025-11-11 16:22:02,        0,  35.9,  20.6,  25.7, 22.649, 21.730,  0.568,4062116.7,  1,  22.7,   0.9, 0.100
2025-11-11 16:22:03,        0,  38.0,  26.9,  25.7, 30.719, 30.140,  0.933,4089476.1,  1,  22.7,   0.9, 0.100
2025-11-11 16:22:03,        0,  35.6,  19.8,  25.7, 26.977, 26.187,  0.707,4115602.5,  1,  22.7,   0.9, 0.100
2025-11-11 16:22:04,        0,  35.8,  20.4,  25.7, 24.393, 23.389,  0.571,4137741.2,  1,  22.7,   0.9, 0.100
2025-11-11 16:22:06,        0,  36.8,  23.4,  25.7, 22.133, 20.874,  0.479,4163850.4,  1,  22.7,   0.9, 0.100
2025-11-11 16:22:07,        0,  36.3,  21.9,  25.7, 27.832, 22.301,  0.528,4187600.5,  1,  22.7,   0.9, 0.100
2025-11-11 16:22:07,        0,  34.5,  16.6,  25.7, 29.463, 28.460,  0.841,4213712.6,  1,  22.7,   0.9, 0.100
2025-11-11 16:22:08,        0,  36.7,  23.1,  25.7, 25.246, 24.037,  0.614,4235777.6,  1,  22.7,   0.9, 0.100
2025-11-11 16:22:10,        0,  34.9,  17.8,  25.7, 27.945, 26.797,  0.750,4265628.9,  1,  22.7,   0.9, 0.100
2025-11-11 16:22:11,        0,  37.2,  24.6,  25.7, 17.951, 16.450,  0.304,4282509.2,  1,  22.7,   0.9, 0.100
2025-11-11 16:22:11,        0,  35.5,  19.6,  25.7, 24.680, 23.315,  0.576,4307048.5,  1,  22.7,   0.8, 0.100
2025-11-11 16:22:12,        0,  34.9,  17.6,  25.7, 19.829, 18.284,  0.364,4325709.5,  1,  22.7,   0.8, 0.100
2025-11-11 16:22:14,        0,  33.6,  13.7,  25.7, 23.770, 22.249,  0.529,4350386.7,  1,  22.7,   0.9, 0.100
2025-11-11 16:22:15,        0,  36.1,  21.4,  25.7, 22.944, 21.369,  0.491,4369899.8,  1,  22.7,   0.9, 0.100
2025-11-11 16:22:16,        0,  34.1,  15.3,  25.7, 20.215, 18.608,  0.383,4389435.9,  1,  22.7,   0.8, 0.100
2025-11-11 16:22:16,        0,  34.1,  15.2,  25.7, 25.828, 24.253,  0.628,4409544.9,  1,  22.7,   0.9, 0.100
2025-11-11 16:22:17,        0,  32.5,  10.5,  25.7, 18.378, 16.661,  0.307,4426202.3,  1,  22.7,   0.9, 0.100
2025-11-11 16:22:19,        0,  34.8,  17.5,  25.7, 18.846, 17.100,  0.323,4446081.2,  1,  22.7,   0.9, 0.100
2025-11-11 16:22:20,        0,  34.8,  17.3,  25.7, 16.428, 14.628,  0.241,4462442.3,  1,  22.7,   0.9, 0.100
2025-11-11 16:22:20,        0,  34.7,  17.1,  25.7, 24.044, 22.305,  0.538,4482683.3,  1,  22.7,   0.9, 0.100
2025-11-11 16:22:21,        0,  33.9,  14.8,  25.7, 18.274, 16.453,  0.302,4499678.5,  1,  22.7,   1.0, 0.100
2025-11-11 16:22:23,        0,  31.7,   8.2,  25.7, 14.521, 12.618,  0.183,4515500.6,  1,  22.7,   1.0, 0.100
2025-11-11 16:22:24,        0,  34.2,  15.6,  25.7, 21.083, 19.174,  0.408,4530898.9,  1,  22.7,   0.9, 0.100
2025-11-11 16:22:25,        0,  33.9,  14.8,  25.7, 19.137, 17.215,  0.332,4547885.3,  1,  22.7,   1.0, 0.100
2025-11-11 16:22:25,        0,  32.5,  10.4,  25.7, 17.351, 15.417,  0.269,4562514.2,  1,  22.7,   1.0, 0.100
2025-11-11 16:22:26,        0,  32.4,  10.1,  25.7, 18.345, 16.344,  0.303,4576242.9,  1,  22.7,   0.9, 0.100
2025-11-11 16:22:28,        0,  33.7,  14.0,  25.7, 19.630, 17.607,  0.347,4594847.0,  1,  22.7,   1.0, 0.100
2025-11-11 16:22:29,        0,  33.6,  13.7,  25.7, 20.032, 17.981,  0.360,4611645.6,  1,  22.7,   0.9, 0.100
2025-11-11 16:22:29,        0,  31.6,   7.7,  25.8, 15.221, 13.197,  0.203,4624662.7,  1,  22.7,   0.9, 0.100
2025-11-11 16:22:30,        0,  32.0,   9.0,  25.7, 12.080, 10.045,  0.121,4635210.9,  1,  22.7,   0.9, 0.100
2025-11-11 16:22:32,        0,  34.2,  15.6,  25.7, 14.687, 12.604,  0.188,4650347.8,  1,  22.7,   0.9, 0.100
2025-11-11 16:22:33,        0,  32.5,  10.5,  25.7, 14.221, 12.158,  0.175,4664201.4,  1,  22.7,   0.9, 0.100
2025-11-11 16:22:33,        0,  31.4,   7.2,  25.8, 10.890,  8.867,  0.099,4673651.1,  1,  22.7,   0.9, 0.100
2025-11-11 16:22:34,        0,  31.2,   6.6,  25.7, 12.983, 10.905,  0.143,4683676.3,  1,  22.7,   0.9, 0.100
2025-11-11 16:22:36,        0,  32.0,   9.0,  25.7, 17.235, 15.074,  0.260,4698241.1,  1,  22.7,   0.9, 0.100
2025-11-11 16:22:37,        0,  31.0,   6.1,  25.7, 14.381, 12.251,  0.177,4709349.2,  1,  22.7,   0.9, 0.100
2025-11-11 16:22:38,        0,  33.1,  12.2,  25.7, 17.557, 15.357,  0.270,4721194.6,  1,  22.7,   0.9, 0.100
2025-11-11 16:22:38,        0,  31.5,   7.6,  25.7, 12.464, 10.357,  0.130,4732596.5,  1,  22.7,   0.9, 0.100
2025-11-11 16:22:39,        0,  30.8,   5.4,  25.8,  9.589,  7.545,  0.073,4740511.5,  1,  22.7,   1.0, 0.100
2025-11-11 16:22:41,        0,  32.0,   9.0,  25.7, 13.261, 11.126,  0.149,4750664.9,  1,  22.7,   0.9, 0.100
2025-11-11 16:22:42,        0,  33.2,  12.7,  25.8, 14.033, 11.860,  0.167,4761607.5,  1,  22.7,   1.0, 0.100
2025-11-11 16:22:42,        0,  32.3,  10.0,  25.7, 13.686, 11.517,  0.160,4773794.8,  1,  22.7,   1.0, 0.100
2025-11-11 16:22:43,        0,  30.0,   2.9,  25.7, 12.795, 10.641,  0.137,4784556.7,  1,  22.7,   1.0, 0.100
2025-11-11 16:22:45,        0,  31.5,   7.6,  25.7,  9.010,  6.967,  0.072,4793584.0,  1,  22.7,   1.0, 0.100
2025-11-11 16:22:46,        0,  32.1,   9.2,  25.7, 10.922,  8.798,  0.096,4802626.0,  1,  22.7,   1.0, 0.100
2025-11-11 16:22:46,        0,  31.6,   7.7,  25.7, 13.730, 11.513,  0.158,4813473.0,  1,  22.7,   1.0, 0.100
2025-11-11 16:22:47,        0,  31.7,   8.1,  25.7, 10.541,  8.419,  0.090,4821741.8,  1,  22.7,   1.0, 0.100
2025-11-11 16:22:49,        0,  31.2,   6.7,  25.8,  8.747,  6.693,  0.062,4830791.3,  1,  22.7,   1.0, 0.100
2025-11-11 16:22:50,        0,  31.5,   7.6,  25.8, 12.741, 10.550,  0.135,4840057.9,  1,  22.7,   1.0, 0.100
2025-11-11 16:22:51,        0,  31.3,   6.9,  25.7, 11.235,  9.083,  0.102,4848949.8,  1,  22.7,   1.0, 0.100
2025-11-11 16:22:51,        0,  29.8,   2.4,  25.7,  8.770,  6.707,  0.060,4855999.4,  1,  22.7,   1.0, 0.100
2025-11-11 16:22:53,        0,  31.1,   6.4,  25.8, 13.150, 10.933,  0.144,4866535.5,  1,  22.7,   1.0, 0.100
2025-11-11 16:22:54,        0,  32.0,   9.0,  25.7, 12.364, 10.158,  0.126,4875665.5,  1,  22.7,   1.0, 0.100
2025-11-11 16:22:55,        0,  31.6,   7.7,  25.7,  9.499,  7.395,  0.074,4883764.9,  1,  22.7,   1.0, 0.100
2025-11-11 16:22:55,        0,  31.0,   6.1,  25.7, 11.103,  8.938,  0.099,4891545.0,  1,  22.7,   1.0, 0.100
2025-11-11 16:22:56,        0,  30.4,   4.1,  25.7,  7.942,  5.902,  0.049,4898035.1,  1,  22.7,   1.0, 0.100
2025-11-11 16:22:58,        0,  31.1,   6.4,  25.8,  9.484,  7.393,  0.071,4905677.3,  1,  22.7,   1.0, 0.100
2025-11-11 16:22:59,        0,  31.1,   6.4,  25.7, 10.390,  8.247,  0.087,4913454.5,  1,  22.7,   1.0, 0.100
2025-11-11 16:23:00,        0,  30.9,   5.7,  25.7, 11.019,  8.850,  0.098,4921463.8,  1,  22.7,   1.0, 0.100
2025-11-11 16:23:00,        0,  30.3,   4.0,  25.7,  8.520,  6.448,  0.055,4926936.3,  1,  22.7,   1.0, 0.100
2025-11-11 16:23:02,        0,  30.3,   3.8,  25.7,  3.792,  1.989,  0.009,4930367.5,  1,  22.7,   1.0, 0.100
2025-11-11 16:23:03,        0,  31.0,   5.9,  25.7,  9.176,  7.112,  0.067,4937427.5,  1,  22.7,   1.0, 0.100
2025-11-11 16:23:04,        0,  30.6,   4.9,  25.7,  9.057,  6.972,  0.064,4944121.3,  1,  22.7,   1.0, 0.100
2025-11-11 16:23:04,        0,  29.7,   2.0,  25.7, 10.534,  8.391,  0.090,4951279.5,  1,  22.7,   1.0, 0.100
2025-11-11 16:23:06,        0,  31.1,   6.4,  25.7,  9.090,  6.996,  0.064,4958721.8,  1,  22.7,   1.0, 0.100
2025-11-11 16:23:07,        0,  29.1,   0.3,  25.7, 10.895,  8.726,  0.095,4965977.1,  1,  22.7,   1.0, 0.100
2025-11-11 16:23:07,        0,  30.4,   4.3,  25.7,  5.936,  4.017,  0.031,4969912.9,  1,  22.7,   1.0, 0.100
2025-11-11 16:23:08,        0,  30.9,   5.6,  25.7,  9.363,  7.265,  0.069,4976391.2,  1,  22.7,   1.0, 0.100
2025-11-11 16:23:10,        0,  31.7,   8.1,  25.7,  9.602,  7.488,  0.072,4984601.3,  1,  22.7,   1.0, 0.100
2025-11-11 16:23:11,        0,  30.7,   5.1,  25.7,  9.158,  7.055,  0.065,4991912.8,  1,  22.7,   1.0, 0.100
2025-11-11 16:23:11,        0,  30.5,   4.4,  25.7, 10.427,  8.272,  0.087,4999365.2,  1,  22.7,   1.0, 0.100
2025-11-11 16:23:12,        0,  30.0,   3.1,  25.7,  8.657,  6.576,  0.058,5004331.1,  1,  22.7,   1.0, 0.100
2025-11-11 16:23:14,        0,  30.8,   5.3,  25.7,  9.076,  6.987,  0.063,5011247.8,  1,  22.7,   1.0, 0.100
2025-11-11 16:23:15,        0,  30.9,   5.6,  25.7,  7.924,  5.883,  0.048,5016818.8,  1,  22.7,   1.0, 0.100
2025-11-11 16:23:15,        0,  30.9,   5.7,  25.8,  8.018,  5.971,  0.050,5022602.8,  1,  22.7,   1.0, 0.100
2025-11-11 16:23:16,        0,  30.3,   3.9,  25.8,  6.885,  4.890,  0.035,5027577.4,  1,  22.7,   1.0, 0.100
2025-11-11 16:23:18,        0,  30.7,   5.1,  25.7,  9.636,  7.524,  0.073,5035379.7,  1,  22.7,   1.0, 0.100
2025-11-11 16:23:19,        0,  30.5,   4.6,  25.7,  8.835,  6.752,  0.060,5041734.9,  1,  22.7,   1.0, 0.100
2025-11-11 16:23:19,        0,  30.6,   4.8,  25.7,  6.630,  4.656,  0.035,5046941.7,  1,  22.7,   1.0, 0.100
2025-11-11 16:23:20,        0,  30.5,   4.6,  25.7,  7.743,  5.710,  0.045,5052527.8,  1,  22.7,   1.0, 0.100
2025-11-11 16:23:22,        0,  30.9,   5.6,  25.7,  7.523,  5.500,  0.042,5059366.2,  1,  22.7,   1.0, 0.100
2025-11-11 16:23:23,        0,  30.2,   3.6,  25.7,  8.070,  6.023,  0.049,5065165.6,  1,  22.7,   1.0, 0.100
2025-11-11 16:23:23,        0,  28.9,   0.0,  25.7,  7.126,  5.122,  0.037,5069762.7,  1,  22.7,   1.0, 0.100
2025-11-11 16:23:24,        0,  30.3,   3.9,  25.8,  6.817,  4.835,  0.033,5072961.7,  1,  22.7,   1.0, 0.100
2025-11-11 16:23:26,        0,  29.5,   1.6,  25.7,  6.978,  4.987,  0.035,5078240.6,  1,  22.7,   0.9, 0.100
2025-11-11 16:23:27,        0,  29.6,   1.8,  25.8,  6.244,  4.299,  0.029,5080861.2,  1,  22.7,   1.0, 0.100
2025-11-11 16:23:28,        0,  30.5,   4.4,  25.7,  1.522,  0.082,  0.000,5082035.1,  1,  22.7,   0.9, 0.100
2025-11-11 16:23:28,        0,  30.8,   5.3,  25.7,  7.633,  5.623,  0.043,5087711.3,  1,  22.7,   0.9, 0.100
2025-11-11 16:23:29,        0,  30.5,   4.4,  25.7,  6.744,  4.766,  0.032,5092814.6,  1,  22.7,   0.9, 0.100
2025-11-11 16:23:31,        0,  30.6,   4.9,  25.7,  4.897,  3.023,  0.004,5096307.4,  1,  22.7,   0.9, 0.100
2025-11-11 16:23:32,        0,  29.4,   1.3,  25.7,  6.463,  4.500,  0.029,5101098.9,  1,  22.7,   0.9, 0.100
2025-11-11 16:23:32,        0,  29.9,   2.8,  25.7,  5.801,  3.908,  0.027,5104438.2,  1,  22.7,   0.9, 0.100
2025-11-11 16:23:33,        0,  29.9,   2.6,  25.7,  6.575,  4.607,  0.030,5108818.2,  1,  22.7,   0.9, 0.100
2025-11-11 16:23:35,        0,  30.4,   4.1,  25.8,  7.076,  5.087,  0.036,5114009.1,  1,  22.7,   0.9, 0.100
2025-11-11 16:23:36,        0,  30.0,   2.9,  25.7,  4.912,  3.040,  0.017,5117877.8,  1,  22.7,   0.9, 0.100
2025-11-11 16:23:37,        0,  30.0,   3.1,  25.7,  6.544,  4.582,  0.030,5121364.2,  1,  22.7,   0.9, 0.100
2025-11-11 16:23:37,        0,  29.8,   2.3,  25.8,  6.707,  4.737,  0.032,5125641.1,  1,  22.7,   0.9, 0.100
2025-11-11 16:23:38,        0,  29.9,   2.6,  25.7,  6.028,  4.102,  0.029,5129604.5,  1,  22.7,   0.9, 0.100
2025-11-11 16:23:40,        0,  30.1,   3.4,  25.7,  3.222,  1.501,  0.008,5133259.8,  1,  22.7,   0.9, 0.100
2025-11-11 16:23:41,        0,  29.9,   2.8,  25.7,  5.333,  3.439,  0.020,5137005.3,  1,  22.7,   0.9, 0.100
2025-11-11 16:23:41,        0,  29.0,   0.1,  25.7,  4.946,  3.085,  0.018,5139781.8,  1,  22.7,   0.9, 0.100
2025-11-11 16:23:42,        0,  30.0,   2.9,  25.7,  1.795,  0.260,  0.000,5140239.8,  1,  22.7,   0.9, 0.100
2025-11-11 16:23:44,        0,  30.0,   3.1,  25.7,  3.054,  1.338,  0.005,5143717.9,  1,  22.7,   0.9, 0.100
2025-11-11 16:23:45,        0,  30.0,   2.9,  25.7,  6.518,  4.567,  0.030,5148051.8,  1,  22.7,   0.9, 0.100
2025-11-11 16:23:45,        0,  30.0,   2.9,  25.7,  4.372,  2.552,  0.013,5151461.9,  1,  22.7,   0.9, 0.100
2025-11-11 16:23:46,        0,  29.7,   2.1,  25.7,  6.350,  4.405,  0.028,5155142.4,  1,  22.7,   0.9, 0.100
2025-11-11 16:23:48,        0,  29.8,   2.3,  25.7,  5.414,  3.596,  0.023,5157298.7,  1,  22.7,   0.9, 0.100
2025-11-11 16:23:49,        0,  29.9,   2.8,  25.7,  1.879,  0.326,  0.001,5158199.7,  1,  22.7,   0.9, 0.100
2025-11-11 16:23:50,        0,  29.9,   2.6,  25.7,  6.222,  4.298,  0.027,5161152.7,  1,  22.7,   0.9, 0.100
2025-11-11 16:23:50,        0,  29.3,   0.8,  25.7,  3.987,  2.207,  0.011,5162553.7,  1,  22.7,   0.9, 0.100
2025-11-11 16:23:52,        0,  30.0,   3.1,  25.7,  4.617,  2.810,  0.015,5163786.7,  1,  22.7,   0.9, 0.100
2025-11-11 16:23:53,        0,  30.0,   2.9,  25.7,  6.742,  4.797,  0.032,5167930.3,  1,  22.7,   0.9, 0.100
2025-11-11 16:23:54,        0,  29.9,   2.6,  25.7,  6.689,  4.742,  0.032,5172413.8,  1,  22.7,   0.9, 0.100
2025-11-11 16:23:54,        0,  30.0,   3.1,  25.7,  6.212,  4.289,  0.027,5176388.5,  1,  22.7,   0.9, 0.100
2025-11-11 16:23:55,        0,  29.8,   2.3,  25.7,  4.657,  2.832,  0.015,5179526.2,  1,  22.7,   0.9, 0.100
2025-11-11 16:23:57,        0,  29.3,   0.8,  25.7,  2.325,  0.707,  0.002,5181423.5,  1,  22.7,   0.9, 0.100
2025-11-11 16:23:58,        0,  30.0,   3.1,  25.7,  1.335,  0.019,  0.000,5181636.0,  1,  22.7,   1.0, 0.100
2025-11-11 16:23:58,        0,  29.9,   2.8,  25.7,  4.116,  2.341,  0.012,5184653.9,  1,  22.7,   1.0, 0.100
2025-11-11 16:23:59,        0,  29.9,   2.6,  25.7,  5.115,  3.277,  0.019,5188283.7,  1,  22.7,   1.0, 0.100
2025-11-11 16:24:01,        0,  29.7,   2.0,  25.7,  2.296,  0.685,  0.002,5190175.0,  1,  22.7,   1.0, 0.100
2025-11-11 16:24:02,        0,  30.0,   2.9,  25.7,  1.258,  0.002,  0.000,5190187.6,  1,  22.7,   1.0, 0.100
2025-11-11 16:24:03,        0,  29.9,   2.6,  25.7,  6.526,  4.612,  0.030,5193911.3,  1,  22.7,   1.0, 0.100
2025-11-11 16:24:03,        0,  29.8,   2.4,  25.7,  5.419,  3.595,  0.023,5196905.3,  1,  22.7,   1.0, 0.100
2025-11-11 16:24:05,        0,  29.8,   2.4,  25.7,  1.600,  0.148,  0.000,5198000.4,  1,  22.7,   1.0, 0.100
2025-11-11 16:24:06,        0,  29.7,   2.1,  25.7,  1.268,  0.007,  0.000,5198006.7,  1,  22.7,   1.0, 0.100
2025-11-11 16:24:07,        0,  29.9,   2.8,  25.7,  1.864,  0.605,  0.004,5198598.0,  1,  22.7,   1.0, 0.100
2025-11-11 16:24:07,        0,  30.1,   3.4,  25.7,  6.248,  4.357,  0.027,5202783.1,  1,  22.7,   1.0, 0.100
2025-11-11 16:24:08,        0,  29.7,   2.1,  25.7,  6.326,  4.430,  0.028,5206220.1,  1,  22.7,   1.0, 0.100
2025-11-11 16:24:10,        0,  29.7,   2.0,  25.6,  1.358,  0.033,  0.000,5206336.6,  1,  22.7,   1.0, 0.100
2025-11-11 16:24:11,        0,  29.8,   2.3,  25.7,  1.209, -0.001,  0.000,5206334.5,  1,  22.7,   0.9, 0.100
2025-11-11 16:24:11,        0,  30.1,   3.3,  25.7,  4.962,  3.284,  0.021,5208167.6,  1,  22.7,   0.9, 0.100
2025-11-11 16:24:12,        0,  30.1,   3.3,  25.7,  6.288,  4.403,  0.028,5212495.6,  1,  22.7,   0.9, 0.100
2025-11-11 16:24:14,        0,  29.7,   2.1,  25.7,  1.789,  0.290,  0.001,5214603.2,  1,  22.7,   0.9, 0.100
2025-11-11 16:24:15,        0,  29.7,   2.1,  25.7,  1.275,  0.013,  0.000,5214618.8,  1,  22.7,   0.8, 0.100
2025-11-11 16:24:16,        0,  29.9,   2.6,  25.7,  1.144, -0.007,  0.000,5214613.7,  1,  22.7,   0.8, 0.100
2025-11-11 16:24:16,        0,  30.0,   3.0,  25.7,  1.280,  0.154,  0.001,5215242.4,  1,  22.7,   0.9, 0.100
2025-11-11 16:24:18,        0,  29.9,   2.8,  25.7,  6.251,  4.378,  0.027,5220293.7,  1,  22.7,   0.8, 0.100
2025-11-11 16:24:19,        0,  29.9,   2.8,  25.7,  6.010,  4.150,  0.025,5223852.7,  1,  22.7,   0.8, 0.100
2025-11-11 16:24:20,        0,  29.8,   2.3,  25.7,  5.968,  4.115,  0.025,5226071.8,  1,  22.7,   0.8, 0.100
2025-11-11 16:24:20,        0,  29.6,   1.8,  25.7,  1.304,  0.024,  0.000,5226153.5,  1,  22.7,   0.8, 0.100
2025-11-11 16:24:21,        0,  29.3,   1.0,  25.7,  1.174, -0.002,  0.000,5226666.9,  1,  22.7,   0.8, 0.100
2025-11-11 16:24:23,        0,  29.7,   2.0,  25.6,  1.341,  0.039,  0.000,5227119.1,  1,  22.7,   0.8, 0.100
2025-11-11 16:24:24,        0,  29.9,   2.8,  25.7,  1.175, -0.001,  0.000,5227119.9,  1,  22.7,   0.8, 0.100
2025-11-11 16:24:24,        0,  29.9,   2.6,  25.7,  3.498,  1.830,  0.008,5228008.4,  1,  22.7,   0.8, 0.100
2025-11-11 16:24:25,        0,  29.8,   2.3,  25.7,  4.383,  2.709,  0.015,5229196.1,  1,  22.7,   0.8, 0.100
2025-11-11 16:24:27,        0,  29.9,   2.8,  25.6,  2.490,  1.029,  0.006,5231422.0,  1,  22.7,   0.8, 0.100
2025-11-11 16:24:28,        0,  29.7,   2.0,  25.7,  6.214,  4.359,  0.027,5235566.0,  1,  22.7,   0.8, 0.100
2025-11-11 16:24:29,        0,  29.9,   2.6,  25.7,  1.651,  0.209,  0.000,5236164.9,  1,  22.7,   0.8, 0.100
2025-11-11 16:24:29,        0,  29.8,   2.4,  25.7,  1.235,  0.011,  0.000,5236174.5,  1,  22.7,   0.8, 0.100
2025-11-11 16:24:31,        0,  29.9,   2.8,  25.7,  1.107, -0.007,  0.000,5236856.4,  1,  22.7,   0.8, 0.100
2025-11-11 16:24:32,        0,  29.7,   2.0,  25.7,  5.896,  4.072,  0.024,5239456.0,  1,  22.7,   0.8, 0.100
2025-11-11 16:24:33,        0,  29.7,   2.1,  25.7,  1.278,  0.022,  0.000,5239508.0,  1,  22.7,   0.8, 0.100
2025-11-11 16:24:33,        0,  29.8,   2.4,  25.7,  1.146, -0.001,  0.000,5239507.1,  1,  22.7,   0.8, 0.100
2025-11-11 16:24:34,        0,  29.7,   2.0,  25.7,  1.083, -0.007,  0.000,5239500.9,  1,  22.7,   0.8, 0.100
2025-11-11 16:24:36,        0,  29.9,   2.6,  25.7,  1.024, -0.010,  0.000,5239490.0,  1,  22.7,   0.8, 0.100
2025-11-11 16:24:37,        0,  29.7,   2.0,  25.7,  0.979, -0.010,  0.000,5239481.2,  1,  22.7,   0.8, 0.100
2025-11-11 16:24:37,        0,  29.8,   2.4,  25.7,  2.672,  1.445,  0.009,5240746.8,  1,  22.7,   0.8, 0.100
2025-11-11 16:24:38,        0,  29.9,   2.6,  25.7,  6.030,  4.214,  0.026,5244662.4,  1,  22.7,   0.8, 0.100
2025-11-11 16:24:40,        0,  29.8,   2.3,  25.7,  5.891,  4.080,  0.024,5248974.9,  1,  22.7,   0.8, 0.100
2025-11-11 16:24:41,        0,  28.9,   0.0,  25.7,  1.449,  0.100,  0.000,5249104.0,  1,  22.7,   0.8, 0.100
2025-11-11 16:24:42,        0,  29.7,   2.0,  25.7,  1.131, -0.001,  0.000,5249106.9,  1,  22.7,   0.8, 0.100
2025-11-11 16:24:42,        0,  29.8,   2.4,  25.7,  1.067, -0.006,  0.000,5249101.1,  1,  22.7,   0.8, 0.100
2025-11-11 16:24:43,        0,  29.8,   2.4,  25.7,  1.025, -0.008,  0.000,5249093.9,  1,  22.7,   0.8, 0.100
2025-11-11 16:24:45,        0,  29.8,   2.3,  25.7,  0.974, -0.009,  0.000,5249083.5,  1,  22.7,   0.8, 0.100
2025-11-11 16:24:46,        0,  29.8,   2.4,  25.7,  0.946, -0.009,  0.000,5249074.7,  1,  22.7,   0.9, 0.100
2025-11-11 16:24:47,        0,  29.9,   2.8,  25.7,  4.444,  2.949,  0.018,5250702.0,  1,  22.7,   0.8, 0.100
2025-11-11 16:24:47,        0,  29.8,   2.3,  25.7,  4.419,  2.722,  0.014,5253298.3,  1,  22.7,   0.9, 0.100
2025-11-11 16:24:49,        0,  29.6,   1.8,  25.7,  1.198,  0.014,  0.000,5253352.8,  1,  22.7,   0.9, 0.100
2025-11-11 16:24:50,        0,  29.3,   0.8,  25.7,  1.090, -0.002,  0.000,5253351.1,  1,  22.7,   0.9, 0.100
2025-11-11 16:24:51,        0,  29.8,   2.3,  25.7,  1.032, -0.006,  0.000,5253344.0,  1,  22.7,   0.9, 0.100
2025-11-11 16:24:51,        0,  29.9,   2.6,  25.7,  0.971, -0.009,  0.000,5253336.0,  1,  22.7,   0.9, 0.100
2025-11-11 16:24:53,        0,  29.9,   2.6,  25.6,  6.100,  4.320,  0.026,5255409.7,  1,  22.7,   0.9, 0.100
2025-11-11 16:24:54,        0,  29.9,   2.6,  25.7,  6.118,  4.329,  0.026,5259605.7,  1,  22.7,   0.9, 0.100
2025-11-11 16:24:55,        0,  29.9,   2.8,  25.7,  5.607,  3.845,  0.022,5262479.0,  1,  22.7,   0.9, 0.100
2025-11-11 16:24:55,        0,  29.2,   0.6,  25.7,  1.715,  0.303,  0.001,5263729.6,  1,  22.7,   0.9, 0.100
2025-11-11 16:24:56,        0,  29.3,   1.0,  25.7,  1.181,  0.015,  0.000,5263757.7,  1,  22.7,   0.9, 0.100
2025-11-11 16:24:58,        0,  29.7,   2.0,  25.7,  1.045, -0.005,  0.000,5263754.7,  1,  22.7,   0.9, 0.100
2025-11-11 16:24:59,        0,  29.6,   1.8,  25.7,  0.998, -0.007,  0.000,5263748.0,  1,  22.7,   0.9, 0.100
2025-11-11 16:24:59,        0,  29.7,   2.1,  25.7,  0.960, -0.008,  0.000,5263740.1,  1,  22.7,   0.9, 0.100
2025-11-11 16:25:00,        0,  29.5,   1.6,  25.7,  0.914, -0.010,  0.000,5263732.1,  1,  22.7,   0.9, 0.100
2025-11-11 16:25:02,        0,  29.6,   1.8,  25.7,  0.888, -0.009,  0.000,5263721.2,  1,  22.7,   0.9, 0.100
2025-11-11 16:25:03,        0,  29.7,   2.1,  25.7,  0.852, -0.009,  0.000,5263712.4,  1,  22.7,   0.9, 0.100
2025-11-11 16:25:03,        0,  29.8,   2.4,  25.7,  0.832, -0.009,  0.000,5263704.4,  1,  22.7,   0.8, 0.100
2025-11-11 16:25:04,        0,  29.8,   2.4,  25.7,  0.814, -0.009,  0.000,5263695.2,  1,  22.7,   0.8, 0.100
2025-11-11 16:25:06,        0,  29.9,   2.6,  25.6,  0.789, -0.009,  0.000,5263684.3,  1,  22.7,   0.9, 0.100
2025-11-11 16:25:07,        0,  29.8,   2.4,  25.7,  0.773, -0.009,  0.000,5263675.5,  1,  22.7,   0.9, 0.100
2025-11-11 16:25:07,        0,  29.9,   2.6,  25.7,  6.089,  4.357,  0.027,5265729.1,  1,  22.7,   0.8, 0.100
2025-11-11 16:25:08,        0,  29.8,   2.5,  25.7,  6.233,  4.466,  0.029,5269870.6,  1,  22.7,   0.8, 0.100
2025-11-11 16:25:10,        0,  29.8,   2.4,  25.6,  1.404,  0.106,  0.000,5271232.6,  1,  22.7,   0.8, 0.100
2025-11-11 16:25:11,        0,  29.8,   2.5,  25.7,  1.127,  0.007,  0.000,5271242.3,  1,  22.7,   0.8, 0.100
2025-11-11 16:25:11,        0,  29.4,   1.3,  25.7,  1.040, -0.004,  0.000,5271239.3,  1,  22.7,   0.8, 0.100
2025-11-11 16:25:12,        0,  29.7,   2.1,  25.7,  0.966, -0.007,  0.000,5271232.6,  1,  22.7,   0.8, 0.100
2025-11-11 16:25:14,        0,  29.7,   2.1,  25.7,  0.928, -0.008,  0.000,5271223.0,  1,  22.7,   0.8, 0.100
2025-11-11 16:25:15,        0,  29.8,   2.4,  25.7,  0.882, -0.008,  0.000,5271215.5,  1,  22.7,   0.8, 0.100
2025-11-11 16:25:15,        0,  29.8,   2.3,  25.6,  0.855, -0.009,  0.000,5271207.5,  1,  22.7,   0.8, 0.100
2025-11-11 16:25:16,        0,  29.8,   2.3,  25.7,  0.831, -0.008,  0.000,5271199.1,  1,  22.7,   0.8, 0.100
2025-11-11 16:25:18,        0,  29.8,   2.3,  25.7,  0.799, -0.008,  0.000,5271189.9,  1,  22.7,   0.8, 0.100
2025-11-11 16:25:19,        0,  29.9,   2.6,  25.7,  0.781, -0.009,  0.000,5271181.1,  1,  22.7,   0.8, 0.100
2025-11-11 16:25:19,        0,  29.9,   2.6,  25.7,  0.756, -0.009,  0.000,5271172.7,  1,  22.7,   0.8, 0.100
2025-11-11 16:25:20,        0,  29.9,   2.6,  25.7,  0.741, -0.009,  0.000,5271163.9,  1,  22.7,   0.8, 0.100
2025-11-11 16:25:22,        0,  29.9,   2.8,  25.6,  4.602,  3.171,  0.019,5273208.7,  1,  22.7,   0.8, 0.100
2025-11-11 16:25:23,        0,  29.9,   2.6,  25.7,  6.113,  4.360,  0.027,5277319.6,  1,  22.7,   0.8, 0.100
2025-11-11 16:25:24,        0,  29.7,   2.1,  25.7,  1.756,  0.363,  0.001,5279297.7,  1,  22.7,   0.8, 0.100
2025-11-11 16:25:24,        0,  29.7,   2.1,  25.7,  1.157,  0.017,  0.000,5279329.1,  1,  22.7,   0.8, 0.100
2025-11-11 16:25:26,        0,  29.8,   2.3,  25.7,  1.015, -0.004,  0.000,5279327.0,  1,  22.7,   0.9, 0.100
2025-11-11 16:25:27,        0,  29.7,   2.0,  25.6,  0.967, -0.007,  0.000,5279320.8,  1,  22.7,   0.9, 0.100
2025-11-11 16:25:28,        0,  29.7,   2.0,  25.7,  0.928, -0.007,  0.000,5279313.6,  1,  22.7,   0.9, 0.100
2025-11-11 16:25:28,        0,  29.8,   2.3,  25.6,  0.878, -0.008,  0.000,5279305.3,  1,  22.7,   0.8, 0.100
2025-11-11 16:25:29,        0,  29.7,   2.1,  25.6,  0.850, -0.008,  0.000,5279298.1,  1,  22.7,   0.8, 0.100
2025-11-11 16:25:31,        0,  29.7,   2.1,  25.7,  0.814, -0.009,  0.000,5279287.6,  1,  22.7,   0.9, 0.100
2025-11-11 16:25:32,        0,  29.8,   2.3,  25.6,  0.792, -0.008,  0.000,5279279.7,  1,  22.7,   0.8, 0.100
2025-11-11 16:25:32,        0,  29.8,   2.3,  25.6,  0.773, -0.008,  0.000,5279272.1,  1,  22.7,   0.8, 0.100
2025-11-11 16:25:33,        0,  29.7,   2.1,  25.6,  0.746, -0.009,  0.000,5279264.2,  1,  22.7,   0.9, 0.100
2025-11-11 16:25:35,        0,  29.8,   2.4,  25.6,  0.731, -0.009,  0.000,5279253.3,  1,  22.7,   0.9, 0.100
2025-11-11 16:25:36,        0,  29.8,   2.5,  25.6,  0.709, -0.008,  0.000,5279245.3,  1,  22.7,   0.9, 0.100
2025-11-11 16:25:37,        0,  29.8,   2.4,  25.6,  0.696, -0.009,  0.000,5279237.8,  1,  22.7,   0.9, 0.100
2025-11-11 16:25:37,        0,  29.8,   2.4,  25.6,  0.684, -0.008,  0.000,5279229.8,  1,  22.7,   0.9, 0.100
2025-11-11 16:25:39,        0,  29.9,   2.6,  25.6,  0.668, -0.009,  0.000,5279219.3,  1,  22.7,   0.9, 0.100
2025-11-11 16:25:40,        0,  29.8,   2.4,  25.6,  0.653, -0.008,  0.000,5279211.8,  1,  22.7,   0.9, 0.100
2025-11-11 16:25:41,        0,  29.9,   2.6,  25.6,  0.645, -0.008,  0.000,5279204.2,  1,  22.7,   0.9, 0.100
2025-11-11 16:25:41,        0,  29.9,   2.6,  25.7,  0.636, -0.009,  0.000,5279195.9,  1,  22.7,   0.9, 0.100
2025-11-11 16:25:42,        0,  29.9,   2.8,  25.6,  1.105,  0.408,  0.002,5281095.2,  1,  22.7,   0.8, 0.100
2025-11-11 16:25:44,        0,  29.6,   1.8,  25.7,  6.100,  4.359,  0.027,5285755.1,  1,  22.7,   0.9, 0.100
2025-11-11 16:25:45,        0,  29.5,   1.6,  25.6,  1.249,  0.049,  0.000,5285977.2,  1,  22.7,   0.8, 0.100
2025-11-11 16:25:45,        0,  29.6,   1.8,  25.6,  1.067,  0.003,  0.000,5285984.0,  1,  22.7,   0.8, 0.100
2025-11-11 16:25:46,        0,  29.7,   2.0,  25.6,  0.991, -0.004,  0.000,5285980.2,  1,  22.7,   0.8, 0.100
2025-11-11 16:25:48,        0,  29.7,   2.1,  25.6,  0.923, -0.008,  0.000,5285971.8,  1,  22.7,   0.8, 0.100
2025-11-11 16:25:49,        0,  29.7,   2.1,  25.6,  0.886, -0.007,  0.000,5285965.1,  1,  22.7,   0.8, 0.100
2025-11-11 16:25:50,        0,  29.8,   2.3,  25.7,  0.840, -0.008,  0.000,5285957.1,  1,  22.7,   0.9, 0.100
2025-11-11 16:25:50,        0,  29.7,   2.1,  25.6,  0.812, -0.008,  0.000,5285950.0,  1,  22.7,   0.9, 0.100
2025-11-11 16:25:51,        0,  29.8,   2.3,  25.6,  0.788, -0.008,  0.000,5285942.5,  1,  22.7,   0.8, 0.100
2025-11-11 16:25:53,        0,  29.8,   2.3,  25.6,  0.756, -0.008,  0.000,5285933.7,  1,  22.7,   0.8, 0.100
2025-11-11 16:25:54,        0,  29.8,   2.4,  25.6,  0.737, -0.008,  0.000,5285925.3,  1,  22.7,   0.8, 0.100
2025-11-11 16:25:54,        0,  29.8,   2.3,  25.6,  0.713, -0.008,  0.000,5285917.3,  1,  22.7,   0.8, 0.100
2025-11-11 16:25:55,        0,  29.7,   2.0,  25.6,  0.697, -0.008,  0.000,5285909.8,  1,  22.7,   0.8, 0.100
2025-11-11 16:25:57,        0,  29.9,   2.6,  25.6,  0.678, -0.008,  0.000,5285900.1,  1,  22.7,   0.8, 0.100
2025-11-11 16:25:58,        0,  29.8,   2.5,  25.7,  0.666, -0.009,  0.000,5285892.6,  1,  22.7,   0.8, 0.100
2025-11-11 16:25:59,        0,  29.9,   2.6,  25.6,  0.654, -0.008,  0.000,5285884.2,  1,  22.7,   0.8, 0.100
2025-11-11 16:25:59,        0,  29.9,   2.8,  25.6,  0.639, -0.008,  0.000,5285877.1,  1,  22.7,   0.9, 0.100
2025-11-11 16:26:00,        0,  29.9,   2.8,  25.6,  6.094,  4.358,  0.027,5289455.3,  1,  22.7,   0.8, 0.100
2025-11-11 16:26:02,        0,  29.5,   1.6,  25.6,  3.532,  1.961,  0.009,5292822.7,  1,  22.7,   0.8, 0.100
2025-11-11 16:26:03,        0,  29.4,   1.3,  25.6,  1.220,  0.039,  0.000,5292870.9,  1,  22.7,   0.9, 0.100
2025-11-11 16:26:03,        0,  29.8,   2.3,  25.6,  1.014, -0.002,  0.000,5292871.8,  1,  22.7,   0.9, 0.100
2025-11-11 16:26:04,        0,  29.6,   1.8,  25.6,  0.957, -0.006,  0.000,5292867.6,  1,  22.7,   0.9, 0.100
2025-11-11 16:26:06,        0,  29.7,   2.1,  25.6,  0.896, -0.007,  0.000,5292859.2,  1,  22.7,   0.9, 0.100
2025-11-11 16:26:07,        0,  29.7,   2.0,  25.6,  0.863, -0.007,  0.000,5292852.1,  1,  22.6,   0.9, 0.100
2025-11-11 16:26:07,        0,  29.7,   2.0,  25.6,  0.832, -0.007,  0.000,5292845.0,  1,  22.7,   0.9, 0.100
2025-11-11 16:26:08,        0,  29.7,   2.1,  25.6,  0.792, -0.008,  0.000,5292837.4,  1,  22.7,   1.0, 0.100
2025-11-11 16:26:10,        0,  29.8,   2.3,  25.6,  0.769, -0.008,  0.000,5292828.6,  1,  22.7,   0.9, 0.100
2025-11-11 16:26:11,        0,  29.7,   2.1,  25.6,  0.738, -0.008,  0.000,5292820.7,  1,  22.7,   0.9, 0.100
2025-11-11 16:26:12,        0,  29.8,   2.3,  25.6,  0.720, -0.008,  0.000,5292813.1,  1,  22.7,   0.9, 0.100
2025-11-11 16:26:12,        0,  29.8,   2.3,  25.6,  0.703, -0.008,  0.000,5292805.6,  1,  22.7,   1.0, 0.100
2025-11-11 16:26:13,        0,  29.8,   2.3,  25.6,  0.682, -0.007,  0.000,5292797.6,  1,  22.7,   1.0, 0.100
2025-11-11 16:26:15,        0,  29.8,   2.3,  25.6,  0.667, -0.007,  0.000,5292788.8,  1,  22.7,   1.0, 0.100
2025-11-11 16:26:16,        0,  29.8,   2.4,  25.6,  0.649, -0.008,  0.000,5292781.7,  1,  22.7,   1.0, 0.100
2025-11-11 16:26:16,        0,  29.8,   2.4,  25.6,  0.638, -0.008,  0.000,5292773.7,  1,  22.7,   1.0, 0.100
2025-11-11 16:26:17,        0,  29.8,   2.4,  25.6,  0.628, -0.008,  0.000,5292766.6,  1,  22.7,   1.0, 0.100
2025-11-11 16:26:19,        0,  29.8,   2.4,  25.6,  0.614, -0.008,  0.000,5292757.4,  1,  22.7,   1.0, 0.100
2025-11-11 16:26:20,        0,  29.9,   2.6,  25.6,  0.600, -0.008,  0.000,5292750.2,  1,  22.7,   1.0, 0.100
2025-11-11 16:26:21,        0,  29.9,   2.6,  25.6,  0.593, -0.008,  0.000,5292742.7,  1,  22.7,   1.0, 0.100
2025-11-11 16:26:21,        0,  29.9,   2.6,  25.6,  0.585, -0.008,  0.000,5292735.2,  1,  22.7,   1.0, 0.100
2025-11-11 16:26:22,        0,  29.9,   2.6,  25.6,  0.578, -0.008,  0.000,5292728.0,  1,  22.7,   1.0, 0.100
2025-11-11 16:26:24,        0,  29.9,   2.6,  25.6,  0.568, -0.007,  0.000,5292719.2,  1,  22.7,   1.0, 0.100
2025-11-11 16:26:25,        0,  29.8,   2.5,  25.6,  0.558, -0.007,  0.000,5292711.7,  1,  22.7,   1.0, 0.100
2025-11-11 16:26:25,        0,  29.9,   2.6,  25.6,  0.553, -0.007,  0.000,5293067.9,  1,  22.6,   1.0, 0.100
2025-11-11 16:26:26,        0,  29.9,   2.8,  25.7,  6.088,  4.350,  0.026,5297176.3,  1,  22.7,   1.0, 0.100
2025-11-11 16:26:28,        0,  29.8,   2.3,  25.6,  1.944,  0.532,  0.001,5299445.7,  1,  22.7,   1.0, 0.100
2025-11-11 16:26:29,        0,  29.7,   2.0,  25.6,  1.148,  0.021,  0.000,5299466.2,  1,  22.7,   1.0, 0.100
2025-11-11 16:26:29,        0,  29.7,   2.0,  25.6,  0.987, -0.003,  0.000,5299465.8,  1,  22.6,   1.0, 0.100
2025-11-11 16:26:30,        0,  29.7,   2.0,  25.6,  0.933, -0.005,  0.000,5299460.4,  1,  22.7,   1.0, 0.100
2025-11-11 16:26:32,        0,  29.7,   2.1,  25.6,  0.871, -0.007,  0.000,5299452.8,  1,  22.7,   1.0, 0.100
2025-11-11 16:26:33,        0,  29.7,   2.0,  25.6,  0.837, -0.007,  0.000,5299446.1,  1,  22.6,   1.0, 0.100
2025-11-11 16:26:33,        0,  29.7,   2.0,  25.6,  0.807, -0.007,  0.000,5299439.4,  1,  22.6,   1.0, 0.100
2025-11-11 16:26:34,        0,  29.7,   2.1,  25.6,  0.767, -0.007,  0.000,5299431.9,  1,  22.7,   1.0, 0.100
2025-11-11 16:26:36,        0,  29.7,   2.1,  25.6,  0.744, -0.007,  0.000,5299423.5,  1,  22.6,   1.0, 0.100
2025-11-11 16:26:37,        0,  29.7,   2.1,  25.6,  0.714, -0.008,  0.000,5299416.4,  1,  22.7,   1.0, 0.100
2025-11-11 16:26:37,        0,  29.8,   2.3,  25.6,  0.696, -0.008,  0.000,5299408.8,  1,  22.6,   1.0, 0.100
2025-11-11 16:26:38,        0,  29.8,   2.3,  25.6,  0.681, -0.008,  0.000,5299400.9,  1,  22.6,   1.0, 0.100
2025-11-11 16:26:40,        0,  29.7,   2.1,  25.6,  0.659, -0.008,  0.000,5299391.6,  1,  22.7,   1.0, 0.100
2025-11-11 16:26:41,        0,  29.8,   2.3,  25.6,  0.647, -0.008,  0.000,5299384.9,  1,  22.6,   1.0, 0.100
2025-11-11 16:26:41,        0,  29.8,   2.4,  25.6,  0.629, -0.008,  0.000,5299377.0,  1,  22.7,   1.0, 0.100
2025-11-11 16:26:42,        0,  29.8,   2.4,  25.6,  0.618, -0.008,  0.000,5299369.9,  1,  22.6,   1.0, 0.100
2025-11-11 16:26:44,        0,  29.8,   2.5,  25.6,  0.604, -0.008,  0.000,5299360.6,  1,  22.6,   1.0, 0.100
2025-11-11 16:26:45,        0,  29.8,   2.3,  25.6,  0.594, -0.007,  0.000,5299353.5,  1,  22.6,   1.0, 0.100
2025-11-11 16:26:45,        0,  29.8,   2.3,  25.6,  0.586, -0.007,  0.000,5299346.0,  1,  22.6,   1.0, 0.100
2025-11-11 16:26:46,        0,  29.8,   2.4,  25.6,  0.574, -0.008,  0.000,5299338.4,  1,  22.6,   1.0, 0.100
2025-11-11 16:26:48,        0,  29.8,   2.4,  25.6,  0.563, -0.007,  0.000,5299329.6,  1,  22.6,   1.0, 0.100
2025-11-11 16:26:49,        0,  29.9,   2.6,  25.5,  0.557, -0.007,  0.000,5299322.9,  1,  22.6,   1.0, 0.100
2025-11-11 16:26:50,        0,  29.9,   2.6,  25.6,  0.550, -0.007,  0.000,5299315.4,  1,  22.6,   0.9, 0.100
2025-11-11 16:26:50,        0,  29.8,   2.4,  25.6,  0.541, -0.007,  0.000,5299308.7,  1,  22.7,   0.9, 0.100
2025-11-11 16:26:52,        0,  29.9,   2.6,  25.6,  0.536, -0.007,  0.000,5299300.3,  1,  22.6,   0.9, 0.100
2025-11-11 16:26:53,        0,  29.9,   2.6,  25.6,  0.528, -0.007,  0.000,5299293.6,  1,  22.7,   0.9, 0.100
2025-11-11 16:26:54,        0,  29.8,   2.4,  25.6,  3.999,  2.756,  0.017,5301223.1,  1,  22.6,   0.8, 0.100
2025-11-11 16:26:54,        0,  29.9,   2.6,  25.6,  1.595,  0.256,  0.000,5302371.8,  1,  22.6,   0.8, 0.100
2025-11-11 16:26:55,        0,  29.8,   2.4,  25.6,  1.465,  0.165,  0.000,5303481.2,  1,  22.6,   0.8, 0.100
2025-11-11 16:26:57,        0,  29.4,   1.3,  25.6,  1.097,  0.011,  0.000,5303499.2,  1,  22.6,   0.8, 0.100
2025-11-11 16:26:58,        0,  29.8,   2.4,  25.6,  0.961, -0.005,  0.000,5303495.4,  1,  22.6,   0.8, 0.100
2025-11-11 16:26:59,        0,  29.8,   2.3,  25.6,  0.912, -0.006,  0.000,5303489.6,  1,  22.6,   0.8, 0.100
2025-11-11 16:26:59,        0,  29.8,   2.4,  25.6,  0.871, -0.006,  0.000,5303484.1,  1,  22.6,   0.8, 0.100
2025-11-11 16:27:01,        0,  29.8,   2.4,  25.6,  0.818, -0.007,  0.000,5303476.1,  1,  22.6,   0.8, 0.100
2025-11-11 16:27:02,        0,  29.8,   2.4,  25.6,  0.788, -0.007,  0.000,5303469.0,  1,  22.7,   0.8, 0.100
2025-11-11 16:27:03,        0,  29.8,   2.3,  25.6,  0.749, -0.007,  0.000,5303462.3,  1,  22.7,   0.8, 0.100
2025-11-11 16:27:03,        0,  29.8,   2.3,  25.6,  0.725, -0.007,  0.000,5303455.2,  1,  22.6,   0.8, 0.100
2025-11-11 16:27:04,        0,  29.8,   2.4,  25.6,  0.706, -0.008,  0.000,5303448.1,  1,  22.6,   0.8, 0.100
2025-11-11 16:27:06,        0,  29.9,   2.6,  25.6,  0.680, -0.007,  0.000,5303439.7,  1,  22.7,   0.8, 0.100
2025-11-11 16:27:07,        0,  29.9,   2.6,  25.6,  0.657, -0.007,  0.000,5303432.1,  1,  22.6,   0.8, 0.100
2025-11-11 16:27:07,        0,  29.9,   2.6,  25.6,  0.643, -0.007,  0.000,5303425.0,  1,  22.6,   0.8, 0.100
2025-11-11 16:27:08,        0,  29.9,   2.8,  25.6,  0.630, -0.008,  0.000,5303417.9,  1,  22.6,   0.8, 0.100
2025-11-11 16:27:10,        0,  29.9,   2.6,  25.6,  2.167,  0.728,  0.002,5305372.1,  1,  22.7,   0.8, 0.100
2025-11-11 16:27:11,        0,  29.8,   2.4,  25.5,  1.150,  0.024,  0.000,5305396.4,  1,  22.6,   0.9, 0.100
2025-11-11 16:27:12,        0,  29.8,   2.3,  25.6,  0.973, -0.003,  0.000,5305396.0,  1,  22.7,   0.9, 0.100
2025-11-11 16:27:12,        0,  29.8,   2.4,  25.5,  0.919, -0.005,  0.000,5305391.0,  1,  22.7,   0.9, 0.100
2025-11-11 16:27:13,        0,  29.8,   2.5,  25.6,  0.874, -0.006,  0.000,5305384.7,  1,  22.7,   0.9, 0.100
2025-11-11 16:27:15,        0,  29.8,   2.4,  25.6,  0.816, -0.006,  0.000,5305377.6,  1,  22.7,   0.9, 0.100
2025-11-11 16:27:16,        0,  29.9,   2.6,  25.6,  0.783, -0.007,  0.000,5305371.3,  1,  22.6,   0.9, 0.100
2025-11-11 16:27:16,        0,  29.9,   2.6,  25.6,  2.353,  1.329,  0.008,5306309.6,  1,  22.7,   0.9, 0.100
2025-11-11 16:27:17,        0,  29.8,   2.4,  25.6,  6.099,  4.357,  0.027,5310472.1,  1,  22.6,   0.9, 0.100
2025-11-11 16:27:19,        0,  29.7,   2.0,  25.5,  1.370,  0.111,  0.000,5311686.2,  1,  22.6,   0.9, 0.100
2025-11-11 16:27:20,        0,  29.2,   0.5,  25.6,  1.082,  0.009,  0.000,5311696.7,  1,  22.6,   1.0, 0.100
2025-11-11 16:27:21,        0,  29.7,   2.0,  25.5,  0.987, -0.002,  0.000,5311693.8,  1,  22.6,   1.0, 0.100
2025-11-11 16:27:21,        0,  29.6,   1.8,  25.6,  0.911, -0.006,  0.000,5311687.9,  1,  22.6,   1.0, 0.100
2025-11-11 16:27:22,        0,  29.6,   1.8,  25.6,  0.872, -0.006,  0.000,5311681.6,  1,  22.6,   0.9, 0.100
2025-11-11 16:27:24,        0,  29.6,   1.8,  25.6,  0.819, -0.007,  0.000,5311674.5,  1,  22.7,   1.0, 0.100
2025-11-11 16:27:25,        0,  29.7,   2.0,  25.6,  0.788, -0.007,  0.000,5311667.8,  1,  22.7,   1.0, 0.100
2025-11-11 16:27:25,        0,  29.6,   1.8,  25.6,  0.750, -0.007,  0.000,5311660.7,  1,  22.6,   1.0, 0.100
2025-11-11 16:27:26,        0,  29.7,   2.0,  25.6,  0.729, -0.008,  0.000,5311653.5,  1,  22.6,   1.0, 0.100
2025-11-11 16:27:28,        0,  29.7,   2.0,  25.6,  0.700, -0.008,  0.000,5311645.1,  1,  22.6,   1.0, 0.100
2025-11-11 16:27:29,        0,  29.7,   2.1,  25.6,  0.684, -0.008,  0.000,5311636.8,  1,  22.6,   1.0, 0.100
2025-11-11 16:27:30,        0,  29.7,   2.1,  25.5,  0.669, -0.008,  0.000,5311629.2,  1,  22.6,   1.0, 0.100
2025-11-11 16:27:30,        0,  29.7,   2.1,  25.5,  0.649, -0.008,  0.000,5311622.1,  1,  22.6,   1.0, 0.100
2025-11-11 16:27:32,        0,  29.7,   2.1,  25.6,  0.636, -0.008,  0.000,5311613.7,  1,  22.6,   0.9, 0.100
2025-11-11 16:27:33,        0,  29.7,   2.1,  25.6,  0.619, -0.008,  0.000,5311605.8,  1,  22.6,   1.0, 0.100
2025-11-11 16:27:34,        0,  29.7,   2.1,  25.6,  0.608, -0.007,  0.000,5311599.0,  1,  22.6,   1.0, 0.100
2025-11-11 16:27:34,        0,  29.7,   2.1,  25.6,  0.598, -0.007,  0.000,5311591.5,  1,  22.7,   1.0, 0.100
2025-11-11 16:27:35,        0,  29.7,   2.1,  25.6,  0.585, -0.007,  0.000,5311584.8,  1,  22.6,   0.9, 0.100
2025-11-11 16:27:37,        0,  29.8,   2.3,  25.6,  0.577, -0.007,  0.000,5311576.4,  1,  22.6,   0.9, 0.100
2025-11-11 16:27:38,        0,  29.8,   2.3,  25.5,  0.564, -0.007,  0.000,5311569.3,  1,  22.6,   1.0, 0.100
2025-11-11 16:27:38,        0,  29.8,   2.3,  25.5,  0.557, -0.007,  0.000,5311562.6,  1,  22.7,   0.9, 0.100
2025-11-11 16:27:39,        0,  29.8,   2.3,  25.6,  0.550, -0.007,  0.000,5311555.9,  1,  22.6,   1.0, 0.100
2025-11-11 16:27:41,        0,  29.7,   2.1,  25.6,  0.541, -0.007,  0.000,5311547.1,  1,  22.6,   1.0, 0.100
2025-11-11 16:27:42,        0,  29.8,   2.3,  25.5,  0.531, -0.007,  0.000,5311540.0,  1,  22.6,   1.0, 0.100
2025-11-11 16:27:43,        0,  29.8,   2.3,  25.6,  0.525, -0.007,  0.000,5311534.1,  1,  22.6,   0.9, 0.100
2025-11-11 16:27:43,        0,  29.8,   2.3,  25.6,  0.520, -0.007,  0.000,5311527.4,  1,  22.6,   1.0, 0.100
2025-11-11 16:27:45,        0,  29.8,   2.3,  25.5,  0.512, -0.007,  0.000,5311519.0,  1,  22.6,   1.0, 0.100
2025-11-11 16:27:46,        0,  29.8,   2.3,  25.5,  0.508, -0.007,  0.000,5311511.9,  1,  22.6,   1.0, 0.100
2025-11-11 16:27:47,        0,  29.8,   2.4,  25.5,  0.501, -0.007,  0.000,5311505.2,  1,  22.7,   0.9, 0.100
2025-11-11 16:27:47,        0,  29.8,   2.4,  25.6,  0.496, -0.007,  0.000,5311499.3,  1,  22.6,   0.9, 0.100
2025-11-11 16:27:48,        0,  29.8,   2.4,  25.6,  0.492, -0.007,  0.000,5311493.0,  1,  22.7,   0.9, 0.100
2025-11-11 16:27:50,        0,  29.8,   2.3,  25.6,  0.486, -0.007,  0.000,5311484.6,  1,  22.6,   0.9, 0.100
2025-11-11 16:27:51,        0,  29.9,   2.6,  25.5,  0.483, -0.007,  0.000,5311479.2,  1,  22.6,   0.9, 0.100
2025-11-11 16:27:52,        0,  29.9,   2.6,  25.5,  0.477, -0.007,  0.000,5311472.1,  1,  22.6,   0.9, 0.100
2025-11-11 16:27:52,        0,  29.9,   2.6,  25.5,  0.473, -0.007,  0.000,5311465.8,  1,  22.7,   0.9, 0.100
2025-11-11 16:27:54,        0,  29.9,   2.6,  25.6,  0.468, -0.007,  0.000,5311458.7,  1,  22.6,   1.0, 0.100
2025-11-11 16:27:55,        0,  29.9,   2.6,  25.5,  0.465, -0.007,  0.000,5311451.5,  1,  22.6,   0.9, 0.100
2025-11-11 16:27:56,        0,  29.9,   2.6,  25.5,  0.461, -0.007,  0.000,5311444.8,  1,  22.7,   0.9, 0.100
2025-11-11 16:27:56,        0,  29.9,   2.8,  25.6,  0.456, -0.006,  0.000,5311439.0,  1,  22.6,   0.9, 0.100
2025-11-11 16:27:57,        0,  29.9,   2.8,  25.5,  6.100,  4.356,  0.027,5315070.0,  1,  22.6,   0.9, 0.100
2025-11-11 16:27:59,        0,  29.8,   2.3,  25.6,  4.677,  3.020,  0.016,5319009.5,  1,  22.7,   0.9, 0.100
2025-11-11 16:28:00,        0,  29.7,   2.0,  25.5,  1.263,  0.058,  0.000,5319087.9,  1,  22.6,   0.9, 0.100
2025-11-11 16:28:00,        0,  29.7,   2.0,  25.5,  1.058,  0.005,  0.000,5319091.6,  1,  22.6,   1.0, 0.100
2025-11-11 16:28:01,        0,  29.5,   1.6,  25.5,  0.946, -0.005,  0.000,5319087.9,  1,  22.6,   0.9, 0.100
2025-11-11 16:28:03,        0,  29.6,   1.8,  25.5,  0.878, -0.006,  0.000,5319080.7,  1,  22.6,   0.9, 0.100
2025-11-11 16:28:04,        0,  29.6,   1.8,  25.5,  0.841, -0.007,  0.000,5319074.4,  1,  22.6,   0.9, 0.100
2025-11-11 16:28:04,        0,  29.6,   1.8,  25.5,  0.810, -0.007,  0.000,5319067.3,  1,  22.7,   1.0, 0.100
2025-11-11 16:28:05,        0,  29.7,   2.0,  25.5,  0.780, -0.007,  0.000,5319061.5,  1,  22.6,   0.9, 0.100
2025-11-11 16:28:07,        0,  29.7,   2.0,  25.5,  0.742, -0.007,  0.000,5319052.7,  1,  22.6,   0.9, 0.100
2025-11-11 16:28:08,        0,  29.6,   1.8,  25.5,  0.711, -0.008,  0.000,5319045.1,  1,  22.6,   1.0, 0.100
2025-11-11 16:28:08,        0,  29.7,   2.0,  25.6,  0.694, -0.007,  0.000,5319038.0,  1,  22.7,   0.9, 0.100
2025-11-11 16:28:09,        0,  29.7,   2.0,  25.6,  0.677, -0.007,  0.000,5319030.9,  1,  22.6,   0.9, 0.100
2025-11-11 16:28:11,        0,  29.7,   2.1,  25.5,  0.654, -0.008,  0.000,5319021.6,  1,  22.6,   0.9, 0.100
2025-11-11 16:28:12,        0,  29.7,   2.1,  25.6,  0.639, -0.008,  0.000,5319014.5,  1,  22.6,   0.9, 0.100
2025-11-11 16:28:13,        0,  29.7,   2.1,  25.5,  0.621, -0.008,  0.000,5319007.0,  1,  22.6,   0.9, 0.100
2025-11-11 16:28:13,        0,  29.7,   2.0,  25.5,  0.609, -0.007,  0.000,5319000.3,  1,  22.6,   0.9, 0.100
2025-11-11 16:28:15,        0,  29.7,   2.1,  25.5,  0.593, -0.007,  0.000,5318992.3,  1,  22.7,   0.9, 0.100
2025-11-11 16:28:16,        0,  29.7,   2.1,  25.5,  0.582, -0.007,  0.000,5318984.3,  1,  22.7,   0.9, 0.100
2025-11-11 16:28:17,        0,  29.8,   2.3,  25.5,  0.573, -0.007,  0.000,5318977.2,  1,  22.7,   0.9, 0.100
2025-11-11 16:28:17,        0,  29.8,   2.3,  25.5,  0.560, -0.007,  0.000,5318970.1,  1,  22.6,   0.9, 0.100
2025-11-11 16:28:18,        0,  29.8,   2.3,  25.5,  0.552, -0.007,  0.000,5318963.4,  1,  22.6,   0.8, 0.100
2025-11-11 16:28:20,        0,  29.8,   2.3,  25.5,  0.541, -0.007,  0.000,5318955.4,  1,  22.6,   0.8, 0.100
2025-11-11 16:28:21,        0,  29.8,   2.3,  25.5,  0.534, -0.007,  0.000,5318948.7,  1,  22.6,   0.8, 0.100
2025-11-11 16:28:21,        0,  29.8,   2.3,  25.5,  0.526, -0.007,  0.000,5318942.9,  1,  22.6,   0.8, 0.100
2025-11-11 16:28:22,        0,  29.8,   2.3,  25.5,  0.517, -0.007,  0.000,5318935.7,  1,  22.6,   0.8, 0.100
2025-11-11 16:28:24,        0,  29.8,   2.3,  25.5,  0.508, -0.007,  0.000,5318927.8,  1,  22.6,   0.8, 0.100
2025-11-11 16:28:25,        0,  29.8,   2.4,  25.5,  0.503, -0.007,  0.000,5318921.1,  1,  22.6,   0.8, 0.100
2025-11-11 16:28:26,        0,  29.8,   2.4,  25.5,  0.497, -0.007,  0.000,5318914.4,  1,  22.6,   0.8, 0.100
2025-11-11 16:28:26,        0,  29.8,   2.3,  25.5,  0.490, -0.007,  0.000,5318907.6,  1,  22.6,   0.8, 0.100
2025-11-11 16:28:27,        0,  29.8,   2.3,  25.5,  0.484, -0.007,  0.000,5318901.4,  1,  22.7,   0.8, 0.100
2025-11-11 16:28:29,        0,  29.8,   2.4,  25.5,  0.478, -0.007,  0.000,5318893.4,  1,  22.6,   0.8, 0.100
2025-11-11 16:28:30,        0,  29.8,   2.3,  25.6,  0.473, -0.006,  0.000,5318887.5,  1,  22.7,   0.8, 0.100
2025-11-11 16:28:30,        0,  29.8,   2.4,  25.5,  0.469, -0.007,  0.000,5318881.7,  1,  22.6,   0.8, 0.100
2025-11-11 16:28:31,        0,  29.8,   2.4,  25.5,  0.463, -0.007,  0.000,5318875.4,  1,  22.7,   0.8, 0.100
2025-11-11 16:28:33,        0,  29.8,   2.4,  25.5,  0.459, -0.007,  0.000,5318867.8,  1,  22.7,   0.8, 0.100
2025-11-11 16:28:34,        0,  29.8,   2.4,  25.5,  0.453, -0.006,  0.000,5318862.0,  1,  22.7,   0.8, 0.100
2025-11-11 16:28:35,        0,  29.8,   2.4,  25.5,  0.450, -0.006,  0.000,5318855.7,  1,  22.6,   0.8, 0.100
2025-11-11 16:28:35,        0,  29.9,   2.6,  25.5,  0.447, -0.006,  0.000,5318850.2,  1,  22.6,   0.8, 0.100
2025-11-11 16:28:36,        0,  29.9,   2.6,  25.6,  0.441, -0.006,  0.000,5318844.4,  1,  22.6,   0.8, 0.100
2025-11-11 16:28:38,        0,  29.8,   2.5,  25.5,  0.439, -0.006,  0.000,5318837.7,  1,  22.7,   0.8, 0.100
2025-11-11 16:28:39,        0,  29.9,   2.6,  25.5,  0.433, -0.006,  0.000,5318831.8,  1,  22.7,   0.8, 0.100
2025-11-11 16:28:39,        0,  29.9,   2.6,  25.5,  0.430, -0.006,  0.000,5319118.9,  1,  22.7,   0.8, 0.100
2025-11-11 16:28:40,        0,  29.9,   2.6,  25.5,  6.102,  4.353,  0.027,5323264.1,  1,  22.6,   0.8, 0.100
2025-11-11 16:28:42,        0,  29.8,   2.4,  25.5,  3.314,  1.757,  0.007,5325959.8,  1,  22.6,   0.8, 0.100
2025-11-11 16:28:43,        0,  29.4,   1.3,  25.5,  1.105,  0.012,  0.000,5325988.3,  1,  22.6,   0.8, 0.100
2025-11-11 16:28:44,        0,  29.7,   2.0,  25.5,  1.003, -0.000,  0.000,5325988.7,  1,  22.6,   0.8, 0.100
2025-11-11 16:28:44,        0,  29.3,   0.8,  25.5,  0.941, -0.004,  0.000,5325984.5,  1,  22.6,   0.8, 0.100
2025-11-11 16:28:46,        0,  29.6,   1.8,  25.5,  0.875, -0.007,  0.000,5325976.5,  1,  22.6,   0.8, 0.100
2025-11-11 16:28:47,        0,  29.6,   1.8,  25.5,  0.839, -0.007,  0.000,5325970.2,  1,  22.7,   0.9, 0.100
2025-11-11 16:28:48,        0,  29.5,   1.6,  25.5,  0.792, -0.007,  0.000,5325964.0,  1,  22.6,   0.8, 0.100
2025-11-11 16:28:48,        0,  29.7,   2.0,  25.5,  0.764, -0.007,  0.000,5325956.8,  1,  22.7,   0.9, 0.100
2025-11-11 16:28:49,        0,  29.6,   1.8,  25.5,  0.739, -0.007,  0.000,5325950.1,  1,  22.7,   0.9, 0.100
2025-11-11 16:28:51,        0,  29.7,   2.0,  25.5,  0.707, -0.007,  0.000,5325942.2,  1,  22.6,   0.9, 0.100
2025-11-11 16:28:52,        0,  29.5,   1.6,  25.5,  0.687, -0.008,  0.000,5325933.8,  1,  22.6,   0.9, 0.100
2025-11-11 16:28:52,        0,  29.7,   2.0,  25.5,  0.662, -0.007,  0.000,5325927.1,  1,  22.7,   0.9, 0.100
2025-11-11 16:28:53,        0,  29.7,   2.0,  25.5,  0.647, -0.008,  0.000,5325919.5,  1,  22.6,   0.9, 0.100
2025-11-11 16:28:55,        0,  29.7,   2.0,  25.5,  0.627, -0.007,  0.000,5325911.1,  1,  22.6,   0.9, 0.100
2025-11-11 16:28:56,        0,  29.7,   2.0,  25.5,  0.614, -0.008,  0.000,5325904.0,  1,  22.7,   0.9, 0.100
2025-11-11 16:28:57,        0,  29.7,   2.0,  25.5,  0.602, -0.007,  0.000,5325897.3,  1,  22.6,   1.0, 0.100
2025-11-11 16:28:57,        0,  29.7,   2.0,  25.5,  0.586, -0.007,  0.000,5325890.6,  1,  22.6,   0.9, 0.100
2025-11-11 16:28:59,        0,  29.7,   2.0,  25.5,  0.571, -0.007,  0.000,5325881.8,  1,  22.7,   1.0, 0.100
2025-11-11 16:29:00,        0,  29.7,   2.0,  25.5,  0.561, -0.007,  0.000,5325875.1,  1,  22.6,   0.9, 0.100
2025-11-11 16:29:01,        0,  29.6,   1.8,  25.5,  0.551, -0.007,  0.000,5325868.4,  1,  22.7,   1.0, 0.100
2025-11-11 16:29:01,        0,  29.7,   2.1,  25.5,  0.544, -0.007,  0.000,5325862.1,  1,  22.6,   1.0, 0.100
2025-11-11 16:29:02,        0,  29.7,   2.1,  25.5,  0.532, -0.007,  0.000,5325855.8,  1,  22.7,   0.9, 0.100
2025-11-11 16:29:04,        0,  29.7,   2.1,  25.5,  0.521, -0.007,  0.000,5325847.4,  1,  22.7,   0.9, 0.100
2025-11-11 16:29:05,        0,  29.7,   2.1,  25.5,  0.514, -0.006,  0.000,5325841.6,  1,  22.7,   0.9, 0.100
2025-11-11 16:29:05,        0,  29.7,   2.1,  25.5,  0.508, -0.007,  0.000,5325835.3,  1,  22.6,   0.9, 0.100
2025-11-11 16:29:06,        0,  29.7,   2.1,  25.5,  0.498, -0.006,  0.000,5325828.6,  1,  22.6,   0.9, 0.100
2025-11-11 16:29:08,        0,  29.7,   2.1,  25.5,  0.492, -0.006,  0.000,5325821.0,  1,  22.6,   0.9, 0.100
2025-11-11 16:29:09,        0,  29.7,   2.1,  25.5,  0.484, -0.007,  0.000,5325815.2,  1,  22.6,   0.9, 0.100
2025-11-11 16:29:10,        0,  29.7,   2.1,  25.5,  0.479, -0.006,  0.000,5325809.3,  1,  22.6,   0.9, 0.100
2025-11-11 16:29:10,        0,  29.8,   2.3,  25.5,  0.474, -0.007,  0.000,5325802.2,  1,  22.6,   0.9, 0.100
2025-11-11 16:29:12,        0,  29.8,   2.3,  25.5,  0.466, -0.006,  0.000,5325795.5,  1,  22.6,   0.9, 0.100
2025-11-11 16:29:13,        0,  29.7,   2.1,  25.5,  0.462, -0.006,  0.000,5325790.0,  1,  22.7,   0.9, 0.100
2025-11-11 16:29:14,        0,  29.8,   2.3,  25.5,  0.455, -0.006,  0.000,5325783.7,  1,  22.6,   0.9, 0.100
2025-11-11 16:29:14,        0,  29.8,   2.3,  25.5,  0.451, -0.006,  0.000,5325777.0,  1,  22.6,   1.0, 0.100
2025-11-11 16:29:15,        0,  29.8,   2.3,  25.5,  0.447, -0.006,  0.000,5325771.2,  1,  22.7,   0.9, 0.100
2025-11-11 16:29:17,        0,  29.8,   2.5,  25.5,  0.441, -0.006,  0.000,5325764.5,  1,  22.7,   0.9, 0.100
2025-11-11 16:29:18,        0,  29.8,   2.3,  25.5,  0.437, -0.006,  0.000,5325759.0,  1,  22.6,   0.9, 0.100
2025-11-11 16:29:19,        0,  29.8,   2.3,  25.5,  0.431, -0.007,  0.000,5325753.1,  1,  22.7,   0.9, 0.100
2025-11-11 16:29:19,        0,  29.8,   2.3,  25.5,  0.428, -0.006,  0.000,5325747.3,  1,  22.7,   0.9, 0.100
2025-11-11 16:29:21,        0,  29.8,   2.4,  25.5,  0.423, -0.006,  0.000,5325741.0,  1,  22.6,   0.9, 0.100
2025-11-11 16:29:22,        0,  29.8,   2.3,  25.5,  0.419, -0.006,  0.000,5325735.1,  1,  22.7,   0.9, 0.100
2025-11-11 16:29:23,        0,  29.8,   2.4,  25.5,  0.414, -0.006,  0.000,5325729.3,  1,  22.6,   0.9, 0.100
2025-11-11 16:29:23,        0,  29.8,   2.3,  25.5,  0.412, -0.006,  0.000,5325723.8,  1,  22.7,   0.9, 0.100
2025-11-11 16:29:24,        0,  29.8,   2.4,  25.5,  0.408, -0.006,  0.000,5325718.4,  1,  22.6,   0.9, 0.100
2025-11-11 16:29:26,        0,  29.8,   2.4,  25.5,  0.404, -0.005,  0.000,5325712.1,  1,  22.6,   0.9, 0.100
2025-11-11 16:29:27,        0,  29.8,   2.4,  25.5,  0.401, -0.005,  0.000,5325707.0,  1,  22.7,   0.9, 0.100
2025-11-11 16:29:27,        0,  29.9,   2.6,  25.5,  0.396, -0.005,  0.000,5325701.6,  1,  22.7,   0.9, 0.100
2025-11-11 16:29:28,        0,  29.9,   2.6,  25.5,  0.394, -0.005,  0.000,5325696.2,  1,  22.6,   0.9, 0.100
2025-11-11 16:29:30,        0,  29.9,   2.6,  25.5,  0.389, -0.005,  0.000,5325690.3,  1,  22.6,   0.8, 0.100
2025-11-11 16:29:31,        0,  29.9,   2.6,  25.5,  0.387, -0.006,  0.000,5325684.4,  1,  22.7,   0.9, 0.100
2025-11-11 16:29:32,        0,  29.9,   2.6,  25.5,  0.384, -0.005,  0.000,5325679.0,  1,  22.7,   0.9, 0.100
2025-11-11 16:29:32,        0,  29.8,   2.4,  25.5,  0.381, -0.006,  0.000,5325673.9,  1,  22.6,   0.9, 0.100
2025-11-11 16:29:33,        0,  29.9,   2.8,  25.5,  0.378, -0.005,  0.000,5325668.5,  1,  22.7,   0.9, 0.100
2025-11-11 16:29:35,        0,  29.9,   2.6,  25.5,  6.115,  4.361,  0.027,5330165.0,  1,  22.6,   0.9, 0.100
2025-11-11 16:29:36,        0,  29.5,   1.6,  25.5,  4.334,  2.696,  0.014,5332564.7,  1,  22.6,   0.9, 0.100
2025-11-11 16:29:36,        0,  29.8,   2.4,  25.5,  1.246,  0.052,  0.000,5332610.8,  1,  22.7,   0.9, 0.100
2025-11-11 16:29:37,        0,  29.4,   1.3,  25.5,  1.004, -0.000,  0.000,5332612.9,  1,  22.6,   0.9, 0.100
2025-11-11 16:29:39,        0,  29.7,   2.0,  25.5,  0.917, -0.005,  0.000,5332607.4,  1,  22.6,   0.9, 0.100
2025-11-11 16:29:40,        0,  29.6,   1.8,  25.5,  0.875, -0.007,  0.000,5332600.7,  1,  22.6,   0.9, 0.100
2025-11-11 16:29:41,        0,  29.7,   2.0,  25.5,  0.837, -0.007,  0.000,5332594.5,  1,  22.6,   0.9, 0.100
2025-11-11 16:29:41,        0,  29.6,   1.8,  25.5,  0.789, -0.007,  0.000,5332588.2,  1,  22.7,   0.9, 0.100
2025-11-11 16:29:42,        0,  29.6,   1.8,  25.5,  0.759, -0.007,  0.000,5332581.9,  1,  22.6,   0.9, 0.100
2025-11-11 16:29:44,        0,  29.7,   2.0,  25.5,  0.723, -0.007,  0.000,5332573.5,  1,  22.6,   0.9, 0.100
2025-11-11 16:29:45,        0,  29.6,   1.8,  25.5,  0.703, -0.007,  0.000,5332566.0,  1,  22.6,   0.9, 0.100
2025-11-11 16:29:45,        0,  29.7,   2.0,  25.5,  0.683, -0.007,  0.000,5332559.7,  1,  22.6,   0.9, 0.100
2165-165-165 45:165:85,        0,  29.7,   2.0,  25.5,  0.657, -0.007,  0.000,5332553.0,  1,  22.6,   0.9, 0.100
2025-11-11 16:29:48,        0,  29.7,   2.0,  25.5,  0.642, -0.007,  0.000,5332544.2,  1,  22.6,   0.9, 0.100
2025-11-11 16:29:49,        0,  29.7,   2.1,  25.5,  0.622, -0.007,  0.000,5332537.0,  1,  22.6,   0.9, 0.100
2025-11-11 16:29:50,        0,  29.7,   2.0,  25.5,  0.609, -0.007,  0.000,5332530.3,  1,  22.6,   0.9, 0.100
2025-11-11 16:29:50,        0,  29.7,   2.1,  25.5,  0.597, -0.007,  0.000,5332522.8,  1,  22.6,   0.9, 0.100
2025-11-11 16:29:52,        0,  29.7,   2.1,  25.5,  0.580, -0.007,  0.000,5332514.4,  1,  22.7,   0.9, 0.100
2025-11-11 16:29:53,        0,  29.7,   2.1,  25.5,  0.569, -0.007,  0.000,5332508.1,  1,  22.6,   0.9, 0.100
2025-11-11 16:29:54,        0,  29.7,   2.1,  25.5,  0.555, -0.007,  0.000,5332501.4,  1,  22.6,   0.9, 0.100
2025-11-11 16:29:54,        0,  29.8,   2.3,  25.5,  0.546, -0.007,  0.000,5332494.3,  1,  22.7,   0.9, 0.100
2025-11-11 16:29:56,        0,  29.8,   2.3,  25.5,  0.532, -0.007,  0.000,5332487.2,  1,  22.6,   0.9, 0.100
2025-11-11 16:29:57,        0,  29.8,   2.3,  25.5,  0.524, -0.006,  0.000,5332480.5,  1,  22.6,   0.9, 0.100
2025-11-11 16:29:58,        0,  29.7,   2.1,  25.5,  0.517, -0.006,  0.000,5332474.2,  1,  22.6,   0.9, 0.100
2025-11-11 16:29:58,        0,  29.7,   2.1,  25.5,  0.506, -0.007,  0.000,5332467.9,  1,  22.6,   0.9, 0.100
2025-11-11 16:30:00,        0,  29.8,   2.3,  25.5,  0.495, -0.006,  0.000,5332460.3,  1,  22.7,   0.9, 0.100
2025-11-11 16:30:01,        0,  29.8,   2.3,  25.5,  0.489, -0.007,  0.000,5332454.5,  1,  22.6,   0.9, 0.100
2025-11-11 16:30:02,        0,  29.8,   2.3,  25.5,  0.482, -0.006,  0.000,5332448.6,  1,  22.6,   0.9, 0.100
2025-11-11 16:30:02,        0,  29.8,   2.4,  25.5,  0.477, -0.006,  0.000,5332442.7,  1,  22.7,   0.8, 0.100
2025-11-11 16:30:03,        0,  29.8,   2.3,  25.5,  0.468, -0.006,  0.000,5332436.5,  1,  22.6,   0.8, 0.100
2025-11-11 16:30:05,        0,  29.8,   2.3,  25.5,  0.460, -0.006,  0.000,5332429.8,  1,  22.6,   0.8, 0.100
2025-11-11 16:30:06,        0,  29.8,   2.3,  25.5,  0.455, -0.006,  0.000,5332424.3,  1,  22.6,   0.8, 0.100
2025-11-11 16:30:06,        0,  29.8,   2.3,  25.5,  0.450, -0.006,  0.000,5332418.4,  1,  22.6,   0.8, 0.100
2025-11-11 16:30:07,        0,  29.8,   2.4,  25.5,  0.443, -0.006,  0.000,5332412.6,  1,  22.7,   0.8, 0.100
2025-11-11 16:30:09,        0,  29.8,   2.3,  25.5,  0.438, -0.006,  0.000,5332405.4,  1,  22.6,   0.9, 0.100
2025-11-11 16:30:10,        0,  29.8,   2.3,  25.5,  0.432, -0.006,  0.000,5332400.0,  1,  22.6,   0.9, 0.100
2025-11-11 16:30:10,        0,  29.8,   2.4,  25.5,  0.427, -0.006,  0.000,5332394.1,  1,  22.7,   0.9, 0.100
2025-11-11 16:30:11,        0,  29.8,   2.4,  25.5,  0.423, -0.006,  0.000,5332388.3,  1,  22.7,   0.9, 0.100
2025-11-11 16:30:13,        0,  29.8,   2.4,  25.5,  0.417, -0.006,  0.000,5332382.4,  1,  22.6,   0.9, 0.100
2025-11-11 16:30:14,        0,  29.8,   2.4,  25.5,  0.414, -0.006,  0.000,5332376.9,  1,  22.7,   0.9, 0.100
2025-11-11 16:30:14,        0,  29.8,   2.4,  25.5,  0.408, -0.005,  0.000,5332371.1,  1,  22.6,   1.0, 0.100
2025-11-11 16:30:15,        0,  29.8,   2.4,  25.5,  0.404, -0.005,  0.000,5332366.9,  1,  22.7,   0.9, 0.100
2025-11-11 16:30:17,        0,  29.8,   2.4,  25.5,  0.399, -0.005,  0.000,5332359.8,  1,  22.6,   1.0, 0.100
2025-11-11 16:30:18,        0,  29.8,   2.4,  25.5,  0.395, -0.005,  0.000,5332355.6,  1,  22.6,   1.0, 0.100
2025-11-11 16:30:19,        0,  29.8,   2.4,  25.5,  0.392, -0.006,  0.000,5332349.7,  1,  22.6,   1.0, 0.100
2025-11-11 16:30:19,        0,  29.9,   2.6,  25.5,  0.388, -0.005,  0.000,5332345.1,  1,  22.6,   1.0, 0.100
2025-11-11 16:30:21,        0,  29.9,   2.6,  25.5,  0.383, -0.005,  0.000,5332338.4,  1,  22.6,   1.0, 0.100
2025-11-11 16:30:22,        0,  29.8,   2.4,  25.5,  0.379, -0.005,  0.000,5332333.4,  1,  22.6,   1.0, 0.100
2025-11-11 16:30:23,        0,  29.9,   2.6,  25.5,  0.377, -0.005,  0.000,5332328.8,  1,  22.6,   1.0, 0.100
2025-11-11 16:30:23,        0,  29.9,   2.6,  25.5,  0.374, -0.005,  0.000,5332322.9,  1,  22.6,   1.0, 0.100
2025-11-11 16:30:24,        0,  29.8,   2.4,  25.5,  0.369, -0.005,  0.000,5332318.7,  1,  22.6,   1.0, 0.100
2025-11-11 16:30:26,        0,  29.9,   2.6,  25.5,  0.365, -0.005,  0.000,5332313.2,  1,  22.6,   0.9, 0.100
2025-11-11 16:30:27,        0,  29.9,   2.6,  25.5,  0.362, -0.005,  0.000,5332308.2,  1,  22.6,   1.0, 0.100
2025-11-11 16:30:28,        0,  29.9,   2.6,  25.5,  0.360, -0.005,  0.000,5332304.0,  1,  22.6,   1.0, 0.100
2025-11-11 16:30:28,        0,  29.9,   2.6,  25.5,  0.356, -0.005,  0.000,5332299.4,  1,  22.7,   1.0, 0.100
2025-11-11 16:30:30,        0,  29.9,   2.6,  25.5,  0.353, -0.005,  0.000,5332293.5,  1,  22.6,   0.9, 0.100
2025-11-11 16:30:31,        0,  29.9,   2.8,  25.5,  0.349, -0.005,  0.000,5332288.9,  1,  22.6,   0.9, 0.100
2025-11-11 16:30:32,        0,  29.9,   2.8,  25.5,  6.114,  4.360,  0.027,5335884.8,  1,  22.6,   0.9, 0.100
2025-11-11 16:30:32,        0,  29.8,   2.3,  25.5,  6.118,  4.361,  0.027,5339245.9,  1,  22.6,   0.9, 0.100
2025-11-11 16:30:33,        0,  29.8,   2.4,  25.5,  1.210,  0.038,  0.000,5339369.1,  1,  22.6,   1.0, 0.100
2025-11-11 16:30:35,        0,  29.6,   1.8,  25.5,  1.043,  0.003,  0.000,5339374.2,  1,  22.6,   1.0, 0.100
2025-11-11 16:30:36,        0,  29.7,   2.0,  25.5,  0.936, -0.005,  0.000,5339370.8,  1,  22.7,   1.0, 0.100
2025-11-11 16:30:36,        0,  29.5,   1.6,  25.5,  0.889, -0.006,  0.000,5339364.9,  1,  22.6,   1.0, 0.100
2025-11-11 16:30:37,        0,  29.6,   1.8,  25.5,  0.850, -0.006,  0.000,5339359.5,  1,  22.6,   1.0, 0.100
2025-11-11 16:30:39,        0,  29.5,   1.6,  25.5,  0.799, -0.006,  0.000,5339351.1,  1,  22.6,   1.0, 0.100
2025-11-11 16:30:40,        0,  29.6,   1.8,  25.5,  0.756, -0.007,  0.000,5339344.8,  1,  22.6,   1.0, 0.100
2025-11-11 16:30:41,        0,  29.6,   1.8,  25.5,  0.731, -0.007,  0.000,5339337.7,  1,  22.6,   1.0, 0.100
2025-11-11 16:30:41,        0,  29.7,   2.0,  25.5,  0.709, -0.007,  0.000,5339331.0,  1,  22.6,   1.0, 0.100
2025-11-11 16:30:42,        0,  29.6,   1.8,  25.5,  0.690, -0.007,  0.000,5339323.9,  1,  22.6,   1.0, 0.100
2025-11-11 16:30:44,        0,  29.7,   2.0,  25.5,  0.663, -0.007,  0.000,5339315.5,  1,  22.6,   1.0, 0.100
2025-11-11 16:30:45,        0,  29.7,   2.0,  25.5,  0.640, -0.007,  0.000,5339308.8,  1,  22.6,   1.0, 0.100
2025-11-11 16:30:45,        0,  29.7,   2.0,  25.5,  0.626, -0.007,  0.000,5339302.1,  1,  22.6,   1.0, 0.100
2025-11-11 16:30:46,        0,  29.7,   2.1,  25.5,  0.612, -0.007,  0.000,5339295.0,  1,  22.6,   1.0, 0.100
2025-11-11 16:30:48,        0,  29.6,   1.8,  25.5,  0.594, -0.007,  0.000,5339287.0,  1,  22.6,   1.0, 0.100
2025-11-11 16:30:49,        0,  29.7,   2.0,  25.5,  0.582, -0.007,  0.000,5339280.3,  1,  22.6,   1.0, 0.100
2025-11-11 16:30:49,        0,  29.7,   2.1,  25.5,  0.566, -0.007,  0.000,5339273.6,  1,  22.6,   1.0, 0.100
2025-11-11 16:30:50,        0,  29.7,   2.0,  25.5,  0.556, -0.007,  0.000,5339266.5,  1,  22.6,   1.1, 0.100
2025-11-11 16:30:52,        0,  29.7,   2.1,  25.5,  0.542, -0.007,  0.000,5339258.1,  1,  22.6,   1.0, 0.100
2025-11-11 16:30:53,        0,  29.7,   2.0,  25.5,  0.533, -0.006,  0.000,5339252.6,  1,  22.6,   1.1, 0.100
2025-11-11 16:30:54,        0,  29.7,   2.0,  25.5,  0.525, -0.007,  0.000,5339245.9,  1,  22.7,   1.1, 0.100
2025-11-11 16:30:54,        0,  29.7,   2.1,  25.5,  0.513, -0.007,  0.000,5339239.6,  1,  22.6,   1.1, 0.100
2025-11-11 16:30:55,        0,  29.7,   2.1,  25.5,  0.505, -0.007,  0.000,5339233.3,  1,  22.6,   1.1, 0.100
2025-11-11 16:30:57,        0,  29.7,   2.1,  25.5,  0.494, -0.006,  0.000,5339226.2,  1,  22.6,   1.1, 0.100
2025-11-11 16:30:58,        0,  29.7,   2.1,  25.5,  0.487, -0.007,  0.000,5339219.5,  1,  22.6,   1.1, 0.100
2025-11-11 16:30:58,        0,  29.7,   2.1,  25.5,  0.480, -0.006,  0.000,5339214.5,  1,  22.6,   1.1, 0.100
2025-11-11 16:30:59,        0,  29.7,   2.1,  25.5,  0.471, -0.006,  0.000,5339208.2,  1,  22.6,   1.1, 0.100
2025-11-11 16:31:01,        0,  29.7,   2.1,  25.5,  0.462, -0.006,  0.000,5339201.1,  1,  22.6,   1.1, 0.100
2025-11-11 16:31:02,        0,  29.7,   2.1,  25.5,  0.457, -0.006,  0.000,5339195.2,  1,  22.6,   1.1, 0.100
2025-11-11 16:31:03,        0,  29.7,   2.1,  25.5,  0.451, -0.006,  0.000,5339189.3,  1,  22.6,   1.0, 0.100
2025-11-11 16:31:03,        0,  29.8,   2.3,  25.5,  0.443, -0.006,  0.000,5339184.7,  1,  22.6,   1.1, 0.100
2025-11-11 16:31:05,        0,  29.8,   2.3,  25.5,  0.438, -0.005,  0.000,5339178.0,  1,  22.6,   1.0, 0.100
2025-11-11 16:31:06,        0,  29.8,   2.3,  25.5,  0.431, -0.006,  0.000,5339172.2,  1,  22.6,   1.0, 0.100
2025-11-11 16:31:07,        0,  29.7,   2.1,  25.5,  0.426, -0.006,  0.000,5339166.7,  1,  22.6,   1.0, 0.100
2025-11-11 16:31:07,        0,  29.7,   2.1,  25.5,  0.422, -0.006,  0.000,5339161.7,  1,  22.7,   1.0, 0.100
2025-11-11 16:31:08,        0,  29.7,   2.1,  25.5,  0.415, -0.006,  0.000,5339156.2,  1,  22.6,   1.0, 0.100
2025-11-11 16:31:10,        0,  29.7,   2.0,  25.5,  0.410, -0.006,  0.000,5339149.5,  1,  22.6,   1.0, 0.100
2025-11-11 16:31:11,        0,  29.8,   2.3,  25.5,  0.404, -0.005,  0.000,5339143.7,  1,  22.6,   1.0, 0.100
2025-11-11 16:31:11,        0,  29.7,   2.1,  25.5,  0.400, -0.005,  0.000,5339139.5,  1,  22.7,   1.0, 0.100
2025-11-11 16:31:12,        0,  29.8,   2.3,  25.5,  0.397, -0.005,  0.000,5339133.6,  1,  22.7,   1.0, 0.100
2025-11-11 16:31:14,        0,  29.8,   2.3,  25.5,  0.392, -0.005,  0.000,5339128.2,  1,  22.6,   1.0, 0.100
2025-11-11 16:31:15,        0,  29.8,   2.3,  25.5,  0.388, -0.005,  0.000,5339123.1,  1,  22.6,   1.0, 0.100
2025-11-11 16:31:16,        0,  29.8,   2.3,  25.5,  0.383, -0.006,  0.000,5339117.7,  1,  22.6,   1.0, 0.100
2025-11-11 16:31:16,        0,  29.8,   2.3,  25.5,  0.379, -0.005,  0.000,5339113.1,  1,  22.6,   1.0, 0.100
2025-11-11 16:31:17,        0,  29.8,   2.4,  25.5,  0.376, -0.005,  0.000,5339108.0,  1,  22.6,   1.0, 0.100
2025-11-11 16:31:19,        0,  29.8,   2.4,  25.5,  0.371, -0.005,  0.000,5339101.7,  1,  22.7,   1.0, 0.100
2025-11-11 16:31:20,        0,  29.8,   2.3,  25.5,  0.366, -0.005,  0.000,5339097.1,  1,  22.6,   1.0, 0.100
2025-11-11 16:31:20,        0,  29.8,   2.3,  25.5,  0.363, -0.005,  0.000,5339092.1,  1,  22.6,   1.0, 0.100
2025-11-11 16:31:21,        0,  29.8,   2.4,  25.5,  0.360, -0.005,  0.000,5339087.9,  1,  22.6,   1.0, 0.100
2025-11-11 16:31:23,        0,  29.8,   2.4,  25.5,  0.355, -0.005,  0.000,5339082.1,  1,  22.6,   1.0, 0.100
2025-11-11 16:31:24,        0,  29.8,   2.4,  25.5,  0.353, -0.005,  0.000,5339077.4,  1,  22.6,   1.0, 0.100
2025-11-11 16:31:25,        0,  29.8,   2.4,  25.5,  0.349, -0.004,  0.000,5339073.3,  1,  22.7,   0.9, 0.100
2025-11-11 16:31:25,        0,  29.9,   2.6,  25.5,  0.345, -0.005,  0.000,5339068.2,  1,  22.7,   0.9, 0.100
2025-11-11 16:31:27,        0,  29.8,   2.4,  25.5,  0.342, -0.005,  0.000,5339062.8,  1,  22.6,   1.0, 0.100
2025-11-11 16:31:28,        0,  29.8,   2.4,  25.5,  0.339, -0.005,  0.000,5339059.0,  1,  22.6,   0.9, 0.100
2025-11-11 16:31:29,        0,  29.8,   2.4,  25.5,  0.336, -0.005,  0.000,5339054.0,  1,  22.6,   0.9, 0.100
2025-11-11 16:31:29,        0,  29.8,   2.3,  25.5,  0.333, -0.005,  0.000,5339049.4,  1,  22.6,   0.9, 0.100
2025-11-11 16:31:30,        0,  29.9,   2.6,  25.5,  0.330, -0.005,  0.000,5339045.6,  1,  22.6,   0.9, 0.100
2025-11-11 16:31:32,        0,  29.8,   2.4,  25.5,  0.327, -0.005,  0.000,5339039.7,  1,  22.6,   0.9, 0.100
2025-11-11 16:31:33,        0,  29.9,   2.6,  25.5,  0.324, -0.005,  0.000,5339035.1,  1,  22.7,   0.9, 0.100
2025-11-11 16:31:33,        0,  29.9,   2.6,  25.5,  0.322, -0.004,  0.000,5339031.8,  1,  22.7,   0.9, 0.100
2025-11-11 16:31:34,        0,  29.8,   2.4,  25.5,  0.319, -0.005,  0.000,5339027.6,  1,  22.6,   0.9, 0.100
2025-11-11 16:31:36,        0,  29.9,   2.6,  25.5,  0.316, -0.004,  0.000,5339022.1,  1,  22.6,   0.9, 0.100
2025-11-11 16:31:37,        0,  29.9,   2.6,  25.5,  0.314, -0.005,  0.000,5339017.9,  1,  22.6,   0.9, 0.100
2025-11-11 16:31:38,        0,  29.9,   2.8,  25.5,  0.497,  0.166,  0.001,5340253.4,  1,  22.7,   0.9, 0.100
2025-11-11 16:31:38,        0,  29.9,   2.6,  25.5,  6.119,  4.360,  0.027,5344227.3,  1,  22.6,   0.9, 0.100
2025-11-11 16:31:40,        0,  29.4,   1.1,  25.5,  1.331,  0.084,  0.000,5344555.0,  1,  22.7,   0.9, 0.100
2025-11-11 16:31:41,        0,  29.5,   1.5,  25.5,  1.018,  0.001,  0.000,5344560.5,  1,  22.6,   0.9, 0.100
2025-11-11 16:31:42,        0,  29.7,   2.1,  25.5,  0.948, -0.004,  0.000,5344556.7,  1,  22.6,   0.9, 0.100
2025-11-11 16:31:42,        0,  29.7,   2.1,  25.5,  0.900, -0.006,  0.000,5344552.1,  1,  22.6,   0.9, 0.100
2025-11-11 16:31:43,        0,  29.6,   1.8,  25.5,  0.858, -0.005,  0.000,5344546.6,  1,  22.6,   0.9, 0.100
2025-11-11 16:31:45,        0,  29.7,   2.0,  25.5,  0.802, -0.006,  0.000,5344538.7,  1,  22.6,   0.9, 0.100
2025-11-11 16:31:46,        0,  29.7,   2.0,  25.5,  0.758, -0.007,  0.000,5344532.4,  1,  22.6,   0.9, 0.100
2025-11-11 16:31:46,        0,  29.7,   2.1,  25.5,  0.731, -0.007,  0.000,5344526.1,  1,  22.6,   0.9, 0.100
2025-11-11 16:31:48,        0,  29.7,   2.0,  25.5,  0.697, -0.007,  0.000,5344518.1,  1,  22.6,   0.9, 0.100
2025-11-11 16:31:49,        0,  29.7,   2.1,  25.5,  0.678, -0.007,  0.000,5344511.0,  1,  22.6,   0.9, 0.100
