Time, Cnts,  %T, set_Cell[mA], Cell[°C], Cell[Volt], Cell[mA], Cell[W], Cell[uAs], Cell_ON, Env[°C], TEC[°C], N2Flow[slpm]
2025-10-29 14:44:37,        0,  29.8,   2.5,  25.5,  0.387, -0.005,  0.000,     -4.0,  1,  21.7,   1.0, 0.100
2025-10-29 14:44:38,        0,  29.8,   2.3,  25.5,  0.379, -0.005,  0.000,     -8.9,  1,  21.7,   1.0, 0.100
2025-10-29 14:44:39,        0,  29.8,   2.3,  25.5,  0.375, -0.005,  0.000,    -13.4,  1,  21.7,   1.0, 0.100
2025-10-29 14:44:40,        0,  29.8,   2.5,  25.5,  0.370, -0.005,  0.000,    -18.0,  1,  21.7,   1.0, 0.099
2025-10-29 14:44:41,        0,  29.8,   2.5,  25.5,  0.364, -0.005,  0.000,    -22.3,  1,  21.7,   1.0, 0.098
2025-10-29 14:44:42,        0,  29.8,   2.3,  25.5,  0.359, -0.005,  0.000,    -28.0,  1,  21.7,   1.0, 0.097
2025-10-29 14:44:43,        0,  29.8,   2.3,  25.5,  0.354, -0.005,  0.000,    -32.6,  1,  21.7,   1.0, 0.097
2025-10-29 14:44:44,        0,  29.8,   2.5,  25.5,  0.350, -0.005,  0.000,    -36.9,  1,  21.7,   1.0, 0.097
2025-10-29 14:44:45,        0,  29.8,   2.5,  25.5,  0.346, -0.005,  0.000,    -41.2,  1,  21.7,   1.0, 0.097
2025-10-29 14:44:46,        0,  29.8,   2.3,  25.5,  0.340, -0.004,  0.000,    -46.3,  1,  21.7,   1.0, 0.097
2025-10-29 14:44:47,        0,  29.9,   2.7,  25.5,  0.337, -0.004,  0.000,    -50.4,  1,  21.7,   1.0, 0.097
2025-10-29 14:44:48,        0,  29.8,   2.5,  25.5,  0.331, -0.004,  0.000,    -54.6,  1,  21.7,   1.0, 0.097
2025-10-29 14:44:49,        0,  29.8,   2.5,  25.5,  0.328, -0.004,  0.000,    -59.5,  1,  21.7,   1.0, 0.097
2025-10-29 14:44:50,        0,  29.8,   2.5,  25.5,  0.323, -0.004,  0.000,    -63.5,  1,  21.7,   1.0, 0.097
2025-10-29 14:44:51,        0,  29.9,   2.7,  25.5,  0.320, -0.004,  0.000,    -67.8,  1,  21.7,   1.0, 0.098
2025-10-29 14:44:52,        0,  29.8,   2.5,  25.5,  0.317, -0.004,  0.000,    -71.8,  1,  21.7,   1.0, 0.098
2025-10-29 14:44:53,        0,  29.9,   2.7,  25.5,  0.312, -0.005,  0.000,    -76.7,  1,  21.7,   1.0, 0.098
2025-10-29 14:44:54,        0,  30.2,   3.7,  25.5,  4.200,  2.922,  0.018,   2883.9,  1,  21.8,   1.0, 0.099
2025-10-29 14:44:55,        0,  30.1,   3.2,  25.5,  6.629,  4.718,  0.031,   7438.1,  1,  21.7,   1.0, 0.099
2025-10-29 14:44:56,        0,  30.0,   3.0,  25.5,  7.268,  5.308,  0.039,  12068.9,  1,  21.7,   1.0, 0.099
2025-10-29 14:44:57,        0,  30.8,   5.4,  25.5,  7.787,  5.788,  0.045,  18238.7,  1,  21.7,   1.0, 0.099
2025-10-29 14:44:58,        0,  31.2,   6.5,  25.5,  9.335,  7.227,  0.068,  25151.3,  1,  21.7,   1.0, 0.099
2025-10-29 14:44:59,        0,  31.2,   6.7,  25.5, 11.485,  9.234,  0.107,  34681.6,  1,  21.7,   1.0, 0.100
2025-10-29 14:45:00,        0,  32.3,   9.9,  25.5, 13.196, 10.834,  0.144,  44186.2,  1,  21.7,   1.0, 0.104
2025-10-29 14:45:01,        0,  34.5,  16.5,  25.5, 18.743, 16.044,  0.308,  60180.2,  1,  21.7,   1.0, 0.108
2025-10-29 14:45:02,        0,  32.9,  11.8,  25.5, 19.046, 16.364,  0.313,  76746.7,  1,  21.7,   1.0, 0.117
2025-10-29 14:45:03,        0,  33.9,  14.6,  25.5, 24.729, 21.726,  0.541,  95636.3,  1,  21.7,   1.0, 0.101
2025-10-29 14:45:04,        0,  34.8,  17.3,  25.5, 24.158, 21.269,  0.515, 115084.9,  1,  21.7,   0.9, 0.099
2025-10-29 14:45:05,        0,  36.3,  22.0,  25.5, 25.811, 22.874,  0.591, 136059.7,  1,  21.7,   0.9, 0.099
2025-10-29 14:45:06,        0,  38.1,  27.3,  25.5, 31.651, 28.540,  0.905, 166370.2,  1,  21.7,   0.9, 0.099
2025-10-29 14:45:07,        0,  38.0,  26.9,  25.5, 31.672, 28.682,  0.909, 194162.2,  1,  21.7,   0.9, 0.099
2025-10-29 14:45:08,        0,  38.6,  28.7,  25.5, 34.450, 31.460,  1.090, 223443.6,  1,  21.7,   0.9, 0.099
2025-10-29 14:45:09,        0,  39.2,  30.5,  25.5, 34.711, 31.901,  1.108, 254365.3,  1,  21.7,   0.9, 0.099
2025-10-29 14:45:10,        0,  39.0,  29.9,  25.5, 38.643, 35.881,  1.391, 295539.7,  1,  21.7,   0.9, 0.099
2025-10-29 14:45:11,        0,  41.8,  38.3,  25.5, 47.541, 44.970,  2.145, 332932.1,  1,  21.7,   0.9, 0.099
2025-10-29 14:45:12,        0,  41.6,  37.9,  25.5, 44.507, 42.315,  1.886, 372357.6,  1,  21.7,   0.8, 0.099
2025-10-29 14:45:13,        0,  41.0,  36.1,  25.5, 46.235, 44.425,  2.068, 421524.5,  1,  21.7,   0.9, 0.099
2025-10-29 14:45:14,        0,  39.1,  30.4,  25.5, 38.073, 36.356,  1.386, 457101.4,  1,  21.7,   0.9, 0.100
2025-10-29 14:45:15,        0,  43.3,  43.0,  25.5, 43.270, 41.650,  1.813, 498097.2,  1,  21.7,   0.9, 0.100
2025-10-29 14:45:16,        0,  37.6,  25.9,  25.5, 42.944, 41.760,  1.806, 540464.4,  1,  21.7,   0.9, 0.100
2025-10-29 14:45:17,        0,  40.1,  33.2,  25.5, 42.949, 41.753,  1.797, 584395.4,  1,  21.7,   1.0, 0.109
2025-10-29 14:45:18,        0,  41.3,  36.8,  25.5, 40.667, 39.444,  1.610, 620039.8,  1,  21.7,   0.9, 0.108
2025-10-29 14:45:19,        0,  44.1,  45.3,  25.5, 38.150, 36.986,  1.459, 657370.1,  1,  21.7,   0.9, 0.100
2025-10-29 14:45:20,        0,  41.2,  36.6,  25.5, 44.898, 44.003,  1.982, 700030.8,  1,  21.7,   0.9, 0.099
2025-10-29 14:45:21,        0,  39.4,  31.1,  25.5, 44.018, 43.226,  1.903, 748891.1,  1,  21.7,   1.0, 0.100
2025-10-29 14:45:22,        0,  41.1,  36.2,  25.5, 38.577, 37.639,  1.456, 785745.9,  1,  21.7,   0.9, 0.100
2025-10-29 14:45:23,        0,  36.6,  22.8,  25.5, 37.248, 36.287,  1.352, 821110.5,  1,  21.7,   1.0, 0.100
2025-10-29 14:45:24,        0,  39.9,  32.6,  25.5, 32.753, 31.549,  1.053, 850644.5,  1,  21.7,   1.0, 0.099
2025-10-29 14:45:25,        0,  40.7,  35.2,  25.5, 35.802, 34.646,  1.243, 884528.2,  1,  21.7,   1.0, 0.100
2025-10-29 14:45:26,        0,  40.3,  33.8,  25.5, 39.269, 38.198,  1.501, 929164.5,  1,  21.7,   0.9, 0.100
2025-10-29 14:45:27,        0,  38.1,  27.2,  25.5, 38.164, 37.097,  1.416, 964529.6,  1,  21.7,   1.0, 0.100
2025-10-29 14:45:28,        0,  38.7,  29.1,  25.5, 25.874, 24.386,  0.636, 990822.9,  1,  21.7,   1.0, 0.100
2025-10-29 14:45:29,        0,  38.6,  28.9,  25.5, 36.750, 35.479,  1.305,1031940.7,  1,  21.7,   1.0, 0.100
2025-10-29 14:45:30,        0,  37.7,  26.0,  25.5, 39.393, 38.272,  1.513,1065923.7,  1,  21.7,   0.9, 0.100
2025-10-29 14:45:31,        0,  37.8,  26.3,  25.5, 36.673, 35.476,  1.302,1097326.3,  1,  21.7,   1.0, 0.100
2025-10-29 14:45:32,        0,  39.7,  32.2,  25.5, 35.388, 34.149,  1.216,1129193.8,  1,  21.7,   0.9, 0.100
2025-10-29 14:45:33,        0,  38.3,  27.9,  25.5, 33.472, 32.196,  1.079,1161016.6,  1,  21.7,   0.9, 0.100
2025-10-29 14:45:34,        0,  39.0,  29.9,  25.5, 34.447, 33.155,  1.163,1197625.4,  1,  21.7,   1.0, 0.100
2025-10-29 14:45:35,        0,  39.3,  30.9,  25.5, 29.893, 28.469,  0.862,1225782.4,  1,  21.7,   1.0, 0.100
2025-10-29 14:45:36,        0,  36.8,  23.3,  25.6, 36.151, 34.830,  1.260,1257143.8,  1,  21.7,   1.0, 0.100
2025-10-29 14:45:37,        0,  41.0,  36.1,  25.5, 27.625, 26.027,  0.728,1289223.9,  1,  21.7,   1.0, 0.100
2025-10-29 14:45:38,        0,  40.5,  34.6,  25.5, 38.593, 37.262,  1.459,1323865.8,  1,  21.7,   1.0, 0.100
2025-10-29 14:45:39,        0,  39.8,  32.4,  25.5, 33.344, 31.894,  1.067,1356420.8,  1,  21.7,   1.0, 0.100
2025-10-29 14:45:40,        0,  37.8,  26.5,  25.5, 41.730, 40.552,  1.694,1392418.7,  1,  21.7,   1.0, 0.100
2025-10-29 14:45:41,        0,  41.2,  36.7,  25.5, 33.886, 32.538,  1.113,1430997.8,  1,  21.7,   1.0, 0.100
2025-10-29 14:45:42,        0,  39.4,  31.1,  25.5, 32.671, 31.321,  1.024,1463620.2,  1,  21.7,   1.0, 0.100
2025-10-29 14:45:43,        0,  39.5,  31.5,  25.5, 38.227, 36.993,  1.415,1498407.8,  1,  21.7,   1.0, 0.100
2025-10-29 14:45:44,        0,  38.7,  29.2,  25.6, 37.635, 36.452,  1.372,1533226.0,  1,  21.7,   1.0, 0.100
2025-10-29 14:45:45,        0,  37.8,  26.4,  25.5, 36.660, 35.482,  1.301,1574421.1,  1,  21.7,   0.9, 0.100
2025-10-29 14:45:46,        0,  39.3,  30.9,  25.5, 36.469, 35.258,  1.286,1605459.4,  1,  21.7,   1.0, 0.100
2025-10-29 14:45:47,        0,  41.7,  38.1,  25.5, 38.538, 37.381,  1.441,1640238.5,  1,  21.7,   0.9, 0.100
2025-10-29 14:45:48,        0,  39.9,  32.7,  25.6, 44.059, 43.163,  1.903,1679435.4,  1,  21.7,   0.9, 0.100
2025-10-29 14:45:49,        0,  41.0,  35.9,  25.6, 44.901, 44.233,  2.003,1726943.6,  1,  21.7,   0.9, 0.100
2025-10-29 14:45:50,        0,  41.3,  36.9,  25.6, 38.089, 37.181,  1.418,1763981.8,  1,  21.7,   0.9, 0.100
2025-10-29 14:45:51,        0,  41.3,  36.9,  25.6, 41.167, 40.453,  1.666,1802742.9,  1,  21.7,   0.9, 0.100
2025-10-29 14:45:52,        0,  43.1,  42.3,  25.6, 41.267, 40.631,  1.684,1841898.3,  1,  21.7,   0.9, 0.100
2025-10-29 14:45:53,        0,  42.4,  40.3,  25.6, 46.766, 46.525,  2.177,1896048.3,  1,  21.7,   0.9, 0.100
2025-10-29 14:45:54,        0,  43.3,  43.0,  25.6, 49.522, 49.541,  2.454,1941175.9,  1,  21.7,   0.9, 0.100
2025-10-29 14:45:55,        0,  43.5,  43.5,  25.6, 41.989, 41.781,  1.781,1982216.4,  1,  21.7,   0.9, 0.100
2025-10-29 14:45:56,        0,  45.4,  49.2,  25.6, 52.653, 53.144,  2.801,2031476.0,  1,  21.7,   0.9, 0.100
2025-10-29 14:45:57,        0,  47.0,  54.1,  25.6, 48.110, 48.620,  2.340,2091339.7,  1,  21.7,   0.9, 0.100
2025-10-29 14:45:58,        0,  42.7,  41.1,  25.6, 45.459, 46.230,  2.134,2139886.9,  1,  21.7,   0.9, 0.100
2025-10-29 14:45:59,        0,  46.1,  51.4,  25.6, 49.469, 50.486,  2.499,2187116.2,  1,  21.7,   0.9, 0.100
2025-10-29 14:46:00,        0,  44.9,  47.7,  25.6, 47.684, 48.764,  2.341,2237169.8,  1,  21.7,   0.9, 0.100
2025-10-29 14:46:01,        0,  45.3,  48.9,  25.7, 51.886, 53.363,  2.789,2299286.0,  1,  21.7,   0.9, 0.100
2025-10-29 14:46:02,        0,  41.1,  36.2,  25.6, 50.936, 52.668,  2.685,2348030.7,  1,  21.7,   1.0, 0.100
2025-10-29 14:46:03,        0,  44.4,  46.3,  25.6, 53.944, 55.897,  3.017,2395742.0,  1,  21.7,   0.9, 0.100
2025-10-29 14:46:04,        0,  43.8,  44.3,  25.7, 54.261, 56.389,  3.064,2447469.6,  1,  21.7,   0.9, 0.100
2025-10-29 14:46:05,        0,  43.5,  43.6,  25.7, 56.915, 59.454,  3.385,2510282.8,  1,  21.7,   0.9, 0.100
2025-10-29 14:46:06,        0,  45.1,  48.4,  25.7, 50.723, 52.828,  2.695,2561112.9,  1,  21.7,   0.9, 0.100
2025-10-29 14:46:07,        0,  45.4,  49.2,  25.7, 52.237, 54.595,  2.852,2613760.3,  1,  21.7,   1.0, 0.100
2025-10-29 14:46:08,        0,  43.1,  42.3,  25.7, 47.668, 49.819,  2.392,2663040.9,  1,  21.7,   0.9, 0.100
2025-10-29 14:46:09,        0,  45.4,  49.2,  25.7, 56.641, 59.578,  3.376,2726992.3,  1,  21.7,   0.9, 0.100
2025-10-29 14:46:10,        0,  45.7,  50.0,  25.7, 54.650, 57.497,  3.143,2781185.9,  1,  21.7,   0.9, 0.100
2025-10-29 14:46:11,        0,  45.8,  50.5,  25.7, 52.274, 55.045,  2.878,2833706.7,  1,  21.7,   0.9, 0.100
2025-10-29 14:46:12,        0,  41.5,  37.6,  25.7, 52.423, 55.297,  2.914,2888555.1,  1,  21.7,   0.9, 0.100
2025-10-29 14:46:13,        0,  44.7,  47.0,  25.7, 49.031, 51.459,  2.527,2935498.0,  1,  21.7,   0.9, 0.100
2025-10-29 14:46:14,        0,  42.8,  41.3,  25.7, 50.315, 52.890,  2.666,2983796.6,  1,  21.7,   0.9, 0.100
2025-10-29 14:46:15,        0,  45.0,  48.0,  25.8, 57.869, 61.113,  3.539,3046856.2,  1,  21.7,   0.9, 0.100
2025-10-29 14:46:16,        0,  46.4,  52.1,  25.8, 49.563, 52.167,  2.589,3097046.2,  1,  21.7,   0.8, 0.100
2025-10-29 14:46:17,        0,  41.8,  38.5,  25.8, 47.210, 49.585,  2.347,3146486.0,  1,  21.7,   0.8, 0.100
2025-10-29 14:46:18,        0,  43.2,  42.6,  25.8, 51.669, 54.397,  2.814,3194614.5,  1,  21.7,   0.8, 0.100
2025-10-29 14:46:19,        0,  45.3,  49.0,  25.8, 52.878, 55.818,  2.971,3257635.3,  1,  21.7,   0.8, 0.100
2025-10-29 14:46:20,        0,  41.6,  37.8,  25.8, 51.156, 53.973,  2.763,3308385.8,  1,  21.7,   0.8, 0.100
2025-10-29 14:46:21,        0,  46.5,  52.6,  25.8, 40.250, 41.900,  1.691,3349868.3,  1,  21.7,   0.9, 0.100
2025-10-29 14:46:22,        0,  46.8,  53.4,  25.8, 46.294, 48.363,  2.243,3398779.6,  1,  21.7,   0.8, 0.100
2025-10-29 14:46:23,        0,  44.4,  46.1,  25.8, 49.760, 52.284,  2.604,3460675.5,  1,  21.7,   0.8, 0.100
2025-10-29 14:46:24,        0,  44.6,  46.9,  25.8, 45.884, 47.942,  2.208,3507462.3,  1,  21.7,   0.8, 0.100
2025-10-29 14:46:25,        0,  38.7,  29.2,  25.8, 48.221, 50.578,  2.443,3553777.7,  1,  21.7,   0.8, 0.100
2025-10-29 14:46:26,        0,  42.7,  41.1,  25.8, 43.535, 45.320,  2.024,3596784.0,  1,  21.7,   0.8, 0.100
2025-10-29 14:46:27,        0,  44.8,  47.4,  25.8, 40.753, 42.257,  1.740,3648245.1,  1,  21.7,   0.8, 0.100
2025-10-29 14:46:28,        0,  40.0,  33.1,  25.8, 39.087, 40.456,  1.587,3691604.7,  1,  21.7,   0.9, 0.100
2025-10-29 14:46:29,        0,  42.6,  40.8,  25.8, 47.860, 49.945,  2.390,3735144.9,  1,  21.7,   0.9, 0.100
2025-10-29 14:46:30,        0,  43.4,  43.3,  25.8, 36.838, 37.871,  1.405,3774719.7,  1,  21.7,   0.9, 0.100
2025-10-29 14:46:31,        0,  38.0,  26.9,  25.8, 38.302, 39.323,  1.516,3823754.2,  1,  21.7,   0.8, 0.100
2025-10-29 14:46:32,        0,  39.6,  31.7,  25.8, 34.655, 35.155,  1.232,3858949.4,  1,  21.7,   0.8, 0.100
2025-10-29 14:46:33,        0,  43.8,  44.3,  25.8, 34.732, 35.169,  1.254,3894226.8,  1,  21.7,   0.8, 0.100
2025-10-29 14:46:34,        0,  41.9,  38.8,  25.8, 45.028, 46.347,  2.088,3938982.8,  1,  21.7,   0.8, 0.100
2025-10-29 14:46:35,        0,  42.6,  40.9,  25.9, 41.588, 42.679,  1.781,3980472.8,  1,  21.7,   0.8, 0.100
2025-10-29 14:46:36,        0,  42.7,  41.0,  25.8, 45.241, 46.681,  2.118,4033976.1,  1,  21.7,   0.8, 0.100
2025-10-29 14:46:37,        0,  42.4,  40.1,  25.8, 32.971, 33.395,  1.131,4069484.8,  1,  21.7,   0.9, 0.100
2025-10-29 14:46:38,        0,  36.5,  22.5,  25.8, 34.258, 34.684,  1.216,4106806.9,  1,  21.7,   0.9, 0.100
2025-10-29 14:46:39,        0,  40.7,  35.2,  25.9, 33.809, 33.959,  1.150,4136760.9,  1,  21.7,   0.9, 0.100
2025-10-29 14:46:40,        0,  37.9,  26.8,  25.9, 32.150, 32.082,  1.033,4175754.4,  1,  21.7,   0.9, 0.100
2025-10-29 14:46:41,        0,  41.2,  36.6,  25.9, 34.900, 34.889,  1.219,4208866.2,  1,  21.7,   0.9, 0.100
2025-10-29 14:46:42,        0,  37.0,  24.0,  25.8, 37.989, 38.172,  1.456,4244110.5,  1,  21.7,   1.0, 0.100
2025-10-29 14:46:43,        0,  39.1,  30.4,  25.9, 28.934, 28.407,  0.830,4272250.2,  1,  21.7,   0.9, 0.100
2025-10-29 14:46:44,        0,  39.2,  30.6,  25.9, 30.925, 30.399,  0.941,4307447.5,  1,  21.7,   1.0, 0.100
2025-10-29 14:46:45,        0,  37.5,  25.4,  25.8, 25.030, 24.160,  0.622,4334083.1,  1,  21.7,   1.0, 0.100
2025-10-29 14:46:46,        0,  37.6,  25.9,  25.9, 32.706, 32.085,  1.050,4362565.2,  1,  21.7,   1.0, 0.100
2025-10-29 14:46:47,        0,  33.5,  13.6,  25.9, 29.426, 28.613,  0.843,4388174.0,  1,  21.7,   1.0, 0.100
2025-10-29 14:46:48,        0,  36.5,  22.5,  25.9, 28.702, 27.589,  0.799,4416150.7,  1,  21.7,   1.0, 0.100
2025-10-29 14:46:49,        0,  37.7,  26.0,  25.9, 29.799, 28.679,  0.855,4443030.2,  1,  21.7,   1.0, 0.100
2025-10-29 14:46:50,        0,  36.6,  22.7,  25.9, 31.068, 29.961,  0.931,4471124.7,  1,  21.7,   1.0, 0.100
2025-10-29 14:46:51,        0,  34.8,  17.4,  25.9, 28.593, 27.349,  0.783,4495276.3,  1,  21.7,   1.0, 0.100
2025-10-29 14:46:52,        0,  35.2,  18.6,  25.9, 25.240, 23.750,  0.614,4520613.5,  1,  21.7,   1.0, 0.100
2025-10-29 14:46:53,        0,  36.2,  21.5,  25.9, 21.724, 20.104,  0.441,4540388.1,  1,  21.7,   1.0, 0.100
2025-10-29 14:46:54,        0,  35.0,  18.1,  25.9, 29.243, 27.699,  0.815,4564870.4,  1,  21.7,   1.0, 0.100
2025-10-29 14:46:55,        0,  35.8,  20.3,  25.9, 20.040, 18.266,  0.370,4583875.1,  1,  21.7,   1.0, 0.100
2025-10-29 14:46:56,        0,  32.2,   9.6,  25.9, 18.653, 16.774,  0.314,4604747.3,  1,  21.7,   1.0, 0.100
2025-10-29 14:46:57,        0,  36.2,  21.5,  25.9, 24.730, 22.821,  0.569,4623209.7,  1,  21.7,   1.0, 0.100
2025-10-29 14:46:58,        0,  35.4,  19.3,  25.9, 23.366, 21.470,  0.503,4644091.9,  1,  21.7,   1.0, 0.100
2025-10-29 14:46:59,        0,  34.4,  16.3,  25.9, 24.360, 22.428,  0.548,4665571.4,  1,  21.7,   1.0, 0.100
2025-10-29 14:47:00,        0,  33.3,  12.9,  25.9, 18.862, 16.891,  0.324,4681938.3,  1,  21.7,   1.0, 0.100
2025-10-29 14:47:01,        0,  33.3,  12.9,  25.9, 19.489, 17.429,  0.340,4701364.2,  1,  21.7,   1.0, 0.100
2025-10-29 14:47:02,        0,  34.1,  15.3,  25.9, 20.902, 18.796,  0.395,4718465.8,  1,  21.7,   1.0, 0.100
2025-10-29 14:47:03,        0,  34.5,  16.4,  25.9, 17.866, 15.773,  0.283,4734890.6,  1,  21.7,   1.0, 0.100
2025-10-29 14:47:04,        0,  33.6,  13.7,  25.9, 15.585, 13.485,  0.214,4750091.2,  1,  21.7,   1.0, 0.100
2025-10-29 14:47:05,        0,  34.4,  16.3,  26.0, 13.547, 11.430,  0.156,4766322.7,  1,  21.7,   1.0, 0.100
2025-10-29 14:47:06,        0,  34.7,  17.1,  25.9, 20.853, 18.617,  0.391,4784021.9,  1,  21.7,   1.0, 0.100
2025-10-29 14:47:07,        0,  33.9,  14.6,  25.9, 19.623, 17.399,  0.352,4799964.3,  1,  21.7,   1.0, 0.100
2025-10-29 14:47:08,        0,  33.4,  13.1,  26.0, 18.104, 15.847,  0.288,4815550.5,  1,  21.7,   1.0, 0.100
2025-10-29 14:47:09,        0,  34.1,  15.3,  25.9, 15.483, 13.241,  0.206,4829208.8,  1,  21.7,   1.0, 0.100
2025-10-29 14:47:10,        0,  30.9,   5.7,  25.9, 16.512, 14.215,  0.244,4847028.7,  1,  21.7,   1.0, 0.100
2025-10-29 14:47:11,        0,  31.1,   6.4,  25.9, 14.755, 12.469,  0.184,4857384.1,  1,  21.7,   1.0, 0.100
2025-10-29 14:47:12,        0,  33.6,  13.8,  25.9, 15.560, 13.234,  0.215,4868981.3,  1,  21.7,   1.0, 0.100
2025-10-29 14:47:13,        0,  32.2,   9.6,  25.9, 17.316, 14.939,  0.260,4883031.9,  1,  21.7,   1.0, 0.100
2025-10-29 14:47:14,        0,  31.2,   6.7,  25.9, 16.533, 14.153,  0.235,4898477.7,  1,  21.7,   1.0, 0.100
2025-10-29 14:47:15,        0,  31.5,   7.5,  25.9, 14.076, 11.753,  0.166,4909040.5,  1,  21.7,   1.0, 0.100
2025-10-29 14:47:16,        0,  32.5,  10.6,  25.9, 19.358, 16.866,  0.332,4922034.6,  1,  21.7,   1.0, 0.100
2025-10-29 14:47:17,        0,  32.5,  10.6,  25.9, 12.353, 10.069,  0.127,4932998.5,  1,  21.7,   1.0, 0.100
2025-10-29 14:47:18,        0,  31.7,   8.0,  25.9, 14.041, 11.690,  0.166,4947356.7,  1,  21.7,   1.0, 0.100
2025-10-29 14:47:19,        0,  32.0,   9.1,  25.9,  9.628,  7.440,  0.073,4955391.2,  1,  21.7,   1.0, 0.100
2025-10-29 14:47:20,        0,  30.4,   4.3,  26.0, 10.741,  8.490,  0.091,4965029.6,  1,  21.7,   1.0, 0.100
2025-10-29 14:47:21,        0,  32.5,  10.4,  25.9,  9.051,  6.889,  0.066,4972069.9,  1,  21.7,   1.0, 0.100
2025-10-29 14:47:22,        0,  31.9,   8.6,  25.9, 11.480,  9.169,  0.107,4984539.7,  1,  21.7,   1.0, 0.100
2025-10-29 14:47:23,        0,  32.5,  10.6,  25.9, 13.533, 11.124,  0.151,4995359.1,  1,  21.7,   1.0, 0.100
2025-10-29 14:47:24,        0,  31.6,   7.7,  25.9, 14.217, 11.783,  0.170,5006791.6,  1,  21.7,   1.0, 0.100
2025-10-29 14:47:25,        0,  32.1,   9.2,  25.9, 10.223,  7.954,  0.082,5015208.7,  1,  21.7,   1.0, 0.100
2025-10-29 14:47:26,        0,  31.9,   8.6,  25.9, 15.485, 12.972,  0.204,5028390.9,  1,  21.7,   1.0, 0.100
2025-10-29 14:47:27,        0,  31.1,   6.4,  25.9, 11.128,  8.803,  0.098,5037109.3,  1,  21.7,   1.0, 0.100
2025-10-29 14:47:28,        0,  30.7,   5.2,  25.9,  9.232,  7.009,  0.065,5043894.9,  1,  21.7,   1.0, 0.100
2025-10-29 14:47:29,        0,  31.5,   7.4,  25.9, 10.697,  8.402,  0.091,5051848.5,  1,  21.7,   1.0, 0.100
2025-10-29 14:47:30,        0,  31.1,   6.2,  25.9, 12.905, 10.478,  0.136,5060732.0,  1,  21.7,   1.0, 0.100
2025-10-29 14:47:31,        0,  31.1,   6.4,  25.9,  8.022,  5.853,  0.048,5069030.1,  1,  21.7,   1.0, 0.100
2025-10-29 14:47:32,        0,  31.3,   6.9,  25.9, 12.266,  9.857,  0.122,5077724.3,  1,  21.7,   1.0, 0.100
2025-10-29 14:47:33,        0,  31.0,   6.0,  25.9,  9.831,  7.548,  0.077,5085279.3,  1,  21.6,   1.0, 0.100
2025-10-29 14:47:34,        0,  30.3,   3.9,  25.9,  9.051,  6.813,  0.064,5092906.4,  1,  21.6,   1.0, 0.100
2025-10-29 14:47:35,        0,  32.1,   9.2,  25.9, 11.597,  9.206,  0.107,5101748.9,  1,  21.7,   1.0, 0.100
2025-10-29 14:47:36,        0,  30.2,   3.5,  25.9,  7.657,  5.505,  0.050,5108836.2,  1,  21.6,   1.0, 0.100
2025-10-29 14:47:37,        0,  30.8,   5.3,  25.9,  8.916,  6.683,  0.061,5115043.8,  1,  21.7,   1.0, 0.100
2025-10-29 14:47:38,        0,  30.2,   3.7,  25.9,  8.765,  6.535,  0.058,5121697.4,  1,  21.7,   1.0, 0.100
2025-10-29 14:47:39,        0,  31.0,   6.0,  25.9, 11.359,  8.966,  0.102,5130636.3,  1,  21.7,   1.0, 0.100
2025-10-29 14:47:40,        0,  31.1,   6.2,  25.9, 10.176,  7.843,  0.080,5138507.3,  1,  21.6,   1.0, 0.100
2025-10-29 14:47:41,        0,  30.8,   5.5,  26.0, 10.724,  8.360,  0.090,5145650.8,  1,  21.6,   1.0, 0.100
2025-10-29 14:47:42,        0,  31.1,   6.2,  25.9,  6.693,  4.585,  0.032,5151061.7,  1,  21.6,   1.0, 0.100
2025-10-29 14:47:43,        0,  30.2,   3.5,  25.9,  9.685,  7.380,  0.071,5159818.7,  1,  21.6,   1.0, 0.100
2025-10-29 14:47:44,        0,  30.5,   4.5,  25.9,  6.889,  4.771,  0.033,5164819.8,  1,  21.6,   1.0, 0.100
2025-10-29 14:47:45,        0,  30.1,   3.4,  25.9,  9.601,  7.307,  0.071,5171583.1,  1,  21.6,   1.0, 0.100
2025-10-29 14:47:46,        0,  30.9,   5.7,  25.9,  8.754,  6.508,  0.057,5177092.1,  1,  21.6,   1.0, 0.100
2025-10-29 14:47:47,        0,  31.0,   6.0,  25.9,  9.975,  7.647,  0.076,5185736.8,  1,  21.6,   1.0, 0.100
2025-10-29 14:47:48,        0,  30.1,   3.2,  25.9,  9.021,  6.749,  0.061,5192469.6,  1,  21.6,   1.0, 0.100
2025-10-29 14:47:49,        0,  30.4,   4.3,  25.9,  5.449,  3.448,  0.022,5195954.8,  1,  21.6,   1.0, 0.100
2025-10-29 14:47:50,        0,  31.2,   6.7,  25.9,  8.365,  6.145,  0.052,5202007.8,  1,  21.6,   1.0, 0.100
2025-10-29 14:47:51,        0,  30.4,   4.2,  25.9,  9.756,  7.438,  0.073,5210927.8,  1,  21.6,   0.9, 0.100
2025-10-29 14:47:52,        0,  30.3,   4.0,  25.9,  7.910,  5.711,  0.045,5216024.8,  1,  21.7,   0.9, 0.100
2025-10-29 14:47:53,        0,  29.7,   2.0,  25.9,  8.288,  6.067,  0.050,5221315.5,  1,  21.6,   0.9, 0.100
2025-10-29 14:47:54,        0,  30.7,   5.2,  25.9,  7.607,  5.439,  0.042,5225835.0,  1,  21.6,   0.8, 0.100
2025-10-29 14:47:55,        0,  30.7,   5.2,  25.9,  9.879,  7.552,  0.075,5233942.8,  1,  21.6,   0.9, 0.100
2025-10-29 14:47:56,        0,  29.4,   1.2,  25.9,  7.826,  5.632,  0.044,5239731.4,  1,  21.6,   0.9, 0.100
2025-10-29 14:47:57,        0,  30.0,   3.0,  25.9,  6.732,  4.642,  0.037,5244373.3,  1,  21.6,   0.8, 0.100
2025-10-29 14:47:58,        0,  30.2,   3.5,  25.9,  8.509,  6.274,  0.054,5249736.0,  1,  21.6,   0.8, 0.100
2025-10-29 14:47:59,        0,  30.3,   4.0,  25.9,  8.409,  6.175,  0.052,5256460.4,  1,  21.6,   0.8, 0.100
2025-10-29 14:48:00,        0,  28.7,   0.0,  25.9,  7.056,  4.914,  0.035,5261325.2,  1,  21.6,   0.9, 0.100
2025-10-29 14:48:01,        0,  30.7,   5.0,  25.9,  4.635,  2.777,  0.021,5263955.9,  1,  21.6,   0.9, 0.100
2025-10-29 14:48:02,        0,  30.3,   3.9,  25.9,  7.422,  5.263,  0.040,5268854.3,  1,  21.6,   0.9, 0.100
2025-10-29 14:48:03,        0,  29.9,   2.7,  25.9,  9.132,  6.850,  0.063,5276176.3,  1,  21.6,   0.9, 0.100
2025-10-29 14:48:04,        0,  29.7,   2.0,  25.9,  6.963,  4.827,  0.034,5280685.3,  1,  21.6,   0.9, 0.100
2025-10-29 14:48:05,        0,  30.4,   4.3,  25.9,  7.440,  5.276,  0.039,5284674.7,  1,  21.6,   0.9, 0.100
2025-10-29 14:48:06,        0,  30.3,   3.9,  25.9,  7.981,  5.774,  0.046,5290122.1,  1,  21.6,   0.9, 0.100
2025-10-29 14:48:07,        0,  30.0,   2.9,  25.9,  8.342,  6.110,8005.878,5296980.6,  1,  21.6,   0.9, 0.100
2025-10-29 14:48:08,        0,  30.2,   3.5,  25.9,  4.086,  2.206,  0.011,5298940.7,  1,  21.6,   1.0, 0.100
2025-10-29 14:48:09,        0,  30.5,   4.5,  25.9,  7.625,  5.449,  0.042,5303969.4,  1,  21.6,   1.0, 0.100
2025-10-29 14:48:10,        0,  30.3,   3.9,  25.9,  7.282,  5.125,  0.037,5309182.1,  1,  21.6,   1.0, 0.100
2025-10-29 14:48:11,        0,  29.5,   1.5,  25.9,  8.323,  6.093,  0.051,5314413.3,  1,  21.6,   1.0, 0.100
2025-10-29 14:48:12,        0,  29.9,   2.7,  25.9,  1.535,  0.090,  0.000,5315042.3,  1,  21.6,   1.0, 0.100
2025-10-29 14:48:13,        0,  30.3,   3.9,  25.9,  5.850,  3.894,  0.027,5318356.5,  1,  21.6,   1.0, 0.100
2025-10-29 14:48:14,        0,  29.7,   2.2,  25.9,  7.697,  5.516,  0.042,5323579.7,  1,  21.6,   1.0, 0.100
2025-10-29 14:48:15,        0,  29.6,   1.8,  25.9,  5.677,  3.694,  0.027,5326876.7,  1,  21.6,   1.0, 0.100
2025-10-29 14:48:16,        0,  29.6,   1.8,  25.9,  6.796,  4.679,  0.033,5331314.1,  1,  21.6,   1.0, 0.100
2025-10-29 14:48:17,        0,  29.7,   2.0,  25.9,  1.789,  0.247,  0.000,5331963.7,  1,  21.6,   1.0, 0.100
2025-10-29 14:48:18,        0,  30.3,   3.9,  25.9,  4.911,  3.083,  0.022,5334951.9,  1,  21.6,   1.0, 0.100
2025-10-29 14:48:19,        0,  30.6,   4.7,  25.9,  7.445,  5.279,  0.040,5340050.2,  1,  21.6,   1.0, 0.100
2025-10-29 14:48:20,        0,  30.3,   3.9,  25.9,  7.953,  5.752,  0.046,5345594.0,  1,  21.6,   1.0, 0.100
2025-10-29 14:48:21,        0,  29.7,   2.2,  25.9,  6.920,  4.789,  0.033,5351204.8,  1,  21.6,   1.0, 0.100
2025-10-29 14:48:22,        0,  30.0,   2.9,  25.9,  1.980,  0.385,  0.001,5352059.3,  1,  21.6,   0.9, 0.100
2025-10-29 14:48:23,        0,  29.1,   0.3,  25.9,  4.999,  3.042,  0.017,5354679.1,  1,  21.6,   0.9, 0.100
2025-10-29 14:48:24,        0,  29.7,   2.2,  25.9,  3.340,  1.675,  0.011,5356022.3,  1,  21.6,   0.9, 0.100
2025-10-29 14:48:25,        0,  29.8,   2.5,  25.9,  6.429,  4.344,  0.028,5360459.7,  1,  21.6,   0.9, 0.100
2025-10-29 14:48:26,        0,  29.8,   2.5,  25.9,  5.550,  3.598,  0.026,5363152.4,  1,  21.6,   0.8, 0.100
2025-10-29 14:48:27,        0,  29.5,   1.5,  25.9,  6.899,  4.778,  0.033,5367518.5,  1,  21.6,   0.9, 0.100
2025-10-29 14:48:28,        0,  29.0,   0.0,  25.9,  1.507,  0.080,  0.000,5368025.2,  1,  21.6,   0.9, 0.100
2025-10-29 14:48:29,        0,  30.1,   3.4,  25.9,  1.286,  0.001,  0.000,5368121.6,  1,  21.6,   0.9, 0.100
2025-10-29 14:48:30,        0,  30.3,   3.8,  25.9,  7.455,  5.308,  0.040,5372859.4,  1,  21.6,   0.8, 0.100
2025-10-29 14:48:31,        0,  30.0,   2.9,  25.9,  7.034,  4.913,  0.035,5377746.1,  1,  21.6,   0.8, 0.100
2025-10-29 14:48:32,        0,  29.3,   0.8,  26.0,  6.948,  4.833,  0.034,5382144.1,  1,  21.6,   0.9, 0.100
2025-10-29 14:48:33,        0,  29.9,   2.8,  25.9,  1.514,  0.088,  0.000,5382699.0,  1,  21.6,   0.8, 0.100
2025-10-29 14:48:34,        0,  29.5,   1.5,  25.9,  4.277,  2.409,  0.012,5385104.1,  1,  21.6,   0.9, 0.100
2025-10-29 14:48:35,        0,  29.5,   1.5,  25.9,  2.216,  0.697,  0.004,5386008.6,  1,  21.6,   0.9, 0.100
2025-10-29 14:48:36,        0,  29.9,   2.7,  25.9,  1.587,  0.136,  0.000,5386461.6,  1,  21.6,   0.9, 0.100
2025-10-29 14:48:37,        0,  30.0,   3.0,  25.9,  6.471,  4.410,  0.029,5390283.7,  1,  21.6,   0.8, 0.100
2025-10-29 14:48:38,        0,  29.4,   1.2,  25.9,  6.108,  4.077,  0.026,5393589.1,  1,  21.7,   0.8, 0.100
2025-10-29 14:48:39,        0,  29.9,   2.8,  25.9,  1.503,  0.089,  0.000,5395097.9,  1,  21.6,   0.9, 0.100
2025-10-29 14:48:40,        0,  29.8,   2.3,  25.9,  3.759,  1.954,  0.009,5397980.0,  1,  21.6,   0.9, 0.100
2025-10-29 14:48:41,        0,  29.9,   2.7,  25.9,  1.384,  0.038,  0.000,5398757.4,  1,  21.6,   0.9, 0.100
2025-10-29 14:48:42,        0,  29.8,   2.5,  25.9,  1.731,  0.234,  0.000,5400708.7,  1,  21.6,   0.9, 0.100
2025-10-29 14:48:43,        0,  30.1,   3.2,  25.9,  2.956,  1.432,  0.009,5402422.0,  1,  21.6,   0.9, 0.100
2025-10-29 14:48:44,        0,  29.7,   2.2,  25.9,  6.443,  4.401,  0.028,5406246.2,  1,  21.6,   0.9, 0.101
2025-10-29 14:48:45,        0,  29.9,   2.7,  25.9,  3.762,  1.972,  0.009,5407722.3,  1,  21.6,   0.9, 0.101
2025-10-29 14:48:46,        0,  29.8,   2.3,  25.9,  1.267,  0.007,  0.000,5407786.8,  1,  21.6,   0.9, 0.100
2025-10-29 14:48:47,        0,  30.2,   3.5,  25.9,  5.100,  3.312,  0.023,5409805.2,  1,  21.6,   0.9, 0.100
2025-10-29 14:48:48,        0,  29.7,   2.2,  25.9,  6.320,  4.295,  0.028,5414102.6,  1,  21.6,   0.9, 0.100
2025-10-29 14:48:49,        0,  29.3,   0.8,  25.9,  2.407,  0.780,  0.002,5414915.2,  1,  21.6,   0.9, 0.100
2025-10-29 14:48:50,        0,  29.8,   2.5,  25.9,  1.238,  0.004,  0.000,5414925.7,  1,  21.6,   0.9, 0.100
2025-10-29 14:48:51,        0,  29.7,   2.2,  25.8,  6.077,  4.129,  0.027,5416794.9,  1,  21.6,   0.8, 0.100
2025-10-29 14:48:52,        0,  29.8,   2.3,  25.9,  4.164,  2.353,  0.012,5418958.7,  1,  21.6,   0.9, 0.100
2025-10-29 14:48:53,        0,  29.9,   2.7,  25.9,  1.880,  0.362,  0.001,5419661.5,  1,  21.6,   0.9, 0.100
2025-10-29 14:48:54,        0,  29.7,   2.0,  25.9,  1.208, -0.000,  0.000,5419670.3,  1,  21.6,   0.9, 0.100
2025-10-29 14:48:55,        0,  30.1,   3.2,  25.9,  1.142, -0.007,  0.000,5420560.9,  1,  21.6,   0.9, 0.100
2025-10-29 14:48:56,        0,  29.8,   2.3,  25.9,  5.739,  3.785,  0.023,5424349.5,  1,  21.6,   0.9, 0.100
2025-10-29 14:48:57,        0,  29.7,   2.2,  25.8,  1.451,  0.086,  0.000,5424562.4,  1,  21.6,   0.9, 0.100
2025-10-29 14:48:58,        0,  29.9,   2.8,  25.9,  1.211,  0.003,  0.000,5424565.3,  1,  21.6,   0.9, 0.100
2025-10-29 14:48:59,        0,  29.7,   2.0,  25.8,  6.019,  4.054,  0.025,5428799.0,  1,  21.6,   0.9, 0.100
2025-10-29 14:49:00,        0,  29.8,   2.3,  25.8,  1.988,  0.461,  0.001,5429471.7,  1,  21.7,   0.9, 0.100
2025-10-29 14:49:01,        0,  29.9,   2.7,  25.9,  2.385,  1.013,  0.006,5430095.3,  1,  21.6,   0.9, 0.100
2025-10-29 14:49:02,        0,  29.7,   2.2,  25.9,  5.481,  3.563,  0.021,5433376.8,  1,  21.7,   0.9, 0.100
2025-10-29 14:49:03,        0,  29.6,   1.8,  25.9,  1.258,  0.018,  0.000,5433422.9,  1,  21.6,   0.9, 0.100
2025-10-29 14:49:04,        0,  29.8,   2.3,  25.8,  1.148, -0.004,  0.000,5433420.4,  1,  21.6,   0.9, 0.100
2025-10-29 14:49:05,        0,  29.7,   2.2,  25.9,  1.093, -0.007,  0.000,5433413.7,  1,  21.6,   0.9, 0.100
2025-10-29 14:49:06,        0,  29.7,   2.2,  25.9,  5.278,  3.504,  0.022,5435991.1,  1,  21.7,   0.9, 0.100
2025-10-29 14:49:07,        0,  29.5,   1.5,  25.9,  2.216,  0.667,  0.002,5438018.7,  1,  21.7,   0.9, 0.100
2025-10-29 14:49:08,        0,  29.7,   2.0,  25.9,  1.423,  0.091,  0.000,5438409.7,  1,  21.6,   0.9, 0.100
2025-10-29 14:49:09,        0,  29.5,   1.5,  25.8,  1.175,  0.003,  0.000,5438415.6,  1,  21.6,   0.9, 0.100
2025-10-29 14:49:10,        0,  29.8,   2.5,  25.9,  1.526,  0.360,  0.002,5440114.2,  1,  21.7,   0.9, 0.100
2025-10-29 14:49:11,        0,  29.6,   1.8,  25.9,  5.926,  4.005,  0.026,5444528.9,  1,  21.7,   0.8, 0.100
2025-10-29 14:49:12,        0,  29.5,   1.5,  25.8,  1.984,  0.486,  0.001,5445024.7,  1,  21.7,   0.9, 0.100
2025-10-29 14:49:13,        0,  29.7,   2.2,  25.9,  1.160,  0.003,  0.000,5445033.1,  1,  21.7,   0.9, 0.100
2025-10-29 14:49:14,        0,  29.9,   2.7,  25.9,  1.085, -0.005,  0.000,5445028.5,  1,  21.7,   0.9, 0.100
2025-10-29 14:49:15,        0,  29.8,   2.5,  25.9,  3.399,  1.821,  0.009,5445855.8,  1,  21.7,   0.9, 0.100
2025-10-29 14:49:16,        0,  29.7,   2.2,  25.9,  1.301,  0.048,  0.000,5445917.0,  1,  21.7,   0.9, 0.100
2025-10-29 14:49:17,        0,  30.0,   3.0,  25.9,  1.591,  0.430,  0.003,5446186.0,  1,  21.7,   0.9, 0.100
2025-10-29 14:49:18,        0,  29.8,   2.5,  25.9,  6.276,  4.339,  0.027,5450055.9,  1,  21.7,   0.9, 0.100
2025-10-29 14:49:19,        0,  29.2,   0.5,  25.9,  1.253,  0.032,  0.000,5450334.6,  1,  21.7,   0.9, 0.100
2025-10-29 14:49:20,        0,  29.6,   1.8,  25.8,  1.111, -0.001,  0.000,5450335.5,  1,  21.7,   0.9, 0.100
2025-10-29 14:49:21,        0,  29.7,   2.2,  25.9,  1.047, -0.006,  0.000,5450328.8,  1,  21.7,   1.0, 0.100
2025-10-29 14:49:22,        0,  29.7,   2.0,  25.9,  0.982, -0.008,  0.000,5450322.1,  1,  21.7,   0.9, 0.100
2025-10-29 14:49:23,        0,  29.9,   2.7,  25.9,  0.947, -0.008,  0.000,5450314.1,  1,  21.7,   0.9, 0.100
2025-10-29 14:49:24,        0,  29.8,   2.5,  25.8,  5.357,  3.633,  0.023,5452186.6,  1,  21.7,   1.0, 0.100
2025-10-29 14:49:25,        0,  29.7,   2.0,  25.8,  6.266,  4.352,  0.027,5456018.0,  1,  21.7,   1.0, 0.100
2025-10-29 14:49:26,        0,  29.1,   0.3,  25.8,  1.548,  0.198,  0.000,5456301.3,  1,  21.7,   1.0, 0.100
2025-10-29 14:49:27,        0,  29.7,   2.0,  25.8,  1.098,  0.000,  0.000,5456306.3,  1,  21.7,   1.0, 0.100
2025-10-29 14:49:28,        0,  29.7,   2.2,  25.8,  1.031, -0.005,  0.000,5456301.3,  1,  21.7,   1.0, 0.100
2025-10-29 14:49:29,        0,  29.7,   2.2,  25.9,  0.963, -0.007,  0.000,5456295.0,  1,  21.7,   1.0, 0.100
2025-10-29 14:49:30,        0,  29.9,   2.7,  25.8,  0.925, -0.007,  0.000,5456287.5,  1,  21.7,   1.0, 0.100
2025-10-29 14:49:31,        0,  29.9,   2.8,  25.8,  3.862,  2.219,  0.011,5457287.8,  1,  21.7,   1.0, 0.100
2025-10-29 14:49:32,        0,  29.8,   2.5,  25.9,  5.525,  3.700,  0.021,5460987.2,  1,  21.7,   1.0, 0.100
2025-10-29 14:49:33,        0,  29.4,   1.3,  25.8,  1.322,  0.083,  0.000,5461062.6,  1,  21.7,   1.0, 0.100
2025-10-29 14:49:34,        0,  29.7,   2.0,  25.8,  1.047, -0.002,  0.000,5461062.6,  1,  21.7,   1.0, 0.100
2025-10-29 14:49:35,        0,  29.7,   2.2,  25.8,  0.990, -0.007,  0.000,5461056.8,  1,  21.7,   1.0, 0.100
2025-10-29 14:49:36,        0,  29.8,   2.5,  25.8,  0.930, -0.007,  0.000,5461048.8,  1,  21.7,   0.9, 0.100
2025-10-29 14:49:37,        0,  29.8,   2.5,  25.8,  0.894, -0.007,  0.000,5461041.3,  1,  21.7,   0.9, 0.100
2025-10-29 14:49:38,        0,  29.7,   2.2,  25.8,  0.849, -0.008,  0.000,5461033.7,  1,  21.7,   0.9, 0.100
2025-10-29 14:49:39,        0,  29.8,   2.3,  25.9,  0.823, -0.008,  0.000,5461025.8,  1,  21.7,   0.9, 0.100
2025-10-29 14:49:40,        0,  29.8,   2.3,  25.8,  0.800, -0.008,  0.000,5461017.8,  1,  21.7,   0.9, 0.100
2025-10-29 14:49:41,        0,  29.8,   2.3,  25.8,  0.775, -0.009,  0.000,5461007.3,  1,  21.7,   0.9, 0.100
2025-10-29 14:49:42,        0,  29.9,   2.7,  25.8,  3.476,  2.186,  0.013,5463345.4,  1,  21.7,   0.9, 0.100
2025-10-29 14:49:43,        0,  29.8,   2.5,  25.8,  3.529,  1.914,  0.009,5466307.2,  1,  21.7,   0.9, 0.100
2025-10-29 14:49:44,        0,  29.6,   1.7,  25.8,  1.199,  0.039,  0.000,5466388.9,  1,  21.7,   0.9, 0.100
2025-10-29 14:49:45,        0,  29.9,   2.7,  25.8,  1.008, -0.003,  0.000,5466389.3,  1,  21.7,   0.9, 0.100
2025-10-29 14:49:46,        0,  29.7,   2.2,  25.8,  0.956, -0.006,  0.000,5466383.9,  1,  21.7,   0.9, 0.100
2025-10-29 14:49:47,        0,  29.6,   1.8,  25.8,  0.915, -0.007,  0.000,5466376.3,  1,  21.7,   0.9, 0.100
2025-10-29 14:49:48,        0,  29.9,   2.7,  25.8,  0.863, -0.007,  0.000,5466370.1,  1,  21.7,   0.9, 0.100
2025-10-29 14:49:49,        0,  29.9,   2.7,  25.8,  0.833, -0.008,  0.000,5466362.1,  1,  21.7,   0.9, 0.100
2025-10-29 14:49:50,        0,  29.9,   2.8,  25.8,  0.796, -0.008,  0.000,5466352.9,  1,  21.7,   1.0, 0.100
2025-10-29 14:49:51,        0,  29.8,   2.3,  25.8,  5.988,  4.147,  0.025,5469242.5,  1,  21.7,   1.0, 0.100
2025-10-29 14:49:52,        0,  29.6,   1.8,  25.8,  1.348,  0.112,  0.000,5469352.8,  1,  21.7,   1.0, 0.100
2025-10-29 14:49:53,        0,  29.7,   2.0,  25.8,  1.024, -0.001,  0.000,5469353.6,  1,  21.7,   1.0, 0.100
2025-10-29 14:49:54,        0,  29.8,   2.3,  25.8,  0.940, -0.007,  0.000,5469347.3,  1,  21.7,   1.0, 0.100
2025-10-29 14:49:55,        0,  29.8,   2.3,  25.8,  0.901, -0.007,  0.000,5469341.4,  1,  21.7,   1.0, 0.100
2025-10-29 14:49:56,        0,  29.8,   2.3,  25.8,  0.865, -0.007,  0.000,5469334.3,  1,  21.7,   1.0, 0.100
2025-10-29 14:49:57,        0,  29.6,   1.8,  25.8,  0.820, -0.007,  0.000,5469326.8,  1,  21.7,   1.0, 0.100
2025-10-29 14:49:58,        0,  29.8,   2.5,  25.8,  0.795, -0.007,  0.000,5469317.5,  1,  21.7,   0.9, 0.100
2025-10-29 14:49:59,        0,  30.0,   2.9,  25.8,  3.304,  1.953,  0.010,5470197.2,  1,  21.7,   1.0, 0.100
2025-10-29 14:50:00,        0,  29.8,   2.5,  25.8,  6.154,  4.298,  0.026,5473568.4,  1,  21.7,   1.0, 0.100
2025-10-29 14:50:01,        0,  29.7,   2.0,  25.8,  1.389,  0.137,  0.000,5473761.6,  1,  21.7,   1.0, 0.100
2025-10-29 14:50:02,        0,  29.6,   1.7,  25.8,  1.025,  0.000,  0.000,5473765.4,  1,  21.7,   1.0, 0.100
2025-10-29 14:50:03,        0,  29.7,   2.0,  25.8,  0.964, -0.005,  0.000,5473759.5,  1,  21.7,   1.0, 0.100
2025-10-29 14:50:04,        0,  29.7,   2.2,  25.8,  0.901, -0.007,  0.000,5473752.8,  1,  21.7,   1.0, 0.100
2025-10-29 14:50:05,        0,  29.8,   2.3,  25.8,  0.867, -0.007,  0.000,5473745.7,  1,  21.7,   0.9, 0.100
2025-10-29 14:50:06,        0,  29.7,   2.2,  25.8,  0.836, -0.007,  0.000,5473739.0,  1,  21.7,   0.9, 0.100
2025-10-29 14:50:07,        0,  29.7,   2.2,  25.8,  0.796, -0.008,  0.000,5473730.2,  1,  21.7,   1.0, 0.100
2025-10-29 14:50:08,        0,  29.8,   2.5,  25.8,  0.775, -0.008,  0.000,5473721.8,  1,  21.7,   0.9, 0.100
2025-10-29 14:50:09,        0,  29.8,   2.5,  25.8,  0.747, -0.009,  0.000,5473714.3,  1,  21.7,   0.9, 0.100
2025-10-29 14:50:10,        0,  29.8,   2.5,  25.8,  0.732, -0.009,  0.000,5473705.9,  1,  21.7,   0.9, 0.100
2025-10-29 14:50:11,        0,  29.8,   2.3,  25.8,  0.713, -0.009,  0.000,5473696.3,  1,  21.7,   0.9, 0.100
2025-10-29 14:50:12,        0,  29.8,   2.5,  25.8,  0.701, -0.009,  0.000,5473687.5,  1,  21.7,   0.9, 0.100
2025-10-29 14:50:13,        0,  29.9,   2.7,  25.8,  0.690, -0.009,  0.000,5473679.5,  1,  21.7,   0.8, 0.100
2025-10-29 14:50:14,        0,  29.8,   2.5,  25.8,  4.786,  3.060,  0.016,5475544.9,  1,  21.7,   0.8, 0.100
2025-10-29 14:50:15,        0,  29.8,   2.5,  25.8,  1.098,  0.015,  0.000,5475667.7,  1,  21.7,   0.8, 0.100
2025-10-29 14:50:16,        0,  29.6,   1.8,  25.8,  0.993, -0.002,  0.000,5475667.7,  1,  21.7,   0.8, 0.100
2025-10-29 14:50:17,        0,  29.9,   2.7,  25.8,  0.937, -0.006,  0.000,5475661.8,  1,  21.7,   0.8, 0.100
2025-10-29 14:50:18,        0,  29.8,   2.3,  25.8,  0.893, -0.007,  0.000,5475655.5,  1,  21.7,   0.8, 0.100
2025-10-29 14:50:19,        0,  29.8,   2.5,  25.8,  0.839, -0.007,  0.000,5475647.1,  1,  21.7,   0.8, 0.100
2025-10-29 14:50:20,        0,  29.9,   2.7,  25.8,  0.797, -0.008,  0.000,5475640.0,  1,  21.7,   0.8, 0.100
2025-10-29 14:50:21,        0,  29.9,   2.7,  25.8,  3.559,  2.008,  0.009,5476516.8,  1,  21.7,   0.8, 0.100
2025-10-29 14:50:22,        0,  29.8,   2.3,  25.8,  3.476,  1.885,  0.008,5477881.8,  1,  21.7,   0.8, 0.100
2025-10-29 14:50:23,        0,  29.7,   2.0,  25.8,  1.067,  0.009,  0.000,5477914.9,  1,  21.7,   0.8, 0.100
2025-10-29 14:50:24,        0,  29.8,   2.5,  25.8,  0.978, -0.003,  0.000,5477911.5,  1,  21.7,   0.8, 0.100
2025-10-29 14:50:25,        0,  29.8,   2.3,  25.8,  0.905, -0.007,  0.000,5477905.6,  1,  21.7,   0.8, 0.100
2025-10-29 14:50:26,        0,  29.9,   2.7,  25.8,  0.868, -0.007,  0.000,5477898.9,  1,  21.7,   0.8, 0.100
2025-10-29 14:50:27,        0,  29.8,   2.3,  25.8,  0.818, -0.007,  0.000,5477891.0,  1,  21.7,   0.8, 0.100
2025-10-29 14:50:28,        0,  29.8,   2.5,  25.8,  0.791, -0.008,  0.000,5477883.4,  1,  21.7,   0.8, 0.100
2025-10-29 14:50:29,        0,  29.8,   2.5,  25.8,  0.768, -0.008,  0.000,5477876.3,  1,  21.7,   0.9, 0.100
2025-10-29 14:50:30,        0,  29.8,   2.3,  25.8,  0.739, -0.008,  0.000,5477867.9,  1,  21.7,   0.9, 0.100
2025-10-29 14:50:31,        0,  29.8,   2.5,  25.8,  0.723, -0.008,  0.000,5477857.5,  1,  21.7,   0.9, 0.100
2025-10-29 14:50:32,        0,  29.8,   2.5,  25.8,  0.704, -0.008,  0.000,5477849.9,  1,  21.7,   0.9, 0.100
2025-10-29 14:50:33,        0,  29.8,   2.5,  25.8,  0.691, -0.008,  0.000,5477841.9,  1,  21.7,   0.9, 0.100
2025-10-29 14:50:34,        0,  29.8,   2.3,  25.8,  0.680, -0.009,  0.000,5477833.6,  1,  21.7,   0.9, 0.100
2025-10-29 14:50:35,        0,  29.9,   2.7,  25.8,  0.664, -0.009,  0.000,5477825.6,  1,  21.7,   0.9, 0.100
2025-10-29 14:50:36,        0,  29.9,   2.7,  25.8,  2.784,  1.693,  0.010,5480304.5,  1,  21.7,   1.0, 0.100
2025-10-29 14:50:37,        0,  29.5,   1.5,  25.8,  5.673,  3.861,  0.023,5484174.9,  1,  21.7,   1.0, 0.100
2025-10-29 14:50:38,        0,  29.4,   1.2,  25.8,  1.489,  0.207,  0.000,5484616.6,  1,  21.7,   0.9, 0.100
2025-10-29 14:50:39,        0,  29.2,   0.7,  25.8,  1.077,  0.011,  0.000,5484625.8,  1,  21.7,   1.0, 0.100
2025-10-29 14:50:40,        0,  29.6,   1.7,  25.8,  0.958, -0.005,  0.000,5484621.2,  1,  21.7,   1.0, 0.100
2025-10-29 14:50:41,        0,  29.6,   1.8,  25.8,  0.893, -0.007,  0.000,5484614.5,  1,  21.7,   1.0, 0.100
2025-10-29 14:50:42,        0,  29.6,   1.8,  25.8,  0.858, -0.007,  0.000,5484608.2,  1,  21.7,   1.0, 0.100
2025-10-29 14:50:43,        0,  29.6,   1.7,  25.8,  0.826, -0.007,  0.000,5484600.7,  1,  21.7,   1.0, 0.100
2025-10-29 14:50:44,        0,  29.6,   1.8,  25.8,  0.786, -0.007,  0.000,5484592.3,  1,  21.7,   1.0, 0.100
2025-10-29 14:50:45,        0,  29.6,   1.8,  25.8,  0.762, -0.008,  0.000,5484584.8,  1,  21.7,   1.0, 0.100
2025-10-29 14:50:46,        0,  29.7,   2.0,  25.8,  0.736, -0.009,  0.000,5484576.4,  1,  21.7,   1.0, 0.100
2025-10-29 14:50:47,        0,  29.6,   1.7,  25.8,  0.720, -0.008,  0.000,5484568.0,  1,  21.7,   1.0, 0.100
2025-10-29 14:50:48,        0,  29.7,   2.0,  25.8,  0.706, -0.009,  0.000,5484560.0,  1,  21.7,   1.0, 0.100
2025-10-29 14:50:49,        0,  29.6,   1.8,  25.8,  0.686, -0.009,  0.000,5484550.4,  1,  21.7,   1.0, 0.100
2025-10-29 14:50:50,        0,  29.6,   1.8,  25.8,  0.675, -0.009,  0.000,5484542.4,  1,  21.7,   1.0, 0.100
2025-10-29 14:50:51,        0,  29.7,   2.0,  25.8,  0.659, -0.008,  0.000,5484534.1,  1,  21.7,   1.0, 0.100
2025-10-29 14:50:52,        0,  29.7,   2.0,  25.8,  0.648, -0.009,  0.000,5484526.1,  1,  21.7,   1.0, 0.100
2025-10-29 14:50:53,        0,  29.7,   2.0,  25.8,  0.634, -0.008,  0.000,5484517.3,  1,  21.7,   1.0, 0.100
2025-10-29 14:50:54,        0,  29.7,   2.0,  25.8,  0.626, -0.008,  0.000,5484508.9,  1,  21.7,   1.0, 0.100
2025-10-29 14:50:55,        0,  29.6,   1.8,  25.8,  0.617, -0.008,  0.000,5484501.8,  1,  21.7,   1.0, 0.100
2025-10-29 14:50:56,        0,  29.7,   2.2,  25.8,  0.605, -0.008,  0.000,5484494.2,  1,  21.7,   1.0, 0.100
2025-10-29 14:50:57,        0,  29.7,   2.0,  25.8,  0.597, -0.007,  0.000,5484486.7,  1,  21.7,   1.0, 0.100
2025-10-29 14:50:58,        0,  29.7,   2.2,  25.8,  0.588, -0.007,  0.000,5484477.9,  1,  21.7,   1.0, 0.100
2025-10-29 14:50:59,        0,  29.7,   2.2,  25.8,  0.581, -0.007,  0.000,5484470.4,  1,  21.7,   1.0, 0.100
2025-10-29 14:51:00,        0,  29.7,   2.2,  25.8,  0.574, -0.007,  0.000,5484463.2,  1,  21.7,   1.0, 0.100
2025-10-29 14:51:01,        0,  29.7,   2.0,  25.8,  0.564, -0.007,  0.000,5484456.1,  1,  21.7,   1.0, 0.100
2025-10-29 14:51:02,        0,  29.7,   2.0,  25.8,  0.555, -0.007,  0.000,5484447.3,  1,  21.7,   1.0, 0.100
2025-10-29 14:51:03,        0,  29.7,   2.2,  25.8,  0.549, -0.007,  0.000,5484440.2,  1,  21.7,   1.0, 0.100
2025-10-29 14:51:04,        0,  29.7,   2.2,  25.8,  0.543, -0.007,  0.000,5484433.5,  1,  21.7,   1.0, 0.100
2025-10-29 14:51:05,        0,  29.7,   2.2,  25.8,  0.535, -0.007,  0.000,5484426.3,  1,  21.7,   1.0, 0.100
2025-10-29 14:51:06,        0,  29.7,   2.2,  25.8,  0.529, -0.007,  0.000,5484419.6,  1,  21.7,   1.0, 0.100
2025-10-29 14:51:07,        0,  29.7,   2.2,  25.8,  0.521, -0.007,  0.000,5484411.7,  1,  21.7,   1.0, 0.100
2025-10-29 14:51:08,        0,  29.8,   2.5,  25.8,  0.516, -0.007,  0.000,5484405.0,  1,  21.7,   1.0, 0.100
2025-10-29 14:51:09,        0,  29.7,   2.2,  25.8,  0.512, -0.007,  0.000,5484397.8,  1,  21.7,   1.0, 0.100
2025-10-29 14:51:10,        0,  29.8,   2.3,  25.8,  0.504, -0.007,  0.000,5484390.3,  1,  21.7,   1.0, 0.100
2025-10-29 14:51:11,        0,  29.7,   2.2,  25.8,  0.500, -0.007,  0.000,5484383.2,  1,  21.7,   1.0, 0.100
2025-10-29 14:51:12,        0,  29.8,   2.3,  25.8,  0.493, -0.007,  0.000,5484377.3,  1,  21.7,   1.0, 0.100
2025-10-29 14:51:13,        0,  29.8,   2.3,  25.8,  0.489, -0.007,  0.000,5484370.6,  1,  21.7,   1.0, 0.100
2025-10-29 14:51:14,        0,  29.8,   2.3,  25.8,  0.485, -0.007,  0.000,5484364.3,  1,  21.7,   1.0, 0.100
2025-10-29 14:51:15,        0,  29.8,   2.3,  25.8,  0.478, -0.007,  0.000,5484356.8,  1,  21.7,   1.0, 0.100
2025-10-29 14:51:16,        0,  29.8,   2.3,  25.8,  0.474, -0.007,  0.000,5484350.1,  1,  21.7,   1.0, 0.100
2025-10-29 14:51:17,        0,  29.8,   2.3,  25.8,  0.468, -0.007,  0.000,5484344.6,  1,  21.7,   1.0, 0.100
2025-10-29 14:51:18,        0,  29.8,   2.3,  25.8,  0.465, -0.007,  0.000,5484337.5,  1,  21.7,   1.0, 0.100
2025-10-29 14:51:19,        0,  29.8,   2.3,  25.8,  0.462, -0.006,  0.000,5484329.1,  1,  21.7,   1.0, 0.100
2025-10-29 14:51:20,        0,  29.8,   2.5,  25.8,  0.458, -0.007,  0.000,5484323.7,  1,  21.7,   1.0, 0.100
2025-10-29 14:51:21,        0,  29.7,   2.2,  25.8,  0.455, -0.007,  0.000,5484317.4,  1,  21.7,   1.0, 0.100
2025-10-29 14:51:22,        0,  29.8,   2.3,  25.8,  0.449, -0.006,  0.000,5484311.1,  1,  21.7,   1.0, 0.100
2025-10-29 14:51:23,        0,  29.8,   2.3,  25.8,  0.445, -0.007,  0.000,5484305.2,  1,  21.7,   1.0, 0.100
2025-10-29 14:51:24,        0,  29.7,   2.2,  25.8,  0.441, -0.006,  0.000,5484297.7,  1,  21.7,   1.0, 0.100
2025-10-29 14:51:25,        0,  29.8,   2.5,  25.8,  0.438, -0.006,  0.000,5484292.2,  1,  21.7,   1.0, 0.100
2025-10-29 14:51:26,        0,  29.8,   2.3,  25.8,  0.435, -0.006,  0.000,5484286.0,  1,  21.7,   1.0, 0.100
2025-10-29 14:51:27,        0,  29.8,   2.3,  25.8,  0.432, -0.006,  0.000,5484280.1,  1,  21.7,   1.0, 0.100
2025-10-29 14:51:28,        0,  29.8,   2.3,  25.8,  0.428, -0.006,  0.000,5484273.4,  1,  21.7,   1.0, 0.100
2025-10-29 14:51:29,        0,  29.8,   2.5,  25.8,  0.425, -0.006,  0.000,5484267.5,  1,  21.7,   1.0, 0.100
2025-10-29 14:51:30,        0,  29.8,   2.5,  25.8,  0.421, -0.006,  0.000,5484262.1,  1,  21.7,   1.0, 0.100
2025-10-29 14:51:31,        0,  29.8,   2.3,  25.8,  0.417, -0.006,  0.000,5484256.2,  1,  21.7,   1.0, 0.100
2025-10-29 14:51:32,        0,  29.8,   2.3,  25.8,  0.414, -0.006,  0.000,5484251.2,  1,  21.7,   1.0, 0.100
2025-10-29 14:51:33,        0,  29.8,   2.3,  25.8,  0.412, -0.006,  0.000,5484243.2,  1,  21.7,   0.9, 0.100
2025-10-29 14:51:34,        0,  29.8,   2.3,  25.8,  0.408, -0.006,  0.000,5484238.6,  1,  21.7,   1.0, 0.100
2025-10-29 14:51:35,        0,  29.8,   2.5,  25.8,  0.406, -0.006,  0.000,5484233.6,  1,  21.7,   0.9, 0.100
2025-10-29 14:51:36,        0,  29.8,   2.5,  25.8,  0.401, -0.006,  0.000,5484227.7,  1,  21.7,   0.9, 0.100
2025-10-29 14:51:37,        0,  29.8,   2.5,  25.8,  0.400, -0.006,  0.000,5484220.6,  1,  21.7,   0.9, 0.100
2025-10-29 14:51:38,        0,  29.8,   2.5,  25.8,  0.397, -0.005,  0.000,5484216.4,  1,  21.7,   0.9, 0.100
2025-10-29 14:51:39,        0,  29.8,   2.5,  25.8,  0.394, -0.005,  0.000,5484210.5,  1,  21.7,   0.9, 0.100
2025-10-29 14:51:40,        0,  29.8,   2.5,  25.8,  0.392, -0.005,  0.000,5484205.1,  1,  21.7,   0.9, 0.100
2025-10-29 14:51:41,        0,  29.8,   2.3,  25.8,  0.388, -0.006,  0.000,5484199.2,  1,  21.7,   0.9, 0.100
2025-10-29 14:51:42,        0,  29.8,   2.5,  25.8,  0.384, -0.005,  0.000,5484193.3,  1,  21.7,   0.9, 0.100
2025-10-29 14:51:43,        0,  29.9,   2.7,  25.8,  0.382, -0.005,  0.000,5484188.7,  1,  21.7,   0.9, 0.100
2025-10-29 14:51:44,        0,  29.8,   2.5,  25.8,  0.380, -0.006,  0.000,5484685.3,  1,  21.7,   0.9, 0.100
2025-10-29 14:51:45,        0,  29.7,   2.2,  25.8,  1.243,  0.070,  0.000,5485232.7,  1,  21.7,   0.9, 0.100
2025-10-29 14:51:46,        0,  29.8,   2.5,  25.8,  1.018,  0.004,  0.000,5485237.3,  1,  21.7,   0.9, 0.100
2025-10-29 14:51:47,        0,  29.9,   2.7,  25.8,  0.913, -0.005,  0.000,5485232.7,  1,  21.7,   0.9, 0.100
2025-10-29 14:51:48,        0,  29.8,   2.5,  25.8,  0.867, -0.006,  0.000,5485227.7,  1,  21.7,   0.9, 0.100
2025-10-29 14:51:49,        0,  29.8,   2.3,  25.8,  0.810, -0.007,  0.000,5485220.1,  1,  21.7,   0.9, 0.100
2025-10-29 14:51:50,        0,  29.8,   2.5,  25.8,  0.780, -0.007,  0.000,5485213.0,  1,  21.7,   0.9, 0.100
2025-10-29 14:51:51,        0,  29.7,   2.2,  25.8,  0.753, -0.007,  0.000,5485206.3,  1,  21.7,   0.9, 0.100
2025-10-29 14:51:52,        0,  29.8,   2.5,  25.8,  0.722, -0.008,  0.000,5485198.3,  1,  21.7,   0.9, 0.100
2025-10-29 14:51:53,        0,  29.8,   2.5,  25.8,  0.703, -0.008,  0.000,5485189.1,  1,  21.7,   0.9, 0.100
2025-10-29 14:51:54,        0,  29.8,   2.5,  25.8,  0.679, -0.008,  0.000,5485182.0,  1,  21.7,   0.9, 0.100
2025-10-29 14:51:55,        0,  29.8,   2.5,  25.8,  0.664, -0.008,  0.000,5485174.0,  1,  21.7,   0.9, 0.100
2025-10-29 14:51:56,        0,  29.8,   2.5,  25.8,  0.651, -0.008,  0.000,5485166.9,  1,  21.7,   0.9, 0.100
2025-10-29 14:51:57,        0,  29.8,   2.5,  25.7,  0.632, -0.007,  0.000,5485158.1,  1,  21.7,   0.9, 0.100
2025-10-29 14:51:58,        0,  29.7,   2.0,  25.8,  0.620, -0.007,  0.000,5485150.5,  1,  21.7,   1.0, 0.100
2025-10-29 14:51:59,        0,  29.9,   2.7,  25.8,  0.603, -0.007,  0.000,5485143.0,  1,  21.7,   1.0, 0.100
2025-10-29 14:52:00,        0,  29.8,   2.5,  25.8,  0.593, -0.008,  0.000,5485135.9,  1,  21.7,   1.0, 0.100
2025-10-29 14:52:01,        0,  29.8,   2.5,  25.8,  0.578, -0.007,  0.000,5485127.5,  1,  21.7,   1.0, 0.100
2025-10-29 14:52:02,        0,  29.8,   2.5,  25.8,  0.569, -0.007,  0.000,5485120.8,  1,  21.7,   1.0, 0.100
2025-10-29 14:52:03,        0,  29.9,   2.7,  25.8,  0.560, -0.007,  0.000,5485114.1,  1,  21.7,   1.0, 0.100
2025-10-29 14:52:04,        0,  29.8,   2.5,  25.8,  1.949,  1.106,  0.007,5485938.9,  1,  21.7,   1.0, 0.100
2025-10-29 14:52:05,        0,  29.8,   2.3,  25.7,  1.193,  0.049,  0.000,5486759.0,  1,  21.7,   1.0, 0.100
2025-10-29 14:52:06,        0,  29.8,   2.3,  25.7,  1.011,  0.002,  0.000,5486765.3,  1,  21.7,   1.0, 0.100
2025-10-29 14:52:07,        0,  29.7,   2.2,  25.8,  0.937, -0.004,  0.000,5486761.1,  1,  21.7,   1.0, 0.100
2025-10-29 14:52:08,        0,  29.8,   2.5,  25.8,  0.889, -0.006,  0.000,5486755.3,  1,  21.7,   0.9, 0.100
2025-10-29 14:52:09,        0,  29.8,   2.5,  25.8,  0.830, -0.006,  0.000,5486749.8,  1,  21.7,   1.0, 0.100
2025-10-29 14:52:10,        0,  29.8,   2.3,  25.8,  0.783, -0.007,  0.000,5486741.8,  1,  21.7,   0.9, 0.100
2025-10-29 14:52:11,        0,  29.8,   2.3,  25.8,  0.757, -0.007,  0.000,5486734.7,  1,  21.7,   0.9, 0.100
2025-10-29 14:52:12,        0,  29.8,   2.5,  25.8,  0.734, -0.008,  0.000,5486726.8,  1,  21.7,   0.9, 0.100
2025-10-29 14:52:13,        0,  29.8,   2.3,  25.8,  0.706, -0.008,  0.000,5486720.1,  1,  21.7,   0.9, 0.100
2025-10-29 14:52:14,        0,  29.8,   2.3,  25.7,  0.690, -0.008,  0.000,5486710.8,  1,  21.7,   0.9, 0.100
2025-10-29 14:52:15,        0,  29.8,   2.3,  25.8,  0.667, -0.007,  0.000,5486703.3,  1,  21.7,   0.9, 0.100
2025-10-29 14:52:16,        0,  29.7,   2.2,  25.8,  0.655, -0.008,  0.000,5486696.2,  1,  21.7,   0.9, 0.100
2025-10-29 14:52:17,        0,  29.8,   2.3,  25.8,  0.641, -0.007,  0.000,5486688.6,  1,  21.7,   0.8, 0.100
2025-10-29 14:52:18,        0,  29.8,   2.5,  25.8,  0.624, -0.008,  0.000,5486681.1,  1,  21.7,   0.9, 0.100
2025-10-29 14:52:19,        0,  29.8,   2.3,  25.8,  0.612, -0.007,  0.000,5486672.3,  1,  21.7,   0.9, 0.100
2025-10-29 14:52:20,        0,  29.8,   2.3,  25.8,  0.596, -0.007,  0.000,5486666.4,  1,  21.7,   0.9, 0.100
2025-10-29 14:52:21,        0,  29.8,   2.5,  25.8,  0.586, -0.007,  0.000,5486659.7,  1,  21.7,   0.9, 0.100
2025-10-29 14:52:22,        0,  29.8,   2.3,  25.7,  0.576, -0.007,  0.000,5486651.7,  1,  21.7,   0.9, 0.100
2025-10-29 14:52:23,        0,  29.8,   2.3,  25.7,  0.563, -0.007,  0.000,5486643.8,  1,  21.7,   0.9, 0.100
2025-10-29 14:52:24,        0,  29.9,   2.7,  25.8,  0.554, -0.007,  0.000,5486637.1,  1,  21.7,   0.9, 0.100
2025-10-29 14:52:25,        0,  29.8,   2.3,  25.8,  0.542, -0.007,  0.000,5486630.8,  1,  21.7,   0.9, 0.100
2025-10-29 14:52:26,        0,  29.8,   2.3,  25.7,  0.534, -0.007,  0.000,5486623.7,  1,  21.7,   0.9, 0.100
2025-10-29 14:52:27,        0,  29.8,   2.3,  25.7,  0.523, -0.007,  0.000,5486616.1,  1,  21.7,   0.9, 0.100
2025-10-29 14:52:28,        0,  29.8,   2.5,  25.7,  0.516, -0.007,  0.000,5486610.3,  1,  21.7,   0.9, 0.100
2025-10-29 14:52:29,        0,  29.8,   2.5,  25.8,  0.507, -0.007,  0.000,5486603.1,  1,  21.7,   0.9, 0.100
2025-10-29 14:52:30,        0,  29.8,   2.3,  25.8,  0.501, -0.007,  0.000,5486597.3,  1,  21.7,   0.9, 0.100
2025-10-29 14:52:31,        0,  29.8,   2.3,  25.7,  0.495, -0.007,  0.000,5486591.0,  1,  21.7,   0.9, 0.100
2025-10-29 14:52:32,        0,  29.8,   2.5,  25.8,  0.487, -0.007,  0.000,5486582.6,  1,  21.7,   1.0, 0.100
2025-10-29 14:52:33,        0,  29.8,   2.3,  25.8,  0.482, -0.006,  0.000,5486577.1,  1,  21.7,   0.9, 0.100
2025-10-29 14:52:34,        0,  29.8,   2.3,  25.8,  0.473, -0.006,  0.000,5486570.9,  1,  21.7,   0.9, 0.100
2025-10-29 14:52:35,        0,  29.8,   2.5,  25.8,  0.468, -0.007,  0.000,5486564.6,  1,  21.7,   0.9, 0.100
2025-10-29 14:52:36,        0,  29.8,   2.3,  25.7,  0.460, -0.006,  0.000,5486557.4,  1,  21.7,   0.9, 0.100
