Time, Cnts,  %T, set_Cell[mA], Cell[°C], Cell[Volt], Cell[mA], Cell[W], Cell[uAs], Cell_ON, Env[°C], TEC[°C], N2Flow[slpm]
2025-11-04 10:54:05,        0,  29.7,   2.1,  24.3,  0.389, -0.005,  0.000,     -4.6,  1,  21.3,   1.0, 0.100
2025-11-04 10:54:06,        0,  29.7,   2.1,  24.3,  0.379, -0.005,  0.000,    -10.3,  1,  21.3,   1.0, 0.100
2025-11-04 10:54:07,        0,  29.8,   2.3,  24.4,  0.374, -0.005,  0.000,    -14.9,  1,  21.3,   1.0, 0.100
2025-11-04 10:54:08,        0,  29.8,   2.3,  24.4,  0.367, -0.004,  0.000,    -19.2,  1,  21.3,   1.0, 0.100
2025-11-04 10:54:09,        0,  29.7,   2.1,  24.3,  0.359, -0.004,  0.000,    -23.5,  1,  21.3,   1.0, 0.101
2025-11-04 10:54:10,        0,  29.8,   2.3,  24.3,  0.353, -0.005,  0.000,    -27.5,  1,  21.3,   1.0, 0.100
2025-11-04 10:54:11,        0,  29.8,   2.3,  24.4,  0.345, -0.004,  0.000,    -32.0,  1,  21.3,   1.0, 0.100
2025-11-04 10:54:12,        0,  29.8,   2.5,  24.4,  0.339, -0.004,  0.000,    -36.0,  1,  21.4,   1.0, 0.100
2025-11-04 10:54:13,        0,  29.8,   2.3,  24.4,  0.334, -0.005,  0.000,    -40.1,  1,  21.3,   1.0, 0.100
2025-11-04 10:54:14,        0,  29.8,   2.3,  24.4,  0.326, -0.004,  0.000,    -44.1,  1,  21.3,   1.0, 0.100
2025-11-04 10:54:15,        0,  29.8,   2.3,  24.4,  0.322, -0.004,  0.000,    -48.9,  1,  21.4,   1.0, 0.100
2025-11-04 10:54:16,        0,  29.8,   2.3,  24.4,  0.314, -0.004,  0.000,    -52.6,  1,  21.4,   1.0, 0.100
2025-11-04 10:54:17,        0,  29.8,   2.3,  24.4,  0.310, -0.004,  0.000,    -56.4,  1,  21.4,   1.0, 0.100
2025-11-04 10:54:18,        0,  29.8,   2.3,  24.4,  0.303, -0.004,  0.000,    -60.9,  1,  21.4,   1.0, 0.100
2025-11-04 10:54:19,        0,  29.8,   2.3,  24.4,  0.299, -0.004,  0.000,    -64.4,  1,  21.3,   1.0, 0.100
2025-11-04 10:54:20,        0,  29.8,   2.3,  24.3,  0.295, -0.004,  0.000,    -67.8,  1,  21.3,   1.0, 0.100
2025-11-04 10:54:21,        0,  29.8,   2.3,  24.4,  0.289, -0.004,  0.000,    -71.2,  1,  21.3,   1.0, 0.100
2025-11-04 10:54:22,        0,  29.8,   2.3,  24.4,  0.285, -0.004,  0.000,    -75.5,  1,  21.4,   1.0, 0.100
2025-11-04 10:54:23,        0,  29.8,   2.3,  24.4,  0.280, -0.003,  0.000,    -79.0,  1,  21.3,   1.0, 0.100
2025-11-04 10:54:24,        0,  29.8,   2.3,  24.4,  0.276, -0.003,  0.000,    -82.1,  1,  21.3,   1.0, 0.100
2025-11-04 10:54:25,        0,  29.8,   2.5,  24.4,  0.272, -0.003,  0.000,    -85.0,  1,  21.4,   1.0, 0.100
2025-11-04 10:54:26,        0,  30.0,   3.1,  24.4,  3.472,  2.689,  0.015,   2310.3,  1,  21.3,   1.0, 0.100
2025-11-04 10:54:27,        0,  30.0,   3.1,  24.3,  5.904,  4.659,  0.028,   6720.3,  1,  21.3,   1.0, 0.100
2025-11-04 10:54:28,        0,  30.3,   3.9,  24.3,  5.191,  3.904,  0.021,  10511.7,  1,  21.3,   1.0, 0.100
2025-11-04 10:54:29,        0,  30.2,   3.5,  24.4,  5.996,  4.758,  0.029,  15314.2,  1,  21.4,   1.0, 0.100
2025-11-04 10:54:30,        0,  30.6,   4.9,  24.3,  5.956,  4.720,  0.028,  18891.6,  1,  21.3,   1.0, 0.095
2025-11-04 10:54:31,        0,  30.6,   4.8,  24.3,  8.840,  7.812,  0.070,  27857.2,  1,  21.2,   1.0, 0.098
2025-11-04 10:54:32,        0,  32.2,   9.5,  24.3,  8.382,  7.320,  0.062,  34304.8,  1,  21.3,   1.0, 0.099
2025-11-04 10:54:33,        0,  32.5,  10.6,  24.3, 10.223,  9.308,  0.096,  44056.6,  1,  21.3,   0.9, 0.099
2025-11-04 10:54:34,        0,  33.4,  13.3,  24.3, 12.033, 11.267,  0.136,  55208.9,  1,  21.3,   0.9, 0.099
2025-11-04 10:54:35,        0,  33.3,  13.0,  24.3, 13.308, 12.655,  0.169,  71538.7,  1,  21.2,   0.9, 0.099
2025-11-04 10:54:36,        0,  34.7,  17.0,  24.3, 17.341, 17.051,  0.296,  87618.8,  1,  21.2,   0.9, 0.099
2025-11-04 10:54:37,        0,  36.8,  23.5,  24.3, 19.435, 19.367,  0.380, 106124.2,  1,  21.3,   0.9, 0.099
2025-11-04 10:54:38,        0,  35.4,  19.3,  24.3, 21.467, 21.614,  0.465, 128114.3,  1,  21.3,   0.9, 0.099
2025-11-04 10:54:39,        0,  36.2,  21.7,  24.3, 23.128, 23.469,  0.543, 154387.7,  1,  21.3,   0.9, 0.099
2025-11-04 10:54:40,        0,  37.6,  25.9,  24.3, 26.841, 27.582,  0.742, 179801.9,  1,  21.3,   0.9, 0.099
2025-11-04 10:54:41,        0,  37.2,  24.5,  24.3, 26.699, 27.493,  0.734, 205170.8,  1,  21.3,   0.9, 0.099
2025-11-04 10:54:42,        0,  36.6,  22.7,  24.3, 23.156, 23.608,  0.549, 228113.4,  1,  21.3,   0.9, 0.100
2025-11-04 10:54:43,        0,  39.4,  31.2,  24.3, 28.671, 29.731,  0.855, 262252.8,  1,  21.3,   0.9, 0.100
2025-11-04 10:54:44,        0,  38.2,  27.6,  24.3, 29.023, 30.219,  0.877, 292244.4,  1,  21.2,   0.9, 0.100
2025-11-04 10:54:45,        0,  35.4,  19.2,  24.4, 27.323, 28.339,  0.785, 320369.1,  1,  21.3,   1.0, 0.104
2025-11-04 10:54:46,        0,  38.5,  28.6,  24.3, 30.557, 31.985,  0.988, 349374.1,  1,  21.3,   0.9, 0.105
2025-11-04 10:54:47,        0,  38.7,  29.1,  24.3, 32.828, 34.604,  1.144, 389020.2,  1,  21.3,   0.9, 0.104
2025-11-04 10:54:48,        0,  38.6,  28.9,  24.3, 33.849, 35.845,  1.215, 421916.2,  1,  21.3,   1.0, 0.101
2025-11-04 10:54:49,        0,  38.8,  29.4,  24.3, 28.438, 29.847,  0.856, 451497.4,  1,  21.3,   0.9, 0.100
2025-11-04 10:54:50,        0,  38.4,  28.2,  24.3, 28.835, 30.299,  0.885, 481960.0,  1,  21.3,   1.0, 0.100
2025-11-04 10:54:51,        0,  37.6,  25.9,  24.3, 23.568, 24.378,  0.586, 512383.4,  1,  21.3,   1.0, 0.100
2025-11-04 10:54:52,        0,  35.8,  20.5,  24.3, 23.742, 24.541,  0.588, 537835.7,  1,  21.3,   1.0, 0.100
2025-11-04 10:54:53,        0,  36.7,  23.0,  24.3, 23.422, 24.154,  0.569, 562571.5,  1,  21.2,   1.0, 0.100
2025-11-04 10:54:54,        0,  35.5,  19.5,  24.3, 24.145, 24.936,  0.607, 586298.0,  1,  21.3,   1.0, 0.100
2025-11-04 10:54:55,        0,  36.1,  21.2,  24.3, 26.291, 27.316,  0.720, 617435.1,  1,  21.3,   1.0, 0.100
2025-11-04 10:54:56,        0,  36.6,  22.9,  24.4, 24.280, 25.064,  0.613, 640847.5,  1,  21.3,   1.0, 0.100
2025-11-04 10:54:57,        0,  34.1,  15.3,  24.4, 26.095, 27.105,  0.707, 665336.4,  1,  21.2,   1.0, 0.100
2025-11-04 10:54:58,        0,  37.3,  25.0,  24.3, 19.868, 20.126,  0.401, 684766.4,  1,  21.3,   1.0, 0.100
2025-11-04 10:54:59,        0,  34.6,  16.7,  24.3, 26.338, 27.315,  0.722, 715186.3,  1,  21.3,   0.9, 0.100
2025-11-04 10:55:00,        0,  37.1,  24.2,  24.3, 20.904, 22.247,  0.488, 735676.6,  1,  21.2,   1.0, 0.100
2025-11-04 10:55:01,        0,  36.2,  21.5,  24.3, 24.310, 25.036,  0.612, 760314.6,  1,  21.3,   0.9, 0.100
2025-11-04 10:55:02,        0,  35.0,  18.0,  24.3, 19.136, 19.248,  0.371, 781501.6,  1,  21.3,   1.0, 0.100
2025-11-04 10:55:03,        0,  35.9,  20.8,  24.4, 21.821, 22.222,  0.488, 808633.0,  1,  21.3,   1.0, 0.100
2025-11-04 10:55:04,        0,  35.4,  19.3,  24.4, 21.535, 21.905,  0.479, 827910.2,  1,  21.3,   0.9, 0.100
2025-11-04 10:55:05,        0,  35.0,  18.0,  24.3, 18.154, 18.135,  0.349, 847576.1,  1,  21.3,   1.0, 0.100
2025-11-04 10:55:06,        0,  35.1,  18.2,  24.4, 21.040, 21.318,  0.450, 867926.2,  1,  21.3,   1.0, 0.100
2025-11-04 10:55:07,        0,  33.5,  13.5,  24.4, 20.556, 20.774,  0.436, 892369.7,  1,  21.3,   1.0, 0.100
2025-11-04 10:55:08,        0,  36.0,  21.0,  24.4, 22.297, 22.692,  0.506, 912345.3,  1,  21.3,   1.0, 0.100
2025-11-04 10:55:09,        0,  34.7,  17.2,  24.4, 25.430, 26.178,  0.669, 935434.6,  1,  21.2,   1.0, 0.100
2025-11-04 10:55:10,        0,  35.3,  19.0,  24.3, 22.055, 22.426,  0.495, 956683.5,  1,  21.3,   1.0, 0.100
2025-11-04 10:55:11,        0,  37.2,  24.5,  24.4, 19.702, 19.805,  0.391, 980863.2,  1,  21.3,   1.0, 0.100
2025-11-04 10:55:12,        0,  34.1,  15.2,  24.4, 24.005, 24.558,  0.598,1004272.0,  1,  21.3,   1.0, 0.100
2025-11-04 10:55:13,        0,  35.5,  19.5,  24.4, 20.199, 20.321,  0.419,1021855.0,  1,  21.3,   1.0, 0.100
2025-11-04 10:55:14,        0,  34.3,  15.8,  24.4, 19.497, 19.531,  0.397,1042841.8,  1,  21.3,   1.0, 0.100
2025-11-04 10:55:15,        0,  36.8,  23.5,  24.3, 21.472, 21.719,  0.479,1068822.4,  1,  21.3,   1.0, 0.100
2025-11-04 10:55:16,        0,  37.7,  26.0,  24.4, 28.688, 29.736,  0.857,1092976.9,  1,  21.3,   1.0, 0.100
2025-11-04 10:55:17,        0,  35.8,  20.5,  24.4, 19.536, 19.593,  0.398,1114127.6,  1,  21.3,   1.0, 0.100
2025-11-04 10:55:18,        0,  37.0,  24.0,  24.4, 27.733, 28.706,  0.800,1139081.2,  1,  21.2,   1.0, 0.100
2025-11-04 10:55:19,        0,  36.5,  22.4,  24.4, 27.921, 28.929,  0.809,1167287.3,  1,  21.3,   1.0, 0.100
2025-11-04 10:55:20,        0,  38.6,  28.7,  24.4, 29.670, 30.931,  0.919,1200748.0,  1,  21.3,   1.0, 0.100
2025-11-04 10:55:21,        0,  37.2,  24.5,  24.3, 30.455, 31.852,  0.970,1230587.0,  1,  21.3,   1.0, 0.100
2025-11-04 10:55:22,        0,  41.0,  35.9,  24.4, 32.499, 34.218,  1.113,1261936.1,  1,  21.3,   1.0, 0.100
2025-11-04 10:55:23,        0,  38.1,  27.4,  24.4, 34.975, 37.099,  1.301,1297572.6,  1,  21.3,   1.0, 0.100
2025-11-04 10:55:24,        0,  39.0,  30.1,  24.4, 29.572, 31.037,  0.946,1333093.2,  1,  21.3,   1.0, 0.100
2025-11-04 10:55:25,        0,  40.8,  35.4,  24.4, 38.193, 40.809,  1.560,1370114.2,  1,  21.3,   1.0, 0.100
2025-11-04 10:55:26,        0,  41.0,  35.9,  24.4, 34.115, 36.295,  1.244,1404697.7,  1,  21.3,   1.0, 0.100
2025-11-04 10:55:27,        0,  39.5,  31.4,  24.4, 33.389, 35.538,  1.197,1441087.2,  1,  21.3,   1.0, 0.100
2025-11-04 10:55:28,        0,  42.5,  40.6,  24.4, 40.606, 43.777,  1.796,1488143.9,  1,  21.3,   1.0, 0.100
2025-11-04 10:55:29,        0,  36.7,  23.2,  24.4, 39.690, 42.898,  1.707,1529896.4,  1,  21.3,   1.0, 0.100
2025-11-04 10:55:30,        0,  42.5,  40.4,  24.4, 37.786, 40.754,  1.557,1566901.9,  1,  21.2,   1.0, 0.100
2025-11-04 10:55:31,        0,  43.0,  42.1,  24.4, 34.024, 36.643,  1.314,1606638.4,  1,  21.2,   1.0, 0.100
2025-11-04 10:55:32,        0,  44.9,  47.8,  24.4, 38.695, 41.975,  1.628,1656016.0,  1,  21.3,   1.0, 0.100
2025-11-04 10:55:33,        0,  45.0,  48.0,  24.4, 35.769, 38.636,  1.384,1697214.4,  1,  21.2,   1.0, 0.100
2025-11-04 10:55:34,        0,  45.0,  48.0,  24.5, 45.243, 49.682,  2.251,1745686.2,  1,  21.3,   0.9, 0.100
2025-11-04 10:55:35,        0,  41.9,  38.8,  24.4, 43.061, 47.303,  2.041,1790377.9,  1,  21.2,   1.0, 0.100
2025-11-04 10:55:36,        0,  43.5,  43.6,  24.4, 36.737, 40.095,  1.557,1832173.6,  1,  21.3,   1.0, 0.100
2025-11-04 10:55:37,        0,  42.3,  39.8,  24.5, 45.819, 50.662,  2.326,1889519.4,  1,  21.2,   1.0, 0.100
2025-11-04 10:55:38,        0,  41.8,  38.3,  24.5, 47.399, 52.588,  2.497,1936629.7,  1,  21.3,   1.0, 0.100
2025-11-04 10:55:39,        0,  42.3,  39.8,  24.5, 45.590, 50.488,  2.306,1981559.4,  1,  21.2,   0.9, 0.100
2025-11-04 10:55:40,        0,  47.4,  55.2,  24.5, 45.237, 50.134,  2.275,2030218.1,  1,  21.2,   0.9, 0.100
2025-11-04 10:55:41,        0,  39.6,  31.9,  24.5, 47.401, 52.997,  2.522,2094598.8,  1,  21.3,   0.9, 0.100
2025-11-04 10:55:42,        0,  47.6,  55.9,  24.5, 37.866, 41.794,  1.597,2138975.8,  1,  21.3,   0.9, 0.100
2025-11-04 10:55:43,        0,  40.7,  35.1,  24.5, 38.772, 43.010,  1.671,2186243.6,  1,  21.3,   0.9, 0.100
2025-11-04 10:55:44,        0,  50.2,  63.7,  24.5, 40.777, 45.150,  1.848,2229822.4,  1,  21.2,   0.9, 0.100
2025-11-04 10:55:45,        0,  45.4,  49.2,  24.5, 47.649, 53.420,  2.559,2296686.9,  1,  21.2,   0.9, 0.100
2025-11-04 10:55:46,        0,  42.6,  40.9,  24.5, 36.082, 39.978,  1.518,2337474.3,  1,  21.3,   0.9, 0.100
2025-11-04 10:55:47,        0,  42.9,  41.6,  24.5, 39.899, 44.407,  1.795,2381447.3,  1,  21.2,   0.9, 0.100
2025-11-04 10:55:48,        0,  37.2,  24.5,  24.5, 41.505, 46.295,  1.972,2423929.3,  1,  21.3,   0.9, 0.100
2025-11-04 10:55:49,        0,  45.1,  48.2,  24.5, 43.056, 47.981,  2.074,2473349.2,  1,  21.2,   0.9, 0.100
2025-11-04 10:55:50,        0,  37.3,  24.9,  24.5, 35.440, 39.043,  1.388,2513967.7,  1,  21.2,   0.9, 0.100
2025-11-04 10:55:51,        0,  43.9,  44.6,  24.5, 51.792, 58.047,  3.061,2558806.0,  1,  21.2,   0.9, 0.100
2025-11-04 10:55:52,        0,  42.6,  40.8,  24.5, 33.105, 36.226,  1.207,2596177.4,  1,  21.3,   0.9, 0.100
2025-11-04 10:55:53,        0,  41.1,  36.3,  24.5, 49.139, 55.015,  2.706,2653119.6,  1,  21.2,   0.9, 0.100
2025-11-04 10:55:54,        0,  42.1,  39.3,  24.5, 40.759, 45.181,  1.842,2695082.6,  1,  21.3,   0.9, 0.100
2025-11-04 10:55:55,        0,  45.7,  50.2,  24.5, 37.599, 41.401,  1.559,2735388.8,  1,  21.3,   0.9, 0.100
2025-11-04 10:55:56,        0,  43.5,  43.5,  24.5, 42.447, 47.062,  2.003,2782451.1,  1,  21.3,   0.9, 0.100
2025-11-04 10:55:57,        0,  46.3,  51.8,  24.5, 42.096, 46.654,  1.985,2825296.7,  1,  21.2,   0.9, 0.100
2025-11-04 10:55:58,        0,  34.7,  17.0,  24.5, 41.472, 46.150,  1.943,2881286.1,  1,  21.2,   0.9, 0.100
2025-11-04 10:55:59,        0,  42.7,  41.1,  24.5, 47.409, 52.859,  2.508,2920064.4,  1,  21.3,   0.9, 0.100
2025-11-04 10:56:00,        0,  45.1,  48.2,  24.5, 41.930, 46.430,  1.952,2964522.8,  1,  21.2,   0.9, 0.100
2025-11-04 10:56:01,        0,  45.7,  50.2,  24.6, 40.963, 45.365,  1.866,3009940.4,  1,  21.3,   0.9, 0.100
2025-11-04 10:56:02,        0,  43.3,  42.8,  24.5, 43.725, 48.752,  2.142,3069328.5,  1,  21.2,   0.9, 0.100
2025-11-04 10:56:03,        0,  44.5,  46.5,  24.6, 43.009, 47.934,  2.062,3116751.4,  1,  21.2,   0.9, 0.100
2025-11-04 10:56:04,        0,  41.9,  38.8,  24.5, 36.686, 40.492,  1.502,3156976.6,  1,  21.3,   0.9, 0.100
2025-11-04 10:56:05,        0,  41.4,  37.3,  24.6, 43.415, 48.378,  2.103,3200710.0,  1,  21.2,   0.9, 0.100
2025-11-04 10:56:06,        0,  39.9,  32.7,  24.5, 40.114, 44.583,  1.814,3253391.5,  1,  21.2,   0.9, 0.100
2025-11-04 10:56:07,        0,  42.0,  38.9,  24.5, 41.538, 46.139,  1.921,3293692.1,  1,  21.3,   0.9, 0.100
2025-11-04 10:56:08,        0,  42.8,  41.3,  24.6, 34.230, 37.558,  1.309,3330034.6,  1,  21.2,   0.9, 0.100
2025-11-04 10:56:09,        0,  41.6,  37.8,  24.6, 43.598, 48.399,  2.111,3375460.3,  1,  21.2,   0.9, 0.100
2025-11-04 10:56:10,        0,  41.3,  36.8,  24.6, 38.259, 42.176,  1.337,3423255.0,  1,  21.2,   0.9, 0.100
2025-11-04 10:56:11,        0,  37.3,  25.0,  24.6, 37.821, 41.617,  1.585,3462154.3,  1,  21.2,   0.9, 0.100
2025-11-04 10:56:12,        0,  37.0,  23.9,  24.5, 29.901, 32.277,  0.967,3489476.2,  1,  21.2,   0.9, 0.100
2025-11-04 10:56:13,        0,  41.8,  38.3,  24.6, 33.237, 36.010,  1.231,3526043.7,  1,  21.2,   1.0, 0.100
2025-11-04 10:56:14,        0,  42.5,  40.4,  24.6, 33.290, 36.127,  1.206,3570767.9,  1,  21.2,   0.9, 0.100
2025-11-04 10:56:15,        0,  37.7,  26.0,  24.6, 34.425, 37.265,  1.284,3609772.6,  1,  21.2,   0.9, 0.100
2025-11-04 10:56:16,        0,  40.1,  33.3,  24.6, 39.383, 42.842,  1.690,3647192.4,  1,  21.2,   0.9, 0.100
2025-11-04 10:56:17,        0,  38.7,  29.2,  24.6, 31.271, 33.568,  1.051,3681064.1,  1,  21.2,   0.9, 0.100
2025-11-04 10:56:18,        0,  35.7,  20.0,  24.6, 26.854, 28.380,  0.772,3710315.2,  1,  21.2,   0.9, 0.100
2025-11-04 10:56:19,        0,  36.8,  23.4,  24.6, 28.691, 30.424,  0.892,3742768.3,  1,  21.2,   0.9, 0.100
2025-11-04 10:56:20,        0,  40.4,  34.1,  24.6, 34.981, 37.451,  1.314,3775123.3,  1,  21.2,   0.9, 0.100
2025-11-04 10:56:21,        0,  39.8,  32.4,  24.6, 32.554, 34.711,  1.133,3809551.5,  1,  21.2,   0.9, 0.100
2025-11-04 10:56:22,        0,  37.9,  26.7,  24.6, 33.209, 35.460,  1.178,3842600.1,  1,  21.2,   0.9, 0.100
2025-11-04 10:56:23,        0,  37.6,  25.7,  24.6, 32.428, 34.534,  1.120,3881561.7,  1,  21.2,   0.9, 0.100
2025-11-04 10:56:24,        0,  37.2,  24.7,  24.6, 28.481, 30.024,  0.857,3910748.3,  1,  21.2,   0.9, 0.100
2025-11-04 10:56:25,        0,  39.8,  32.4,  24.6, 25.048, 25.992,  0.665,3935405.4,  1,  21.2,   0.9, 0.100
2025-11-04 10:56:26,        0,  38.1,  27.2,  24.7, 33.402, 35.406,  1.185,3967920.9,  1,  21.2,   0.9, 0.100
2025-11-04 10:56:27,        0,  38.1,  27.2,  24.6, 30.440, 32.056,  0.991,3997881.6,  1,  21.2,   0.9, 0.100
2025-11-04 10:56:28,        0,  38.2,  27.7,  24.6, 27.073, 28.200,  0.768,4030858.1,  1,  21.2,   0.9, 0.100
2025-11-04 10:56:29,        0,  37.4,  25.2,  24.7, 27.713, 28.868,  0.802,4056518.9,  1,  21.2,   0.9, 0.100
2025-11-04 10:56:30,        0,  38.7,  29.1,  24.7, 31.877, 33.503,  1.068,4086875.6,  1,  21.2,   0.9, 0.100
2025-11-04 10:56:31,        0,  36.8,  23.4,  24.6, 28.201, 29.385,  0.829,4115913.4,  1,  21.2,   0.9, 0.100
2025-11-04 10:56:32,        0,  36.6,  22.9,  24.6, 29.341, 30.638,  0.908,4149705.1,  1,  21.2,   0.9, 0.100
2025-11-04 10:56:33,        0,  39.1,  30.4,  24.7, 26.230, 27.088,  0.711,4176616.0,  1,  21.2,   0.9, 0.100
2025-11-04 10:56:34,        0,  36.0,  20.9,  24.7, 22.056, 22.423,  0.501,4202887.8,  1,  21.2,   0.9, 0.100
2025-11-04 10:56:35,        0,  37.8,  26.4,  24.6, 25.767, 26.539,  0.684,4227530.2,  1,  21.2,   0.9, 0.100
2025-11-04 10:56:36,        0,  35.7,  20.0,  24.7, 15.485, 15.023,  0.238,4251651.2,  1,  21.2,   0.9, 0.100
2025-11-04 10:56:37,        0,  36.0,  20.9,  24.7, 23.586, 23.965,  0.576,4274195.2,  1,  21.2,   0.9, 0.100
2025-11-04 10:56:38,        0,  37.2,  24.7,  24.6, 23.879, 24.296,  0.582,4298760.9,  1,  21.2,   0.9, 0.100
2025-11-04 10:56:39,        0,  35.7,  20.2,  24.7, 22.153, 22.397,  0.502,4322211.4,  1,  21.2,   0.9, 0.100
2025-11-04 10:56:40,        0,  35.4,  19.2,  24.6, 24.004, 24.431,  0.592,4344507.6,  1,  21.2,   0.9, 0.100
2025-11-04 10:56:41,        0,  33.9,  14.7,  24.7, 23.738, 24.102,  0.573,4372553.9,  1,  21.2,   0.9, 0.100
2025-11-04 10:56:42,        0,  31.2,   6.6,  24.7, 23.919, 24.260,  0.580,4393359.0,  1,  21.2,   0.9, 0.100
2025-11-04 10:56:43,        0,  35.8,  20.3,  24.7, 22.410, 22.566,  0.536,4412743.9,  1,  21.2,   0.9, 0.100
2025-11-04 10:56:44,        0,  34.4,  16.2,  24.7, 22.085, 22.217,  0.493,4434529.3,  1,  21.2,   0.9, 0.100
2025-11-04 10:56:45,        0,  36.0,  21.0,  24.7, 13.838, 13.076,  0.190,4454026.8,  1,  21.2,   0.9, 0.100
2025-11-04 10:56:46,        0,  32.7,  11.0,  24.7, 23.770, 23.968,  0.574,4475617.8,  1,  21.2,   1.0, 0.100
2025-11-04 10:56:47,        0,  36.2,  21.7,  24.7, 18.939, 18.624,  0.354,4492377.0,  1,  21.2,   1.0, 0.100
2025-11-04 10:56:48,        0,  35.1,  18.2,  24.7, 20.509, 20.352,  0.422,4512090.4,  1,  21.2,   0.9, 0.100
2025-11-04 10:56:49,        0,  34.1,  15.3,  24.7, 22.875, 22.903,  0.526,4536404.2,  1,  21.2,   1.0, 0.100
2025-11-04 10:56:50,        0,  34.1,  15.2,  24.7, 19.737, 19.448,  0.386,4553418.6,  1,  21.2,   1.0, 0.100
2025-11-04 10:56:51,        0,  34.9,  17.7,  24.7, 17.024, 16.439,  0.284,4569410.4,  1,  21.2,   1.0, 0.100
2025-11-04 10:56:52,        0,  33.3,  12.8,  24.7, 19.595, 19.260,  0.380,4586552.7,  1,  21.2,   1.0, 0.100
2025-11-04 10:56:53,        0,  35.5,  19.5,  24.7, 21.976, 21.836,  0.481,4609593.3,  1,  21.2,   1.0, 0.100
2025-11-04 10:56:54,        0,  34.7,  17.2,  24.7, 17.337, 16.800,  0.301,4627489.9,  1,  21.2,   1.0, 0.100
2025-11-04 10:56:55,        0,  34.0,  15.0,  24.7, 14.838, 14.071,  0.216,4644105.8,  1,  21.2,   1.0, 0.100
2025-11-04 10:56:56,        0,  31.5,   7.5,  24.7, 16.595, 15.946,  0.266,4659869.6,  1,  21.2,   1.0, 0.100
2025-11-04 10:56:57,        0,  34.3,  15.8,  24.7, 16.873, 16.212,  0.276,4674726.5,  1,  21.2,   1.0, 0.100
2025-11-04 10:56:58,        0,  33.3,  12.8,  24.7, 17.176, 16.527,  0.295,4694230.4,  1,  21.2,   1.0, 0.100
2025-11-04 10:56:59,        0,  33.6,  13.7,  24.7, 17.932, 17.359,  0.312,4710190.8,  1,  21.2,   1.0, 0.100
2025-11-04 10:57:00,        0,  32.4,  10.2,  24.7, 13.457, 12.503,  0.169,4724052.4,  1,  21.2,   1.0, 0.100
2025-11-04 10:57:01,        0,  33.1,  12.3,  24.7, 13.489, 12.542,  0.181,4735698.2,  1,  21.2,   1.0, 0.100
2025-11-04 10:57:02,        0,  32.7,  11.0,  24.7, 15.047, 14.199,  0.214,4752565.5,  1,  21.2,   1.0, 0.100
2025-11-04 10:57:03,        0,  31.1,   6.4,  24.7, 17.882, 17.275,  0.311,4766668.9,  1,  21.2,   1.0, 0.100
2025-11-04 10:57:04,        0,  32.7,  11.1,  24.7, 14.454, 13.545,  0.202,4777885.1,  1,  21.1,   1.0, 0.100
2025-11-04 10:57:05,        0,  34.2,  15.5,  24.7, 17.286, 16.589,  0.287,4792208.6,  1,  21.2,   0.9, 0.100
2025-11-04 10:57:06,        0,  32.9,  11.8,  24.7, 14.532, 13.624,  0.199,4807043.3,  1,  21.2,   0.9, 0.100
2025-11-04 10:57:07,        0,  32.7,  11.0,  24.7, 13.663, 12.677,  0.173,4821486.5,  1,  21.2,   0.9, 0.100
2025-11-04 10:57:08,        0,  30.1,   3.4,  24.7, 14.978, 14.084,  0.214,4834872.9,  1,  21.2,   0.9, 0.100
2025-11-04 10:57:09,        0,  33.0,  12.1,  24.7,  9.735,  8.463,  0.087,4843704.0,  1,  21.2,   0.9, 0.100
2025-11-04 10:57:10,        0,  33.0,  12.1,  24.7, 14.225, 13.267,  0.190,4857118.4,  1,  21.2,   0.9, 0.100
2025-11-04 10:57:11,        0,  32.8,  11.5,  24.7, 14.689, 13.760,  0.202,4872884.8,  1,  21.2,   0.9, 0.100
2025-11-04 10:57:12,        0,  32.9,  11.8,  24.7, 13.628, 12.607,  0.173,4885200.3,  1,  21.2,   0.9, 0.100
2025-11-04 10:57:13,        0,  33.5,  13.5,  24.7, 14.051, 13.054,  0.184,4898085.0,  1,  21.2,   0.9, 0.100
2025-11-04 10:57:14,        0,  30.7,   5.1,  24.7, 13.830, 12.821,  0.182,4909887.1,  1,  21.2,   0.9, 0.100
2025-11-04 10:57:15,        0,  31.7,   8.1,  24.7, 10.956,  9.743,  0.110,4921021.6,  1,  21.2,   0.9, 0.100
2025-11-04 10:57:16,        0,  31.5,   7.6,  24.7, 13.251, 12.173,  0.162,4931585.4,  1,  21.2,   0.9, 0.100
2025-11-04 10:57:17,        0,  32.2,   9.6,  24.7, 13.204, 12.122,  0.161,4942323.8,  1,  21.2,   0.9, 0.100
2025-11-04 10:57:18,        0,  32.3,   9.8,  24.7, 14.873, 13.910,  0.208,4954224.0,  1,  21.2,   0.9, 0.100
2025-11-04 10:57:19,        0,  30.3,   3.9,  24.7, 10.392,  9.134,  0.098,4963819.6,  1,  21.2,   0.9, 0.100
2025-11-04 10:57:20,        0,  31.1,   6.3,  24.7, 12.087, 10.930,  0.133,4975532.1,  1,  21.2,   0.9, 0.100
2025-11-04 10:57:21,        0,  31.1,   6.4,  24.7,  8.338,  6.952,  0.058,4982924.5,  1,  21.2,   0.9, 0.100
2025-11-04 10:57:22,        0,  31.3,   6.8,  24.7,  8.070,  6.675,  0.054,4989717.2,  1,  21.1,   0.9, 0.100
2025-11-04 10:57:23,        0,  31.8,   8.5,  24.7, 10.979,  9.750,  0.108,4999748.7,  1,  21.2,   0.9, 0.100
2025-11-04 10:57:24,        0,  32.2,   9.6,  24.7, 10.234,  8.955,  0.092,5011315.3,  1,  21.2,   0.9, 0.100
2025-11-04 10:57:25,        0,  32.0,   9.0,  24.7,  7.861,  6.460,  0.059,5019703.0,  1,  21.2,   0.9, 0.100
2025-11-04 10:57:26,        0,  31.8,   8.5,  24.7, 10.955,  9.713,  0.107,5029516.2,  1,  21.2,   0.9, 0.100
2025-11-04 10:57:27,        0,  31.3,   7.0,  24.7, 11.404, 10.190,  0.116,5039130.2,  1,  21.2,   0.9, 0.100
2025-11-04 10:57:28,        0,  31.4,   7.3,  24.7,  9.393,  8.069,  0.077,5048589.2,  1,  21.2,   0.9, 0.100
2025-11-04 10:57:29,        0,  31.8,   8.3,  24.7, 10.976,  9.740,  0.107,5057893.1,  1,  21.2,   0.9, 0.100
2025-11-04 10:57:30,        0,  31.3,   7.0,  24.7, 10.506,  9.240,  0.098,5067243.5,  1,  21.2,   0.9, 0.100
2025-11-04 10:57:31,        0,  30.6,   4.9,  24.7,  6.704,  5.249,  0.039,5073384.9,  1,  21.1,   0.9, 0.100
2025-11-04 10:57:32,        0,  29.8,   2.4,  24.7, 10.795,  4.031,  0.026,5081239.6,  1,  21.1,   0.9, 0.100
2025-11-04 10:57:33,        0,  31.5,   7.6,  24.7,  8.214,  6.899,  0.066,5085610.4,  1,  21.2,   0.9, 0.100
2025-11-04 10:57:34,        0,  31.1,   6.4,  24.7,  8.996,  7.662,  0.069,5093759.7,  1,  21.2,   0.9, 0.100
2025-11-04 10:57:35,        0,  31.6,   7.8,  24.7,  9.226,  7.901,  0.073,5101483.2,  1,  21.2,   0.9, 0.100
2025-11-04 10:57:36,        0,  31.5,   7.5,  24.7,  6.702,  5.246,  0.035,5108824.9,  1,  21.2,   0.9, 0.100
2025-11-04 10:57:37,        0,  30.5,   4.6,  24.7,  9.397,  8.082,  0.076,5117169.9,  1,  21.1,   0.9, 0.100
2025-11-04 10:57:38,        0,  30.7,   5.0,  24.7,  4.293,  2.768,  0.014,5120812.3,  1,  21.2,   0.9, 0.100
2025-11-04 10:57:39,        0,  29.6,   1.8,  24.7, 10.202,  8.945,  0.091,5128120.4,  1,  21.2,   1.0, 0.100
2025-11-04 10:57:40,        0,  30.4,   4.1,  24.7,  5.593,  4.122,  0.025,5131664.3,  1,  21.2,   1.0, 0.100
2025-11-04 10:57:41,        0,  31.3,   7.0,  24.7,  7.837,  6.450,  0.051,5137783.1,  1,  21.1,   0.9, 0.100
2025-11-04 10:57:42,        0,  31.3,   7.0,  24.7,  8.838,  7.505,  0.067,5144276.1,  1,  21.2,   1.0, 0.100
2025-11-04 10:57:43,        0,  30.9,   5.8,  24.7,  9.857,  8.578,  0.085,5152334.5,  1,  21.2,   1.0, 0.100
2165-165-165 45:165:85,        0,  30.4,   4.1,  24.7,  7.081,  5.657,  0.041,5159472.5,  1,  21.2,   1.0, 0.100
2025-11-04 10:57:45,        0,  29.4,   1.1,  24.7,  8.525,  7.179,  0.063,5164848.3,  1,  21.2,   1.0, 0.100
2025-11-04 10:57:46,        0,  31.1,   6.4,  24.7,  6.727,  5.344,  0.044,5169967.9,  1,  21.1,   1.0, 0.100
2025-11-04 10:57:47,        0,  30.8,   5.3,  24.7,  6.838,  5.400,  0.037,5176505.0,  1,  21.2,   1.0, 0.100
2025-11-04 10:57:48,        0,  30.8,   5.4,  24.7,  8.292,  6.929,  0.058,5184211.7,  1,  21.2,   1.0, 0.100
2025-11-04 10:57:49,        0,  30.0,   3.1,  24.7,  6.845,  5.421,  0.040,5189554.8,  1,  21.2,   1.0, 0.100
2025-11-04 10:57:50,        0,  30.8,   5.3,  24.7,  7.624,  6.235,  0.049,5194815.7,  1,  21.2,   1.0, 0.100
2025-11-04 10:57:51,        0,  30.5,   4.6,  24.7,  7.913,  6.539,  0.052,5200513.7,  1,  21.2,   1.0, 0.100
2025-11-04 10:57:52,        0,  30.2,   3.6,  24.7,  6.527,  5.085,  0.034,5205797.2,  1,  21.1,   1.0, 0.100
2025-11-04 10:57:53,        0,  30.6,   4.8,  24.7,  7.374,  5.974,  0.044,5212423.5,  1,  21.1,   1.0, 0.100
2025-11-04 10:57:54,        0,  30.3,   3.8,  24.7,  7.276,  5.870,  0.043,5218120.7,  1,  21.1,   1.0, 0.100
2025-11-04 10:57:55,        0,  29.9,   2.6,  24.7,  6.971,  5.552,  0.039,5223295.3,  1,  21.2,   1.0, 0.100
2025-11-04 10:57:56,        0,  30.6,   4.9,  24.7,  5.852,  4.382,  0.026,5227579.3,  1,  21.2,   1.0, 0.100
2025-11-04 10:57:57,        0,  30.5,   4.6,  24.7,  6.196,  4.749,  0.031,5234045.1,  1,  21.2,   1.0, 0.100
2025-11-04 10:57:58,        0,  29.2,   0.6,  24.7,  4.558,  3.060,  0.016,5238322.8,  1,  21.1,   1.0, 0.100
2025-11-04 10:57:59,        0,  30.4,   4.1,  24.6,  3.133,  1.737,  0.011,5240180.2,  1,  21.1,   0.9, 0.100
2025-11-04 10:58:00,        0,  30.3,   3.9,  24.7,  6.119,  4.671,  0.029,5245014.0,  1,  21.2,   1.0, 0.100
2025-11-04 10:58:01,        0,  30.4,   4.3,  24.7,  6.413,  4.980,  0.032,5249833.2,  1,  21.2,   1.0, 0.100
2025-11-04 10:58:02,        0,  30.1,   3.4,  24.7,  7.760,  6.394,  0.050,5256796.1,  1,  21.1,   1.0, 0.100
2025-11-04 10:58:03,        0,  29.6,   1.9,  24.7,  6.605,  5.183,  0.034,5261650.9,  1,  21.1,   0.9, 0.100
2025-11-04 10:58:04,        0,  28.9,   0.0,  24.6,  4.833,  3.372,  0.019,5263857.8,  1,  21.2,   1.0, 0.100
2025-11-04 10:58:05,        0,  29.5,   1.6,  24.7,  1.439,  0.084,  0.000,5264003.2,  1,  21.2,   1.0, 0.100
2025-11-04 10:58:06,        0,  29.8,   2.4,  24.7,  4.512,  3.156,  0.019,5266263.4,  1,  21.2,   1.0, 0.100
2025-11-04 10:58:07,        0,  30.5,   4.6,  24.7,  6.088,  4.653,  0.029,5270732.2,  1,  21.2,   1.0, 0.100
2025-11-04 10:58:08,        0,  29.8,   2.4,  24.7,  7.262,  5.883,  0.043,5276126.8,  1,  21.1,   1.0, 0.100
2025-11-04 10:58:09,        0,  30.5,   4.6,  24.7,  4.540,  3.061,  0.017,5279346.3,  1,  21.2,   1.0, 0.100
2025-11-04 10:58:10,        0,  30.5,   4.4,  24.7,  6.288,  4.866,  0.033,5285377.5,  1,  21.2,   1.0, 0.100
2025-11-04 10:58:11,        0,  29.9,   2.6,  24.6,  5.003,  3.533,  0.020,5289356.4,  1,  21.2,   1.0, 0.100
2025-11-04 10:58:12,        0,  30.2,   3.6,  24.7,  4.637,  3.154,  0.016,5292450.6,  1,  21.2,   1.0, 0.100
2025-11-04 10:58:13,        0,  29.0,   0.0,  24.7,  6.613,  5.206,  0.035,5297124.8,  1,  21.2,   1.0, 0.100
2025-11-04 10:58:14,        0,  29.5,   1.6,  24.7,  4.825,  3.386,  0.020,5299221.1,  1,  21.2,   1.0, 0.100
2025-11-04 10:58:15,        0,  29.9,   2.8,  24.7,  3.663,  2.175,  0.010,5301107.8,  1,  21.2,   1.0, 0.100
2025-11-04 10:58:16,        0,  29.5,   1.6,  24.7,  3.938,  2.451,  0.012,5304443.4,  1,  21.2,   1.0, 0.100
2025-11-04 10:58:17,        0,  29.6,   1.8,  24.7,  3.610,  2.147,  0.012,5307290.7,  1,  21.1,   1.0, 0.100
2025-11-04 10:58:18,        0,  29.8,   2.4,  24.7,  1.444,  0.094,  0.000,5307812.1,  1,  21.1,   1.0, 0.100
2025-11-04 10:58:19,        0,  29.8,   2.4,  24.7,  3.737,  2.443,  0.015,5308923.5,  1,  21.2,   0.9, 0.100
2025-11-04 10:58:20,        0,  30.1,   3.3,  24.7,  2.573,  1.121,  0.005,5311364.8,  1,  21.2,   1.0, 0.100
2025-11-04 10:58:21,        0,  30.3,   3.9,  24.7,  6.479,  5.080,  0.033,5315940.5,  1,  21.2,   0.9, 0.100
2025-11-04 10:58:22,        0,  29.6,   1.8,  24.7,  6.141,  4.723,  0.029,5319804.5,  1,  21.1,   0.9, 0.100
2025-11-04 10:58:23,        0,  30.0,   2.9,  24.7,  6.035,  4.621,  0.029,5322662.3,  1,  21.2,   0.9, 0.100
2025-11-04 10:58:24,        0,  30.1,   3.3,  24.7,  6.058,  4.639,  0.028,5326557.0,  1,  21.1,   0.9, 0.100
2025-11-04 10:58:25,        0,  29.4,   1.3,  24.7,  2.216,  0.738,  0.002,5328428.7,  1,  21.1,   0.9, 0.100
2025-11-04 10:58:26,        0,  30.0,   2.9,  24.7,  1.661,  0.404,  0.002,5329921.0,  1,  21.2,   0.9, 0.100
2025-11-04 10:58:27,        0,  29.7,   2.1,  24.7,  1.692,  0.275,  0.001,5331706.4,  1,  21.1,   0.9, 0.100
2025-11-04 10:58:28,        0,  30.0,   3.0,  24.7,  3.283,  1.965,  0.011,5333630.0,  1,  21.2,   0.9, 0.100
2025-11-04 10:58:29,        0,  29.9,   2.6,  24.7,  5.564,  4.133,  0.023,5337516.7,  1,  21.2,   0.9, 0.100
2025-11-04 10:58:30,        0,  29.8,   2.5,  24.7,  5.537,  4.110,  0.023,5339857.0,  1,  21.2,   1.0, 0.100
2025-11-04 10:58:31,        0,  29.4,   1.1,  24.7,  1.412,  0.084,  0.000,5339972.6,  1,  21.1,   1.0, 0.100
2025-11-04 10:58:32,        0,  29.8,   2.4,  24.7,  2.214,  1.005,  0.006,5341457.1,  1,  21.1,   1.0, 0.100
2025-11-04 10:58:33,        0,  29.8,   2.4,  24.7,  2.821,  1.346,  0.005,5343860.2,  1,  21.2,   1.0, 0.100
2025-11-04 10:58:34,        0,  29.8,   2.4,  24.7,  5.462,  4.040,  0.022,5346176.1,  1,  21.2,   1.0, 0.100
2025-11-04 10:58:35,        0,  30.0,   2.9,  24.7,  1.395,  0.078,  0.000,5347115.7,  1,  21.1,   1.0, 0.100
2025-11-04 10:58:36,        0,  29.6,   1.9,  24.7,  1.723,  0.309,  0.001,5349371.3,  1,  21.1,   1.0, 0.100
2025-11-04 10:58:37,        0,  29.7,   2.1,  24.7,  2.401,  1.146,  0.007,5351012.9,  1,  21.1,   1.0, 0.100
2025-11-04 10:58:38,        0,  29.9,   2.6,  24.7,  1.987,  0.545,  0.001,5351669.2,  1,  21.2,   1.0, 0.100
2025-11-04 10:58:39,        0,  30.0,   2.9,  24.7,  5.505,  4.101,  0.023,5353734.0,  1,  21.1,   1.0, 0.100
2025-11-04 10:58:40,        0,  29.8,   2.3,  24.7,  6.052,  4.666,  0.028,5357938.0,  1,  21.1,   1.0, 0.100
2025-11-04 10:58:41,        0,  29.9,   2.6,  24.7,  5.823,  4.423,  0.026,5362237.1,  1,  21.1,   1.0, 0.100
2025-11-04 10:58:42,        0,  29.4,   1.3,  24.7,  4.802,  3.365,  0.018,5364877.4,  1,  21.2,   1.0, 0.100
2025-11-04 10:58:43,        0,  29.8,   2.4,  24.6,  1.214,  0.013,  0.000,5364923.9,  1,  21.1,   1.0, 0.100
2025-11-04 10:58:44,        0,  29.8,   2.3,  24.6,  1.120, -0.005,  0.000,5364921.4,  1,  21.1,   1.0, 0.100
2025-11-04 10:58:45,        0,  29.5,   1.4,  24.7,  1.056, -0.009,  0.000,5364911.7,  1,  21.1,   1.0, 0.100
2025-11-04 10:58:46,        0,  30.0,   2.9,  24.7,  1.026, -0.010,  0.000,5364902.5,  1,  21.1,   1.0, 0.100
2025-11-04 10:58:47,        0,  30.0,   2.9,  24.7,  5.735,  4.358,  0.025,5368336.6,  1,  21.1,   1.0, 0.100
2025-11-04 10:58:48,        0,  29.8,   2.4,  24.7,  1.836,  0.424,  0.001,5370243.0,  1,  21.1,   1.0, 0.100
2025-11-04 10:58:49,        0,  29.8,   2.4,  24.6,  1.473,  0.276,  0.002,5371640.7,  1,  21.1,   1.0, 0.100
2025-11-04 10:58:50,        0,  29.6,   1.9,  24.7,  5.097,  3.697,  0.020,5373887.5,  1,  21.1,   1.0, 0.100
2025-11-04 10:58:51,        0,  29.9,   2.6,  24.7,  1.338,  0.062,  0.000,5374040.5,  1,  21.1,   0.9, 0.100
2025-11-04 10:58:52,        0,  29.5,   1.4,  24.7,  1.146,  0.000,  0.000,5374040.9,  1,  21.1,   0.9, 0.100
2025-11-04 10:58:53,        0,  29.6,   1.8,  24.7,  3.272,  2.075,  0.012,5375669.1,  1,  21.1,   1.0, 0.100
2025-11-04 10:58:54,        0,  29.9,   2.8,  24.7,  1.517,  0.176,  0.000,5376708.0,  1,  21.2,   0.9, 0.100
2025-11-04 10:58:55,        0,  30.0,   2.9,  24.7,  2.230,  0.804,  0.002,5378902.0,  1,  21.1,   0.9, 0.100
2025-11-04 10:58:56,        0,  29.8,   2.3,  24.7,  5.627,  4.260,  0.024,5382144.1,  1,  21.1,   0.9, 0.100
2025-11-04 10:58:57,        0,  29.6,   1.9,  24.6,  1.393,  0.097,  0.000,5382262.3,  1,  21.1,   0.9, 0.100
2025-11-04 10:58:58,        0,  29.3,   0.8,  24.6,  1.105, -0.003,  0.000,5382261.8,  1,  21.1,   0.9, 0.100
2025-11-04 10:58:59,        0,  29.7,   2.1,  24.6,  1.052, -0.008,  0.000,5382253.5,  1,  21.1,   0.9, 0.100
2025-11-04 10:59:00,        0,  29.8,   2.3,  24.7,  0.999, -0.009,  0.000,5382244.7,  1,  21.1,   0.9, 0.100
2025-11-04 10:59:01,        0,  29.9,   2.8,  24.7,  2.951,  1.843,  0.011,5384159.1,  1,  21.1,   0.8, 0.100
2025-11-04 10:59:02,        0,  29.7,   2.1,  24.7,  5.248,  3.878,  0.022,5389016.0,  1,  21.1,   0.8, 0.100
2025-11-04 10:59:03,        0,  29.4,   1.3,  24.6,  3.638,  2.256,  0.012,5391846.1,  1,  21.1,   0.8, 0.100
2025-11-04 10:59:04,        0,  29.3,   0.9,  24.7,  3.168,  1.864,  0.011,5393171.3,  1,  21.1,   0.9, 0.100
2025-11-04 10:59:05,        0,  29.5,   1.6,  24.7,  1.396,  0.111,  0.000,5393617.6,  1,  21.1,   0.8, 0.100
2025-11-04 10:59:06,        0,  29.4,   1.1,  24.6,  1.129,  0.004,  0.000,5393623.5,  1,  21.1,   0.8, 0.100
2025-11-04 10:59:07,        0,  29.5,   1.6,  24.6,  1.031, -0.007,  0.000,5393616.4,  1,  21.1,   0.8, 0.100
2025-11-04 10:59:08,        0,  29.5,   1.6,  24.7,  0.993, -0.009,  0.000,5393607.6,  1,  21.1,   0.9, 0.100
2025-11-04 10:59:09,        0,  29.5,   1.6,  24.6,  0.946, -0.009,  0.000,5393599.6,  1,  21.1,   0.9, 0.100
2025-11-04 10:59:10,        0,  29.6,   1.9,  24.6,  0.918, -0.009,  0.000,5393590.4,  1,  21.1,   0.9, 0.100
2025-11-04 10:59:11,        0,  29.7,   2.1,  24.6,  0.879, -0.009,  0.000,5393579.9,  1,  21.1,   0.9, 0.100
2025-11-04 10:59:12,        0,  29.8,   2.4,  24.6,  0.857, -0.009,  0.000,5394012.4,  1,  21.1,   0.9, 0.100
2025-11-04 10:59:13,        0,  29.9,   2.6,  24.6,  1.746,  0.395,  0.001,5394581.1,  1,  21.1,   0.9, 0.100
2025-11-04 10:59:14,        0,  29.9,   2.6,  24.6,  3.182,  1.996,  0.011,5395776.4,  1,  21.1,   0.9, 0.100
2025-11-04 10:59:15,        0,  29.9,   2.8,  24.7,  2.575,  1.207,  0.006,5399202.5,  1,  21.1,   0.8, 0.100
2025-11-04 10:59:16,        0,  29.3,   0.9,  24.6,  3.285,  1.893,  0.008,5401790.0,  1,  21.1,   0.8, 0.100
2025-11-04 10:59:17,        0,  29.0,   0.0,  24.7,  1.213,  0.030,  0.000,5401833.2,  1,  21.1,   0.8, 0.100
2025-11-04 10:59:18,        0,  29.4,   1.1,  24.7,  1.080, -0.002,  0.000,5401830.2,  1,  21.1,   0.8, 0.100
2025-11-04 10:59:19,        0,  29.6,   1.8,  24.6,  1.002, -0.008,  0.000,5401823.1,  1,  21.1,   0.8, 0.100
2025-11-04 10:59:20,        0,  29.6,   1.9,  24.6,  0.950, -0.009,  0.000,5401813.5,  1,  21.1,   0.8, 0.100
2025-11-04 10:59:21,        0,  29.8,   2.3,  24.6,  0.922, -0.009,  0.000,5401805.1,  1,  21.1,   0.8, 0.100
2025-11-04 10:59:22,        0,  29.5,   1.4,  24.7,  0.894, -0.008,  0.000,5401796.7,  1,  21.1,   0.8, 0.100
2025-11-04 10:59:23,        0,  29.7,   2.1,  24.6,  0.867, -0.008,  0.000,5401788.7,  1,  21.1,   0.8, 0.100
2025-11-04 10:59:24,        0,  29.9,   2.8,  24.7,  0.832, -0.009,  0.000,5401777.4,  1,  21.1,   0.8, 0.100
2025-11-04 10:59:25,        0,  29.9,   2.6,  24.6,  2.535,  1.183,  0.005,5403664.2,  1,  21.1,   0.8, 0.100
2025-11-04 10:59:26,        0,  29.8,   2.3,  24.6,  5.395,  4.070,  0.022,5407232.0,  1,  21.1,   0.8, 0.100
2025-11-04 10:59:27,        0,  29.1,   0.4,  24.6,  1.168,  0.018,  0.000,5407380.7,  1,  21.1,   0.8, 0.100
2025-11-04 10:59:28,        0,  29.9,   2.6,  24.6,  1.057, -0.003,  0.000,5407379.1,  1,  21.1,   0.9,-1.000
2025-11-04 10:59:29,        0,  29.6,   1.9,  24.6,  1.002, -0.007,  0.000,5407372.3,  1,  21.1,   0.8, 0.100
2025-11-04 10:59:30,        0,  29.5,   1.6,  24.7,  0.946, -0.009,  0.000,5407364.8,  1,  21.1,   0.9, 0.100
2025-11-04 10:59:31,        0,  29.8,   2.3,  24.6,  0.914, -0.009,  0.000,5407356.4,  1,  21.1,   0.9, 0.100
2025-11-04 10:59:32,        0,  29.8,   2.3,  24.6,  0.869, -0.008,  0.000,5407347.2,  1,  21.1,   0.9, 0.100
2025-11-04 10:59:33,        0,  29.8,   2.3,  24.6,  0.843, -0.008,  0.000,5407340.1,  1,  21.1,   0.9, 0.100
2025-11-04 10:59:34,        0,  29.9,   2.8,  24.7,  0.818, -0.009,  0.000,5407331.3,  1,  21.1,   1.0, 0.100
2025-11-04 10:59:35,        0,  29.9,   2.6,  24.7,  5.663,  4.362,  0.025,5410995.0,  1,  21.1,   1.0, 0.100
2025-11-04 10:59:36,        0,  29.6,   1.9,  24.6,  5.645,  4.338,  0.024,5414934.5,  1,  21.1,   1.0, 0.100
2025-11-04 10:59:37,        0,  29.8,   2.4,  24.7,  1.175,  0.024,  0.000,5415003.7,  1,  21.1,   1.0, 0.100
2025-11-04 10:59:38,        0,  29.4,   1.3,  24.6,  1.054, -0.002,  0.000,5415004.9,  1,  21.1,   1.0, 0.100
2025-11-04 10:59:39,        0,  29.5,   1.6,  24.6,  0.998, -0.007,  0.000,5414997.8,  1,  21.1,   1.0, 0.100
2025-11-04 10:59:40,        0,  29.5,   1.4,  24.7,  0.944, -0.008,  0.000,5414987.7,  1,  21.1,   1.0, 0.100
2025-11-04 10:59:41,        0,  29.5,   1.6,  24.6,  0.912, -0.009,  0.000,5414979.3,  1,  21.1,   1.0, 0.100
2025-11-04 10:59:42,        0,  29.6,   1.9,  24.6,  0.870, -0.009,  0.000,5414971.4,  1,  21.1,   1.0, 0.100
2025-11-04 10:59:43,        0,  29.6,   1.9,  24.7,  0.843, -0.008,  0.000,5414963.4,  1,  21.1,   1.0, 0.100
2025-11-04 10:59:44,        0,  29.6,   1.9,  24.7,  0.809, -0.008,  0.000,5414953.4,  1,  21.1,   1.0, 0.100
2025-11-04 10:59:45,        0,  29.6,   1.9,  24.6,  0.788, -0.008,  0.000,5414945.0,  1,  21.1,   1.0, 0.100
2025-11-04 10:59:46,        0,  29.6,   1.8,  24.6,  0.769, -0.008,  0.000,5414937.0,  1,  21.1,   1.0, 0.100
2025-11-04 10:59:47,        0,  29.6,   1.9,  24.6,  0.745, -0.009,  0.000,5414929.1,  1,  21.1,   1.0, 0.100
2025-11-04 10:59:48,        0,  29.8,   2.3,  24.7,  0.725, -0.009,  0.000,5414919.0,  1,  21.1,   1.0, 0.100
2025-11-04 10:59:49,        0,  29.7,   2.1,  24.6,  0.712, -0.009,  0.000,5414910.6,  1,  21.1,   1.0, 0.100
2025-11-04 10:59:50,        0,  29.8,   2.3,  24.6,  0.700, -0.009,  0.000,5414902.7,  1,  21.1,   1.0, 0.100
2025-11-04 10:59:51,        0,  29.8,   2.4,  24.6,  0.684, -0.009,  0.000,5414894.3,  1,  21.1,   1.0, 0.100
2025-11-04 10:59:52,        0,  29.8,   2.4,  24.6,  0.673, -0.009,  0.000,5414885.9,  1,  21.1,   1.0, 0.100
2025-11-04 10:59:53,        0,  29.8,   2.3,  24.6,  0.658, -0.008,  0.000,5414876.7,  1,  21.1,   1.0, 0.100
2025-11-04 10:59:54,        0,  29.8,   2.3,  24.6,  0.648, -0.008,  0.000,5415186.4,  1,  21.1,   1.0, 0.100
2025-11-04 10:59:55,        0,  29.9,   2.6,  24.6,  1.482,  0.210,  0.000,5415574.0,  1,  21.1,   1.0, 0.100
2025-11-04 10:59:56,        0,  29.8,   2.4,  24.6,  3.136,  1.893,  0.009,5416390.4,  1,  21.1,   1.0, 0.100
2025-11-04 10:59:57,        0,  29.8,   2.4,  24.6,  1.212,  0.045,  0.000,5417796.9,  1,  21.1,   1.0, 0.100
2025-11-04 10:59:58,        0,  29.9,   2.6,  24.6,  1.341,  0.107,  0.000,5418504.8,  1,  21.1,   1.0, 0.100
2025-11-04 10:59:59,        0,  29.6,   1.8,  24.6,  1.076,  0.005,  0.000,5418512.7,  1,  21.1,   1.0, 0.100
2025-11-04 11:00:00,        0,  29.7,   2.1,  24.6,  0.999, -0.005,  0.000,5418508.1,  1,  21.1,   1.0, 0.100
2025-11-04 11:00:01,        0,  29.7,   2.1,  24.6,  0.930, -0.007,  0.000,5418501.4,  1,  21.1,   1.0, 0.100
2025-11-04 11:00:02,        0,  29.8,   2.4,  24.6,  0.894, -0.008,  0.000,5418492.6,  1,  21.2,   1.0, 0.100
2025-11-04 11:00:03,        0,  29.8,   2.3,  24.6,  0.849, -0.008,  0.000,5418484.7,  1,  21.1,   1.0, 0.100
2025-11-04 11:00:04,        0,  29.8,   2.4,  24.7,  0.820, -0.008,  0.000,5418477.1,  1,  21.1,   1.0, 0.100
2025-11-04 11:00:05,        0,  29.9,   2.6,  24.6,  0.795, -0.008,  0.000,5418470.0,  1,  21.1,   1.0, 0.100
2025-11-04 11:00:06,        0,  29.8,   2.3,  24.6,  0.763, -0.008,  0.000,5418459.5,  1,  21.2,   1.0, 0.100
2025-11-04 11:00:07,        0,  29.8,   2.4,  24.6,  0.736, -0.009,  0.000,5418451.1,  1,  21.1,   1.0, 0.100
2025-11-04 11:00:08,        0,  29.8,   2.4,  24.6,  0.720, -0.008,  0.000,5418444.0,  1,  21.1,   1.0, 0.100
2025-11-04 11:00:09,        0,  29.9,   2.6,  24.6,  0.706, -0.008,  0.000,5418436.0,  1,  21.1,   1.0, 0.100
2025-11-04 11:00:10,        0,  29.9,   2.6,  24.6,  5.640,  4.360,  0.025,5421908.7,  1,  21.1,   1.0, 0.100
2025-11-04 11:00:11,        0,  29.4,   1.3,  24.6,  5.646,  4.359,  0.025,5425334.8,  1,  21.1,   1.0, 0.100
2025-11-04 11:00:12,        0,  29.3,   0.9,  24.6,  1.170,  0.029,  0.000,5425446.7,  1,  21.1,   1.0, 0.100
2025-11-04 11:00:13,        0,  29.6,   1.8,  24.6,  1.034,  0.000,  0.000,5425448.3,  1,  21.1,   1.0, 0.100
2025-11-04 11:00:14,        0,  29.3,   0.9,  24.6,  0.973, -0.006,  0.000,5425443.3,  1,  21.2,   1.0, 0.100
2025-11-04 11:00:15,        0,  29.6,   1.8,  24.7,  0.913, -0.007,  0.000,5425434.5,  1,  21.1,   1.0, 0.100
2025-11-04 11:00:16,        0,  29.6,   1.8,  24.6,  0.883, -0.009,  0.000,5425426.6,  1,  21.1,   1.0, 0.100
2025-11-04 11:00:17,        0,  29.5,   1.4,  24.6,  0.841, -0.008,  0.000,5425419.0,  1,  21.1,   1.0, 0.100
2025-11-04 11:00:18,        0,  29.6,   1.8,  24.7,  0.814, -0.008,  0.000,5425411.0,  1,  21.1,   1.0, 0.100
2025-11-04 11:00:19,        0,  29.4,   1.3,  24.6,  0.778, -0.008,  0.000,5425402.2,  1,  21.2,   1.0, 0.100
2025-11-04 11:00:20,        0,  29.6,   1.8,  24.6,  0.758, -0.008,  0.000,5425394.7,  1,  21.1,   1.0, 0.100
2025-11-04 11:00:21,        0,  29.6,   1.8,  24.6,  0.740, -0.008,  0.000,5425386.3,  1,  21.1,   0.9, 0.100
2025-11-04 11:00:22,        0,  29.6,   1.8,  24.6,  0.714, -0.008,  0.000,5425378.8,  1,  21.2,   1.0, 0.100
2025-11-04 11:00:23,        0,  29.6,   1.8,  24.6,  0.700, -0.008,  0.000,5425370.8,  1,  21.2,   0.9, 0.100
2025-11-04 11:00:24,        0,  29.6,   1.9,  24.6,  0.681, -0.008,  0.000,5425361.6,  1,  21.2,   0.9, 0.100
2025-11-04 11:00:25,        0,  29.6,   1.9,  24.6,  0.668, -0.008,  0.000,5425353.6,  1,  21.2,   0.9, 0.100
2025-11-04 11:00:26,        0,  29.5,   1.6,  24.6,  0.657, -0.008,  0.000,5425345.2,  1,  21.2,   1.0, 0.100
2025-11-04 11:00:27,        0,  29.5,   1.6,  24.6,  0.641, -0.008,  0.000,5425337.7,  1,  21.1,   0.9, 0.100
2025-11-04 11:00:28,        0,  29.6,   1.8,  24.6,  0.626, -0.008,  0.000,5425328.9,  1,  21.2,   1.0, 0.100
2025-11-04 11:00:29,        0,  29.6,   1.8,  24.6,  0.616, -0.008,  0.000,5425321.8,  1,  21.2,   0.9, 0.100
2025-11-04 11:00:30,        0,  29.6,   1.9,  24.6,  0.608, -0.008,  0.000,5425313.4,  1,  21.2,   0.9, 0.100
2025-11-04 11:00:31,        0,  29.6,   1.9,  24.6,  0.595, -0.008,  0.000,5425305.9,  1,  21.2,   0.9, 0.100
2025-11-04 11:00:32,        0,  29.7,   2.1,  24.6,  0.588, -0.008,  0.000,5425298.7,  1,  21.2,   0.9, 0.100
2025-11-04 11:00:33,        0,  29.7,   2.1,  24.6,  0.576, -0.008,  0.000,5425289.9,  1,  21.2,   0.9, 0.100
2025-11-04 11:00:34,        0,  29.7,   2.1,  24.6,  0.569, -0.007,  0.000,5425282.4,  1,  21.2,   0.9, 0.100
2025-11-04 11:00:35,        0,  29.6,   1.9,  24.6,  0.561, -0.007,  0.000,5425275.7,  1,  21.2,   0.9, 0.100
2025-11-04 11:00:36,        0,  29.6,   1.9,  24.6,  0.551, -0.007,  0.000,5425268.6,  1,  21.2,   0.9, 0.100
2025-11-04 11:00:37,        0,  29.7,   2.1,  24.6,  0.544, -0.007,  0.000,5425260.6,  1,  21.2,   0.9, 0.100
2025-11-04 11:00:38,        0,  29.7,   2.1,  24.6,  0.535, -0.007,  0.000,5425253.5,  1,  21.2,   0.9, 0.100
2025-11-04 11:00:39,        0,  29.6,   1.9,  24.6,  0.528, -0.007,  0.000,5425246.3,  1,  21.2,   0.8, 0.100
2025-11-04 11:00:40,        0,  29.7,   2.1,  24.6,  0.523, -0.007,  0.000,5425239.6,  1,  21.2,   0.9, 0.100
2025-11-04 11:00:41,        0,  29.8,   2.5,  24.6,  0.515, -0.007,  0.000,5425233.3,  1,  21.2,   0.9, 0.100
2025-11-04 11:00:42,        0,  29.7,   2.1,  24.6,  0.507, -0.007,  0.000,5425225.4,  1,  21.2,   0.8, 0.100
2025-11-04 11:00:43,        0,  29.7,   2.1,  24.6,  0.503, -0.007,  0.000,5425218.7,  1,  21.2,   0.9, 0.100
2025-11-04 11:00:44,        0,  29.8,   2.3,  24.6,  0.497, -0.007,  0.000,5425212.0,  1,  21.2,   0.8, 0.100
2025-11-04 11:00:45,        0,  29.7,   2.1,  24.6,  0.492, -0.007,  0.000,5425205.7,  1,  21.2,   0.8, 0.100
2025-11-04 11:00:46,        0,  29.7,   2.1,  24.6,  0.484, -0.007,  0.000,5425197.7,  1,  21.2,   0.8, 0.100
2025-11-04 11:00:47,        0,  29.7,   2.1,  24.6,  0.477, -0.006,  0.000,5425191.9,  1,  21.2,   0.8, 0.100
2025-11-04 11:00:48,        0,  29.8,   2.5,  24.6,  0.472, -0.007,  0.000,5425185.6,  1,  21.2,   0.8, 0.100
2025-11-04 11:00:49,        0,  29.8,   2.3,  24.6,  0.468, -0.006,  0.000,5425179.3,  1,  21.2,   0.8, 0.100
2025-11-04 11:00:50,        0,  29.8,   2.3,  24.6,  0.460, -0.006,  0.000,5425173.0,  1,  21.2,   0.8, 0.100
2025-11-04 11:00:51,        0,  29.8,   2.3,  24.6,  0.457, -0.006,  0.000,5425167.1,  1,  21.2,   0.8, 0.100
2025-11-04 11:00:52,        0,  29.8,   2.4,  24.6,  0.450, -0.006,  0.000,5425160.4,  1,  21.2,   0.8, 0.100
2025-11-04 11:00:53,        0,  29.8,   2.3,  24.6,  0.446, -0.006,  0.000,5425154.6,  1,  21.2,   0.8, 0.100
2025-11-04 11:00:54,        0,  29.8,   2.4,  24.6,  0.441, -0.006,  0.000,5425149.1,  1,  21.2,   0.8, 0.100
2025-11-04 11:00:55,        0,  29.8,   2.4,  24.6,  0.436, -0.006,  0.000,5425142.8,  1,  21.2,   0.8, 0.100
2025-11-04 11:00:56,        0,  29.8,   2.5,  24.6,  0.432, -0.006,  0.000,5425137.0,  1,  21.2,   0.8, 0.100
2025-11-04 11:00:57,        0,  29.8,   2.4,  24.6,  0.426, -0.006,  0.000,5425131.5,  1,  21.2,   0.8, 0.100
2025-11-04 11:00:58,        0,  29.8,   2.4,  24.6,  0.423, -0.006,  0.000,5425125.6,  1,  21.2,   0.8, 0.100
2025-11-04 11:00:59,        0,  29.8,   2.5,  24.6,  0.418, -0.005,  0.000,5425119.4,  1,  21.2,   0.8, 0.100
2025-11-04 11:01:00,        0,  29.8,   2.4,  24.6,  0.413, -0.005,  0.000,5425114.3,  1,  21.2,   0.9, 0.100
2025-11-04 11:01:01,        0,  29.9,   2.6,  24.6,  0.410, -0.005,  0.000,5425108.5,  1,  21.2,   0.8, 0.100
2025-11-04 11:01:02,        0,  29.9,   2.8,  24.6,  0.405, -0.005,  0.000,5425103.0,  1,  21.2,   0.9, 0.100
2025-11-04 11:01:03,        0,  29.8,   2.5,  24.6,  5.178,  3.866,  0.021,5429356.4,  1,  21.2,   0.9, 0.100
2025-11-04 11:01:04,        0,  29.3,   0.9,  24.6,  1.267,  0.070,  0.000,5429568.5,  1,  21.2,   0.9, 0.100
2025-11-04 11:01:05,        0,  29.3,   0.8,  24.6,  1.052,  0.004,  0.000,5429573.1,  1,  21.2,   0.8, 0.100
2025-11-04 11:01:06,        0,  29.7,   2.1,  24.6,  0.947, -0.005,  0.000,5429568.9,  1,  21.2,   0.9, 0.100
2025-11-04 11:01:07,        0,  29.6,   1.9,  24.6,  0.905, -0.007,  0.000,5429562.2,  1,  21.2,   0.8, 0.100
2025-11-04 11:01:08,        0,  29.6,   1.8,  24.6,  0.855, -0.007,  0.000,5429553.4,  1,  21.2,   0.9, 0.100
2025-11-04 11:01:09,        0,  29.6,   1.9,  24.6,  0.824, -0.007,  0.000,5429545.8,  1,  21.2,   0.9, 0.100
2025-11-04 11:01:10,        0,  29.6,   1.8,  24.6,  0.796, -0.007,  0.000,5429538.7,  1,  21.2,   0.9, 0.100
2025-11-04 11:01:11,        0,  29.7,   2.1,  24.6,  0.759, -0.008,  0.000,5429531.6,  1,  21.2,   0.9, 0.100
2025-11-04 11:01:12,        0,  29.6,   1.9,  24.6,  0.738, -0.008,  0.000,5429522.4,  1,  21.2,   0.9, 0.100
2025-11-04 11:01:13,        0,  29.6,   1.8,  24.6,  0.709, -0.008,  0.000,5429514.4,  1,  21.2,   0.9, 0.100
2025-11-04 11:01:14,        0,  29.6,   1.8,  24.6,  0.693, -0.007,  0.000,5429507.7,  1,  21.2,   1.0, 0.100
2025-11-04 11:01:15,        0,  29.6,   1.8,  24.6,  0.670, -0.007,  0.000,5429498.5,  1,  21.2,   0.9, 0.100
2025-11-04 11:01:16,        0,  29.6,   1.9,  24.6,  0.656, -0.008,  0.000,5429490.5,  1,  21.2,   1.0, 0.100
2025-11-04 11:01:17,        0,  29.6,   1.8,  24.6,  0.642, -0.007,  0.000,5429483.4,  1,  21.2,   1.0, 0.100
2025-11-04 11:01:18,        0,  29.6,   1.9,  24.6,  0.624, -0.008,  0.000,5429476.3,  1,  21.2,   1.0, 0.100
2025-11-04 11:01:19,        0,  29.6,   1.8,  24.6,  0.612, -0.007,  0.000,5429468.7,  1,  21.2,   1.0, 0.100
2025-11-04 11:01:20,        0,  29.6,   1.9,  24.6,  0.596, -0.007,  0.000,5429460.3,  1,  21.2,   1.0, 0.100
2025-11-04 11:01:21,        0,  29.6,   1.9,  24.5,  0.585, -0.007,  0.000,5429453.2,  1,  21.2,   1.0, 0.100
2025-11-04 11:01:22,        0,  29.6,   1.9,  24.6,  0.575, -0.007,  0.000,5429447.3,  1,  21.2,   1.0, 0.100
2025-11-04 11:01:23,        0,  29.6,   1.9,  24.6,  0.561, -0.007,  0.000,5429440.2,  1,  21.2,   1.0, 0.100
2025-11-04 11:01:24,        0,  29.7,   2.1,  24.6,  0.552, -0.007,  0.000,5429431.8,  1,  21.2,   1.0, 0.100
2025-11-04 11:01:25,        0,  29.7,   2.1,  24.5,  0.539, -0.007,  0.000,5429425.1,  1,  21.2,   1.0, 0.100
2025-11-04 11:01:26,        0,  29.7,   2.1,  24.6,  0.531, -0.007,  0.000,5429419.7,  1,  21.2,   1.0, 0.100
2025-11-04 11:01:27,        0,  29.6,   1.9,  24.6,  0.523, -0.007,  0.000,5429413.0,  1,  21.2,   1.0, 0.100
2025-11-04 11:01:28,        0,  29.7,   2.1,  24.6,  0.512, -0.006,  0.000,5429405.0,  1,  21.2,   1.0, 0.100
2025-11-04 11:01:29,        0,  29.7,   2.1,  24.5,  0.505, -0.006,  0.000,5429399.2,  1,  21.2,   1.0, 0.100
2025-11-04 11:01:30,        0,  29.6,   1.9,  24.6,  0.494, -0.007,  0.000,5429393.3,  1,  21.2,   1.0, 0.100
2025-11-04 11:01:31,        0,  29.6,   1.9,  24.6,  0.488, -0.007,  0.000,5429387.0,  1,  21.2,   1.0, 0.100
2025-11-04 11:01:32,        0,  29.7,   2.1,  24.6,106745.037, -0.006,  0.000,5429379.5,  1,  21.2,   0.9, 0.100
2025-11-04 11:01:33,        0,  29.7,   2.1,  24.6,  0.472, -0.006,  0.000,5429373.6,  1,  21.2,   1.0, 0.100
2025-11-04 11:01:34,        0,  29.8,   2.3,  24.6,  0.463, -0.006,  0.000,5429368.1,  1,  21.2,   1.0, 0.100
2025-11-04 11:01:35,        0,  29.7,   2.1,  24.6,  0.458, -0.006,  0.000,5429362.3,  1,  21.2,   1.0, 0.100
2025-11-04 11:01:36,        0,  29.7,   2.1,  24.6,  0.452, -0.006,  0.000,5429356.4,  1,  21.1,   0.9, 0.100
2025-11-04 11:01:37,        0,  29.7,   2.1,  24.6,  0.444, -0.006,  0.000,5429349.7,  1,  21.2,   1.0, 0.100
2025-11-04 11:01:38,        0,  29.7,   2.1,  24.6,  0.439, -0.006,  0.000,5429344.3,  1,  21.2,   0.9, 0.100
2025-11-04 11:01:39,        0,  29.7,   2.1,  24.6,  0.432, -0.005,  0.000,5429338.4,  1,  21.2,   0.9, 0.100
2025-11-04 11:01:40,        0,  29.8,   2.3,  24.6,  0.427, -0.006,  0.000,5429333.4,  1,  21.2,   0.9, 0.100
2025-11-04 11:01:41,        0,  29.8,   2.3,  24.6,  0.421, -0.006,  0.000,5429327.1,  1,  21.2,   1.0, 0.100
2025-11-04 11:01:42,        0,  29.7,   2.1,  24.6,  0.416, -0.005,  0.000,5429321.2,  1,  21.2,   1.0, 0.100
2025-11-04 11:01:43,        0,  29.8,   2.3,  24.5,  0.412, -0.006,  0.000,5429316.6,  1,  21.2,   1.0, 0.100
2025-11-04 11:01:44,        0,  29.7,   2.1,  24.6,  0.406, -0.005,  0.000,5429311.1,  1,  21.2,   0.9, 0.100
2025-11-04 11:01:45,        0,  29.8,   2.3,  24.6,  0.402, -0.006,  0.000,5429306.1,  1,  21.2,   1.0, 0.100
2025-11-04 11:01:46,        0,  29.8,   2.3,  24.6,  0.396, -0.005,  0.000,5429300.2,  1,  21.2,   0.9, 0.100
2025-11-04 11:01:47,        0,  29.8,   2.3,  24.6,  0.392, -0.005,  0.000,5429294.4,  1,  21.2,   1.0, 0.100
2025-11-04 11:01:48,        0,  29.6,   1.9,  24.5,  0.388, -0.005,  0.000,5429290.2,  1,  21.2,   0.9, 0.100
2025-11-04 11:01:49,        0,  29.8,   2.3,  24.6,  0.383, -0.005,  0.000,5429285.2,  1,  21.2,   1.0, 0.100
2025-11-04 11:01:50,        0,  29.8,   2.3,  24.5,  0.377, -0.005,  0.000,5429279.3,  1,  21.2,   1.0, 0.100
2025-11-04 11:01:51,        0,  29.8,   2.3,  24.6,  0.373, -0.005,  0.000,5429274.3,  1,  21.2,   1.0, 0.100
2025-11-04 11:01:52,        0,  29.8,   2.3,  24.6,  0.370, -0.005,  0.000,5429269.7,  1,  21.2,   1.0, 0.100
2025-11-04 11:01:53,        0,  29.8,   2.3,  24.6,  0.365, -0.005,  0.000,5429265.0,  1,  21.2,   1.0, 0.100
2025-11-04 11:01:54,        0,  29.7,   2.1,  24.6,  0.362, -0.005,  0.000,5429259.2,  1,  21.2,   1.0, 0.100
2025-11-04 11:01:55,        0,  29.8,   2.3,  24.5,  0.357, -0.005,  0.000,5429254.6,  1,  21.2,   1.0, 0.100
2025-11-04 11:01:56,        0,  29.8,   2.3,  24.6,  0.354, -0.005,  0.000,5429250.4,  1,  21.2,   1.0, 0.100
2025-11-04 11:01:57,        0,  29.8,   2.3,  24.6,  0.352, -0.005,  0.000,5429245.3,  1,  21.2,   1.0, 0.100
2025-11-04 11:01:58,        0,  29.8,   2.3,  24.6,  0.348, -0.005,  0.000,5429241.2,  1,  21.2,   1.0, 0.100
2025-11-04 11:01:59,        0,  29.8,   2.3,  24.5,  0.344, -0.004,  0.000,5429235.3,  1,  21.2,   1.0, 0.100
2025-11-04 11:02:00,        0,  29.8,   2.3,  24.6,  0.340, -0.005,  0.000,5429231.1,  1,  21.2,   1.0, 0.100
2025-11-04 11:02:01,        0,  29.8,   2.4,  24.5,  0.337, -0.005,  0.000,5429227.3,  1,  21.2,   1.0, 0.100
2025-11-04 11:02:02,        0,  29.8,   2.5,  24.5,  0.335, -0.005,  0.000,5429222.7,  1,  21.2,   1.0, 0.100
2025-11-04 11:02:03,        0,  29.8,   2.3,  24.6,  0.331, -0.005,  0.000,5429216.8,  1,  21.2,   1.0, 0.100
2025-11-04 11:02:04,        0,  29.8,   2.4,  24.5,  0.328, -0.005,  0.000,5429212.7,  1,  21.2,   1.0, 0.100
