Time, Cnts,  %T, set_Cell[mA], Cell[°C], Cell[Volt], Cell[mA], Cell[W], Cell[uAs], Cell_ON, Env[°C], TEC[°C], N2Flow[slpm]
2025-10-08 09:43:32,        0,  29.6,   1.8,  22.9,  0.138, -0.002,  0.000,     -1.1,  1,  21.1,   0.9, 0.100
2025-10-08 09:43:33,        0,  29.6,   1.8,  22.9,  0.138, -0.002,  0.000,     -3.1,  1,  21.1,   0.9, 0.100
2025-10-08 09:43:34,        0,  29.5,   1.6,  22.9,  0.138, -0.002,  0.000,     -4.9,  1,  21.1,   0.9, 0.100
2025-10-08 09:43:35,        0,  29.7,   2.0,  22.9,  0.138, -0.002,  0.000,     -6.9,  1,  21.1,   1.0, 0.100
2025-10-08 09:43:36,        0,  29.6,   1.8,  22.9,  0.138, -0.002,  0.000,     -8.9,  1,  21.1,   1.0, 0.099
2025-10-08 09:43:37,        0,  29.6,   1.8,  22.9,  0.138, -0.002,  0.000,    -10.6,  1,  21.1,   1.0, 0.099
2025-10-08 09:43:38,        0,  29.7,   2.0,  22.9,  0.138, -0.002,  0.000,    -12.6,  1,  21.1,   1.0, 0.099
2025-10-08 09:43:39,        0,  29.6,   1.8,  22.9,  0.138, -0.001,  0.000,    -14.3,  1,  21.1,   1.0, 0.099
2025-10-08 09:43:40,        0,  29.7,   2.0,  22.9,  0.139, -0.002,  0.000,    -16.3,  1,  21.1,   1.1, 0.099
2025-10-08 09:43:41,        0,  29.7,   2.0,  22.9,  0.138, -0.002,  0.000,    -18.3,  1,  21.1,   1.0, 0.100
2025-10-08 09:43:42,        0,  29.7,   2.0,  22.9,  0.138, -0.002,  0.000,    -20.3,  1,  21.1,   1.1, 0.100
2025-10-08 09:43:43,        0,  29.7,   2.0,  22.9,  0.138, -0.002,  0.000,    -22.6,  1,  21.1,   1.1, 0.100
2025-10-08 09:43:44,        0,  29.7,   2.0,  22.9,  0.138, -0.002,  0.000,    -24.3,  1,  21.1,   1.1, 0.100
2025-10-08 09:43:45,        0,  29.7,   2.0,  22.9,  0.138, -0.002,  0.000,    -26.6,  1,  21.1,   1.1, 0.100
2025-10-08 09:43:46,        0,  29.7,   2.2,  22.9,  0.138, -0.002,  0.000,    -28.3,  1,  21.1,   1.1, 0.100
2025-10-08 09:43:47,        0,  29.8,   2.5,  22.9,  0.138, -0.002,  0.000,    -30.3,  1,  21.1,   1.1, 0.100
2025-10-08 09:43:48,        0,  30.0,   2.9,  22.9,  3.907,  3.352,  0.017,   1789.3,  1,  21.1,   1.1, 0.100
2025-10-08 09:43:49,        0,  30.5,   4.6,  22.9,  5.667,  4.876,  0.028,   6476.8,  1,  21.1,   1.1, 0.100
2025-10-08 09:43:50,        0,  30.5,   4.6,  22.9,  6.495,  5.859,  0.038,  12111.0,  1,  21.1,   1.1, 0.100
2025-10-08 09:43:51,        0,  29.8,   2.3,  22.9,  8.220,  7.904,  0.065,  19933.6,  1,  21.1,   1.1, 0.100
2025-10-08 09:43:52,        0,  31.2,   6.7,  22.9,  3.590,  2.484,  0.012,  25312.0,  1,  21.1,   1.1, 0.100
2025-10-08 09:43:53,        0,  31.6,   7.8,  22.9,  9.376,  9.284,  0.087,  34243.0,  1,  21.1,   1.1, 0.100
2025-10-08 09:43:54,        0,  33.0,  12.0,  22.9, 11.127, 11.374,  0.127,  44807.3,  1,  21.1,   1.1, 0.100
2025-10-08 09:43:55,        0,  33.8,  14.3,  22.9, 14.258, 15.126,  0.216,  58874.1,  1,  21.1,   1.0, 0.101
2025-10-08 09:43:56,        0,  35.7,  20.0,  22.9, 18.548, 20.277,  0.378,  80380.7,  1,  21.0,   1.0, 0.102
2025-10-08 09:43:57,        0,  36.8,  23.5,  22.9, 19.589, 21.542,  0.423, 100435.6,  1,  21.1,   1.0, 0.085
2025-10-08 09:43:58,        0,  37.0,  24.1,  22.9, 22.344, 24.877,  0.557, 124448.2,  1,  21.1,   1.0, 0.094
2025-10-08 09:43:59,        0,  39.1,  30.2,  22.9, 29.175, 33.165,  0.972, 154228.0,  1,  21.0,   1.0, 0.097
2025-10-08 09:44:00,        0,  42.4,  40.2,  22.9, 36.877, 42.605,  1.571, 197305.0,  1,  21.0,   1.0, 0.098
2025-10-08 09:44:01,        0,  41.5,  37.6,  22.9, 33.537, 38.651,  1.300, 235712.2,  1,  21.0,   1.0, 0.099
2025-10-08 09:44:02,        0,  41.1,  36.2,  22.9, 37.841, 43.997,  1.666, 277545.3,  1,  21.0,   1.0, 0.099
2025-10-08 09:44:03,        0,  43.8,  44.4,  22.9, 38.939, 45.464,  1.773, 329601.6,  1,  21.0,   1.0, 0.099
2025-10-08 09:44:04,        0,  45.8,  50.5,  22.9, 46.467, 54.961,  2.554, 379972.2,  1,  21.0,   1.0, 0.100
2025-10-08 09:44:05,        0,  43.2,  42.6,  22.9, 45.116, 53.475,  2.415, 431120.7,  1,  21.0,   1.0, 0.100
2025-10-08 09:44:06,        0,  39.4,  31.1,  22.9, 39.562, -0.000,  1.846, 474519.6,  1,  21.0,   1.0, 0.100
2025-10-08 09:44:07,        0,  41.9,  38.6,  22.9, 43.466, 51.558,  2.269, 526236.0,  1,  21.0,   1.0, 0.100
2025-10-08 09:44:08,        0,  47.8,  56.5,  22.9, 41.657, 49.384,  2.060, 573088.6,  1,  21.0,   1.0, 0.100
2025-10-08 09:44:09,        0,  41.0,  36.0,  22.9, 43.266, 51.583,  2.257, 623662.7,  1,  21.0,   1.0, 0.100
2025-10-08 09:44:10,        0,  40.4,  34.1,  22.9, 39.819, 47.263,  1.901, 667124.7,  1,  21.0,   1.0, 0.100
2025-10-08 09:44:11,        0,  47.1,  54.2,  22.9, 39.358, 46.758,  1.848, 723357.9,  1,  21.0,   1.0, 0.100
2025-10-08 09:44:12,        0,  47.2,  54.6,  22.9, 49.501, 59.611,  2.952, 779905.4,  1,  21.1,   1.0, 0.109
2025-10-08 09:44:13,        0,  47.4,  55.1,  22.9, 52.801, 64.053,  3.384, 839003.9,  1,  21.0,   1.0, 0.112
2025-10-08 09:44:14,        0,  47.8,  56.3,  22.9, 46.878, 56.754,  2.672, 892639.5,  1,  21.0,   1.0, 0.107
2025-10-08 09:44:15,        0,  41.6,  37.9,  22.9, 46.229, 55.982,  2.592, 958091.0,  1,  21.0,   1.0, 0.102
2025-10-08 09:44:16,        0,  43.7,  44.0,  22.9, 47.609, 57.472,  2.754,1006875.5,  1,  21.0,   1.0, 0.101
2025-10-08 09:44:17,        0,  40.1,  33.3,  22.9, 40.201, 48.201,  1.941,1052283.2,  1,  21.0,   1.0, 0.100
2025-10-08 09:44:18,        0,  36.3,  21.8,  22.9, 38.223, 45.614,  1.750,1090429.8,  1,  21.0,   1.0, 0.100
2025-10-08 09:44:19,        0,  39.2,  30.7,  22.9, 31.798, 37.410,  1.191,1129216.3,  1,  21.0,   1.0, 0.100
2025-10-08 09:44:20,        0,  40.4,  34.2,  22.9, 27.739, 32.241,  0.911,1162207.1,  1,  21.0,   1.0, 0.100
2025-10-08 09:44:21,        0,  42.7,  41.2,  22.9, 39.546, 46.953,  1.858,1202088.9,  1,  21.0,   1.0, 0.100
2025-10-08 09:44:22,        0,  41.6,  37.9,  22.9, 39.837, 47.273,  1.885,1246278.8,  1,  21.0,   1.0, 0.100
2025-10-08 09:44:23,        0,  44.1,  45.3,  22.9, 39.025, 46.290,  1.807,1299234.9,  1,  21.0,   1.0, 0.100
2025-10-08 09:44:24,        0,  46.5,  52.6,  22.9, 43.085, 51.474,  2.220,1348328.3,  1,  20.9,   1.0, 0.100
2025-10-08 09:44:25,        0,  41.2,  36.5,  22.9, 45.188, 54.246,  2.454,1400804.1,  1,  21.0,   1.0, 0.100
2025-10-08 09:44:26,        0,  45.8,  50.5,  22.9, 31.554, 36.993,  1.189,1437852.8,  1,  20.9,   1.0, 0.100
2025-10-08 09:44:27,        0,  46.8,  53.5,  22.9, 39.040, 46.464,  1.821,1496922.5,  1,  20.9,   1.0, 0.100
2025-10-08 09:44:28,        0,  43.0,  41.9,  22.9, 43.850, 52.663,  2.312,1549269.8,  1,  21.0,   1.0, 0.100
2025-10-08 09:44:29,        0,  46.1,  51.4,  22.9, 46.047, 55.561,  2.567,1598957.6,  1,  20.9,   1.0, 0.100
2025-10-08 09:44:30,        0,  45.3,  48.9,  22.9, 40.223, 48.275,  1.958,1647257.4,  1,  21.0,   1.0, 0.100
2025-10-08 09:44:31,        0,  44.2,  45.6,  22.9, 43.566, 52.519,  2.289,1707873.7,  1,  20.9,   1.0, 0.100
2025-10-08 09:44:32,        0,  39.4,  31.1,  22.9, 41.711, 50.128,  2.092,1753146.5,  1,  21.0,   1.0, 0.100
2025-10-08 09:44:33,        0,  44.8,  47.5,  22.9, 42.136, 50.575,  2.154,1795263.7,  1,  20.9,   1.0, 0.100
2025-10-08 09:44:34,        0,  44.1,  45.3,  22.9, 36.876, 43.942,  1.638,1840838.6,  1,  20.9,   1.0, 0.100
2025-10-08 09:44:35,        0,  42.6,  40.7,  22.9, 42.236, 50.720,  2.153,1897953.5,  1,  21.0,   1.0, 0.100
2025-10-08 09:44:36,        0,  42.7,  41.2,  22.9, 43.496, 52.243,  2.275,1944383.0,  1,  21.0,   1.0, 0.100
2025-10-08 09:44:37,        0,  44.6,  46.7,  22.9, 39.304, 46.955,  1.847,1987613.1,  1,  20.9,   1.0, 0.100
2025-10-08 09:44:38,        0,  43.8,  44.4,  22.9, 39.867, 47.659,  1.904,2034259.8,  1,  20.9,   1.0, 0.100
2025-10-08 09:44:39,        0,  44.1,  45.3,  22.9, 41.367, 49.467,  2.047,2092757.1,  1,  21.0,   1.0, 0.100
2025-10-08 09:44:40,        0,  46.1,  51.2,  22.9, 45.672, 54.900,  2.523,2144329.1,  1,  20.9,   1.0, 0.100
2025-10-08 09:44:41,        0,  44.7,  47.2,  22.9, 45.241, 54.424,  2.483,2195699.7,  1,  21.0,   1.0, 0.100
2025-10-08 09:44:42,        0,  48.1,  57.4,  22.9, 40.618, 48.564,  1.982,2246643.0,  1,  20.9,   1.0, 0.100
2025-10-08 09:44:43,        0,  43.3,  42.8,  22.9, 41.744, 50.008,  2.092,2308599.9,  1,  20.9,   1.0, 0.100
2025-10-08 09:44:44,        0,  45.9,  50.7,  22.8, 48.158, 58.199,  2.815,2361656.1,  1,  21.0,   1.0, 0.100
2025-10-08 09:44:45,        0,  43.5,  43.5,  22.8, 46.323, 55.864,  2.590,2414718.6,  1,  20.9,   1.1, 0.100
2025-10-08 09:44:46,        0,  43.3,  42.8,  22.9, 38.987, 46.606,  1.824,2460644.9,  1,  20.9,   1.1, 0.100
2025-10-08 09:44:47,        0,  46.1,  51.2,  22.9, 50.991, 61.855,  3.156,2526738.5,  1,  20.9,   1.0, 0.100
2025-10-08 09:44:48,        0,  47.8,  56.5,  22.9, 46.504, 56.164,  2.616,2583582.9,  1,  20.9,   1.1, 0.100
2025-10-08 09:44:49,        0,  49.5,  61.6,  22.9, 47.632, 57.716,  2.767,2641289.2,  1,  20.9,   1.0, 0.100
2025-10-08 09:44:50,        0,  43.9,  44.7,  22.9, 50.191, 61.034,  3.067,2702113.1,  1,  20.9,   1.0, 0.100
2025-10-08 09:44:51,        0,  48.9,  59.8,  22.9, 51.906, 63.143,  3.302,2760899.2,  1,  20.9,   1.0, 0.100
2025-10-08 09:44:52,        0,  45.3,  48.9,  22.9, 46.476, 56.379,  2.622,2831200.7,  1,  20.9,   1.0, 0.100
2025-10-08 09:44:53,        0,  48.4,  58.1,  22.9, 55.055, 67.381,  3.756,2894823.1,  1,  20.9,   1.0, 0.100
2025-10-08 09:44:54,        0,  47.5,  55.4,  22.9, 55.505, 68.201,  3.799,2958830.3,  1,  20.9,   1.0, 0.100
2025-10-08 09:44:55,        0,  51.7,  68.0,  22.9, 51.042, 62.599,  3.211,3019732.3,  1,  20.9,   1.0, 0.100
2025-10-08 09:44:56,        0,  49.9,  62.6,  22.9, 51.258, 62.758,  3.229,3097859.6,  1,  20.9,   1.0, 0.100
2025-10-08 09:44:57,        0,  50.6,  64.9,  22.9, 55.435, 68.149,  3.779,3161578.9,  1,  20.9,   1.0, 0.100
2025-10-08 09:44:58,        0,  49.9,  62.8,  22.8, 55.836, 68.942,  3.864,3223182.3,  1,  20.9,   1.0, 0.100
2025-10-08 09:44:59,        0,  49.9,  62.8,  22.9, 54.698, 67.670,  3.752,3286435.9,  1,  20.9,   1.0, 0.100
2025-10-08 09:45:00,        0,  52.6,  70.7,  22.9, 57.541, 71.242,  4.109,3361958.5,  1,  20.9,   1.0, 0.100
2025-10-08 09:45:01,        0,  47.2,  54.6,  22.9, 49.843, 61.453,  3.069,3424840.0,  1,  20.9,   1.0, 0.100
2025-10-08 09:45:02,        0,  44.7,  47.2,  22.9, 52.746, 65.038,  3.451,3477508.7,  1,  20.9,   1.0, 0.100
2025-10-08 09:45:03,        0,  48.4,  58.1,  22.8, 54.851, 67.615,  3.717,3539523.9,  1,  20.9,   1.0, 0.100
2025-10-08 09:45:04,        0,  44.2,  45.6,  22.9, 53.200, 65.546,  3.503,3602581.4,  1,  20.9,   1.0, 0.100
2025-10-08 09:45:05,        0,  48.1,  57.2,  22.8, 42.315, 51.493,  2.189,3663009.0,  1,  20.9,   1.0, 0.100
2025-10-08 09:45:06,        0,  39.9,  32.8,  22.9, 40.324, 48.916,  1.988,3712516.7,  1,  20.9,   1.0, 0.100
2025-10-08 09:45:07,        0,  49.6,  61.9,  22.9, 45.346, 55.086,  2.532,3764175.3,  1,  20.9,   1.0, 0.100
2025-10-08 09:45:08,        0,  47.7,  56.1,  22.9, 42.334, 51.390,  2.182,3821032.6,  1,  20.9,   1.0, 0.100
2025-10-08 09:45:09,        0,  41.9,  38.8,  22.9, 44.707, 54.448,  2.461,3887784.9,  1,  20.9,   1.0, 0.100
2025-10-08 09:45:10,        0,  45.6,  49.8,  22.9, 51.528, 63.077,  3.261,3942859.8,  1,  20.9,   1.0, 0.100
2025-10-08 09:45:11,        0,  42.3,  39.8,  22.9, 36.982, 44.320,  1.668,3989909.1,  1,  20.9,   1.0, 0.100
2025-10-08 09:45:12,        0,  46.6,  52.8,  22.9, 38.582, 46.309,  1.829,4038705.2,  1,  20.9,   1.0, 0.100
2025-10-08 09:45:13,        0,  43.3,  42.8,  22.9, 44.690, 54.094,  2.420,4099844.1,  1,  20.9,   1.0, 0.100
2025-10-08 09:45:14,        0,  43.0,  41.9,  22.9, 47.954, 58.116,  2.820,4150405.0,  1,  20.9,   1.0, 0.100
2025-10-08 09:45:15,        0,  44.0,  45.1,  22.9, 39.078, 46.834,  1.835,4196299.2,  1,  20.9,   1.0, 0.100
2025-10-08 09:45:16,        0,  46.3,  51.9,  22.9, 42.528, 51.095,  2.196,4244394.6,  1,  20.9,   1.0, 0.100
2025-10-08 09:45:17,        0,  40.9,  35.6,  22.9, 46.558, 56.213,  2.622,4295874.2,  1,  20.9,   1.0, 0.100
2025-10-08 09:45:18,        0,  42.9,  41.6,  22.9, 36.384, 43.253,  1.580,4348119.8,  1,  20.9,   1.0, 0.100
2025-10-08 09:45:19,        0,  44.0,  45.1,  22.9, 39.647, 47.356,  1.881,4392484.8,  1,  20.9,   1.0, 0.100
2025-10-08 09:45:20,        0,  43.2,  42.5,  22.9, 36.872, 43.763,  1.616,4436232.1,  1,  20.9,   1.0, 0.100
2025-10-08 09:45:21,        0,  40.6,  34.9,  22.9, 39.734, 47.261,  1.878,4480768.0,  1,  20.9,   1.0, 0.100
2025-10-08 09:45:22,        0,  40.3,  33.9,  22.9, 34.609, 40.625,  1.406,4526868.9,  1,  20.9,   1.0, 0.100
2025-10-08 09:45:23,        0,  39.6,  31.9,  22.9, 33.829, 39.609,  1.340,4563962.6,  1,  20.9,   1.0, 0.100
2025-10-08 09:45:24,        0,  40.5,  34.6,  22.9, 34.170, 39.927,  1.365,4600696.7,  1,  20.9,   1.0, 0.100
2025-10-08 09:45:25,        0,  38.9,  29.7,  22.9, 27.076, 31.063,  0.846,4633240.3,  1,  20.9,   1.0, 0.100
2025-10-08 09:45:26,        0,  37.1,  24.2,  22.9, 24.529, 27.808,  0.701,4670469.8,  1,  20.9,   1.0, 0.100
2025-10-08 09:45:27,        0,  37.4,  25.3,  22.9, 31.610, 36.490,  1.158,4701321.5,  1,  20.9,   1.0, 0.100
2025-10-08 09:45:28,        0,  39.8,  32.3,  22.9, 27.255, 31.052,  0.847,4731253.7,  1,  20.9,   1.0, 0.100
2025-10-08 09:45:29,        0,  38.5,  28.4,  22.9, 31.144, 35.850,  1.117,4765165.2,  1,  20.9,   1.0, 0.100
2025-10-08 09:45:30,        0,  38.1,  27.2,  22.9, 24.521, 27.675,  0.679,4799594.7,  1,  20.9,   1.0, 0.100
2025-10-08 09:45:31,        0,  38.4,  28.1,  22.9, 22.200, 24.769,  0.563,4824373.7,  1,  20.9,   1.0, 0.100
2025-10-08 09:45:32,        0,  32.4,  10.1,  22.9, 18.754, 20.535,  0.390,4845693.9,  1,  20.9,   1.0, 0.100
2025-10-08 09:45:33,        0,  35.2,  18.6,  22.9, 10.231, 10.085,  0.130,4859987.1,  1,  20.9,   1.0, 0.100
2025-10-08 09:45:34,        0,  35.1,  18.3,  22.9, 13.314, 13.767,  0.187,4877022.1,  1,  20.9,   0.9, 0.100
2025-10-08 09:45:35,        0,  35.4,  19.2,  22.9, 16.961, 18.163,  0.309,4899970.9,  1,  20.9,   0.9, 0.100
2025-10-08 09:45:36,        0,  37.0,  23.9,  22.9, 22.287, 24.574,  0.548,4922708.5,  1,  20.9,   0.9, 0.100
2025-10-08 09:45:37,        0,  36.8,  23.4,  22.9, 20.162, 21.982,  0.444,4945638.0,  1,  20.9,   0.9, 0.100
2025-10-08 09:45:38,        0,  35.0,  17.9,  22.9, 18.024, 19.391,  0.364,4965726.9,  1,  20.9,   0.9, 0.100
2025-10-08 09:45:39,        0,  34.1,  15.3,  22.9, 19.901, 21.619,  0.435,4989892.8,  1,  20.9,   0.8, 0.100
2025-10-08 09:45:40,        0,  34.6,  16.7,  22.9, 15.396, 16.160,  0.251,5007165.8,  1,  20.9,   0.8, 0.100
2025-10-08 09:45:41,        0,  32.9,  11.8,  22.9, 16.708, 17.715,  0.298,5024859.6,  1,  20.9,   0.8, 0.100
2025-10-08 09:45:42,        0,  33.0,  12.0,  22.9, 14.897, 15.512,  0.231,5039804.5,  1,  20.9,   0.9, 0.100
2025-10-08 09:45:43,        0,  34.9,  17.8,  22.9, 15.587, 16.314,  0.256,5055286.7,  1,  20.9,   0.9, 0.100
2025-10-08 09:45:44,        0,  34.1,  15.3,  22.9, 15.997, 16.775,  0.271,5074958.2,  1,  20.9,   0.8, 0.100
2025-10-08 09:45:45,        0,  31.7,   8.0,  22.9, 12.910, 13.082,  0.171,5089573.3,  1,  20.9,   0.9, 0.100
2025-10-08 09:45:46,        0,  34.1,  15.3,  22.9, 17.775, 18.860,  0.336,5104748.8,  1,  20.9,   0.9, 0.100
2025-10-08 09:45:47,        0,  31.9,   8.7,  22.9, 15.223, 15.822,  0.250,5119104.0,  1,  20.9,   0.9, 0.100
2025-10-08 09:45:48,        0,  33.6,  13.7,  22.9, 11.231, 11.040,  0.147,5132851.2,  1,  20.9,   0.9, 0.100
2025-10-08 09:45:49,        0,  33.6,  13.7,  22.9, 14.990, 15.499,  0.233,5147182.6,  1,  20.9,   1.0, 0.100
2025-10-08 09:45:50,        0,  31.4,   7.1,  22.9, 13.237, 13.404,  0.179,5161021.5,  1,  20.9,   1.0, 0.100
2025-10-08 09:45:51,        0,  33.6,  13.7,  22.9, 13.015, 13.117,  0.171,5172032.8,  1,  20.9,   1.0, 0.100
2025-10-08 09:45:52,        0,  31.5,   7.4,  22.9, 11.730, 11.598,  0.138,5186797.1,  1,  20.9,   1.0, 0.100
2025-10-08 09:45:53,        0,  28.1,   0.0,  22.9, 10.295,  9.890,  0.102,5195141.7,  1,  20.9,   1.0, 0.100
2025-10-08 09:45:54,        0,  31.1,   6.4,  22.9,  8.830,  8.227,  0.090,5202205.2,  1,  20.9,   1.0, 0.100
2025-10-08 09:45:55,        0,  30.5,   4.4,  22.9, 10.114,  9.657,  0.098,5210608.4,  1,  20.9,   1.0, 0.100
2025-10-08 09:45:56,        0,  30.5,   4.6,  22.9, 11.199, 10.927,  0.123,5221761.8,  1,  20.9,   1.0, 0.100
2025-10-08 09:45:57,        0,  31.0,   5.9,  22.9, 11.419, 11.187,  0.128,5230727.1,  1,  20.9,   1.0, 0.100
2025-10-08 09:45:58,        0,  32.2,   9.5,  22.9,  8.131,  7.343,  0.060,5238383.1,  1,  21.0,   1.0, 0.100
2025-10-08 09:45:59,        0,  30.9,   5.7,  22.9, 10.223,  9.788,  0.101,5247791.4,  1,  20.9,   1.0, 0.100
2025-10-08 09:46:00,        0,  30.4,   4.3,  22.9,  8.999,  8.358,  0.077,5256182.5,  1,  20.9,   1.0, 0.100
2025-10-08 09:46:01,        0,  30.7,   5.2,  22.9,  8.999,  8.360,  0.078,5263193.1,  1,  20.9,   1.0, 0.100
2025-10-08 09:46:02,        0,  29.7,   2.2,  22.9,  7.143,  6.203,  0.045,5268918.4,  1,  20.9,   1.0, 0.100
2025-10-08 09:46:03,        0,  30.3,   3.9,  22.9,  8.650,  7.961,  0.069,5274678.9,  1,  20.9,   1.0, 0.100
2025-10-08 09:46:04,        0,  30.9,   5.7,  22.9,  7.460,  6.573,  0.051,5282119.5,  1,  20.9,   1.0, 0.100
2025-10-08 09:46:05,        0,  30.1,   3.4,  22.9,  7.905,  7.081,  0.057,5288848.5,  1,  20.9,   1.0, 0.100
2025-10-08 09:46:06,        0,  31.0,   5.9,  22.9,  8.491,  7.762,  0.066,5295111.8,  1,  20.9,   1.0, 0.100
2025-10-08 09:46:07,        0,  30.9,   5.7,  22.9,  7.205,  6.287,  0.048,5301182.9,  1,  20.9,   1.0, 0.100
2025-10-08 09:46:08,        0,  29.8,   2.5,  22.9,  5.934,  4.818,  0.029,5307820.9,  1,  20.9,   1.0, 0.100
2025-10-08 09:46:09,        0,  30.0,   2.9,  22.9,  6.923,  5.962,  0.041,5312821.5,  1,  20.9,   1.0, 0.100
2025-10-08 09:46:10,        0,  29.8,   2.5,  22.9,  3.026,  1.586,  0.006,5314570.0,  1,  20.9,   1.0, 0.100
2025-10-08 09:46:11,        0,  30.4,   4.3,  22.9,  6.025,  4.948,  0.030,5318193.5,  1,  20.9,   1.0, 0.100
2025-10-08 09:46:12,        0,  30.4,   4.3,  22.9,  5.956,  4.854,  0.029,5324594.8,  1,  20.9,   1.0, 0.100
2025-10-08 09:46:13,        0,  30.1,   3.4,  22.9,  7.680,  6.833,  0.052,5330710.2,  1,  20.9,   1.0, 0.100
2025-10-08 09:46:14,        0,  30.2,   3.7,  22.9,  6.583,  5.566,  0.037,5335826.1,  1,  20.9,   1.0, 0.100
2025-10-08 09:46:15,        0,  29.5,   1.6,  22.9,  6.030,  4.939,  0.032,5339291.2,  1,  20.9,   1.0, 0.100
2025-10-08 09:46:16,        0,  30.7,   5.0,  22.9,  6.485,  5.475,  0.036,5342800.3,  1,  20.9,   1.0, 0.100
2025-10-08 09:46:17,        0,  30.0,   3.0,  22.9,  4.917,  3.676,  0.020,5347750.6,  1,  20.9,   1.0, 0.100
2025-10-08 09:46:18,        0,  30.4,   4.3,  22.9,  3.490,  2.137,  0.012,5350830.1,  1,  20.9,   1.0, 0.100
2025-10-08 09:46:19,        0,  29.8,   2.5,  23.0,  5.234,  4.047,  0.024,5354490.1,  1,  20.9,   1.0, 0.100
2025-10-08 09:46:20,        0,  29.6,   1.8,  22.9,  1.439,  0.041,  0.000,5355599.4,  1,  20.9,   1.0, 0.100
2025-10-08 09:46:21,        0,  30.1,   3.4,  22.9,  1.406,  0.027,  0.000,5356843.3,  1,  20.9,   1.0, 0.100
2025-10-08 09:46:22,        0,  29.8,   2.3,  22.9,  4.613,  3.354,  0.017,5360379.2,  1,  20.9,   1.0, 0.100
2025-10-08 09:46:23,        0,  30.0,   2.9,  22.9,  5.566,  4.432,  0.025,5363765.1,  1,  20.9,   1.0, 0.100
2025-10-08 09:46:24,        0,  30.2,   3.6,  22.9,  5.775,  4.667,  0.027,5367021.4,  1,  20.9,   1.0, 0.100
2025-10-08 09:46:25,        0,  29.8,   2.3,  22.9,  5.819,  4.717,  0.027,5370717.4,  1,  20.9,   1.0, 0.100
2025-10-08 09:46:26,        0,  29.9,   2.7,  22.9,  1.404,  0.025,  0.000,5370821.0,  1,  20.9,   1.0, 0.100
2025-10-08 09:46:27,        0,  30.2,   3.6,  22.9,  2.013,  0.575,  0.003,5371789.9,  1,  20.9,   1.0, 0.100
2025-10-08 09:46:28,        0,  30.1,   3.2,  22.9,  4.293,  2.997,  0.015,5375203.0,  1,  20.9,   1.0, 0.100
2025-10-08 09:46:29,        0,  30.1,   3.4,  22.9,  6.311,  5.298,  0.034,5379834.4,  1,  20.9,   1.0, 0.100
2025-10-08 09:46:30,        0,  30.1,   3.2,  23.0,  3.514,  2.128,  0.009,5383399.7,  1,  20.9,   1.0, 0.100
2025-10-08 09:46:31,        0,  29.3,   0.8,  22.9,  5.178,  3.995,  0.022,5386198.4,  1,  20.9,   1.0, 0.100
2025-10-08 09:46:32,        0,  28.9,   0.0,  23.0,  3.285,  1.968,  0.009,5387081.0,  1,  20.9,   1.0, 0.100
2025-10-08 09:46:33,        0,  29.4,   1.1,  22.9,  4.532,  3.287,  0.017,5389324.0,  1,  20.9,   1.0, 0.100
2025-10-08 09:46:34,        0,  29.5,   1.6,  22.9,  1.669,  0.204,  0.000,5389751.1,  1,  20.9,   1.0, 0.100
2025-10-08 09:46:35,        0,  30.0,   2.9,  22.9,  1.280, -0.007,  0.000,5389747.7,  1,  20.9,   1.0, 0.100
2025-10-08 09:46:36,        0,  29.8,   2.3,  22.9,  4.101,  2.806,  0.013,5391331.5,  1,  20.9,   1.0, 0.100
2025-10-08 09:46:37,        0,  29.9,   2.7,  22.9,  3.073,  1.853,  0.011,5392472.7,  1,  20.9,   1.0, 0.100
2025-10-08 09:46:38,        0,  30.0,   3.0,  22.9,  2.495,  1.025,  0.003,5394345.6,  1,  20.9,   1.0, 0.100
2025-10-08 09:46:39,        0,  29.9,   2.7,  22.9,  5.618,  4.518,  0.025,5399339.6,  1,  20.9,   1.0, 0.100
2025-10-08 09:46:40,        0,  29.8,   2.5,  22.9,  3.160,  1.749,  0.007,5401329.0,  1,  20.9,   1.0, 0.100
2025-10-08 09:46:41,        0,  29.1,   0.4,  23.0,  1.377,  0.017,  0.000,5401344.5,  1,  20.9,   1.0, 0.100
2025-10-08 09:46:42,        0,  29.6,   1.8,  23.0,  1.245, -0.009,  0.000,5401336.5,  1,  20.9,   1.0, 0.100
2025-10-08 09:46:43,        0,  29.6,   1.8,  22.9,  1.192, -0.013,  0.000,5401323.1,  1,  20.9,   1.0, 0.100
2025-10-08 09:46:44,        0,  29.8,   2.5,  22.9,  1.559,  0.403,  0.002,5402162.2,  1,  20.9,   1.0, 0.100
2025-10-08 09:46:45,        0,  29.8,   2.3,  22.9,  4.853,  3.665,  0.019,5404960.0,  1,  20.9,   1.0, 0.100
2025-10-08 09:46:46,        0,  29.7,   2.2,  22.9,  1.429,  0.044,  0.000,5404997.8,  1,  20.9,   1.0, 0.100
2025-10-08 09:46:47,        0,  29.1,   0.2,  22.9,  1.242, -0.008,  0.000,5404992.3,  1,  20.9,   1.0, 0.100
2025-10-08 09:46:48,        0,  30.0,   2.9,  22.9,  5.022,  3.871,  0.020,5407328.8,  1,  20.9,   1.0, 0.100
2025-10-08 09:46:49,        0,  29.8,   2.3,  22.9,  4.003,  2.713,  0.013,5410839.1,  1,  20.9,   1.0, 0.100
2025-10-08 09:46:50,        0,  29.9,   2.7,  22.9,  1.955,  0.476,  0.001,5411839.1,  1,  20.9,   1.0, 0.100
2025-10-08 09:46:51,        0,  29.4,   1.1,  22.9,  1.276, -0.003,  0.000,5411842.4,  1,  20.9,   1.0, 0.100
2025-10-08 09:46:52,        0,  29.7,   2.0,  22.9,  1.216, -0.009,  0.000,5412868.4,  1,  20.9,   1.0, 0.100
2025-10-08 09:46:53,        0,  29.6,   1.8,  22.9,  1.374,  0.027,  0.000,5413017.6,  1,  20.9,   1.0, 0.100
2025-10-08 09:46:54,        0,  29.8,   2.5,  22.9,  1.244, -0.006,  0.000,5413013.8,  1,  20.9,   1.0, 0.100
2025-10-08 09:46:55,        0,  29.8,   2.3,  22.9,  1.189, -0.010,  0.000,5413003.7,  1,  20.9,   1.0, 0.100
2025-10-08 09:46:56,        0,  29.8,   2.3,  22.9,  1.136, -0.012,  0.000,5412991.2,  1,  20.9,   1.0, 0.100
2025-10-08 09:46:57,        0,  29.7,   2.0,  22.9,  1.108, -0.012,  0.000,5413719.1,  1,  20.9,   1.0, 0.100
2025-10-08 09:46:58,        0,  30.1,   3.4,  22.9,  1.345,  0.021,  0.000,5413918.6,  1,  20.9,   1.0, 0.100
2025-10-08 09:46:59,        0,  29.8,   2.5,  22.9,  5.436,  4.372,  0.024,5418224.8,  1,  20.9,   1.0, 0.100
2025-10-08 09:47:00,        0,  29.5,   1.6,  22.9,  3.734,  2.436,  0.011,5420101.5,  1,  20.9,   1.0, 0.100
2025-10-08 09:47:01,        0,  29.8,   2.3,  22.9,  1.284,  0.002,  0.000,5420115.4,  1,  20.9,   1.0, 0.100
2025-10-08 09:47:02,        0,  29.3,   0.9,  22.9,  1.210, -0.008,  0.000,5420107.0,  1,  20.9,   1.0, 0.100
2025-10-08 09:47:03,        0,  29.7,   2.0,  23.0,  1.147, -0.011,  0.000,5420096.5,  1,  20.9,   1.0, 0.100
2025-10-08 09:47:04,        0,  29.6,   1.8,  22.9,  1.116, -0.012,  0.000,5420086.0,  1,  20.9,   1.0, 0.100
2025-10-08 09:47:05,        0,  29.7,   2.0,  22.9,  1.075, -0.012,  0.000,5420072.2,  1,  20.9,   1.0, 0.100
2025-10-08 09:47:06,        0,  29.8,   2.3,  22.9,  1.050, -0.012,  0.000,5420060.5,  1,  20.9,   1.0, 0.100
2025-10-08 09:47:07,        0,  29.8,   2.3,  23.0,  1.014, -0.011,  0.000,5420049.1,  1,  20.9,   1.0, 0.100
2025-10-08 09:47:08,        0,  29.9,   2.7,  23.0,  0.993, -0.012,  0.000,5420038.2,  1,  20.9,   1.0, 0.100
2025-10-08 09:47:09,        0,  29.9,   2.7,  23.0,  5.401,  4.368,  0.024,5423355.0,  1,  20.9,   1.0, 0.100
2025-10-08 09:47:10,        0,  29.8,   2.3,  22.9,  2.827,  1.454,  0.005,5426367.4,  1,  20.9,   1.0, 0.100
2025-10-08 09:47:11,        0,  28.7,   0.0,  22.9,  1.316,  0.016,  0.000,5426385.9,  1,  20.9,   1.0, 0.100
2025-10-08 09:47:12,        0,  29.7,   2.2,  23.0,  1.180, -0.007,  0.000,5426380.0,  1,  20.9,   1.0, 0.100
2025-10-08 09:47:13,        0,  29.7,   2.0,  22.9,  1.135, -0.010,  0.000,5426370.4,  1,  20.9,   1.0, 0.100
2025-10-08 09:47:14,        0,  29.5,   1.6,  22.9,  1.084, -0.011,  0.000,5426357.8,  1,  20.9,   1.0, 0.100
2025-10-08 09:47:15,        0,  29.6,   1.8,  22.9,  1.055, -0.011,  0.000,5426346.9,  1,  20.9,   1.0, 0.100
2025-10-08 09:47:16,        0,  29.6,   1.8,  23.0,  1.027, -0.011,  0.000,5426336.4,  1,  20.9,   1.0, 0.100
2025-10-08 09:47:17,        0,  29.7,   2.0,  22.9,  0.988, -0.011,  0.000,5426326.3,  1,  20.9,   1.0, 0.100
2025-10-08 09:47:18,        0,  29.7,   2.0,  22.9,  0.964, -0.011,  0.000,5426315.9,  1,  20.9,   1.0, 0.100
2025-10-08 09:47:19,        0,  29.8,   2.3,  22.9,  0.933, -0.011,  0.000,5426303.3,  1,  20.9,   1.0, 0.100
2025-10-08 09:47:20,        0,  29.7,   2.0,  22.9,  0.915, -0.011,  0.000,5426292.8,  1,  20.9,   1.0, 0.100
2025-10-08 09:47:21,        0,  29.8,   2.3,  22.9,  0.898, -0.011,  0.000,5426282.8,  1,  20.9,   1.0, 0.100
2025-10-08 09:47:22,        0,  29.7,   2.2,  22.9,  0.874, -0.011,  0.000,5426272.3,  1,  20.9,   1.0, 0.100
2025-10-08 09:47:23,        0,  29.8,   2.3,  22.9,  0.855, -0.011,  0.000,5426260.1,  1,  20.9,   1.0, 0.100
2025-10-08 09:47:24,        0,  29.7,   2.2,  22.9,  0.842, -0.010,  0.000,5426249.7,  1,  20.9,   1.0, 0.100
2025-10-08 09:47:25,        0,  29.8,   2.5,  22.9,  0.831, -0.011,  0.000,5426239.2,  1,  20.9,   1.0, 0.100
2025-10-08 09:47:26,        0,  30.0,   2.9,  22.9,  0.814, -0.011,  0.000,5426229.1,  1,  20.9,   1.0, 0.100
2025-10-08 09:47:27,        0,  29.9,   2.7,  22.9,  5.363,  4.374,  0.023,5431100.7,  1,  20.9,   1.0, 0.100
2025-10-08 09:47:28,        0,  29.6,   1.8,  22.9,  5.373,  4.375,  0.024,5435264.0,  1,  20.9,   1.0, 0.100
2025-10-08 09:47:29,        0,  29.5,   1.6,  22.9,  1.460,  0.109,  0.000,5435719.5,  1,  20.9,   1.0, 0.100
2025-10-08 09:47:30,        0,  29.3,   0.8,  22.9,  1.216,  0.001,  0.000,5435721.2,  1,  20.9,   1.0, 0.100
2025-10-08 09:47:31,        0,  29.6,   1.8,  22.9,  1.122, -0.008,  0.000,5435713.7,  1,  20.9,   1.0, 0.100
2025-10-08 09:47:32,        0,  29.2,   0.6,  22.9,  1.084, -0.010,  0.000,5435702.3,  1,  20.9,   1.0, 0.100
2025-10-08 09:47:33,        0,  29.4,   1.1,  22.9,  1.036, -0.011,  0.000,5435691.9,  1,  20.9,   1.0, 0.100
2025-10-08 09:47:34,        0,  29.4,   1.1,  22.9,  1.009, -0.011,  0.000,5435681.8,  1,  20.9,   1.0, 0.100
2025-10-08 09:47:35,        0,  29.5,   1.5,  22.9,  0.983, -0.011,  0.000,5435671.3,  1,  20.9,   1.0, 0.100
2025-10-08 09:47:36,        0,  29.5,   1.5,  23.0,  0.946, -0.010,  0.000,5435658.8,  1,  20.9,   1.0, 0.100
2025-10-08 09:47:37,        0,  29.4,   1.3,  22.9,  0.923, -0.010,  0.000,5435650.0,  1,  20.9,   1.0, 0.100
2025-10-08 09:47:38,        0,  29.5,   1.5,  22.9,  0.892, -0.010,  0.000,5435639.5,  1,  20.9,   1.0, 0.100
2025-10-08 09:47:39,        0,  29.4,   1.3,  22.9,  0.874, -0.010,  0.000,5435630.3,  1,  20.9,   1.0, 0.100
2025-10-08 09:47:40,        0,  29.5,   1.5,  23.0,  0.849, -0.010,  0.000,5435617.3,  1,  20.9,   1.0, 0.100
2025-10-08 09:47:41,        0,  29.5,   1.6,  22.9,  0.835, -0.011,  0.000,5435608.0,  1,  20.9,   1.0, 0.100
2025-10-08 09:47:42,        0,  29.5,   1.5,  22.9,  0.815, -0.011,  0.000,5435597.6,  1,  20.9,   1.0, 0.100
2025-10-08 09:47:43,        0,  29.5,   1.5,  22.9,  0.802, -0.010,  0.000,5435587.9,  1,  20.9,   1.0, 0.100
2025-10-08 09:47:44,        0,  29.6,   1.8,  22.9,  0.791, -0.010,  0.000,5435578.3,  1,  20.9,   1.0, 0.100
2025-10-08 09:47:45,        0,  29.5,   1.6,  22.9,  0.774, -0.010,  0.000,5435566.1,  1,  20.9,   1.0, 0.100
2025-10-08 09:47:46,        0,  29.6,   1.8,  22.9,  0.764, -0.010,  0.000,5435556.9,  1,  20.9,   1.0, 0.100
2025-10-08 09:47:47,        0,  29.5,   1.6,  23.0,  0.750, -0.010,  0.000,5435547.7,  1,  20.9,   1.0, 0.100
2025-10-08 09:47:48,        0,  29.5,   1.6,  22.9,  0.742, -0.010,  0.000,5435536.4,  1,  20.9,   1.0, 0.100
2025-10-08 09:47:49,        0,  29.5,   1.6,  22.9,  0.729, -0.010,  0.000,5435526.7,  1,  20.9,   1.0, 0.100
2025-10-08 09:47:50,        0,  29.5,   1.6,  22.9,  0.721, -0.010,  0.000,5435516.7,  1,  20.9,   1.0, 0.100
2025-10-08 09:47:51,        0,  29.6,   1.8,  23.0,  0.714, -0.009,8005.878,5435507.9,  1,  20.9,   1.0, 0.100
2025-10-08 09:47:52,        0,  29.6,   1.8,  23.0,  0.703, -0.010,  0.000,5435498.7,  1,  20.9,   1.0, 0.100
2025-10-08 09:47:53,        0,  29.5,   1.5,  22.9,  0.696, -0.010,  0.000,5435487.8,  1,  20.9,   1.0, 0.100
2025-10-08 09:47:54,        0,  29.5,   1.6,  23.0,  0.687, -0.009,  0.000,5435479.0,  1,  20.9,   1.0, 0.100
2025-10-08 09:47:55,        0,  29.5,   1.6,  22.9,  0.680, -0.009,  0.000,5435470.2,  1,  20.9,   1.0, 0.100
2025-10-08 09:47:56,        0,  29.6,   1.8,  23.0,  0.675, -0.009,  0.000,5435462.2,  1,  20.9,   1.0, 0.100
2025-10-08 09:47:57,        0,  29.6,   1.8,  22.9,  0.667, -0.009,  0.000,5435450.5,  1,  20.9,   1.0, 0.100
2025-10-08 09:47:58,        0,  29.7,   2.2,  22.9,  0.662, -0.009,  0.000,5435442.5,  1,  20.9,   1.0, 0.100
2025-10-08 09:47:59,        0,  29.7,   2.0,  23.0,  0.654, -0.009,  0.000,5435433.3,  1,  20.9,   1.0, 0.100
2025-10-08 09:48:00,        0,  29.7,   2.2,  22.9,  0.649, -0.009,  0.000,5435424.5,  1,  20.9,   1.0, 0.100
2025-10-08 09:48:01,        0,  29.7,   2.2,  23.0,  0.642, -0.009,  0.000,5435414.0,  1,  20.9,   1.0, 0.100
2025-10-08 09:48:02,        0,  29.7,   2.2,  22.9,  0.638, -0.009,  0.000,5435405.6,  1,  20.9,   1.0, 0.100
2025-10-08 09:48:03,        0,  29.7,   2.2,  22.9,  0.633, -0.009,  0.000,5435396.8,  1,  20.9,   1.0, 0.100
2025-10-08 09:48:04,        0,  29.7,   2.0,  22.9,  0.627, -0.009,  0.000,5435388.0,  1,  20.9,   1.0, 0.100
2025-10-08 09:48:05,        0,  29.7,   2.2,  23.0,  0.620, -0.009,  0.000,5435378.0,  1,  20.9,   1.0, 0.100
2025-10-08 09:48:06,        0,  29.7,   2.2,  23.0,  0.616, -0.009,  0.000,5435369.6,  1,  20.9,   1.0, 0.100
2025-10-08 09:48:07,        0,  29.7,   2.2,  23.0,  0.612, -0.009,  0.000,5435361.2,  1,  20.9,   1.0, 0.100
2025-10-08 09:48:08,        0,  29.7,   2.2,  22.9,  0.609, -0.009,  0.000,5435352.8,  1,  20.9,   1.0, 0.100
2025-10-08 09:48:09,        0,  29.7,   2.2,  22.9,  0.603, -0.008,  0.000,5435342.8,  1,  20.9,   1.0, 0.100
2025-10-08 09:48:10,        0,  29.7,   2.2,  22.9,  0.598, -0.009,  0.000,5435334.4,  1,  20.9,   0.9, 0.100
2025-10-08 09:48:11,        0,  29.8,   2.5,  23.0,  0.594, -0.009,  0.000,5435325.6,  1,  20.9,   0.9, 0.100
2025-10-08 09:48:12,        0,  29.8,   2.3,  23.0,  0.591, -0.009,  0.000,5435318.0,  1,  20.9,   0.9, 0.100
2025-10-08 09:48:13,        0,  29.8,   2.3,  22.9,  0.586, -0.008,  0.000,5435310.1,  1,  21.0,   0.9, 0.100
2025-10-08 09:48:14,        0,  29.8,   2.3,  23.0,  0.583, -0.008,  0.000,5435300.9,  1,  20.9,   0.9, 0.100
2025-10-08 09:48:15,        0,  29.8,   2.5,  23.0,  0.577, -0.008,  0.000,5435292.9,  1,  20.9,   0.9, 0.100
2025-10-08 09:48:16,        0,  29.8,   2.3,  23.0,  0.574, -0.008,  0.000,5435284.5,  1,  20.9,   0.9, 0.100
2025-10-08 09:48:17,        0,  29.8,   2.3,  23.0,  0.571, -0.008,  0.000,5435277.0,  1,  20.9,   0.9, 0.100
2025-10-08 09:48:18,        0,  29.8,   2.3,  22.9,  0.566, -0.008,  0.000,5435267.7,  1,  20.9,   0.9, 0.100
2025-10-08 09:48:19,        0,  29.8,   2.3,  22.9,  0.562, -0.008,  0.000,5435260.6,  1,  20.9,   1.0, 0.100
2025-10-08 09:48:20,        0,  29.8,   2.5,  23.0,  0.557, -0.008,  0.000,5435252.7,  1,  21.0,   0.9, 0.100
2025-10-08 09:48:21,        0,  29.8,   2.5,  22.9,  0.554, -0.008,  0.000,5435244.7,  1,  20.9,   0.9, 0.100
2025-10-08 09:48:22,        0,  29.8,   2.5,  22.9,  0.551, -0.008,  0.000,5435236.7,  1,  20.9,   0.9, 0.100
2025-10-08 09:48:23,        0,  29.9,   2.7,  22.9,  0.546, -0.008,  0.000,5435228.3,  1,  20.9,   1.0, 0.100
2025-10-08 09:48:24,        0,  29.9,   2.7,  23.0,  5.063,  4.168,  0.021,5437781.5,  1,  20.9,   1.0, 0.100
2025-10-08 09:48:25,        0,  29.8,   2.3,  22.9,  3.488,  2.362,  0.010,5439834.6,  1,  20.9,   1.0, 0.100
2025-10-08 09:48:26,        0,  29.6,   1.8,  22.9,  1.199,  0.026,  0.000,5439879.9,  1,  20.9,   1.0, 0.100
2025-10-08 09:48:27,        0,  29.4,   1.3,  22.9,  1.045, -0.006,  0.000,5439874.9,  1,  21.0,   1.0, 0.100
2025-10-08 09:48:28,        0,  29.5,   1.6,  22.9,  0.999, -0.008,  0.000,5439868.2,  1,  20.9,   1.0, 0.100
2025-10-08 09:48:29,        0,  29.6,   1.8,  22.9,  0.945, -0.009,  0.000,5439858.9,  1,  20.9,   1.0, 0.100
2025-10-08 09:48:30,        0,  29.5,   1.6,  22.9,  0.915, -0.009,  0.000,5439849.7,  1,  21.0,   1.0, 0.100
2025-10-08 09:48:31,        0,  29.6,   1.8,  22.9,  0.889, -0.009,  0.000,5439841.7,  1,  20.9,   1.0, 0.100
2025-10-08 09:48:32,        0,  29.7,   2.0,  22.9,  0.850, -0.009,  0.000,5439831.3,  1,  21.0,   1.0, 0.100
2025-10-08 09:48:33,        0,  29.6,   1.8,  22.9,  0.826, -0.009,  0.000,5439823.3,  1,  21.0,   1.0, 0.100
2025-10-08 09:48:34,        0,  29.6,   1.8,  23.0,  0.794, -0.009,  0.000,5439814.5,  1,  20.9,   1.0, 0.100
2025-10-08 09:48:35,        0,  29.5,   1.6,  22.9,  0.775, -0.009,  0.000,5439807.0,  1,  21.0,   1.0, 0.100
2025-10-08 09:48:36,        0,  29.7,   2.0,  23.0,  0.750, -0.009,  0.000,5439796.5,  1,  21.0,   1.0, 0.100
2025-10-08 09:48:37,        0,  29.7,   2.0,  22.9,  0.734, -0.009,  0.000,5439787.7,  1,  21.0,   1.0, 0.100
2025-10-08 09:48:38,        0,  29.6,   1.8,  23.0,  0.721, -0.009,  0.000,5439779.7,  1,  21.0,   1.0, 0.100
2025-10-08 09:48:39,        0,  29.7,   2.0,  23.0,  0.702, -0.009,  0.000,5439771.8,  1,  21.0,   1.0, 0.100
2025-10-08 09:48:40,        0,  29.6,   1.8,  23.0,  0.690, -0.009,  0.000,5439761.7,  1,  21.0,   1.0, 0.100
2025-10-08 09:48:41,        0,  29.6,   1.8,  23.0,  0.674, -0.009,  0.000,5439753.7,  1,  20.9,   1.0, 0.100
2025-10-08 09:48:42,        0,  29.7,   2.0,  22.9,  0.663, -0.008,  0.000,5439745.4,  1,  21.0,   1.0, 0.100
2025-10-08 09:48:43,        0,  29.6,   1.8,  23.0,  0.654, -0.009,  0.000,5439737.4,  1,  21.0,   1.0, 0.100
2025-10-08 09:48:44,        0,  29.6,   1.8,  23.0,  0.639, -0.009,  0.000,5439729.8,  1,  21.0,   1.0, 0.100
2025-10-08 09:48:45,        0,  29.7,   2.0,  23.0,  0.628, -0.008,  0.000,5439719.8,  1,  21.0,   1.0, 0.100
2025-10-08 09:48:46,        0,  29.7,   2.0,  23.0,  0.619, -0.008,  0.000,5439712.7,  1,  21.0,   1.0, 0.100
2025-10-08 09:48:47,        0,  29.7,   2.0,  23.0,  0.611, -0.008,  0.000,5439704.3,  1,  21.0,   1.0, 0.100
2025-10-08 09:48:48,        0,  29.6,   1.8,  23.0,  0.604, -0.008,  0.000,5439696.3,  1,  21.0,   1.0, 0.100
2025-10-08 09:48:49,        0,  29.7,   2.0,  23.0,  0.594, -0.008,  0.000,5439687.1,  1,  21.0,   1.0, 0.100
2025-10-08 09:48:50,        0,  29.7,   2.0,  22.9,  0.585, -0.008,  0.000,5439679.1,  1,  21.0,   1.0, 0.100
2025-10-08 09:48:51,        0,  29.7,   2.0,  23.0,  0.579, -0.008,  0.000,5439672.4,  1,  21.0,   1.0, 0.100
2025-10-08 09:48:52,        0,  29.7,   2.0,  23.0,  0.573, -0.008,  0.000,5439664.5,  1,  21.0,   1.0, 0.100
2025-10-08 09:48:53,        0,  29.7,   2.0,  23.0,  0.565, -0.008,  0.000,5439656.9,  1,  20.9,   1.0, 0.100
2025-10-08 09:48:54,        0,  29.7,   2.0,  23.0,  0.560, -0.008,  0.000,5439648.1,  1,  21.0,   1.0, 0.100
2025-10-08 09:48:55,        0,  29.7,   2.0,  23.0,  0.553, -0.007,  0.000,5439641.0,  1,  21.0,   1.0, 0.100
2025-10-08 09:48:56,        0,  29.7,   2.2,  22.9,  0.549, -0.008,  0.000,5439633.5,  1,  21.0,   1.0, 0.100
2025-10-08 09:48:57,        0,  29.7,   2.2,  23.0,  0.545, -0.008,  0.000,5439626.8,  1,  21.0,   1.0, 0.100
2025-10-08 09:48:58,        0,  29.7,   2.2,  22.9,  0.539, -0.008,  0.000,5439617.1,  1,  21.0,   1.0, 0.100
2025-10-08 09:48:59,        0,  29.7,   2.2,  23.0,  0.535, -0.008,  0.000,5439609.6,  1,  21.0,   1.0, 0.100
2025-10-08 09:49:00,        0,  29.7,   2.2,  22.9,  0.530, -0.008,  0.000,5439602.4,  1,  21.0,   1.0, 0.100
2025-10-08 09:49:01,        0,  29.7,   2.0,  22.9,  0.526, -0.007,  0.000,5439595.7,  1,  21.0,   1.0, 0.100
2025-10-08 09:49:02,        0,  29.7,   2.2,  22.9,  0.523, -0.007,  0.000,5439588.2,  1,  21.0,   1.0, 0.100
2025-10-08 09:49:03,        0,  29.7,   2.2,  22.9,  0.518, -0.008,  0.000,5439579.4,  1,  21.0,   1.0, 0.100
2025-10-08 09:49:04,        0,  29.7,   2.2,  22.9,  0.513, -0.007,  0.000,5439572.7,  1,  21.0,   1.0, 0.100
2025-10-08 09:49:05,        0,  29.7,   2.2,  22.9,  0.510, -0.007,  0.000,5439565.6,  1,  21.0,   1.0, 0.100
2025-10-08 09:49:06,        0,  29.7,   2.2,  22.9,  0.507, -0.007,  0.000,5439558.9,  1,  21.0,   1.0, 0.100
2025-10-08 09:49:07,        0,  29.7,   2.2,  22.9,  0.503, -0.007,  0.000,5439550.5,  1,  21.0,   1.0, 0.100
2025-10-08 09:49:08,        0,  29.7,   2.2,  22.9,  0.500, -0.007,  0.000,5439543.8,  1,  21.0,   1.0, 0.100
2025-10-08 09:49:09,        0,  29.7,   2.2,  22.9,  0.497, -0.007,  0.000,5439537.1,  1,  21.0,   1.0, 0.100
2025-10-08 09:49:10,        0,  29.7,   2.0,  22.9,  0.493, -0.007,  0.000,5439530.4,  1,  21.0,   1.0, 0.100
2025-10-08 09:49:11,        0,  29.7,   2.2,  22.9,  0.490, -0.007,  0.000,5439522.4,  1,  21.0,   1.0, 0.100
2025-10-08 09:49:12,        0,  29.7,   2.2,  22.9,  0.487, -0.007,  0.000,5439515.7,  1,  21.0,   1.0, 0.100
2025-10-08 09:49:13,        0,  29.7,   2.2,  22.9,  0.485, -0.007,  0.000,5439508.6,  1,  21.0,   1.0, 0.100
2025-10-08 09:49:14,        0,  29.7,   2.2,  22.9,  0.481, -0.007,  0.000,5439502.3,  1,  21.0,   1.0, 0.100
2025-10-08 09:49:15,        0,  29.7,   2.2,  22.9,  0.480, -0.007,  0.000,5439496.0,  1,  21.0,   1.0, 0.100
2025-10-08 09:49:16,        0,  29.7,   2.2,  22.9,  0.476, -0.007,  0.000,5439488.0,  1,  21.0,   1.0, 0.100
2025-10-08 09:49:17,        0,  29.7,   2.2,  22.9,  0.474, -0.007,  0.000,5439481.3,  1,  21.0,   1.0, 0.100
2025-10-08 09:49:18,        0,  29.7,   2.0,  22.9,  0.472, -0.007,  0.000,5439474.2,  1,  21.0,   1.0, 0.100
2025-10-08 09:49:19,        0,  29.7,   2.2,  23.0,  0.469, -0.007,  0.000,5439467.9,  1,  21.0,   1.0, 0.100
2025-10-08 09:49:20,        0,  29.8,   2.3,  22.9,  0.465, -0.007,  0.000,5439460.8,  1,  21.0,   1.0, 0.100
2025-10-08 09:49:21,        0,  29.7,   2.2,  23.0,  0.464, -0.006,  0.000,5439453.7,  1,  21.0,   1.0, 0.100
2025-10-08 09:49:22,        0,  29.7,   2.2,  23.0,  0.462, -0.007,  0.000,5439447.4,  1,  21.0,   1.0, 0.100
2025-10-08 09:49:23,        0,  29.7,   2.2,  23.0,  0.460, -0.007,  0.000,5439441.1,  1,  21.0,   1.0, 0.100
2025-10-08 09:49:24,        0,  29.8,   2.3,  22.9,  0.457, -0.007,  0.000,5439433.1,  1,  21.0,   0.9, 0.100
2025-10-08 09:49:25,        0,  29.7,   2.2,  22.9,  0.455, -0.007,  0.000,5439426.4,  1,  21.0,   1.0, 0.100
2025-10-08 09:49:26,        0,  29.7,   2.2,  22.9,  0.453, -0.007,  0.000,5439420.6,  1,  21.0,   1.0, 0.100
2025-10-08 09:49:27,        0,  29.7,   2.2,  22.9,  0.451, -0.007,  0.000,5439413.4,  1,  21.0,   0.9, 0.100
2025-10-08 09:49:28,        0,  29.8,   2.3,  22.9,  0.449, -0.007,  0.000,5439408.0,  1,  21.1,   0.9, 0.100
2025-10-08 09:49:29,        0,  29.8,   2.3,  22.9,  0.447, -0.006,  0.000,5439399.6,  1,  21.0,   1.0, 0.100
2025-10-08 09:49:30,        0,  29.8,   2.3,  23.0,  0.444, -0.006,  0.000,5439394.2,  1,  21.0,   0.9, 0.100
2025-10-08 09:49:31,        0,  29.7,   2.2,  22.9,  0.443, -0.007,  0.000,5439387.4,  1,  21.0,   0.9, 0.100
2025-10-08 09:49:32,        0,  29.8,   2.3,  22.9,  0.441, -0.006,  0.000,5439381.6,  1,  21.1,   0.9, 0.100
2025-10-08 09:49:33,        0,  29.8,   2.3,  22.9,  0.438, -0.007,  0.000,5439374.0,  1,  21.0,   0.9, 0.100
2025-10-08 09:49:34,        0,  29.8,   2.3,  22.9,  0.437, -0.007,  0.000,5439367.8,  1,  21.1,   0.9, 0.100
2025-10-08 09:49:35,        0,  29.7,   2.2,  23.0,  0.435, -0.007,  0.000,5439361.9,  1,  21.0,   0.9, 0.100
2025-10-08 09:49:36,        0,  29.7,   2.2,  23.0,  0.433, -0.007,  0.000,5439356.0,  1,  21.1,   0.9, 0.100
2025-10-08 09:49:37,        0,  29.8,   2.3,  22.9,  0.430, -0.006,  0.000,5439348.1,  1,  21.0,   0.9, 0.100
2025-10-08 09:49:38,        0,  29.8,   2.3,  22.9,  0.429, -0.006,  0.000,5439342.6,  1,  21.0,   0.9, 0.100
2025-10-08 09:49:39,        0,  29.8,   2.3,  22.9,  0.427, -0.007,  0.000,5439336.7,  1,  21.0,   0.9, 0.100
2025-10-08 09:49:40,        0,  29.8,   2.3,  23.0,  0.425, -0.006,  0.000,5439330.5,  1,  21.1,   1.0, 0.100
2025-10-08 09:49:41,        0,  29.8,   2.3,  22.9,  0.422, -0.007,  0.000,5439323.3,  1,  21.0,   1.0, 0.100
2025-10-08 09:49:42,        0,  29.8,   2.3,  22.9,  0.422, -0.006,  0.000,5439317.9,  1,  21.0,   1.0, 0.100
2025-10-08 09:49:43,        0,  29.8,   2.3,  22.9,  0.420, -0.006,  0.000,5439312.0,  1,  21.0,   1.0, 0.100
2025-10-08 09:49:44,        0,  29.8,   2.3,  22.9,  0.419, -0.006,  0.000,5439306.1,  1,  21.0,   1.0, 0.100
2025-10-08 09:49:45,        0,  29.8,   2.3,  22.9,  0.416, -0.006,  0.000,5439299.0,  1,  21.0,   1.0, 0.100
2025-10-08 09:49:46,        0,  29.8,   2.3,  22.9,  0.414, -0.006,  0.000,5439293.6,  1,  21.0,   1.0, 0.100
2025-10-08 09:49:47,        0,  29.8,   2.3,  22.9,  0.413, -0.006,  0.000,5439287.7,  1,  21.0,   1.0, 0.100
2025-10-08 09:49:48,        0,  29.8,   2.3,  22.9,  0.411, -0.005,  0.000,5439282.3,  1,  21.0,   1.0, 0.100
2025-10-08 09:49:49,        0,  29.8,   2.5,  22.9,  0.409, -0.006,  0.000,5439275.1,  1,  21.0,   1.0, 0.100
2025-10-08 09:49:50,        0,  29.8,   2.3,  22.9,  0.408, -0.006,  0.000,5439269.7,  1,  21.0,   1.0, 0.100
2025-10-08 09:49:51,        0,  29.8,   2.3,  22.9,  0.406, -0.006,  0.000,5439263.8,  1,  21.1,   1.0, 0.100
2025-10-08 09:49:52,        0,  29.8,   2.3,  22.9,  0.404, -0.006,  0.000,5439258.4,  1,  21.0,   1.0, 0.100
2025-10-08 09:49:53,        0,  29.8,   2.3,  22.9,  0.403, -0.006,  0.000,5439252.5,  1,  21.1,   1.0, 0.100
2025-10-08 09:49:54,        0,  29.8,   2.3,  22.9,  0.401, -0.006,  0.000,5439246.2,  1,  21.1,   1.0, 0.100
2025-10-08 09:49:55,        0,  29.8,   2.3,  22.9,  0.399, -0.005,  0.000,5439240.8,  1,  21.0,   1.0, 0.100
2025-10-08 09:49:56,        0,  29.8,   2.3,  22.9,  0.397, -0.006,  0.000,5439235.3,  1,  21.0,   1.0, 0.100
2025-10-08 09:49:57,        0,  29.7,   2.2,  22.9,  0.396, -0.005,  0.000,5439229.4,  1,  21.0,   1.0, 0.100
2025-10-08 09:49:58,        0,  29.8,   2.3,  22.9,  0.394, -0.006,  0.000,5439222.3,  1,  21.1,   1.0, 0.100
2025-10-08 09:49:59,        0,  29.8,   2.5,  22.9,  0.393, -0.006,  0.000,5439216.5,  1,  21.0,   1.0, 0.100
2025-10-08 09:50:00,        0,  29.8,   2.5,  22.9,  0.391, -0.006,  0.000,5439211.0,  1,  21.0,   1.0, 0.100
2025-10-08 09:50:01,        0,  29.8,   2.5,  22.9,  0.390, -0.006,  0.000,5439206.0,  1,  21.0,   1.0, 0.100
2025-10-08 09:50:02,        0,  29.8,   2.3,  22.9,  0.389, -0.006,  0.000,5439201.0,  1,  21.0,   1.0, 0.100
2025-10-08 09:50:03,        0,  29.8,   2.5,  22.9,  0.387, -0.006,  0.000,5439193.8,  1,  21.0,   1.0, 0.100
2025-10-08 09:50:04,        0,  29.8,   2.5,  22.9,  0.385, -0.006,  0.000,5439188.0,  1,  21.1,   1.0, 0.100
2025-10-08 09:50:05,        0,  29.8,   2.5,  22.9,  0.384, -0.005,  0.000,5439183.3,  1,  21.0,   1.0, 0.100
2025-10-08 09:50:06,        0,  29.8,   2.3,  22.9,  0.382, -0.005,  0.000,5439177.9,  1,  21.1,   1.0, 0.100
2025-10-08 09:50:07,        0,  29.8,   2.5,  22.9,  0.380, -0.005,  0.000,5439171.6,  1,  21.0,   1.0, 0.100
2025-10-08 09:50:08,        0,  29.7,   2.0,  22.9,  0.379, -0.005,  0.000,5439166.6,  1,  21.0,   1.1, 0.100
2025-10-08 09:50:09,        0,  29.8,   2.5,  22.9,  0.377, -0.006,  0.000,5439161.1,  1,  21.0,   1.0, 0.100
2025-10-08 09:50:10,        0,  29.8,   2.3,  22.9,  0.375, -0.005,  0.000,5439156.1,  1,  21.1,   1.1, 0.100
2025-10-08 09:50:11,        0,  29.8,   2.3,  22.9,  0.374, -0.005,  0.000,5439150.2,  1,  21.1,   1.1, 0.100
2025-10-08 09:50:12,        0,  29.8,   2.5,  22.9,  0.372, -0.005,  0.000,5439144.8,  1,  21.1,   1.1, 0.100
2025-10-08 09:50:13,        0,  29.8,   2.5,  22.9,  0.371, -0.006,  0.000,5439140.2,  1,  21.0,   1.1, 0.100
2025-10-08 09:50:14,        0,  29.8,   2.5,  22.9,  0.369, -0.006,  0.000,5439134.7,  1,  21.0,   1.1, 0.100
2025-10-08 09:50:15,        0,  29.8,   2.5,  22.9,  0.368, -0.005,  0.000,5439129.7,  1,  21.1,   1.1, 0.100
2025-10-08 09:50:16,        0,  29.8,   2.5,  22.9,  0.366, -0.006,  0.000,5439123.0,  1,  21.1,   1.1, 0.100
2025-10-08 09:50:17,        0,  29.8,   2.5,  22.9,  0.365, -0.005,  0.000,5439118.4,  1,  21.1,   1.1, 0.100
2025-10-08 09:50:18,        0,  29.8,   2.5,  22.9,  0.363, -0.006,  0.000,5439112.5,  1,  21.1,   1.1, 0.100
2025-10-08 09:50:19,        0,  29.8,   2.5,  22.9,  0.362, -0.005,  0.000,5439107.9,  1,  21.1,   1.1, 0.100
2025-10-08 09:50:20,        0,  29.8,   2.3,  22.9,  0.360, -0.005,  0.000,5439101.2,  1,  21.1,   1.1, 0.100
2025-10-08 09:50:21,        0,  29.8,   2.5,  22.9,  0.358, -0.005,  0.000,5439096.6,  1,  21.1,   1.1, 0.100
2025-10-08 09:50:22,        0,  29.8,   2.5,  22.9,  0.357, -0.005,  0.000,5439092.0,  1,  21.1,   1.1, 0.100
2025-10-08 09:50:23,        0,  29.8,   2.5,  22.9,  0.356, -0.005,  0.000,5439087.0,  1,  21.1,   1.1, 0.100
2025-10-08 09:50:24,        0,  29.8,   2.3,  22.9,  0.355, -0.005,  0.000,5439081.5,  1,  21.1,   1.1, 0.100
2025-10-08 09:50:25,        0,  29.8,   2.5,  22.9,  0.353, -0.005,  0.000,5439076.1,  1,  21.1,   1.0, 0.100
2025-10-08 09:50:26,        0,  29.8,   2.5,  22.9,  0.352, -0.005,  0.000,5439071.5,  1,  21.1,   1.0, 0.100
2025-10-08 09:50:27,        0,  29.8,   2.5,  22.9,  0.350, -0.005,  0.000,5439066.4,  1,  21.1,   1.0, 0.100
2025-10-08 09:50:28,        0,  29.8,   2.5,  22.9,  0.348, -0.005,  0.000,5439061.0,  1,  21.1,   1.0, 0.100
2025-10-08 09:50:29,        0,  29.9,   2.7,  22.9,  0.346, -0.005,  0.000,5439055.5,  1,  21.1,   1.0, 0.100
2025-10-08 09:50:30,        0,  29.8,   2.5,  22.9,  4.550,  3.698,  0.018,5440804.0,  1,  21.1,   1.0, 0.100
2025-10-08 09:50:31,        0,  29.7,   2.2,  22.9,  1.087,  0.011,  0.000,5440841.3,  1,  21.1,   1.0, 0.100
2025-10-08 09:50:32,        0,  29.7,   2.2,  22.9,  0.990, -0.003,  0.000,5440838.8,  1,  21.1,   1.0, 0.100
2025-10-08 09:50:33,        0,  29.7,   2.2,  22.9,  0.914, -0.007,  0.000,5440831.7,  1,  21.1,   1.0, 0.100
2025-10-08 09:50:34,        0,  29.7,   2.2,  22.9,  0.878, -0.008,  0.000,5440824.1,  1,  21.1,   1.0, 0.100
2025-10-08 09:50:35,        0,  29.8,   2.3,  22.9,  0.845, -0.008,  0.000,5440817.0,  1,  21.1,   1.0, 0.100
2025-10-08 09:50:36,        0,  29.7,   2.2,  22.9,  0.802, -0.008,  0.000,5440809.4,  1,  21.1,   1.0, 0.100
2025-10-08 09:50:37,        0,  29.7,   2.2,  22.9,  0.775, -0.008,  0.000,5440801.5,  1,  21.1,   1.0, 0.100
2025-10-08 09:50:38,        0,  29.8,   2.3,  22.9,  0.742, -0.008,  0.000,5440792.7,  1,  21.1,   1.0, 0.100
2025-10-08 09:50:39,        0,  29.8,   2.3,  22.9,  0.721, -0.009,  0.000,5440784.3,  1,  21.1,   1.0, 0.100
2025-10-08 09:50:40,        0,  29.8,   2.3,  22.9,  0.703, -0.008,  0.000,5440777.2,  1,  21.1,   1.0, 0.100
2025-10-08 09:50:41,        0,  29.8,   2.3,  22.9,  0.680, -0.007,  0.000,5440769.6,  1,  21.1,   1.0, 0.100
2025-10-08 09:50:42,        0,  29.8,   2.3,  22.9,  0.659, -0.008,  0.000,5440760.4,  1,  21.1,   1.0, 0.100
2025-10-08 09:50:43,        0,  29.7,   2.2,  22.9,  0.646, -0.008,  0.000,5440752.9,  1,  21.1,   1.0, 0.100
2025-10-08 09:50:44,        0,  29.7,   2.2,  22.9,  0.634, -0.007,  0.000,5440745.7,  1,  21.0,   1.0, 0.100
2025-10-08 09:50:45,        0,  29.8,   2.3,  22.9,  0.622, -0.007,  0.000,5440738.6,  1,  21.1,   1.0, 0.100
2025-10-08 09:50:46,        0,  29.8,   2.3,  22.9,  0.606, -0.007,  0.000,5440731.1,  1,  21.1,   1.0, 0.100
2025-10-08 09:50:47,        0,  29.8,   2.3,  22.9,  0.591, -0.007,  0.000,5440723.1,  1,  21.1,   1.0, 0.100
2025-10-08 09:50:48,        0,  29.8,   2.3,  22.9,  0.581, -0.007,  0.000,5440716.0,  1,  21.1,   0.9, 0.100
2025-10-08 09:50:49,        0,  29.8,   2.3,  22.9,  0.573, -0.007,  0.000,5440709.3,  1,  21.1,   1.0, 0.100
2025-10-08 09:50:50,        0,  29.7,   2.2,  22.9,  0.560, -0.007,  0.000,5440701.3,  1,  21.1,   1.0, 0.100
2025-10-08 09:50:51,        0,  29.7,   2.2,  22.9,  0.552, -0.007,  0.000,5440692.9,  1,  21.1,   1.0, 0.100
2025-10-08 09:50:52,        0,  29.8,   2.3,  22.9,  0.540, -0.007,  0.000,5440686.2,  1,  21.1,   0.9, 0.100
2025-10-08 09:50:53,        0,  29.8,   2.3,  22.9,  0.533, -0.007,  0.000,5440679.9,  1,  21.1,   0.9, 0.100
2025-10-08 09:50:54,        0,  29.8,   2.3,  22.9,  0.526, -0.007,  0.000,5440672.8,  1,  21.1,   0.9, 0.100
2025-10-08 09:50:55,        0,  29.8,   2.3,  22.9,  0.517, -0.007,  0.000,5440666.5,  1,  21.1,   0.9, 0.100
2025-10-08 09:50:56,        0,  29.8,   2.3,  22.9,  0.511, -0.007,  0.000,5440658.6,  1,  21.1,   0.9, 0.100
2025-10-08 09:50:57,        0,  29.8,   2.3,  22.9,  0.502, -0.007,  0.000,5440652.3,  1,  21.0,   0.9, 0.100
2025-10-08 09:50:58,        0,  29.8,   2.3,  22.9,  0.497, -0.006,  0.000,5440646.0,  1,  21.1,   0.9, 0.100
2025-10-08 09:50:59,        0,  29.8,   2.3,  22.9,  0.492, -0.007,  0.000,5440639.7,  1,  21.1,   0.9, 0.100
2025-10-08 09:51:00,        0,  29.8,   2.3,  22.9,  0.484, -0.007,  0.000,5440631.7,  1,  21.1,   0.9, 0.100
2025-10-08 09:51:01,        0,  29.8,   2.3,  22.9,  0.475, -0.006,  0.000,5440625.9,  1,  21.1,   0.9, 0.100
2025-10-08 09:51:02,        0,  29.8,   2.3,  22.9,  0.471, -0.006,  0.000,5440620.0,  1,  21.1,   0.9, 0.100
2025-10-08 09:51:03,        0,  29.8,   2.3,  22.9,  0.466, -0.006,  0.000,5440613.7,  1,  21.1,   0.9, 0.100
2025-10-08 09:51:04,        0,  29.8,   2.3,  22.9,  0.462, -0.007,  0.000,5440607.0,  1,  21.1,   0.9, 0.100
2025-10-08 09:51:05,        0,  29.8,   2.5,  22.9,  0.455, -0.006,  0.000,5440600.3,  1,  21.1,   0.9, 0.100
2025-10-08 09:51:06,        0,  29.8,   2.3,  22.9,  0.449, -0.006,  0.000,5440594.0,  1,  21.1,   0.9, 0.100
2025-10-08 09:51:07,        0,  29.8,   2.3,  22.9,  0.445, -0.006,  0.000,5440588.6,  1,  21.1,   0.9, 0.100
2025-10-08 09:51:08,        0,  29.8,   2.5,  22.9,  0.441, -0.006,  0.000,5440582.3,  1,  21.1,   0.9, 0.100
2025-10-08 09:51:09,        0,  29.8,   2.3,  22.9,  0.434, -0.006,  0.000,5440575.2,  1,  21.1,   0.9, 0.100
2025-10-08 09:51:10,        0,  29.8,   2.3,  22.9,  0.431, -0.007,  0.000,5440569.3,  1,  21.1,   1.0, 0.100
2025-10-08 09:51:11,        0,  29.8,   2.3,  22.9,  0.425, -0.006,  0.000,5440563.8,  1,  21.1,   1.0, 0.100
2025-10-08 09:51:12,        0,  29.8,   2.3,  22.9,  0.422, -0.006,  0.000,5440558.0,  1,  21.1,   1.0, 0.100
2025-10-08 09:51:13,        0,  29.8,   2.5,  22.9,  0.417, -0.006,  0.000,5440551.3,  1,  21.1,   1.0, 0.100
2025-10-08 09:51:14,        0,  29.8,   2.3,  22.9,  0.414, -0.006,  0.000,5440545.8,  1,  21.1,   1.0, 0.100
2025-10-08 09:51:15,        0,  29.8,   2.3,  22.9,  0.410, -0.006,  0.000,5440540.8,  1,  21.1,   1.0, 0.100
2025-10-08 09:51:16,        0,  29.8,   2.3,  22.9,  0.405, -0.006,  0.000,5440534.9,  1,  21.1,   1.0, 0.100
2025-10-08 09:51:17,        0,  29.8,   2.3,  22.9,  0.402, -0.005,  0.000,5440529.9,  1,  21.1,   1.0, 0.100
2025-10-08 09:51:18,        0,  29.8,   2.5,  22.9,  0.397, -0.005,  0.000,5440523.6,  1,  21.1,   1.0, 0.100
2025-10-08 09:51:19,        0,  29.8,   2.3,  22.9,  0.394, -0.006,  0.000,5440517.7,  1,  21.0,   1.0, 0.100
2165-165-165 45:165:85,        0,  29.8,   2.5,  22.9,  0.392, -0.006,  0.000,5440513.6,  1,  21.1,   1.0, 0.100
2025-10-08 09:51:21,        0,  29.8,   2.5,  22.9,  0.387, -0.005,  0.000,5440508.5,  1,  21.0,   1.0, 0.100
2025-10-08 09:51:22,        0,  29.8,   2.3,  22.9,  0.383, -0.005,  0.000,5440502.2,  1,  21.1,   1.0, 0.100
2025-10-08 09:51:23,        0,  29.8,   2.5,  22.9,  0.380, -0.005,  0.000,5440497.2,  1,  21.1,   1.0, 0.100
2025-10-08 09:51:24,        0,  29.8,   2.3,  22.9,  0.377, -0.006,  0.000,5440491.8,  1,  21.1,   1.0, 0.100
2025-10-08 09:51:25,        0,  29.8,   2.5,  22.9,  0.375, -0.000,  0.000,5440486.7,  1,  21.1,   1.0, 0.100
2025-10-08 09:51:26,        0,  29.8,   2.3,  22.9,  0.371, -0.005,  0.000,5440481.3,  1,  21.0,   1.0, 0.100
2025-10-08 09:51:27,        0,  29.8,   2.3,  22.9,  0.367, -0.005,  0.000,5440476.3,  1,  21.1,   1.0, 0.100
2025-10-08 09:51:28,        0,  29.8,   2.3,  22.9,  0.365, -0.005,  0.000,5440471.2,  1,  21.0,   1.0, 0.100
2025-10-08 09:51:29,        0,  29.8,   2.5,  22.9,  0.363, -0.005,  0.000,5440466.2,  1,  21.1,   1.0, 0.100
2025-10-08 09:51:30,        0,  29.8,   2.3,  22.9,  0.359, -0.005,  0.000,5440460.3,  1,  21.0,   1.0, 0.100
2025-10-08 09:51:31,        0,  29.8,   2.5,  22.9,  0.357, -0.006,  0.000,5440454.9,  1,  21.1,   1.0, 0.100
2025-10-08 09:51:32,        0,  29.8,   2.5,  22.9,  0.353, -0.005,  0.000,5440450.7,  1,  21.0,   1.0, 0.100
2025-10-08 09:51:33,        0,  29.8,   2.3,  22.9,  0.352, -0.005,  0.000,5440446.1,  1,  21.1,   1.0, 0.100
2025-10-08 09:51:34,        0,  29.8,   2.5,  22.9,  0.348, -0.005,  0.000,5440440.2,  1,  21.1,   1.0, 0.100
2025-10-08 09:51:35,        0,  29.8,   2.5,  22.9,  0.346, -0.005,  0.000,5440434.8,  1,  21.0,   1.0, 0.100
2025-10-08 09:51:36,        0,  29.9,   2.7,  22.9,  0.344, -0.005,  0.000,5440431.0,  1,  21.0,   0.9, 0.100
2025-10-08 09:51:37,        0,  29.8,   2.5,  22.9,  2.225,  0.996,  0.003,5442076.4,  1,  21.1,   0.9, 0.100
2025-10-08 09:51:38,        0,  29.8,   2.3,  22.9,  1.102,  0.016,  0.000,5442109.9,  1,  21.1,   0.9, 0.100
2025-10-08 09:51:39,        0,  29.7,   2.0,  22.9,  0.959, -0.005,  0.000,5442106.1,  1,  21.0,   0.9, 0.100
2025-10-08 09:51:40,        0,  29.8,   2.3,  22.9,  0.911, -0.007,  0.000,5442099.4,  1,  21.0,   0.9, 0.100
2025-10-08 09:51:41,        0,  29.7,   2.2,  22.9,  0.874, -0.007,  0.000,5442092.7,  1,  21.1,   0.9, 0.100
2025-10-08 09:51:42,        0,  29.8,   2.3,  22.9,  0.825, -0.007,  0.000,5442083.5,  1,  21.0,   0.9, 0.100
2025-10-08 09:51:43,        0,  29.7,   2.2,  22.9,  0.797, -0.007,  0.000,5442076.8,  1,  21.0,   0.9, 0.100
2025-10-08 09:51:44,        0,  29.7,   2.2,  22.9,  0.758, -0.008,  0.000,5442068.4,  1,  21.0,   0.9, 0.100
2025-10-08 09:51:45,        0,  29.7,   2.2,  22.9,  0.736, -0.008,  0.000,5442061.7,  1,  21.0,   0.9, 0.100
2025-10-08 09:51:46,        0,  29.7,   2.2,  22.9,  0.717, -0.008,  0.000,5442054.2,  1,  21.0,   0.9, 0.100
2025-10-08 09:51:47,        0,  29.7,   2.2,  22.9,  0.689, -0.008,  0.000,5442045.8,  1,  21.0,   0.9, 0.100
2025-10-08 09:51:48,        0,  29.8,   2.3,  22.9,  0.668, -0.007,  0.000,5442037.4,  1,  21.0,   0.9, 0.100
2025-10-08 09:51:49,        0,  29.7,   2.2,  22.9,  0.652, -0.007,  0.000,5442031.1,  1,  21.1,   0.9, 0.100
2025-10-08 09:51:50,        0,  29.7,   2.2,  22.9,  0.639, -0.007,  0.000,5442023.1,  1,  21.0,   0.9, 0.100
2025-10-08 09:51:51,        0,  29.7,   2.2,  22.9,  0.621, -0.007,  0.000,5442014.8,  1,  21.0,   0.9, 0.100
2025-10-08 09:51:52,        0,  29.7,   2.2,  22.9,  0.610, -0.008,  0.000,5442007.2,  1,  21.0,   0.9, 0.100
2025-10-08 09:51:53,        0,  29.7,   2.2,  22.9,  0.594, -0.007,  0.000,5442000.1,  1,  21.0,   0.9, 0.100
2025-10-08 09:51:54,        0,  29.7,   2.2,  22.9,  0.583, -0.007,  0.000,5441993.4,  1,  21.0,   0.9, 0.100
2025-10-08 09:51:55,        0,  29.7,   2.0,  22.9,  0.569, -0.007,  0.000,5441985.0,  1,  21.0,   0.9, 0.100
2025-10-08 09:51:56,        0,  29.7,   2.2,  22.9,  0.560, -0.007,  0.000,5441978.3,  1,  21.0,   1.0, 0.100
2025-10-08 09:51:57,        0,  29.7,   2.2,  22.9,  0.551, -0.007,  0.000,5441971.2,  1,  21.0,   1.0, 0.100
2025-10-08 09:51:58,        0,  29.7,   2.2,  22.9,  0.539, -0.007,  0.000,5441964.5,  1,  21.1,   0.9, 0.100
2025-10-08 09:51:59,        0,  29.8,   2.3,  22.9,  0.532, -0.007,  0.000,5441958.6,  1,  21.1,   1.0, 0.100
2025-10-08 09:52:00,        0,  29.7,   2.2,  22.9,  0.521, -0.007,  0.000,5441950.2,  1,  21.0,   1.0, 0.100
2025-10-08 09:52:01,        0,  29.8,   2.3,  22.9,  0.514, -0.007,  0.000,5441943.1,  1,  21.0,   1.0, 0.100
2025-10-08 09:52:02,        0,  29.7,   2.2,  22.9,  0.507, -0.007,  0.000,5441936.8,  1,  21.1,   1.0, 0.100
2025-10-08 09:52:03,        0,  29.7,   2.2,  22.9,  0.497, -0.007,  0.000,5441930.1,  1,  21.0,   1.0, 0.100
2025-10-08 09:52:04,        0,  29.7,   2.2,  22.9,  0.488, -0.006,  0.000,5441923.0,  1,  21.0,   1.0, 0.100
2025-10-08 09:52:05,        0,  29.8,   2.3,  22.9,  0.482, -0.006,  0.000,5441917.5,  1,  21.0,   1.0, 0.100
2025-10-08 09:52:06,        0,  29.8,   2.3,  22.9,  0.476, -0.006,  0.000,5441911.2,  1,  21.0,   1.0, 0.100
2025-10-08 09:52:07,        0,  29.8,   2.3,  22.9,  0.471, -0.006,  0.000,5441905.0,  1,  21.0,   1.0, 0.100
2025-10-08 09:52:08,        0,  29.7,   2.2,  22.9,  0.462, -0.005,  0.000,5441899.5,  1,  21.1,   1.0, 0.100
2025-10-08 09:52:09,        0,  29.7,   2.2,  22.9,  0.455, -0.006,  0.000,5441892.8,  1,  21.1,   1.0, 0.100
2025-10-08 09:52:10,        0,  29.8,   2.3,  22.9,  0.450, -0.006,  0.000,5441886.9,  1,  21.0,   1.0, 0.100
2025-10-08 09:52:11,        0,  29.8,   2.3,  22.9,  0.445, -0.006,  0.000,5441881.1,  1,  21.0,   1.0, 0.100
2025-10-08 09:52:12,        0,  29.8,   2.3,  22.9,  0.439, -0.006,  0.000,5441875.6,  1,  21.0,   1.0, 0.100
2025-10-08 09:52:13,        0,  29.8,   2.3,  22.9,  0.434, -0.005,  0.000,5441868.5,  1,  21.0,   1.0, 0.100
2025-10-08 09:52:14,        0,  29.8,   2.3,  22.9,  0.427, -0.006,  0.000,5441862.6,  1,  21.0,   1.0, 0.100
2025-10-08 09:52:15,        0,  29.8,   2.3,  22.9,  0.423, -0.006,  0.000,5441858.4,  1,  21.0,   1.0, 0.100
2025-10-08 09:52:16,        0,  29.7,   2.2,  22.9,  0.419, -0.006,  0.000,5441852.6,  1,  21.0,   1.0, 0.100
2025-10-08 09:52:17,        0,  29.8,   2.4,  22.9,  0.412, -0.005,  0.000,5441846.7,  1,  21.0,   1.0, 0.100
2025-10-08 09:52:18,        0,  29.7,   2.2,  22.9,  0.408, -0.005,  0.000,5441841.3,  1,  21.0,   1.0, 0.100
2025-10-08 09:52:19,        0,  29.8,   2.3,  22.9,  0.403, -0.005,  0.000,5441835.4,  1,  21.0,   1.0, 0.100
2025-10-08 09:52:20,        0,  29.8,   2.3,  22.9,  0.398, -0.005,  0.000,5441830.8,  1,  21.0,   1.0, 0.100
2025-10-08 09:52:21,        0,  29.7,   2.2,  22.9,  0.395, -0.005,  0.000,5441824.9,  1,  21.0,   1.0, 0.100
2025-10-08 09:52:22,        0,  29.7,   2.2,  22.9,  0.390, -0.006,  0.000,5441819.0,  1,  21.0,   1.0, 0.100
2025-10-08 09:52:23,        0,  29.8,   2.3,  22.9,  0.387, -0.005,  0.000,5441813.6,  1,  21.0,   1.0, 0.100
2025-10-08 09:52:24,        0,  29.8,   2.3,  22.9,  0.381, -0.005,  0.000,5441808.6,  1,  21.0,   1.0, 0.100
2025-10-08 09:52:25,        0,  29.8,   2.3,  22.9,  0.377, -0.005,  0.000,5441804.4,  1,  21.0,   1.0, 0.100
2025-10-08 09:52:26,        0,  29.8,   2.3,  22.9,  0.372, -0.005,  0.000,5441798.5,  1,  21.0,   1.0, 0.100
2025-10-08 09:52:27,        0,  29.8,   2.3,  22.9,  0.369, -0.005,  0.000,5441793.1,  1,  21.0,   1.0, 0.100
2025-10-08 09:52:28,        0,  29.8,   2.3,  22.9,  0.365, -0.005,  0.000,5441788.0,  1,  21.0,   1.0, 0.100
2025-10-08 09:52:29,        0,  29.8,   2.3,  22.9,  0.361, -0.005,  0.000,5441783.8,  1,  21.0,   1.0, 0.100
2025-10-08 09:52:30,        0,  29.8,   2.3,  22.9,  0.359, -0.005,  0.000,5441779.2,  1,  21.0,   1.0, 0.100
2025-10-08 09:52:31,        0,  29.8,   2.3,  22.9,  0.354, -0.005,  0.000,5441773.4,  1,  21.0,   1.0, 0.100
2025-10-08 09:52:32,        0,  29.8,   2.3,  22.9,  0.351, -0.005,  0.000,5441768.7,  1,  21.0,   1.0, 0.100
2025-10-08 09:52:33,        0,  29.8,   2.3,  22.9,  0.347, -0.005,  0.000,5441764.6,  1,  21.0,   1.0, 0.100
2025-10-08 09:52:34,        0,  29.7,   2.2,  22.9,  0.344, -0.005,  0.000,5441759.5,  1,  21.0,   1.0, 0.100
2025-10-08 09:52:35,        0,  29.8,   2.3,  22.9,  0.341, -0.005,  0.000,5441755.3,  1,  21.0,   1.0, 0.100
2025-10-08 09:52:36,        0,  29.8,   2.3,  22.9,  0.338, -0.005,  0.000,5441749.9,  1,  21.0,   1.0, 0.100
2025-10-08 09:52:37,        0,  29.8,   2.3,  22.9,  0.335, -0.005,  0.000,5441745.7,  1,  21.0,   1.0, 0.100
2025-10-08 09:52:38,        0,  29.8,   2.3,  22.9,  0.331, -0.004,  0.000,5441741.9,  1,  21.0,   1.0, 0.100
2025-10-08 09:52:39,        0,  29.8,   2.5,  22.9,  0.329, -0.004,  0.000,5441738.2,  1,  21.0,   1.0, 0.100
2025-10-08 09:52:40,        0,  29.8,   2.5,  22.9,  0.325, -0.005,  0.000,5441732.3,  1,  21.0,   1.0, 0.100
2025-10-08 09:52:41,        0,  29.8,   2.3,  22.9,  0.323, -0.005,  0.000,5441727.7,  1,  21.0,   1.0, 0.100
2025-10-08 09:52:42,        0,  29.8,   2.3,  22.9,  0.321, -0.005,  0.000,5441723.1,  1,  21.0,   1.0, 0.100
2025-10-08 09:52:43,        0,  29.8,   2.3,  22.9,  0.317, -0.004,  0.000,5441719.7,  1,  21.0,   1.0, 0.100
2025-10-08 09:52:44,        0,  29.8,   2.3,  22.9,  0.314, -0.004,  0.000,5441713.8,  1,  21.0,   0.9, 0.100
2025-10-08 09:52:45,        0,  29.8,   2.3,  22.9,  0.312, -0.004,  0.000,5441710.5,  1,  20.9,   0.9, 0.100
2025-10-08 09:52:46,        0,  29.8,   2.3,  22.9,  0.310, -0.004,  0.000,5441705.9,  1,  21.0,   0.9, 0.100
2025-10-08 09:52:47,        0,  29.8,   2.3,  22.9,  0.307, -0.004,  0.000,5441701.7,  1,  21.0,   0.9, 0.100
2025-10-08 09:52:48,        0,  29.8,   2.3,  23.0,  0.305, -0.004,  0.000,5441696.7,  1,  21.0,   0.9, 0.100
2025-10-08 09:52:49,        0,  29.8,   2.3,  22.9,  0.302, -0.004,  0.000,5441693.3,  1,  21.0,   0.9, 0.100
2025-10-08 09:52:50,        0,  29.8,   2.3,  22.9,  0.299, -0.004,  0.000,5441688.7,  1,  21.0,   0.9, 0.100
2025-10-08 09:52:51,        0,  29.8,   2.5,  22.9,  0.297, -0.004,  0.000,5441685.3,  1,  21.0,   0.9, 0.100
2025-10-08 09:52:52,        0,  29.8,   2.3,  22.9,  0.295, -0.004,  0.000,5441681.6,  1,  21.0,   0.9, 0.100
2025-10-08 09:52:53,        0,  29.8,   2.3,  22.9,  0.293, -0.004,  0.000,5441676.1,  1,  21.0,   0.9, 0.100
2025-10-08 09:52:54,        0,  29.8,   2.3,  22.9,  0.290, -0.004,  0.000,5441672.8,  1,  21.0,   0.9, 0.100
2025-10-08 09:52:55,        0,  29.8,   2.3,  22.9,  0.288, -0.004,  0.000,5441668.6,  1,  20.9,   1.0, 0.100
2025-10-08 09:52:56,        0,  29.8,   2.3,  22.9,  0.286, -0.004,  0.000,5441664.8,  1,  21.0,   0.9, 0.100
2025-10-08 09:52:57,        0,  29.8,   2.5,  22.9,  0.284, -0.004,  0.000,5441661.0,  1,  20.9,   1.0, 0.100
2025-10-08 09:52:58,        0,  29.8,   2.3,  22.9,  0.282, -0.004,  0.000,5441657.3,  1,  20.9,   0.9, 0.100
2025-10-08 09:52:59,        0,  29.8,   2.3,  22.9,  0.279, -0.004,  0.000,5441653.1,  1,  21.0,   1.0, 0.100
2025-10-08 09:53:00,        0,  29.8,   2.3,  22.9,  0.278, -0.004,  0.000,5441649.7,  1,  20.9,   0.9, 0.100
2025-10-08 09:53:01,        0,  29.8,   2.3,  23.0,  0.276, -0.004,  0.000,5441645.1,  1,  21.0,   0.9, 0.100
2025-10-08 09:53:02,        0,  29.8,   2.3,  22.9,  0.274, -0.004,  0.000,5441641.8,  1,  21.0,   1.0, 0.100
2025-10-08 09:53:03,        0,  29.8,   2.5,  22.9,  0.272, -0.004,  0.000,5441638.4,  1,  21.0,   1.0, 0.100
2025-10-08 09:53:04,        0,  29.8,   2.3,  22.9,  0.270, -0.004,  0.000,5441635.1,  1,  20.9,   0.9, 0.100
2025-10-08 09:53:05,        0,  29.8,   2.3,  23.0,  0.268, -0.004,  0.000,5441630.9,  1,  20.9,   1.0, 0.100
2025-10-08 09:53:06,        0,  29.8,   2.3,  22.9,  0.266, -0.004,  0.000,5441627.1,  1,  20.9,   1.0, 0.100
2025-10-08 09:53:07,        0,  29.8,   2.3,  22.9,  0.265, -0.004,  0.000,5441622.9,  1,  20.9,   1.0, 0.100
2025-10-08 09:53:08,        0,  29.8,   2.5,  22.9,  0.262, -0.004,  0.000,5441618.7,  1,  20.9,   1.0, 0.100
2025-10-08 09:53:09,        0,  29.8,   2.3,  22.9,  0.261, -0.003,  0.000,5441616.2,  1,  20.9,   1.0, 0.100
2025-10-08 09:53:10,        0,  29.8,   2.5,  23.0,  0.260, -0.003,  0.000,5441612.4,  1,  21.0,   1.0, 0.100
2025-10-08 09:53:11,        0,  29.8,   2.4,  22.9,  0.258, -0.003,  0.000,5441608.2,  1,  20.9,   1.0, 0.100
2025-10-08 09:53:12,        0,  29.8,   2.3,  22.9,  0.257, -0.004,  0.000,5441605.3,  1,  21.0,   1.0, 0.100
2025-10-08 09:53:13,        0,  29.8,   2.5,  22.9,  0.255, -0.004,  0.000,5441601.9,  1,  20.9,   1.0, 0.100
2025-10-08 09:53:14,        0,  29.8,   2.5,  22.9,  0.254, -0.003,  0.000,5441597.8,  1,  20.9,   1.0, 0.100
2025-10-08 09:53:15,        0,  29.7,   2.0,  22.9,  0.253, -0.003,  0.000,5441594.0,  1,  20.9,   1.0, 0.100
2025-10-08 09:53:16,        0,  29.8,   2.3,  22.9,  0.251, -0.003,  0.000,5441590.6,  1,  20.9,   1.0, 0.100
2025-10-08 09:53:17,        0,  29.8,   2.5,  22.9,  0.250, -0.003,  0.000,5441588.1,  1,  20.9,   1.0, 0.100
2025-10-08 09:53:18,        0,  29.8,   2.5,  22.9,  0.248, -0.004,  0.000,5441583.5,  1,  21.0,   1.0, 0.100
2025-10-08 09:53:19,        0,  29.8,   2.5,  23.0,  0.247, -0.003,  0.000,5441579.7,  1,  21.0,   1.0, 0.100
2025-10-08 09:53:20,        0,  29.8,   2.5,  22.9,  0.245, -0.003,  0.000,5441576.8,  1,  21.0,   1.0, 0.100
2025-10-08 09:53:21,        0,  29.8,   2.3,  22.9,  0.244, -0.003,  0.000,5441574.3,  1,  21.0,   1.0, 0.100
2025-10-08 09:53:22,        0,  29.8,   2.3,  23.0,  0.243, -0.003,  0.000,5441570.9,  1,  20.9,   1.0, 0.100
2025-10-08 09:53:23,        0,  29.8,   2.3,  22.9,  0.241, -0.003,  0.000,5441566.7,  1,  21.0,   1.0, 0.100
2025-10-08 09:53:24,        0,  29.8,   2.5,  22.9,  0.239, -0.004,  0.000,5441563.8,  1,  21.0,   1.0, 0.100
2025-10-08 09:53:25,        0,  29.8,   2.3,  22.9,  0.239, -0.003,  0.000,5441559.6,  1,  20.9,   1.0, 0.100
2025-10-08 09:53:26,        0,  29.8,   2.5,  22.9,  0.238, -0.004,  0.000,5441556.3,  1,  20.9,   1.0, 0.100
2025-10-08 09:53:27,        0,  29.8,   2.5,  22.9,  0.237, -0.003,  0.000,5441552.5,  1,  21.0,   1.0, 0.100
2025-10-08 09:53:28,        0,  29.8,   2.5,  22.9,  0.235, -0.003,  0.000,5441549.1,  1,  20.9,   1.0, 0.100
2025-10-08 09:53:29,        0,  29.8,   2.5,  22.9,  0.234, -0.004,  0.000,5441546.6,  1,  20.9,   1.0, 0.100
2025-10-08 09:53:30,        0,  29.8,   2.5,  22.9,  0.233, -0.004,  0.000,5441542.4,  1,  21.0,   1.0, 0.100
2025-10-08 09:53:31,        0,  29.8,   2.5,  22.9,  0.232, -0.003,  0.000,5441539.1,  1,  20.9,   1.0, 0.100
2025-10-08 09:53:32,        0,  29.8,   2.5,  22.9,  0.231, -0.003,  0.000,5441536.6,  1,  20.9,   1.0, 0.100
2025-10-08 09:53:33,        0,  29.8,   2.5,  22.9,  0.230, -0.003,  0.000,5441533.2,  1,  20.9,   1.0, 0.100
2025-10-08 09:53:34,        0,  29.8,   2.5,  22.9,  0.229, -0.003,  0.000,5441530.3,  1,  20.9,   1.0, 0.100
2025-10-08 09:53:35,        0,  29.8,   2.5,  22.9,  0.228, -0.003,  0.000,5441526.5,  1,  20.9,   1.0, 0.100
2025-10-08 09:53:36,        0,  29.8,   2.5,  22.9,  0.227, -0.003,  0.000,5441524.0,  1,  20.9,   1.0, 0.100
2025-10-08 09:53:37,        0,  29.8,   2.5,  23.0,  0.226, -0.003,  0.000,5441520.6,  1,  20.9,   1.0, 0.100
2025-10-08 09:53:38,        0,  29.8,   2.5,  22.9,  0.225, -0.003,  0.000,5441516.9,  1,  20.9,   1.0, 0.100
2025-10-08 09:53:39,        0,  29.8,   2.5,  22.9,  0.224, -0.003,  0.000,5441513.5,  1,  20.9,   1.0, 0.100
2025-10-08 09:53:40,        0,  29.8,   2.5,  22.9,  0.223, -0.003,  0.000,5441510.6,  1,  20.9,   1.0, 0.100
2025-10-08 09:53:41,        0,  29.8,   2.5,  22.9,  0.222, -0.003,  0.000,5441507.7,  1,  20.9,   1.0, 0.100
2025-10-08 09:53:42,        0,  29.8,   2.5,  22.9,  0.222, -0.003,  0.000,5441505.1,  1,  20.9,   1.0, 0.100
2025-10-08 09:53:43,        0,  29.8,   2.5,  22.9,  0.220, -0.003,  0.000,5441502.2,  1,  20.9,   1.0, 0.100
2025-10-08 09:53:44,        0,  29.8,   2.5,  22.9,  0.220, -0.003,  0.000,5441498.8,  1,  20.9,   1.0, 0.100
2025-10-08 09:53:45,        0,  29.8,   2.5,  22.9,  0.219, -0.004,  0.000,5441495.5,  1,  20.9,   1.0, 0.100
2025-10-08 09:53:46,        0,  29.8,   2.5,  22.9,  0.218, -0.003,  0.000,5441492.1,  1,  20.9,   1.0, 0.100
2025-10-08 09:53:47,        0,  29.8,   2.5,  22.9,  0.218, -0.003,  0.000,5441489.6,  1,  20.9,   1.0, 0.100
2025-10-08 09:53:48,        0,  29.8,   2.3,  22.9,  0.216, -0.003,  0.000,5441485.4,  1,  20.9,   1.0, 0.100
2025-10-08 09:53:49,        0,  29.8,   2.5,  22.9,  0.216, -0.003,  0.000,5441482.5,  1,  20.9,   1.0, 0.100
2025-10-08 09:53:50,        0,  29.8,   2.5,  22.9,  0.215, -0.003,  0.000,5441479.2,  1,  20.9,   1.0, 0.100
2025-10-08 09:53:51,        0,  29.8,   2.5,  22.9,  0.215, -0.003,  0.000,5441476.2,  1,  20.9,   1.0, 0.100
2025-10-08 09:53:52,        0,  29.8,   2.5,  22.9,  0.213, -0.003,  0.000,5441473.3,  1,  20.9,   1.0, 0.100
2025-10-08 09:53:53,        0,  29.8,   2.3,  22.9,  3.213,  2.096,  0.009,5442867.2,  1,  20.9,   1.0, 0.100
2025-10-08 09:53:54,        0,  29.8,   2.3,  22.9,  1.134,  0.025,  0.000,5442895.3,  1,  20.9,   1.0, 0.100
2025-10-08 09:53:55,        0,  29.7,   2.2,  23.0,  0.965, -0.004,  0.000,5442893.2,  1,  20.9,   1.0, 0.100
2025-10-08 09:53:56,        0,  29.8,   2.5,  22.9,  0.913, -0.007,  0.000,5442886.9,  1,  20.9,   1.0, 0.100
2025-10-08 09:53:57,        0,  29.8,   2.3,  22.9,  0.856, -0.007,  0.000,5442878.9,  1,  20.9,   1.0, 0.100
2025-10-08 09:53:58,        0,  29.8,   2.3,  22.9,  0.824, -0.008,  0.000,5442871.4,  1,  20.9,   1.0, 0.100
2025-10-08 09:53:59,        0,  29.8,   2.3,  22.9,  0.795, -0.007,  0.000,5442863.8,  1,  20.9,   1.0, 0.100
2025-10-08 09:54:00,        0,  29.8,   2.3,  22.9,  0.755, -0.007,  0.000,5442857.1,  1,  20.9,   1.0, 0.100
2025-10-08 09:54:01,        0,  29.8,   2.3,  22.9,  0.732, -0.007,  0.000,5442849.2,  1,  20.9,   1.0, 0.100
2025-10-08 09:54:02,        0,  29.8,   2.3,  22.9,  0.702, -0.008,  0.000,5442841.2,  1,  20.9,   1.0, 0.100
2025-10-08 09:54:03,        0,  29.8,   2.3,  22.9,  0.684, -0.007,  0.000,5442834.5,  1,  20.9,   1.0, 0.100
2025-10-08 09:54:04,        0,  29.8,   2.3,  22.9,  0.669, -0.007,  0.000,5442826.5,  1,  20.9,   1.0, 0.100
2025-10-08 09:54:05,        0,  29.8,   2.3,  22.9,  0.646, -0.007,  0.000,5442819.4,  1,  20.9,   1.0, 0.100
2025-10-08 09:54:06,        0,  29.8,   2.5,  22.9,  0.627, -0.007,  0.000,5442811.0,  1,  20.9,   1.0, 0.100
2025-10-08 09:54:07,        0,  29.8,   2.3,  22.9,  0.615, -0.008,  0.000,5442803.5,  1,  20.9,   1.0, 0.100
2025-10-08 09:54:08,        0,  29.8,   2.3,  22.9,  0.602, -0.007,  0.000,5442796.8,  1,  20.9,   1.0, 0.100
2025-10-08 09:54:09,        0,  29.8,   2.3,  22.9,  0.591, -0.007,  0.000,5442789.7,  1,  20.9,   1.0, 0.100
2025-10-08 09:54:10,        0,  29.8,   2.3,  22.9,  0.576, -0.007,  0.000,5442781.3,  1,  20.9,   1.0, 0.100
2025-10-08 09:54:11,        0,  29.8,   2.3,  22.9,  0.561, -0.007,  0.000,5442774.6,  1,  20.9,   1.0, 0.100
2025-10-08 09:54:12,        0,  29.7,   2.2,  22.9,  0.551, -0.007,  0.000,5442768.3,  1,  20.9,   1.0, 0.100
2025-10-08 09:54:13,        0,  29.8,   2.3,  22.9,  0.542, -0.006,  0.000,5442762.4,  1,  20.9,   0.9, 0.100
2025-10-08 09:54:14,        0,  29.8,   2.3,  22.9,  0.529, -0.006,  0.000,5442756.6,  1,  20.9,   0.9, 0.100
2025-10-08 09:54:15,        0,  29.8,   2.3,  22.9,  0.521, -0.007,  0.000,5442748.6,  1,  20.9,   0.9, 0.100
2025-10-08 09:54:16,        0,  29.8,   2.3,  22.9,  0.509, -0.006,  0.000,5442742.3,  1,  20.9,   0.9, 0.100
2025-10-08 09:54:17,        0,  29.8,   2.3,  22.9,  0.502, -0.007,  0.000,5442735.6,  1,  20.9,   0.9, 0.100
2025-10-08 09:54:18,        0,  29.7,   2.2,  22.9,  0.495, -0.006,  0.000,5442729.3,  1,  20.9,   1.0, 0.100
2025-10-08 09:54:19,        0,  29.8,   2.3,  22.9,  0.484, -0.006,  0.000,5442722.6,  1,  20.9,   0.9, 0.100
2025-10-08 09:54:20,        0,  29.8,   2.3,  22.9,  0.478, -0.006,  0.000,5442716.7,  1,  20.9,   0.9, 0.100
2025-10-08 09:54:21,        0,  29.8,   2.3,  22.9,  0.468, -0.006,  0.000,5442710.9,  1,  20.9,   1.0, 0.100
2025-10-08 09:54:22,        0,  29.8,   2.3,  22.9,  0.461, -0.006,  0.000,5442705.0,  1,  20.9,   0.9, 0.100
2025-10-08 09:54:23,        0,  29.7,   2.2,  22.9,  0.453, -0.005,  0.000,5442697.9,  1,  20.9,   0.9, 0.100
2025-10-08 09:54:24,        0,  29.8,   2.3,  22.9,  0.447, -0.006,  0.000,5442692.4,  1,  20.9,   1.0, 0.100
2025-10-08 09:54:25,        0,  29.8,   2.3,  22.9,  0.441, -0.006,  0.000,5442686.6,  1,  20.9,   0.9, 0.100
2025-10-08 09:54:26,        0,  29.8,   2.5,  22.9,  0.433, -0.006,  0.000,5442681.1,  1,  20.9,   1.0, 0.100
2025-10-08 09:54:27,        0,  29.8,   2.5,  22.9,  0.427, -0.005,  0.000,5442676.5,  1,  20.9,   1.0, 0.100
2025-10-08 09:54:28,        0,  29.7,   2.2,  22.9,  0.420, -0.006,  0.000,5442669.4,  1,  20.9,   1.0, 0.100
2025-10-08 09:54:29,        0,  29.8,   2.3,  22.9,  0.414, -0.005,  0.000,5442664.4,  1,  20.9,   1.0, 0.100
2025-10-08 09:54:30,        0,  29.8,   2.5,  22.9,  0.408, -0.005,  0.000,5442659.3,  1,  20.9,   1.0, 0.100
2025-10-08 09:54:31,        0,  29.8,   2.3,  22.9,  0.402, -0.005,  0.000,5442653.5,  1,  20.9,   1.0, 0.100
2025-10-08 09:54:32,        0,  29.8,   2.3,  22.9,  0.395, -0.005,  0.000,5442648.0,  1,  20.9,   1.0, 0.100
2025-10-08 09:54:33,        0,  29.8,   2.3,  22.9,  0.390, -0.005,  0.000,5442643.0,  1,  20.9,   1.0, 0.100
2025-10-08 09:54:34,        0,  29.8,   2.3,  23.0,  0.387, -0.005,  0.000,5442637.5,  1,  20.9,   1.0, 0.100
2025-10-08 09:54:35,        0,  29.8,   2.3,  22.9,  0.379, -0.005,  0.000,5442632.5,  1,  20.9,   1.0, 0.100
2025-10-08 09:54:36,        0,  29.8,   2.3,  22.9,  0.375, -0.005,  0.000,5442628.3,  1,  20.9,   1.0, 0.100
2025-10-08 09:54:37,        0,  29.8,   2.3,  22.9,  0.369, -0.005,  0.000,5442622.9,  1,  20.9,   1.0, 0.100
2025-10-08 09:54:38,        0,  29.8,   2.3,  22.9,  0.365, -0.005,  0.000,5442617.8,  1,  20.9,   1.0, 0.100
2025-10-08 09:54:39,        0,  29.8,   2.3,  22.9,  0.361, -0.005,  0.000,5442613.6,  1,  20.9,   1.0, 0.100
2025-10-08 09:54:40,        0,  29.7,   2.2,  22.9,  0.354, -0.005,  0.000,5442609.0,  1,  20.9,   1.0, 0.100
2025-10-08 09:54:41,        0,  29.8,   2.3,  22.9,  0.350, -0.005,  0.000,5442603.2,  1,  20.9,   1.0, 0.100
2025-10-08 09:54:42,        0,  29.8,   2.3,  22.9,  0.345, -0.005,  0.000,5442599.4,  1,  20.9,   1.0, 0.100
2025-10-08 09:54:43,        0,  29.8,   2.5,  22.9,  0.342, -0.005,  0.000,5442595.2,  1,  20.9,   1.0, 0.100
2025-10-08 09:54:44,        0,  29.8,   2.3,  22.9,  0.338, -0.004,  0.000,5442590.6,  1,  20.9,   1.0, 0.100
2025-10-08 09:54:45,        0,  29.8,   2.3,  22.9,  0.333, -0.004,  0.000,5442586.0,  1,  20.9,   1.0, 0.100
2025-10-08 09:54:46,        0,  29.8,   2.5,  22.9,  0.328, -0.004,  0.000,5442581.4,  1,  20.9,   1.0, 0.100
2025-10-08 09:54:47,        0,  29.8,   2.3,  22.9,  0.325, -0.004,  0.000,5442576.8,  1,  20.9,   1.0, 0.100
2025-10-08 09:54:48,        0,  29.8,   2.5,  22.9,  0.321, -0.004,  0.000,5442573.4,  1,  20.9,   1.0, 0.100
2025-10-08 09:54:49,        0,  29.8,   2.5,  22.9,  0.317, -0.004,  0.000,5442569.2,  1,  20.9,   1.0, 0.100
2025-10-08 09:54:50,        0,  29.8,   2.5,  22.9,  0.313, -0.005,  0.000,5442564.2,  1,  20.9,   1.1, 0.100
2025-10-08 09:54:51,        0,  29.8,   2.5,  22.9,  0.309, -0.004,  0.000,5442560.0,  1,  20.9,   1.0, 0.100
2025-10-08 09:54:52,        0,  29.8,   2.5,  22.9,  0.307, -0.004,  0.000,5442557.1,  1,  20.9,   1.0, 0.100
2025-10-08 09:54:53,        0,  29.8,   2.5,  22.9,  0.303, -0.004,  0.000,5442552.5,  1,  20.9,   1.0, 0.100
2025-10-08 09:54:54,        0,  29.8,   2.3,  22.9,  0.299, -0.003,  0.000,5442548.7,  1,  20.9,   1.0, 0.100
2025-10-08 09:54:55,        0,  29.8,   2.5,  22.9,  0.296, -0.004,  0.000,5442544.9,  1,  20.9,   1.0, 0.100
2025-10-08 09:54:56,        0,  29.8,   2.3,  22.9,  0.293, -0.004,  0.000,5442540.7,  1,  20.9,   1.0, 0.100
2025-10-08 09:54:57,        0,  29.8,   2.5,  22.9,  0.289, -0.004,  0.000,5442536.9,  1,  20.9,   1.0, 0.100
2025-10-08 09:54:58,        0,  29.8,   2.5,  22.9,  0.286, -0.004,  0.000,5442532.3,  1,  20.9,   1.0, 0.100
2025-10-08 09:54:59,        0,  29.8,   2.5,  22.9,  0.284, -0.004,  0.000,5442528.6,  1,  20.9,   1.0, 0.100
2025-10-08 09:55:00,        0,  29.8,   2.5,  22.9,  0.280, -0.004,  0.000,5442525.2,  1,  20.9,   1.0, 0.100
2025-10-08 09:55:01,        0,  29.8,   2.5,  22.9,  0.278, -0.004,  0.000,5442521.0,  1,  20.9,   1.0, 0.100
2025-10-08 09:55:02,        0,  29.8,   2.3,  22.9,  0.276, -0.004,  0.000,5442517.7,  1,  20.9,   1.0, 0.100
2025-10-08 09:55:03,        0,  29.8,   2.5,  22.9,  0.272, -0.004,  0.000,5442513.5,  1,  20.9,   1.0, 0.100
2025-10-08 09:55:04,        0,  29.8,   2.5,  22.9,  0.270, -0.004,  0.000,5442509.7,  1,  20.9,   1.0, 0.100
2025-10-08 09:55:05,        0,  29.8,   2.3,  22.9,  0.267, -0.003,  0.000,5442506.4,  1,  20.9,   1.0, 0.100
2025-10-08 09:55:06,        0,  29.8,   2.5,  23.0,  0.265, -0.004,  0.000,5442503.0,  1,  20.9,   1.0, 0.100
2025-10-08 09:55:07,        0,  29.8,   2.5,  22.9,  0.262, -0.004,  0.000,5442499.2,  1,  20.9,   1.0, 0.100
2025-10-08 09:55:08,        0,  29.8,   2.5,  23.0,  0.260, -0.004,  0.000,5442495.0,  1,  20.9,   1.0, 0.100
2025-10-08 09:55:09,        0,  29.8,   2.5,  22.9,  0.258, -0.003,  0.000,5442492.1,  1,  20.9,   1.0, 0.100
2025-10-08 09:55:10,        0,  29.8,   2.3,  22.9,  0.255, -0.003,  0.000,5442488.8,  1,  20.9,   1.0, 0.100
2025-10-08 09:55:11,        0,  29.8,   2.5,  23.0,  0.255, -0.004,  0.000,5442483.7,  1,  20.9,   1.0, 0.100
2025-10-08 09:55:12,        0,  29.8,   2.3,  23.0,  0.251, -0.003,  0.000,5442482.0,  1,  20.9,   1.0, 0.100
2025-10-08 09:55:13,        0,  29.8,   2.3,  22.9,  0.249, -0.003,  0.000,5442478.3,  1,  20.9,   1.0, 0.100
2025-10-08 09:55:14,        0,  29.8,   2.5,  22.9,  0.248, -0.003,  0.000,5442474.9,  1,  20.9,   1.0, 0.100
2025-10-08 09:55:15,        0,  29.8,   2.5,  23.0,  0.245, -0.003,  0.000,5442471.6,  1,  20.9,   1.0, 0.100
2025-10-08 09:55:16,        0,  29.8,   2.3,  23.0,  0.243, -0.004,  0.000,5442468.2,  1,  20.9,   1.0, 0.100
2025-10-08 09:55:17,        0,  29.8,   2.5,  23.0,  0.241, -0.003,  0.000,5442464.9,  1,  20.9,   1.0, 0.100
2025-10-08 09:55:18,        0,  29.8,   2.5,  23.0,  0.240, -0.003,  0.000,5442461.9,  1,  20.9,   1.0, 0.100
2025-10-08 09:55:19,        0,  29.8,   2.5,  23.0,  0.239, -0.003,  0.000,5442459.0,  1,  20.9,   1.0, 0.100
2025-10-08 09:55:20,        0,  29.8,   2.5,  23.0,  0.236, -0.003,  0.000,5442455.2,  1,  20.9,   1.0, 0.100
2025-10-08 09:55:21,        0,  29.8,   2.5,  23.0,  0.235, -0.003,  0.000,5442451.9,  1,  20.9,   1.0, 0.100
2025-10-08 09:55:22,        0,  29.8,   2.3,  23.0,  0.233, -0.004,  0.000,5442448.5,  1,  20.9,   1.0, 0.100
2025-10-08 09:55:23,        0,  29.8,   2.5,  23.0,  0.232, -0.003,  0.000,5442445.6,  1,  20.9,   1.0, 0.100
2025-10-08 09:55:24,        0,  29.8,   2.5,  22.9,  0.229, -0.003,  0.000,5442441.8,  1,  20.9,   1.0, 0.100
2025-10-08 09:55:25,        0,  29.8,   2.5,  23.0,  0.228, -0.003,  0.000,5442438.9,  1,  20.9,   1.0, 0.100
2025-10-08 09:55:26,        0,  29.8,   2.3,  23.0,  0.226, -0.003,  0.000,5442436.4,  1,  20.9,   1.0, 0.100
2025-10-08 09:55:27,        0,  29.8,   2.5,  23.0,  0.225, -0.003,  0.000,5442432.6,  1,  20.9,   1.0, 0.100
2025-10-08 09:55:28,        0,  29.8,   2.5,  23.0,  0.224, -0.003,  0.000,5442429.2,  1,  20.9,   1.0, 0.100
2025-10-08 09:55:29,        0,  29.8,   2.5,  22.9,  0.222, -0.003,  0.000,5442425.9,  1,  20.9,   1.0, 0.100
2025-10-08 09:55:30,        0,  29.8,   2.3,  23.0,  0.221, -0.003,  0.000,5442423.4,  1,  20.9,   1.0, 0.100
2025-10-08 09:55:31,        0,  29.8,   2.5,  23.0,  0.220, -0.003,  0.000,5442420.4,  1,  20.9,   1.0, 0.100
