Time, Cnts,  %T, set_Cell[mA], Cell[°C], Cell[Volt], Cell[mA], Cell[W], Cell[uAs], Cell_ON, Env[°C], TEC[°C], N2Flow[slpm]
2025-09-30 13:14:51,        0,  29.6,   1.8,  25.2,  0.201, -0.003,  0.000,     -2.6,  1,  21.8,   1.3, 0.100
2025-09-30 13:14:52,        0,  29.5,   1.6,  25.1,  0.201, -0.003,  0.000,     -5.4,  1,  21.8,   1.2, 0.100
2025-09-30 13:14:53,        0,  29.6,   1.8,  25.2,  0.201, -0.003,  0.000,     -8.6,  1,  21.8,   1.3, 0.100
2025-09-30 13:14:54,        0,  29.5,   1.6,  25.2,  0.202, -0.003,  0.000,    -11.4,  1,  21.8,   1.3, 0.100
2025-09-30 13:14:55,        0,  29.6,   1.8,  25.2,  0.202, -0.003,  0.000,    -14.3,  1,  21.8,   1.3, 0.100
2025-09-30 13:14:56,        0,  29.5,   1.5,  25.2,  0.202, -0.003,  0.000,    -17.5,  1,  21.8,   1.3, 0.100
2025-09-30 13:14:57,        0,  29.6,   1.8,  25.2,  0.203, -0.003,  0.000,    -20.6,  1,  21.8,   1.3, 0.100
2025-09-30 13:14:58,        0,  29.5,   1.6,  25.2,  0.204, -0.003,  0.000,    -24.0,  1,  21.8,   1.3, 0.100
2025-09-30 13:14:59,        0,  29.6,   1.8,  25.2,  0.203, -0.003,  0.000,    -26.9,  1,  21.8,   1.3, 0.100
2025-09-30 13:15:00,        0,  29.6,   1.8,  25.2,  0.204, -0.003,  0.000,    -29.8,  1,  21.8,   1.3, 0.100
2025-09-30 13:15:01,        0,  29.6,   1.8,  25.2,  0.203, -0.003,  0.000,    -33.2,  1,  21.8,   1.3, 0.100
2025-09-30 13:15:02,        0,  29.6,   1.8,  25.2,  0.202, -0.003,  0.000,    -36.0,  1,  21.8,   1.3, 0.100
2025-09-30 13:15:03,        0,  29.7,   2.0,  25.2,  0.202, -0.003,  0.000,    -38.9,  1,  21.8,   1.3, 0.100
2025-09-30 13:15:04,        0,  29.7,   2.0,  25.2,  0.202, -0.003,  0.000,    -41.8,  1,  21.8,   1.3, 0.100
2025-09-30 13:15:05,        0,  29.8,   2.3,  25.2,  0.201, -0.003,  0.000,    -45.2,  1,  21.8,   1.3, 0.100
2025-09-30 13:15:06,        0,  30.2,   3.6,  25.2,  4.318,  4.097,  0.021,   2413.0,  1,  21.8,   1.3, 0.100
2025-09-30 13:15:07,        0,  31.0,   6.1,  25.2,  5.984,  5.905,  0.035,   8066.9,  1,  21.8,   1.3, 0.100
2025-09-30 13:15:08,        0,  30.9,   5.6,  25.2,  8.544,  7.369,  0.053,  15818.3,  1,  21.8,   1.3, 0.100
2025-09-30 13:15:09,        0,  31.8,   8.5,  25.2,  8.285,  8.824,  0.075,  26834.1,  1,  21.8,   1.3, 0.100
2025-09-30 13:15:10,        0,  32.4,  10.3,  25.2,  9.721, 10.655,  0.106,  37695.7,  1,  21.7,   1.3, 0.100
2025-09-30 13:15:11,        0,  32.8,  11.5,  25.2, 10.593, 11.764,  0.125,  48910.6,  1,  21.8,   1.3, 0.100
2025-09-30 13:15:12,        0,  34.0,  15.1,  25.2, 14.677, 17.029,  0.251,  64194.5,  1,  21.8,   1.3, 0.100
2025-09-30 13:15:13,        0,  34.9,  17.8,  25.2, 19.862, 23.727,  0.471,  89213.0,  1,  21.8,   1.3, 0.100
2025-09-30 13:15:14,        0,  34.6,  16.9,  25.1, 19.892, 23.758,  0.478, 109411.2,  1,  21.7,   1.3, 0.100
2025-09-30 13:15:15,        0,  34.6,  16.9,  25.1, 13.086, 14.943,  0.199, 125391.8,  1,  21.7,   1.3, 0.100
2025-09-30 13:15:16,        0,  36.3,  22.0,  25.1, 25.990, 31.670,  0.826, 151276.0,  1,  21.8,   1.3, 0.079
2025-09-30 13:15:17,        0,  37.1,  24.3,  25.1, 21.629, 25.989,  0.565, 184885.0,  1,  21.7,   1.3, 0.095
2025-09-30 13:15:18,        0,  38.7,  29.1,  25.1, 31.360, 38.684,  1.214, 218059.2,  1,  21.7,   1.3, 0.098
2025-09-30 13:15:19,        0,  41.1,  36.2,  25.1, 27.302, 33.402,  0.914, 250599.6,  1,  21.7,   1.3, 0.099
2025-09-30 13:15:20,        0,  41.5,  37.6,  25.1, 27.445, 33.594,  0.935, 284740.5,  1,  21.8,   1.3, 0.099
2025-09-30 13:15:21,        0,  43.2,  42.6,  25.1, 34.476, 42.827,  1.481, 337061.4,  1,  21.7,   1.3, 0.100
2025-09-30 13:15:22,        0,  44.0,  45.0,  25.2, 39.824, 49.984,  1.998, 383114.2,  1,  21.7,   1.3, 0.100
2025-09-30 13:15:23,        0,  43.9,  44.7,  25.1, 36.339, 45.445,  1.658, 428865.3,  1,  21.7,   1.3, 0.100
2025-09-30 13:15:24,        0,  43.0,  42.1,  25.1, 41.473, 52.320,  2.178, 477036.1,  1,  21.7,   1.3, 0.100
2025-09-30 13:15:25,        0,  39.8,  32.4,  25.1, 41.064, 51.852,  2.135, 532619.2,  1,  21.7,   1.3, 0.100
2025-09-30 13:15:26,        0,  43.0,  41.9,  25.1, 38.101, 47.932,  1.862, 578748.0,  1,  21.7,   1.3, 0.100
2025-09-30 13:15:27,        0,  43.9,  44.7,  25.1, 40.253, 50.967,  2.067, 627676.7,  1,  21.7,   1.3, 0.100
2025-09-30 13:15:28,        0,  42.2,  39.5,  25.1, 39.638, 50.166,  1.992, 675353.0,  1,  21.7,   1.3, 0.100
2025-09-30 13:15:29,        0,  47.0,  54.1,  25.2, 41.833, 53.142,  2.229, 734413.1,  1,  21.7,   1.2, 0.100
2025-09-30 13:15:30,        0,  48.9,  59.6,  25.1, 49.180, 63.015,  3.108, 792936.8,  1,  21.8,   1.2, 0.100
2025-09-30 13:15:31,        0,  44.9,  47.8,  25.2, 47.556, 61.076,  2.942, 846690.6,  1,  21.8,   1.3, 0.110
2025-09-30 13:15:32,        0,  48.2,  57.5,  25.2, 42.132, 53.804,  2.281, 898749.1,  1,  21.8,   1.3, 0.113
2025-09-30 13:15:33,        0,  46.3,  52.0,  25.2, 41.958, 53.644,  2.272, 960708.4,  1,  21.7,   1.2, 0.107
2025-09-30 13:15:34,        0,  44.7,  47.2,  25.2, 48.208, 62.127,  2.998,1017681.3,  1,  21.7,   1.2, 0.103
2025-09-30 13:15:35,        0,  39.7,  32.1,  25.2, 40.952, 52.424,  2.153,1065684.2,  1,  21.7,   1.2, 0.101
2025-09-30 13:15:36,        0,  44.8,  47.5,  25.2, 30.281, 38.045,  1.156,1105888.7,  1,  21.7,   1.2, 0.100
2025-09-30 13:15:37,        0,  35.0,  17.9,  25.2, 35.657, 45.225,  1.617,1160366.9,  1,  21.7,   1.2, 0.100
2025-09-30 13:15:38,        0,  44.0,  44.9,  25.2, 20.836, 25.307,  0.535,1186256.0,  1,  21.7,   1.2, 0.100
2025-09-30 13:15:39,        0,  36.9,  23.8,  25.2, 32.146, 40.377,  1.313,1226996.1,  1,  21.8,   1.2, 0.100
2025-09-30 13:15:40,        0,  43.1,  42.3,  25.2, 27.359, 33.933,  0.953,1259546.5,  1,  21.7,   1.2, 0.100
2025-09-30 13:15:41,        0,  42.5,  40.4,  25.2, 34.530, 43.469,  1.501,1310809.2,  1,  21.7,   1.2, 0.100
2025-09-30 13:15:42,        0,  45.3,  48.8,  25.2, 30.271, 37.746,  1.151,1349901.3,  1,  21.8,   1.2, 0.100
2025-09-30 13:15:43,        0,  44.7,  47.0,  25.3, 41.305, 52.463,  2.169,1399617.6,  1,  21.7,   1.2, 0.100
2025-09-30 13:15:44,        0,  43.6,  43.7,  25.3, 31.887, 39.947,  1.281,1442267.4,  1,  21.8,   1.1, 0.100
2025-09-30 13:15:45,        0,  41.2,  36.5,  25.3, 35.476, 44.721,  1.589,1496273.0,  1,  21.7,   1.2, 0.100
2025-09-30 13:15:46,        0,  45.7,  50.0,  25.3, 34.380, 43.264,  1.490,1537626.8,  1,  21.8,   1.2, 0.100
2025-09-30 13:15:47,        0,  42.1,  39.4,  25.3, 40.464, 51.413,  2.081,1585748.9,  1,  21.8,   1.2, 0.100
2025-09-30 13:15:48,        0,  43.7,  44.1,  25.3, 23.016, 28.055,  0.659,1616198.6,  1,  21.7,   1.2, 0.100
2025-09-30 13:15:49,        0,  43.0,  41.9,  25.2, 35.969, 45.330,  1.645,1667886.0,  1,  21.7,   1.2, 0.100
2025-09-30 13:15:50,        0,  41.2,  36.5,  25.3, 36.078, 45.508,  1.643,1711252.6,  1,  21.7,   1.2, 0.100
2025-09-30 13:15:51,        0,  41.1,  36.2,  25.3, 32.636, 40.827,  1.336,1749940.5,  1,  21.8,   1.2, 0.100
2025-09-30 13:15:52,        0,  36.3,  21.9,  25.3, 31.964, 39.898,  1.276,1787018.4,  1,  21.8,   1.2, 0.100
2025-09-30 13:15:53,        0,  43.0,  41.9,  25.3, 27.681, 34.089,  0.945,1825559.9,  1,  21.7,   1.2, 0.100
2025-09-30 13:15:54,        0,  39.2,  30.5,  25.3, 31.722, 39.414,  1.263,1865300.1,  1,  21.7,   1.2, 0.100
2025-09-30 13:15:55,        0,  39.6,  31.7,  25.3, 31.388, 38.912,  1.225,1901270.9,  1,  21.7,   1.2, 0.100
2025-09-30 13:15:56,        0,  42.8,  41.3,  25.3, 33.291, 41.433,  1.382,1938337.5,  1,  21.7,   1.2, 0.100
2025-09-30 13:15:57,        0,  39.3,  30.9,  25.3, 33.746, 42.020,  1.422,1988123.1,  1,  21.7,   1.2, 0.100
2025-09-30 13:15:58,        0,  43.4,  43.1,  25.3, 36.341, 45.434,  1.655,2028916.4,  1,  21.8,   1.2, 0.100
2025-09-30 13:15:59,        0,  42.7,  41.1,  25.3, 38.605, 48.493,  1.872,2073299.8,  1,  21.7,   1.2, 0.100
2025-09-30 13:16:00,        0,  40.8,  35.5,  25.3, 31.657, 39.294,  1.252,2112101.1,  1,  21.7,   1.2, 0.100
2025-09-30 13:16:01,        0,  40.9,  35.6,  25.3, 41.919, 52.823,  2.216,2165783.8,  1,  21.7,   1.3, 0.100
2025-09-30 13:16:02,        0,  42.0,  38.9,  25.3, 29.817, 36.827,  1.115,2202183.7,  1,  21.7,   1.2, 0.100
2025-09-30 13:16:03,        0,  41.4,  37.1,  25.3, 25.538, 31.131,  0.799,2236979.1,  1,  21.7,   1.2, 0.100
2025-09-30 13:16:04,        0,  42.8,  41.4,  25.3, 31.270, 38.625,  1.213,2272977.3,  1,  21.8,   1.2, 0.100
2025-09-30 13:16:05,        0,  45.5,  49.5,  25.3, 38.488, 48.105,  1.853,2318702.4,  1,  21.7,   1.2, 0.100
2025-09-30 13:16:06,        0,  41.2,  36.7,  25.3, 36.259, 45.259,  1.656,2374795.4,  1,  21.7,   1.2, 0.100
2025-09-30 13:16:07,        0,  44.2,  45.5,  25.3, 37.449, 46.806,  1.754,2417702.1,  1,  21.8,   1.2, 0.100
2025-09-30 13:16:08,        0,  42.8,  41.4,  25.3, 33.644, 41.811,  1.430,2458662.6,  1,  21.7,   1.2, 0.100
2025-09-30 13:16:09,        0,  42.6,  40.7,  25.3, 40.419, 50.703,  2.056,2504029.7,  1,  21.7,   1.2, 0.100
2025-09-30 13:16:10,        0,  41.5,  37.6,  25.3, 28.644, 35.207,  1.017,2549985.1,  1,  21.8,   1.2, 0.100
2025-09-30 13:16:11,        0,  38.5,  28.6,  25.3, 29.714, 36.586,  1.087,2585903.7,  1,  21.7,   1.3, 0.100
2025-09-30 13:16:12,        0,  41.4,  37.3,  25.3, 31.999, 39.539,  1.268,2622238.4,  1,  21.7,   1.3, 0.100
2025-09-30 13:16:13,        0,  39.8,  32.5,  25.3, 27.950, 34.230,  0.970,2658871.5,  1,  21.8,   1.2, 0.100
2025-09-30 13:16:14,        0,  41.1,  36.2,  25.3, 37.593, 46.881,  1.765,2708648.9,  1,  21.7,   1.3, 0.100
2025-09-30 13:16:15,        0,  42.4,  40.1,  25.3, 29.805, 36.658,  1.099,2746781.7,  1,  21.7,   1.3, 0.100
2025-09-30 13:16:16,        0,  40.4,  34.2,  25.3, 29.479, 36.224,  1.080,2786032.7,  1,  21.7,   1.3, 0.100
2025-09-30 13:16:17,        0,  41.2,  36.7,  25.3, 33.985, 42.162,  1.442,2825642.0,  1,  21.7,   1.2, 0.100
2025-09-30 13:16:18,        0,  44.5,  46.5,  25.3, 24.620, 29.841,  0.750,2859133.8,  1,  21.7,   1.3, 0.100
2025-09-30 13:16:19,        0,  40.2,  33.5,  25.3, 38.942, 48.696,  1.902,2914490.6,  1,  21.7,   1.2, 0.100
2025-09-30 13:16:20,        0,  42.7,  41.1,  25.4, 25.307, 30.756,  0.791,2946721.8,  1,  21.7,   1.2, 0.100
2025-09-30 13:16:21,        0,  39.1,  30.4,  25.3, 28.164, 34.482,  0.979,2984513.7,  1,  21.7,   1.3, 0.100
2025-09-30 13:16:22,        0,  39.0,  29.9,  25.4, 27.577, 33.666,  0.929,3017075.5,  1,  21.7,   1.3, 0.100
2025-09-30 13:16:23,        0,  41.0,  36.0,  25.4, 31.094, 38.199,  1.189,3060022.0,  1,  21.7,   1.2, 0.100
2025-09-30 13:16:24,        0,  38.8,  29.3,  25.3, 27.615, 33.644,  0.931,3093388.3,  1,  21.7,   1.2, 0.100
2025-09-30 13:16:25,        0,  40.7,  35.2,  25.4, 29.613, 36.216,  1.075,3128194.6,  1,  21.7,   1.2, 0.100
2025-09-30 13:16:26,        0,  39.9,  32.8,  25.3, 27.343, 33.224,  0.909,3161779.2,  1,  21.7,   1.2, 0.100
2025-09-30 13:16:27,        0,  39.2,  30.7,  25.4, 24.629, 29.614,  0.735,3195718.6,  1,  21.7,   1.2, 0.100
2025-09-30 13:16:28,        0,  37.2,  24.5,  25.4, 27.237, 33.016,  0.908,3226825.9,  1,  21.7,   1.2, 0.100
2025-09-30 13:16:29,        0,  36.9,  23.8,  25.4, 25.537, 30.755,  0.788,3255912.6,  1,  21.7,   1.2, 0.100
2025-09-30 13:16:30,        0,  34.4,  16.1,  25.4, 21.386, 25.340,  0.544,3277105.2,  1,  21.7,   1.2, 0.100
2025-09-30 13:16:31,        0,  36.8,  23.3,  25.4, 21.150, 24.967,  0.530,3299279.5,  1,  21.7,   1.2, 0.100
2025-09-30 13:16:32,        0,  38.7,  29.1,  25.4, 28.859, 34.924,  1.010,3334775.2,  1,  21.7,   1.1, 0.100
2025-09-30 13:16:33,        0,  38.6,  28.8,  25.4, 27.290, 32.880,  0.902,3365351.9,  1,  21.7,   1.2, 0.100
2025-09-30 13:16:34,        0,  37.5,  25.5,  25.4, 19.498, 22.782,  0.462,3390439.0,  1,  21.7,   1.2, 0.100
2025-09-30 13:16:35,        0,  37.9,  26.6,  25.4, 26.365, 31.628,  0.834,3419206.1,  1,  21.7,   1.2, 0.100
2025-09-30 13:16:36,        0,  34.1,  15.3,  25.4, 16.981, 19.468,  0.341,3448236.2,  1,  21.7,   1.2, 0.100
2025-09-30 13:16:37,        0,  35.7,  20.2,  25.4, 18.130, 20.911,  0.380,3466955.3,  1,  21.7,   1.1, 0.100
2025-09-30 13:16:38,        0,  35.4,  19.1,  25.4, 16.575, 18.919,  0.318,3486514.2,  1,  21.7,   1.1, 0.100
2025-09-30 13:16:39,        0,  36.5,  22.4,  25.4, 16.729, 19.099,  0.321,3505456.3,  1,  21.7,   1.2, 0.100
2025-09-30 13:16:40,        0,  31.2,   6.7,  25.4, 15.252, 17.183,  0.264,3529599.3,  1,  21.7,   1.2, 0.100
2025-09-30 13:16:41,        0,  30.6,   4.8,  25.4, 14.899, 16.710,  0.268,3544584.5,  1,  21.7,   1.2, 0.100
2025-09-30 13:16:42,        0,  36.4,  22.2,  25.5, 18.167, 20.863,  0.383,3561054.5,  1,  21.7,   1.2, 0.100
2025-09-30 13:16:43,        0,  35.6,  19.9,  25.4, 16.749, 19.040,  0.321,3581301.8,  1,  21.7,   1.2, 0.100
2025-09-30 13:16:44,        0,  35.5,  19.4,  25.4, 17.050, 19.409,  0.335,3601214.3,  1,  21.7,   1.1, 0.100
2025-09-30 13:16:45,        0,  34.1,  15.3,  25.4, 16.180, 18.279,  0.296,3622872.7,  1,  21.7,   1.2, 0.100
2025-09-30 13:16:46,        0,  35.5,  19.4,  25.4, 15.452, 17.333,  0.383,3640981.0,  1,  21.7,   1.2, 0.100
2025-09-30 13:16:47,        0,  32.4,  10.2,  25.4, 17.380, 19.780,  0.345,3660172.2,  1,  21.7,   1.2, 0.100
2025-09-30 13:16:48,        0,  31.8,   8.4,  25.4, 14.076, 15.562,  0.219,3674336.8,  1,  21.7,   1.2, 0.100
2025-09-30 13:16:49,        0,  33.8,  14.5,  25.4, 12.958, 14.142,  0.189,3691266.1,  1,  21.7,   1.1, 0.100
2025-09-30 13:16:50,        0,  33.1,  12.2,  25.5, 13.135, 14.365,  0.189,3705117.6,  1,  21.7,   1.2, 0.100
2025-09-30 13:16:51,        0,  33.1,  12.2,  25.4, 13.372, 14.655,  0.197,3718249.1,  1,  21.7,   1.2, 0.100
2025-09-30 13:16:52,        0,  33.4,  13.1,  25.4, 16.420, 18.510,  0.309,3734187.3,  1,  21.7,   1.1, 0.100
2025-09-30 13:16:53,        0,  33.2,  12.5,  25.4, 12.997, 14.159,  0.193,3749381.6,  1,  21.7,   1.2, 0.100
2025-09-30 13:16:54,        0,  34.1,  15.3,  25.5, 16.312, 18.350,  0.300,3769123.9,  1,  21.7,   1.2, 0.100
2025-09-30 13:16:55,        0,  32.1,   9.4,  25.4, 11.839, 12.691,  0.155,3781837.2,  1,  21.7,   1.2, 0.100
2025-09-30 13:16:56,        0,  31.1,   6.4,  25.4,  8.606,  8.650,  0.084,3791516.6,  1,  21.7,   1.2, 0.100
2025-09-30 13:16:57,        0,  30.7,   5.2,  25.4, 10.228, 10.667,  0.110,3800544.3,  1,  21.7,   1.1, 0.100
2025-09-30 13:16:58,        0,  32.1,   9.2,  25.4, 11.058, 11.713,  0.131,3811731.7,  1,  21.7,   1.2, 0.100
2025-09-30 13:16:59,        0,  31.8,   8.4,  25.4, 12.826, 13.923,  0.179,3824529.1,  1,  21.7,   1.2, 0.100
2025-09-30 13:17:00,        0,  32.1,   9.2,  25.4, 11.462, 12.204,  0.141,3835879.5,  1,  21.7,   1.2, 0.100
2025-09-30 13:17:01,        0,  31.9,   8.7,  25.5,  7.518,  7.294,  0.057,3844533.8,  1,  21.7,   1.2, 0.100
2025-09-30 13:17:02,        0,  32.2,   9.5,  25.4,  8.722,  8.779,  0.078,3856537.1,  1,  21.7,   1.2, 0.100
2025-09-30 13:17:03,        0,  32.5,  10.5,  25.4,  9.913, 10.267,  0.103,3866456.3,  1,  21.7,   1.2, 0.100
2025-09-30 13:17:04,        0,  32.2,   9.5,  25.4,  5.651,  5.009,  0.032,3874729.6,  1,  21.7,   1.1, 0.100
2025-09-30 13:17:05,        0,  32.0,   9.0,  25.4, 11.292, 11.997,  0.136,3886204.4,  1,  21.7,   1.2, 0.100
2025-09-30 13:17:06,        0,  30.0,   3.1,  25.4,  5.904,  5.315,  0.032,3894463.6,  1,  21.7,   1.2, 0.100
2025-09-30 13:17:07,        0,  29.2,   0.5,  25.4,  7.794,  7.673,  0.061,3899677.5,  1,  21.7,   1.2, 0.100
2025-09-30 13:17:08,        0,  30.9,   5.7,  25.4,  6.633,  6.307,  0.050,3903763.3,  1,  21.7,   1.1, 0.100
2025-09-30 13:17:09,        0,  30.8,   5.4,  25.4,  9.542,  9.841,  0.094,3912532.8,  1,  21.7,   1.2, 0.100
2025-09-30 13:17:10,        0,  31.7,   8.2,  25.4,  7.545,  7.352,  0.056,3920307.1,  1,  21.7,   1.2, 0.100
2025-09-30 13:17:11,        0,  31.2,   6.7,  25.4,  8.898,  9.017,  0.080,3930993.6,  1,  21.7,   1.2, 0.100
2025-09-30 13:17:12,        0,  29.8,   2.4,  25.4,  7.801,  7.668,  0.060,3938738.4,  1,  21.7,   1.2, 0.100
2025-09-30 13:17:13,        0,  30.8,   5.3,  25.4,  8.255,  8.246,  0.069,3945461.6,  1,  21.7,   1.2, 0.100
2025-09-30 13:17:14,        0,  30.8,   5.3,  25.4,  8.232,  8.213,  0.068,3953187.6,  1,  21.7,   1.2, 0.100
2025-09-30 13:17:15,        0,  30.7,   5.1,  25.4,  6.653,  6.272,  0.042,3960784.9,  1,  21.7,   1.2, 0.100
2025-09-30 13:17:16,        0,  31.0,   5.9,  25.4,  6.973,  6.669,  0.048,3965893.7,  1,  21.7,   1.2, 0.100
2025-09-30 13:17:17,        0,  30.7,   5.1,  25.4,  8.314,  8.346,  0.070,3972649.9,  1,  21.7,   1.2, 0.100
2025-09-30 13:17:18,        0,  30.9,   5.7,  25.4,  7.629,  7.486,  0.058,3979599.0,  1,  21.7,   1.2, 0.100
2025-09-30 13:17:19,        0,  30.6,   4.7,  25.4,  3.107,  2.007,  0.009,3985285.7,  1,  21.7,   1.2, 0.100
2025-09-30 13:17:20,        0,  30.1,   3.4,  25.4,  5.336,  4.686,  0.027,3989389.4,  1,  21.7,   1.2, 0.100
2025-09-30 13:17:21,        0,  30.9,   5.7,  25.4,  5.921,  5.403,  0.033,3994437.0,  1,  21.7,   1.2, 0.100
2025-09-30 13:17:22,        0,  29.7,   2.0,  25.5,  7.367,  7.187,  0.053,4001225.5,  1,  21.7,   1.2, 0.100
2165-165-165 45:165:85,        0,  31.0,   6.1,  25.5,  4.358,  3.559,  0.021,4006129.8,  1,  21.7,   1.2, 0.100
2025-09-30 13:17:24,        0,  29.3,   0.8,  25.4,  1.934,  0.647,  0.002,4009077.3,  1,  21.7,   1.2, 0.100
2025-09-30 13:17:25,        0,  30.7,   5.2,  25.4,  7.239,  7.066,  0.052,4013854.5,  1,  21.7,   1.2, 0.100
2025-09-30 13:17:26,        0,  29.6,   1.8,  25.4,  6.162,  5.712,  0.036,4019671.6,  1,  21.7,   1.2, 0.100
2025-09-30 13:17:27,        0,  30.6,   4.9,  25.4,  5.807,  5.278,  0.031,4025401.9,  1,  21.7,   1.2, 0.100
2025-09-30 13:17:28,        0,  30.1,   3.3,  25.4,  5.832,  5.305,  0.032,4030308.6,  1,  21.7,   1.2, 0.100
2025-09-30 13:17:29,        0,  29.6,   1.8,  25.4,  5.559,  4.985,  0.029,4034570.8,  1,  21.7,   1.2, 0.100
2025-09-30 13:17:30,        0,  30.7,   5.1,  25.4,  1.743,  0.534,  0.004,4036417.0,  1,  21.7,   1.2, 0.100
2025-09-30 13:17:31,        0,  29.9,   2.8,  25.5,  3.816,  2.875,  0.013,4041005.6,  1,  21.7,   1.2, 0.100
2025-09-30 13:17:32,        0,  30.1,   3.3,  25.4,  5.821,  5.320,  0.031,4045086.8,  1,  21.7,   1.2, 0.100
2025-09-30 13:17:33,        0,  30.4,   4.1,  25.4,  5.358,  4.742,  0.025,4049779.4,  1,  21.7,   1.2, 0.100
2025-09-30 13:17:34,        0,  29.4,   1.3,  25.4,  4.468,  3.672,  0.019,4054121.2,  1,  21.7,   1.2, 0.100
2025-09-30 13:17:35,        0,  29.9,   2.6,  25.4,  3.102,  2.101,  0.012,4056777.4,  1,  21.7,   1.2, 0.100
2025-09-30 13:17:36,        0,  29.5,   1.6,  25.4,  5.356,  4.748,  0.026,4062246.2,  1,  21.7,   1.2, 0.100
2025-09-30 13:17:37,        0,  29.2,   0.5,  25.4,  1.478,  0.181,  0.000,4062667.4,  1,  21.7,   1.2, 0.100
2025-09-30 13:17:38,        0,  30.3,   3.8,  25.5,  3.462,  2.498,  0.012,4064373.1,  1,  21.7,   1.2, 0.100
2025-09-30 13:17:39,        0,  30.1,   3.4,  25.4,  5.879,  5.410,  0.032,4069471.8,  1,  21.7,   1.2, 0.100
2025-09-30 13:17:40,        0,  30.0,   2.9,  25.4,  4.229,  3.397,  0.017,4074388.6,  1,  21.7,   1.2, 0.100
2025-09-30 13:17:41,        0,  29.8,   2.5,  25.4,  5.056,  4.391,  0.022,4078019.7,  1,  21.7,   1.2, 0.100
2025-09-30 13:17:42,        0,  30.0,   2.9,  25.4,  1.334,  0.057,  0.000,4078546.5,  1,  21.7,   1.1, 0.100
2025-09-30 13:17:43,        0,  29.5,   1.5,  25.4,  1.581,  0.302,  0.001,4080348.6,  1,  21.7,   1.2, 0.100
2025-09-30 13:17:44,        0,  29.8,   2.3,  25.4,  3.658,  2.823,  0.015,4081880.4,  1,  21.7,   1.2, 0.100
2025-09-30 13:17:45,        0,  29.9,   2.8,  25.4,  1.908,  0.811,  0.005,4082658.2,  1,  21.7,   1.1, 0.100
2025-09-30 13:17:46,        0,  30.1,   3.3,  25.4,  3.044,  1.998,  0.008,4085645.5,  1,  21.7,   1.1, 0.100
2025-09-30 13:17:47,        0,  30.1,   3.3,  25.4,  5.227,  4.623,  0.024,4089974.8,  1,  21.7,   1.1, 0.100
2025-09-30 13:17:48,        0,  29.6,   1.9,  25.4,  3.503,  2.539,  0.011,4093143.6,  1,  21.7,   1.2, 0.100
2025-09-30 13:17:49,        0,  29.6,   1.8,  25.4,  1.204, -0.005,  0.000,4093179.6,  1,  21.7,   1.2, 0.100
2025-09-30 13:17:50,        0,  29.8,   2.3,  25.4,  1.156, -0.010,  0.000,4093170.8,  1,  21.7,   1.2, 0.100
2025-09-30 13:17:51,        0,  29.7,   2.0,  25.4,  3.913,  3.165,  0.017,4094912.2,  1,  21.7,   1.2, 0.100
2025-09-30 13:17:52,        0,  30.0,   2.9,  25.4,  1.300,  0.058,  0.000,4094979.6,  1,  21.7,   1.2, 0.100
2025-09-30 13:17:53,        0,  29.9,   2.6,  25.4,  3.039,  2.012,  0.008,4097542.4,  1,  21.7,   1.2, 0.100
2025-09-30 13:17:54,        0,  29.8,   2.3,  25.4,  1.168, -0.005,  0.000,4097545.8,  1,  21.7,   1.3, 0.100
2025-09-30 13:17:55,        0,  30.0,   2.9,  25.4,  3.495,  2.699,  0.014,4099347.4,  1,  21.7,   1.3, 0.100
2025-09-30 13:17:56,        0,  30.1,   3.4,  25.4,  4.999,  4.380,  0.022,4103548.9,  1,  21.7,   1.3, 0.100
2025-09-30 13:17:57,        0,  30.0,   2.9,  25.4,  3.538,  2.605,  0.011,4107178.7,  1,  21.7,   1.3, 0.100
2025-09-30 13:17:58,        0,  29.8,   2.5,  25.4,  2.955,  1.918,  0.007,4108683.2,  1,  21.7,   1.3, 0.100
2025-09-30 13:17:59,        0,  29.7,   2.0,  25.4,  1.166, -0.005,  0.000,4108685.3,  1,  21.7,   1.2, 0.100
2025-09-30 13:18:00,        0,  29.2,   0.5,  25.4,  1.119, -0.009,  0.000,4108676.9,  1,  21.7,   1.3, 0.100
2025-09-30 13:18:01,        0,  29.7,   2.1,  25.4,  1.086, -0.011,  0.000,4108666.9,  1,  21.7,   1.3, 0.100
2025-09-30 13:18:02,        0,  29.8,   2.5,  25.4,  1.045, -0.011,  0.000,4108653.9,  1,  21.7,   1.2, 0.100
2025-09-30 13:18:03,        0,  29.9,   2.6,  25.4,  1.019, -0.011,  0.000,4109440.5,  1,  21.7,   1.2, 0.100
2025-09-30 13:18:04,        0,  29.9,   2.6,  25.4,  4.235,  3.547,  0.019,4111310.5,  1,  21.7,   1.3, 0.100
2025-09-30 13:18:05,        0,  29.8,   2.4,  25.4,  4.954,  4.352,  0.022,4114934.4,  1,  21.7,   1.2, 0.100
2025-09-30 13:18:06,        0,  29.5,   1.6,  25.4,  1.708,  0.494,  0.001,4116157.3,  1,  21.7,   1.2, 0.100
2025-09-30 13:18:07,        0,  29.0,   0.1,  25.4,  1.163, -0.001,  0.000,4116160.7,  1,  21.7,   1.2, 0.100
2025-09-30 13:18:08,        0,  29.8,   2.3,  25.5,  1.109, -0.009,  0.000,4116152.3,  1,  21.7,   1.2, 0.100
2025-09-30 13:18:09,        0,  29.9,   2.6,  25.5,  1.056, -0.011,  0.000,4116142.3,  1,  21.7,   1.2, 0.100
2025-09-30 13:18:10,        0,  29.8,   2.4,  25.5,  1.014, -0.011,  0.000,4116129.7,  1,  21.7,   1.2, 0.100
2025-09-30 13:18:11,        0,  29.9,   2.6,  25.4,  0.987, -0.011,  0.000,4116120.0,  1,  21.7,   1.2, 0.100
2025-09-30 13:18:12,        0,  29.9,   2.8,  25.4,  0.962, -0.011,  0.000,4116110.4,  1,  21.7,   1.2, 0.100
2025-09-30 13:18:13,        0,  30.0,   2.9,  25.4,  4.935,  4.373,  0.022,4120225.5,  1,  21.7,   1.2, 0.100
2025-09-30 13:18:14,        0,  30.0,   2.9,  25.4,  4.959,  4.386,  0.022,4124403.5,  1,  21.7,   1.2, 0.100
2025-09-30 13:18:15,        0,  29.3,   1.0,  25.5,  1.424,  0.202,  0.000,4126976.3,  1,  21.7,   1.2, 0.100
2025-09-30 13:18:16,        0,  28.5,   0.0,  25.4,  1.146, -0.003,  0.000,4126979.2,  1,  21.7,   1.2, 0.100
2025-09-30 13:18:17,        0,  29.5,   1.5,  25.4,  1.093, -0.008,  0.000,4126971.3,  1,  21.7,   1.2, 0.100
2025-09-30 13:18:18,        0,  29.4,   1.1,  25.4,  1.042, -0.010,  0.000,4126961.6,  1,  21.7,   1.2, 0.100
2025-09-30 13:18:19,        0,  29.5,   1.6,  25.4,  1.014, -0.010,  0.000,4126949.5,  1,  21.7,   1.2, 0.100
2025-09-30 13:18:20,        0,  29.4,   1.3,  25.4,  0.973, -0.010,  0.000,4126939.8,  1,  21.7,   1.2, 0.100
2025-09-30 13:18:21,        0,  29.7,   2.0,  25.4,  0.946, -0.009,  0.000,4126930.6,  1,  21.7,   1.2, 0.100
2025-09-30 13:18:22,        0,  29.7,   2.0,  25.4,  0.920, -0.010,  0.000,4126921.0,  1,  21.7,   1.3, 0.100
2025-09-30 13:18:23,        0,  29.6,   1.9,  25.4,  0.883, -0.009,  0.000,4126910.5,  1,  21.7,   1.3, 0.100
2025-09-30 13:18:24,        0,  29.6,   1.9,  25.4,  0.861, -0.009,  0.000,4126901.3,  1,  21.7,   1.3, 0.100
2025-09-30 13:18:25,        0,  29.7,   2.1,  25.4,  0.833, -0.010,  0.000,4126892.1,  1,  21.7,   1.3, 0.100
2025-09-30 13:18:26,        0,  29.8,   2.3,  25.4,  0.818, -0.010,  0.000,4126882.4,  1,  21.7,   1.3, 0.100
2025-09-30 13:18:27,        0,  29.8,   2.3,  25.4,  0.805, -0.010,  0.000,4126872.4,  1,  21.7,   1.3, 0.100
2025-09-30 13:18:28,        0,  29.8,   2.5,  25.4,  0.789, -0.010,  0.000,4126860.6,  1,  21.7,   1.2, 0.100
2025-09-30 13:18:29,        0,  29.9,   2.6,  25.4,  0.779, -0.010,  0.000,4128427.2,  1,  21.7,   1.3, 0.100
2025-09-30 13:18:30,        0,  29.8,   2.3,  25.4,  4.903,  4.383,  0.021,4132610.2,  1,  21.7,   1.2, 0.100
2025-09-30 13:18:31,        0,  29.2,   0.6,  25.4,  1.307,  0.135,  0.000,4133188.1,  1,  21.7,   1.2, 0.100
2025-09-30 13:18:32,        0,  29.6,   1.8,  25.4,  1.069, -0.007,  0.000,4133183.5,  1,  21.7,   1.2, 0.100
2025-09-30 13:18:33,        0,  28.9,   0.0,  25.4,  1.028, -0.009,  0.000,4133174.7,  1,  21.7,   1.2, 0.100
2025-09-30 13:18:34,        0,  29.7,   2.0,  25.4,  0.981, -0.009,  0.000,4133165.5,  1,  21.7,   1.3, 0.100
2025-09-30 13:18:35,        0,  29.6,   1.9,  25.4,  0.952, -0.009,  0.000,4133156.7,  1,  21.7,   1.3, 0.100
2025-09-30 13:18:36,        0,  29.6,   1.9,  25.4,  0.909, -0.009,  0.000,4133146.2,  1,  21.7,   1.3, 0.100
2025-09-30 13:18:37,        0,  29.6,   1.8,  25.4,  0.881, -0.008,  0.000,4133138.2,  1,  21.7,   1.3, 0.100
2025-09-30 13:18:38,        0,  29.7,   2.1,  25.4,  0.853, -0.008,  0.000,4133129.9,  1,  21.7,   1.3, 0.100
2025-09-30 13:18:39,        0,  29.7,   2.1,  25.4,  0.816, -0.009,  0.000,4133121.9,  1,  21.7,   1.3, 0.100
2025-09-30 13:18:40,        0,  29.7,   2.1,  25.4,  0.795, -0.009,  0.000,4133113.5,  1,  21.7,   1.3, 0.100
2025-09-30 13:18:41,        0,  29.7,   2.1,  25.4,  0.771, -0.009,  0.000,4133102.6,  1,  21.7,   1.3, 0.100
2025-09-30 13:18:42,        0,  29.7,   2.1,  25.4,  0.758, -0.009,  0.000,4133093.4,  1,  21.7,   1.3, 0.100
2025-09-30 13:18:43,        0,  29.8,   2.3,  25.4,  0.747, -0.010,  0.000,4133083.8,  1,  21.7,   1.3, 0.100
2025-09-30 13:18:44,        0,  29.7,   2.1,  25.4,  0.734, -0.010,  0.000,4133074.1,  1,  21.7,   1.3, 0.100
2025-09-30 13:18:45,        0,  29.7,   2.1,  25.4,  0.727, -0.010,  0.000,4133062.8,  1,  21.7,   1.3, 0.100
2025-09-30 13:18:46,        0,  29.8,   2.3,  25.4,  0.718, -0.010,  0.000,4133052.8,  1,  21.7,   1.3, 0.100
2025-09-30 13:18:47,        0,  29.8,   2.3,  25.4,  0.714, -0.011,  0.000,4133042.7,  1,  21.7,   1.3, 0.100
2025-09-30 13:18:48,        0,  29.8,   2.3,  25.4,  0.709, -0.010,  0.000,4133032.6,  1,  21.7,   1.3, 0.100
2025-09-30 13:18:49,        0,  29.7,   2.1,  25.4,  0.703, -0.010,  0.000,4133023.4,  1,  21.7,   1.3, 0.100
2025-09-30 13:18:50,        0,  29.8,   2.3,  25.4,  0.699, -0.011,  0.000,4133010.8,  1,  21.7,   1.3, 0.100
2025-09-30 13:18:51,        0,  29.8,   2.4,  25.4,  0.696, -0.010,  0.000,4133001.2,  1,  21.7,   1.3, 0.100
2025-09-30 13:18:52,        0,  29.8,   2.5,  25.4,  0.693, -0.010,  0.000,4132991.1,  1,  21.7,   1.3, 0.100
2025-09-30 13:18:53,        0,  29.9,   2.6,  25.4,  0.691, -0.010,  0.000,4132981.9,  1,  21.7,   1.3, 0.100
2025-09-30 13:18:54,        0,  29.9,   2.6,  25.4,  0.688, -0.010,  0.000,4132969.4,  1,  21.7,   1.3, 0.100
2025-09-30 13:18:55,        0,  29.9,   2.6,  25.4,  2.227,  1.693,  0.010,4133780.3,  1,  21.7,   1.3, 0.100
2025-09-30 13:18:56,        0,  29.8,   2.4,  25.4,  4.839,  4.383,  0.021,4137968.7,  1,  21.7,   1.3, 0.100
2025-09-30 13:18:57,        0,  29.2,   0.6,  25.4,  1.581,  0.472,  0.001,4139016.5,  1,  21.7,   1.3, 0.100
2025-09-30 13:18:58,        0,  29.3,   0.8,  25.4,  1.030, -0.005,  0.000,4139014.0,  1,  21.7,   1.3, 0.100
2025-09-30 13:18:59,        0,  29.5,   1.4,  25.4,  0.988, -0.008,  0.000,4139006.0,  1,  21.7,   1.2, 0.100
2025-09-30 13:19:00,        0,  29.4,   1.3,  25.4,  0.942, -0.009,  0.000,4138997.2,  1,  21.7,   1.3, 0.100
2025-09-30 13:19:01,        0,  29.6,   1.8,  25.4,  0.911, -0.009,  0.000,4138988.8,  1,  21.7,   1.2, 0.100
2025-09-30 13:19:02,        0,  29.5,   1.6,  25.4,  0.868, -0.009,  0.000,4138978.8,  1,  21.7,   1.2, 0.100
2025-09-30 13:19:03,        0,  29.5,   1.6,  25.4,  0.839, -0.008,  0.000,4138970.8,  1,  21.7,   1.2, 0.100
2025-09-30 13:19:04,        0,  29.7,   2.0,  25.4,  0.813, -0.007,  0.000,4138963.3,  1,  21.7,   1.2, 0.100
2025-09-30 13:19:05,        0,  29.5,   1.6,  25.4,  0.777, -0.008,  0.000,4138955.7,  1,  21.7,   1.2, 0.100
2025-09-30 13:19:06,        0,  29.5,   1.6,  25.4,  0.757, -0.008,  0.000,4138946.1,  1,  21.7,   1.1, 0.100
2025-09-30 13:19:07,        0,  29.5,   1.6,  25.4,  0.732, -0.009,  0.000,4138937.3,  1,  21.7,   1.1, 0.100
2025-09-30 13:19:08,        0,  29.6,   1.8,  25.4,  0.719, -0.009,  0.000,4138929.3,  1,  21.7,   1.2, 0.100
2025-09-30 13:19:09,        0,  29.5,   1.6,  25.4,  0.709, -0.009,  0.000,4138920.5,  1,  21.7,   1.1, 0.100
2025-09-30 13:19:10,        0,  29.5,   1.6,  25.4,  0.696, -0.009,  0.000,4138911.3,  1,  21.7,   1.1, 0.100
2025-09-30 13:19:11,        0,  29.6,   1.8,  25.4,  0.686, -0.009,  0.000,4138900.4,  1,  21.7,   1.1, 0.100
2025-09-30 13:19:12,        0,  29.6,   1.8,  25.4,  0.681, -0.009,  0.000,4138891.6,  1,  21.7,   1.1, 0.100
2025-09-30 13:19:13,        0,  29.6,   1.8,  25.4,  0.677, -0.010,  0.000,4138882.8,  1,  21.7,   1.1, 0.100
2025-09-30 13:19:14,        0,  29.5,   1.6,  25.4,  0.672, -0.010,  0.000,4138872.7,  1,  21.7,   1.1, 0.100
2025-09-30 13:19:15,        0,  29.6,   1.9,  25.4,  0.668, -0.009,  0.000,4138861.8,  1,  21.7,   1.1, 0.100
2025-09-30 13:19:16,        0,  29.6,   1.8,  25.4,106745.037, -0.010,  0.000,4138852.2,  1,  21.7,   1.1, 0.100
2025-09-30 13:19:17,        0,  29.7,   2.0,  25.4,  0.660, -0.009,  0.000,4138843.0,  1,  21.7,   1.1, 0.100
2025-09-30 13:19:18,        0,  29.6,   1.9,  25.4,  0.658, -0.009,  0.000,4138834.2,  1,  21.7,   1.1, 0.100
2025-09-30 13:19:19,        0,  29.7,   2.0,  25.4,  0.654, -0.010,  0.000,4138822.4,  1,  21.7,   1.1, 0.100
2025-09-30 13:19:20,        0,  29.7,   2.0,  25.4,  0.653, -0.010,  0.000,4138813.2,  1,  21.7,   1.1, 0.100
2025-09-30 13:19:21,        0,  29.6,   1.9,  25.4,  0.650, -0.010,  0.000,4138803.6,  1,  21.7,   1.2, 0.100
2025-09-30 13:19:22,        0,  29.7,   2.0,  25.4,  0.648, -0.009,  0.000,4138794.4,  1,  21.7,   1.2, 0.100
2025-09-30 13:19:23,        0,  29.6,   1.9,  25.4,  0.646, -0.010,  0.000,4138783.0,  1,  21.7,   1.1, 0.100
2025-09-30 13:19:24,        0,  29.7,   2.0,  25.4,  0.644, -0.010,  0.000,4138773.8,  1,  21.7,   1.1, 0.100
2025-09-30 13:19:25,        0,  29.7,   2.0,  25.4,  0.643, -0.009,  0.000,4138764.2,  1,  21.7,   1.2, 0.100
2025-09-30 13:19:26,        0,  29.7,   2.0,  25.4,  0.641, -0.010,  0.000,4138755.4,  1,  21.7,   1.1, 0.100
2025-09-30 13:19:27,        0,  29.7,   2.0,  25.4,  0.640, -0.010,  0.000,4138745.7,  1,  21.7,   1.2, 0.100
2025-09-30 13:19:28,        0,  29.7,   2.1,  25.4,  0.638, -0.010,  0.000,4138734.4,  1,  21.7,   1.2, 0.100
2025-09-30 13:19:29,        0,  29.6,   1.9,  25.4,  0.637, -0.010,  0.000,4138725.2,  1,  21.7,   1.2, 0.100
2025-09-30 13:19:30,        0,  29.7,   2.0,  25.4,  0.636, -0.010,  0.000,4138715.6,  1,  21.7,   1.2, 0.100
2025-09-30 13:19:31,        0,  29.7,   2.0,  25.4,  0.633, -0.010,  0.000,4138706.3,  1,  21.7,   1.2, 0.100
2025-09-30 13:19:32,        0,  29.7,   2.1,  25.4,  0.632, -0.010,  0.000,4138694.6,  1,  21.7,   1.1, 0.100
2025-09-30 13:19:33,        0,  29.7,   2.1,  25.4,  0.631, -0.009,  0.000,4138685.8,  1,  21.7,   1.2, 0.100
2025-09-30 13:19:34,        0,  29.7,   2.1,  25.4,  0.630, -0.009,  0.000,4138676.6,  1,  21.7,   1.1, 0.100
2025-09-30 13:19:35,        0,  29.7,   2.1,  25.4,  0.629, -0.009,  0.000,4138668.2,  1,  21.7,   1.2, 0.100
2025-09-30 13:19:36,        0,  29.7,   2.1,  25.4,  0.628, -0.010,  0.000,4138658.6,  1,  21.7,   1.2, 0.100
2025-09-30 13:19:37,        0,  29.7,   2.1,  25.4,  0.626, -0.010,  0.000,4138647.7,  1,  21.7,   1.2, 0.100
2025-09-30 13:19:38,        0,  29.7,   2.1,  25.4,  0.625, -0.009,  0.000,4138638.5,  1,  21.7,   1.1, 0.100
2025-09-30 13:19:39,        0,  29.7,   2.1,  25.4,  0.624, -0.010,  0.000,4138628.8,  1,  21.7,   1.2, 0.100
2025-09-30 13:19:40,        0,  29.7,   2.0,  25.4,  0.623, -0.009,  0.000,4138620.0,  1,  21.7,   1.2, 0.100
2025-09-30 13:19:41,        0,  29.7,   2.0,  25.3,  0.622, -0.010,  0.000,4138609.1,  1,  21.7,   1.2, 0.100
2025-09-30 13:19:42,        0,  29.7,   2.1,  25.4,  0.620, -0.009,  0.000,4138599.9,  1,  21.7,   1.2, 0.100
2025-09-30 13:19:43,        0,  29.8,   2.3,  25.4,  0.620, -0.009,  0.000,4138590.7,  1,  21.7,   1.2, 0.100
2025-09-30 13:19:44,        0,  29.7,   2.1,  25.4,  0.619, -0.010,  0.000,4138581.5,  1,  21.7,   1.2, 0.100
2025-09-30 13:19:45,        0,  29.7,   2.1,  25.4,  0.618, -0.010,  0.000,4138570.1,  1,  21.7,   1.2, 0.100
2025-09-30 13:19:46,        0,  29.7,   2.1,  25.4,  0.617, -0.009,  0.000,4138560.9,  1,  21.7,   1.2, 0.100
2025-09-30 13:19:47,        0,  29.7,   2.1,  25.4,  0.616, -0.009,  0.000,4138552.1,  1,  21.7,   1.2, 0.100
2025-09-30 13:19:48,        0,  29.7,   2.1,  25.4,  0.614, -0.009,  0.000,4138542.5,  1,  21.7,   1.2, 0.100
2025-09-30 13:19:49,        0,  29.7,   2.1,  25.4,  0.614, -0.009,  0.000,4138533.7,  1,  21.7,   1.2, 0.100
2025-09-30 13:19:50,        0,  29.7,   2.1,  25.3,  0.613, -0.009,  0.000,4138522.8,  1,  21.7,   1.2, 0.100
2025-09-30 13:19:51,        0,  29.7,   2.1,  25.4,  0.612, -0.009,  0.000,4138514.0,  1,  21.7,   1.2, 0.100
2025-09-30 13:19:52,        0,  29.8,   2.3,  25.4,  0.611, -0.009,  0.000,4138505.2,  1,  21.7,   1.2, 0.100
2025-09-30 13:19:53,        0,  29.7,   2.1,  25.4,  0.611, -0.009,  0.000,4138496.0,  1,  21.7,   1.2, 0.100
2025-09-30 13:19:54,        0,  29.7,   2.1,  25.4,  0.610, -0.009,  0.000,4138486.7,  1,  21.7,   1.2, 0.100
2025-09-30 13:19:55,        0,  29.7,   2.0,  25.3,  0.609, -0.010,  0.000,4138476.3,  1,  21.7,   1.2, 0.100
2025-09-30 13:19:56,        0,  29.8,   2.3,  25.4,  0.608, -0.009,  0.000,4138467.5,  1,  21.7,   1.3, 0.100
2025-09-30 13:19:57,        0,  29.8,   2.3,  25.4,  0.608, -0.009,  0.000,4138458.2,  1,  21.7,   1.3, 0.100
2025-09-30 13:19:58,        0,  29.8,   2.3,  25.4,  0.606, -0.009,  0.000,4138449.0,  1,  21.7,   1.2, 0.100
2025-09-30 13:19:59,        0,  29.8,   2.3,  25.4,  0.606, -0.009,  0.000,4138438.1,  1,  21.7,   1.3, 0.100
2025-09-30 13:20:00,        0,  29.8,   2.3,  25.4,  0.606, -0.009,  0.000,4138429.7,  1,  21.7,   1.3, 0.100
2025-09-30 13:20:01,        0,  29.8,   2.3,  25.4,  0.604, -0.010,  0.000,4138420.5,  1,  21.7,   1.3, 0.100
2025-09-30 13:20:02,        0,  29.8,   2.3,  25.4,  0.604, -0.009,  0.000,4138411.7,  1,  21.7,   1.3, 0.100
2025-09-30 13:20:03,        0,  29.8,   2.3,  25.4,  0.603, -0.009,  0.000,4138402.5,  1,  21.7,   1.3, 0.100
2025-09-30 13:20:04,        0,  29.7,   2.1,  25.4,  0.602, -0.009,  0.000,4138392.0,  1,  21.7,   1.2, 0.100
2025-09-30 13:20:05,        0,  29.8,   2.3,  25.4,  0.602, -0.009,  0.000,4138382.8,  1,  21.7,   1.3, 0.100
2025-09-30 13:20:06,        0,  29.7,   2.1,  25.4,  0.600, -0.009,  0.000,4138374.4,  1,  21.7,   1.3, 0.100
2025-09-30 13:20:07,        0,  29.8,   2.3,  25.4,  0.600, -0.009,  0.000,4138365.2,  1,  21.7,   1.2, 0.100
2025-09-30 13:20:08,        0,  29.8,   2.3,  25.4,  0.599, -0.009,  0.000,4138354.7,  1,  21.7,   1.2, 0.100
2025-09-30 13:20:09,        0,  29.8,   2.3,  25.4,  0.598, -0.009,  0.000,4138345.9,  1,  21.7,   1.2, 0.100
2025-09-30 13:20:10,        0,  29.8,   2.3,  25.3,  0.598, -0.009,  0.000,4138336.7,  1,  21.7,   1.3, 0.100
2025-09-30 13:20:11,        0,  29.8,   2.5,  25.4,  0.597, -0.009,  0.000,4138327.9,  1,  21.7,   1.2, 0.100
2025-09-30 13:20:12,        0,  29.8,   2.3,  25.4,  0.595, -0.009,  0.000,4138317.4,  1,  21.7,   1.2, 0.100
2025-09-30 13:20:13,        0,  29.8,   2.3,  25.4,  0.595, -0.009,  0.000,4138308.6,  1,  21.7,   1.2, 0.100
2025-09-30 13:20:14,        0,  29.8,   2.4,  25.4,  0.595, -0.009,  0.000,4138299.4,  1,  21.8,   1.2, 0.100
2025-09-30 13:20:15,        0,  29.8,   2.3,  25.3,  0.594, -0.009,  0.000,4138291.0,  1,  21.7,   1.2, 0.100
2025-09-30 13:20:16,        0,  29.8,   2.4,  25.3,  0.594, -0.009,  0.000,4138281.8,  1,  21.8,   1.2, 0.100
2025-09-30 13:20:17,        0,  29.8,   2.3,  25.4,  0.593, -0.009,  0.000,4138271.3,  1,  21.7,   1.2, 0.100
2025-09-30 13:20:18,        0,  29.8,   2.3,  25.4,  0.593, -0.009,  0.000,4138262.1,  1,  21.7,   1.2, 0.100
2025-09-30 13:20:19,        0,  29.8,   2.5,  25.3,  0.593, -0.009,  0.000,4138253.7,  1,  21.7,   1.2, 0.100
2025-09-30 13:20:20,        0,  29.8,   2.3,  25.4,  0.591, -0.009,  0.000,4138244.5,  1,  21.8,   1.2, 0.100
2025-09-30 13:20:21,        0,  29.8,   2.5,  25.3,  0.591, -0.009,  0.000,4138234.0,  1,  21.7,   1.2, 0.100
2025-09-30 13:20:22,        0,  29.8,   2.3,  25.4,  0.589, -0.009,  0.000,4138225.2,  1,  21.7,   1.2, 0.100
2025-09-30 13:20:23,        0,  29.8,   2.4,  25.4,  0.589, -0.009,  0.000,4138216.4,  1,  21.7,   1.2, 0.100
2025-09-30 13:20:24,        0,  29.8,   2.5,  25.3,  0.588, -0.009,  0.000,4138208.5,  1,  21.7,   1.3, 0.100
2025-09-30 13:20:25,        0,  29.8,   2.5,  25.3,  0.588, -0.009,  0.000,4138199.7,  1,  21.8,   1.2, 0.100
2025-09-30 13:20:26,        0,  29.8,   2.5,  25.4,  0.587, -0.009,  0.000,4138189.2,  1,  21.8,   1.2, 0.100
2025-09-30 13:20:27,        0,  29.8,   2.5,  25.3,  0.586, -0.009,  0.000,4138180.8,  1,  21.8,   1.3, 0.100
2025-09-30 13:20:28,        0,  29.8,   2.5,  25.4,  0.585, -0.009,  0.000,4138172.0,  1,  21.7,   1.3, 0.100
2025-09-30 13:20:29,        0,  29.8,   2.3,  25.4,  0.584, -0.009,  0.000,4138163.2,  1,  21.8,   1.2, 0.100
2025-09-30 13:20:30,        0,  29.7,   2.1,  25.4,  0.583, -0.009,  0.000,4138153.1,  1,  21.8,   1.2, 0.100
2025-09-30 13:20:31,        0,  29.8,   2.5,  25.3,  0.583, -0.009,  0.000,4138144.3,  1,  21.7,   1.2, 0.100
2025-09-30 13:20:32,        0,  29.8,   2.5,  25.4,  0.583, -0.008,  0.000,4138136.0,  1,  21.7,   1.2, 0.100
2025-09-30 13:20:33,        0,  29.8,   2.5,  25.4,  0.581, -0.009,  0.000,4138126.7,  1,  21.8,   1.3, 0.100
2025-09-30 13:20:34,        0,  29.8,   2.3,  25.3,  0.581, -0.009,  0.000,4138117.9,  1,  21.8,   1.2, 0.100
2025-09-30 13:20:35,        0,  29.8,   2.4,  25.3,  0.581, -0.009,  0.000,4138109.1,  1,  21.8,   1.2, 0.100
2025-09-30 13:20:36,        0,  29.8,   2.5,  25.3,  0.579, -0.009,  0.000,4138098.7,  1,  21.8,   1.2, 0.100
2025-09-30 13:20:37,        0,  29.8,   2.4,  25.4,  0.579, -0.009,  0.000,4138090.3,  1,  21.7,   1.2, 0.100
2025-09-30 13:20:38,        0,  29.8,   2.5,  25.4,  0.578, -0.009,  0.000,4138081.5,  1,  21.7,   1.3, 0.100
2025-09-30 13:20:39,        0,  29.8,   2.4,  25.4,  0.578, -0.009,  0.000,4138073.1,  1,  21.7,   1.2, 0.100
2025-09-30 13:20:40,        0,  29.8,   2.5,  25.3,  0.577, -0.009,  0.000,4138064.3,  1,  21.8,   1.2, 0.100
2025-09-30 13:20:41,        0,  29.8,   2.5,  25.4,  0.577, -0.009,  0.000,4138053.8,  1,  21.7,   1.3, 0.100
2025-09-30 13:20:42,        0,  29.8,   2.4,  25.4,  0.576, -0.009,  0.000,4138045.4,  1,  21.7,   1.2, 0.100
2025-09-30 13:20:43,        0,  29.8,   2.4,  25.4,  0.575, -0.009,  0.000,4138036.6,  1,  21.8,   1.3, 0.100
2025-09-30 13:20:44,        0,  29.8,   2.3,  25.3,  0.575, -0.009,  0.000,4138028.2,  1,  21.7,   1.2, 0.100
2025-09-30 13:20:45,        0,  29.8,   2.5,  25.3,  0.573, -0.009,  0.000,4138017.8,  1,  21.7,   1.2, 0.100
2025-09-30 13:20:46,        0,  29.8,   2.4,  25.3,  0.573, -0.009,  0.000,4138009.0,  1,  21.7,   1.2, 0.100
2025-09-30 13:20:47,        0,  29.8,   2.4,  25.4,  0.572, -0.009,  0.000,4138001.0,  1,  21.8,   1.2, 0.100
2025-09-30 13:20:48,        0,  29.8,   2.3,  25.4,  0.571, -0.009,  0.000,4137992.2,  1,  21.8,   1.2, 0.100
2025-09-30 13:20:49,        0,  29.8,   2.4,  25.3,  0.571, -0.009,  0.000,4137981.7,  1,  21.8,   1.2, 0.100
2025-09-30 13:20:50,        0,  29.8,   2.4,  25.4,  0.570, -0.009,  0.000,4137973.8,  1,  21.8,   1.2, 0.100
2025-09-30 13:20:51,        0,  29.8,   2.5,  25.3,  0.570, -0.009,  0.000,4137965.8,  1,  21.7,   1.2, 0.100
2025-09-30 13:20:52,        0,  29.9,   2.6,  25.3,  0.569, -0.009,  0.000,4137957.0,  1,  21.7,   1.2, 0.100
2025-09-30 13:20:53,        0,  29.8,   2.4,  25.3,  0.569, -0.009,  0.000,4137946.5,  1,  21.8,   1.2, 0.100
2025-09-30 13:20:54,        0,  29.9,   2.6,  25.3,  0.568, -0.009,  0.000,4137938.6,  1,  21.8,   1.2, 0.100
2025-09-30 13:20:55,        0,  29.9,   2.6,  25.4,  0.567, -0.009,  0.000,4137929.8,  1,  21.8,   1.2, 0.100
2025-09-30 13:20:56,        0,  29.9,   2.6,  25.3,  0.567, -0.009,  0.000,4138750.4,  1,  21.8,   1.3, 0.100
2025-09-30 13:20:57,        0,  29.8,   2.5,  25.3,  1.321,  0.249,  0.000,4140985.8,  1,  21.7,   1.3, 0.100
2025-09-30 13:20:58,        0,  29.5,   1.5,  25.4,  0.991, -0.001,  0.000,4140987.5,  1,  21.7,   1.2, 0.100
2025-09-30 13:20:59,        0,  29.7,   2.1,  25.4,  0.936, -0.006,  0.000,4140981.6,  1,  21.8,   1.2, 0.100
2025-09-30 13:21:00,        0,  29.5,   1.6,  25.4,  0.881, -0.008,  0.000,4140974.1,  1,  21.7,   1.3, 0.100
2025-09-30 13:21:01,        0,  29.7,   2.1,  25.3,  0.849, -0.007,  0.000,4140966.9,  1,  21.7,   1.3, 0.100
2025-09-30 13:21:02,        0,  29.6,   1.8,  25.4,  0.800, -0.007,  0.000,4140959.0,  1,  21.8,   1.2, 0.100
2025-09-30 13:21:03,        0,  29.7,   2.1,  25.3,  0.770, -0.006,  0.000,4140952.7,  1,  21.8,   1.2, 0.100
2025-09-30 13:21:04,        0,  29.7,   2.0,  25.3,  0.744, -0.000,  0.000,4140946.0,  1,  21.8,   1.3, 0.100
2025-09-30 13:21:05,        0,  29.6,   1.9,  25.3,  0.709, -0.007,  0.000,4140938.9,  1,  21.7,   1.2, 0.100
2165-165-165 45:165:85,        0,  29.7,   2.1,  25.4,  0.682, -0.008,  0.000,4140929.6,  1,  21.7,   1.2, 0.100
2025-09-30 13:21:07,        0,  29.7,   2.1,  25.3,  0.668, -0.008,  0.000,4140922.5,  1,  21.7,   1.2, 0.100
2025-09-30 13:21:08,        0,  29.7,   2.0,  25.3,  0.656, -0.008,  0.000,4140914.6,  1,  21.7,   1.2, 0.100
2025-09-30 13:21:09,        0,  29.6,   1.8,  25.4,  0.642, -0.008,  0.000,4140907.0,  1,  21.7,   1.3, 0.100
2025-09-30 13:21:10,        0,  29.7,   2.0,  25.4,  0.635, -0.009,  0.000,4140896.1,  1,  21.7,   1.2, 0.100
2025-09-30 13:21:11,        0,  29.6,   1.9,  25.3,  0.626, -0.009,  0.000,4140888.2,  1,  21.7,   1.2, 0.100
2025-09-30 13:21:12,        0,  29.7,   2.0,  25.3,  0.620, -0.009,  0.000,4140879.8,  1,  21.7,   1.2, 0.100
2025-09-30 13:21:13,        0,  29.7,   2.0,  25.3,  0.615, -0.009,  0.000,4140871.0,  1,  21.7,   1.2, 0.100
2025-09-30 13:21:14,        0,  29.6,   1.9,  25.4,  0.610, -0.009,  0.000,4140860.9,  1,  21.7,   1.2, 0.100
2025-09-30 13:21:15,        0,  29.7,   2.0,  25.3,  0.606, -0.009,  0.000,4140853.0,  1,  21.7,   1.2, 0.100
2025-09-30 13:21:16,        0,  29.7,   2.1,  25.3,  0.601, -0.009,  0.000,4140843.7,  1,  21.7,   1.2, 0.100
2025-09-30 13:21:17,        0,  29.7,   2.1,  25.4,  0.599, -0.009,  0.000,4140835.8,  1,  21.7,   1.2, 0.100
2025-09-30 13:21:18,        0,  29.7,   2.0,  25.3,  0.596, -0.009,  0.000,4140827.4,  1,  21.7,   1.2, 0.100
2025-09-30 13:21:19,        0,  29.7,   2.0,  25.3,  0.593, -0.009,  0.000,4140816.5,  1,  21.7,   1.2, 0.100
2025-09-30 13:21:20,        0,  29.7,   2.0,  25.3,  0.590, -0.009,  0.000,4140808.5,  1,  21.7,   1.2, 0.100
2025-09-30 13:21:21,        0,  29.7,   2.0,  25.3,  0.587, -0.009,  0.000,4140800.1,  1,  21.7,   1.2, 0.100
2025-09-30 13:21:22,        0,  29.7,   2.1,  25.3,  0.585, -0.009,  0.000,4140791.3,  1,  21.7,   1.2, 0.100
2025-09-30 13:21:23,        0,  29.7,   2.1,  25.3,  0.583, -0.009,  0.000,4140780.9,  1,  21.7,   1.2, 0.100
2025-09-30 13:21:24,        0,  29.7,   2.1,  25.3,  0.581, -0.009,  0.000,4140772.5,  1,  21.7,   1.2, 0.100
2025-09-30 13:21:25,        0,  29.7,   2.1,  25.3,  0.579, -0.008,  0.000,4140764.1,  1,  21.7,   1.1, 0.100
2025-09-30 13:21:26,        0,  29.7,   2.0,  25.3,  0.577, -0.009,  0.000,4140755.7,  1,  21.7,   1.1, 0.100
2025-09-30 13:21:27,        0,  29.7,   2.1,  25.4,  0.576, -0.009,  0.000,4140745.7,  1,  21.7,   1.2, 0.100
2025-09-30 13:21:28,        0,  29.7,   2.1,  25.3,  0.574, -0.009,  0.000,4140737.7,  1,  21.7,   1.1, 0.100
2025-09-30 13:21:29,        0,  29.6,   1.9,  25.4,  0.573, -0.008,  0.000,4140729.3,  1,  21.7,   1.2, 0.100
2025-09-30 13:21:30,        0,  29.7,   2.1,  25.3,  0.571, -0.009,  0.000,4140721.4,  1,  21.7,   1.2, 0.100
2025-09-30 13:21:31,        0,  29.6,   1.9,  25.4,  0.569, -0.009,  0.000,4140712.6,  1,  21.7,   1.2, 0.100
2025-09-30 13:21:32,        0,  29.7,   2.1,  25.3,  0.567, -0.008,  0.000,4140702.9,  1,  21.7,   1.2, 0.100
2025-09-30 13:21:33,        0,  29.7,   2.1,  25.3,  0.567, -0.009,  0.000,4140694.1,  1,  21.7,   1.2, 0.100
2025-09-30 13:21:34,        0,  29.7,   2.1,  25.4,  0.566, -0.009,  0.000,4140686.2,  1,  21.7,   1.2, 0.100
2025-09-30 13:21:35,        0,  29.7,   2.0,  25.4,  0.564, -0.009,  0.000,4140677.8,  1,  21.7,   1.2, 0.100
2025-09-30 13:21:36,        0,  29.7,   2.1,  25.3,  0.563, -0.009,  0.000,4140667.7,  1,  21.7,   1.2, 0.100
2025-09-30 13:21:37,        0,  29.6,   1.9,  25.3,  0.561, -0.009,  0.000,4140659.7,  1,  21.7,   1.2, 0.100
2025-09-30 13:21:38,        0,  29.7,   2.1,  25.3,  0.561, -0.008,  0.000,4140651.8,  1,  21.7,   1.2, 0.100
2025-09-30 13:21:39,        0,  29.7,   2.1,  25.3,  0.559, -0.008,  0.000,4140644.2,  1,  21.7,   1.3, 0.100
2025-09-30 13:21:40,        0,  29.7,   2.1,  25.4,  0.558, -0.009,  0.000,4140635.4,  1,  21.7,   1.2, 0.100
2025-09-30 13:21:41,        0,  29.7,   2.1,  25.3,  0.557, -0.009,  0.000,4140625.8,  1,  21.7,   1.3, 0.100
2025-09-30 13:21:42,        0,  29.7,   2.0,  25.3,  0.556, -0.008,  0.000,4140617.8,  1,  21.7,   1.2, 0.100
2025-09-30 13:21:43,        0,  29.7,   2.1,  25.3,  0.555, -0.009,  0.000,4140609.9,  1,  21.7,   1.2, 0.100
2025-09-30 13:21:44,        0,  29.7,   2.1,  25.3,  0.554, -0.008,  0.000,4140601.5,  1,  21.7,   1.3, 0.100
2025-09-30 13:21:45,        0,  29.7,   2.1,  25.4,  0.553, -0.008,  0.000,4140592.3,  1,  21.7,   1.3, 0.100
2025-09-30 13:21:46,        0,  29.7,   2.1,  25.3,  0.552, -0.008,  0.000,4140583.9,  1,  21.7,   1.2, 0.100
2025-09-30 13:21:47,        0,  29.6,   1.9,  25.4,  0.551, -0.009,  0.000,4140575.9,  1,  21.7,   1.3, 0.100
2025-09-30 13:21:48,        0,  29.7,   2.1,  25.3,  0.551, -0.008,  0.000,4140568.0,  1,  21.7,   1.3, 0.100
2025-09-30 13:21:49,        0,  29.7,   2.1,  25.3,  0.549, -0.009,  0.000,4140558.3,  1,  21.7,   1.2, 0.100
2025-09-30 13:21:50,        0,  29.7,   2.1,  25.3,  0.548, -0.008,  0.000,4140549.9,  1,  21.7,   1.3, 0.100
2025-09-30 13:21:51,        0,  29.6,   1.9,  25.3,  0.548, -0.008,  0.000,4140542.0,  1,  21.7,   1.3, 0.100
2025-09-30 13:21:52,        0,  29.7,   2.1,  25.3,  0.547, -0.009,  0.000,4140534.0,  1,  21.7,   1.2, 0.100
2025-09-30 13:21:53,        0,  29.7,   2.1,  25.3,  0.546, -0.008,  0.000,4140525.6,  1,  21.7,   1.2, 0.100
2025-09-30 13:21:54,        0,  29.7,   2.1,  25.3,  0.544, -0.008,  0.000,4140516.4,  1,  21.7,   1.2, 0.100
2025-09-30 13:21:55,        0,  29.7,   2.1,  25.3,  0.544, -0.009,  0.000,4140508.0,  1,  21.7,   1.2, 0.100
2025-09-30 13:21:56,        0,  29.7,   2.1,  25.4,  0.543, -0.008,  0.000,4140500.5,  1,  21.7,   1.3, 0.100
2025-09-30 13:21:57,        0,  29.7,   2.1,  25.3,  0.541, -0.008,  0.000,4140492.5,  1,  21.7,   1.2, 0.100
2025-09-30 13:21:58,        0,  29.7,   2.1,  25.3,  0.540, -0.008,  0.000,4140483.3,  1,  21.7,   1.2, 0.100
2025-09-30 13:21:59,        0,  29.7,   2.1,  25.3,  0.540, -0.008,  0.000,4140475.3,  1,  21.7,   1.2, 0.100
2025-09-30 13:22:00,        0,  29.7,   2.1,  25.3,  0.538, -0.008,  0.000,4140467.8,  1,  21.7,   1.2, 0.100
2025-09-30 13:22:01,        0,  29.7,   2.1,  25.3,  0.538, -0.009,  0.000,4140459.0,  1,  21.7,   1.2, 0.100
2025-09-30 13:22:02,        0,  29.7,   2.1,  25.3,  0.537, -0.008,  0.000,4140451.5,  1,  21.7,   1.3, 0.100
2025-09-30 13:22:03,        0,  29.7,   2.1,  25.3,  0.536, -0.008,  0.000,4140441.8,  1,  21.7,   1.2, 0.100
2025-09-30 13:22:04,        0,  29.7,   2.1,  25.3,  0.536, -0.008,  0.000,4140434.3,  1,  21.7,   1.2, 0.100
2025-09-30 13:22:05,        0,  29.7,   2.1,  25.3,  0.534, -0.008,  0.000,4140426.3,  1,  21.7,   1.2, 0.100
2025-09-30 13:22:06,        0,  29.7,   2.1,  25.3,  0.534, -0.008,  0.000,4140417.9,  1,  21.7,   1.2, 0.100
2025-09-30 13:22:07,        0,  29.6,   1.9,  25.3,  0.533, -0.008,  0.000,4140408.7,  1,  21.7,   1.2, 0.100
2025-09-30 13:22:08,        0,  29.7,   2.1,  25.3,  0.532, -0.008,  0.000,4140400.7,  1,  21.7,   1.2, 0.100
2025-09-30 13:22:09,        0,  29.8,   2.3,  25.3,  0.531, -0.008,  0.000,4140393.2,  1,  21.7,   1.2, 0.100
2025-09-30 13:22:10,        0,  29.7,   2.0,  25.3,  0.530, -0.008,  0.000,4140385.7,  1,  21.7,   1.2, 0.100
2025-09-30 13:22:11,        0,  29.7,   2.1,  25.3,  0.530, -0.008,  0.000,4140376.0,  1,  21.7,   1.2, 0.100
2025-09-30 13:22:12,        0,  29.7,   2.1,  25.3,  0.529, -0.008,  0.000,4140368.5,  1,  21.7,   1.2, 0.100
2025-09-30 13:22:13,        0,  29.7,   2.0,  25.3,  0.528, -0.008,  0.000,4140360.5,  1,  21.7,   1.2, 0.100
2025-09-30 13:22:14,        0,  29.7,   2.1,  25.3,  0.527, -0.008,  0.000,4140352.6,  1,  21.7,   1.2, 0.100
2025-09-30 13:22:15,        0,  29.7,   2.1,  25.3,  0.526, -0.008,  0.000,4140344.6,  1,  21.7,   1.2, 0.100
2025-09-30 13:22:16,        0,  29.7,   2.1,  25.3,  0.526, -0.008,  0.000,4140334.9,  1,  21.7,   1.2, 0.100
2025-09-30 13:22:17,        0,  29.7,   2.1,  25.3,  0.524, -0.008,  0.000,4140327.4,  1,  21.7,   1.2, 0.100
2025-09-30 13:22:18,        0,  29.7,   2.1,  25.4,  0.524, -0.008,  0.000,4140320.3,  1,  21.7,   1.3, 0.100
2025-09-30 13:22:19,        0,  29.8,   2.3,  25.4,  0.523, -0.008,  0.000,4140312.3,  1,  21.7,   1.3, 0.100
2025-09-30 13:22:20,        0,  29.7,   2.1,  25.4,  0.522, -0.007,  0.000,4140303.1,  1,  21.7,   1.3, 0.100
2025-09-30 13:22:21,        0,  29.8,   2.3,  25.4,  0.521, -0.008,  0.000,4140295.6,  1,  21.7,   1.2, 0.100
2025-09-30 13:22:22,        0,  29.7,   2.1,  25.3,  0.521, -0.008,  0.000,4140288.0,  1,  21.7,   1.3, 0.100
2025-09-30 13:22:23,        0,  29.8,   2.3,  25.3,  0.519, -0.008,  0.000,4140280.0,  1,  21.7,   1.2, 0.100
2025-09-30 13:22:24,        0,  29.7,   2.1,  25.3,  0.519, -0.007,  0.000,4140272.9,  1,  21.7,   1.3, 0.100
2025-09-30 13:22:25,        0,  29.8,   2.3,  25.3,  0.518, -0.008,  0.000,4140263.7,  1,  21.7,   1.3, 0.100
2025-09-30 13:22:26,        0,  29.8,   2.3,  25.3,  0.517, -0.008,  0.000,4140256.6,  1,  21.7,   1.2, 0.100
2025-09-30 13:22:27,        0,  29.8,   2.3,  25.3,  0.516, -0.008,  0.000,4140248.6,  1,  21.7,   1.3, 0.100
2025-09-30 13:22:28,        0,  29.8,   2.3,  25.3,  0.515, -0.008,  0.000,4140241.1,  1,  21.7,   1.3, 0.100
2025-09-30 13:22:29,        0,  29.7,   2.1,  25.3,  0.515, -0.008,  0.000,4140232.3,  1,  21.7,   1.3, 0.100
2025-09-30 13:22:30,        0,  29.8,   2.3,  25.3,  0.514, -0.008,  0.000,4140224.3,  1,  21.7,   1.2, 0.100
2025-09-30 13:22:31,        0,  29.8,   2.3,  25.3,  0.513, -0.008,  0.000,4140215.9,  1,  21.7,   1.3, 0.100
2025-09-30 13:22:32,        0,  29.8,   2.3,  25.3,  0.512, -0.008,  0.000,4140208.4,  1,  21.6,   1.2, 0.100
2025-09-30 13:22:33,        0,  29.8,   2.3,  25.3,  0.512, -0.007,  0.000,4140200.4,  1,  21.7,   1.3, 0.100
2025-09-30 13:22:34,        0,  29.8,   2.3,  25.3,  0.511, -0.008,  0.000,4140191.6,  1,  21.7,   1.3, 0.100
2025-09-30 13:22:35,        0,  29.8,   2.3,  25.3,  0.510, -0.008,  0.000,4140184.5,  1,  21.7,   1.3, 0.100
2025-09-30 13:22:36,        0,  29.7,   2.1,  25.3,  0.510, -0.008,  0.000,4140176.1,  1,  21.7,   1.3, 0.100
2025-09-30 13:22:37,        0,  29.8,   2.3,  25.3,  0.509, -0.008,  0.000,4140169.0,  1,  21.7,   1.3, 0.100
2025-09-30 13:22:38,        0,  29.7,   2.1,  25.3,  0.508, -0.008,  0.000,4140159.8,  1,  21.7,   1.3, 0.100
2025-09-30 13:22:39,        0,  29.8,   2.3,  25.3,  0.507, -0.008,  0.000,4140151.8,  1,  21.7,   1.3, 0.100
2025-09-30 13:22:40,        0,  29.8,   2.3,  25.3,  0.506, -0.008,  0.000,4140144.7,  1,  21.7,   1.3, 0.100
2025-09-30 13:22:41,        0,  29.8,   2.3,  25.3,  0.505, -0.007,  0.000,4140137.6,  1,  21.7,   1.3, 0.100
2025-09-30 13:22:42,        0,  29.8,   2.3,  25.3,  0.504, -0.008,  0.000,4140130.4,  1,  21.7,   1.3, 0.100
2025-09-30 13:22:43,        0,  29.8,   2.3,  25.3,  0.503, -0.008,  0.000,4140121.6,  1,  21.7,   1.3, 0.100
2025-09-30 13:22:44,        0,  29.7,   2.1,  25.3,  0.502, -0.008,  0.000,4140113.7,  1,  21.7,   1.3, 0.100
2025-09-30 13:22:45,        0,  29.8,   2.3,  25.3,  0.502, -0.007,  0.000,4140106.5,  1,  21.6,   1.3, 0.100
2025-09-30 13:22:46,        0,  29.8,   2.3,  25.3,  0.501, -0.008,  0.000,4140099.4,  1,  21.7,   1.2, 0.100
2025-09-30 13:22:47,        0,  29.8,   2.3,  25.3,  0.499, -0.008,  0.000,4140090.6,  1,  21.7,   1.3, 0.100
2025-09-30 13:22:48,        0,  29.8,   2.3,  25.3,  0.499, -0.008,  0.000,4140082.7,  1,  21.7,   1.2, 0.100
2025-09-30 13:22:49,        0,  29.8,   2.3,  25.3,  0.499, -0.007,  0.000,4140075.5,  1,  21.7,   1.2, 0.100
2025-09-30 13:22:50,        0,  29.8,   2.3,  25.3,  0.497, -0.007,  0.000,4140068.8,  1,  21.7,   1.3, 0.100
