Time, Cnts,  %T, set_Cell[mA], Cell[°C], Cell[Volt], Cell[mA], Cell[W], Cell[uAs], Cell_ON, Env[°C], TEC[°C], N2Flow[slpm]
2025-10-23 09:29:51,        0,  29.5,   1.5,  25.3,  0.159, -0.002,  0.000,     -1.4,  1,  21.7,   1.0, 0.101
2025-10-23 09:29:52,        0,  29.6,   1.7,  25.4,  0.158, -0.002,  0.000,     -4.0,  1,  21.8,   1.0, 0.100
2025-10-23 09:29:53,        0,  29.6,   1.8,  25.4,  0.158, -0.002,  0.000,     -6.0,  1,  21.8,   1.0, 0.100
2025-10-23 09:29:54,        0,  29.6,   1.7,  25.4,  0.158, -0.002,  0.000,     -8.3,  1,  21.8,   1.0, 0.099
2025-10-23 09:29:55,        0,  29.6,   1.8,  25.4,  0.157, -0.002,  0.000,    -10.6,  1,  21.8,   1.0, 0.099
2025-10-23 09:29:56,        0,  29.6,   1.7,  25.4,  0.157, -0.002,  0.000,    -12.6,  1,  21.8,   1.0, 0.098
2025-10-23 09:29:57,        0,  29.6,   1.8,  25.4,  0.156, -0.002,  0.000,    -15.2,  1,  21.8,   1.0, 0.098
2025-10-23 09:29:58,        0,  29.6,   1.7,  25.4,  0.155, -0.002,  0.000,    -17.2,  1,  21.8,   1.0, 0.098
2025-10-23 09:29:59,        0,  29.6,   1.8,  25.4,  0.155, -0.002,  0.000,    -19.2,  1,  21.8,   1.0, 0.099
2025-10-23 09:30:00,        0,  29.6,   1.7,  25.4,  0.155, -0.002,  0.000,    -21.2,  1,  21.8,   1.0, 0.099
2025-10-23 09:30:01,        0,  29.6,   1.7,  25.4,  0.156, -0.002,  0.000,    -23.5,  1,  21.8,   1.0, 0.099
2025-10-23 09:30:02,        0,  29.6,   1.8,  25.4,  0.155, -0.002,  0.000,    -25.5,  1,  21.8,   1.0, 0.100
2025-10-23 09:30:03,        0,  29.6,   1.7,  25.4,  0.155, -0.002,  0.000,    -27.5,  1,  21.8,   1.0, 0.100
2025-10-23 09:30:04,        0,  29.6,   1.7,  25.5,  0.155, -0.002,  0.000,    -29.5,  1,  21.8,   1.0, 0.100
2025-10-23 09:30:05,        0,  29.7,   2.2,  25.4,  0.154, -0.002,  0.000,    -31.8,  1,  21.8,   1.0, 0.100
2025-10-23 09:30:06,        0,  30.0,   2.9,  25.4,  0.153, -0.003,  0.000,    -33.8,  1,  21.8,   1.0, 0.100
2025-10-23 09:30:07,        0,  30.1,   3.2,  25.5,  5.472,  4.413,  0.024,   3886.1,  1,  21.8,   1.0, 0.101
2025-10-23 09:30:08,        0,  30.9,   5.8,  25.5,  6.889,  6.044,  0.042,   9231.1,  1,  21.8,   1.0, 0.101
2025-10-23 09:30:09,        0,  30.7,   5.1,  25.5,  6.983,  6.149,  0.043,  16473.5,  1,  21.8,   1.0, 0.100
2025-10-23 09:30:10,        0,  31.9,   8.8,  25.5,  7.551,  6.799,  0.052,  23662.1,  1,  21.8,   1.0, 0.100
2025-10-23 09:30:11,        0,  32.7,  11.2,  25.4, 11.532, 11.391,  0.131,  34851.0,  1,  21.8,   1.0, 0.100
2025-10-23 09:30:12,        0,  33.0,  12.0,  25.5, 15.991, 16.524,  0.266,  49212.5,  1,  21.8,   1.0, 0.100
2025-10-23 09:30:13,        0,  34.1,  15.4,  25.4, 16.763, 17.383,  0.292,  67562.5,  1,  21.8,   1.0, 0.100
2025-10-23 09:30:14,        0,  35.7,  20.0,  25.4, 17.706, 18.437,  0.327,  85057.9,  1,  21.8,   1.0, 0.103
2025-10-23 09:30:15,        0,  36.0,  21.0,  25.4, 23.826, 25.547,  0.611, 108241.9,  1,  21.7,   0.9, 0.103
2025-10-23 09:30:16,        0,  36.5,  22.5,  25.4, 24.665, 26.499,  0.655, 130891.8,  1,  21.8,   1.0, 0.089
2025-10-23 09:30:17,        0,  37.9,  26.6,  25.4, 25.673, 27.675,  0.714, 162378.8,  1,  21.7,   0.9, 0.096
2025-10-23 09:30:18,        0,  38.3,  27.8,  25.3, 29.325, 31.996,  0.941, 192166.9,  1,  21.7,   0.9, 0.098
2025-10-23 09:30:19,        0,  41.7,  38.0,  25.4, 35.618, 39.397,  1.406, 227756.0,  1,  21.7,   0.9, 0.099
2025-10-23 09:30:20,        0,  41.7,  38.2,  25.3, 40.321, 44.958,  1.815, 269310.9,  1,  21.7,   0.9, 0.099
2025-10-23 09:30:21,        0,  39.9,  32.7,  25.3, 40.023, 44.625,  1.787, 318191.8,  1,  21.7,   0.9, 0.099
2025-10-23 09:30:22,        0,  42.2,  39.5,  25.3, 35.836, 39.691,  1.424, 356307.8,  1,  21.7,   0.9, 0.099
2025-10-23 09:30:23,        0,  43.7,  44.1,  25.4, 41.998, 46.781,  1.973, 400091.2,  1,  21.8,   0.8, 0.099
2025-10-23 09:30:24,        0,  45.2,  48.5,  25.4, 42.221, 46.762,  1.978, 446468.9,  1,  21.7,   0.9, 0.100
2025-10-23 09:30:25,        0,  45.6,  49.9,  25.3, 46.989, 51.488,  2.429, 495977.5,  1,  21.7,   0.9, 0.100
2025-10-23 09:30:26,        0,  43.2,  42.6,  25.4, 36.888, 39.075,  1.456, 549258.4,  1,  21.7,   0.9, 0.100
2025-10-23 09:30:27,        0,  47.6,  55.7,  25.4, 45.521, 48.172,  2.195, 595821.8,  1,  21.7,   0.9, 0.100
2025-10-23 09:30:28,        0,  44.4,  46.2,  25.4, 45.689, 45.808,  2.104, 645143.5,  1,  21.7,   0.9, 0.100
2025-10-23 09:30:29,        0,  47.0,  54.0,  25.4, 53.302, 52.552,  2.834, 696359.9,  1,  21.7,   0.9, 0.100
2025-10-23 09:30:30,        0,  47.7,  56.2,  25.4, 60.115, 58.269,  3.504, 761312.2,  1,  21.7,   0.9, 0.100
2025-10-23 09:30:31,        0,  46.4,  52.3,  25.5, 57.104, 54.882,  3.144, 815494.3,  1,  21.8,   1.0, 0.116
2025-10-23 09:30:32,        0,  45.2,  48.7,  25.4, 64.461, 61.860,  3.994, 870371.6,  1,  21.8,   1.0, 0.110
2025-10-23 09:30:33,        0,  44.2,  45.5,  25.4, 67.425, 64.132,  4.328, 927178.6,  1,  21.8,   0.9, 0.102
2025-10-23 09:30:34,        0,  49.8,  62.3,  25.5, 58.596, 55.400,  3.364, 985359.8,  1,  21.7,   1.0, 0.101
2025-10-23 09:30:35,        0,  38.8,  29.3,  25.5, 61.934, 58.226,  3.625,1042500.8,  1,  21.7,   1.0, 0.100
2025-10-23 09:30:36,        0,  44.9,  47.7,  25.5, 26.238, 24.108,  0.663,1073516.4,  1,  21.7,   0.9, 0.100
2025-10-23 09:30:37,        0,  46.5,  52.6,  25.5, 58.236, 57.075,  3.332,1129119.4,  1,  21.7,   1.0, 0.100
2025-10-23 09:30:38,        0,  37.8,  26.4,  25.5, 49.194, 46.413,  2.286,1187077.6,  1,  21.7,   1.0, 0.100
2025-10-23 09:30:39,        0,  44.4,  46.2,  25.5, 45.388, 43.570,  1.980,1224505.9,  1,  21.8,   1.0, 0.100
2025-10-23 09:30:40,        0,  43.9,  44.7,  25.5, 56.362, 54.252,  3.059,1274790.9,  1,  21.7,   1.0, 0.100
2025-10-23 09:30:41,        0,  46.6,  52.9,  25.5, 43.970, 41.542,  1.830,1320006.5,  1,  21.7,   1.0, 0.100
2025-10-23 09:30:42,        0,  44.5,  46.5,  25.5, 52.430, 49.086,  2.574,1380538.3,  1,  21.8,   1.0, 0.100
2025-10-23 09:30:43,        0,  44.9,  47.7,  25.5, 53.985, 50.540,  2.731,1430152.0,  1,  21.7,   0.9, 0.100
2025-10-23 09:30:44,        0,  46.0,  51.1,  25.5, 46.038, 43.246,  2.030,1471107.1,  1,  21.7,   0.9, 0.100
2025-10-23 09:30:45,        0,  43.8,  44.5,  25.5, 58.283, 54.889,  3.207,1522876.2,  1,  21.7,   0.9, 0.100
2025-10-23 09:30:46,        0,  46.6,  52.9,  25.5, 53.215, 49.569,  2.642,1581151.0,  1,  21.8,   1.0, 0.100
2025-10-23 09:30:47,        0,  41.2,  36.5,  25.5, 62.008, 57.851,  3.591,1634972.6,  1,  21.8,   1.0, 0.100
2025-10-23 09:30:48,        0,  44.3,  45.8,  25.5, 46.132, 42.851,  2.022,1679115.5,  1,  21.7,   1.0, 0.100
2025-10-23 09:30:49,        0,  45.4,  49.2,  25.5, 57.503, 53.782,  3.093,1728954.3,  1,  21.7,   1.0, 0.100
2025-10-23 09:30:50,        0,  43.5,  43.4,  25.5, 35.048, 31.857,  1.282,1776677.9,  1,  21.8,   1.0, 0.100
2025-10-23 09:30:51,        0,  42.5,  40.5,  25.5, 51.234, 47.860,  2.454,1822952.9,  1,  21.7,   0.9, 0.100
2025-10-23 09:30:52,        0,  39.9,  32.7,  25.5, 48.198, 44.862,  2.164,1864684.7,  1,  21.7,   1.0, 0.100
2025-10-23 09:30:53,        0,  40.6,  34.9,  25.5, 49.089, 45.609,  2.263,1906473.7,  1,  21.8,   1.0, 0.100
2025-10-23 09:30:54,        0,  41.2,  36.6,  25.5, 47.537, 43.930,  2.092,1954628.2,  1,  21.8,   1.0, 0.100
2025-10-23 09:30:55,        0,  38.2,  27.5,  25.5, 46.894, 43.250,  2.031,1995576.7,  1,  21.8,   1.0, 0.100
2025-10-23 09:30:56,        0,  45.9,  50.7,  25.5, 56.462, 52.515,  2.986,2037198.3,  1,  21.8,   1.0, 0.100
2025-10-23 09:30:57,        0,  44.3,  45.8,  25.5, 52.713, 48.903,  2.584,2085139.0,  1,  21.8,   1.0, 0.100
2025-10-23 09:30:58,        0,  43.1,  42.2,  25.5, 45.459, 41.780,  1.902,2138156.7,  1,  21.7,   1.0, 0.100
2025-10-23 09:30:59,        0,  43.3,  42.9,  25.5, 53.435, 49.518,  2.678,2180881.3,  1,  21.8,   1.0, 0.100
2025-10-23 09:31:00,        0,  45.5,  49.4,  25.5, 50.138, 46.233,  2.319,2226580.1,  1,  21.8,   1.0, 0.100
2025-10-23 09:31:01,        0,  45.3,  49.0,  25.5, 56.495, 52.283,  2.955,2275847.2,  1,  21.8,   1.0,-1.000
2025-10-23 09:31:02,        0,  40.1,  33.2,  25.5, 35.026, 31.522,  1.110,2319310.1,  1,  21.8,   1.0, 0.100
2025-10-23 09:31:03,        0,  42.6,  40.7,  25.6, 52.578, 48.404,  2.551,2361342.8,  1,  21.8,   1.0, 0.100
2025-10-23 09:31:04,        0,  40.9,  35.8,  25.6, 50.720, 46.561,  2.374,2404361.7,  1,  21.7,   1.0, 0.100
2025-10-23 09:31:05,        0,  45.2,  48.5,  25.6, 48.824, 44.613,  2.192,2449121.1,  1,  21.8,   1.0, 0.100
2025-10-23 09:31:06,        0,  43.8,  44.5,  25.6, 59.800, 55.080,  3.296,2511615.7,  1,  21.8,   1.0, 0.100
2025-10-23 09:31:07,        0,  37.2,  24.6,  25.5, 52.889, 48.642,  2.588,2556508.3,  1,  21.8,   1.0, 0.100
2025-10-23 09:31:08,        0,  42.8,  41.4,  25.6, 53.100, 48.780,  2.600,2595828.1,  1,  21.8,   1.0, 0.100
2025-10-23 09:31:09,        0,  45.9,  50.6,  25.6, 43.735, 39.719,  1.744,2637048.2,  1,  21.8,   1.0, 0.100
2025-10-23 09:31:10,        0,  42.6,  40.9,  25.6, 51.812, 47.428,  2.460,2693666.4,  1,  21.8,   1.0, 0.100
2025-10-23 09:31:11,        0,  41.2,  36.6,  25.6, 52.152, 47.722,  2.490,2737953.9,  1,  21.8,   1.0, 0.100
2025-10-23 09:31:12,        0,  40.8,  35.5,  25.6, 41.917, 37.796,  1.596,2773872.9,  1,  21.8,   1.0, 0.100
2025-10-23 09:31:13,        0,  43.8,  44.3,  25.6, 52.353, 47.791,  2.504,2816885.9,  1,  21.8,   1.0, 0.100
2025-10-23 09:31:14,        0,  45.9,  50.6,  25.6, 52.515, 47.860,  2.518,2871858.2,  1,  21.8,   1.0, 0.100
2025-10-23 09:31:15,        0,  42.6,  40.9,  25.6, 52.382, 47.790,  2.506,2919148.4,  1,  21.8,   0.9, 0.100
2025-10-23 09:31:16,        0,  45.8,  50.4,  25.6, 58.597, 53.805,  3.162,2967502.2,  1,  21.8,   0.9, 0.100
2025-10-23 09:31:17,        0,  37.0,  23.9,  25.6, 34.490, 30.768,  1.100,3005800.3,  1,  21.8,   0.9, 0.100
2025-10-23 09:31:18,        0,  44.5,  46.5,  25.6, 50.574, 45.925,  2.369,3054908.0,  1,  21.8,   0.9, 0.100
2025-10-23 09:31:19,        0,  43.8,  44.5,  25.7, 51.480, 46.832,  2.412,3100789.1,  1,  21.8,   0.9, 0.100
2025-10-23 09:31:20,        0,  39.9,  32.7,  25.7, 48.499, 44.003,  2.138,3143884.2,  1,  21.8,   0.8, 0.100
2025-10-23 09:31:21,        0,  43.4,  43.1,  25.7, 55.716, 50.867,  2.857,3189382.1,  1,  21.8,   0.8, 0.100
2025-10-23 09:31:22,        0,  43.6,  43.9,  25.7, 49.264, 44.674,  2.212,3241155.8,  1,  21.8,   0.8, 0.100
2025-10-23 09:31:23,        0,  38.2,  27.5,  25.7, 49.313, 44.635,  2.211,3284669.8,  1,  21.7,   0.9, 0.100
2025-10-23 09:31:24,        0,  42.3,  40.0,  25.7, 47.836, 43.145,  2.065,3321769.0,  1,  21.8,   0.8, 0.100
2025-10-23 09:31:25,        0,  41.3,  37.0,  25.7, 47.372, 42.668,  2.027,3362937.1,  1,  21.8,   0.9, 0.100
2025-10-23 09:31:26,        0,  40.9,  35.6,  25.7, 34.335, 30.276,  1.057,3402681.4,  1,  21.8,   0.9, 0.100
2025-10-23 09:31:27,        0,  36.0,  21.0,  25.7, 33.740, 29.619,  1.001,3434146.6,  1,  21.7,   0.9, 0.100
2025-10-23 09:31:28,        0,  39.2,  30.6,  25.7, 23.476, 19.998,  0.501,3459821.4,  1,  21.8,   0.9, 0.100
2025-10-23 09:31:29,        0,  33.9,  14.6,  25.7, 31.438, 27.286,  0.860,3488331.8,  1,  21.8,   0.9, 0.100
2025-10-23 09:31:30,        0,  41.8,  38.5,  25.7, 29.128, 25.083,  0.732,3511673.8,  1,  21.8,   0.9, 0.100
2025-10-23 09:31:31,        0,  36.9,  23.8,  25.7, 38.875, 34.013,  1.334,3550328.2,  1,  21.8,   0.9, 0.100
2025-10-23 09:31:32,        0,  40.5,  34.4,  25.7, 36.666, 31.895,  1.173,3580648.5,  1,  21.8,   0.9, 0.100
2025-10-23 09:31:33,        0,  38.1,  27.3,  25.7, 41.822, 36.669,  1.536,3614641.7,  1,  21.8,   0.9, 0.100
2025-10-23 09:31:34,        0,  39.1,  30.4,  25.7, 42.952, 37.594,  1.616,3648170.1,  1,  21.8,   0.9, 0.100
2025-10-23 09:31:35,        0,  38.6,  28.9,  25.7, 30.738, 26.295,  0.810,3680851.6,  1,  21.8,   1.0, 0.100
2025-10-23 09:31:36,        0,  38.9,  29.8,  25.8, 33.046, 28.342,  0.939,3709412.5,  1,  21.8,   1.0, 0.100
2025-10-23 09:31:37,        0,  38.3,  27.8,  25.8, 33.393, 28.605,  0.959,3737805.4,  1,  21.8,   1.0, 0.100
2025-10-23 09:31:38,        0,  31.6,   7.9,  25.7, 31.008, 26.391,  0.839,3764706.2,  1,  21.8,   1.0, 0.100
2025-10-23 09:31:39,        0,  37.6,  25.9,  25.7, 26.004, 21.791,  0.607,3782539.2,  1,  21.8,   1.0, 0.100
2025-10-23 09:31:40,        0,  33.0,  12.0,  25.8, 29.384, 24.744,  0.727,3812885.8,  1,  21.8,   1.0, 0.100
2025-10-23 09:31:41,        0,  36.3,  21.9,  25.7, 26.822, 22.370,  0.606,3833146.2,  1,  21.8,   1.0, 0.100
2025-10-23 09:31:42,        0,  35.2,  18.5,  25.7, 26.944, 22.448,  0.606,3853909.4,  1,  21.8,   1.0, 0.100
2025-10-23 09:31:43,        0,  35.9,  20.7,  25.8, 34.655, 29.358,  1.018,3879447.8,  1,  21.8,   0.9, 0.100
2025-10-23 09:31:44,        0,  33.3,  13.0,  25.8, 28.812, 24.040,  0.697,3906540.6,  1,  21.8,   1.0, 0.100
2025-10-23 09:31:45,        0,  35.5,  19.5,  25.8, 24.409, 20.065,  0.512,3923496.4,  1,  21.8,   1.0, 0.100
2025-10-23 09:31:46,        0,  36.3,  21.9,  25.8, 21.329, 17.273,  0.377,3941390.1,  1,  21.8,   1.0, 0.100
2025-10-23 09:31:47,        0,  34.6,  16.9,  25.7, 29.367, 24.383,  0.717,3964077.8,  1,  21.8,   0.9, 0.100
2025-10-23 09:31:48,        0,  34.5,  16.6,  25.7, 18.399, 14.651,  0.280,3984991.0,  1,  21.8,   1.0, 0.100
2025-10-23 09:31:49,        0,  34.3,  15.9,  25.7, 20.873, 16.790,  0.357,4002814.7,  1,  21.8,   1.0, 0.100
2025-10-23 09:31:50,        0,  34.5,  16.6,  25.8, 25.955, 21.212,  0.551,4022327.4,  1,  21.8,   1.0, 0.100
2025-10-23 09:31:51,        0,  32.4,  10.1,  25.8, 27.173, 22.282,  0.607,4041754.1,  1,  21.8,   0.9, 0.100
2025-10-23 09:31:52,        0,  34.4,  16.1,  25.7, 15.836, 12.290,  0.196,4053057.5,  1,  21.8,   1.0, 0.100
2025-10-23 09:31:53,        0,  34.8,  17.4,  25.7, 20.194, 16.074,  0.326,4074132.2,  1,  21.8,   1.0, 0.100
2025-10-23 09:31:54,        0,  29.3,   1.0,  25.8, 14.559, 11.125,  0.164,4088313.1,  1,  21.8,   1.0, 0.100
2025-10-23 09:31:55,        0,  32.2,   9.6,  25.7, 20.188, 15.988,  0.325,4099242.7,  1,  21.8,   1.0, 0.100
2025-10-23 09:31:56,        0,  33.3,  12.9,  25.7, 16.491, 12.781,  0.218,4112296.6,  1,  21.8,   1.0, 0.100
2025-10-23 09:31:57,        0,  32.3,   9.8,  25.7, 19.198, 15.106,  0.291,4129661.9,  1,  21.8,   1.0, 0.100
2025-10-23 09:31:58,        0,  33.2,  12.5,  25.7, 16.663, 12.885,  0.218,4141480.3,  1,  21.7,   0.9, 0.100
2025-10-23 09:31:59,        0,  33.3,  12.9,  25.8, 20.139, 15.865,  0.320,4156074.5,  1,  21.8,   0.9, 0.100
2025-10-23 09:32:00,        0,  33.6,  13.9,  25.7, 18.561, 14.477,  0.270,4170151.1,  1,  21.8,   0.9, 0.100
2025-10-23 09:32:01,        0,  33.5,  13.5,  25.8, 17.496, 13.542,  0.239,4187181.4,  1,  21.8,   0.9, 0.100
2025-10-23 09:32:02,        0,  33.1,  12.2,  25.7,  8.288,  5.603,  0.049,4196573.7,  1,  21.8,   0.9, 0.100
2025-10-23 09:32:03,        0,  33.1,  12.2,  25.8, 14.787, 11.181,  0.175,4207642.9,  1,  21.8,   0.9, 0.100
2025-10-23 09:32:04,        0,  33.1,  12.2,  25.7, 16.853, 12.932,  0.218,4220658.3,  1,  21.8,   0.9, 0.100
2025-10-23 09:32:05,        0,  32.0,   9.1,  25.8, 17.242, 13.252,  0.230,4233746.2,  1,  21.7,   0.9, 0.100
2025-10-23 09:32:06,        0,  32.9,  11.7,  25.8, 14.194, 10.609,  0.151,4245172.0,  1,  21.8,   0.9, 0.100
2025-10-23 09:32:07,        0,  31.4,   7.1,  25.7, 10.805,  7.710,  0.085,4254309.6,  1,  21.7,   0.9, 0.100
2025-10-23 09:32:08,        0,  32.2,   9.5,  25.7, 14.917, 11.214,  0.169,4264659.9,  1,  21.7,   0.9, 0.100
2025-10-23 09:32:09,        0,  31.7,   8.1,  25.8, 13.687, 10.151,  0.147,4273881.3,  1,  21.7,   0.9, 0.100
2025-10-23 09:32:10,        0,  31.6,   7.9,  25.8, 12.881,  9.451,  0.122,4284686.4,  1,  21.7,   0.9, 0.100
2025-10-23 09:32:11,        0,  31.5,   7.4,  25.8, 12.933,  9.487,  0.130,4293464.8,  1,  21.8,   0.9, 0.100
2025-10-23 09:32:12,        0,  31.0,   5.9,  25.8, 12.706,  9.287,  0.118,4302280.4,  1,  21.7,   0.8, 0.100
2025-10-23 09:32:13,        0,  31.8,   8.3,  25.8, 11.722,  8.437,  0.100,4310691.3,  1,  21.8,   0.9, 0.100
2025-10-23 09:32:14,        0,  31.9,   8.6,  25.7, 10.430,  7.329,  0.077,4321014.4,  1,  21.8,   0.9, 0.100
2025-10-23 09:32:15,        0,  30.7,   5.2,  25.8, 10.388,  7.284,  0.076,4329394.6,  1,  21.7,   0.9, 0.100
2025-10-23 09:32:16,        0,  31.1,   6.2,  25.8,  9.763,  6.745,  0.068,4335699.5,  1,  21.7,   0.9, 0.100
2025-10-23 09:32:17,        0,  31.4,   7.3,  25.8,  8.252,  5.451,  0.045,4341556.4,  1,  21.8,   0.8, 0.100
2025-10-23 09:32:18,        0,  31.4,   7.3,  25.8, 10.138,  7.029,  0.072,4348229.6,  1,  21.8,   0.9, 0.100
2025-10-23 09:32:19,        0,  30.5,   4.5,  25.8,  9.487,  6.481,  0.062,4356657.2,  1,  21.8,   0.8, 0.100
2025-10-23 09:32:20,        0,  31.5,   7.4,  25.8,  8.548,  5.671,  0.049,4362108.4,  1,  21.7,   0.9, 0.100
2025-10-23 09:32:21,        0,  31.1,   6.2,  25.7,  6.842,  4.247,  0.034,4368058.3,  1,  21.7,   0.9, 0.100
2025-10-23 09:32:22,        0,  30.3,   3.9,  25.7, 10.190,  7.053,  0.073,4374835.5,  1,  21.8,   0.8, 0.100
2025-10-23 09:32:23,        0,  30.2,   3.5,  25.7, 10.510,  7.317,  0.077,4382680.9,  1,  21.8,   0.9, 0.100
2025-10-23 09:32:24,        0,  30.6,   4.7,  25.7,  4.997,  2.688,  0.016,4385968.3,  1,  21.8,   0.9, 0.100
2025-10-23 09:32:25,        0,  30.6,   4.7,  25.7,  5.314,  2.954,  0.018,4390323.1,  1,  21.7,   0.9, 0.100
2025-10-23 09:32:26,        0,  30.9,   5.8,  25.7,  8.418,  5.590,  0.047,4395927.3,  1,  21.8,   0.9, 0.100
2025-10-23 09:32:27,        0,  30.4,   4.2,  25.8,  9.970,  6.891,  0.069,4403300.4,  1,  21.7,   0.9, 0.100
2025-10-23 09:32:28,        0,  29.5,   1.5,  25.8,  7.277,  4.593,  0.036,4407084.8,  1,  21.7,   0.9, 0.100
2025-10-23 09:32:29,        0,  29.9,   2.8,  25.8,  1.789,  0.099,  0.000,4407183.7,  1,  21.7,   0.9, 0.100
2025-10-23 09:32:30,        0,  30.6,   4.7,  25.7,  8.937,  6.118,  0.055,4411888.9,  1,  21.8,   0.9, 0.100
2025-10-23 09:32:31,        0,  30.5,   4.5,  25.7,  8.552,  5.757,  0.049,4417794.4,  1,  21.8,   0.9, 0.100
2025-10-23 09:32:32,        0,  30.6,   4.7,  25.7,  7.080,  4.463,  0.037,4422868.0,  1,  21.7,   0.9, 0.100
2025-10-23 09:32:33,        0,  30.6,   4.7,  25.8,  7.836,  5.074,  0.040,4428418.4,  1,  21.8,   0.9, 0.100
2025-10-23 09:32:34,        0,  29.7,   2.2,  25.8,  7.404,  4.690,  0.037,4433618.6,  1,  21.7,   0.9, 0.100
2025-10-23 09:32:35,        0,  29.6,   1.8,  25.8,  3.194,  1.195,  0.007,4435515.0,  1,  21.7,   1.0, 0.100
2025-10-23 09:32:36,        0,  29.9,   2.8,  25.8,  6.970,  4.341,  0.031,4440146.0,  1,  21.8,   1.0, 0.100
2025-10-23 09:32:37,        0,  30.1,   3.4,  25.7,  7.614,  4.906,  0.037,4444728.8,  1,  21.7,   1.0, 0.100
2025-10-23 09:32:38,        0,  29.5,   1.5,  25.7,  7.647,  4.934,  0.038,4448879.1,  1,  21.7,   1.0, 0.100
2025-10-23 09:32:39,        0,  30.1,   3.4,  25.7,  1.766,  0.049,  0.000,4449164.1,  1,  21.7,   1.0, 0.100
2025-10-23 09:32:40,        0,  30.0,   3.0,  25.7,  7.480,  4.822,  0.037,4453412.0,  1,  21.8,   1.0, 0.100
2025-10-23 09:32:41,        0,  30.2,   3.7,  25.8,  7.371,  4.762,  0.035,4457983.1,  1,  21.7,   1.0, 0.100
2025-10-23 09:32:42,        0,  30.2,   3.5,  25.8,  7.524,  4.877,  0.037,4462820.7,  1,  21.7,   1.0, 0.100
2025-10-23 09:32:43,        0,  30.5,   4.4,  25.8,  7.741,  5.033,  0.039,4467569.9,  1,  21.7,   1.0, 0.100
2025-10-23 09:32:44,        0,  29.0,   0.0,  25.7,  2.533,  0.563,  0.002,4470099.1,  1,  21.8,   1.0, 0.100
2025-10-23 09:32:45,        0,  29.8,   2.3,  25.7,  1.689,  0.018,  0.000,4470116.7,  1,  21.7,   1.0, 0.100
2025-10-23 09:32:46,        0,  29.8,   2.5,  25.8,  1.459,  0.000,  0.000,4470120.5,  1,  21.8,   1.0, 0.100
2025-10-23 09:32:47,        0,  30.0,   3.0,  25.7,  5.634,  3.601,  0.023,4472550.0,  1,  21.7,   1.0, 0.100
2025-10-23 09:32:48,        0,  29.9,   2.8,  25.7,  6.774,  4.356,  0.030,4476650.4,  1,  21.8,   0.9, 0.100
2025-10-23 09:32:49,        0,  29.6,   1.7,  25.7,  5.726,  3.355,  0.021,4480353.6,  1,  21.7,   0.9, 0.100
2025-10-23 09:32:50,        0,  29.3,   1.0,  25.7,  1.862,  0.068,  0.000,4480423.1,  1,  21.7,   0.9, 0.100
2025-10-23 09:32:51,        0,  30.0,   3.0,  25.8,  1.711,  0.214,  0.001,4480912.2,  1,  21.7,   0.9, 0.100
2025-10-23 09:32:52,        0,  29.7,   2.0,  25.7,  6.537,  4.205,  0.028,4485886.0,  1,  21.8,   0.9, 0.100
2025-10-23 09:32:53,        0,  29.8,   2.5,  25.7,  4.590,  2.406,  0.013,4487531.0,  1,  21.7,   0.9, 0.100
2025-10-23 09:32:54,        0,  29.7,   2.2,  25.8,  6.416,  4.177,  0.028,4490413.5,  1,  21.8,   0.9, 0.100
2025-10-23 09:32:55,        0,  29.5,   1.5,  25.7,  3.719,  1.622,  0.009,4491689.7,  1,  21.8,   0.9, 0.100
2025-10-23 09:32:56,        0,  30.0,   3.0,  25.8,  1.674,  0.043,  0.000,4492088.2,  1,  21.7,   0.9, 0.100
2025-10-23 09:32:57,        0,  29.8,   2.5,  25.7,  6.693,  4.496,  0.030,4495988.3,  1,  21.8,   0.9, 0.100
2025-10-23 09:32:58,        0,  29.8,   2.5,  25.7,  2.548,  0.546,  0.002,4497639.1,  1,  21.8,   0.9, 0.100
2025-10-23 09:32:59,        0,  29.4,   1.1,  25.7,  1.645,  0.040,8005.878,4497679.0,  1,  21.7,   0.9, 0.100
2025-10-23 09:33:00,        0,  29.8,   2.5,  25.8,  2.610,  1.051,  0.007,4499823.5,  1,  21.7,   0.9, 0.100
2025-10-23 09:33:01,        0,  29.8,   2.3,  25.7,  2.417,  0.459,  0.001,4501579.5,  1,  21.7,   0.9, 0.100
2025-10-23 09:33:02,        0,  29.6,   1.7,  25.8,  1.473,  0.009,  0.000,4501601.3,  1,  21.7,   0.9, 0.100
2025-10-23 09:33:03,        0,  29.6,   1.8,  25.7,  4.436,  2.764,  0.017,4503333.0,  1,  21.8,   1.0, 0.100
2025-10-23 09:33:04,        0,  30.0,   3.0,  25.8,  1.997,  0.245,  0.001,4503839.6,  1,  21.8,   0.9, 0.100
2025-10-23 09:33:05,        0,  29.8,   2.3,  25.8,  5.725,  3.819,  0.024,4507873.9,  1,  21.7,   0.9, 0.100
2025-10-23 09:33:06,        0,  29.8,   2.3,  25.7,  2.145,  0.303,  0.001,4508380.1,  1,  21.7,   1.0, 0.100
2025-10-23 09:33:07,        0,  29.8,   2.5,  25.7,  1.420,  0.003,  0.000,4508394.0,  1,  21.8,   0.9, 0.100
2025-10-23 09:33:08,        0,  29.6,   1.8,  25.7,  5.765,  3.989,  0.024,4510319.3,  1,  21.7,   0.9, 0.100
2025-10-23 09:33:09,        0,  29.8,   2.3,  25.7,  3.702,  2.007,  0.011,4511433.7,  1,  21.8,   0.9, 0.100
2025-10-23 09:33:10,        0,  29.8,   2.5,  25.7,  1.644,  0.082,  0.000,4511613.0,  1,  21.7,   0.9, 0.100
2025-10-23 09:33:11,        0,  29.9,   2.8,  25.8,  1.388,  0.002,  0.000,4511614.3,  1,  21.7,   0.9, 0.100
2025-10-23 09:33:12,        0,  30.0,   2.9,  25.7,  5.759,  3.973,  0.024,4515284.7,  1,  21.7,   0.9, 0.100
2025-10-23 09:33:13,        0,  29.8,   2.3,  25.7,  5.926,  4.126,  0.025,4518884.7,  1,  21.8,   0.9, 0.100
2025-10-23 09:33:14,        0,  29.4,   1.3,  25.7,  1.508,  0.027,  0.000,4518945.1,  1,  21.7,   0.9, 0.100
2025-10-23 09:33:15,        0,  29.6,   1.8,  25.7,  1.359, -0.003,  0.000,4518943.8,  1,  21.7,   0.9, 0.100
2025-10-23 09:33:16,        0,  29.6,   1.7,  25.7,  1.292, -0.010,  0.000,4518934.6,  1,  21.7,   1.0, 0.100
2025-10-23 09:33:17,        0,  29.8,   2.5,  25.7,  1.230, -0.012,  0.000,4518923.7,  1,  21.7,   0.9, 0.100
2025-10-23 09:33:18,        0,  29.8,   2.3,  25.7,  1.180, -0.012,  0.000,4518909.5,  1,  21.8,   0.9, 0.100
2025-10-23 09:33:19,        0,  29.8,   2.5,  25.7,  1.151, -0.012,  0.000,4518898.2,  1,  21.7,   0.9, 0.100
2025-10-23 09:33:20,        0,  29.8,   2.3,  25.7,  1.122, -0.012,  0.000,4518886.0,  1,  21.7,   0.9, 0.100
2025-10-23 09:33:21,        0,  29.9,   2.8,  25.8,  1.096, -0.012,  0.000,4518875.1,  1,  21.7,   0.9, 0.100
2025-10-23 09:33:22,        0,  29.8,   2.3,  25.8,  5.894,  4.358,  0.026,4523641.9,  1,  21.7,   0.9, 0.100
2025-10-23 09:33:23,        0,  29.8,   2.5,  25.7,  1.592,  0.065,  0.000,4524117.1,  1,  21.7,   0.9, 0.100
2025-10-23 09:33:24,        0,  29.6,   1.7,  25.7,  1.373,  0.001,  0.000,4524122.2,  1,  21.7,   0.9, 0.100
2025-10-23 09:33:25,        0,  29.9,   2.7,  25.7,  1.290, -0.008,  0.000,4524115.1,  1,  21.7,   0.9, 0.100
2025-10-23 09:33:26,        0,  29.8,   2.5,  25.7,  1.218, -0.011,  0.000,4524102.1,  1,  21.8,   0.9, 0.100
2025-10-23 09:33:27,        0,  29.7,   2.2,  25.7,  1.182, -0.012,  0.000,4524090.7,  1,  21.7,   0.8, 0.100
2025-10-23 09:33:28,        0,  29.7,   2.2,  25.7,  1.132, -0.011,  0.000,4524079.4,  1,  21.7,   0.9, 0.100
2025-10-23 09:33:29,        0,  29.8,   2.4,  25.8,  1.102, -0.012,  0.000,4524068.5,  1,  21.7,   0.9, 0.100
2025-10-23 09:33:30,        0,  29.8,   2.5,  25.7,  3.773,  2.513,  0.015,4526487.6,  1,  21.7,   0.9, 0.100
2025-10-23 09:33:31,        0,  29.7,   2.2,  25.7,  5.043,  3.502,  0.019,4530286.6,  1,  21.7,   0.8, 0.100
2025-10-23 09:33:32,        0,  29.3,   1.0,  25.7,  1.545,  0.056,  0.000,4530344.1,  1,  21.7,   0.8, 0.100
2025-10-23 09:33:33,        0,  29.5,   1.5,  25.7,  1.304, -0.005,  0.000,4530341.1,  1,  21.7,   0.9, 0.100
2025-10-23 09:33:34,        0,  29.7,   2.0,  25.7,  1.245, -0.010,  0.000,4530331.5,  1,  21.7,   0.8, 0.100
2025-10-23 09:33:35,        0,  29.8,   2.3,  25.7,  1.183, -0.011,  0.000,4530319.3,  1,  21.7,   0.8, 0.100
2025-10-23 09:33:36,        0,  29.6,   1.8,  25.7,  1.147, -0.011,  0.000,4530308.4,  1,  21.7,   0.8, 0.100
2025-10-23 09:33:37,        0,  29.7,   2.0,  25.7,  1.115, -0.011,  0.000,4530297.1,  1,  21.7,   0.9, 0.100
2025-10-23 09:33:38,        0,  29.7,   2.2,  25.7,  1.071, -0.012,  0.000,4530285.8,  1,  21.7,   0.9, 0.100
2025-10-23 09:33:39,        0,  29.8,   2.3,  25.7,  1.045, -0.012,  0.000,4530274.9,  1,  21.7,   0.9, 0.100
2025-10-23 09:33:40,        0,  29.8,   2.3,  25.7,  1.013, -0.012,  0.000,4530261.1,  1,  21.7,   0.9, 0.100
2025-10-23 09:33:41,        0,  29.7,   2.2,  25.7,  0.993, -0.012,  0.000,4530249.8,  1,  21.7,   0.9, 0.100
2025-10-23 09:33:42,        0,  29.8,   2.5,  25.7,  0.967, -0.012,  0.000,4530238.0,  1,  21.7,   0.9, 0.100
2025-10-23 09:33:43,        0,  29.8,   2.5,  25.7,  0.951, -0.012,  0.000,4530226.7,  1,  21.7,   1.0, 0.100
2025-10-23 09:33:44,        0,  29.9,   2.7,  25.7,  2.955,  1.690,  0.008,4530964.3,  1,  21.7,   1.0, 0.100
2025-10-23 09:33:45,        0,  29.8,   2.5,  25.7,  5.747,  4.360,  0.025,4533926.1,  1,  21.7,   1.0, 0.100
2025-10-23 09:33:46,        0,  29.7,   2.0,  25.7,  1.960,  0.351,  0.001,4535031.2,  1,  21.7,   1.0, 0.100
2025-10-23 09:33:47,        0,  29.7,   2.0,  25.7,  1.522,  0.055,  0.000,4535390.8,  1,  21.7,   1.0, 0.100
2025-10-23 09:33:48,        0,  29.4,   1.3,  25.7,  1.325, -0.001,  0.000,4535393.3,  1,  21.7,   1.0, 0.100
2025-10-23 09:33:49,        0,  29.7,   2.2,  25.7,  1.227, -0.011,  0.000,4535382.8,  1,  21.7,   1.0, 0.100
2025-10-23 09:33:50,        0,  29.7,   2.0,  25.7,  1.184, -0.011,  0.000,4535371.9,  1,  21.7,   1.0, 0.100
2025-10-23 09:33:51,        0,  29.7,   2.0,  25.7,  1.149, -0.012,  0.000,4535360.6,  1,  21.7,   1.0, 0.100
2025-10-23 09:33:52,        0,  29.8,   2.3,  25.7,  1.100, -0.011,  0.000,4535349.7,  1,  21.7,   1.0, 0.100
2025-10-23 09:33:53,        0,  29.8,   2.3,  25.7,  1.069, -0.011,  0.000,4535336.3,  1,  21.7,   1.0, 0.100
2025-10-23 09:33:54,        0,  29.7,   2.0,  25.7,  1.030, -0.011,  0.000,4535325.4,  1,  21.7,   1.0, 0.100
2025-10-23 09:33:55,        0,  29.8,   2.3,  25.7,  1.008, -0.011,  0.000,4535314.5,  1,  21.7,   1.0, 0.100
2025-10-23 09:33:56,        0,  29.7,   2.2,  25.7,  0.987, -0.012,  0.000,4535303.2,  1,  21.7,   1.0, 0.100
2025-10-23 09:33:57,        0,  29.7,   2.2,  25.7,  0.958, -0.012,  0.000,4535292.3,  1,  21.7,   1.0, 0.100
2025-10-23 09:33:58,        0,  29.8,   2.3,  25.7,  0.933, -0.011,  0.000,4535278.9,  1,  21.7,   1.0, 0.100
2025-10-23 09:33:59,        0,  29.8,   2.3,  25.7,  0.917, -0.011,  0.000,4535268.0,  1,  21.7,   1.0, 0.100
2025-10-23 09:34:00,        0,  29.8,   2.3,  25.7,  0.902, -0.011,  0.000,4535257.5,  1,  21.7,   1.0, 0.100
2025-10-23 09:34:01,        0,  29.7,   2.0,  25.7,  0.882, -0.011,  0.000,4535246.2,  1,  21.7,   1.0, 0.100
2025-10-23 09:34:02,        0,  29.8,   2.3,  25.7,  0.868, -0.011,  0.000,4535233.6,  1,  21.7,   1.0, 0.100
2025-10-23 09:34:03,        0,  29.9,   2.7,  25.7,  0.849, -0.011,  0.000,4535223.6,  1,  21.7,   0.9, 0.100
2025-10-23 09:34:04,        0,  29.9,   2.7,  25.7,  0.837, -0.011,  0.000,4535213.1,  1,  21.7,   0.9, 0.100
2025-10-23 09:34:05,        0,  29.8,   2.5,  25.7,  0.825, -0.011,  0.000,4535651.1,  1,  21.7,   0.9, 0.100
2025-10-23 09:34:06,        0,  29.7,   2.2,  25.7,  1.521,  0.056,  0.000,4536114.2,  1,  21.7,   0.9, 0.100
2025-10-23 09:34:07,        0,  29.9,   2.7,  25.7,  1.313, -0.001,  0.000,4536112.9,  1,  21.7,   0.9, 0.100
2025-10-23 09:34:08,        0,  29.8,   2.5,  25.7,  2.186,  0.570,  0.001,4538100.3,  1,  21.7,   0.9, 0.100
2025-10-23 09:34:09,        0,  29.8,   2.5,  25.7,  1.404,  0.013,  0.000,4538123.3,  1,  21.7,   0.9, 0.100
2025-10-23 09:34:10,        0,  29.8,   2.3,  25.7,  1.284, -0.005,  0.000,4538118.3,  1,  21.7,   0.9, 0.100
2025-10-23 09:34:11,        0,  29.7,   2.2,  25.7,  1.198, -0.011,  0.000,4538106.1,  1,  21.7,   0.9, 0.100
2025-10-23 09:34:12,        0,  29.8,   2.3,  25.7,  1.157, -0.011,  0.000,4538095.6,  1,  21.7,   0.9, 0.100
2025-10-23 09:34:13,        0,  29.7,   2.0,  25.7,  1.103, -0.011,  0.000,4538085.2,  1,  21.7,   0.9, 0.100
2025-10-23 09:34:14,        0,  29.8,   2.3,  25.7,  1.071, -0.011,  0.000,4538074.7,  1,  21.7,   0.9, 0.100
2025-10-23 09:34:15,        0,  29.8,   2.4,  25.7,  1.028, -0.011,  0.000,4538061.3,  1,  21.7,   0.9, 0.100
2025-10-23 09:34:16,        0,  29.7,   2.2,  25.7,  1.002, -0.011,  0.000,4538050.0,  1,  21.7,   0.9, 0.100
2025-10-23 09:34:17,        0,  29.8,   2.3,  25.7,  0.969, -0.011,  0.000,4538039.5,  1,  21.7,   0.9, 0.100
2025-10-23 09:34:18,        0,  29.8,   2.3,  25.7,  0.949, -0.011,  0.000,4538028.6,  1,  21.7,   0.9, 0.100
2025-10-23 09:34:19,        0,  29.8,   2.3,  25.7,  0.930, -0.011,  0.000,4538018.1,  1,  21.7,   0.9, 0.100
2025-10-23 09:34:20,        0,  29.7,   2.2,  25.7,  0.904, -0.011,  0.000,4538005.5,  1,  21.7,   0.9, 0.100
2025-10-23 09:34:21,        0,  29.8,   2.5,  25.7,  0.888, -0.011,  0.000,4537995.1,  1,  21.7,   0.8, 0.100
2025-10-23 09:34:22,        0,  29.8,   2.5,  25.7,  0.865, -0.011,  0.000,4537984.2,  1,  21.7,   0.8, 0.100
2025-10-23 09:34:23,        0,  29.8,   2.3,  25.7,  0.850, -0.011,  0.000,4537973.7,  1,  21.7,   0.8, 0.100
2025-10-23 09:34:24,        0,  29.8,   2.5,  25.7,  0.830, -0.010,  0.000,4537962.0,  1,  21.7,   0.8, 0.100
2025-10-23 09:34:25,        0,  29.8,   2.5,  25.7,  0.816, -0.010,  0.000,4537951.9,  1,  21.7,   0.9, 0.100
2025-10-23 09:34:26,        0,  29.8,   2.3,  25.7,  0.804, -0.011,  0.000,4537941.8,  1,  21.7,   0.8, 0.100
2025-10-23 09:34:27,        0,  29.8,   2.5,  25.7,  0.787, -0.010,  0.000,4537931.8,  1,  21.7,   0.8, 0.100
2025-10-23 09:34:28,        0,  29.8,   2.5,  25.7,  0.775, -0.010,  0.000,4537922.6,  1,  21.7,   0.8, 0.100
2025-10-23 09:34:29,        0,  29.8,   2.5,  25.7,  0.758, -0.010,  0.000,4537911.2,  1,  21.7,   0.9, 0.100
2025-10-23 09:34:30,        0,  29.8,   2.5,  25.7,  0.747, -0.009,  0.000,4537902.4,  1,  21.7,   0.8, 0.100
2025-10-23 09:34:31,        0,  29.8,   2.5,  25.7,  0.736, -0.010,  0.000,4538951.9,  1,  21.7,   0.9, 0.100
2025-10-23 09:34:32,        0,  29.8,   2.5,  25.7,  1.471,  0.037,  0.000,4539093.9,  1,  21.7,   0.9, 0.100
2025-10-23 09:34:33,        0,  29.5,   1.5,  25.7,  1.250, -0.006,  0.000,4539093.1,  1,  21.7,   0.8, 0.100
2025-10-23 09:34:34,        0,  29.8,   2.3,  25.7,  1.189, -0.009,  0.000,4539084.3,  1,  21.7,   0.9, 0.100
2025-10-23 09:34:35,        0,  29.8,   2.5,  25.7,  1.141, -0.010,  0.000,4539074.2,  1,  21.7,   0.9, 0.100
2025-10-23 09:34:36,        0,  29.8,   2.5,  25.7,  1.101, -0.010,  0.000,4539065.0,  1,  21.7,   0.9, 0.100
2025-10-23 09:34:37,        0,  29.8,   2.3,  25.6,  1.046, -0.010,  0.000,4539052.9,  1,  21.7,   0.9, 0.100
2025-10-23 09:34:38,        0,  29.8,   2.5,  25.7,  0.997, -0.010,  0.000,4539043.2,  1,  21.7,   0.9, 0.100
2025-10-23 09:34:39,        0,  29.8,   2.5,  25.7,  0.970, -0.011,  0.000,4539033.6,  1,  21.7,   0.9, 0.100
2025-10-23 09:34:40,        0,  29.8,   2.5,  25.7,  0.944, -0.011,  0.000,4539023.5,  1,  21.7,   0.9, 0.100
2025-10-23 09:34:41,        0,  29.8,   2.5,  25.7,  0.907, -0.010,  0.000,4539011.4,  1,  21.7,   0.9, 0.100
2025-10-23 09:34:42,        0,  29.8,   2.5,  25.7,  0.886, -0.011,  0.000,4539001.3,  1,  21.7,   0.9, 0.100
2025-10-23 09:34:43,        0,  29.8,   2.5,  25.7,  0.855, -0.010,  0.000,4538992.5,  1,  21.7,   0.9, 0.100
2025-10-23 09:34:44,        0,  29.8,   2.5,  25.7,  0.837, -0.010,  0.000,4538983.3,  1,  21.7,   0.9, 0.100
2025-10-23 09:34:45,        0,  29.9,   2.7,  25.7,  0.809, -0.009,  0.000,4538972.4,  1,  21.7,   0.9, 0.100
2025-10-23 09:34:46,        0,  29.8,   2.5,  25.7,  0.792, -0.009,  0.000,4538963.6,  1,  21.7,   0.9, 0.100
2025-10-23 09:34:47,        0,  29.8,   2.5,  25.7,  0.775, -0.009,  0.000,4538955.2,  1,  21.7,   0.9, 0.100
2025-10-23 09:34:48,        0,  29.9,   2.7,  25.7,  0.751, -0.009,  0.000,4538947.3,  1,  21.7,   1.0, 0.100
2025-10-23 09:34:49,        0,  29.9,   2.7,  25.7,  2.395,  0.887,  0.003,4539823.6,  1,  21.7,   1.0, 0.100
2025-10-23 09:34:50,        0,  29.8,   2.5,  25.7,  1.248,  0.002,  0.000,4539841.2,  1,  21.7,   1.0, 0.100
2025-10-23 09:34:51,        0,  29.8,   2.5,  25.6,  1.158, -0.005,  0.000,4539836.6,  1,  21.7,   1.0, 0.100
2025-10-23 09:34:52,        0,  29.8,   2.5,  25.7,  1.100, -0.009,  0.000,4539828.2,  1,  21.7,   0.9, 0.100
2025-10-23 09:34:53,        0,  29.8,   2.5,  25.7,  1.032, -0.008,  0.000,4539820.2,  1,  21.7,   1.0, 0.100
2025-10-23 09:34:54,        0,  29.8,   2.5,  25.7,  0.991, -0.008,  0.000,4539810.6,  1,  21.7,   1.0, 0.100
2025-10-23 09:34:55,        0,  29.8,   2.3,  25.7,  0.936, -0.008,  0.000,4539802.6,  1,  21.7,   1.0, 0.100
2025-10-23 09:34:56,        0,  29.8,   2.5,  25.7,  0.904, -0.008,  0.000,4539795.1,  1,  21.7,   1.0, 0.100
2025-10-23 09:34:57,        0,  29.8,   2.3,  25.7,  0.874, -0.008,  0.000,4539787.1,  1,  21.7,   1.0, 0.100
2025-10-23 09:34:58,        0,  29.8,   2.5,  25.7,  0.832, -0.008,  0.000,4539777.9,  1,  21.7,   1.0, 0.100
2025-10-23 09:34:59,        0,  29.8,   2.3,  25.7,  0.808, -0.009,  0.000,4539769.1,  1,  21.7,   1.0, 0.100
2025-10-23 09:35:00,        0,  29.8,   2.3,  25.7,  0.774, -0.008,  0.000,4539761.6,  1,  21.7,   1.0, 0.100
2025-10-23 09:35:01,        0,  29.9,   2.7,  25.7,  0.754, -0.008,  0.000,4539753.6,  1,  21.7,   1.0, 0.100
2025-10-23 09:35:02,        0,  29.8,   2.5,  25.7,  0.727, -0.008,  0.000,4539744.0,  1,  21.7,   1.0, 0.100
2025-10-23 09:35:03,        0,  29.8,   2.3,  25.7,  0.709, -0.008,  0.000,4539736.8,  1,  21.7,   1.0, 0.100
2025-10-23 09:35:04,        0,  29.8,   2.5,  25.7,  0.687, -0.008,  0.000,4539728.4,  1,  21.7,   1.0, 0.100
2025-10-23 09:35:05,        0,  29.8,   2.5,  25.7,  0.673, -0.008,  0.000,4539720.9,  1,  21.7,   1.0, 0.100
2025-10-23 09:35:06,        0,  29.8,   2.5,  25.7,  0.659, -0.008,  0.000,4539713.4,  1,  21.7,   1.0, 0.100
2025-10-23 09:35:07,        0,  29.8,   2.5,  25.7,  0.641, -0.007,  0.000,4539705.0,  1,  21.7,   1.0, 0.100
2025-10-23 09:35:08,        0,  29.8,   2.5,  25.7,  0.629, -0.008,  0.000,4539697.0,  1,  21.7,   1.0, 0.100
2025-10-23 09:35:09,        0,  29.9,   2.7,  25.7,  0.612, -0.007,  0.000,4539689.9,  1,  21.7,   1.0, 0.100
2025-10-23 09:35:10,        0,  29.8,   2.5,  25.7,  3.648,  2.390,  0.011,4542283.2,  1,  21.7,   1.0, 0.100
2025-10-23 09:35:11,        0,  29.8,   2.3,  25.7,  1.265,  0.036,  0.000,4542738.8,  1,  21.7,   1.0, 0.100
2025-10-23 09:35:12,        0,  29.3,   1.0,  25.6,  1.103,  0.001,  0.000,4542740.9,  1,  21.7,   1.0, 0.100
2025-10-23 09:35:13,        0,  29.6,   1.8,  25.6,  1.030, -0.005,  0.000,4542735.0,  1,  21.7,   1.0, 0.100
2025-10-23 09:35:14,        0,  29.7,   2.0,  25.7,  0.964, -0.008,  0.000,4542727.9,  1,  21.7,   1.0, 0.100
2025-10-23 09:35:15,        0,  29.7,   2.2,  25.6,  0.913, -0.009,  0.000,4542717.8,  1,  21.7,   1.0, 0.100
2025-10-23 09:35:16,        0,  29.7,   2.0,  25.6,  0.882, -0.008,  0.000,4542710.3,  1,  21.7,   1.0, 0.100
2025-10-23 09:35:17,        0,  29.7,   2.0,  25.6,  0.853, -0.009,  0.000,4542701.9,  1,  21.7,   1.0, 0.100
2025-10-23 09:35:18,        0,  29.7,   2.2,  25.7,  0.826, -0.008,  0.000,4542694.0,  1,  21.7,   1.0, 0.100
2025-10-23 09:35:19,        0,  29.7,   2.2,  25.7,  0.792, -0.009,  0.000,4542686.0,  1,  21.7,   1.0, 0.100
2025-10-23 09:35:20,        0,  29.7,   2.2,  25.7,  0.761, -0.009,  0.000,4542675.9,  1,  21.7,   1.0, 0.100
2025-10-23 09:35:21,        0,  29.7,   2.2,  25.7,  0.742, -0.009,  0.000,4542668.0,  1,  21.7,   1.0, 0.100
2025-10-23 09:35:22,        0,  29.7,   2.2,  25.7,  0.725, -0.008,  0.000,4542660.4,  1,  21.7,   1.0, 0.100
2025-10-23 09:35:23,        0,  29.7,   2.2,  25.7,  0.701, -0.008,  0.000,4542652.1,  1,  21.7,   1.0, 0.100
2025-10-23 09:35:24,        0,  29.7,   2.2,  25.7,  0.687, -0.008,  0.000,4542643.3,  1,  21.7,   1.0, 0.100
2025-10-23 09:35:25,        0,  29.7,   2.0,  25.6,  0.666, -0.008,  0.000,4542636.1,  1,  21.7,   1.0, 0.100
2025-10-23 09:35:26,        0,  29.7,   2.0,  25.7,  0.653, -0.008,  0.000,4542627.7,  1,  21.7,   1.0, 0.100
2025-10-23 09:35:27,        0,  29.7,   2.2,  25.7,  0.641, -0.007,  0.000,4542620.6,  1,  21.7,   1.0, 0.100
2025-10-23 09:35:28,        0,  29.6,   1.8,  25.6,  0.622, -0.007,  0.000,4542613.5,  1,  21.7,   1.0, 0.100
2025-10-23 09:35:29,        0,  29.7,   2.2,  25.7,  0.612, -0.007,  0.000,4542605.1,  1,  21.7,   1.0, 0.100
2025-10-23 09:35:30,        0,  29.7,   2.2,  25.7,  0.596, -0.008,  0.000,4542597.6,  1,  21.7,   0.9, 0.100
2025-10-23 09:35:31,        0,  29.8,   2.3,  25.7,  0.586, -0.007,  0.000,4542591.3,  1,  21.7,   1.0, 0.100
2025-10-23 09:35:32,        0,  29.7,   2.2,  25.7,  0.577, -0.007,  0.000,4542583.7,  1,  21.7,   0.9, 0.100
2025-10-23 09:35:33,        0,  29.8,   2.3,  25.6,  0.562, -0.007,  0.000,4542575.8,  1,  21.7,   0.9, 0.100
2025-10-23 09:35:34,        0,  29.7,   2.2,  25.6,  0.554, -0.007,  0.000,4542569.1,  1,  21.7,   0.9, 0.100
2025-10-23 09:35:35,        0,  29.7,   2.2,  25.7,  0.541, -0.007,  0.000,4542561.9,  1,  21.7,   0.9, 0.100
2025-10-23 09:35:36,        0,  29.7,   2.2,  25.6,  0.533, -0.006,  0.000,4542555.7,  1,  21.7,   0.9, 0.100
2025-10-23 09:35:37,        0,  29.8,   2.3,  25.6,  0.525, -0.007,  0.000,4542549.8,  1,  21.7,   0.9, 0.100
2025-10-23 09:35:38,        0,  29.8,   2.3,  25.7,  0.514, -0.007,  0.000,4542541.8,  1,  21.7,   0.9, 0.100
2025-10-23 09:35:39,        0,  29.7,   2.2,  25.7,  0.503, -0.007,  0.000,4542536.0,  1,  21.7,   1.0, 0.100
2025-10-23 09:35:40,        0,  29.8,   2.4,  25.6,  0.496, -0.006,  0.000,4542529.7,  1,  21.7,   0.9, 0.100
2025-10-23 09:35:41,        0,  29.7,   2.2,  25.7,  0.490, -0.006,  0.000,4542523.4,  1,  21.7,   0.9, 0.100
2025-10-23 09:35:42,        0,  29.7,   2.2,  25.6,  0.481, -0.006,  0.000,4542516.7,  1,  21.7,   1.0, 0.100
2025-10-23 09:35:43,        0,  29.8,   2.3,  25.6,  0.475, -0.006,  0.000,4542510.4,  1,  21.7,   0.9, 0.100
2025-10-23 09:35:44,        0,  29.7,   2.2,  25.6,  0.466, -0.006,  0.000,4542505.4,  1,  21.7,   1.0, 0.100
2025-10-23 09:35:45,        0,  29.7,   2.2,  25.7,  0.460, -0.006,  0.000,4542499.9,  1,  21.7,   1.0, 0.100
2025-10-23 09:35:46,        0,  29.7,   2.0,  25.6,  0.452, -0.006,  0.000,4542492.8,  1,  21.7,   1.0, 0.100
2025-10-23 09:35:47,        0,  29.8,   2.3,  25.7,  0.447, -0.005,  0.000,4542487.8,  1,  21.7,   1.0, 0.100
2025-10-23 09:35:48,        0,  29.8,   2.3,  25.6,  0.441, -0.005,  0.000,4542481.9,  1,  21.7,   1.0, 0.100
2025-10-23 09:35:49,        0,  29.6,   1.8,  25.6,  0.433, -0.006,  0.000,4542476.5,  1,  21.7,   1.0, 0.100
2025-10-23 09:35:50,        0,  29.7,   2.2,  25.6,  0.428, -0.006,  0.000,4542471.4,  1,  21.7,   1.0, 0.100
2025-10-23 09:35:51,        0,  29.7,   2.0,  25.6,  0.422, -0.006,  0.000,4542465.1,  1,  21.7,   1.0, 0.100
2025-10-23 09:35:52,        0,  29.8,   2.3,  25.7,  0.417, -0.005,  0.000,4542460.1,  1,  21.7,   1.0, 0.100
2025-10-23 09:35:53,        0,  29.8,   2.3,  25.6,  0.412, -0.006,  0.000,4542454.7,  1,  21.7,   1.0, 0.100
2025-10-23 09:35:54,        0,  29.6,   1.8,  25.6,  0.406, -0.005,  0.000,4542450.0,  1,  21.7,   0.9, 0.100
2025-10-23 09:35:55,        0,  29.7,   2.2,  25.6,  0.399, -0.006,  0.000,4542443.8,  1,  21.7,   1.0, 0.100
2025-10-23 09:35:56,        0,  29.7,   2.2,  25.7,  0.394, -0.005,  0.000,4542439.2,  1,  21.7,   1.0, 0.100
2025-10-23 09:35:57,        0,  29.8,   2.3,  25.6,  0.390, -0.005,  0.000,4542434.1,  1,  21.7,   1.0, 0.100
2025-10-23 09:35:58,        0,  29.8,   2.3,  25.7,  0.385, -0.005,  0.000,4542429.1,  1,  21.7,   1.0, 0.100
2025-10-23 09:35:59,        0,  29.7,   2.0,  25.7,  0.381, -0.005,  0.000,4542424.1,  1,  21.7,   1.0, 0.100
2025-10-23 09:36:00,        0,  29.7,   2.2,  25.7,  0.375, -0.005,  0.000,4542418.2,  1,  21.7,   1.0, 0.100
2025-10-23 09:36:01,        0,  29.7,   2.2,  25.6,  0.371, -0.005,  0.000,4542413.6,  1,  21.7,   1.0, 0.100
2025-10-23 09:36:02,        0,  29.8,   2.3,  25.6,  0.367, -0.005,  0.000,4542409.0,  1,  21.7,   1.0, 0.100
2025-10-23 09:36:03,        0,  29.7,   2.2,  25.7,  0.362, -0.005,  0.000,4542404.8,  1,  21.7,   1.0, 0.100
2025-10-23 09:36:04,        0,  29.8,   2.3,  25.6,  0.358, -0.005,  0.000,4542398.9,  1,  21.7,   1.0, 0.100
2025-10-23 09:36:05,        0,  29.8,   2.3,  25.6,  0.353, -0.005,  0.000,4542394.3,  1,  21.7,   1.0, 0.100
2025-10-23 09:36:06,        0,  29.8,   2.3,  25.6,  0.350, -0.005,  0.000,4542389.7,  1,  21.7,   1.0, 0.100
2025-10-23 09:36:07,        0,  29.8,   2.3,  25.6,  0.347, -0.004,  0.000,4542385.5,  1,  21.7,   1.0, 0.100
2025-10-23 09:36:08,        0,  29.8,   2.3,  25.7,  0.343, -0.005,  0.000,4542380.5,  1,  21.7,   1.0, 0.100
2025-10-23 09:36:09,        0,  29.7,   2.2,  25.6,  0.340, -0.005,  0.000,4542375.9,  1,  21.7,   1.0, 0.100
2025-10-23 09:36:10,        0,  29.8,   2.3,  25.7,  0.335, -0.004,  0.000,4542371.7,  1,  21.7,   1.0, 0.100
2025-10-23 09:36:11,        0,  29.7,   2.2,  25.6,  0.332, -0.005,  0.000,4542367.5,  1,  21.7,   0.9, 0.100
2025-10-23 09:36:12,        0,  29.8,   2.4,  25.6,  0.329, -0.005,  0.000,4542363.3,  1,  21.7,   1.0, 0.100
2025-10-23 09:36:13,        0,  29.8,   2.3,  25.6,  0.325, -0.005,  0.000,4542358.3,  1,  21.7,   1.0, 0.100
2025-10-23 09:36:14,        0,  29.7,   2.2,  25.6,  0.321, -0.004,  0.000,4542354.1,  1,  21.7,   1.0, 0.100
2025-10-23 09:36:15,        0,  29.8,   2.3,  25.6,  0.319, -0.004,  0.000,4542350.3,  1,  21.7,   0.9, 0.100
2025-10-23 09:36:16,        0,  29.8,   2.3,  25.6,  0.316, -0.005,  0.000,4542346.1,  1,  21.7,   0.9, 0.100
2025-10-23 09:36:17,        0,  29.8,   2.3,  25.6,  0.313, -0.004,  0.000,4542340.7,  1,  21.7,   1.0, 0.100
2025-10-23 09:36:18,        0,  29.7,   2.2,  25.6,  0.311, -0.005,  0.000,4542336.9,  1,  21.7,   1.0, 0.100
2025-10-23 09:36:19,        0,  29.7,   2.2,  25.6,  0.307, -0.004,  0.000,4542333.1,  1,  21.7,   1.0, 0.100
2025-10-23 09:36:20,        0,  29.8,   2.3,  25.7,  0.305, -0.004,  0.000,4542329.3,  1,  21.7,   1.0, 0.100
2025-10-23 09:36:21,        0,  29.8,   2.3,  25.6,  0.302, -0.004,  0.000,4542325.6,  1,  21.7,   1.0, 0.100
2025-10-23 09:36:22,        0,  29.8,   2.3,  25.6,  0.299, -0.004,  0.000,4542320.1,  1,  21.7,   0.9, 0.100
2025-10-23 09:36:23,        0,  29.8,   2.3,  25.6,  0.296, -0.004,  0.000,4542316.8,  1,  21.7,   0.9, 0.100
2025-10-23 09:36:24,        0,  29.6,   1.8,  25.6,  0.293, -0.004,  0.000,4542313.0,  1,  21.7,   0.9, 0.100
2025-10-23 09:36:25,        0,  29.8,   2.4,  25.6,  0.290, -0.004,  0.000,4542309.2,  1,  21.7,   1.0, 0.100
2025-10-23 09:36:26,        0,  29.8,   2.3,  25.6,  0.287, -0.004,  0.000,4542305.0,  1,  21.7,   1.0, 0.100
2025-10-23 09:36:27,        0,  29.8,   2.3,  25.7,  0.286, -0.004,  0.000,4542301.7,  1,  21.7,   1.0, 0.100
2025-10-23 09:36:28,        0,  29.8,   2.3,  25.6,  0.284, -0.004,  0.000,4542297.9,  1,  21.7,   1.0, 0.100
2025-10-23 09:36:29,        0,  29.8,   2.3,  25.7,  0.280, -0.004,  0.000,4542294.1,  1,  21.7,   1.0, 0.100
2025-10-23 09:36:30,        0,  29.8,   2.3,  25.6,  0.279, -0.003,  0.000,4542289.5,  1,  21.7,   1.0, 0.100
2025-10-23 09:36:31,        0,  29.8,   2.3,  25.6,  0.276, -0.004,  0.000,4542286.6,  1,  21.7,   1.0, 0.100
2025-10-23 09:36:32,        0,  29.8,   2.3,  25.6,  0.274, -0.003,  0.000,4542283.2,  1,  21.7,   1.0, 0.100
2025-10-23 09:36:33,        0,  29.8,   2.3,  25.6,  0.272, -0.004,  0.000,4542279.9,  1,  21.7,   1.0, 0.100
2025-10-23 09:36:34,        0,  29.8,   2.3,  25.6,  0.269, -0.004,  0.000,4542275.3,  1,  21.7,   1.0, 0.100
2025-10-23 09:36:35,        0,  29.7,   2.0,  25.6,  0.268, -0.004,  0.000,4542271.5,  1,  21.7,   1.0, 0.100
2025-10-23 09:36:36,        0,  29.8,   2.3,  25.6,  0.265, -0.004,  0.000,4542268.2,  1,  21.7,   1.0, 0.100
2025-10-23 09:36:37,        0,  29.8,   2.3,  25.7,  0.263, -0.004,  0.000,4542265.2,  1,  21.7,   1.0, 0.100
2025-10-23 09:36:38,        0,  29.8,   2.3,  25.6,  0.260, -0.004,  0.000,4542260.6,  1,  21.7,   1.0, 0.100
2025-10-23 09:36:39,        0,  29.8,   2.3,  25.6,  0.258, -0.004,  0.000,4542257.3,  1,  21.7,   1.0, 0.100
2025-10-23 09:36:40,        0,  29.8,   2.3,  25.7,  0.257, -0.003,  0.000,77727001190.2,  1,  21.7,   1.0, 0.100
2025-10-23 09:36:41,        0,  29.8,   2.3,  25.6,  0.255, -0.003,  0.000,4542251.0,  1,  21.7,   1.0, 0.100
2025-10-23 09:36:42,        0,  29.7,   2.0,  25.6,  0.253, -0.003,  0.000,4542247.2,  1,  21.8,   1.0, 0.100
2025-10-23 09:36:43,        0,  29.8,   2.3,  25.6,  0.251, -0.003,  0.000,4542243.9,  1,  21.7,   1.0, 0.100
2025-10-23 09:36:44,        0,  29.8,   2.3,  25.6,  0.250, -0.003,  0.000,4542240.5,  1,  21.7,   1.0, 0.100
2025-10-23 09:36:45,        0,  29.8,   2.3,  25.6,  0.248, -0.003,  0.000,4542237.1,  1,  21.7,   1.0, 0.100
2025-10-23 09:36:46,        0,  29.8,   2.3,  25.6,  0.247, -0.004,  0.000,4542233.4,  1,  21.7,   1.0, 0.100
2025-10-23 09:36:47,        0,  29.8,   2.3,  25.6,  0.244, -0.003,  0.000,4542230.0,  1,  21.7,   1.0, 0.100
2025-10-23 09:36:48,        0,  29.8,   2.3,  25.6,  0.244, -0.003,  0.000,4542227.1,  1,  21.7,   1.0, 0.100
2025-10-23 09:36:49,        0,  29.8,   2.3,  25.6,  0.242, -0.003,  0.000,4542223.7,  1,  21.7,   1.0, 0.100
2025-10-23 09:36:50,        0,  29.8,   2.3,  25.6,  0.240, -0.003,  0.000,4542220.0,  1,  21.7,   1.0, 0.100
2025-10-23 09:36:51,        0,  29.8,   2.3,  25.6,  0.238, -0.003,  0.000,4542217.5,  1,  21.7,   1.0, 0.100
2025-10-23 09:36:52,        0,  29.8,   2.3,  25.6,  0.237, -0.003,  0.000,4542214.5,  1,  21.7,   1.0, 0.100
2025-10-23 09:36:53,        0,  29.8,   2.5,  25.6,  0.235, -0.003,  0.000,4542211.2,  1,  21.8,   1.0, 0.100
2025-10-23 09:36:54,        0,  29.7,   2.2,  25.6,  0.234, -0.003,  0.000,4542207.4,  1,  21.7,   1.0, 0.100
2025-10-23 09:36:55,        0,  29.7,   2.0,  25.6,  0.233, -0.003,  0.000,4542204.5,  1,  21.7,   1.0, 0.100
2025-10-23 09:36:56,        0,  29.8,   2.3,  25.7,  0.232, -0.003,  0.000,4542201.1,  1,  21.7,   1.0, 0.100
2025-10-23 09:36:57,        0,  29.7,   2.2,  25.6,  0.230, -0.003,  0.000,4542198.2,  1,  21.7,   1.0, 0.100
2025-10-23 09:36:58,        0,  29.7,   2.2,  25.6,  0.229, -0.003,  0.000,4542195.2,  1,  21.7,   1.0, 0.100
2025-10-23 09:36:59,        0,  29.8,   2.5,  25.6,  0.227, -0.003,  0.000,4542191.5,  1,  21.7,   1.0, 0.100
2025-10-23 09:37:00,        0,  29.8,   2.4,  25.6,  0.226, -0.003,  0.000,4542188.5,  1,  21.7,   1.0, 0.100
2025-10-23 09:37:01,        0,  29.8,   2.3,  25.6,  0.225, -0.003,  0.000,4542185.6,  1,  21.7,   1.0, 0.100
2025-10-23 09:37:02,        0,  29.8,   2.3,  25.7,  0.224, -0.003,  0.000,4542183.1,  1,  21.7,   1.0, 0.100
2025-10-23 09:37:03,        0,  29.8,   2.3,  25.6,  0.222, -0.003,  0.000,4542179.3,  1,  21.7,   1.0, 0.100
2025-10-23 09:37:04,        0,  29.8,   2.3,  25.6,  0.221, -0.003,  0.000,4542176.4,  1,  21.7,   1.0, 0.100
2025-10-23 09:37:05,        0,  29.7,   2.2,  25.6,  0.220, -0.003,  0.000,4542173.4,  1,  21.7,   1.0, 0.100
2025-10-23 09:37:06,        0,  29.8,   2.3,  25.7,  0.220, -0.003,  0.000,4542170.1,  1,  21.7,   1.0, 0.100
2025-10-23 09:37:07,        0,  29.7,   2.2,  25.6,  0.218, -0.003,  0.000,4542166.7,  1,  21.7,   1.0, 0.100
2025-10-23 09:37:08,        0,  29.8,   2.3,  25.6,  0.216, -0.003,  0.000,4542163.8,  1,  21.7,   0.9, 0.100
2025-10-23 09:37:09,        0,  29.8,   2.3,  25.6,  0.216, -0.003,  0.000,4542161.3,  1,  21.8,   0.9, 0.100
2025-10-23 09:37:10,        0,  29.8,   2.3,  25.6,  0.216, -0.003,  0.000,4542157.9,  1,  21.7,   0.9, 0.100
2025-10-23 09:37:11,        0,  29.8,   2.5,  25.6,  0.214, -0.003,  0.000,4542155.8,  1,  21.7,   0.9, 0.100
2025-10-23 09:37:12,        0,  29.8,   2.3,  25.6,  0.213, -0.003,  0.000,4542152.5,  1,  21.7,   0.9, 0.100
2025-10-23 09:37:13,        0,  29.8,   2.3,  25.6,  0.212, -0.003,  0.000,4542149.6,  1,  21.8,   0.9, 0.100
2025-10-23 09:37:14,        0,  29.8,   2.5,  25.6,  0.211, -0.003,  0.000,4542146.6,  1,  21.7,   0.9, 0.100
2025-10-23 09:37:15,        0,  29.8,   2.3,  25.6,  0.210, -0.003,  0.000,4542143.7,  1,  21.7,   0.9, 0.100
2025-10-23 09:37:16,        0,  29.8,   2.3,  25.6,  0.210, -0.003,  0.000,4542140.3,  1,  21.7,   0.9, 0.100
2025-10-23 09:37:17,        0,  29.8,   2.5,  25.6,  0.209, -0.002,  0.000,4542138.2,  1,  21.7,   0.9, 0.100
2025-10-23 09:37:18,        0,  29.8,   2.3,  25.6,  0.208, -0.003,  0.000,4542135.3,  1,  21.7,   0.9, 0.100
2025-10-23 09:37:19,        0,  29.8,   2.3,  25.6,  0.207, -0.003,  0.000,4542132.8,  1,  21.7,   0.9, 0.100
2025-10-23 09:37:20,        0,  29.8,   2.3,  25.6,  0.206, -0.003,  0.000,4542129.9,  1,  21.7,   0.9, 0.100
2025-10-23 09:37:21,        0,  29.7,   2.2,  25.6,  0.205, -0.003,  0.000,4542126.5,  1,  21.8,   0.9, 0.100
2025-10-23 09:37:22,        0,  29.7,   2.2,  25.6,  0.204, -0.003,  0.000,4542124.4,  1,  21.7,   0.9, 0.100
2025-10-23 09:37:23,        0,  29.7,   2.2,  25.6,  0.204, -0.003,  0.000,4542121.5,  1,  21.7,   0.9, 0.100
2025-10-23 09:37:24,        0,  29.8,   2.5,  25.6,  0.203, -0.003,  0.000,4542118.5,  1,  21.7,   0.9, 0.100
2025-10-23 09:37:25,        0,  29.8,   2.3,  25.6,  0.202, -0.003,  0.000,4542115.2,  1,  21.7,   0.9, 0.100
2025-10-23 09:37:26,        0,  29.8,   2.3,  25.6,  0.202, -0.003,  0.000,4542112.3,  1,  21.8,   0.9, 0.100
2025-10-23 09:37:27,        0,  29.8,   2.4,  25.6,  0.200, -0.003,  0.000,4542110.2,  1,  21.7,   0.9, 0.100
2025-10-23 09:37:28,        0,  29.8,   2.3,  25.6,  0.200, -0.003,  0.000,4542107.2,  1,  21.7,   0.9, 0.100
2025-10-23 09:37:29,        0,  29.8,   2.3,  25.6,  0.199, -0.003,  0.000,4542103.9,  1,  21.7,   0.9, 0.100
2025-10-23 09:37:30,        0,  29.8,   2.5,  25.6,  0.198, -0.003,  0.000,4542101.4,  1,  21.8,   0.9, 0.100
2025-10-23 09:37:31,        0,  29.8,   2.3,  25.6,  0.198, -0.002,  0.000,4542098.8,  1,  21.7,   0.9, 0.100
2025-10-23 09:37:32,        0,  29.8,   2.3,  25.6,  0.197, -0.003,  0.000,4542096.8,  1,  21.8,   0.9, 0.100
2025-10-23 09:37:33,        0,  29.8,   2.5,  25.6,  0.197, -0.003,  0.000,4542093.4,  1,  21.8,   0.9, 0.100
2025-10-23 09:37:34,        0,  29.8,   2.4,  25.6,  0.195, -0.003,  0.000,4542090.9,  1,  21.8,   1.0, 0.100
2025-10-23 09:37:35,        0,  29.8,   2.5,  25.6,  0.195, -0.002,  0.000,4542088.4,  1,  21.8,   1.0, 0.100
2025-10-23 09:37:36,        0,  29.8,   2.3,  25.6,  0.195, -0.003,  0.000,4542085.9,  1,  21.7,   1.0, 0.100
2025-10-23 09:37:37,        0,  29.8,   2.5,  25.6,  0.194, -0.003,  0.000,4542083.8,  1,  21.8,   0.9, 0.100
2025-10-23 09:37:38,        0,  29.8,   2.3,  25.6,  0.194, -0.003,  0.000,4542080.4,  1,  21.8,   0.9, 0.100
2025-10-23 09:37:39,        0,  29.8,   2.5,  25.6,  0.193, -0.003,  0.000,4542077.5,  1,  21.7,   1.0, 0.100
2025-10-23 09:37:40,        0,  29.8,   2.3,  25.6,  0.192, -0.003,  0.000,4542075.0,  1,  21.8,   1.0, 0.100
2025-10-23 09:37:41,        0,  29.8,   2.5,  25.6,  0.192, -0.003,  0.000,4542072.4,  1,  21.7,   1.0, 0.100
2025-10-23 09:37:42,        0,  29.8,   2.5,  25.6,  0.191, -0.003,  0.000,4542069.9,  1,  21.8,   1.0, 0.100
2025-10-23 09:37:43,        0,  29.8,   2.5,  25.6,  0.190, -0.003,  0.000,4542066.6,  1,  21.8,   1.0, 0.100
2025-10-23 09:37:44,        0,  29.8,   2.5,  25.6,  0.190, -0.003,  0.000,4542064.1,  1,  21.7,   1.0, 0.100
2025-10-23 09:37:45,        0,  29.8,   2.5,  25.6,  0.190, -0.002,  0.000,4542062.0,  1,  21.7,   1.0, 0.100
2025-10-23 09:37:46,        0,  29.8,   2.3,  25.6,  0.189, -0.002,  0.000,4542059.5,  1,  21.8,   1.0, 0.100
2025-10-23 09:37:47,        0,  29.8,   2.3,  25.6,  0.188, -0.003,  0.000,4542056.5,  1,  21.8,   1.0, 0.100
2025-10-23 09:37:48,        0,  29.8,   2.5,  25.6,  0.188, -0.003,  0.000,4542054.0,  1,  21.8,   1.0, 0.100
2025-10-23 09:37:49,        0,  29.8,   2.5,  25.6,  0.187, -0.003,  0.000,4542051.5,  1,  21.8,   1.0, 0.100
2025-10-23 09:37:50,        0,  29.8,   2.5,  25.6,  0.187, -0.003,  0.000,4542049.0,  1,  21.8,   1.0, 0.100
