Time, Cnts,  %T, set_Cell[mA], Cell[°C], Cell[Volt], Cell[mA], Cell[W], Cell[uAs], Cell_ON, Env[°C], TEC[°C], N2Flow[slpm]
2025-10-28 13:57:02,        0,  29.7,   2.1,  25.0,  0.142, -0.002,  0.000,     -2.9,  1,  23.5,   1.0, 0.100
2025-10-28 13:57:03,        0,  29.6,   1.9,  24.9,  0.142, -0.000,  0.000,     -4.6,  1,  23.5,   0.9, 0.100
2025-10-28 13:57:04,        0,  29.7,   2.1,  25.0,  0.142, -0.002,  0.000,     -6.9,  1,  23.5,   1.0, 0.100
2025-10-28 13:57:04,        0,  29.8,   2.3,  25.0,  0.142, -0.002,  0.000,     -8.6,  1,  23.5,   1.0, 0.098
2025-10-28 13:57:05,        0,  29.8,   2.3,  25.0,  0.142, -0.002,  0.000,    -10.3,  1,  23.5,   1.0, 0.097
2025-10-28 13:57:07,        0,  29.8,   2.3,  25.0,  0.142, -0.002,  0.000,    -12.6,  1,  23.5,   1.0, 0.097
2025-10-28 13:57:08,        0,  29.8,   2.3,  25.0,  0.142, -0.001,  0.000,    -14.6,  1,  23.5,   1.0, 0.097
2025-10-28 13:57:08,        0,  29.8,   2.4,  25.0,  0.142, -0.002,  0.000,    -16.3,  1,  23.5,   1.0, 0.097
2025-10-28 13:57:09,        0,  29.7,   2.1,  25.0,  0.142, -0.002,  0.000,    -18.0,  1,  23.5,   1.0, 0.097
2025-10-28 13:57:11,        0,  29.8,   2.3,  25.0,  0.142, -0.002,  0.000,    -20.6,  1,  23.5,   1.0, 0.097
2025-10-28 13:57:12,        0,  29.8,   2.3,  25.0,  0.142, -0.002,  0.000,    -22.6,  1,  23.5,   1.0, 0.097
2025-10-28 13:57:12,        0,  29.7,   2.1,  25.0,  0.142, -0.002,  0.000,    -24.6,  1,  23.5,   1.0, 0.097
2025-10-28 13:57:13,        0,  29.6,   1.8,  25.0,  0.142, -0.002,  0.000,    -26.3,  1,  23.5,   1.0, 0.097
2025-10-28 13:57:15,        0,  29.8,   2.3,  25.0,  0.142, -0.002,  0.000,    -28.6,  1,  23.5,   1.0, 0.098
2025-10-28 13:57:16,        0,  29.8,   2.4,  25.0,  0.142, -0.002,  0.000,    -30.3,  1,  23.5,   1.0, 0.098
2025-10-28 13:57:16,        0,  29.9,   2.6,  25.0,  0.142, -0.002,  0.000,    -32.3,  1,  23.5,   1.0, 0.098
2025-10-28 13:57:17,        0,  29.9,   2.6,  25.0,  2.091,  1.720,  0.009,   1888.0,  1,  23.5,   1.0, 0.099
2025-10-28 13:57:19,        0,  30.0,   2.9,  25.0,  5.812,  4.824,  0.028,   5908.9,  1,  23.5,   1.0, 0.099
2025-10-28 13:57:20,        0,  30.4,   4.3,  25.0,  6.866,  6.027,  0.041,  10954.6,  1,  23.5,   1.0, 0.099
2025-10-28 13:57:20,        0,  30.8,   5.5,  25.0,  8.286,  7.655,  0.065,  17785.0,  1,  23.5,   1.0, 0.100
2025-10-28 13:57:21,        0,  31.8,   8.3,  25.0,  8.522,  7.910,  0.068,  25825.3,  1,  23.5,   1.0, 0.100
2025-10-28 13:57:23,        0,  33.6,  13.9,  25.0, 14.051, 14.269,  0.201,  40380.8,  1,  23.5,   1.0, 0.100
2025-10-28 13:57:24,        0,  33.0,  11.9,  25.0, 13.234, 13.308,  0.177,  53612.1,  1,  23.5,   1.0, 0.102
2025-10-28 13:57:24,        0,  34.9,  17.8,  24.9, 16.964, 17.582,  0.299,  69420.7,  1,  23.5,   1.0, 0.105
2025-10-28 13:57:25,        0,  35.4,  19.2,  25.0, 18.662, 19.509,  0.364,  88337.5,  1,  23.5,   1.0, 0.147
2025-10-28 13:57:26,        0,  36.6,  22.7,  25.0, 21.185, 22.401,  0.475, 110958.8,  1,  23.5,   1.0, 0.109
2025-10-28 13:57:28,        0,  37.2,  24.5,  24.9, 25.032, 26.855,  0.672, 142535.6,  1,  23.5,   1.0, 0.099
2025-10-28 13:57:28,        0,  39.0,  30.0,  24.9, 28.702, 31.149,  0.896, 171408.5,  1,  23.5,   1.0, 0.098
2025-10-28 13:57:29,        0,  39.2,  30.5,  24.9, 30.044, 32.761,  0.985, 203331.2,  1,  23.5,   1.0, 0.098
2025-10-28 13:57:31,        0,  39.7,  32.0,  24.9, 27.308, 29.588,  0.811, 242018.5,  1,  23.5,   1.0, 0.098
2025-10-28 13:57:32,        0,  40.6,  34.9,  24.9, 38.103, 42.345,  1.614, 279203.2,  1,  23.5,   1.0, 0.099
2025-10-28 13:57:32,        0,  40.7,  35.0,  24.9, 35.123, 38.864,  1.367, 315523.4,  1,  23.5,   1.0, 0.099
2025-10-28 13:57:34,        0,  44.4,  46.2,  24.9, 40.279, 44.967,  1.828, 365529.5,  1,  23.5,   1.0, 0.099
2025-10-28 13:57:35,        0,  40.2,  33.5,  25.0, 36.794, 40.901,  1.512, 407446.9,  1,  23.5,   1.0, 0.099
2025-10-28 13:57:36,        0,  41.5,  37.6,  24.9, 36.471, 40.504,  1.480, 445504.2,  1,  23.5,   1.0, 0.099
2025-10-28 13:57:36,        0,  44.7,  47.2,  24.9, 40.436, 45.014,  1.830, 486586.2,  1,  23.5,   1.0, 0.100
2025-10-28 13:57:38,        0,  44.7,  47.0,  25.0, 49.962, 55.497,  2.779, 547427.9,  1,  23.5,   1.0, 0.100
2025-10-28 13:57:39,        0,  44.3,  46.0,  25.0, 52.696, 57.632,  3.041, 598964.0,  1,  23.5,   1.0, 0.100
2025-10-28 13:57:39,        0,  42.3,  39.8,  25.0, 50.369, 54.350,  2.741, 648662.0,  1,  23.5,   1.0, 0.100
2025-10-28 13:57:40,        0,  43.9,  44.8,  24.9, 43.127, 45.945,  1.982, 692585.9,  1,  23.5,   1.0, 0.100
2025-10-28 13:57:42,        0,  43.6,  43.8,  25.0, 43.856, 46.093,  2.032, 745505.6,  1,  23.5,   1.0, 0.113
2025-10-28 13:57:43,        0,  43.4,  43.3,  25.0, 47.973, 50.060,  2.409, 793191.5,  1,  23.5,   1.0, 0.100
2025-10-28 13:57:44,        0,  38.7,  29.1,  25.0, 41.118, 41.553,  1.711, 834593.4,  1,  23.5,   1.0, 0.100
2025-10-28 13:57:44,        0,  42.8,  41.3,  25.0, 51.609, 52.451,  2.710, 878265.7,  1,  23.5,   1.0, 0.101
2025-10-28 13:57:46,        0,  43.5,  43.6,  25.0, 44.946, 44.455,  2.003, 932519.5,  1,  23.5,   1.0, 0.100
2025-10-28 13:57:47,        0,  42.1,  39.4,  25.0, 41.619, 41.273,  1.719, 974680.7,  1,  23.5,   1.0, 0.100
2025-10-28 13:57:48,        0,  40.0,  33.0,  25.0, 41.880, 42.142,  1.767,1015135.3,  1,  23.5,   1.0, 0.100
2025-10-28 13:57:48,        0,  42.1,  39.4,  25.0, 48.303, 48.864,  2.362,1057424.0,  1,  23.5,   1.0, 0.100
2025-10-28 13:57:50,        0,  39.3,  31.0,  25.0, 32.127, 31.914,  1.029,1099989.8,  1,  23.5,   1.0, 0.100
2025-10-28 13:57:51,        0,  41.2,  36.7,  25.0, 44.069, 44.701,  1.971,1139418.5,  1,  23.5,   1.0, 0.100
2025-10-28 13:57:51,        0,  41.5,  37.6,  25.0, 28.197, 27.807,  0.791,1171075.9,  1,  23.5,   1.0, 0.100
2025-10-28 13:57:52,        0,  41.4,  37.2,  25.0, 35.439, 35.659,  1.281,1207856.1,  1,  23.5,   1.0, 0.100
2025-10-28 13:57:54,        0,  40.5,  34.5,  25.0, 37.140, 37.362,  1.390,1252885.8,  1,  23.5,   1.0, 0.100
2025-10-28 13:57:55,        0,  41.5,  37.4,  25.0, 36.886, 37.018,  1.373,1288788.2,  1,  23.5,   1.0, 0.100
2025-10-28 13:57:55,        0,  42.6,  40.9,  25.0, 35.065, 34.983,  1.229,1324009.1,  1,  23.5,   1.0, 0.100
2025-10-28 13:57:56,        0,  42.6,  40.9,  25.0, 38.206, 38.191,  1.460,1362192.6,  1,  23.5,   1.0, 0.100
2025-10-28 13:57:58,        0,  41.6,  37.7,  25.0, 40.417, 40.163,  1.627,1411300.0,  1,  23.5,   1.0, 0.100
2025-10-28 13:57:58,        0,  42.5,  40.6,  25.0, 43.635, 43.527,  1.903,1450697.2,  1,  23.5,   1.0, 0.100
2025-10-28 13:57:59,        0,  41.4,  37.1,  25.0, 43.368, 43.262,  1.894,1489254.0,  1,  23.5,   1.0, 0.100
2025-10-28 13:58:01,        0,  39.5,  31.5,  25.0, 35.699, 35.441,  1.268,1530964.6,  1,  23.5,   1.0, 0.100
2025-10-28 13:58:02,        0,  38.0,  27.1,  25.0, 35.068, 34.760,  1.224,1560807.7,  1,  23.5,   1.0, 0.100
2025-10-28 13:58:02,        0,  40.9,  35.8,  25.0, 41.366, 41.303,  1.711,1596323.6,  1,  23.5,   1.0, 0.100
2025-10-28 13:58:03,        0,  39.3,  31.0,  25.0, 42.073, 41.910,  1.769,1635768.5,  1,  23.5,   1.0, 0.100
2025-10-28 13:58:05,        0,  38.7,  29.0,  25.0, 36.503, 35.993,  1.319,1678167.4,  1,  23.5,   0.9, 0.100
2025-10-28 13:58:06,        0,  39.9,  32.7,  25.0, 33.203, 32.501,  1.081,1708850.1,  1,  23.5,   1.0, 0.100
2025-10-28 13:58:06,        0,  40.8,  35.5,  25.0, 40.755, 40.399,  1.653,1747920.6,  1,  23.5,   0.9, 0.100
2025-10-28 13:58:07,        0,  37.7,  26.2,  25.0, 38.648, 38.177,  1.478,1784605.7,  1,  23.5,   1.0, 0.100
2025-10-28 13:58:09,        0,  40.4,  34.3,  25.0, 39.807, 39.330,  1.566,1824170.8,  1,  23.5,   0.9, 0.100
2025-10-28 13:58:10,        0,  41.1,  36.4,  25.0, 42.420, 42.044,  1.795,1863175.1,  1,  23.5,   0.9, 0.100
2025-10-28 13:58:10,        0,  40.5,  34.5,  25.0, 39.575, 39.072,  1.546,1899908.2,  1,  23.5,   1.0, 0.100
2025-10-28 13:58:11,        0,  42.1,  39.4,  25.0, 37.492, 36.867,  1.386,1933225.8,  1,  23.5,   0.9, 0.100
2025-10-28 13:58:13,        0,  40.1,  33.3,  25.0, 43.594, 43.089,  1.879,1981932.0,  1,  23.5,   0.9, 0.100
2025-10-28 13:58:14,        0,  42.9,  41.6,  25.0, 38.259, 37.580,  1.444,2017220.5,  1,  23.5,   0.9, 0.100
2025-10-28 13:58:14,        0,  41.4,  37.1,  25.0, 41.267, 40.645,  1.684,2058089.6,  1,  23.5,   0.9, 0.100
2025-10-28 13:58:15,        0,  41.1,  36.4,  25.1, 40.118, 39.493,  1.587,2096523.9,  1,  23.5,   0.9, 0.100
2025-10-28 13:58:17,        0,  42.7,  41.1,  25.0, 44.351, 43.846,  1.947,2146561.0,  1,  23.5,   0.9, 0.100
2025-10-28 13:58:18,        0,  41.6,  37.9,  25.1, 46.150, 45.560,  2.103,2191391.8,  1,  23.5,   0.9, 0.100
2025-10-28 13:58:19,        0,  42.1,  39.2,  25.0, 44.637, 43.865,  1.961,2234920.3,  1,  23.5,   0.9, 0.100
2025-10-28 13:58:19,        0,  41.9,  38.7,  25.0, 48.098, 47.288,  2.275,2278852.8,  1,  23.5,   1.0, 0.100
2025-10-28 13:58:20,        0,  41.8,  38.4,  25.1, 47.393, 46.494,  2.209,2321636.3,  1,  23.5,   0.9, 0.100
2025-10-28 13:58:22,        0,  40.7,  35.0,  25.1, 45.411, 44.572,  2.033,2372157.2,  1,  23.5,   0.9, 0.100
2025-10-28 13:58:23,        0,  41.2,  36.7,  25.1, 44.694, 43.903,  1.968,2413793.2,  1,  23.5,   0.9, 0.100
2025-10-28 13:58:23,        0,  43.6,  43.8,  25.1, 50.495, 49.665,  2.509,2458940.1,  1,  23.5,   0.9, 0.100
2025-10-28 13:58:24,        0,  44.2,  45.5,  25.1, 46.020, 45.074,  2.092,2501460.4,  1,  23.5,   0.9, 0.100
2025-10-28 13:58:26,        0,  39.9,  32.8,  25.1, 45.939, 44.892,  2.065,2554158.9,  1,  23.5,   1.0, 0.100
2025-10-28 13:58:26,        0,  45.1,  48.2,  25.1, 50.919, 49.933,  2.556,2597388.8,  1,  23.5,   1.0, 0.100
2025-10-28 13:58:27,        0,  42.4,  40.1,  25.1, 54.422, 53.034,  2.888,2646081.1,  1,  23.5,   0.9, 0.100
2025-10-28 13:58:29,        0,  41.8,  38.4,  25.1, 46.834, 45.828,  2.148,2697013.3,  1,  23.5,   0.9, 0.100
2025-10-28 13:58:30,        0,  43.6,  43.8,  25.1, 45.636, 44.622,  2.038,2739084.2,  1,  23.6,   1.0, 0.100
2025-10-28 13:58:30,        0,  42.6,  40.9,  25.1, 44.927, 43.862,  1.974,2781444.5,  1,  23.6,   0.9, 0.100
2025-10-28 13:58:31,        0,  40.9,  35.7,  25.1, 42.729, 41.529,  1.778,2822995.7,  1,  23.6,   0.9, 0.100
2025-10-28 13:58:33,        0,  45.4,  49.2,  25.1, 37.018, 35.572,  1.323,2866719.6,  1,  23.6,   1.0, 0.100
2025-10-28 13:58:34,        0,  42.5,  40.6,  25.2, 46.278, 45.068,  2.088,2912695.4,  1,  23.6,   0.9, 0.100
2025-10-28 13:58:34,        0,  37.9,  26.6,  25.2, 47.400, 46.207,  2.195,2952333.4,  1,  23.6,   1.0, 0.100
2025-10-28 13:58:35,        0,  42.5,  40.6,  25.1, 43.543, 42.211,  1.843,2989491.3,  1,  23.6,   1.0, 0.100
2025-10-28 13:58:37,        0,  42.2,  39.6,  25.1, 44.431, 43.112,  1.919,3039715.8,  1,  23.6,   1.0, 0.100
2025-10-28 13:58:38,        0,  41.4,  37.1,  25.1, 47.310, 46.078,  2.185,3082399.8,  1,  23.6,   1.0, 0.100
2025-10-28 13:58:39,        0,  40.7,  35.2,  25.1, 42.470, 41.094,  1.750,3119623.2,  1,  23.6,   0.9, 0.100
2025-10-28 13:58:39,        0,  37.5,  25.4,  25.2, 40.944, 39.438,  1.615,3156846.2,  1,  23.6,   1.0, 0.100
2025-10-28 13:58:41,        0,  40.7,  35.0,  25.2, 31.838, 30.064,  0.975,3192894.9,  1,  23.6,   1.0, 0.100
2025-10-28 13:58:42,        0,  39.3,  30.8,  25.1, 40.885, 39.169,  1.603,3230061.3,  1,  23.6,   1.0, 0.100
2025-10-28 13:58:43,        0,  40.7,  35.2,  25.2, 36.040, 34.248,  1.237,3263616.6,  1,  23.6,   1.0, 0.100
2025-10-28 13:58:43,        0,  38.4,  28.3,  25.2, 36.168, 34.352,  1.246,3296107.8,  1,  23.6,   0.9, 0.100
2025-10-28 13:58:44,        0,  39.1,  30.3,  25.2, 33.134, 31.180,  1.034,3325327.3,  1,  23.6,   0.9, 0.100
2025-10-28 13:58:46,        0,  41.4,  37.2,  25.2, 30.708, 28.659,  0.886,3358741.1,  1,  23.6,   0.9, 0.100
2025-10-28 13:58:47,        0,  37.1,  24.4,  25.2, 35.842, 33.763,  1.213,3394648.6,  1,  23.6,   0.9, 0.100
2025-10-28 13:58:47,        0,  36.3,  21.9,  25.2, 28.651, 26.464,  0.763,3420870.1,  1,  23.6,   0.9, 0.100
2025-10-28 13:58:48,        0,  38.0,  27.1,  25.2, 32.744, 30.486,  1.003,3448465.6,  1,  23.7,   0.9, 0.100
2025-10-28 13:58:50,        0,  36.6,  22.7,  25.2, 34.930, 32.609,  1.141,3485288.6,  1,  23.7,   0.9, 0.100
2025-10-28 13:58:51,        0,  39.3,  30.8,  25.3, 31.418, 29.067,  0.916,3513634.5,  1,  23.6,   0.8, 0.100
2025-10-28 13:58:51,        0,  39.3,  31.0,  25.2, 32.372, 29.977,  0.971,3544420.2,  1,  23.6,   0.9, 0.100
2025-10-28 13:58:52,        0,  39.3,  31.0,  25.2, 37.786, 35.327,  1.335,3577433.6,  1,  23.7,   0.8, 0.100
2025-10-28 13:58:54,        0,  37.7,  26.1,  25.2, 34.585, 32.111,  1.115,3615801.7,  1,  23.7,   0.9, 0.100
2025-10-28 13:58:55,        0,  37.2,  24.7,  25.2, 28.608, 26.156,  0.750,3641197.6,  1,  23.6,   0.9, 0.100
2025-10-28 13:58:55,        0,  38.2,  27.6,  25.2, 26.775, 24.292,  0.667,3667846.2,  1,  23.6,   0.9, 0.100
2025-10-28 13:58:57,        0,  37.1,  24.4,  25.2, 27.192, 24.645,  0.671,3699963.2,  1,  23.6,   0.9, 0.100
2025-10-28 13:58:58,        0,  35.2,  18.5,  25.2, 27.340, 24.751,  0.681,3723434.6,  1,  23.6,   0.9, 0.100
2025-10-28 13:58:59,        0,  36.4,  22.2,  25.2, 23.140, 20.607,  0.479,3743548.6,  1,  23.6,   0.9, 0.100
2025-10-28 13:58:59,        0,  35.1,  18.3,  25.2, 25.932, 23.278,  0.605,3765716.7,  1,  23.6,   0.9, 0.100
2025-10-28 13:59:01,        0,  34.6,  16.8,  25.2, 25.171, 22.516,  0.591,3792322.1,  1,  23.6,   0.9, 0.100
2025-10-28 13:59:02,        0,  35.9,  20.8,  25.3, 31.005, 28.107,  0.873,3816133.0,  1,  23.6,   0.9, 0.100
2025-10-28 13:59:03,        0,  36.6,  22.7,  25.2, 23.338, 20.672,  0.490,3836299.4,  1,  23.6,   0.9, 0.100
2025-10-28 13:59:03,        0,  35.9,  20.8,  25.3, 23.552, 20.825,  0.499,3857787.3,  1,  23.6,   0.9, 0.100
2025-10-28 13:59:05,        0,  34.8,  17.3,  25.2, 24.865, 22.009,  0.548,3881523.6,  1,  23.6,   1.0, 0.100
2025-10-28 13:59:06,        0,  34.3,  15.9,  25.2, 18.204, 15.598,  0.284,3898131.5,  1,  23.6,   1.0, 0.100
2025-10-28 13:59:07,        0,  36.0,  21.0,  25.2, 17.146, 14.545,  0.254,3915110.7,  1,  23.6,   1.0, 0.100
2025-10-28 13:59:07,        0,  35.3,  18.8,  25.3, 25.786, 22.796,  0.589,3936308.9,  1,  23.6,   1.0, 0.100
2025-10-28 13:59:09,        0,  34.5,  16.6,  25.3, 22.078, 19.205,  0.427,3959413.2,  1,  23.6,   1.0, 0.100
2025-10-28 13:59:10,        0,  34.3,  15.8,  25.3, 19.443, 16.710,  0.329,3975280.6,  1,  23.6,   1.0, 0.100
2025-10-28 13:59:11,        0,  34.6,  16.8,  25.3, 21.521, 18.631,  0.403,3992803.0,  1,  23.6,   1.0, 0.100
2025-10-28 13:59:11,        0,  32.7,  11.0,  25.3, 20.554, 17.655,  0.363,4009208.0,  1,  23.6,   1.0, 0.100
2025-10-28 13:59:13,        0,  33.2,  12.5,  25.3, 20.188, 17.235,  0.349,4027574.9,  1,  23.6,   1.0, 0.100
2025-10-28 13:59:14,        0,  34.3,  15.8,  25.3, 15.892, 13.193,  0.211,4041435.2,  1,  23.6,   0.9, 0.100
2025-10-28 13:59:15,        0,  32.5,  10.5,  25.3, 18.459, 15.592,  0.288,4057275.3,  1,  23.6,   1.0, 0.100
2025-10-28 13:59:15,        0,  34.3,  15.9,  25.3, 14.405, 11.732,  0.179,4068949.6,  1,  23.6,   1.0, 0.100
2025-10-28 13:59:17,        0,  32.7,  11.2,  25.2, 15.558, 12.832,  0.202,4086630.8,  1,  23.6,   1.0, 0.100
2025-10-28 13:59:18,        0,  32.8,  11.4,  25.2, 15.610, 12.852,  0.201,4098837.8,  1,  23.6,   1.0, 0.100
2025-10-28 13:59:18,        0,  33.2,  12.5,  25.2, 11.575,  9.068,  0.108,4109504.6,  1,  23.6,   1.0, 0.100
2025-10-28 13:59:19,        0,  32.8,  11.4,  25.3, 17.751, 14.817,  0.264,4124013.7,  1,  23.6,   1.0, 0.100
2025-10-28 13:59:21,        0,  33.0,  11.9,  25.2, 18.675, 15.679,  0.296,4140705.4,  1,  23.6,   1.0, 0.100
2025-10-28 13:59:22,        0,  31.3,   6.8,  25.3, 16.579, 13.700,  0.229,4153344.9,  1,  23.6,   1.0, 0.100
2025-10-28 13:59:22,        0,  29.9,   2.6,  25.3, 11.885,  9.298,  0.121,4161971.2,  1,  23.6,   1.0, 0.100
2025-10-28 13:59:23,        0,  31.8,   8.5,  25.3, 13.659, 10.922,  0.154,4170076.9,  1,  23.6,   1.0, 0.100
2025-10-28 13:59:25,        0,  32.4,  10.3,  25.3, 11.948,  9.340,  0.112,4181348.9,  1,  23.6,   1.0, 0.100
2025-10-28 13:59:26,        0,  32.8,  11.5,  25.3, 17.160, 14.180,  0.244,4194693.3,  1,  23.6,   1.0, 0.100
2025-10-28 13:59:26,        0,  31.9,   8.8,  25.3, 13.023, 10.358,  0.140,4206600.6,  1,  23.6,   1.0, 0.100
2025-10-28 13:59:27,        0,  32.6,  10.9,  25.3, 13.682, 10.922,  0.153,4217117.4,  1,  23.5,   1.0, 0.100
2025-10-28 13:59:29,        0,  32.2,   9.5,  25.2, 15.328, 12.451,  0.191,4232762.2,  1,  23.6,   1.0, 0.100
2025-10-28 13:59:30,        0,  32.5,  10.4,  25.3, 13.990, 11.198,  0.158,4243666.6,  1,  23.6,   1.0, 0.100
2025-10-28 13:59:30,        0,  32.2,   9.5,  25.3, 13.765, 10.980,  0.152,4254383.7,  1,  23.6,   1.0, 0.100
2025-10-28 13:59:31,        0,  30.9,   5.6,  25.3, 15.083, 12.185,  0.184,4265724.9,  1,  23.5,   1.0, 0.100
2025-10-28 13:59:33,        0,  31.2,   6.6,  25.3,  6.205,  4.019,  0.029,4273097.6,  1,  23.6,   1.0, 0.100
2025-10-28 13:59:34,        0,  32.3,  10.0,  25.3, 11.838,  9.168,  0.110,4281865.1,  1,  23.6,   1.0, 0.100
2025-10-28 13:59:35,        0,  31.7,   8.2,  25.2, 13.986, 11.142,  0.156,4292251.1,  1,  23.6,   1.0, 0.100
2025-10-28 13:59:35,        0,  31.3,   7.0,  25.3, 13.374, 10.571,  0.142,4301803.9,  1,  23.5,   1.0, 0.100
2025-10-28 13:59:36,        0,  32.1,   9.3,  25.3, 10.405,  7.824,  0.085,4309563.1,  1,  23.6,   1.0, 0.100
2025-10-28 13:59:38,        0,  29.7,   2.1,  25.3, 13.611, 10.768,  0.148,4321554.2,  1,  23.6,   1.0, 0.100
2025-10-28 13:59:39,        0,  30.4,   4.3,  25.3, 11.234,  8.560,  0.097,4327864.5,  1,  23.5,   1.0, 0.100
2025-10-28 13:59:39,        0,  31.9,   8.8,  25.2, 12.177,  9.424,  0.115,4336215.8,  1,  23.5,   1.0, 0.100
2025-10-28 13:59:40,        0,  29.9,   2.7,  25.3, 12.728,  9.945,  0.127,4344800.2,  1,  23.6,   1.0, 0.100
2025-10-28 13:59:42,        0,  31.2,   6.7,  25.3, 10.773,  8.109,  0.090,4353067.2,  1,  23.5,   1.0, 0.100
2025-10-28 13:59:43,        0,  30.6,   4.9,  25.3,  8.412,  5.960,  0.051,4359445.9,  1,  23.5,   1.0, 0.100
2025-10-28 13:59:43,        0,  31.0,   6.0,  25.3, 12.362,  9.562,  0.118,4367598.9,  1,  23.5,   1.0, 0.100
2025-10-28 13:59:44,        0,  30.6,   4.8,  25.3,  8.061,  5.644,  0.046,4373794.4,  1,  23.5,   1.0, 0.100
2025-10-28 13:59:46,        0,  29.9,   2.8,  25.3, 12.185,  9.390,  0.115,4383221.1,  1,  23.5,   1.0, 0.100
2025-10-28 13:59:47,        0,  31.2,   6.6,  25.3,  9.480,  6.906,  0.068,4390065.4,  1,  23.5,   1.0, 0.100
2025-10-28 13:59:48,        0,  29.2,   0.5,  25.3,  9.819,  7.238,  0.073,4397691.2,  1,  23.5,   1.0, 0.100
2025-10-28 13:59:48,        0,  30.8,   5.3,  25.2,  9.076,  6.513,  0.059,4402414.4,  1,  23.5,   1.0, 0.100
2025-10-28 13:59:50,        0,  31.2,   6.5,  25.3, 10.412,  7.757,  0.081,4411321.5,  1,  23.5,   1.0, 0.100
2025-10-28 13:59:51,        0,  31.4,   7.2,  25.3, 10.967,  8.259,  0.091,4419198.4,  1,  23.5,   1.0, 0.100
2025-10-28 13:59:51,        0,  31.0,   6.1,  25.3,  7.911,  5.491,  0.045,4425227.5,  1,  23.5,   1.0, 0.100
2025-10-28 13:59:52,        0,  29.7,   2.1,  25.2,  9.624,  7.029,  0.068,4431635.4,  1,  23.5,   1.0, 0.100
2025-10-28 13:59:54,        0,  30.5,   4.4,  25.3,  8.303,  5.824,  0.049,4436994.4,  1,  23.5,   1.0, 0.100
2025-10-28 13:59:55,        0,  30.9,   5.6,  25.3,  7.266,  4.879,  0.035,4442135.0,  1,  23.5,   1.0, 0.100
2025-10-28 13:59:55,        0,  31.0,   6.1,  25.3,  8.990,  6.445,  0.058,4448669.1,  1,  23.5,   1.0, 0.100
2025-10-28 13:59:56,        0,  29.2,   0.5,  25.3,  6.963,  4.621,  0.036,4453870.9,  1,  23.5,   1.0, 0.100
2025-10-28 13:59:58,        0,  29.9,   2.8,  25.3,  7.924,  5.447,  0.043,4458984.7,  1,  23.5,   1.0, 0.100
2025-10-28 13:59:59,        0,  30.5,   4.6,  25.3,  8.266,  5.768,  0.049,4464593.9,  1,  23.5,   1.0, 0.100
2025-10-28 13:59:59,        0,  31.1,   6.3,  25.3,  8.439,  5.949,  0.051,4470580.3,  1,  23.5,   0.9, 0.100
2025-10-28 14:00:00,        0,  30.3,   3.8,  25.3,  3.907,  1.877,  0.009,4473998.4,  1,  23.5,   0.9, 0.100
2025-10-28 14:00:02,        0,  30.3,   3.9,  25.3,  7.535,  5.112,  0.039,4480433.6,  1,  23.5,   0.9, 0.100
2025-10-28 14:00:03,        0,  30.6,   4.9,  25.3,  7.610,  5.175,  0.040,4485629.5,  1,  23.5,   0.9, 0.100
2025-10-28 14:00:04,        0,  30.8,   5.4,  25.3,  9.739,  7.124,  0.070,4492172.0,  1,  23.5,   0.9, 0.100
2025-10-28 14:00:04,        0,  29.9,   2.7,  25.3,  6.207,  3.922,  0.027,4497260.7,  1,  23.5,   0.9, 0.100
2025-10-28 14:00:05,        0,  30.6,   4.9,  25.3,  6.955,  4.579,  0.032,4502212.7,  1,  23.5,   0.9, 0.100
2025-10-28 14:00:07,        0,  29.6,   1.9,  25.3,  7.578,  5.166,  0.040,4508963.5,  1,  23.5,   0.9, 0.100
2025-10-28 14:00:08,        0,  29.7,   2.1,  25.3,  6.543,  4.219,  0.031,4512228.7,  1,  23.6,   0.9, 0.100
2025-10-28 14:00:08,        0,  30.5,   4.4,  25.3,  5.491,  3.241,  0.020,4515234.4,  1,  23.6,   0.9, 0.100
2025-10-28 14:00:09,        0,  30.4,   4.1,  25.3,  8.082,  5.602,  0.046,4520530.5,  1,  23.5,   0.9, 0.100
2025-10-28 14:00:11,        0,  30.1,   3.3,  25.3,  7.004,  4.631,  0.033,4526387.4,  1,  23.5,   0.9, 0.100
2025-10-28 14:00:12,        0,  29.0,   0.0,  25.3,  5.618,  3.376,  0.021,4529753.1,  1,  23.6,   0.9, 0.099
2025-10-28 14:00:13,        0,  30.1,   3.4,  25.3,  1.836,  0.152,  0.000,4531500.8,  1,  23.6,   0.9, 0.100
2025-10-28 14:00:13,        0,  30.2,   3.6,  25.2,  7.281,  4.873,  0.036,4536232.8,  1,  23.5,   0.9, 0.100
2025-10-28 14:00:15,        0,  30.4,   4.1,  25.3,  7.185,  4.808,  0.035,4540773.2,  1,  23.5,   0.9, 0.100
2025-10-28 14:00:16,        0,  30.3,   3.8,  25.3,  7.823,  5.402,  0.043,4545949.5,  1,  23.6,   0.9, 0.100
2025-10-28 14:00:17,        0,  30.5,   4.6,  25.3,  7.430,  5.041,  0.038,4550661.0,  1,  23.5,   0.9, 0.100
2025-10-28 14:00:17,        0,  30.2,   3.6,  25.3,  6.943,  4.606,  0.034,4554758.0,  1,  23.6,   0.9, 0.100
2025-10-28 14:00:19,        0,  30.0,   2.9,  25.3,  4.632,  2.503,  0.014,4558834.2,  1,  23.6,   0.9, 0.100
2025-10-28 14:00:20,        0,  30.0,   3.1,  25.3,  6.374,  4.071,  0.026,4562435.4,  1,  23.6,   0.9, 0.100
2025-10-28 14:00:20,        0,  29.9,   2.6,  25.2,  6.227,  3.946,  0.025,4566317.9,  1,  23.6,   0.9, 0.100
2025-10-28 14:00:21,        0,  29.9,   2.8,  25.3,  1.762,  0.102,  0.000,4566587.0,  1,  23.6,   0.9, 0.100
2025-10-28 14:00:23,        0,  29.9,   2.7,  25.3,  1.948,  0.189,  0.000,4567584.4,  1,  23.6,   0.9, 0.100
2025-10-28 14:00:24,        0,  30.2,   3.6,  25.3,  5.654,  3.490,  0.021,4569858.5,  1,  23.6,   0.9, 0.100
2025-10-28 14:00:24,        0,  29.8,   2.4,  25.3,  6.895,  4.648,  0.032,4574225.4,  1,  23.6,   0.9, 0.100
2025-10-28 14:00:25,        0,  30.4,   4.3,  25.3,  6.817,  4.577,  0.031,4576958.3,  1,  23.6,   0.9, 0.100
2025-10-28 14:00:27,        0,  29.3,   0.9,  25.3,  6.833,  4.554,  0.031,4582494.2,  1,  23.6,   0.9, 0.100
2025-10-28 14:00:28,        0,  29.7,   2.2,  25.3,  6.097,  3.870,  0.024,4585072.9,  1,  23.6,   0.9, 0.100
2025-10-28 14:00:28,        0,  29.5,   1.6,  25.3,  4.385,  2.342,  0.013,4586302.5,  1,  23.6,   0.9, 0.100
2025-10-28 14:00:29,        0,  29.5,   1.4,  25.3,  2.541,  0.820,  0.005,4587952.9,  1,  23.6,   0.9, 0.100
2025-10-28 14:00:31,        0,  29.9,   2.7,  25.2,  6.064,  3.940,  0.024,4590193.4,  1,  23.6,   0.9, 0.100
2025-10-28 14:00:32,        0,  30.0,   2.9,  25.3,  2.244,  0.385,  0.001,4592176.9,  1,  23.6,   0.9, 0.100
2025-10-28 14:00:33,        0,  29.8,   2.4,  25.3,  2.644,  0.714,  0.002,4593956.4,  1,  23.6,   1.0, 0.100
2025-10-28 14:00:33,        0,  30.1,   3.3,  25.3,  1.529,  0.034,  0.000,4595173.9,  1,  23.5,   1.0, 0.100
2025-10-28 14:00:34,        0,  29.9,   2.6,  25.3,  6.607,  4.549,  0.030,4598202.7,  1,  23.6,   1.0, 0.100
2025-10-28 14:00:36,        0,  29.8,   2.4,  25.3,  6.456,  4.413,  0.029,4601416.7,  1,  23.6,   1.0, 0.101
2025-10-28 14:00:37,        0,  29.6,   1.7,  25.2,  6.154,  4.191,  0.027,4603387.7,  1,  23.6,   1.0, 0.101
2025-10-28 14:00:37,        0,  30.1,   3.4,  25.2,  4.710,  2.708,  0.015,4605767.4,  1,  23.6,   1.0, 0.101
2025-10-28 14:00:38,        0,  29.7,   2.2,  25.3,  6.489,  4.460,  0.029,4610124.3,  1,  23.6,   1.0, 0.100
2025-10-28 14:00:40,        0,  29.7,   2.1,  25.3,  5.855,  3.858,  0.024,4612827.4,  1,  23.6,   1.0, 0.100
2025-10-28 14:00:41,        0,  29.8,   2.4,  25.3,  4.047,  2.182,  0.013,4614128.7,  1,  23.6,   1.0, 0.100
2025-10-28 14:00:41,        0,  29.5,   1.6,  25.3,  1.505,  0.031,  0.000,4614212.1,  1,  23.5,   1.0, 0.100
2025-10-28 14:00:42,        0,  30.0,   2.9,  25.2,  3.785,  2.187,  0.014,4615910.7,  1,  23.6,   1.0, 0.100
2025-10-28 14:00:44,        0,  30.0,   3.1,  25.3,  2.869,  1.105,  0.006,4618865.3,  1,  23.6,   1.0, 0.099
2025-10-28 14:00:45,        0,  29.8,   2.4,  25.3,  2.913,  1.020,  0.004,4620711.9,  1,  23.6,   1.0, 0.099
2025-10-28 14:00:45,        0,  29.6,   1.9,  25.3,  1.497,  0.031,  0.000,4620744.6,  1,  23.6,   1.0, 0.099
2025-10-28 14:00:46,        0,  29.7,   2.2,  25.2,  3.481,  1.980,  0.013,4621757.5,  1,  23.5,   1.0, 0.099
2025-10-28 14:00:48,        0,  29.8,   2.4,  25.3,  6.218,  4.377,  0.027,4626013.9,  1,  23.6,   1.0, 0.099
2025-10-28 14:00:49,        0,  29.5,   1.6,  25.2,  1.795,  0.170,  0.000,4626976.1,  1,  23.5,   1.0, 0.100
2025-10-28 14:00:49,        0,  29.7,   2.2,  25.2,  1.406,  0.008,  0.000,4626989.9,  1,  23.6,   0.9, 0.100
2025-10-28 14:00:50,        0,  29.5,   1.6,  25.3,  1.307, -0.007,  0.000,4626983.2,  1,  23.6,   1.0, 0.101
2025-10-28 14:00:52,        0,  29.9,   2.6,  25.2,  5.514,  3.864,  0.024,4629662.5,  1,  23.6,   1.0, 0.100
2025-10-28 14:00:53,        0,  29.7,   2.2,  25.3,  6.064,  4.263,  0.026,4633311.6,  1,  23.5,   0.9, 0.099
2025-10-28 14:00:53,        0,  30.0,   2.9,  25.3,  1.732,  0.144,  0.000,4634117.9,  1,  23.5,   0.9, 0.100
2025-10-28 14:00:55,        0,  29.7,   2.1,  25.2,  1.692,  0.126,  0.000,4635871.0,  1,  23.6,   0.9, 0.100
2025-10-28 14:00:56,        0,  29.7,   2.2,  25.2,  1.376,  0.005,  0.000,4635884.0,  1,  23.5,   0.9, 0.099
2025-10-28 14:00:57,        0,  29.9,   2.6,  25.2,  1.287, -0.007,  0.000,4635877.3,  1,  23.6,   0.9, 0.099
2025-10-28 14:00:57,        0,  29.6,   1.7,  25.2,  1.235, -0.011,  0.000,4635866.8,  1,  23.6,   0.9, 0.100
2025-10-28 14:00:59,        0,  29.9,   2.7,  25.3,  2.970,  1.671,  0.010,4637836.5,  1,  23.5,   0.9, 0.101
2025-10-28 14:01:00,        0,  29.7,   2.1,  25.3,  5.750,  4.058,  0.024,4641924.0,  1,  23.5,   0.9, 0.100
2025-10-28 14:01:01,        0,  29.6,   1.7,  25.2,  1.701,  0.140,  0.000,4642609.6,  1,  23.6,   0.9, 0.099
2025-10-28 14:01:01,        0,  29.7,   2.2,  25.3,  1.373,  0.005,  0.000,4642617.6,  1,  23.6,   0.9, 0.101
2025-10-28 14:01:03,        0,  29.8,   2.4,  25.2,  1.253, -0.009,  0.000,4642608.8,  1,  23.6,   0.9, 0.100
2025-10-28 14:01:04,        0,  29.6,   1.9,  25.2,  1.208, -0.011,  0.000,4642598.3,  1,  23.5,   0.9, 0.100
2025-10-28 14:01:05,        0,  30.0,   2.9,  25.3,  5.427,  3.959,  0.023,4644232.8,  1,  23.5,   0.9, 0.100
2025-10-28 14:01:05,        0,  29.9,   2.6,  25.2,  5.907,  4.294,  0.025,4648057.4,  1,  23.5,   1.0, 0.100
2025-10-28 14:01:06,        0,  30.0,   2.9,  25.2,  1.630,  0.101,  0.000,4649008.3,  1,  23.6,   0.9, 0.100
2025-10-28 14:01:08,        0,  29.4,   1.1,  25.3,  1.962,  0.336,  0.001,4651130.6,  1,  23.6,   1.0, 0.101
2025-10-28 14:01:09,        0,  29.8,   2.4,  25.2,  1.395,  0.011,  0.000,4651143.2,  1,  23.6,   1.0, 0.100
2025-10-28 14:01:09,        0,  29.7,   2.2,  25.3,  1.259, -0.009,  0.000,4651136.5,  1,  23.6,   1.0, 0.100
2025-10-28 14:01:11,        0,  30.0,   2.9,  25.2,  4.037,  2.436,  0.012,4652253.0,  1,  23.6,   1.0, 0.100
2025-10-28 14:01:12,        0,  29.7,   2.2,  25.2,  2.620,  0.953,  0.003,4654504.4,  1,  23.6,   1.0, 0.099
2025-10-28 14:01:12,        0,  29.7,   2.1,  25.2,  1.425,  0.019,  0.000,4654545.4,  1,  23.6,   1.0, 0.100
2025-10-28 14:01:13,        0,  29.6,   1.9,  25.2,  1.298, -0.005,  0.000,4654540.8,  1,  23.6,   1.0, 0.099
2025-10-28 14:01:15,        0,  29.7,   2.2,  25.3,  1.212, -0.010,  0.000,4654529.5,  1,  23.5,   1.0, 0.100
2025-10-28 14:01:16,        0,  29.8,   2.4,  25.3,  1.616,  0.424,  0.003,4655636.8,  1,  23.6,   1.0, 0.100
2025-10-28 14:01:16,        0,  30.0,   2.9,  25.2,  3.138,  1.501,  0.006,4656959.8,  1,  23.6,   1.0, 0.099
2025-10-28 14:01:17,        0,  29.9,   2.6,  25.3,  3.632,  1.992,  0.009,4659279.5,  1,  23.6,   1.0, 0.100
2025-10-28 14:01:19,        0,  29.7,   2.1,  25.2,  1.361,  0.005,  0.000,4659321.4,  1,  23.6,   0.9, 0.099
2025-10-28 14:01:20,        0,  29.9,   2.6,  25.2,  1.269, -0.007,  0.000,4659315.6,  1,  23.6,   1.0, 0.100
2025-10-28 14:01:20,        0,  29.9,   2.6,  25.2,  1.215, -0.011,  0.000,4659305.5,  1,  23.6,   1.0, 0.100
2025-10-28 14:01:21,        0,  29.8,   2.4,  25.3,  1.156, -0.011,  0.000,4659295.5,  1,  23.6,   1.0, 0.100
2025-10-28 14:01:23,        0,  29.7,   2.2,  25.3,  1.121, -0.011,  0.000,4659282.0,  1,  23.6,   1.0, 0.100
2025-10-28 14:01:24,        0,  29.9,   2.7,  25.2,  1.077, -0.012,  0.000,4659271.1,  1,  23.6,   1.0, 0.100
2025-10-28 14:01:25,        0,  29.9,   2.7,  25.2,  5.921,  4.456,  0.026,4662772.3,  1,  23.6,   1.0, 0.100
2025-10-28 14:01:25,        0,  29.9,   2.6,  25.2,  4.507,  2.918,  0.015,4665518.2,  1,  23.6,   0.9, 0.099
2025-10-28 14:01:27,        0,  29.4,   1.1,  25.2,  1.537,  0.064,  0.000,4665918.8,  1,  23.6,   0.9, 0.099
2025-10-28 14:01:28,        0,  29.7,   2.1,  25.2,  1.327, -0.000,  0.000,4666381.5,  1,  23.6,   0.9, 0.099
2025-10-28 14:01:29,        0,  29.7,   2.1,  25.3,  1.575,  0.084,  0.000,4666829.9,  1,  23.6,   0.9, 0.099
2025-10-28 14:01:29,        0,  29.7,   2.1,  25.2,  1.330,  0.001,  0.000,4666832.9,  1,  23.6,   0.9, 0.100
2025-10-28 14:01:30,        0,  29.6,   1.9,  25.3,  1.251, -0.008,  0.000,4666824.5,  1,  23.6,   0.9, 0.099
2025-10-28 14:01:32,        0,  29.8,   2.4,  25.3,  1.179, -0.011,  0.000,4666811.9,  1,  23.6,   0.9, 0.099
2025-10-28 14:01:33,        0,  29.8,   2.4,  25.2,  1.121, -0.011,  0.000,4666801.4,  1,  23.6,   0.9, 0.100
2025-10-28 14:01:33,        0,  29.9,   2.6,  25.2,  1.088, -0.011,  0.000,4666791.0,  1,  23.7,   0.9, 0.108
2025-10-28 14:01:34,        0,  29.9,   2.6,  25.2,  1.060, -0.012,  0.000,4666779.2,  1,  23.6,   0.9, 0.106
2025-10-28 14:01:36,        0,  29.8,   2.4,  25.3,  1.026, -0.011,  0.000,4666765.4,  1,  23.6,   0.9, 0.103
2025-10-28 14:01:37,        0,  29.8,   2.4,  25.3,  1.006, -0.012,  0.000,4666753.3,  1,  23.7,   0.9, 0.101
2025-10-28 14:01:38,        0,  29.9,   2.7,  25.2,  5.809,  4.377,  0.025,4668823.2,  1,  23.6,   0.9, 0.101
2025-10-28 14:01:38,        0,  29.8,   2.4,  25.2,  5.830,  4.366,  0.025,4672833.9,  1,  23.7,   0.9, 0.100
2025-10-28 14:01:40,        0,  29.9,   2.6,  25.2,  1.443,  0.029,  0.000,4673188.9,  1,  23.7,   0.9, 0.100
2025-10-28 14:01:41,        0,  29.6,   1.7,  25.2,  1.298, -0.004,  0.000,4673187.2,  1,  23.7,   0.9, 0.099
2025-10-28 14:01:41,        0,  29.7,   2.2,  25.2,  1.231, -0.009,  0.000,4673179.2,  1,  23.7,   0.9, 0.099
2025-10-28 14:01:43,        0,  29.7,   2.1,  25.2,  1.164, -0.011,  0.000,4673167.1,  1,  23.7,   0.9, 0.099
2025-10-28 14:01:44,        0,  29.7,   2.1,  25.2,  1.125, -0.010,  0.000,4673156.6,  1,  23.7,   0.9, 0.099
2025-10-28 14:01:45,        0,  29.8,   2.4,  25.2,  1.076, -0.011,  0.000,4673146.1,  1,  23.7,   0.9, 0.100
2025-10-28 14:01:45,        0,  29.7,   2.2,  25.2,  1.047, -0.011,  0.000,4673135.2,  1,  23.7,   0.9, 0.099
2025-10-28 14:01:46,        0,  29.9,   2.6,  25.2,  1.024, -0.012,  0.000,4673123.9,  1,  23.7,   0.9, 0.100
2025-10-28 14:01:48,        0,  29.8,   2.4,  25.2,  0.993, -0.012,  0.000,4673110.1,  1,  23.7,   0.9, 0.100
2025-10-28 14:01:49,        0,  29.9,   2.6,  25.2,  0.977, -0.012,  0.000,4673098.8,  1,  23.7,   0.9, 0.100
2025-10-28 14:01:49,        0,  29.8,   2.4,  25.2,  0.952, -0.012,  0.000,4673087.0,  1,  23.7,   0.9, 0.100
2025-10-28 14:01:51,        0,  29.9,   2.7,  25.2,  0.937, -0.012,  0.000,4673427.8,  1,  23.7,   0.9, 0.099
2025-10-28 14:01:52,        0,  29.8,   2.4,  25.3,  2.765,  1.152,  0.004,4675875.3,  1,  23.7,   0.9, 0.097
2025-10-28 14:01:53,        0,  29.9,   2.6,  25.2,  1.407,  0.019,  0.000,4675908.4,  1,  23.6,   0.9, 0.097
2025-10-28 14:01:53,        0,  29.9,   2.6,  25.2,  1.278, -0.005,  0.000,4675904.2,  1,  23.7,   0.9, 0.098
2025-10-28 14:01:54,        0,  29.9,   2.6,  25.3,  1.187, -0.010,  0.000,4675895.4,  1,  23.7,   0.9, 0.099
2025-10-28 14:01:56,        0,  29.9,   2.7,  25.3,  1.142, -0.010,  0.000,4675883.2,  1,  23.7,   0.8, 0.100
2025-10-28 14:01:57,        0,  29.9,   2.6,  25.2,  4.600,  3.092,  0.016,4678501.7,  1,  23.7,   0.8, 0.100
2025-10-28 14:01:57,        0,  29.6,   1.7,  25.3,  1.473,  0.043,  0.000,4678590.6,  1,  23.7,   0.8, 0.103
2025-10-28 14:01:58,        0,  29.6,   1.9,  25.3,  1.295, -0.002,  0.000,4678589.3,  1,  23.7,   0.8, 0.102
2025-10-28 14:02:00,        0,  29.8,   2.4,  25.2,  1.198, -0.010,  0.000,4678578.0,  1,  23.7,   0.8, 0.101
2025-10-28 14:02:01,        0,  29.9,   2.6,  25.3,  1.154, -0.011,  0.000,77727001190.2,  1,  23.7,   0.8, 0.100
2025-10-28 14:02:01,        0,  29.8,   2.4,  25.2,  1.096, -0.011,  0.000,4678557.9,  1,  23.7,   0.8, 0.098
2025-10-28 14:02:02,        0,  29.8,   2.4,  25.2,  1.065, -0.012,  0.000,4678547.0,  1,  23.7,   0.8, 0.102
2025-10-28 14:02:04,        0,  29.7,   2.2,  25.2,  1.023, -0.012,  0.000,4678533.6,  1,  23.7,   0.8, 0.101
2025-10-28 14:02:05,        0,  29.9,   2.6,  25.2,  1.000, -0.011,  0.000,4678870.1,  1,  23.7,   0.8, 0.101
2025-10-28 14:02:05,        0,  29.7,   2.2,  25.2,  3.625,  2.072,  0.009,4680526.8,  1,  23.7,   0.8, 0.101
2025-10-28 14:02:07,        0,  29.8,   2.4,  25.2,  1.331,  0.005,  0.000,4680541.9,  1,  23.7,   0.8, 0.101
2025-10-28 14:02:08,        0,  29.7,   2.2,  25.2,  1.237, -0.007,  0.000,4680534.8,  1,  23.7,   0.8, 0.101
2025-10-28 14:02:08,        0,  29.9,   2.6,  25.2,  1.159, -0.010,  0.000,4680526.0,  1,  23.7,   0.8, 0.100
2025-10-28 14:02:09,        0,  29.7,   2.1,  25.2,  1.115, -0.011,  0.000,4680516.3,  1,  23.7,   0.8, 0.099
2025-10-28 14:02:11,        0,  29.8,   2.4,  25.2,  1.063, -0.011,  0.000,4680503.3,  1,  23.7,   0.8, 0.096
2025-10-28 14:02:12,        0,  29.9,   2.6,  25.3,  1.033, -0.011,  0.000,4680492.9,  1,  23.7,   0.8, 0.098
2025-10-28 14:02:12,        0,  29.9,   2.6,  25.2,  1.008, -0.012,  0.000,4680481.6,  1,  23.7,   0.9, 0.099
2025-10-28 14:02:13,        0,  29.9,   2.6,  25.2,  0.975, -0.011,  0.000,4680470.7,  1,  23.7,   0.8, 0.099
2025-10-28 14:02:15,        0,  29.8,   2.4,  25.2,  0.948, -0.012,  0.000,4680457.2,  1,  23.7,   0.9, 0.100
2025-10-28 14:02:16,        0,  29.8,   2.4,  25.2,  0.930, -0.011,  0.000,4680446.3,  1,  23.7,   0.9, 0.103
2025-10-28 14:02:17,        0,  29.9,   2.7,  25.2,  0.915, -0.012,  0.000,4680434.6,  1,  23.7,   0.9, 0.106
2025-10-28 14:02:17,        0,  29.9,   2.6,  25.2,  5.755,  4.367,  0.025,4683991.1,  1,  23.7,   0.9, 0.106
2025-10-28 14:02:18,        0,  29.6,   1.9,  25.2,  2.350,  0.749,  0.002,4685935.7,  1,  23.7,   0.9, 0.101
2025-10-28 14:02:20,        0,  29.7,   2.1,  25.2,  1.307,  0.001,  0.000,4685957.5,  1,  23.7,   0.9, 0.100
2025-10-28 14:02:21,        0,  29.6,   1.9,  25.2,  1.226, -0.007,  0.000,4685950.7,  1,  23.7,   0.9, 0.100
2025-10-28 14:02:21,        0,  29.7,   2.1,  25.2,  1.173, -0.009,  0.000,4685941.5,  1,  23.7,   0.9, 0.100
2025-10-28 14:02:22,        0,  29.6,   1.9,  25.2,  1.110, -0.010,  0.000,4685931.9,  1,  23.7,   1.0, 0.100
2025-10-28 14:02:24,        0,  29.6,   1.9,  25.2,  1.073, -0.010,  0.000,4685919.7,  1,  23.7,   0.9, 0.099
2025-10-28 14:02:25,        0,  29.7,   2.1,  25.2,  1.027, -0.011,  0.000,4685908.8,  1,  23.7,   1.0, 0.098
2025-10-28 14:02:26,        0,  29.6,   1.9,  25.2,  1.001, -0.011,  0.000,4685898.4,  1,  23.7,   1.0, 0.098
2025-10-28 14:02:26,        0,  29.6,   1.9,  25.2,  0.977, -0.011,  0.000,4685887.5,  1,  23.7,   1.0, 0.100
2025-10-28 14:02:27,        0,  29.6,   1.9,  25.3,  0.947, -0.011,  0.000,4685876.6,  1,  23.7,   1.0, 0.097
2025-10-28 14:02:29,        0,  29.7,   2.1,  25.2,  0.929, -0.012,  0.000,4685863.2,  1,  23.7,   1.0, 0.098
2025-10-28 14:02:30,        0,  29.6,   1.7,  25.2,  0.905, -0.011,  0.000,4685852.7,  1,  23.7,   1.0, 0.100
2025-10-28 14:02:30,        0,  29.7,   2.2,  25.2,  0.889, -0.011,  0.000,4685842.2,  1,  23.7,   1.0, 0.099
2025-10-28 14:02:32,        0,  29.6,   1.8,  25.3,  0.866, -0.011,  0.000,4685829.2,  1,  23.7,   1.0, 0.098
2025-10-28 14:02:33,        0,  29.7,   2.1,  25.2,  0.853, -0.011,  0.000,4685819.1,  1,  23.7,   1.0, 0.098
2025-10-28 14:02:33,        0,  29.6,   1.9,  25.2,  0.839, -0.011,  0.000,4685809.1,  1,  23.7,   1.0, 0.099
2025-10-28 14:02:34,        0,  29.8,   2.4,  25.2,  0.820, -0.011,  0.000,4685799.0,  1,  23.6,   1.0, 0.099
2025-10-28 14:02:36,        0,  29.7,   2.1,  25.2,  0.802, -0.010,  0.000,4685787.3,  1,  23.7,   1.0, 0.099
2025-10-28 14:02:37,        0,  29.7,   2.1,  25.2,  0.790, -0.010,  0.000,4685777.2,  1,  23.7,   1.0, 0.099
2025-10-28 14:02:37,        0,  29.8,   2.4,  25.2,  0.780, -0.010,  0.000,4685767.2,  1,  23.7,   1.0, 0.100
2025-10-28 14:02:38,        0,  29.7,   2.1,  25.2,  0.771, -0.010,  0.000,4685757.5,  1,  23.7,   1.0, 0.100
2025-10-28 14:02:40,        0,  29.7,   2.2,  25.2,  0.756, -0.010,  0.000,4685745.8,  1,  23.7,   1.0, 0.101
2025-10-28 14:02:41,        0,  29.8,   2.3,  25.2,  0.741, -0.010,  0.000,4685736.6,  1,  23.6,   1.0, 0.102
2025-10-28 14:02:42,        0,  29.7,   2.1,  25.2,  0.732, -0.010,  0.000,4685726.9,  1,  23.7,   1.0, 0.102
2025-10-28 14:02:42,        0,  29.7,   2.1,  25.2,  0.722, -0.009,  0.000,4685718.6,  1,  23.7,   1.0, 0.100
2025-10-28 14:02:43,        0,  29.7,   2.1,  25.2,  0.710, -0.010,  0.000,4685708.9,  1,  23.7,   1.0, 0.100
2025-10-28 14:02:45,        0,  29.7,   2.2,  25.2,  0.700, -0.009,  0.000,4685698.4,  1,  23.7,   1.0, 0.101
2025-10-28 14:02:46,        0,  29.8,   2.4,  25.2,  0.686, -0.009,  0.000,4685689.6,  1,  23.7,   1.0, 0.100
2025-10-28 14:02:46,        0,  29.7,   2.2,  25.2,  0.676, -0.009,  0.000,4685681.3,  1,  23.7,   1.0, 0.101
2025-10-28 14:02:47,        0,  29.8,   2.4,  25.2,  0.668, -0.008,  0.000,4685672.9,  1,  23.7,   1.0, 0.101
2025-10-28 14:02:49,        0,  29.8,   2.3,  25.2,  0.655, -0.009,  0.000,4685662.8,  1,  23.7,   1.0, 0.099
2025-10-28 14:02:50,        0,  29.8,   2.4,  25.2,  0.648, -0.009,  0.000,4685654.0,  1,  23.7,   1.0, 0.100
2025-10-28 14:02:51,        0,  29.7,   2.2,  25.2,  0.636, -0.008,  0.000,4685646.1,  1,  23.7,   1.0, 0.101
2025-10-28 14:02:51,        0,  29.8,   2.4,  25.2,  0.631, -0.008,  0.000,4685638.1,  1,  23.7,   1.0, 0.101
2025-10-28 14:02:52,        0,  29.9,   2.6,  25.2,  0.623, -0.009,  0.000,4685629.7,  1,  23.7,   1.0, 0.100
2025-10-28 14:02:54,        0,  29.8,   2.4,  25.2,  0.613, -0.008,  0.000,4685620.5,  1,  23.7,   1.0, 0.100
2025-10-28 14:02:55,        0,  29.8,   2.4,  25.2,  0.608, -0.009,  0.000,4685612.1,  1,  23.7,   1.0, 0.100
2025-10-28 14:02:55,        0,  29.9,   2.6,  25.2,  0.600, -0.008,  0.000,4685604.6,  1,  23.7,   1.0, 0.101
2025-10-28 14:02:57,        0,  29.9,   2.6,  25.2,  0.589, -0.007,  0.000,4685596.2,  1,  23.7,   1.0, 0.099
2025-10-28 14:02:58,        0,  29.9,   2.6,  25.2,  4.401,  3.344,  0.019,4687529.9,  1,  23.7,   1.0, 0.099
2025-10-28 14:02:58,        0,  29.7,   2.1,  25.2,  1.662,  0.203,  0.000,4688081.8,  1,  23.7,   1.0, 0.098
2025-10-28 14:02:59,        0,  29.6,   1.9,  25.2,  1.262,  0.008,  0.000,4688088.1,  1,  23.7,   1.0, 0.100
2025-10-28 14:03:01,        0,  29.7,   2.2,  25.2,  1.130, -0.007,  0.000,4688080.2,  1,  23.7,   0.9, 0.103
2025-10-28 14:03:02,        0,  29.7,   2.1,  25.2,  1.056, -0.008,  0.000,4688072.2,  1,  23.7,   1.0, 0.102
2025-10-28 14:03:03,        0,  29.7,   2.2,  25.2,  1.014, -0.009,  0.000,4688063.8,  1,  23.7,   1.0, 0.100
2025-10-28 14:03:03,        0,  29.8,   2.3,  25.2,  0.977, -0.009,  0.000,4688055.0,  1,  23.7,   0.9, 0.101
2025-10-28 14:03:05,        0,  29.7,   2.1,  25.2,  0.933, -0.010,  0.000,4688043.7,  1,  23.7,   0.9, 0.099
2025-10-28 14:03:06,        0,  29.7,   2.2,  25.2,  0.907, -0.010,  0.000,4688034.5,  1,  23.7,   0.9, 0.099
2025-10-28 14:03:07,        0,  29.7,   2.2,  25.2,  0.872, -0.010,  0.000,4688024.8,  1,  23.7,   0.9, 0.103
2025-10-28 14:03:07,        0,  29.7,   2.2,  25.2,  0.853, -0.010,  0.000,4688016.0,  1,  23.7,   0.9, 0.101
2025-10-28 14:03:09,        0,  29.7,   2.2,  25.2,  0.824, -0.010,  0.000,4688005.1,  1,  23.7,   0.9, 0.099
2025-10-28 14:03:10,        0,  29.8,   2.4,  25.2,  0.807, -0.009,  0.000,4687995.9,  1,  23.7,   0.9, 0.098
2025-10-28 14:03:11,        0,  29.7,   2.2,  25.2,  0.790, -0.009,  0.000,4687986.7,  1,  23.7,   0.9, 0.098
2025-10-28 14:03:11,        0,  29.8,   2.4,  25.2,  0.767, -0.009,  0.000,4687977.9,  1,  23.7,   0.9, 0.101
2025-10-28 14:03:12,        0,  29.7,   2.2,  25.2,  0.752, -0.009,  0.000,4687969.1,  1,  23.7,   0.9, 0.105
2025-10-28 14:03:14,        0,  29.8,   2.4,  25.2,  0.732, -0.009,  0.000,4687958.6,  1,  23.7,   0.9, 0.102
2025-10-28 14:03:15,        0,  29.8,   2.4,  25.2,  0.719, -0.009,  0.000,4687950.2,  1,  23.7,   1.0, 0.100
2025-10-28 14:03:15,        0,  29.4,   1.2,  25.2,  0.706, -0.009,  0.000,4687941.9,  1,  23.7,   1.0, 0.099
2025-10-28 14:03:16,        0,  29.8,   2.4,  25.2,  0.689, -0.009,  0.000,4687933.9,  1,  23.7,   1.0, 0.099
2025-10-28 14:03:18,        0,  29.8,   2.4,  25.2,  0.678, -0.009,  0.000,4687923.8,  1,  23.7,   1.0, 0.098
2025-10-28 14:03:19,        0,  29.8,   2.4,  25.2,  0.661, -0.009,  0.000,4687915.9,  1,  23.7,   1.0, 0.098
2025-10-28 14:03:19,        0,  29.8,   2.4,  25.2,  0.650, -0.008,  0.000,4687908.3,  1,  23.7,   1.0, 0.099
2025-10-28 14:03:20,        0,  29.8,   2.4,  25.2,  0.641, -0.009,  0.000,4687900.0,  1,  23.7,   1.0, 0.100
2025-10-28 14:03:22,        0,  29.7,   2.2,  25.2,  0.627, -0.008,  0.000,4687890.7,  1,  23.7,   1.0, 0.100
2025-10-28 14:03:23,        0,  29.8,   2.4,  25.2,  0.618, -0.008,  0.000,4687883.2,  1,  23.7,   1.0, 0.100
2025-10-28 14:03:23,        0,  29.9,   2.6,  25.2,  0.605, -0.007,  0.000,4687875.6,  1,  23.7,   0.9, 0.100
2025-10-28 14:03:24,        0,  29.8,   2.4,  25.2,  0.596, -0.008,  0.000,4687868.5,  1,  23.7,   1.0, 0.100
2025-10-28 14:03:26,        0,  29.8,   2.4,  25.2,  0.584, -0.007,  0.000,4687860.1,  1,  23.7,   1.0, 0.099
2025-10-28 14:03:27,        0,  29.9,   2.6,  25.2,  0.575, -0.007,  0.000,4687853.0,  1,  23.7,   1.0, 0.098
2025-10-28 14:03:27,        0,  29.8,   2.4,  25.2,  0.567, -0.007,  0.000,4687846.3,  1,  23.7,   1.0, 0.098
2025-10-28 14:03:28,        0,  29.8,   2.4,  25.2,  0.554, -0.007,  0.000,4687839.6,  1,  23.7,   1.0, 0.102
2025-10-28 14:03:30,        0,  29.9,   2.6,  25.1,  0.546, -0.007,  0.000,4687830.8,  1,  23.7,   1.0, 0.101
2025-10-28 14:03:31,        0,  29.9,   2.6,  25.2,  0.540, -0.007,  0.000,4687824.1,  1,  23.7,   1.0, 0.101
2025-10-28 14:03:31,        0,  29.9,   2.6,  25.1,  0.534, -0.007,  0.000,4687817.4,  1,  23.7,   1.0, 0.101
2025-10-28 14:03:32,        0,  29.9,   2.6,  25.2,  0.526, -0.007,  0.000,4687810.7,  1,  23.7,   1.0, 0.100
2025-10-28 14:03:34,        0,  29.9,   2.7,  25.2,  0.516, -0.007,  0.000,4687803.1,  1,  23.7,   1.0, 0.099
2025-10-28 14:03:35,        0,  29.8,   2.4,  25.2,  2.041,  0.641,  0.002,4689504.3,  1,  23.7,   1.0, 0.098
2025-10-28 14:03:36,        0,  29.5,   1.6,  25.2,  1.200,  0.017,  0.000,4689533.6,  1,  23.7,   1.0, 0.098
2025-10-28 14:03:36,        0,  29.6,   1.8,  25.2,  1.080, -0.003,  0.000,4689531.5,  1,  23.7,   1.0, 0.098
2025-10-28 14:03:38,        0,  29.7,   2.2,  25.2,  0.993, -0.007,  0.000,4689523.5,  1,  23.7,   1.0, 0.100
2025-10-28 14:03:39,        0,  29.7,   2.1,  25.2,  0.949, -0.008,  0.000,4689516.0,  1,  23.7,   1.0, 0.100
2025-10-28 14:03:40,        0,  29.8,   2.4,  25.2,  0.894, -0.008,  0.000,4689508.4,  1,  23.7,   1.0, 0.100
2025-10-28 14:03:40,        0,  29.8,   2.3,  25.2,  0.862, -0.009,  0.000,4689500.5,  1,  23.7,   1.0, 0.101
2025-10-28 14:03:41,        0,  29.8,   2.4,  25.2,  0.835, -0.008,  0.000,4689492.1,  1,  23.7,   1.0, 0.100
2025-10-28 14:03:43,        0,  29.7,   2.1,  25.2,  0.802, -0.009,  0.000,4689482.0,  1,  23.7,   1.0, 0.100
2025-10-28 14:03:44,        0,  29.9,   2.6,  25.2,  0.782, -0.009,  0.000,4689473.7,  1,  23.7,   1.0, 0.108
2025-10-28 14:03:44,        0,  29.8,   2.4,  25.2,  0.754, -0.009,  0.000,4689465.7,  1,  23.7,   1.0, 0.105
2025-10-28 14:03:45,        0,  29.8,   2.4,  25.1,  0.738, -0.009,  0.000,4689456.9,  1,  23.7,   1.0, 0.101
2025-10-28 14:03:47,        0,  29.7,   2.2,  25.1,  0.715, -0.008,  0.000,4689447.3,  1,  23.7,   1.0, 0.098
2025-10-28 14:03:48,        0,  29.7,   2.2,  25.2,  0.701, -0.008,  0.000,4689439.7,  1,  23.7,   1.0, 0.099
2025-10-28 14:03:48,        0,  29.8,   2.4,  25.2,  0.686, -0.008,  0.000,4689431.7,  1,  23.7,   1.0, 0.100
2025-10-28 14:03:49,        0,  29.8,   2.3,  25.1,  0.667, -0.008,  0.000,4689424.6,  1,  23.7,   1.0, 0.099
2025-10-28 14:03:51,        0,  29.8,   2.4,  25.1,  0.655, -0.008,  0.000,4689415.0,  1,  23.7,   0.9, 0.098
2025-10-28 14:03:52,        0,  29.8,   2.4,  25.2,  0.637, -0.008,  0.000,4689407.4,  1,  23.7,   1.0, 0.099
2025-10-28 14:03:52,        0,  29.8,   2.4,  25.2,  0.627, -0.008,  0.000,4689399.9,  1,  23.7,   0.9, 0.099
2025-10-28 14:03:53,        0,  29.7,   2.2,  25.2,  0.616, -0.008,  0.000,4689392.8,  1,  23.7,   0.9, 0.101
2025-10-28 14:03:55,        0,  29.8,   2.4,  25.2,  0.602, -0.007,  0.000,4689384.0,  1,  23.7,   0.9, 0.101
2025-10-28 14:03:56,        0,  29.7,   2.2,  25.1,  0.587, -0.007,  0.000,4689376.4,  1,  23.7,   0.9, 0.100
2025-10-28 14:03:56,        0,  29.9,   2.6,  25.2,  0.577, -0.007,  0.000,4689369.7,  1,  23.7,   0.9, 0.100
2025-10-28 14:03:57,        0,  29.7,   2.2,  25.2,  0.569, -0.007,  0.000,4689362.2,  1,  23.7,   0.9, 0.099
2025-10-28 14:03:58,        0,  29.8,   2.4,  25.2,  0.556, -0.007,  0.000,4689355.5,  1,  23.7,   0.9, 0.098
2025-10-28 14:04:00,        0,  29.8,   2.4,  25.2,  0.548, -0.007,  0.000,4689347.9,  1,  23.7,   0.9, 0.098
2025-10-28 14:04:01,        0,  29.8,   2.4,  25.2,  0.536, -0.007,  0.000,4689340.4,  1,  23.7,   0.9, 0.101
2025-10-28 14:04:02,        0,  29.7,   2.1,  25.1,  0.528, -0.006,  0.000,4689334.9,  1,  23.8,   0.9, 0.101
2025-10-28 14:04:02,        0,  29.8,   2.4,  25.1,  0.521, -0.007,  0.000,4689327.8,  1,  23.8,   0.9, 0.099
2025-10-28 14:04:03,        0,  29.8,   2.4,  25.1,  0.512, -0.007,  0.000,4689321.1,  1,  23.7,   0.9, 0.100
2025-10-28 14:04:05,        0,  29.9,   2.6,  25.2,  0.506, -0.007,  0.000,4689313.6,  1,  23.8,   0.9, 0.101
2025-10-28 14:04:06,        0,  29.8,   2.3,  25.2,  0.497, -0.007,  0.000,4689306.9,  1,  23.7,   0.9, 0.100
2025-10-28 14:04:06,        0,  29.8,   2.4,  25.2,  0.491, -0.007,  0.000,4689300.6,  1,  23.7,   0.9, 0.100
2025-10-28 14:04:07,        0,  29.8,   2.4,  25.1,  0.484, -0.006,  0.000,4689294.3,  1,  23.7,   0.9, 0.104
2025-10-28 14:04:09,        0,  29.7,   2.2,  25.1,  0.478, -0.007,  0.000,4689286.7,  1,  23.7,   0.9, 0.099
2025-10-28 14:04:10,        0,  29.8,   2.4,  25.2,  0.470, -0.006,  0.000,4689280.5,  1,  23.7,   0.9, 0.098
2025-10-28 14:04:10,        0,  29.8,   2.4,  25.1,  0.464, -0.006,  0.000,4689274.6,  1,  23.7,   0.9, 0.098
2025-10-28 14:04:11,        0,  29.8,   2.4,  25.2,  0.460, -0.007,  0.000,4689268.7,  1,  23.7,   0.9, 0.099
2025-10-28 14:04:13,        0,  29.8,   2.4,  25.1,  0.454, -0.006,  0.000,4689260.8,  1,  23.7,   0.9, 0.105
2025-10-28 14:04:14,        0,  29.8,   2.4,  25.1,  0.451, -0.006,  0.000,4689255.3,  1,  23.7,   0.9, 0.102
2025-10-28 14:04:14,        0,  29.8,   2.4,  25.1,  0.445, -0.006,  0.000,4689249.9,  1,  23.7,   0.9, 0.099
2025-10-28 14:04:16,        0,  29.8,   2.4,  25.1,  0.439, -0.006,  0.000,4689242.7,  1,  23.8,   0.9, 0.099
2025-10-28 14:04:17,        0,  29.8,   2.4,  25.2,  0.435, -0.006,  0.000,4689237.3,  1,  23.7,   0.9, 0.103
2025-10-28 14:04:18,        0,  29.8,   2.4,  25.2,  0.431, -0.005,  0.000,4689231.8,  1,  23.7,   0.9, 0.098
2025-10-28 14:04:18,        0,  29.9,   2.6,  25.1,  0.426, -0.006,  0.000,4689226.0,  1,  23.7,   0.9, 0.104
2025-10-28 14:04:19,        0,  29.9,   2.6,  25.2,  0.420, -0.006,  0.000,4689220.5,  1,  23.7,   0.9, 0.105
2025-10-28 14:04:21,        0,  29.8,   2.4,  25.2,  0.416, -0.006,  0.000,4689213.4,  1,  23.7,   1.0, 0.102
2025-10-28 14:04:22,        0,  29.8,   2.4,  25.2,  0.413, -0.006,  0.000,4689208.0,  1,  23.7,   0.9, 0.101
2025-10-28 14:04:22,        0,  29.8,   2.4,  25.2,  0.411, -0.005,  0.000,4689202.5,  1,  23.7,   0.9, 0.100
2025-10-28 14:04:23,        0,  29.9,   2.6,  25.1,  0.406, -0.005,  0.000,4689197.5,  1,  23.7,   0.9, 0.099
2025-10-28 14:04:25,        0,  29.9,   2.6,  25.2,  0.402, -0.005,  0.000,4689190.8,  1,  23.7,   0.9, 0.100
2025-10-28 14:04:26,        0,  29.9,   2.6,  25.2,  0.398, -0.005,  0.000,4689186.2,  1,  23.7,   0.9, 0.100
2025-10-28 14:04:27,        0,  29.8,   2.4,  25.2,  0.392, -0.005,  0.000,4689180.7,  1,  23.7,   0.9, 0.102
2025-10-28 14:04:27,        0,  29.9,   2.6,  25.2,  0.389, -0.005,  0.000,4689176.1,  1,  23.7,   1.0, 0.101
2025-10-28 14:04:28,        0,  29.9,   2.8,  25.2,  0.387, -0.005,  0.000,4689170.7,  1,  23.7,   0.9, 0.100
2025-10-28 14:04:30,        0,  29.8,   2.4,  25.1,  1.683,  0.353,  0.001,4690395.7,  1,  23.7,   0.9, 0.099
2025-10-28 14:04:31,        0,  29.9,   2.6,  25.2,  1.119,  0.013,  0.000,4690405.7,  1,  23.7,   0.9, 0.100
2025-10-28 14:04:31,        0,  29.7,   2.2,  25.1,  0.979, -0.005,  0.000,4690402.0,  1,  23.7,   0.9, 0.099
2025-10-28 14:04:32,        0,  29.7,   2.1,  25.1,  0.928, -0.006,  0.000,4690396.5,  1,  23.7,   0.9, 0.099
2025-10-28 14:04:34,        0,  29.8,   2.4,  25.2,  0.867, -0.007,  0.000,4690388.1,  1,  23.7,   0.9, 0.098
2025-10-28 14:04:35,        0,  29.8,   2.4,  25.2,  0.833, -0.007,  0.000,4690381.0,  1,  23.7,   0.9, 0.098
2025-10-28 14:04:35,        0,  29.8,   2.4,  25.2,  0.804, -0.008,  0.000,4690373.9,  1,  23.7,   0.9, 0.098
2025-10-28 14:04:36,        0,  29.8,   2.4,  25.2,  0.767, -0.008,  0.000,4690365.9,  1,  23.7,   0.9, 0.098
2025-10-28 14:04:38,        0,  29.8,   2.4,  25.1,  0.737, -0.008,  0.000,4690356.3,  1,  23.8,   0.9, 0.099
2025-10-28 14:04:39,        0,  29.8,   2.4,  25.1,  0.719, -0.008,  0.000,4690349.1,  1,  23.7,   0.9, 0.099
2025-10-28 14:04:39,        0,  29.7,   2.1,  25.1,  0.701, -0.008,  0.000,4690341.2,  1,  23.8,   0.9, 0.099
2025-10-28 14:04:41,        0,  29.8,   2.4,  25.1,  0.678, -0.008,  0.000,4690332.0,  1,  23.8,   0.9, 0.099
2025-10-28 14:04:42,        0,  29.7,   2.2,  25.2,  0.664, -0.008,  0.000,4690324.8,  1,  23.7,   0.9, 0.099
2025-10-28 14:04:42,        0,  29.8,   2.4,  25.1,  0.643, -0.007,  0.000,4690317.3,  1,  23.7,   0.9, 0.100
2025-10-28 14:04:43,        0,  29.8,   2.4,  25.1,  0.631, -0.007,  0.000,4690310.2,  1,  23.8,   0.9, 0.100
2025-10-28 14:04:45,        0,  29.8,   2.4,  25.2,  0.613, -0.007,  0.000,4690301.4,  1,  23.7,   0.9, 0.100
2025-10-28 14:04:46,        0,  29.7,   2.2,  25.1,  0.602, -0.007,  0.000,4690294.2,  1,  23.7,   0.9, 0.100
2025-10-28 14:04:47,        0,  29.8,   2.4,  25.1,  0.590, -0.007,  0.000,4690287.5,  1,  23.8,   0.9, 0.100
2025-10-28 14:04:47,        0,  29.9,   2.6,  25.1,  0.575, -0.007,  0.000,4690280.4,  1,  23.8,   0.9, 0.100
2025-10-28 14:04:48,        0,  29.9,   2.6,  25.2,  0.565, -0.007,  0.000,4690273.7,  1,  23.8,   0.9, 0.100
2025-10-28 14:04:50,        0,  29.8,   2.4,  25.2,  0.551, -0.007,  0.000,4690265.3,  1,  23.8,   0.9, 0.100
2025-10-28 14:04:51,        0,  29.8,   2.4,  25.1,  0.543, -0.007,  0.000,4690259.0,  1,  23.8,   0.9, 0.100
2025-10-28 14:04:51,        0,  29.8,   2.4,  25.1,  0.534, -0.007,  0.000,4690252.3,  1,  23.8,   0.9, 0.100
2025-10-28 14:04:52,        0,  29.8,   2.4,  25.1,  0.522, -0.007,  0.000,4690246.1,  1,  23.7,   0.9, 0.100
2025-10-28 14:04:54,        0,  29.7,   2.2,  25.2,  0.515, -0.007,  0.000,4690238.1,  1,  23.8,   0.9, 0.101
2025-10-28 14:04:55,        0,  29.7,   2.2,  25.1,  0.505, -0.006,  0.000,4690231.8,  1,  23.7,   0.9, 0.100
2025-10-28 14:04:56,        0,  29.8,   2.4,  25.2,  0.497, -0.006,  0.000,4690225.9,  1,  23.8,   0.9, 0.100
2025-10-28 14:04:56,        0,  29.8,   2.4,  25.1,  0.491, -0.007,  0.000,4690219.2,  1,  23.8,   0.9, 0.100
2025-10-28 14:04:57,        0,  29.8,   2.3,  25.2,  0.481, -0.006,  0.000,4690213.8,  1,  23.8,   0.9, 0.100
2025-10-28 14:04:59,        0,  29.7,   2.2,  25.1,  0.472, -0.007,  0.000,4690206.7,  1,  23.7,   0.9, 0.100
2025-10-28 14:05:00,        0,  29.8,   2.4,  25.1,  0.466, -0.006,  0.000,4690200.8,  1,  23.8,   0.9, 0.100
2025-10-28 14:05:00,        0,  29.8,   2.4,  25.2,  0.460, -0.006,  0.000,4690194.9,  1,  23.8,   0.9, 0.100
