Time, Cnts,  %T, set_Cell[mA], Cell[°C], Cell[Volt], Cell[mA], Cell[W], Cell[uAs], Cell_ON, Env[°C], TEC[°C], N2Flow[slpm]
2025-10-29 15:46:26,        0,  29.8,   2.3,  25.8,  0.307, -0.005,  0.000,     -4.9,  1,  24.2,   1.0, 0.100
2025-10-29 15:46:27,        0,  29.7,   2.2,  25.8,  0.305, -0.005,  0.000,     -8.9,  1,  24.2,   1.0, 0.100
2025-10-29 15:46:28,        0,  29.8,   2.5,  25.8,  0.302, -0.004,  0.000,    -12.9,  1,  24.2,   1.0, 0.100
2025-10-29 15:46:29,        0,  29.8,   2.3,  25.8,  0.298, -0.005,  0.000,    -17.7,  1,  24.2,   1.0, 0.098
2025-10-29 15:46:30,        0,  29.8,   2.3,  25.8,  0.296, -0.004,  0.000,    -21.5,  1,  24.3,   1.0, 0.097
2025-10-29 15:46:31,        0,  29.8,   2.5,  25.8,  0.294, -0.004,  0.000,    -25.5,  1,  24.2,   1.0, 0.097
2025-10-29 15:46:32,        0,  29.8,   2.5,  25.8,  0.291, -0.004,  0.000,    -30.0,  1,  24.2,   1.0, 0.097
2025-10-29 15:46:33,        0,  29.8,   2.3,  25.8,  0.290, -0.004,  0.000,    -34.0,  1,  24.2,   1.0, 0.096
2025-10-29 15:46:34,        0,  29.8,   2.5,  25.8,  0.288, -0.004,  0.000,    -37.8,  1,  24.3,   1.0, 0.096
2025-10-29 15:46:35,        0,  29.8,   2.5,  25.8,  0.284, -0.003,  0.000,    -41.2,  1,  24.3,   1.0, 0.097
2025-10-29 15:46:36,        0,  29.8,   2.5,  25.8,  0.283, -0.004,  0.000,    -45.5,  1,  24.2,   1.0, 0.097
2025-10-29 15:46:37,        0,  29.8,   2.3,  25.8,  0.280, -0.004,  0.000,    -49.2,  1,  24.2,   1.0, 0.097
2025-10-29 15:46:38,        0,  29.8,   2.4,  25.8,  0.278, -0.004,  0.000,    -52.9,  1,  24.3,   1.0, 0.097
2025-10-29 15:46:39,        0,  29.8,   2.5,  25.8,  0.276, -0.003,  0.000,    -56.4,  1,  24.3,   1.0, 0.097
2025-10-29 15:46:40,        0,  29.8,   2.3,  25.8,  0.273, -0.004,  0.000,    -60.9,  1,  24.3,   1.0, 0.097
2025-10-29 15:46:41,        0,  29.8,   2.5,  25.8,  0.272, -0.003,  0.000,    -64.4,  1,  24.3,   1.0, 0.098
2025-10-29 15:46:42,        0,  30.0,   3.0,  25.8,  0.269, -0.004,  0.000,     67.2,  1,  24.3,   1.0, 0.098
2025-10-29 15:46:43,        0,  30.0,   3.0,  25.8,  6.192,  4.353,  0.027,   4199.7,  1,  24.3,   1.0, 0.098
2025-10-29 15:46:44,        0,  29.6,   1.8,  25.8,  6.124,  4.289,  0.026,   8809.9,  1,  24.3,   1.0, 0.099
2025-10-29 15:46:45,        0,  30.4,   4.2,  25.8,  5.540,  3.784,  0.024,  12098.7,  1,  24.2,   1.0, 0.099
2025-10-29 15:46:46,        0,  30.6,   4.9,  25.8,  7.670,  5.726,  0.044,  17439.4,  1,  24.2,   1.0, 0.099
2025-10-29 15:46:47,        0,  31.0,   6.0,  25.8,  9.512,  7.441,  0.071,  24105.0,  1,  24.3,   1.0, 0.099
2025-10-29 15:46:48,        0,  31.2,   6.7,  25.8, 10.922,  8.769,  0.096,  34069.6,  1,  24.2,   1.0, 0.103
2025-10-29 15:46:49,        0,  32.4,  10.1,  25.7, 12.342, 10.098,  0.125,  43447.8,  1,  24.2,   1.0, 0.107
2025-10-29 15:46:50,        0,  33.2,  12.6,  25.8, 13.803, 11.480,  0.159,  55170.5,  1,  24.3,   1.0, 0.174
2025-10-29 15:46:51,        0,  33.2,  12.6,  25.8, 15.630, 13.211,  0.207,  68991.9,  1,  24.2,   1.0, 0.108
2025-10-29 15:46:52,        0,  33.9,  14.6,  25.7, 21.080, 18.376,  0.388,  88953.8,  1,  24.2,   0.9, 0.099
2025-10-29 15:46:53,        0,  35.3,  19.0,  25.7, 24.435, 21.603,  0.528, 108072.6,  1,  24.2,   0.9, 0.099
2025-10-29 15:46:54,        0,  36.6,  22.8,  25.7, 23.447, 20.710,  0.488, 128599.8,  1,  24.2,   0.9, 0.099
2025-10-29 15:46:55,        0,  36.7,  23.0,  25.7, 27.975, 25.090,  0.702, 153024.1,  1,  24.2,   0.9, 0.099
2025-10-29 15:46:56,        0,  37.4,  25.2,  25.7, 29.985, 27.127,  0.814, 184258.2,  1,  24.2,   0.9, 0.099
2025-10-29 15:46:57,        0,  38.7,  29.0,  25.8, 29.767, 26.989,  0.807, 210971.5,  1,  24.2,   0.9, 0.099
2025-10-29 15:46:58,        0,  36.4,  22.3,  25.7, 32.953, 30.210,  0.996, 239426.4,  1,  24.2,   0.9, 0.099
2025-10-29 15:46:59,        0,  40.0,  33.1,  25.8, 30.956, 28.303,  0.886, 266391.6,  1,  24.2,   0.9, 0.099
2025-10-29 15:47:00,        0,  39.5,  31.4,  25.7, 36.855, 34.291,  1.267, 306084.8,  1,  24.2,   0.9, 0.100
2025-10-29 15:47:01,        0,  40.1,  33.2,  25.8, 38.594, 36.138,  1.396, 340178.8,  1,  24.2,   0.9, 0.099
2025-10-29 15:47:02,        0,  41.0,  36.1,  25.8, 31.884, 29.652,  0.956, 369669.9,  1,  24.2,   0.9, 0.100
2025-10-29 15:47:03,        0,  38.7,  29.2,  25.8, 35.949, 33.819,  1.219, 410719.9,  1,  24.2,   0.8, 0.100
2025-10-29 15:47:04,        0,  36.5,  22.5,  25.7, 34.599, 32.484,  1.125, 442448.9,  1,  24.2,   0.9, 0.100
2025-10-29 15:47:05,        0,  40.1,  33.4,  25.8, 37.732, 35.646,  1.346, 472956.3,  1,  24.2,   0.9, 0.100
2025-10-29 15:47:06,        0,  39.0,  30.1,  25.8, 45.931, 44.050,  2.028, 512217.5,  1,  24.2,   0.9, 0.108
2025-10-29 15:47:07,        0,  40.7,  35.2,  25.7, 38.397, 36.682,  1.417, 555955.7,  1,  24.2,   0.9, 0.106
2025-10-29 15:47:08,        0,  39.6,  31.9,  25.7, 42.019, 40.460,  1.700, 593563.8,  1,  24.2,   0.9, 0.098
2025-10-29 15:47:09,        0,  39.8,  32.5,  25.8, 38.421, 36.927,  1.419, 628284.9,  1,  24.2,   0.9, 0.100
2025-10-29 15:47:10,        0,  41.3,  36.9,  25.8, 37.181, 35.725,  1.331, 661854.5,  1,  24.2,   0.9, 0.100
2025-10-29 15:47:11,        0,  35.9,  20.7,  25.8, 29.691, 28.179,  0.837, 700971.2,  1,  24.2,   0.9, 0.100
2025-10-29 15:47:12,        0,  36.2,  21.5,  25.8, 35.239, 33.709,  1.190, 729436.7,  1,  24.2,   0.9, 0.099
2025-10-29 15:47:13,        0,  39.4,  31.2,  25.8, 30.237, 28.588,  0.866, 756189.9,  1,  24.2,   0.9, 0.099
2025-10-29 15:47:14,        0,  37.8,  26.5,  25.8, 34.105, 32.494,  1.114, 784517.1,  1,  24.2,   0.9, 0.099
2025-10-29 15:47:15,        0,  38.3,  27.9,  25.8, 33.033, 31.362,  1.037, 820392.4,  1,  24.2,   0.9, 0.100
2025-10-29 15:47:16,        0,  37.7,  26.0,  25.8, 27.846, 26.131,  0.730, 847342.3,  1,  24.2,   0.9, 0.100
2025-10-29 15:47:17,        0,  38.1,  27.2,  25.8, 27.156, 25.411,  0.690, 872712.2,  1,  24.1,   0.8, 0.100
2025-10-29 15:47:18,        0,  36.4,  22.3,  25.8, 31.539, 29.813,  0.941, 900009.3,  1,  24.2,   0.8, 0.100
2025-10-29 15:47:19,        0,  38.0,  27.0,  25.8, 26.687, 24.866,  0.667, 930057.1,  1,  24.2,   0.8, 0.100
2025-10-29 15:47:20,        0,  38.0,  27.0,  25.8, 33.569, 31.760,  1.066, 960152.8,  1,  24.2,   0.8, 0.100
2025-10-29 15:47:21,        0,  37.3,  25.0,  25.8, 32.979, 31.209,  1.030, 988559.6,  1,  24.2,   0.8, 0.100
2025-10-29 15:47:22,        0,  36.1,  21.3,  25.8, 29.388, 27.610,  0.819,1022176.7,  1,  24.2,   0.8, 0.100
2025-10-29 15:47:23,        0,  37.6,  25.7,  25.8, 33.443, 31.653,  1.059,1047797.7,  1,  24.2,   0.8, 0.100
2025-10-29 15:47:24,        0,  36.9,  23.6,  25.8, 35.986, 34.264,  1.234,1078049.8,  1,  24.2,   0.8, 0.100
2025-10-29 15:47:25,        0,  36.6,  22.8,  25.8, 26.305, 24.503,  0.645,1101841.2,  1,  24.2,   0.8, 0.100
2025-10-29 15:47:26,        0,  37.3,  24.9,  25.8, 32.710, 30.889,  1.017,1134880.0,  1,  24.2,   0.8, 0.100
2025-10-29 15:47:27,        0,  39.0,  30.0,  25.8, 29.629, 27.805,  0.826,1161953.6,  1,  24.1,   0.9, 0.100
2025-10-29 15:47:28,        0,  38.6,  28.7,  25.8, 32.419, 30.651,  1.002,1189817.9,  1,  24.2,   0.9, 0.100
2025-10-29 15:47:29,        0,  37.4,  25.2,  25.8, 30.015, 28.223,  0.863,1223958.3,  1,  24.2,   0.9, 0.100
2025-10-29 15:47:30,        0,  37.2,  24.5,  25.8, 30.048, 21.714,  0.519,1248349.1,  1,  24.2,   0.9, 0.100
2025-10-29 15:47:31,        0,  37.2,  24.7,  25.8, 29.310, 27.474,  0.805,1274579.5,  1,  24.2,   0.9, 0.100
2025-10-29 15:47:32,        0,  40.3,  33.9,  25.8, 30.559, 28.715,  0.878,1302058.7,  1,  24.2,   0.9, 0.100
2025-10-29 15:47:33,        0,  37.8,  26.4,  25.8, 35.708, 33.977,  1.215,1342164.1,  1,  24.2,   0.9, 0.100
2025-10-29 15:47:34,        0,  38.6,  28.9,  25.8, 31.426, 29.720,  0.935,1370448.9,  1,  24.2,   0.9, 0.100
2025-10-29 15:47:35,        0,  37.7,  26.2,  25.8, 33.373, 31.702,  1.062,1400049.1,  1,  24.1,   0.9, 0.100
2025-10-29 15:47:36,        0,  39.1,  30.2,  25.8, 33.176, 31.525,  1.048,1429564.3,  1,  24.1,   0.9, 0.100
2025-10-29 15:47:37,        0,  37.6,  25.7,  25.8, 31.353, 29.698,  0.932,1465278.6,  1,  24.2,   0.9, 0.100
2025-10-29 15:47:38,        0,  39.7,  32.1,  25.8, 37.485, 35.912,  1.347,1497306.1,  1,  24.1,   0.9, 0.100
2025-10-29 15:47:39,        0,  39.3,  30.9,  25.8, 34.605, 33.027,  1.147,1530546.9,  1,  24.1,   0.9, 0.100
2025-10-29 15:47:40,        0,  39.2,  30.5,  25.8, 36.963, 35.476,  1.313,1563346.1,  1,  24.1,   0.9, 0.100
2025-10-29 15:47:41,        0,  40.7,  35.1,  25.8, 39.384, 37.980,  1.500,1599193.5,  1,  24.1,   0.9, 0.100
2025-10-29 15:47:42,        0,  41.7,  38.1,  25.8, 40.194, 38.945,  1.566,1644274.4,  1,  24.1,   0.9, 0.100
2025-10-29 15:47:43,        0,  41.6,  37.9,  25.8, 36.235, 34.944,  1.267,1680397.2,  1,  24.1,   0.9, 0.100
2025-10-29 15:47:44,        0,  40.8,  35.3,  25.8, 40.087, 38.946,  1.578,1717002.1,  1,  24.1,   0.9, 0.100
2025-10-29 15:47:45,        0,  42.4,  40.1,  25.8, 41.918, 40.843,  1.715,1754736.4,  1,  24.1,   0.9, 0.100
2025-10-29 15:47:46,        0,  40.6,  34.9,  25.8, 46.146, 45.462,  2.098,1807171.2,  1,  24.1,   0.8, 0.100
2025-10-29 15:47:47,        0,  41.9,  38.8,  25.8, 40.877, 40.263,  1.655,1845593.2,  1,  24.1,   0.8, 0.100
2025-10-29 15:47:48,        0,  41.5,  37.4,  25.8, 45.823, 45.533,  2.087,1887516.8,  1,  24.1,   0.8, 0.100
2025-10-29 15:47:49,        0,  41.9,  38.8,  25.8, 48.050, 48.001,  2.314,1931535.6,  1,  24.1,   0.9, 0.100
2025-10-29 15:47:50,        0,  40.6,  34.7,  25.8, 47.515, 47.722,  2.268,1983703.3,  1,  24.1,   0.8, 0.100
2025-10-29 15:47:51,        0,  42.9,  41.6,  25.8, 40.848, 40.731,  1.666,2022079.4,  1,  24.1,   0.9, 0.100
2025-10-29 15:47:52,        0,  44.3,  45.8,  25.8, 45.144, 45.364,  2.049,2066725.2,  1,  24.1,   0.9, 0.100
2025-10-29 15:47:53,        0,  42.9,  41.8,  25.8, 51.245, 52.043,  2.667,2115412.1,  1,  24.1,   0.9, 0.100
2025-10-29 15:47:54,        0,  45.4,  49.2,  25.8, 43.619, 44.026,  1.934,2166195.8,  1,  24.1,   0.8, 0.100
2025-10-29 15:47:55,        0,  41.2,  36.6,  25.8, 34.391, 34.331,  1.201,2205750.6,  1,  24.1,   0.8, 0.100
2025-10-29 15:47:56,        0,  42.7,  41.0,  25.8, 43.523, 43.959,  1.918,2247971.5,  1,  24.1,   0.8, 0.100
2025-10-29 15:47:57,        0,  42.2,  39.6,  25.8, 40.024, 40.282,  1.618,2287241.8,  1,  24.1,   0.9, 0.100
2025-10-29 15:47:58,        0,  41.1,  36.3,  25.8, 41.284, 41.615,  1.721,2338370.6,  1,  24.1,   0.9, 0.100
2025-10-29 15:47:59,        0,  42.9,  41.8,  25.8, 44.835, 45.338,  2.034,2380285.9,  1,  24.1,   0.8, 0.100
2025-10-29 15:48:00,        0,  41.5,  37.6,  25.9, 43.388, 43.760,  1.903,2423239.2,  1,  24.1,   0.9, 0.100
2025-10-29 15:48:01,        0,  42.1,  39.3,  25.9, 41.792, 42.124,  1.761,2461746.3,  1,  24.1,   0.8, 0.100
2025-10-29 15:48:02,        0,  41.4,  37.1,  25.9, 46.663, 47.360,  2.212,2516090.2,  1,  24.1,   0.9, 0.100
2025-10-29 15:48:03,        0,  41.5,  37.4,  25.9, 38.742, 38.950,  1.518,2553421.3,  1,  24.1,   0.8, 0.100
2025-10-29 15:48:04,        0,  40.1,  33.2,  25.8, 46.652, 47.457,  2.225,2596013.1,  1,  24.1,   0.9, 0.100
2025-10-29 15:48:05,        0,  40.1,  33.2,  25.9, 38.847, 39.145,  1.521,2632114.4,  1,  24.1,   0.9, 0.100
2025-10-29 15:48:06,        0,  43.5,  43.5,  25.9, 48.571, 49.483,  2.404,2683591.0,  1,  24.1,   0.9, 0.100
2025-10-29 15:48:07,        0,  43.6,  43.7,  25.9, 44.515, 45.339,  2.023,2726879.1,  1,  24.1,   0.9, 0.100
2025-10-29 15:48:08,        0,  40.4,  34.3,  25.9, 34.316, 34.427,  1.188,2765937.5,  1,  24.1,   0.9, 0.100
2025-10-29 15:48:09,        0,  36.0,  21.0,  25.9, 37.154, 37.346,  1.393,2801748.8,  1,  24.1,   0.9, 0.100
2025-10-29 15:48:10,        0,  41.7,  38.0,  25.9, 45.017, 45.524,  2.050,2845212.5,  1,  24.1,   0.9, 0.100
2025-10-29 15:48:11,        0,  42.7,  41.1,  26.0, 43.403, 43.898,  1.905,2886161.9,  1,  24.1,   0.9, 0.100
2025-10-29 15:48:12,        0,  42.8,  41.4,  25.9, 41.322, 41.735,  1.728,2927338.4,  1,  24.1,   0.9, 0.100
2025-10-29 15:48:13,        0,  41.8,  38.4,  26.0, 44.002, 44.597,  1.968,2967754.9,  1,  24.1,   0.9, 0.100
2025-10-29 15:48:14,        0,  35.8,  20.3,  25.9, 42.709, 43.294,  1.851,3016075.5,  1,  24.1,   0.9, 0.100
2025-10-29 15:48:15,        0,  38.7,  29.0,  25.9, 30.817, 30.439,  0.965,3044575.7,  1,  24.1,   1.0, 0.100
2025-10-29 15:48:16,        0,  42.8,  41.4,  25.9, 40.265, 40.339,  1.627,3081144.9,  1,  24.1,   0.9, 0.100
2025-10-29 15:48:17,        0,  38.7,  29.2,  26.0, 41.491, 41.717,  1.745,3120954.3,  1,  24.1,   0.9, 0.100
2025-10-29 15:48:18,        0,  42.5,  40.4,  26.0, 43.138, 43.373,  1.872,3167553.9,  1,  24.1,   1.0, 0.100
2025-10-29 15:48:19,        0,  42.6,  40.8,  26.0, 42.050, 42.282,  1.782,3205929.8,  1,  24.1,   1.0, 0.100
2025-10-29 15:48:20,        0,  39.9,  32.6,  25.9, 37.767, 37.763,  1.428,3244121.3,  1,  24.1,   1.0, 0.100
2025-10-29 15:48:21,        0,  38.8,  29.5,  26.0, 34.468, 34.246,  1.180,3277659.8,  1,  24.1,   1.0, 0.100
2025-10-29 15:48:22,        0,  37.7,  26.0,  26.0, 39.129, 39.123,  1.536,3319763.0,  1,  24.1,   1.0, 0.100
2025-10-29 15:48:23,        0,  39.3,  31.0,  26.0, 33.033, 32.605,  1.077,3349202.3,  1,  24.1,   1.0, 0.100
2025-10-29 15:48:24,        0,  39.4,  31.1,  26.0, 29.184, 28.504,  0.848,3376919.0,  1,  24.1,   1.0, 0.100
2025-10-29 15:48:25,        0,  37.9,  26.7,  26.0, 30.307, 29.574,  0.898,3407150.0,  1,  24.1,   1.0, 0.100
2025-10-29 15:48:26,        0,  34.2,  15.6,  26.0, 25.103, 24.045,  0.627,3438900.6,  1,  24.1,   1.0, 0.100
2025-10-29 15:48:27,        0,  37.6,  25.9,  26.0, 29.095, 28.072,  0.817,3462611.1,  1,  24.1,   1.0, 0.100
2025-10-29 15:48:28,        0,  38.5,  28.4,  26.0, 25.244, 24.063,  0.630,3488935.8,  1,  24.1,   1.0, 0.100
2025-10-29 15:48:29,        0,  36.9,  23.8,  26.0, 33.654, 32.738,  1.103,3518964.4,  1,  24.1,   1.0, 0.100
2025-10-29 15:48:30,        0,  36.4,  22.1,  26.0, 26.424, 25.184,  0.669,3548683.2,  1,  24.1,   1.0, 0.100
2025-10-29 15:48:31,        0,  37.8,  26.5,  26.0, 28.975, 27.719,  0.804,3574557.3,  1,  24.1,   1.0, 0.100
2025-10-29 15:48:32,        0,  37.3,  24.8,  26.0, 27.083, 25.763,  0.720,3599745.8,  1,  24.1,   1.0, 0.100
2025-10-29 15:48:33,        0,  37.3,  25.0,  26.0, 30.426, 29.147,  0.895,3625738.9,  1,  24.1,   1.0, 0.100
2025-10-29 15:48:34,        0,  36.1,  21.3,  26.0, 28.566, 27.177,  0.781,3655394.9,  1,  24.1,   1.0, 0.100
2025-10-29 15:48:35,        0,  37.7,  26.2,  26.0, 28.966, 27.512,  0.798,3680841.1,  1,  24.1,   0.9, 0.100
2025-10-29 15:48:36,        0,  36.5,  22.5,  26.0, 30.040, 28.606,  0.861,3706889.6,  1,  24.1,   1.0, 0.100
2025-10-29 15:48:37,        0,  37.2,  24.7,  26.0, 24.388, 22.793,  0.562,3734581.7,  1,  24.1,   1.0, 0.100
2025-10-29 15:48:38,        0,  35.3,  18.9,  26.0, 22.636, 20.944,  0.484,3757069.9,  1,  24.1,   1.0, 0.100
2025-10-29 15:48:39,        0,  35.4,  19.1,  26.0, 26.662, 24.982,  0.667,3779607.6,  1,  24.2,   1.0, 0.100
2025-10-29 15:48:40,        0,  36.4,  22.2,  26.0, 21.679, 19.891,  0.431,3799377.6,  1,  24.1,   1.0, 0.100
2025-10-29 15:48:41,        0,  34.9,  17.8,  26.0, 22.694, 20.861,  0.477,3824154.1,  1,  24.1,   1.0, 0.100
2025-10-29 15:48:42,        0,  33.3,  12.9,  26.0, 22.176, 20.292,  0.450,3843986.5,  1,  24.1,   1.0, 0.100
2025-10-29 15:48:43,        0,  35.6,  19.8,  26.0, 18.450, 16.489,  0.306,3860521.9,  1,  24.1,   1.0, 0.100
2025-10-29 15:48:44,        0,  32.9,  11.8,  26.0, 21.709, 19.737,  0.429,3879916.3,  1,  24.1,   1.0, 0.100
2025-10-29 15:48:45,        0,  34.8,  17.3,  26.0, 19.577, 17.540,  0.345,3894932.9,  1,  24.2,   1.0, 0.100
2025-10-29 15:48:46,        0,  33.5,  13.4,  26.0, 18.948, 16.881,  0.321,3915568.3,  1,  24.1,   1.0, 0.100
2025-10-29 15:48:47,        0,  33.4,  13.3,  26.0, 17.150, 15.057,  0.258,3929701.9,  1,  24.1,   1.0, 0.100
2025-10-29 15:48:48,        0,  33.5,  13.6,  26.0, 16.487, 14.358,  0.237,3944553.0,  1,  24.1,   1.0, 0.100
2025-10-29 15:48:49,        0,  33.0,  12.1,  26.0, 18.231, 16.051,  0.293,3959882.6,  1,  24.1,   1.0, 0.100
2025-10-29 15:48:50,        0,  33.0,  12.1,  26.0, 17.760, 15.580,  0.278,3978176.6,  1,  24.1,   1.0, 0.100
2025-10-29 15:48:51,        0,  33.6,  13.9,  26.0, 17.454, 15.235,  0.266,3992308.4,  1,  24.1,   0.9, 0.100
2025-10-29 15:48:52,        0,  32.4,  10.1,  26.0, 19.425, 17.162,  0.335,4008144.0,  1,  24.2,   1.0, 0.100
2025-10-29 15:48:53,        0,  32.9,  11.8,  26.0, 14.114, 11.914,  0.170,4020365.6,  1,  24.2,   1.0, 0.100
2025-10-29 15:48:54,        0,  34.2,  15.6,  26.0, 14.575, 12.336,  0.180,4035215.8,  1,  24.2,   1.0, 0.100
2025-10-29 15:48:55,        0,  32.5,  10.4,  26.0, 17.088, 14.800,  0.256,4050428.6,  1,  24.1,   1.0, 0.100
2025-10-29 15:48:56,        0,  33.3,  12.8,  26.0, 17.290, 14.975,  0.264,4063919.7,  1,  24.1,   1.0, 0.100
2025-10-29 15:48:57,        0,  32.8,  11.4,  26.0, 11.766,  9.590,  0.124,4074438.5,  1,  24.1,   1.0, 0.100
2025-10-29 15:48:58,        0,  32.6,  10.7,  26.0, 13.578, 11.297,  0.154,4085842.1,  1,  24.1,   1.0, 0.100
2025-10-29 15:48:59,        0,  31.3,   7.0,  26.0, 17.044, 14.653,  0.252,4100693.6,  1,  24.2,   1.0, 0.100
2025-10-29 15:49:00,        0,  32.3,   9.9,  26.0, 14.411, 12.060,  0.175,4110873.4,  1,  24.1,   1.0, 0.100
2025-10-29 15:49:01,        0,  33.1,  12.3,  26.0, 14.284, 11.931,  0.171,4123005.4,  1,  24.1,   1.0, 0.100
2025-10-29 15:49:02,        0,  31.9,   8.7,  26.0, 14.858, 12.504,  0.191,4138415.9,  1,  24.1,   1.0, 0.100
2025-10-29 15:49:03,        0,  32.2,   9.7,  26.0, 15.944, 13.510,  0.216,4150488.4,  1,  24.2,   1.0, 0.100
2025-10-29 15:49:04,        0,  32.6,  10.7,  26.0, 14.889, 12.493,  0.186,4161534.5,  1,  24.1,   1.0, 0.100
2025-10-29 15:49:05,        0,  32.2,   9.7,  26.0, 12.851, 10.519,  0.137,4172578.5,  1,  24.1,   1.0, 0.100
2025-10-29 15:49:06,        0,  32.8,  11.4,  26.0, 11.885,  9.574,  0.117,4184384.8,  1,  24.1,   1.0, 0.100
2025-10-29 15:49:07,        0,  31.1,   6.4,  26.0, 15.818, 13.347,  0.211,4197057.8,  1,  24.1,   1.0, 0.100
2025-10-29 15:49:08,        0,  33.2,  12.6,  26.0, 12.934, 10.562,  0.138,4207417.4,  1,  24.1,   1.0, 0.100
2025-10-29 15:49:09,        0,  30.2,   3.5,  26.0, 16.213, 10.136,  0.128,4219152.1,  1,  24.2,   1.0, 0.100
2025-10-29 15:49:10,        0,  32.5,  10.4,  26.0, 14.887, 12.412,  0.189,4230766.5,  1,  24.1,   1.0, 0.100
2025-10-29 15:49:11,        0,  32.1,   9.2,  26.0, 13.238, 10.832,  0.143,4241708.2,  1,  24.2,   1.0, 0.100
2025-10-29 15:49:12,        0,  31.8,   8.5,  26.0, 11.507,  9.181,  0.108,4250758.1,  1,  24.2,   0.9, 0.100
2025-10-29 15:49:13,        0,  31.8,   8.4,  26.0, 12.449, 10.075,  0.133,4259958.5,  1,  24.2,   1.0, 0.100
2025-10-29 15:49:14,        0,  30.6,   4.7,  26.0,  9.992,  7.725,  0.079,4268540.3,  1,  24.2,   0.9, 0.100
2025-10-29 15:49:15,        0,  31.5,   7.5,  26.0, 13.407, 10.954,  0.147,4279547.9,  1,  24.2,   1.0, 0.100
2025-10-29 15:49:16,        0,  30.6,   4.8,  26.0, 13.560, 11.095,  0.151,4289135.5,  1,  24.2,   0.9, 0.100
2025-10-29 15:49:17,        0,  31.8,   8.5,  26.0, 11.375,  9.026,  0.112,4297807.0,  1,  24.2,   0.9, 0.100
2025-10-29 15:49:18,        0,  30.2,   3.7,  26.0, 11.019,  8.677,  0.097,4306703.6,  1,  24.2,   0.9, 0.100
2025-10-29 15:49:19,        0,  31.7,   8.1,  26.0, 12.532, 10.101,  0.127,4317024.2,  1,  24.1,   0.9, 0.100
2025-10-29 15:49:20,        0,  32.1,   9.4,  26.0, 10.932,  8.585,  0.095,4326096.4,  1,  24.2,   0.9, 0.100
2025-10-29 15:49:21,        0,  31.9,   8.7,  26.0, 12.193,  9.769,  0.120,4336049.5,  1,  24.1,   0.9, 0.100
2025-10-29 15:49:22,        0,  30.0,   3.0,  26.0, 10.564,  8.221,  0.087,4344506.4,  1,  24.2,   0.9, 0.100
2025-10-29 15:49:23,        0,  31.7,   8.0,  26.0, 13.362, 10.858,  0.145,4353918.0,  1,  24.2,   0.9, 0.100
2025-10-29 15:49:24,        0,  31.3,   6.9,  26.0, 11.264,  8.874,  0.100,4363040.0,  1,  24.2,   1.0, 0.100
2025-10-29 15:49:25,        0,  31.5,   7.4,  26.0, 10.751,  8.391,  0.090,4371181.8,  1,  24.2,   1.0, 0.100
2025-10-29 15:49:26,        0,  31.2,   6.7,  26.0,  9.168,  6.916,  0.066,4380094.7,  1,  24.2,   1.0, 0.100
2025-10-29 15:49:27,        0,  30.3,   3.9,  26.0, 10.971,  8.601,  0.095,4388942.2,  1,  24.2,   1.0, 0.100
2025-10-29 15:49:28,        0,  30.8,   5.4,  26.0,  9.932,  7.621,  0.076,4395536.2,  1,  24.2,   1.0, 0.100
2025-10-29 15:49:29,        0,  31.0,   5.9,  26.0, 11.369,  8.964,  0.102,4403327.6,  1,  24.2,   1.0, 0.100
2025-10-29 15:49:30,        0,  31.6,   7.9,  26.0,  9.129,  6.860,  0.063,4410649.6,  1,  24.2,   1.0, 0.100
2025-10-29 15:49:31,        0,  30.9,   5.7,  26.0, 11.437,  9.021,  0.104,4421295.5,  1,  24.2,   1.0, 0.100
2025-10-29 15:49:32,        0,  30.8,   5.5,  26.0, 10.539,  8.180,  0.087,4429108.7,  1,  24.2,   1.0, 0.100
2025-10-29 15:49:33,        0,  30.6,   4.7,  26.0, 10.607,  8.242,  0.088,4436490.6,  1,  24.2,   1.0, 0.100
2025-10-29 15:49:34,        0,  31.2,   6.7,  26.0,  9.684,  7.377,  0.071,4443329.0,  1,  24.2,   1.0, 0.100
2025-10-29 15:49:35,        0,  30.7,   5.0,  26.0,  8.723,  6.481,  0.057,4451273.0,  1,  24.2,   1.0, 0.100
2025-10-29 15:49:36,        0,  30.6,   4.7,  26.0,  4.639,  2.724,  0.016,4455582.5,  1,  24.2,   1.0, 0.100
2025-10-29 15:49:37,        0,  31.2,   6.5,  26.0, 11.062,  8.682,  0.096,4462271.7,  1,  24.2,   1.0, 0.100
2025-10-29 15:49:38,        0,  31.1,   6.2,  26.0, 10.657,  8.293,  0.092,4469826.7,  1,  24.2,   1.0, 0.100
2025-10-29 15:49:39,        0,  30.6,   4.8,  26.0,  7.662,  5.492,  0.042,4477550.2,  1,  24.2,   1.0, 0.100
2025-10-29 15:49:40,        0,  31.1,   6.2,  26.0,  8.510,  6.287,  0.056,4483587.7,  1,  24.2,   1.0, 0.100
2025-10-29 15:49:41,        0,  30.8,   5.5,  26.0,  9.866,  7.545,  0.075,4491129.3,  1,  24.2,   1.0, 0.100
2025-10-29 15:49:42,        0,  30.5,   4.4,  26.0, 10.448,  8.090,  0.085,4497860.0,  1,  24.2,   1.0, 0.100
2025-10-29 15:49:43,        0,  31.4,   7.2,  26.0,  9.127,  6.854,  0.063,4505197.5,  1,  24.2,   1.0, 0.100
2025-10-29 15:49:44,        0,  30.9,   5.7,  26.0, 11.386,  8.955,  0.102,4513530.8,  1,  24.2,   1.0, 0.100
2025-10-29 15:49:45,        0,  30.8,   5.4,  26.0, 10.416,  8.048,  0.084,4520966.8,  1,  24.2,   1.0, 0.100
2025-10-29 15:49:46,        0,  29.7,   2.0,  26.0,  8.997,  6.729,  0.062,4527205.5,  1,  24.2,   1.0, 0.100
2025-10-29 15:49:47,        0,  30.4,   4.2,  26.0,  9.181,  6.911,  0.064,4533396.8,  1,  24.2,   1.0, 0.100
2025-10-29 15:49:48,        0,  30.1,   3.2,  26.0,  8.329,  6.114,  0.051,4539214.6,  1,  24.2,   1.0, 0.100
2025-10-29 15:49:49,        0,  30.7,   5.2,  26.0,  6.724,  4.632,  0.035,4544108.8,  1,  24.2,   1.0, 0.100
2025-10-29 15:49:50,        0,  30.2,   3.7,  26.0,  6.158,  4.106,  0.028,4548527.3,  1,  24.2,   0.9, 0.100
2025-10-29 15:49:51,        0,  30.7,   5.2,  26.0,  9.920,  7.603,  0.076,4554778.6,  1,  24.2,   0.9, 0.100
2025-10-29 15:49:52,        0,  31.0,   5.9,  26.0,  7.803,  5.623,  0.044,4560568.0,  1,  24.2,   0.9, 0.100
2025-10-29 15:49:53,        0,  30.6,   4.9,  26.0,  8.995,  6.732,  0.061,4566802.0,  1,  24.2,   0.9, 0.100
2025-10-29 15:49:54,        0,  30.7,   5.0,  26.0,  4.484,  2.587,  0.014,4572635.8,  1,  24.2,   0.9, 0.100
2025-10-29 15:49:55,        0,  30.4,   4.2,  26.0,  8.247,  6.036,  0.050,4578584.9,  1,  24.3,   0.9, 0.100
2025-10-29 15:49:56,        0,  30.7,   5.0,  26.0,  7.921,  5.732,  0.045,4584062.0,  1,  24.2,   0.9, 0.100
2025-10-29 15:49:57,        0,  30.2,   3.7,  26.0,  8.362,  6.141,  0.052,4589914.7,  1,  24.2,   0.9, 0.100
2025-10-29 15:49:58,        0,  30.3,   4.0,  26.0,  9.379,  7.088,  0.067,4597179.7,  1,  24.2,   0.9, 0.100
2025-10-29 15:49:59,        0,  30.1,   3.4,  26.0,  7.017,  4.892,  0.034,4602065.1,  1,  24.3,   0.9, 0.100
2025-10-29 15:50:00,        0,  29.2,   0.5,  26.0,  7.786,  5.610,  0.044,4606371.3,  1,  24.2,   0.9, 0.100
2025-10-29 15:50:01,        0,  30.5,   4.5,  26.0,  7.351,  5.217,  0.040,4609592.9,  1,  24.2,   0.9, 0.100
2025-10-29 15:50:02,        0,  30.6,   4.8,  26.0,  7.788,  5.614,  0.044,4615250.6,  1,  24.3,   0.9, 0.100
2025-10-29 15:50:03,        0,  29.9,   2.7,  26.0,  5.263,  3.292,  0.019,4620132.3,  1,  24.3,   0.9, 0.100
2025-10-29 15:50:04,        0,  30.0,   3.0,  26.0,  7.746,  5.588,  0.043,4623266.3,  1,  24.3,   0.9, 0.100
2025-10-29 15:50:05,        0,  30.4,   4.2,  26.0,  6.417,  4.351,  0.028,4627466.0,  1,  24.2,   0.9, 0.100
2025-10-29 15:50:06,        0,  29.9,   2.8,  26.0,  6.965,  4.858,  0.034,4632400.4,  1,  24.3,   1.0, 0.100
2025-10-29 15:50:07,        0,  30.1,   3.3,  26.0,  7.246,  5.118,  0.038,4637893.5,  1,  24.3,   0.9, 0.100
2025-10-29 15:50:08,        0,  30.0,   2.9,  26.0,  6.423,  4.356,  0.029,4642138.5,  1,  24.2,   1.0, 0.100
2025-10-29 15:50:09,        0,  30.1,   3.2,  26.0,  6.895,  4.793,  0.033,4646729.3,  1,  24.2,   1.0, 0.100
2025-10-29 15:50:10,        0,  29.4,   1.3,  26.0,  5.311,  3.350,  0.021,4650577.9,  1,  24.2,   1.0, 0.100
2025-10-29 15:50:11,        0,  30.2,   3.5,  26.0,  6.106,  4.079,  0.027,4653608.3,  1,  24.3,   1.0, 0.100
2025-10-29 15:50:12,        0,  29.7,   2.0,  26.0,  6.498,  4.431,  0.029,4659214.6,  1,  24.2,   0.9, 0.100
2025-10-29 15:50:13,        0,  29.2,   0.7,  26.0,  5.848,  3.868,  0.027,4662374.5,  1,  24.3,   1.0, 0.100
2025-10-29 15:50:14,        0,  30.2,   3.7,  26.0,  1.888,  0.350,  0.001,4664108.3,  1,  24.2,   1.0, 0.100
2025-10-29 15:50:15,        0,  29.9,   2.7,  26.0,  6.992,  4.896,  0.035,4669601.0,  1,  24.2,   1.0, 0.100
2025-10-29 15:50:16,        0,  29.8,   2.5,  26.0,  6.592,  4.524,  0.030,4673890.0,  1,  24.2,   1.0, 0.100
2025-10-29 15:50:17,        0,  30.0,   2.9,  26.0,  6.402,  4.353,  0.028,4677980.8,  1,  24.2,   1.0, 0.100
2025-10-29 15:50:18,        0,  29.9,   2.7,  26.0,  2.518,  0.869,  0.003,4679904.5,  1,  24.3,   1.0, 0.100
2025-10-29 15:50:19,        0,  29.8,   2.3,  26.0,  6.135,  4.126,  0.026,4682372.5,  1,  24.2,   1.0, 0.100
2025-10-29 15:50:20,        0,  30.1,   3.2,  26.0,  6.434,  4.399,  0.028,4685268.0,  1,  24.3,   0.9, 0.100
2025-10-29 15:50:21,        0,  29.7,   2.0,  26.0,  6.557,  4.505,  0.030,4689702.1,  1,  24.3,   1.0, 0.100
2025-10-29 15:50:22,        0,  30.0,   3.0,  26.0,  6.831,  4.760,  0.033,4693322.2,  1,  24.3,   1.0, 0.100
2025-10-29 15:50:23,        0,  30.2,   3.5,  26.0,  2.455,  0.822,  0.002,4696296.1,  1,  24.2,   1.0, 0.100
2025-10-29 15:50:24,        0,  30.0,   3.0,  26.0,  6.388,  4.356,  0.028,4700636.3,  1,  24.3,   1.0, 0.100
2025-10-29 15:50:25,        0,  30.1,   3.3,  26.0,  6.430,  4.394,  0.028,4704855.3,  1,  24.3,   1.0, 0.100
2025-10-29 15:50:26,        0,  29.8,   2.5,  26.0,  3.616,  1.875,  0.010,4707726.5,  1,  24.2,   1.0, 0.100
2025-10-29 15:50:27,        0,  29.5,   1.5,  26.0,  5.096,  3.199,  0.019,4709325.8,  1,  24.3,   1.0, 0.100
2025-10-29 15:50:28,        0,  29.8,   2.3,  26.0,  1.434,  0.071,  0.000,4709397.9,  1,  24.3,   1.0, 0.100
2025-10-29 15:50:29,        0,  30.1,   3.4,  26.0,  3.243,  1.740,  0.012,4710443.9,  1,  24.3,   1.0, 0.100
2025-10-29 15:50:30,        0,  30.0,   3.0,  26.0,  6.607,  4.578,  0.030,4716005.7,  1,  24.2,   1.0, 0.100
2025-10-29 15:50:31,        0,  29.5,   1.5,  26.0,  4.464,  2.632,  0.015,4719272.6,  1,  24.2,   1.0, 0.100
2025-10-29 15:50:32,        0,  28.9,   0.0,  26.0,  1.693,  0.233,  0.000,4719820.3,  1,  24.3,   1.0, 0.100
2025-10-29 15:50:33,        0,  30.2,   3.7,  26.0,  1.256,  0.009,  0.000,4719939.4,  1,  24.2,   1.0, 0.100
2025-10-29 15:50:34,        0,  30.4,   4.2,  26.0,  6.708,  4.680,  0.031,4725352.8,  1,  24.3,   1.0, 0.100
2025-10-29 15:50:35,        0,  30.0,   2.9,  26.0,  7.129,  5.066,  0.036,4729965.8,  1,  24.3,   1.0, 0.100
2025-10-29 15:50:36,        0,  29.7,   2.2,  26.0,  4.582,  2.741,  0.015,4733167.7,  1,  24.3,   1.0, 0.100
2025-10-29 15:50:37,        0,  29.7,   2.2,  26.0,  1.370,  0.051,  0.000,4733268.3,  1,  24.3,   1.0, 0.100
2025-10-29 15:50:38,        0,  29.7,   2.2,  26.0,  1.168, -0.005,  0.000,4733266.2,  1,  24.3,   1.0, 0.100
2025-10-29 15:50:39,        0,  29.9,   2.8,  26.0,  3.499,  2.006,  0.013,4735190.2,  1,  24.3,   1.0, 0.100
2025-10-29 15:50:40,        0,  29.8,   2.3,  26.0,  6.338,  4.354,  0.028,4739376.6,  1,  24.3,   1.0, 0.100
2025-10-29 15:50:41,        0,  29.8,   2.5,  26.0,  1.634,  0.211,  0.000,4740403.4,  1,  24.3,   1.0, 0.100
2025-10-29 15:50:42,        0,  30.0,   3.0,  26.0,  1.177, -0.001,  0.000,4740415.5,  1,  24.3,   1.0, 0.100
2025-10-29 15:50:43,        0,  29.7,   2.2,  26.0,  4.687,  2.861,  0.016,4743679.4,  1,  24.3,   0.9, 0.100
2025-10-29 15:50:44,        0,  29.9,   2.7,  26.0,  1.798,  0.330,  0.001,4744344.5,  1,  24.3,   0.9, 0.100
2025-10-29 15:50:45,        0,  29.8,   2.5,  26.0,  1.231,  0.013,  0.000,4745253.5,  1,  24.3,   0.9, 0.100
2025-10-29 15:50:46,        0,  30.0,   2.9,  26.0,  5.863,  3.932,  0.024,4748973.4,  1,  24.3,   0.9, 0.100
2025-10-29 15:50:47,        0,  29.7,   2.0,  26.0,  5.187,  3.316,  0.019,4752283.0,  1,  24.3,   0.9, 0.100
2025-10-29 15:50:48,        0,  29.7,   2.2,  26.0,  1.374,  0.068,  0.000,4752449.8,  1,  24.3,   0.9, 0.100
2025-10-29 15:50:49,        0,  29.7,   2.2,  26.0,  1.170,  0.001,  0.000,4752452.3,  1,  24.3,   0.9, 0.100
2025-10-29 15:50:50,        0,  29.9,   2.7,  26.0,  1.081, -0.008,  0.000,4752445.6,  1,  24.3,   0.9, 0.100
2025-10-29 15:50:51,        0,  30.0,   3.0,  26.0,  6.556,  4.589,  0.030,4756495.8,  1,  24.3,   0.9, 0.100
2025-10-29 15:50:52,        0,  29.8,   2.5,  26.0,  3.541,  1.845,  0.008,4759356.9,  1,  24.3,   0.9, 0.100
2025-10-29 15:50:53,        0,  29.0,   0.0,  26.0,  1.288,  0.037,  0.000,4759432.8,  1,  24.3,   0.9, 0.100
2025-10-29 15:50:54,        0,  29.9,   2.7,  26.0,  6.334,  4.389,  0.028,4762599.9,  1,  24.3,   0.9, 0.100
2025-10-29 15:50:55,        0,  29.6,   1.7,  26.0,  3.526,  1.838,  0.008,4764871.4,  1,  24.3,   0.9, 0.100
2025-10-29 15:50:56,        0,  29.3,   1.0,  26.0,  1.280,  0.037,  0.000,4764914.6,  1,  24.3,   0.9, 0.100
2025-10-29 15:50:57,        0,  29.9,   2.8,  26.0,  4.975,  3.170,  0.018,4766236.0,  1,  24.3,   0.9, 0.100
2025-10-29 15:50:58,        0,  29.8,   2.5,  26.0,  3.191,  1.550,  0.006,4768277.0,  1,  24.3,   0.9, 0.100
2025-10-29 15:50:59,        0,  30.0,   2.9,  26.0,  1.165,  0.007,  0.000,4768298.3,  1,  24.3,   0.9, 0.100
2025-10-29 15:51:00,        0,  29.8,   2.5,  26.0,  6.195,  4.274,  0.027,4771939.9,  1,  24.3,   1.0, 0.100
2025-10-29 15:51:01,        0,  29.6,   1.7,  25.9,  1.375,  0.086,  0.000,4773058.8,  1,  24.3,   1.0, 0.100
2025-10-29 15:51:02,        0,  29.7,   2.2,  25.9,  1.138,  0.003,  0.000,4773066.0,  1,  24.3,   1.0, 0.100
2025-10-29 15:51:03,        0,  29.8,   2.5,  26.0,  1.065, -0.005,  0.000,4773060.9,  1,  24.3,   0.9, 0.100
2025-10-29 15:51:04,        0,  29.6,   1.7,  25.9,  3.458,  2.037,  0.013,4773951.1,  1,  24.3,   0.9, 0.100
2025-10-29 15:51:05,        0,  29.8,   2.3,  26.0,  1.466,  0.146,  0.000,4774542.0,  1,  24.3,   1.0, 0.100
2025-10-29 15:51:06,        0,  29.8,   2.3,  26.0,  1.090, -0.002,  0.000,4774543.7,  1,  24.3,   1.0, 0.100
2025-10-29 15:51:07,        0,  29.9,   2.7,  26.0,  3.339,  1.927,  0.012,4775968.2,  1,  24.3,   1.0, 0.100
2025-10-29 15:51:08,        0,  29.7,   2.2,  26.0,  5.533,  3.690,  0.022,4779271.5,  1,  24.3,   1.0, 0.100
2025-10-29 15:51:09,        0,  29.8,   2.5,  26.0,  1.364,  0.090,  0.000,4779844.8,  1,  24.3,   0.9, 0.100
2025-10-29 15:51:10,        0,  29.8,   2.3,  26.0,  1.121,  0.004,  0.000,4779847.8,  1,  24.3,   0.9, 0.100
2025-10-29 15:51:11,        0,  29.9,   2.7,  26.0,  1.022, -0.006,  0.000,4779841.9,  1,  24.3,   1.0, 0.100
2025-10-29 15:51:12,        0,  29.7,   2.2,  26.0,  5.672,  3.821,  0.023,4783099.9,  1,  24.3,   1.0, 0.100
2025-10-29 15:51:13,        0,  29.8,   2.3,  26.0,  1.183,  0.019,  0.000,4783216.0,  1,  24.3,   1.0, 0.100
2025-10-29 15:51:14,        0,  29.8,   2.5,  26.0,  1.070, -0.002,  0.000,4783214.8,  1,  24.3,   0.9, 0.100
2025-10-29 15:51:15,        0,  29.9,   2.8,  26.0,  1.012, -0.006,  0.000,4783208.9,  1,  24.3,   1.0, 0.100
2025-10-29 15:51:16,        0,  29.8,   2.5,  25.9,  3.632,  1.985,  0.009,4785746.5,  1,  24.3,   1.0, 0.100
2025-10-29 15:51:17,        0,  29.8,   2.3,  26.0,  1.126,  0.009,  0.000,4785822.8,  1,  24.3,   0.9, 0.100
2025-10-29 15:51:18,        0,  29.9,   2.7,  26.0,  3.882,  2.229,  0.011,4787178.2,  1,  24.3,   1.0, 0.100
2025-10-29 15:51:19,        0,  29.8,   2.3,  26.0,  4.062,  2.375,  0.012,4789950.0,  1,  24.3,   1.0, 0.100
2025-10-29 15:51:20,        0,  29.4,   1.2,  26.0,  1.880,  0.467,  0.001,4790555.6,  1,  24.3,   1.0, 0.100
2025-10-29 15:51:21,        0,  30.0,   3.0,  26.0,  1.087,  0.002,  0.000,4790564.4,  1,  24.3,   1.0, 0.100
2025-10-29 15:51:22,        0,  29.6,   1.7,  26.0,  6.172,  4.302,  0.027,4793231.1,  1,  24.3,   1.0, 0.100
2025-10-29 15:51:23,        0,  29.8,   2.3,  26.0,  1.188,  0.030,  0.000,4793307.8,  1,  24.3,   1.0, 0.100
2025-10-29 15:51:24,        0,  29.4,   1.3,  26.0,  1.053, -0.001,  0.000,4793307.4,  1,  24.3,   1.0, 0.100
2025-10-29 15:51:25,        0,  29.8,   2.3,  26.0,  2.954,  1.650,  0.010,4794576.0,  1,  24.3,   1.0, 0.100
2025-10-29 15:51:26,        0,  29.8,   2.3,  26.0,  1.691,  0.332,  0.001,4795339.6,  1,  24.3,   1.0, 0.100
2025-10-29 15:51:27,        0,  29.7,   2.2,  26.0,  1.120,  0.014,  0.000,4795350.9,  1,  24.3,   1.0, 0.100
2025-10-29 15:51:28,        0,  29.6,   1.8,  26.0,  0.988, -0.005,  0.000,4795346.7,  1,  24.3,   1.0, 0.100
2025-10-29 15:51:29,        0,  29.7,   2.0,  26.0,  0.925, -0.007,  0.000,4795338.8,  1,  24.3,   1.0, 0.100
2025-10-29 15:51:30,        0,  29.9,   2.7,  26.0,  2.819,  1.584,  0.010,4796697.1,  1,  24.3,   1.0, 0.100
2025-10-29 15:51:31,        0,  29.8,   2.3,  26.0,  5.591,  3.784,  0.022,4799542.7,  1,  24.3,   1.0, 0.100
2025-10-29 15:51:32,        0,  29.3,   0.8,  26.0,  1.141,  0.021,  0.000,4799614.4,  1,  24.3,   1.0, 0.100
2025-10-29 15:51:33,        0,  29.8,   2.5,  26.0,  1.024, -0.002,  0.000,4799613.5,  1,  24.3,   1.0, 0.100
2025-10-29 15:51:34,        0,  29.7,   2.2,  26.0,  0.947, -0.006,  0.000,4799607.7,  1,  24.3,   1.0, 0.100
2025-10-29 15:51:35,        0,  29.8,   2.5,  26.0,  0.908, -0.007,  0.000,4799601.0,  1,  24.3,   0.9, 0.100
2025-10-29 15:51:36,        0,  29.7,   2.2,  26.0,  0.875, -0.007,  0.000,4799593.4,  1,  24.3,   0.9, 0.100
2025-10-29 15:51:37,        0,  29.7,   2.0,  26.0,  5.978,  4.150,  0.025,4801988.6,  1,  24.3,   0.9, 0.100
2025-10-29 15:51:38,        0,  29.8,   2.5,  26.0,  1.341,  0.111,  0.000,4803082.4,  1,  24.3,   1.0, 0.100
2025-10-29 15:51:39,        0,  29.8,   2.3,  26.0,  1.205,  0.046,  0.000,4803245.4,  1,  24.3,   0.9, 0.100
2025-10-29 15:51:40,        0,  29.8,   2.3,  26.0,  1.036,  0.001,  0.000,4803249.2,  1,  24.3,   0.9, 0.100
2025-10-29 15:51:41,        0,  29.8,   2.3,  26.0,  0.968, -0.005,  0.000,4803244.6,  1,  24.3,   0.9, 0.100
2025-10-29 15:51:42,        0,  29.8,   2.5,  26.0,  0.903, -0.007,  0.000,4803236.6,  1,  24.3,   0.9, 0.100
2025-10-29 15:51:43,        0,  29.8,   2.3,  25.9,  0.868, -0.007,  0.000,4803229.5,  1,  24.3,   0.9, 0.100
2025-10-29 15:51:44,        0,  29.8,   2.3,  26.0,  2.609,  1.454,  0.009,4804043.4,  1,  24.3,   0.9, 0.100
2025-10-29 15:51:45,        0,  29.7,   2.2,  25.9,  1.550,  0.249,  0.000,4804943.2,  1,  24.3,   0.9, 0.100
2025-10-29 15:51:46,        0,  29.9,   2.7,  26.0,  1.025,  0.001,  0.000,4804948.6,  1,  24.3,   1.0, 0.100
2025-10-29 15:51:47,        0,  29.8,   2.3,  26.0,  0.960, -0.006,  0.000,4804943.6,  1,  24.3,   1.0, 0.100
2025-10-29 15:51:48,        0,  29.8,   2.5,  25.9,  0.914, -0.007,  0.000,4806467.0,  1,  24.3,   1.0, 0.100
2025-10-29 15:51:49,        0,  29.7,   2.0,  25.9,  1.793,  0.431,  0.001,4808254.4,  1,  24.3,   1.0, 0.100
2025-10-29 15:51:50,        0,  29.6,   1.7,  25.9,  1.109,  0.016,  0.000,4808267.4,  1,  24.3,   1.0, 0.100
2025-10-29 15:51:51,        0,  29.7,   2.0,  26.0,  0.971, -0.005,  0.000,4808263.2,  1,  24.3,   1.0, 0.100
2025-10-29 15:51:52,        0,  29.8,   2.3,  26.0,  0.925, -0.006,  0.000,4808257.0,  1,  24.3,   1.0, 0.100
2025-10-29 15:51:53,        0,  29.8,   2.3,  25.9,  0.888, -0.007,  0.000,4808250.3,  1,  24.3,   1.0, 0.100
2025-10-29 15:51:54,        0,  29.8,   2.5,  26.0,  0.840, -0.007,  0.000,4808241.0,  1,  24.3,   1.0, 0.100
2025-10-29 15:51:55,        0,  29.8,   2.3,  26.0,  0.802, -0.008,  0.000,4808233.9,  1,  24.3,   1.0, 0.100
2025-10-29 15:51:56,        0,  29.8,   2.5,  25.9,  0.782, -0.009,  0.000,4808225.5,  1,  24.3,   1.0, 0.100
2025-10-29 15:51:57,        0,  30.0,   2.9,  26.0,  0.763, -0.009,  0.000,4808217.1,  1,  24.3,   1.0, 0.100
2025-10-29 15:51:58,        0,  29.9,   2.7,  25.9,  6.201,  4.353,  0.027,4812603.4,  1,  24.3,   1.0, 0.100
2025-10-29 15:51:59,        0,  29.6,   1.8,  25.9,  4.056,  2.405,  0.012,4814608.8,  1,  24.3,   1.0, 0.100
2025-10-29 15:52:00,        0,  29.4,   1.3,  25.9,  1.089,  0.012,  0.000,4814642.7,  1,  24.3,   1.0, 0.100
2025-10-29 15:52:01,        0,  29.6,   1.8,  26.0,  0.995, -0.003,  0.000,4814641.9,  1,  24.3,   1.0, 0.100
2025-10-29 15:52:02,        0,  29.6,   1.7,  25.9,  0.920, -0.007,  0.000,4814634.3,  1,  24.3,   1.0, 0.100
2025-10-29 15:52:03,        0,  29.7,   2.0,  25.9,  0.885, -0.007,  0.000,4814627.6,  1,  24.3,   1.0, 0.100
2025-10-29 15:52:04,        0,  29.6,   1.8,  26.0,  0.853, -0.008,  0.000,4814620.1,  1,  24.3,   1.0, 0.100
2025-10-29 15:52:05,        0,  29.7,   2.2,  25.9,  0.812, -0.008,  0.000,4814613.4,  1,  24.3,   1.0, 0.100
2025-10-29 15:52:06,        0,  29.7,   2.2,  25.9,  0.789, -0.009,  0.000,4814602.9,  1,  24.3,   1.0, 0.100
2025-10-29 15:52:07,        0,  29.8,   2.3,  25.9,  0.762, -0.009,  0.000,4814594.9,  1,  24.3,   1.0, 0.100
2025-10-29 15:52:08,        0,  29.8,   2.3,  26.0,  0.746, -0.009,  0.000,4814586.1,  1,  24.3,   1.0, 0.100
2025-10-29 15:52:09,        0,  29.8,   2.5,  25.9,  0.731, -0.009,  0.000,4814577.8,  1,  24.3,   1.0, 0.100
2025-10-29 15:52:10,        0,  29.8,   2.3,  25.9,  0.713, -0.009,  0.000,4814567.7,  1,  24.3,   1.0, 0.100
2025-10-29 15:52:11,        0,  29.7,   2.2,  25.9,  0.703, -0.009,  0.000,4814558.9,  1,  24.3,   1.0, 0.100
2025-10-29 15:52:12,        0,  29.7,   2.0,  25.9,  0.689, -0.009,  0.000,4814550.5,  1,  24.3,   1.0, 0.100
2025-10-29 15:52:13,        0,  29.8,   2.3,  25.9,  0.680, -0.009,  0.000,4814541.7,  1,  24.3,   1.0, 0.100
2025-10-29 15:52:14,        0,  29.7,   2.2,  25.9,  0.666, -0.009,  0.000,4814531.7,  1,  24.3,   1.0, 0.100
2025-10-29 15:52:15,        0,  29.8,   2.5,  25.9,  0.657, -0.008,  0.000,4814523.3,  1,  24.3,   1.0, 0.100
2025-10-29 15:52:16,        0,  29.8,   2.3,  25.9,  0.648, -0.008,  0.000,4814515.3,  1,  24.3,   1.0, 0.100
2025-10-29 15:52:17,        0,  29.9,   2.7,  25.9,  0.637, -0.009,  0.000,4814506.5,  1,  24.3,   1.0, 0.100
2025-10-29 15:52:18,        0,  30.0,   2.9,  25.9,  5.760,  3.997,  0.024,4816429.3,  1,  24.3,   1.0, 0.100
2025-10-29 15:52:19,        0,  29.6,   1.8,  25.9,  2.304,  0.860,  0.002,4818952.7,  1,  24.3,   1.0, 0.100
2025-10-29 15:52:20,        0,  29.6,   1.8,  25.9,  1.124,  0.024,  0.000,4818982.4,  1,  24.3,   1.0, 0.100
2025-10-29 15:52:21,        0,  29.6,   1.8,  25.9,  1.001, -0.001,  0.000,4818980.3,  1,  24.3,   1.0, 0.100
2025-10-29 15:52:22,        0,  29.7,   2.2,  25.9,  0.921, -0.006,  0.000,4818973.6,  1,  24.3,   1.0, 0.100
2025-10-29 15:52:23,        0,  29.7,   2.2,  25.9,  0.866, -0.007,  0.000,4818966.5,  1,  24.3,   1.0, 0.100
2025-10-29 15:52:24,        0,  29.7,   2.0,  25.9,  0.833, -0.007,  0.000,4818959.8,  1,  24.3,   1.0, 0.100
2025-10-29 15:52:25,        0,  29.7,   2.2,  25.9,  0.805, -0.007,  0.000,4818952.3,  1,  24.3,   1.0, 0.100
2025-10-29 15:52:26,        0,  29.8,   2.5,  25.9,  0.771, -0.008,  0.000,4818943.0,  1,  24.3,   1.0, 0.100
2025-10-29 15:52:27,        0,  29.7,   2.2,  26.0,  0.752, -0.009,  0.000,4818934.2,  1,  24.3,   1.0, 0.100
2025-10-29 15:52:28,        0,  29.7,   2.2,  25.9,  0.728, -0.008,  0.000,4818926.3,  1,  24.3,   1.0, 0.100
2025-10-29 15:52:29,        0,  29.8,   2.3,  25.9,  0.713, -0.009,  0.000,4818918.3,  1,  24.3,   1.0, 0.100
2025-10-29 15:52:30,        0,  29.6,   1.8,  25.9,  0.694, -0.008,  0.000,4818908.7,  1,  24.3,   1.0, 0.100
2025-10-29 15:52:31,        0,  29.8,   2.3,  25.9,  0.682, -0.008,  0.000,4818900.7,  1,  24.3,   1.0, 0.100
2025-10-29 15:52:32,        0,  29.7,   2.2,  25.9,  0.672, -0.008,  0.000,4818893.6,  1,  24.3,   1.0, 0.100
2025-10-29 15:52:33,        0,  29.8,   2.5,  25.9,  0.655, -0.008,  0.000,4818885.2,  1,  24.3,   1.0, 0.100
2025-10-29 15:52:34,        0,  29.8,   2.5,  25.9,  0.647, -0.009,  0.000,4818876.8,  1,  24.3,   1.0, 0.100
2025-10-29 15:52:35,        0,  29.8,   2.3,  25.9,  0.636, -0.008,  0.000,4818866.8,  1,  24.3,   1.0, 0.100
2025-10-29 15:52:36,        0,  29.8,   2.3,  26.0,  0.628, -0.008,  0.000,4818859.2,  1,  24.3,   1.0, 0.100
2025-10-29 15:52:37,        0,  29.8,   2.5,  25.9,  0.620, -0.009,  0.000,4818850.8,  1,  24.3,   1.0, 0.100
2025-10-29 15:52:38,        0,  29.7,   2.2,  25.9,  0.609, -0.009,  0.000,4818842.9,  1,  24.3,   1.0, 0.100
2025-10-29 15:52:39,        0,  29.8,   2.3,  25.9,  0.601, -0.007,  0.000,4818835.3,  1,  24.3,   1.0, 0.100
2025-10-29 15:52:40,        0,  29.8,   2.5,  25.9,  0.591, -0.008,  0.000,4818826.1,  1,  24.3,   1.0, 0.100
2025-10-29 15:52:41,        0,  29.8,   2.5,  25.9,  0.584, -0.008,  0.000,4818819.0,  1,  24.3,   1.0, 0.100
2025-10-29 15:52:42,        0,  29.8,   2.5,  25.9,  0.577, -0.007,  0.000,4818811.9,  1,  24.3,   1.0, 0.100
2025-10-29 15:52:43,        0,  29.8,   2.5,  25.9,  0.567, -0.007,  0.000,4819291.3,  1,  24.3,   0.9, 0.100
2025-10-29 15:52:44,        0,  29.8,   2.5,  25.9,  1.926,  0.546,  0.001,4819889.4,  1,  24.3,   1.0, 0.100
2025-10-29 15:52:45,        0,  29.9,   2.7,  25.9,  1.024,  0.004,  0.000,4819899.4,  1,  24.3,   1.0, 0.100
2025-10-29 15:52:46,        0,  29.8,   2.3,  25.9,  0.945, -0.004,  0.000,4819896.1,  1,  24.3,   1.0, 0.100
2025-10-29 15:52:47,        0,  29.8,   2.5,  25.9,  0.872, -0.006,  0.000,4819890.2,  1,  24.3,   0.9, 0.100
2025-10-29 15:52:48,        0,  29.8,   2.5,  25.9,  1.070,  0.198,  0.001,4821195.7,  1,  24.3,   1.0, 0.100
2025-10-29 15:52:49,        0,  29.8,   2.3,  25.9,  3.458,  1.878,  0.008,4822618.9,  1,  24.3,   0.9, 0.100
2025-10-29 15:52:50,        0,  29.6,   1.7,  25.9,  1.061,  0.010,  0.000,4822639.0,  1,  24.3,   0.9, 0.100
2025-10-29 15:52:51,        0,  29.7,   2.2,  25.9,  0.941, -0.005,  0.000,4822635.7,  1,  24.3,   1.0, 0.100
2025-10-29 15:52:52,        0,  29.7,   2.2,  25.9,  0.895, -0.007,  0.000,4822629.8,  1,  24.3,   0.9, 0.100
2025-10-29 15:52:53,        0,  29.8,   2.5,  25.9,  0.857, -0.007,  0.000,4822622.7,  1,  24.3,   0.9, 0.100
2025-10-29 15:52:54,        0,  29.7,   2.2,  25.9,  0.807, -0.007,  0.000,4822616.0,  1,  24.3,   0.9, 0.100
2025-10-29 15:52:55,        0,  29.7,   2.2,  25.9,  0.781, -0.007,  0.000,4822608.9,  1,  24.3,   0.9, 0.100
2025-10-29 15:52:56,        0,  29.7,   2.2,  25.9,  0.747, -0.008,  0.000,4822600.1,  1,  24.3,   0.9, 0.100
2025-10-29 15:52:57,        0,  29.7,   2.2,  25.9,  0.729, -0.008,  0.000,4822591.7,  1,  24.3,   0.9, 0.100
2025-10-29 15:52:58,        0,  29.7,   2.2,  25.9,  0.712, -0.008,  0.000,4822584.1,  1,  24.3,   0.9, 0.100
2025-10-29 15:52:59,        0,  29.8,   2.3,  25.9,  0.691, -0.008,  0.000,4822576.2,  1,  24.3,   0.9, 0.100
2025-10-29 15:53:00,        0,  29.7,   2.2,  25.9,  0.678, -0.008,  0.000,4822567.0,  1,  24.3,   0.9, 0.100
2025-10-29 15:53:01,        0,  29.8,   2.3,  25.9,  0.660, -0.008,  0.000,4822559.0,  1,  24.3,   0.9, 0.100
2025-10-29 15:53:02,        0,  29.8,   2.3,  25.9,  0.649, -0.008,  0.000,4822550.6,  1,  24.3,   0.9, 0.100
2025-10-29 15:53:03,        0,  29.8,   2.3,  25.9,  0.633, -0.008,  0.000,4822541.8,  1,  24.3,   0.9, 0.100
2025-10-29 15:53:04,        0,  29.7,   2.2,  25.9,  0.624, -0.008,  0.000,4822534.3,  1,  24.3,   0.9, 0.100
2025-10-29 15:53:05,        0,  29.7,   2.2,  25.9,  0.615, -0.008,  0.000,4822526.7,  1,  24.3,   0.9, 0.100
2025-10-29 15:53:06,        0,  29.7,   2.2,  25.9,  0.604, -0.008,  0.000,4822519.2,  1,  24.3,   0.9, 0.100
2025-10-29 15:53:07,        0,  29.8,   2.3,  25.9,  0.596, -0.008,  0.000,4822510.4,  1,  24.3,   0.9, 0.100
2025-10-29 15:53:08,        0,  29.8,   2.5,  25.9,  0.585, -0.007,  0.000,4822502.4,  1,  24.3,   0.9, 0.100
2025-10-29 15:53:09,        0,  29.8,   2.3,  25.9,  0.577, -0.008,  0.000,4822496.1,  1,  24.3,   0.9, 0.100
2025-10-29 15:53:10,        0,  29.8,   2.3,  25.9,  0.567, -0.007,  0.000,4822486.9,  1,  24.3,   0.9, 0.100
2025-10-29 15:53:11,        0,  29.8,   2.5,  25.8,  0.560, -0.007,  0.000,77727001190.2,  1,  24.3,   0.9, 0.100
2025-10-29 15:53:12,        0,  29.8,   2.3,  25.9,  0.553, -0.007,  0.000,4822473.1,  1,  24.3,   0.9, 0.100
2025-10-29 15:53:13,        0,  29.8,   2.3,  25.9,  0.544, -0.007,  0.000,4822466.0,  1,  24.3,   0.9, 0.100
2025-10-29 15:53:14,        0,  29.8,   2.3,  25.9,  0.538, -0.007,  0.000,4822458.8,  1,  24.3,   1.0, 0.100
2025-10-29 15:53:15,        0,  29.8,   2.3,  25.9,  0.531, -0.008,  0.000,4822450.0,  1,  24.3,   1.0, 0.100
2025-10-29 15:53:16,        0,  29.8,   2.3,  25.9,  0.526, -0.007,  0.000,4822442.9,  1,  24.3,   1.0, 0.100
2025-10-29 15:53:17,        0,  29.8,   2.5,  25.9,  0.522, -0.007,  0.000,4822436.2,  1,  24.3,   1.0, 0.100
2025-10-29 15:53:18,        0,  29.8,   2.3,  25.9,  0.515, -0.007,  0.000,4822429.5,  1,  24.3,   1.0, 0.100
2025-10-29 15:53:19,        0,  29.9,   2.7,  25.9,  0.508, -0.007,  0.000,4822421.5,  1,  24.3,   1.0, 0.100
2025-10-29 15:53:20,        0,  29.9,   2.7,  25.9,  0.503, -0.007,  0.000,4822414.4,  1,  24.3,   1.0, 0.100
2025-10-29 15:53:21,        0,  29.8,   2.3,  25.9,  0.499, -0.007,  0.000,4822407.7,  1,  24.3,   1.0, 0.100
2025-10-29 15:53:22,        0,  29.8,   2.5,  25.9,  0.492, -0.007,  0.000,4822401.4,  1,  24.3,   1.0, 0.100
2025-10-29 15:53:23,        0,  29.9,   2.7,  25.9,  0.488, -0.007,  0.000,4822395.1,  1,  24.3,   1.0, 0.100
2025-10-29 15:53:24,        0,  29.8,   2.5,  25.9,  1.430,  0.179,  0.000,4823797.4,  1,  24.3,   1.0, 0.100
2025-10-29 15:53:25,        0,  29.8,   2.5,  25.9,  1.045,  0.009,  0.000,4823812.1,  1,  24.3,   1.0, 0.100
2025-10-29 15:53:26,        0,  29.8,   2.3,  25.9,  0.953, -0.003,  0.000,4823809.6,  1,  24.3,   1.0, 0.100
2025-10-29 15:53:27,        0,  29.8,   2.3,  25.9,  0.873, -0.005,  0.000,4823805.0,  1,  24.3,   1.0, 0.100
2025-10-29 15:53:28,        0,  29.8,   2.5,  25.9,  0.831, -0.006,  0.000,4823797.8,  1,  24.3,   1.0, 0.100
2025-10-29 15:53:29,        0,  29.8,   2.3,  25.9,  0.781, -0.007,  0.000,4823791.6,  1,  24.3,   1.0, 0.100
2025-10-29 15:53:30,        0,  29.8,   2.5,  25.9,  0.756, -0.008,  0.000,4823784.0,  1,  24.3,   1.0, 0.100
2025-10-29 15:53:31,        0,  29.8,   2.3,  25.9,  0.725, -0.008,  0.000,4823775.2,  1,  24.3,   1.0, 0.100
2025-10-29 15:53:32,        0,  29.8,   2.3,  25.8,  0.707, -0.008,  0.000,4823767.3,  1,  24.3,   1.0, 0.100
2025-10-29 15:53:33,        0,  29.8,   2.5,  25.9,  0.691, -0.008,  0.000,4823760.1,  1,  24.3,   1.0, 0.100
2025-10-29 15:53:34,        0,  29.8,   2.3,  25.9,  0.669, -0.008,  0.000,4823752.6,  1,  24.3,   1.0, 0.100
2025-10-29 15:53:35,        0,  29.8,   2.3,  25.9,  0.656, -0.008,  0.000,4823743.4,  1,  24.3,   1.0, 0.100
2025-10-29 15:53:36,        0,  29.8,   2.3,  25.9,  0.638, -0.008,  0.000,4823735.4,  1,  24.3,   1.0, 0.100
2025-10-29 15:53:37,        0,  29.8,   2.3,  25.9,  0.627, -0.008,  0.000,4823728.7,  1,  24.3,   1.0, 0.100
2025-10-29 15:53:38,        0,  29.8,   2.5,  25.9,  0.611, -0.008,  0.000,4823719.1,  1,  24.3,   1.0, 0.100
2025-10-29 15:53:39,        0,  29.8,   2.5,  25.8,  0.600, -0.007,  0.000,4823712.4,  1,  24.3,   1.0, 0.100
2025-10-29 15:53:40,        0,  29.8,   2.5,  25.9,  0.591, -0.007,  0.000,4823705.6,  1,  24.3,   1.0, 0.100
2025-10-29 15:53:41,        0,  29.8,   2.5,  25.9,  0.578, -0.007,  0.000,4823697.7,  1,  24.3,   1.0, 0.100
2025-10-29 15:53:42,        0,  29.8,   2.5,  25.9,  0.571, -0.007,  0.000,4823688.9,  1,  24.3,   1.0, 0.100
2025-10-29 15:53:43,        0,  29.8,   2.5,  25.8,  0.559, -0.007,  0.000,4823681.3,  1,  24.3,   1.0, 0.100
2025-10-29 15:53:44,        0,  29.8,   2.5,  25.9,  0.552, -0.007,  0.000,4823675.1,  1,  24.3,   1.0, 0.100
2025-10-29 15:53:45,        0,  29.8,   2.5,  25.8,  0.544, -0.007,  0.000,4823668.3,  1,  24.3,   1.0, 0.100
2025-10-29 15:53:46,        0,  29.9,   2.7,  25.9,  0.534, -0.007,  0.000,4823661.6,  1,  24.3,   1.0, 0.100
2025-10-29 15:53:47,        0,  29.9,   2.7,  25.9,  0.528, -0.007,  0.000,4823653.3,  1,  24.3,   1.0, 0.100
2025-10-29 15:53:48,        0,  29.9,   2.7,  25.9,  0.520, -0.007,  0.000,4823646.6,  1,  24.3,   1.0, 0.100
2025-10-29 15:53:49,        0,  29.9,   2.7,  25.8,  6.194,  4.355,  0.027,4827137.6,  1,  24.3,   1.0, 0.100
2025-10-29 15:53:50,        0,  29.7,   2.0,  25.8,  5.983,  4.155,  0.025,4829915.8,  1,  24.3,   1.0, 0.100
2025-10-29 15:53:51,        0,  29.6,   1.8,  25.9,  1.129,  0.028,  0.000,4829984.5,  1,  24.4,   1.0, 0.100
2025-10-29 15:53:52,        0,  29.6,   1.7,  25.9,  0.964, -0.003,  0.000,4829983.7,  1,  24.3,   1.0, 0.100
2025-10-29 15:53:53,        0,  29.6,   1.7,  25.8,  0.913, -0.005,  0.000,4829978.7,  1,  24.4,   1.0, 0.100
2025-10-29 15:53:54,        0,  29.6,   1.8,  25.8,  0.872, -0.007,  0.000,4829972.4,  1,  24.4,   1.0, 0.100
2025-10-29 15:53:55,        0,  29.6,   1.7,  25.9,  0.822, -0.007,  0.000,4829964.0,  1,  24.4,   1.0, 0.100
2025-10-29 15:53:56,        0,  29.6,   1.7,  25.9,  0.793, -0.007,  0.000,4829957.3,  1,  24.3,   1.0, 0.100
2025-10-29 15:53:57,        0,  29.5,   1.5,  25.8,  0.757, -0.008,  0.000,4829949.7,  1,  24.3,   1.0, 0.100
2025-10-29 15:53:58,        0,  29.6,   1.8,  25.8,  0.736, -0.008,  0.000,4829942.6,  1,  24.3,   1.0, 0.100
2025-10-29 15:53:59,        0,  29.6,   1.7,  25.8,  0.711, -0.008,  0.000,4829933.0,  1,  24.3,   1.0, 0.100
2025-10-29 15:54:00,        0,  29.5,   1.5,  25.9,  0.697, -0.008,  0.000,4829925.4,  1,  24.3,   1.0, 0.100
2025-10-29 15:54:01,        0,  29.6,   1.8,  25.8,  0.683, -0.008,  0.000,4829917.5,  1,  24.3,   1.0, 0.100
2025-10-29 15:54:02,        0,  29.6,   1.8,  25.9,  0.664, -0.008,  0.000,4829909.5,  1,  24.3,   1.0, 0.100
2025-10-29 15:54:03,        0,  29.6,   1.7,  25.8,  0.652, -0.008,  0.000,4829900.3,  1,  24.4,   1.0, 0.100
2025-10-29 15:54:04,        0,  29.6,   1.8,  25.9,  0.635, -0.008,  0.000,4829892.7,  1,  24.4,   1.0, 0.100
2025-10-29 15:54:05,        0,  29.6,   1.8,  25.9,  0.624, -0.008,  0.000,4829885.6,  1,  24.3,   1.0, 0.100
2025-10-29 15:54:06,        0,  29.6,   1.8,  25.9,  0.614, -0.007,  0.000,4829878.5,  1,  24.4,   1.0, 0.100
2025-10-29 15:54:07,        0,  29.6,   1.7,  25.9,  0.600, -0.007,  0.000,4829870.1,  1,  24.4,   1.0, 0.100
2025-10-29 15:54:08,        0,  29.6,   1.7,  25.8,  0.591, -0.008,  0.000,4829861.7,  1,  24.3,   1.0, 0.100
2025-10-29 15:54:09,        0,  29.6,   1.8,  25.8,  0.579, -0.007,  0.000,4829854.6,  1,  24.4,   1.0, 0.100
2025-10-29 15:54:10,        0,  29.6,   1.8,  25.8,  0.571, -0.007,  0.000,4829847.5,  1,  24.4,   1.0, 0.100
2025-10-29 15:54:11,        0,  29.6,   1.7,  25.8,  0.564, -0.007,  0.000,4829840.8,  1,  24.4,   1.0, 0.100
2025-10-29 15:54:12,        0,  29.6,   1.8,  25.8,  0.552, -0.007,  0.000,4829832.4,  1,  24.3,   1.0, 0.100
2025-10-29 15:54:13,        0,  29.6,   1.8,  25.8,  0.544, -0.007,  0.000,4829825.7,  1,  24.3,   1.0, 0.100
2025-10-29 15:54:14,        0,  29.6,   1.8,  25.8,  0.535, -0.007,  0.000,4829818.6,  1,  24.3,   1.0, 0.100
2025-10-29 15:54:15,        0,  29.6,   1.8,  25.8,  0.529, -0.007,  0.000,4829811.9,  1,  24.4,   1.0, 0.100
2025-10-29 15:54:16,        0,  29.6,   1.8,  25.8,  0.521, -0.007,  0.000,4829803.9,  1,  24.4,   1.0, 0.100
2025-10-29 15:54:17,        0,  29.6,   1.8,  25.8,  0.515, -0.007,  0.000,4829797.2,  1,  24.3,   1.0, 0.100
2025-10-29 15:54:18,        0,  29.6,   1.8,  25.8,  0.509, -0.007,  0.000,4829790.9,  1,  24.4,   1.0, 0.100
2025-10-29 15:54:19,        0,  29.6,   1.8,  25.8,  0.501, -0.007,  0.000,4829782.5,  1,  24.4,   1.0, 0.100
2025-10-29 15:54:20,        0,  29.6,   1.8,  25.8,  0.497, -0.007,  0.000,4829776.7,  1,  24.4,   1.0, 0.100
2025-10-29 15:54:21,        0,  29.6,   1.8,  25.8,  0.489, -0.007,  0.000,4829769.5,  1,  24.4,   1.0, 0.100
2025-10-29 15:54:22,        0,  29.6,   1.7,  25.8,  0.486, -0.007,  0.000,4829764.1,  1,  24.4,   1.0, 0.100
2025-10-29 15:54:23,        0,  29.6,   1.8,  25.8,  0.478, -0.007,  0.000,4829755.7,  1,  24.3,   1.0, 0.100
2025-10-29 15:54:24,        0,  29.5,   1.5,  25.8,  0.475, -0.006,  0.000,4829749.4,  1,  24.3,   1.0, 0.100
2025-10-29 15:54:25,        0,  29.6,   1.8,  25.9,  0.469, -0.006,  0.000,4829743.6,  1,  24.4,   1.0, 0.100
