Time, Cnts,  %T, set_Cell[mA], Cell[°C], Cell[Volt], Cell[mA], Cell[W], Cell[uAs], Cell_ON, Env[°C], TEC[°C], N2Flow[slpm]
2025-10-16 08:36:37,        0,  29.8,   2.5,  24.9,  0.052, -0.001,  0.000,     -0.6,  1,  21.2,   1.0, 0.099
2025-10-16 08:36:38,        0,  29.8,   2.5,  24.9,  0.052, -0.000,  0.000,     -0.9,  1,  21.2,   0.9, 0.099
2025-10-16 08:36:38,        0,  29.8,   2.5,  24.9,  0.052, -0.001,  0.000,     -1.7,  1,  21.2,   1.0, 0.099
2025-10-16 08:36:39,        0,  29.8,   2.5,  25.0,  0.052, -0.000,  0.000,     -2.0,  1,  21.2,   1.0, 0.097
2025-10-16 08:36:41,        0,  29.8,   2.5,  25.0,  0.052, -0.001,  0.000,     -2.6,  1,  21.2,   1.0, 0.094
2025-10-16 08:36:42,        0,  29.8,   2.5,  25.0,  0.052, -0.001,  0.000,     -3.1,  1,  21.2,   1.0, 0.092
2025-10-16 08:36:42,        0,  29.8,   2.5,  25.0,  0.053, -0.001,  0.000,     -3.4,  1,  21.2,   1.0, 0.090
2025-10-16 08:36:43,        0,  29.8,   2.5,  25.0,  0.053, -0.001,  0.000,     -4.0,  1,  21.2,   1.0, 0.088
2025-10-16 08:36:45,        0,  29.8,   2.5,  25.0,  0.053, -0.000,  0.000,     -4.6,  1,  21.2,   1.0, 0.086
2025-10-16 08:36:46,        0,  29.8,   2.4,  25.0,  0.053, -0.001,  0.000,     -5.1,  1,  21.2,   1.0, 0.085
2025-10-16 08:36:46,        0,  29.8,   2.5,  25.0,  0.053, -0.000,  0.000,     -5.7,  1,  21.2,   1.0, 0.084
2025-10-16 08:36:47,        0,  29.8,   2.5,  25.0,  0.053, -0.000,  0.000,     -6.0,  1,  21.2,   1.0, 0.083
2025-10-16 08:36:49,        0,  29.8,   2.5,  25.0,  0.053, -0.001,  0.000,     -6.6,  1,  21.2,   1.0, 0.082
2025-10-16 08:36:50,        0,  29.8,   2.5,  25.0,  0.053, -0.001,  0.000,     -7.2,  1,  21.2,   1.0, 0.081
2025-10-16 08:36:50,        0,  29.8,   2.5,  25.0,  0.053, -0.001,  0.000,     -7.7,  1,  21.2,   1.0, 0.081
2025-10-16 08:36:51,        0,  29.9,   2.7,  25.0,  0.054, -0.001,  0.000,      7.4,  1,  21.2,   1.0, 0.080
2025-10-16 08:36:53,        0,  29.9,   2.7,  24.9,  5.683,  4.361,  0.025,   5035.7,  1,  21.2,   1.0, 0.080
2025-10-16 08:36:54,        0,  29.6,   1.9,  25.0,  5.677,  4.362,  0.025,   9162.7,  1,  21.2,   1.0, 0.079
2025-10-16 08:36:54,        0,  29.7,   2.2,  25.0,  3.815,  2.414,  0.012,  10728.8,  1,  21.2,   1.0, 0.079
2025-10-16 08:36:55,        0,  30.1,   3.2,  25.0,  6.101,  4.821,  0.029,  13826.8,  1,  21.2,   1.0, 0.079
2025-10-16 08:36:57,        0,  30.8,   5.5,  25.0,  6.807,  5.576,  0.039,  20644.6,  1,  21.2,   1.0, 0.079
2025-10-16 08:36:58,        0,  32.4,  10.2,  25.0,  8.382,  7.295,  0.063,  27648.9,  1,  21.2,   1.0, 0.079
2025-10-16 08:36:58,        0,  31.5,   7.6,  25.0, 11.149, 10.304,  0.115,  37978.9,  1,  21.2,   1.0, 0.079
2025-10-16 08:36:59,        0,  33.2,  12.7,  24.9, 14.689, 14.181,  0.211,  51246.6,  1,  21.2,   1.0, 0.083
2025-10-16 08:37:01,        0,  33.0,  12.0,  24.9, 14.938, 14.412,  0.216,  68310.9,  1,  21.1,   0.9, 0.087
2025-10-16 08:37:02,        0,  35.0,  18.1,  25.0, 17.558, 17.274,  0.305,  85068.8,  1,  21.1,   0.9, 0.412
2025-10-16 08:37:03,        0,  37.4,  25.1,  24.9, 22.115, 22.280,  0.494, 105888.2,  1,  21.1,   0.9, 0.144
2025-10-16 08:37:03,        0,  36.4,  22.3,  24.9, 31.865, 33.178,  1.073, 133855.5,  1,  21.1,   0.9, 0.104
2025-10-16 08:37:05,        0,  38.5,  28.6,  24.9, 35.459, 37.322,  1.324, 172814.4,  1,  21.1,   0.9, 0.098
2025-10-16 08:37:06,        0,  42.8,  41.4,  24.9, 37.958, 40.164,  1.525, 209031.5,  1,  21.1,   0.9, 0.098
2025-10-16 08:37:07,        0,  45.6,  49.9,  24.9, 41.483, 44.251,  1.837, 252824.9,  1,  21.1,   0.9, 0.098
2025-10-16 08:37:07,        0,  45.3,  48.8,  24.8, 46.637, 50.069,  2.383, 301253.4,  1,  21.1,   0.9, 0.098
2025-10-16 08:37:09,        0,  46.6,  52.7,  24.9, 49.660, 52.896,  2.632, 359897.5,  1,  21.1,   0.9, 0.098
2025-10-16 08:37:10,        0,  47.3,  55.0,  24.9, 57.863, 60.223,  3.487, 416611.0,  1,  21.1,   0.9, 0.098
2025-10-16 08:37:11,        0,  44.3,  45.9,  24.9, 65.877, 66.147,  4.375, 477468.7,  1,  21.1,   0.9, 0.099
2025-10-16 08:37:11,        0,  43.3,  42.9,  24.9, 61.164, 58.224,  3.598, 535107.1,  1,  21.1,   0.9, 0.099
2025-10-16 08:37:13,        0,  46.0,  50.9,  24.9, 56.586, 52.337,  2.966, 595183.8,  1,  21.1,   0.9, 0.099
2025-10-16 08:37:14,        0,  40.3,  33.8,  24.9, 59.088, 54.542,  3.225, 642542.0,  1,  21.1,   0.9, 0.099
2025-10-16 08:37:15,        0,  47.7,  56.2,  24.9, 55.127, 52.131,  2.929, 687686.4,  1,  21.1,   0.9, 0.099
2025-10-16 08:37:15,        0,  45.7,  50.1,  24.9, 46.082, 42.798,  1.983, 735810.5,  1,  21.1,   1.0, 0.099
2025-10-16 08:37:16,        0,  47.5,  55.5,  25.0, 66.130, 61.473,  4.077, 792532.0,  1,  21.2,   1.0, 0.109
2025-10-16 08:37:18,        0,  41.0,  35.9,  25.0, 47.585, 43.461,  2.167, 850593.9,  1,  21.1,   1.0, 0.105
2025-10-16 08:37:19,        0,  44.1,  45.2,  25.0, 44.808, 40.845,  1.834, 889933.8,  1,  21.1,   0.9, 0.095
2025-10-16 08:37:19,        0,  39.1,  30.3,  25.0, 52.313, 47.760,  2.515, 934923.1,  1,  21.1,   0.9, 0.088
2025-10-16 08:37:20,        0,  44.4,  46.1,  25.0, 56.568, 52.065,  2.958, 979546.8,  1,  21.1,   0.9, 0.090
2025-10-16 08:37:22,        0,  42.1,  39.3,  25.0, 43.096, 38.846,  1.690,1030885.0,  1,  21.1,   1.0, 0.092
2025-10-16 08:37:23,        0,  41.4,  37.3,  25.0, 46.768, 42.509,  1.988,1071250.6,  1,  21.1,   0.9, 0.093
2025-10-16 08:37:23,        0,  43.2,  42.7,  25.0, 43.444, 39.254,  1.723,1109743.3,  1,  21.2,   0.9, 0.093
2025-10-16 08:37:24,        0,  39.0,  30.0,  25.0, 37.507, 33.543,  1.285,1145400.1,  1,  21.1,   1.0, 0.094
2025-10-16 08:37:26,        0,  36.7,  23.2,  25.0, 33.503, 29.614,  0.993,1181072.1,  1,  21.1,   0.9, 0.094
2025-10-16 08:37:27,        0,  40.2,  33.5,  25.0, 32.648, 28.827,  0.942,1208110.8,  1,  21.2,   0.9, 0.095
2025-10-16 08:37:27,        0,  35.1,  18.3,  25.0, 28.691, 25.086,  0.737,1234021.1,  1,  21.1,   1.0, 0.095
2025-10-16 08:37:28,        0,  34.7,  17.2,  25.0, 26.384, 22.977,  0.614,1256862.3,  1,  21.1,   1.0, 0.095
2025-10-16 08:37:30,        0,  33.6,  13.7,  25.0, 32.428, 28.796,  0.935,1285895.7,  1,  21.1,   1.0, 0.095
2025-10-16 08:37:31,        0,  37.2,  24.7,  25.0, 30.531, 27.022,  0.826,1308325.8,  1,  21.1,   1.0, 0.096
2025-10-16 08:37:31,        0,  38.6,  28.8,  25.0, 33.857, 30.126,  1.023,1335799.1,  1,  21.1,   1.0, 0.096
2025-10-16 08:37:32,        0,  36.8,  23.3,  25.0, 29.176, 25.616,  0.761,1362885.0,  1,  21.1,   1.0, 0.096
2025-10-16 08:37:34,        0,  37.7,  26.1,  25.0, 31.067, 27.356,  0.853,1395509.5,  1,  21.1,   1.0, 0.096
2025-10-16 08:37:35,        0,  36.0,  21.0,  25.0, 30.639, 26.919,  0.833,1422561.3,  1,  21.1,   1.0, 0.096
2025-10-16 08:37:35,        0,  36.4,  22.3,  25.0, 30.503, 26.702,  0.823,1447379.0,  1,  21.1,   1.0, 0.097
2025-10-16 08:37:37,        0,  37.4,  25.1,  25.0, 33.162, 29.170,  0.969,1480425.3,  1,  21.1,   1.0, 0.097
2025-10-16 08:37:38,        0,  37.7,  26.0,  25.0, 28.154, 24.401,  0.688,1505006.5,  1,  21.1,   1.0, 0.097
2025-10-16 08:37:39,        0,  34.2,  15.5,  25.0, 27.086, 23.414,  0.647,1526584.4,  1,  21.1,   1.0, 0.097
2025-10-16 08:37:39,        0,  37.4,  25.1,  25.0, 26.481, 22.717,  0.617,1549591.3,  1,  21.2,   1.0, 0.097
2025-10-16 08:37:41,        0,  36.9,  23.7,  25.0, 27.985, 24.146,  0.680,1581227.7,  1,  21.1,   1.0, 0.097
2025-10-16 08:37:42,        0,  37.0,  23.9,  25.0, 33.482, 29.260,  0.982,1609541.6,  1,  21.1,   1.0,-1.000
2025-10-16 08:37:43,        0,  36.5,  22.6,  25.0, 30.592, 26.535,  0.823,1634544.9,  1,  21.1,   1.0, 0.098
2025-10-16 08:37:43,        0,  38.1,  27.4,  25.0, 28.075, 24.090,  0.678,1658619.5,  1,  21.1,   1.0, 0.098
2025-10-16 08:37:45,        0,  37.8,  26.3,  25.0, 35.660, 31.145,  1.114,1694336.6,  1,  21.2,   1.0, 0.098
2025-10-16 08:37:46,        0,  39.2,  30.7,  25.0, 34.257, 29.835,  1.022,1722630.3,  1,  21.1,   1.0, 0.098
2025-10-16 08:37:46,        0,  39.6,  31.7,  25.0, 38.797, 34.062,  1.323,1752617.3,  1,  21.1,   1.0, 0.098
2025-10-16 08:37:47,        0,  40.9,  35.8,  25.0, 40.375, 35.534,  1.436,1786424.3,  1,  21.1,   0.9, 0.098
2025-10-16 08:37:49,        0,  41.7,  38.2,  25.0, 38.356, 33.681,  1.293,1829474.6,  1,  21.1,   1.0, 0.098
2025-10-16 08:37:50,        0,  38.6,  28.9,  25.0, 42.092, 37.170,  1.591,1865640.0,  1,  21.1,   0.9, 0.098
2025-10-16 08:37:50,        0,  42.8,  41.4,  25.0, 43.535, 38.464,  1.728,1902659.1,  1,  21.1,   1.0, 0.098
2025-10-16 08:37:51,        0,  38.5,  28.6,  25.0, 47.974, 42.642,  2.050,1942469.6,  1,  21.1,   0.9, 0.098
2025-10-16 08:37:53,        0,  41.7,  38.0,  25.0, 51.011, 45.475,  2.332,1988181.1,  1,  21.1,   0.9, 0.099
2025-10-16 08:37:54,        0,  41.4,  37.3,  25.0, 47.013, 41.707,  1.962,2027239.3,  1,  21.1,   0.9, 0.099
2025-10-16 08:37:55,        0,  41.4,  37.2,  25.0, 54.405, 48.421,  2.642,2070963.3,  1,  21.1,   0.9, 0.099
2025-10-16 08:37:55,        0,  45.2,  48.5,  25.0, 54.841, 48.759,  2.679,2115235.5,  1,  21.2,   0.9, 0.099
2025-10-16 08:37:57,        0,  43.4,  43.3,  25.0, 55.873, 49.585,  2.771,2174949.0,  1,  21.2,   0.9, 0.099
2025-10-16 08:37:58,        0,  44.1,  45.4,  25.0, 58.925, 52.474,  3.103,2223174.7,  1,  21.2,   0.9, 0.099
2025-10-16 08:37:59,        0,  46.5,  52.6,  25.0, 60.457, 53.818,  3.258,2271371.7,  1,  21.2,   0.9, 0.099
2025-10-16 08:37:59,        0,  44.6,  46.8,  25.0, 62.727, 55.660,  3.499,2324367.8,  1,  21.1,   0.9, 0.099
2025-10-16 08:38:01,        0,  45.2,  48.7,  25.0, 56.477, 49.961,  2.829,2383536.7,  1,  21.1,   0.9, 0.099
2025-10-16 08:38:02,        0,  47.6,  55.7,  25.1, 65.915, 58.632,  3.871,2438118.8,  1,  21.2,   0.9, 0.099
2025-10-16 08:38:03,        0,  47.8,  56.4,  25.1, 58.334, 51.490,  3.025,2490146.7,  1,  21.2,   0.9, 0.099
2025-10-16 08:38:03,        0,  46.3,  51.9,  25.1, 70.735, 62.932,  4.452,2549517.2,  1,  21.2,   0.9, 0.099
2025-10-16 08:38:04,        0,  42.9,  41.7,  25.1, 56.848, 50.160,  2.861,2599433.9,  1,  21.1,   0.9, 0.099
2025-10-16 08:38:06,        0,  46.2,  51.5,  25.1, 63.002, 56.082,  3.546,2661224.3,  1,  21.1,   1.0, 0.099
2025-10-16 08:38:07,        0,  47.7,  56.2,  25.1, 66.623, 59.243,  3.963,2716826.5,  1,  21.1,   1.0, 0.099
2025-10-16 08:38:07,        0,  44.4,  46.3,  25.1, 68.124, 60.636,  4.132,2772003.5,  1,  21.2,   1.0, 0.099
2025-10-16 08:38:08,        0,  48.4,  58.1,  25.2, 63.755, 56.785,  3.626,2825757.5,  1,  21.2,   1.0, 0.099
2025-10-16 08:38:10,        0,  44.1,  45.2,  25.1, 68.708, 61.224,  4.219,2895636.2,  1,  21.1,   1.0, 0.099
2025-10-16 08:38:11,        0,  47.8,  56.4,  25.1, 57.263, 50.727,  2.936,2944548.1,  1,  21.2,   1.0, 0.100
2025-10-16 08:38:12,        0,  45.8,  50.5,  25.1, 70.394, 62.915,  4.430,3003975.2,  1,  21.1,   1.0, 0.100
2025-10-16 08:38:12,        0,  44.8,  47.3,  25.1, 61.908, 55.052,  3.411,3059905.3,  1,  21.2,   1.0, 0.100
2025-10-16 08:38:14,        0,  39.9,  32.8,  25.2, 64.366, 57.480,  3.746,3126330.7,  1,  21.2,   1.0, 0.100
2025-10-16 08:38:15,        0,  46.1,  51.2,  25.2, 64.974, 57.979,  3.768,3172843.9,  1,  21.1,   1.0, 0.100
2025-10-16 08:38:16,        0,  45.4,  49.1,  25.2, 59.780, 53.076,  3.178,3224711.1,  1,  21.1,   1.0, 0.100
2025-10-16 08:38:16,        0,  47.7,  56.0,  25.2, 73.890, 66.214,  4.906,3283237.2,  1,  21.2,   1.0, 0.100
2025-10-16 08:38:17,        0,  48.9,  59.7,  25.2, 68.385, 61.176,  4.188,3344446.4,  1,  21.2,   1.0, 0.100
2025-10-16 08:38:19,        0,  48.5,  58.5,  25.2, 48.774, 42.981,  2.104,3405501.9,  1,  21.1,   1.0, 0.100
2025-10-16 08:38:20,        0,  46.7,  53.1,  25.2, 68.552, 61.461,  4.231,3463609.0,  1,  21.1,   1.0, 0.100
2025-10-16 08:38:20,        0,  49.7,  62.2,  25.2, 52.693, 46.500,  2.516,3513719.2,  1,  21.2,   1.0, 0.100
2025-10-16 08:38:21,        0,  46.1,  51.2,  25.3, 69.143, 62.093,  4.295,3572160.5,  1,  21.2,   1.0, 0.100
2025-10-16 08:38:23,        0,  47.7,  56.2,  25.2, 59.633, 52.933,  3.158,3634052.5,  1,  21.1,   1.0, 0.100
2025-10-16 08:38:24,        0,  44.9,  47.8,  25.2, 65.295, 58.322,  3.816,3689242.7,  1,  21.2,   1.0, 0.100
2025-10-16 08:38:25,        0,  37.8,  26.5,  25.2, 47.347, 41.498,  1.987,3734867.1,  1,  21.2,   1.0, 0.100
2025-10-16 08:38:25,        0,  44.0,  45.0,  25.3, 58.526, 51.534,  3.035,3778663.8,  1,  21.2,   1.0, 0.100
2025-10-16 08:38:27,        0,  48.0,  56.9,  25.3, 50.870, 44.344,  2.336,3827317.4,  1,  21.2,   1.0, 0.100
2025-10-16 08:38:28,        0,  42.4,  40.3,  25.3, 47.849, 41.717,  2.091,3872612.8,  1,  21.2,   1.0, 0.100
2025-10-16 08:38:29,        0,  41.2,  36.5,  25.3, 59.756, 52.362,  3.152,3918331.9,  1,  21.1,   1.0, 0.100
2025-10-16 08:38:29,        0,  47.0,  54.1,  25.3, 62.553, 54.816,  3.435,3965012.4,  1,  21.2,   1.0, 0.100
2025-10-16 08:38:31,        0,  44.8,  47.3,  25.3, 49.388, 42.744,  2.117,4019139.3,  1,  21.1,   1.0, 0.100
2025-10-16 08:38:32,        0,  33.9,  14.6,  25.3, 45.081, 38.765,  1.793,4061313.7,  1,  21.2,   1.0, 0.100
2025-10-16 08:38:33,        0,  37.4,  25.2,  25.3, 50.543, 43.428,  2.275,4097376.0,  1,  21.1,   1.0, 0.100
2025-10-16 08:38:33,        0,  41.2,  36.6,  25.3, 40.915, 34.670,  1.436,4132220.4,  1,  21.1,   1.0, 0.100
2025-10-16 08:38:34,        0,  44.5,  46.4,  25.3, 50.622, 43.299,  2.204,4173295.5,  1,  21.1,   1.0, 0.100
2025-10-16 08:38:36,        0,  37.9,  26.8,  25.3, 50.440, 43.152,  2.203,4228173.9,  1,  21.1,   1.0, 0.100
2025-10-16 08:38:37,        0,  43.5,  43.6,  25.3, 51.741, 44.153,  2.303,4265324.6,  1,  21.2,   1.0, 0.100
2025-10-16 08:38:37,        0,  42.7,  41.2,  25.3, 49.439, 42.091,  2.083,4307607.1,  1,  21.2,   1.0, 0.100
2025-10-16 08:38:38,        0,  41.5,  37.5,  25.3, 55.131, 47.108,  2.598,4352266.3,  1,  21.2,   0.9, 0.100
2025-10-16 08:38:40,        0,  37.8,  26.5,  25.3, 51.108, 43.342,  2.217,4398372.3,  1,  21.2,   0.9, 0.100
2025-10-16 08:38:41,        0,  42.8,  41.5,  25.3, 48.770, 41.235,  2.024,4435349.9,  1,  21.2,   0.9, 0.100
2025-10-16 08:38:42,        0,  36.8,  23.5,  25.3, 40.407, 33.720,  1.389,4469414.3,  1,  21.1,   0.9, 0.100
2025-10-16 08:38:42,        0,  40.1,  33.3,  25.3, 43.365, 36.224,  1.577,4501381.2,  1,  21.1,   0.9, 0.100
2025-10-16 08:38:44,        0,  38.6,  28.9,  25.3, 37.759, 31.144,  1.194,4538554.6,  1,  21.1,   0.9, 0.100
2025-10-16 08:38:45,        0,  38.6,  28.8,  25.3, 39.198, 32.287,  1.266,4568597.4,  1,  21.2,   1.0, 0.100
2025-10-16 08:38:46,        0,  38.6,  28.8,  25.3, 45.501, 37.681,  1.718,4601086.5,  1,  21.2,   0.9, 0.100
2025-10-16 08:38:46,        0,  38.6,  28.9,  25.3, 40.567, 33.364,  1.356,4632390.4,  1,  21.2,   1.0, 0.100
2025-10-16 08:38:47,        0,  32.7,  11.1,  25.3, 35.535, 28.924,  1.046,4658092.7,  1,  21.1,   1.0, 0.100
2025-10-16 08:38:49,        0,  37.7,  26.1,  25.3, 33.122, 26.768,  0.889,4685320.8,  1,  21.1,   1.0, 0.100
2025-10-16 08:38:50,        0,  34.9,  17.6,  25.3, 30.600, 24.536,  0.760,4709661.1,  1,  21.1,   1.0, 0.100
2025-10-16 08:38:50,        0,  36.7,  23.2,  25.3, 32.906, 26.389,  0.876,4732948.9,  1,  21.1,   1.0, 0.100
2025-10-16 08:38:51,        0,  34.6,  16.7,  25.3, 34.612, 27.749,  0.963,4757748.0,  1,  21.1,   1.0, 0.100
2025-10-16 08:38:53,        0,  33.5,  13.4,  25.4, 28.616, 22.608,  0.651,4780460.1,  1,  21.1,   1.0, 0.100
2025-10-16 08:38:54,        0,  36.8,  23.3,  25.3, 28.200, 22.214,  0.631,4800147.9,  1,  21.1,   1.0, 0.100
2025-10-16 08:38:55,        0,  36.5,  22.6,  25.3, 28.391, 22.295,  0.644,4820469.0,  1,  21.1,   1.0, 0.100
2025-10-16 08:38:55,        0,  33.2,  12.5,  25.3, 22.102, 16.944,  0.377,4839721.8,  1,  21.1,   1.0, 0.100
2025-10-16 08:38:57,        0,  35.3,  18.8,  25.3, 28.831, 22.493,  0.653,4864318.5,  1,  21.1,   1.0, 0.100
2025-10-16 08:38:58,        0,  35.5,  19.5,  25.3, 26.962, 20.874,  0.563,4884311.8,  1,  21.1,   0.9, 0.100
2025-10-16 08:38:59,        0,  35.3,  19.0,  25.3, 30.144, 23.494,  0.709,4904786.3,  1,  21.1,   0.9, 0.100
2025-10-16 08:38:59,        0,  33.2,  12.5,  25.3, 26.270, 20.227,  0.534,4925055.4,  1,  21.1,   0.9, 0.100
2025-10-16 08:39:00,        0,  31.8,   8.5,  25.3, 19.163, 14.320,  0.276,4938683.1,  1,  21.1,   0.9, 0.100
2025-10-16 08:39:02,        0,  33.9,  14.8,  25.3, 17.632, 13.055,  0.252,4954318.3,  1,  21.1,   0.9, 0.100
2025-10-16 08:39:03,        0,  33.6,  13.7,  25.3, 24.801, 18.928,  0.471,4971341.1,  1,  21.1,   1.0, 0.100
2025-10-16 08:39:03,        0,  31.6,   7.8,  25.3, 22.481, 16.951,  0.381,4987707.2,  1,  21.1,   1.0, 0.100
2025-10-16 08:39:04,        0,  34.2,  15.5,  25.3, 20.760, 15.521,  0.327,5000480.8,  1,  21.1,   1.0, 0.100
2025-10-16 08:39:06,        0,  33.3,  12.9,  25.3, 21.528, 16.124,  0.348,5018710.6,  1,  21.1,   1.0, 0.100
2025-10-16 08:39:07,        0,  33.5,  13.5,  25.3, 21.227, 15.835,  0.342,5032969.9,  1,  21.1,   1.0, 0.100
2025-10-16 08:39:08,        0,  32.5,  10.4,  25.4, 21.640, 16.189,  0.351,5048182.7,  1,  21.1,   1.0, 0.100
2025-10-16 08:39:08,        0,  30.8,   5.3,  25.3, 20.166, 14.952,  0.306,5061228.7,  1,  21.1,   1.0, 0.100
2025-10-16 08:39:10,        0,  32.5,  10.6,  25.3, 16.487, 11.959,  0.198,5073805.7,  1,  21.1,   1.0, 0.100
2025-10-16 08:39:11,        0,  33.4,  13.2,  25.3, 18.624, 13.659,  0.255,5087015.6,  1,  21.1,   1.0, 0.100
2025-10-16 08:39:12,        0,  33.1,  12.3,  25.3, 17.360, 12.586,  0.220,5100432.9,  1,  21.1,   0.9, 0.100
2025-10-16 08:39:12,        0,  33.2,  12.5,  25.4, 18.372, 13.367,  0.246,5113895.5,  1,  21.1,   0.9, 0.100
2025-10-16 08:39:13,        0,  33.1,  12.2,  25.4, 18.951, 13.830,  0.266,5126878.2,  1,  21.1,   0.9, 0.100
2025-10-16 08:39:15,        0,  33.0,  12.0,  25.3, 15.329, 10.880,  0.167,5141169.0,  1,  21.1,   0.9, 0.100
2025-10-16 08:39:16,        0,  30.9,   5.7,  25.4, 19.318, 14.058,  0.272,5152029.8,  1,  21.1,   0.9, 0.100
2025-10-16 08:39:16,        0,  31.8,   8.3,  25.3, 15.963, 11.393,  0.187,5161166.9,  1,  21.2,   0.9, 0.100
2025-10-16 08:39:17,        0,  31.2,   6.5,  25.3, 16.042, 11.413,  0.183,5171396.2,  1,  21.1,   0.9, 0.100
2025-10-16 08:39:19,        0,  31.5,   7.4,  25.4, 13.613,  9.451,  0.131,5182273.4,  1,  21.1,   0.9, 0.100
2025-10-16 08:39:20,        0,  31.7,   8.0,  25.3, 12.453,  8.526,  0.108,5191141.5,  1,  21.1,   0.9, 0.100
2025-10-16 08:39:21,        0,  31.3,   6.9,  25.3, 13.663,  9.506,  0.131,5200118.1,  1,  21.2,   0.9, 0.100
2025-10-16 08:39:21,        0,  32.1,   9.4,  25.3, 13.714,  9.545,  0.132,5208966.4,  1,  21.1,   0.9, 0.100
2025-10-16 08:39:23,        0,  32.6,  10.8,  25.3, 11.983,  8.150,  0.099,5218720.0,  1,  21.2,   1.0, 0.100
2025-10-16 08:39:24,        0,  30.4,   4.1,  25.4, 12.096,  8.195,  0.101,5227599.8,  1,  21.1,   1.0, 0.100
2025-10-16 08:39:25,        0,  31.4,   7.2,  25.3, 13.810,  9.528,  0.134,5235803.6,  1,  21.2,   1.0, 0.100
2025-10-16 08:39:25,        0,  30.3,   3.8,  25.3, 10.928,  7.212,  0.086,5243863.2,  1,  21.1,   0.9, 0.100
2025-10-16 08:39:27,        0,  31.4,   7.3,  25.3,  9.974,  6.454,  0.066,5251987.0,  1,  21.2,   1.0, 0.100
2025-10-16 08:39:28,        0,  30.2,   3.7,  25.4, 12.747,  8.619,  0.111,5259490.9,  1,  21.1,   1.0, 0.100
2025-10-16 08:39:28,        0,  31.2,   6.7,  25.4, 11.357,  7.516,  0.086,5266111.3,  1,  21.1,   1.0, 0.100
2025-10-16 08:39:29,        0,  28.8,   0.0,  25.4,  8.303,  5.116,  0.045,5271598.9,  1,  21.1,   1.0, 0.100
2025-10-16 08:39:31,        0,  30.6,   4.8,  25.4, 12.536,  8.440,  0.106,5279055.5,  1,  21.1,   1.0, 0.100
2025-10-16 08:39:32,        0,  31.3,   6.9,  25.4, 10.180,  6.583,  0.067,5285150.0,  1,  21.1,   1.0, 0.100
2025-10-16 08:39:33,        0,  30.8,   5.3,  25.3,  8.758,  5.453,  0.048,5291322.8,  1,  21.1,   1.0, 0.100
2025-10-16 08:39:33,        0,  30.7,   5.1,  25.3, 13.059,  8.825,  0.116,5298822.1,  1,  21.2,   1.0, 0.100
2025-10-16 08:39:35,        0,  30.8,   5.3,  25.4, 10.533,  6.831,  0.072,5306723.7,  1,  21.2,   1.0, 0.100
2025-10-16 08:39:36,        0,  30.5,   4.5,  25.3,  9.327,  5.880,  0.055,5312495.9,  1,  21.1,   1.0, 0.100
2025-10-16 08:39:37,        0,  29.0,   0.0,  25.4, 10.036,  6.426,  0.065,5317999.9,  1,  21.1,   1.0, 0.100
2025-10-16 08:39:37,        0,  30.1,   3.2,  25.3, 10.830,  7.072,  0.077,5322835.8,  1,  21.2,   1.0, 0.100
2025-10-16 08:39:39,        0,  30.8,   5.5,  25.3,  8.645,  5.368,  0.046,5328587.9,  1,  21.2,   0.9, 0.100
2025-10-16 08:39:40,        0,  30.7,   5.0,  25.3,  7.763,  4.685,  0.038,5333612.9,  1,  21.2,   1.0, 0.100
2025-10-16 08:39:40,        0,  30.3,   3.9,  25.4,  9.473,  6.028,  0.057,5339218.3,  1,  21.1,   0.9, 0.100
2025-10-16 08:39:41,        0,  30.2,   3.6,  25.4,  9.008,  5.663,  0.051,5344696.7,  1,  21.1,   0.9, 0.100
2025-10-16 08:39:43,        0,  30.2,   3.6,  25.3,  5.226,  2.719,  0.020,5349280.3,  1,  21.1,   0.9, 0.100
2025-10-16 08:39:44,        0,  30.2,   3.6,  25.3,  7.821,  4.723,  0.037,5353772.2,  1,  21.2,   0.9, 0.100
2025-10-16 08:39:45,        0,  30.1,   3.4,  25.3,  7.923,  4.806,  0.038,5358373.8,  1,  21.2,   0.9, 0.100
2025-10-16 08:39:45,        0,  29.3,   0.8,  25.4,  8.597,  5.343,  0.046,5362812.5,  1,  21.2,   0.9, 0.100
2025-10-16 08:39:47,        0,  30.3,   3.8,  25.3,  8.171,  5.020,  0.041,5366392.0,  1,  21.2,   0.9, 0.100
2025-10-16 08:39:48,        0,  30.0,   2.9,  25.4,  8.168,  5.014,  0.041,5371201.1,  1,  21.2,   0.9, 0.100
2025-10-16 08:39:49,        0,  29.6,   1.8,  25.3,  8.216,  5.062,  0.042,5375735.7,  1,  21.2,   0.9, 0.100
2025-10-16 08:39:49,        0,  29.7,   2.2,  25.3,  6.768,  3.954,  0.033,5378772.9,  1,  21.2,   0.9, 0.100
2025-10-16 08:39:50,        0,  29.9,   2.7,  25.3,  2.490,  0.558,  0.002,5379842.8,  1,  21.1,   0.8, 0.100
2025-10-16 08:39:52,        0,  29.7,   2.2,  25.3,  5.420,  2.842,  0.017,5382673.8,  1,  21.2,   0.9, 0.100
2025-10-16 08:39:53,        0,  29.8,   2.4,  25.4,  1.723,  0.078,  0.000,5382763.9,  1,  21.1,   0.9, 0.100
2025-10-16 08:39:53,        0,  29.9,   2.7,  25.3,  1.408, -0.001,  0.000,5382767.3,  1,  21.2,   0.9, 0.100
2025-10-16 08:39:54,        0,  30.0,   3.1,  25.3,  7.361,  4.677,  0.034,5386057.2,  1,  21.2,   0.9, 0.100
2025-10-16 08:39:56,        0,  30.5,   4.4,  25.3,  8.480,  5.445,  0.046,5391774.0,  1,  21.1,   0.9, 0.100
2025-10-16 08:39:57,        0,  30.1,   3.2,  25.3,  7.814,  4.879,  0.038,5396146.9,  1,  21.1,   0.9, 0.100
2025-10-16 08:39:58,        0,  29.9,   2.7,  25.3,  7.374,  4.520,  0.033,5400369.7,  1,  21.1,   0.9, 0.100
2025-10-16 08:39:58,        0,  29.9,   2.7,  25.3,  7.450,  4.576,  0.034,5404611.8,  1,  21.1,   0.9, 0.100
2025-10-16 08:40:00,        0,  30.1,   3.4,  25.3,  5.146,  2.676,  0.016,5409341.7,  1,  21.2,   0.9, 0.100
2025-10-16 08:40:01,        0,  29.3,   0.9,  25.3,  4.484,  2.128,  0.012,5412285.0,  1,  21.2,   0.9, 0.100
2025-10-16 08:40:02,        0,  29.5,   1.5,  25.3,  1.711,  0.057,  0.000,5412368.8,  1,  21.2,   0.9, 0.100
2025-10-16 08:40:02,        0,  29.7,   2.2,  25.3,  1.479,  0.007,  0.000,5412375.5,  1,  21.1,   0.9, 0.100
2025-10-16 08:40:03,        0,  29.1,   0.4,  25.3,  1.325, -0.006,  0.000,5412371.3,  1,  21.2,   0.9, 0.100
2025-10-16 08:40:05,        0,  30.0,   2.9,  25.3,  1.238, -0.007,  0.000,5412362.9,  1,  21.2,   0.9, 0.100
2025-10-16 08:40:06,        0,  29.8,   2.5,  25.3,  3.395,  1.342,  0.006,5414753.9,  1,  21.2,   1.0, 0.100
2025-10-16 08:40:07,        0,  29.9,   2.7,  25.3,  5.671,  3.371,  0.021,5418017.4,  1,  21.1,   0.9, 0.100
2025-10-16 08:40:07,        0,  29.4,   1.3,  25.3,  6.775,  4.347,  0.029,5421808.9,  1,  21.2,   0.9, 0.100
2025-10-16 08:40:09,        0,  29.7,   2.0,  25.3,  1.800,  0.098,  0.000,5422944.2,  1,  21.2,   0.9, 0.100
2025-10-16 08:40:10,        0,  29.4,   1.3,  25.4,  3.654,  1.635,  0.008,5424253.5,  1,  21.1,   0.9, 0.100
2025-10-16 08:40:11,        0,  29.7,   2.0,  25.3,  1.677,  0.085,  0.000,5424412.8,  1,  21.2,   0.9, 0.100
2025-10-16 08:40:11,        0,  29.8,   2.5,  25.3,  1.399,  0.007,  0.000,5424419.5,  1,  21.1,   0.9, 0.100
2025-10-16 08:40:12,        0,  29.8,   2.5,  25.3,  1.259, -0.005,  0.000,5424415.3,  1,  21.1,   0.9, 0.100
2025-10-16 08:40:14,        0,  30.0,   3.1,  25.3,  1.195, -0.007,  0.000,5425918.1,  1,  21.2,   1.0, 0.100
2025-10-16 08:40:15,        0,  29.8,   2.4,  25.3,  6.428,  4.368,  0.028,5430105.3,  1,  21.1,   1.0, 0.100
2025-10-16 08:40:15,        0,  30.0,   2.9,  25.3,  2.858,  0.989,  0.005,5432290.9,  1,  21.1,   0.9, 0.100
2025-10-16 08:40:16,        0,  29.7,   2.2,  25.3,  4.369,  2.311,  0.012,5434285.8,  1,  21.1,   0.9, 0.100
2025-10-16 08:40:18,        0,  29.1,   0.3,  25.3,  4.659,  2.866,  0.019,5436196.5,  1,  21.2,   0.9, 0.100
2025-10-16 08:40:19,        0,  29.7,   2.0,  25.3,  1.892,  0.217,  0.000,5436419.8,  1,  21.2,   0.9, 0.100
2025-10-16 08:40:20,        0,  29.7,   2.2,  25.3,  1.343,  0.002,  0.000,5436426.1,  1,  21.2,   0.9, 0.100
2025-10-16 08:40:20,        0,  29.7,   2.2,  25.3,  1.258, -0.006,  0.000,5436421.1,  1,  21.1,   0.9, 0.100
2025-10-16 08:40:21,        0,  29.8,   2.4,  25.3,  1.199, -0.007,  0.000,5436412.7,  1,  21.1,   1.0, 0.100
2025-10-16 08:40:23,        0,  30.0,   2.9,  25.3,  1.129, -0.009,  0.000,5436589.1,  1,  21.2,   0.9, 0.100
2025-10-16 08:40:24,        0,  29.8,   2.5,  25.3,  6.236,  4.353,  0.027,5439602.9,  1,  21.2,   0.9, 0.100
2025-10-16 08:40:24,        0,  29.9,   2.7,  25.3,  4.818,  3.087,  0.019,5441481.7,  1,  21.1,   0.9, 0.100
2025-10-16 08:40:25,        0,  29.7,   2.2,  25.3,  4.385,  2.477,  0.013,5443847.0,  1,  21.2,   1.0, 0.100
2025-10-16 08:40:27,        0,  29.7,   2.0,  25.3,  1.402,  0.013,  0.000,5443893.6,  1,  21.1,   0.9, 0.100
2025-10-16 08:40:28,        0,  29.8,   2.4,  25.3,  1.289, -0.004,  0.000,5443889.8,  1,  21.1,   0.9, 0.100
2025-10-16 08:40:29,        0,  29.7,   2.0,  25.3,  1.193, -0.007,  0.000,5443882.7,  1,  21.2,   0.9, 0.100
2025-10-16 08:40:29,        0,  29.8,   2.4,  25.3,  1.141, -0.008,  0.000,5443875.1,  1,  21.1,   0.9, 0.100
2025-10-16 08:40:31,        0,  29.7,   2.2,  25.3,  1.070, -0.009,  0.000,5443865.5,  1,  21.1,   0.9, 0.100
2025-10-16 08:40:32,        0,  29.9,   2.7,  25.3,  1.032, -0.009,  0.000,5443857.1,  1,  21.2,   0.9, 0.100
2025-10-16 08:40:33,        0,  30.0,   3.0,  25.3,  6.091,  4.357,  0.027,5448030.9,  1,  21.1,   0.9, 0.100
2025-10-16 08:40:33,        0,  29.8,   2.5,  25.3,  6.376,  4.555,  0.029,5452298.5,  1,  21.1,   0.9, 0.100
2025-10-16 08:40:34,        0,  30.0,   3.1,  25.3,  2.585,  0.825,  0.002,5454149.2,  1,  21.1,   0.9, 0.100
2025-10-16 08:40:36,        0,  29.6,   1.7,  25.3,  2.153,  0.459,  0.001,5456731.7,  1,  21.1,   0.9, 0.100
2025-10-16 08:40:37,        0,  29.4,   1.3,  25.3,  1.426,  0.018,  0.000,5456757.3,  1,  21.1,   0.9, 0.100
2025-10-16 08:40:37,        0,  29.5,   1.5,  25.3,  1.301, -0.003,  0.000,5456753.9,  1,  21.1,   0.9, 0.100
2025-10-16 08:40:38,        0,  29.3,   1.0,  25.3,  1.203, -0.008,  0.000,5456747.2,  1,  21.1,   0.9, 0.100
2025-10-16 08:40:40,        0,  29.4,   1.1,  25.3,  1.155, -0.009,  0.000,5456736.7,  1,  21.2,   0.9, 0.100
2025-10-16 08:40:41,        0,  29.4,   1.1,  25.3,  1.088, -0.009,  0.000,5456728.3,  1,  21.1,   1.0, 0.100
2025-10-16 08:40:42,        0,  29.4,   1.1,  25.3,  1.043, -0.007,  0.000,5456721.6,  1,  21.1,   0.9, 0.100
2025-10-16 08:40:42,        0,  29.5,   1.5,  25.3,  1.001, -0.008,  0.000,5456713.7,  1,  21.1,   0.9, 0.100
2025-10-16 08:40:43,        0,  29.5,   1.5,  25.3,  0.950, -0.009,  0.000,5456705.7,  1,  21.2,   0.9, 0.100
2025-10-16 08:40:45,        0,  29.6,   1.7,  25.3,  0.902, -0.008,  0.000,5456696.5,  1,  21.2,   0.9, 0.100
2025-10-16 08:40:46,        0,  29.6,   1.7,  25.3,  0.872, -0.007,  0.000,5456688.5,  1,  21.1,   0.9, 0.100
2025-10-16 08:40:46,        0,  29.7,   2.2,  25.3,  0.845, -0.008,  0.000,5456681.4,  1,  21.1,   0.9, 0.100
2025-10-16 08:40:47,        0,  29.6,   1.8,  25.3,  0.809, -0.009,  0.000,5456673.0,  1,  21.1,   0.9, 0.100
2025-10-16 08:40:49,        0,  29.7,   2.2,  25.3,  0.789, -0.008,  0.000,5456664.2,  1,  21.2,   0.9, 0.100
2025-10-16 08:40:50,        0,  29.7,   2.2,  25.3,  0.755, -0.007,  0.000,5456657.1,  1,  21.1,   0.9, 0.100
2025-10-16 08:40:51,        0,  29.8,   2.5,  25.3,  0.733, -0.007,  0.000,5456650.4,  1,  21.1,   0.9, 0.100
2025-10-16 08:40:51,        0,  29.9,   2.7,  25.3,  0.714, -0.007,  0.000,5456643.3,  1,  21.1,   0.9, 0.100
2025-10-16 08:40:53,        0,  29.9,   2.7,  25.3,  5.223,  3.563,  0.021,5460597.9,  1,  21.1,   0.9, 0.100
2025-10-16 08:40:54,        0,  29.7,   2.0,  25.3,  6.020,  4.359,  0.026,5464536.5,  1,  21.1,   0.9, 0.100
2025-10-16 08:40:55,        0,  29.7,   2.0,  25.3,  1.551,  0.061,  0.000,5464811.4,  1,  21.1,   0.9, 0.100
2025-10-16 08:40:55,        0,  29.0,   0.0,  25.3,  1.335,  0.002,  0.000,5464816.9,  1,  21.1,   0.9, 0.100
2025-10-16 08:40:56,        0,  29.3,   1.0,  25.3,  1.247, -0.006,  0.000,5464811.4,  1,  21.1,   1.0, 0.100
2025-10-16 08:40:58,        0,  29.4,   1.3,  25.3,  1.164, -0.009,  0.000,5464801.4,  1,  21.1,   0.9, 0.100
2025-10-16 08:40:59,        0,  29.3,   0.8,  25.3,  1.114, -0.008,  0.000,5464793.0,  1,  21.1,   0.9, 0.100
2025-10-16 08:40:59,        0,  29.5,   1.5,  25.3,  1.041, -0.008,  0.000,5464786.7,  1,  21.1,   1.0, 0.100
2025-10-16 08:41:00,        0,  29.4,   1.3,  25.3,  0.996, -0.007,  0.000,5464779.6,  1,  21.1,   0.9, 0.100
2025-10-16 08:41:02,        0,  29.6,   1.7,  25.3,  0.938, -0.008,  0.000,5464770.4,  1,  21.1,   1.0, 0.100
2025-10-16 08:41:03,        0,  29.5,   1.5,  25.3,  0.903, -0.008,  0.000,5464762.4,  1,  21.1,   1.0, 0.100
2025-10-16 08:41:04,        0,  29.6,   1.7,  25.3,  0.855, -0.008,  0.000,5464755.7,  1,  21.1,   0.9, 0.100
2025-10-16 08:41:04,        0,  29.6,   1.8,  25.3,  0.823, -0.007,  0.000,5464748.6,  1,  21.1,   0.9, 0.100
2025-10-16 08:41:06,        0,  29.6,   1.7,  25.3,  0.779, -0.007,  0.000,5464740.6,  1,  21.1,   0.9, 0.100
2025-10-16 08:41:07,        0,  29.7,   2.0,  25.3,  0.754, -0.007,  0.000,5464733.9,  1,  21.2,   1.0, 0.100
2025-10-16 08:41:08,        0,  29.6,   1.8,  25.3,  0.727, -0.006,  0.000,5464728.0,  1,  21.1,   1.0, 0.100
2025-10-16 08:41:08,        0,  29.7,   2.0,  25.3,  0.693, -0.007,  0.000,5464721.8,  1,  21.2,   1.0, 0.100
2025-10-16 08:41:09,        0,  29.8,   2.3,  25.3,  0.671, -0.006,  0.000,5464715.9,  1,  21.1,   1.0, 0.100
2025-10-16 08:41:11,        0,  29.8,   2.3,  25.3,  0.638, -0.006,  0.000,5464708.3,  1,  21.2,   1.0, 0.100
2025-10-16 08:41:12,        0,  29.7,   2.0,  25.3,  0.618, -0.005,  0.000,5464704.1,  1,  21.1,   1.0, 0.100
2025-10-16 08:41:12,        0,  29.6,   1.8,  25.3,  0.599, -0.005,  0.000,5464698.3,  1,  21.2,   1.0, 0.100
2025-10-16 08:41:13,        0,  29.8,   2.4,  25.3,  0.574, -0.006,  0.000,5464692.4,  1,  21.1,   1.0, 0.100
2025-10-16 08:41:15,        0,  29.8,   2.4,  25.3,  0.558, -0.006,  0.000,5464686.5,  1,  21.1,   1.0, 0.100
2025-10-16 08:41:16,        0,  29.8,   2.4,  25.3,  0.538, -0.006,  0.000,5464681.1,  1,  21.1,   1.0, 0.100
2025-10-16 08:41:16,        0,  29.8,   2.3,  25.3,  0.525, -0.005,  0.000,5464675.2,  1,  21.2,   1.0, 0.100
2025-10-16 08:41:17,        0,  29.7,   2.2,  25.3,  0.513, -0.006,  0.000,5464670.2,  1,  21.1,   1.0, 0.100
2025-10-16 08:41:19,        0,  29.8,   2.3,  25.3,  0.498, -0.006,  0.000,5465733.9,  1,  21.1,   1.0, 0.100
2025-10-16 08:41:20,        0,  29.8,   2.5,  25.3,  2.942,  1.266,  0.006,5468386.7,  1,  21.2,   1.0, 0.100
2025-10-16 08:41:20,        0,  29.7,   2.2,  25.3,  2.051,  0.392,  0.001,5470132.7,  1,  21.1,   1.0, 0.100
2025-10-16 08:41:21,        0,  29.6,   1.8,  25.3,  1.408,  0.015,  0.000,5470155.7,  1,  21.2,   1.0, 0.100
2025-10-16 08:41:23,        0,  29.4,   1.3,  25.3,  1.246, -0.006,  0.000,5470151.1,  1,  21.1,   1.0, 0.100
2025-10-16 08:41:24,        0,  29.6,   1.7,  25.3,  1.185, -0.009,  0.000,5470143.2,  1,  21.1,   1.0, 0.100
2025-10-16 08:41:24,        0,  29.5,   1.5,  25.3,  1.132, -0.008,  0.000,5470135.2,  1,  21.1,   1.0, 0.100
2025-10-16 08:41:25,        0,  29.5,   1.6,  25.3,  1.053, -0.007,  0.000,5470128.9,  1,  21.1,   1.0, 0.100
2025-10-16 08:41:27,        0,  29.6,   1.7,  25.3,  0.984, -0.007,  0.000,5470120.5,  1,  21.1,   1.0, 0.100
2025-10-16 08:41:28,        0,  29.6,   1.7,  25.3,  0.942, -0.007,  0.000,5470113.8,  1,  21.1,   0.9, 0.100
2025-10-16 08:41:28,        0,  29.5,   1.5,  25.3,  0.903, -0.007,  0.000,5470106.7,  1,  21.2,   1.0, 0.100
2025-10-16 08:41:29,        0,  29.6,   1.7,  25.3,  0.867, -0.007,  0.000,5470100.4,  1,  21.2,   0.9, 0.100
2025-10-16 08:41:31,        0,  29.6,   1.8,  25.3,  0.818, -0.007,  0.000,5470092.5,  1,  21.1,   1.0, 0.100
2025-10-16 08:41:32,        0,  29.6,   1.7,  25.3,  0.772, -0.006,  0.000,5470086.2,  1,  21.1,   1.0, 0.100
2025-10-16 08:41:33,        0,  29.6,   1.7,  25.3,  0.744, -0.007,  0.000,5470080.3,  1,  21.2,   0.9, 0.100
2025-10-16 08:41:33,        0,  29.6,   1.8,  25.3,  0.719, -0.006,  0.000,5470074.0,  1,  21.1,   1.0, 0.100
2025-10-16 08:41:35,        0,  29.6,   1.8,  25.3,  0.679, -0.006,  0.000,5470066.9,  1,  21.2,   1.0, 0.100
2025-10-16 08:41:36,        0,  29.6,   1.7,  25.3,  0.656, -0.006,  0.000,5470062.3,  1,  21.1,   1.0, 0.100
2025-10-16 08:41:37,        0,  29.7,   2.0,  25.3,  0.625, -0.006,  0.000,5470056.4,  1,  21.1,   1.0, 0.100
2025-10-16 08:41:37,        0,  29.7,   2.0,  25.3,  0.604, -0.006,  0.000,5470051.4,  1,  21.2,   1.0, 0.100
2025-10-16 08:41:38,        0,  29.7,   2.0,  25.3,  0.585, -0.005,  0.000,5470045.9,  1,  21.2,   1.0, 0.100
2025-10-16 08:41:40,        0,  29.7,   2.2,  25.3,  0.557, -0.005,  0.000,5470040.5,  1,  21.2,   1.0, 0.100
2025-10-16 08:41:41,        0,  29.7,   2.2,  25.3,  0.541, -0.005,  0.000,5470034.6,  1,  21.1,   1.0, 0.100
2025-10-16 08:41:42,        0,  29.7,   2.0,  25.3,  0.517, -0.005,  0.000,5470030.0,  1,  21.2,   1.0, 0.100
2025-10-16 08:41:42,        0,  29.7,   2.2,  25.3,  0.505, -0.005,  0.000,5470024.1,  1,  21.1,   1.0, 0.100
2025-10-16 08:41:44,        0,  29.7,   2.2,  25.3,  0.487, -0.005,  0.000,5470018.3,  1,  21.2,   1.0, 0.100
2025-10-16 08:41:45,        0,  29.7,   2.2,  25.3,  0.478, -0.005,  0.000,5470013.7,  1,  21.2,   1.0, 0.100
2025-10-16 08:41:46,        0,  29.7,   2.2,  25.3,  0.469, -0.005,  0.000,5470008.2,  1,  21.2,   1.0, 0.100
2025-10-16 08:41:46,        0,  29.7,   2.0,  25.3,  0.458, -0.006,  0.000,5470002.8,  1,  21.1,   1.0, 0.100
2025-10-16 08:41:47,        0,  29.7,   2.2,  25.3,  0.451, -0.006,  0.000,5469997.3,  1,  21.2,   1.0, 0.100
2025-10-16 08:41:49,        0,  29.8,   2.3,  25.3,  0.442, -0.006,  0.000,5469990.6,  1,  21.2,   1.0, 0.100
2025-10-16 08:41:50,        0,  29.8,   2.3,  25.3,  0.437, -0.005,  0.000,5469985.6,  1,  21.2,   1.0, 0.100
2025-10-16 08:41:50,        0,  29.8,   2.3,  25.3,  0.431, -0.006,  0.000,5469979.7,  1,  21.2,   1.0, 0.100
2025-10-16 08:41:51,        0,  29.7,   2.2,  25.3,  0.427, -0.006,  0.000,5469974.7,  1,  21.2,   1.0, 0.100
2025-10-16 08:41:53,        0,  29.8,   2.4,  25.3,  0.422, -0.005,  0.000,5469968.4,  1,  21.2,   1.0, 0.100
2025-10-16 08:41:54,        0,  29.8,   2.4,  25.3,  0.419, -0.006,  0.000,5469962.5,  1,  21.2,   1.0, 0.100
2025-10-16 08:41:55,        0,  29.8,   2.4,  25.3,  0.416, -0.006,  0.000,5469956.7,  1,  21.2,   1.0, 0.100
2025-10-16 08:41:55,        0,  29.8,   2.5,  25.3,  0.412, -0.006,  0.000,5469951.2,  1,  21.2,   1.0, 0.100
2025-10-16 08:41:56,        0,  29.7,   2.2,  25.3,  0.409, -0.006,  0.000,5469945.4,  1,  21.2,   1.0, 0.100
2025-10-16 08:41:58,        0,  29.8,   2.5,  25.3,  0.405, -0.005,  0.000,5469939.9,  1,  21.2,   1.0, 0.100
2025-10-16 08:41:59,        0,  29.8,   2.4,  25.3,  0.402, -0.006,  0.000,5469934.0,  1,  21.2,   1.0, 0.100
2025-10-16 08:41:59,        0,  29.8,   2.5,  25.3,  0.400, -0.006,  0.000,5469928.2,  1,  21.2,   1.0, 0.100
2025-10-16 08:42:00,        0,  29.9,   2.7,  25.3,  0.397, -0.006,  0.000,5469923.6,  1,  21.2,   1.0, 0.100
2025-10-16 08:42:02,        0,  29.8,   2.5,  25.3,  5.942,  4.357,  0.026,5474010.6,  1,  21.2,   1.0, 0.100
2025-10-16 08:42:03,        0,  29.8,   2.4,  25.3,  3.747,  2.057,  0.010,5475346.7,  1,  21.2,   1.0, 0.100
2025-10-16 08:42:04,        0,  29.4,   1.1,  25.3,  1.493,  0.036,  0.000,5475398.2,  1,  21.2,   1.0, 0.100
2025-10-16 08:42:04,        0,  29.6,   1.8,  25.3,  1.310,  0.001,  0.000,5475398.2,  1,  21.2,   1.0, 0.100
2025-10-16 08:42:06,        0,  29.5,   1.5,  25.3,  1.191, -0.008,  0.000,5475388.6,  1,  21.2,   1.0, 0.100
2025-10-16 08:42:07,        0,  29.6,   1.7,  25.3,  1.111, -0.007,  0.000,5475381.4,  1,  21.2,   1.0, 0.100
2025-10-16 08:42:08,        0,  29.4,   1.1,  25.3,  1.061, -0.008,  0.000,5475373.5,  1,  21.2,   1.0, 0.100
2025-10-16 08:42:08,        0,  29.5,   1.5,  25.3,  1.016, -0.007,  0.000,5475366.8,  1,  21.2,   1.0, 0.100
2025-10-16 08:42:09,        0,  29.5,   1.5,  25.3,  0.970, -0.007,  0.000,5475359.6,  1,  21.2,   1.0, 0.100
2025-10-16 08:42:11,        0,  29.5,   1.6,  25.3,  0.908, -0.007,  0.000,5475351.3,  1,  21.2,   1.0, 0.100
2025-10-16 08:42:12,        0,  29.5,   1.5,  25.3,  0.852, -0.007,  0.000,5475344.6,  1,  21.2,   1.0, 0.100
2025-10-16 08:42:13,        0,  29.6,   1.7,  25.3,  0.818, -0.007,  0.000,5475337.8,  1,  21.2,   1.0, 0.100
2025-10-16 08:42:13,        0,  29.5,   1.5,  25.3,  0.788, -0.007,  0.000,5475330.7,  1,  21.2,   1.0, 0.100
2025-10-16 08:42:15,        0,  29.5,   1.5,  25.3,  0.741, -0.006,  0.000,5475324.0,  1,  21.2,   1.0, 0.100
2025-10-16 08:42:16,        0,  29.6,   1.7,  25.3,  0.715, -0.006,  0.000,5475318.6,  1,  21.2,   1.0, 0.100
2025-10-16 08:42:17,        0,  29.6,   1.7,  25.3,  0.672, -0.006,  0.000,5475312.7,  1,  21.2,   1.0, 0.100
2025-10-16 08:42:17,        0,  29.6,   1.7,  25.3,  0.649, -0.006,  0.000,5475306.8,  1,  21.2,   1.0, 0.100
2025-10-16 08:42:18,        0,  29.5,   1.5,  25.3,  0.626, -0.005,  0.000,5475302.2,  1,  21.2,   1.0, 0.100
2025-10-16 08:42:20,        0,  29.6,   1.7,  25.3,  0.591, -0.004,  0.000,5475296.4,  1,  21.2,   1.0, 0.100
2025-10-16 08:42:21,        0,  29.6,   1.7,  25.3,  0.565, -0.004,  0.000,5475293.0,  1,  21.2,   1.0, 0.100
2025-10-16 08:42:21,        0,  29.6,   1.7,  25.3,  0.533, -0.005,  0.000,5475288.4,  1,  21.2,   1.0, 0.100
2025-10-16 08:42:22,        0,  29.6,   1.8,  25.3,  0.513, -0.004,  0.000,5475285.0,  1,  21.2,   1.0, 0.100
2025-10-16 08:42:24,        0,  29.6,   1.7,  25.3,  0.483, -0.004,  0.000,5475280.9,  1,  21.2,   1.0, 0.100
2025-10-16 08:42:25,        0,  29.6,   1.7,  25.3,  0.464, -0.003,  0.000,5475277.1,  1,  21.2,   1.0, 0.100
2025-10-16 08:42:26,        0,  29.6,   1.8,  25.3,  0.447, -0.004,  0.000,5475273.7,  1,  21.2,   1.0, 0.100
2025-10-16 08:42:26,        0,  29.6,   1.8,  25.3,  0.427, -0.004,  0.000,5475270.0,  1,  21.2,   1.0, 0.100
2025-10-16 08:42:28,        0,  29.5,   1.5,  25.3,  0.410, -0.003,  0.000,5475264.9,  1,  21.2,   1.0, 0.100
2025-10-16 08:42:29,        0,  29.6,   1.8,  25.3,  0.399, -0.004,  0.000,5475261.2,  1,  21.2,   1.0, 0.100
2025-10-16 08:42:30,        0,  29.6,   1.8,  25.3,  0.390, -0.004,  0.000,5475257.0,  1,  21.2,   1.0, 0.100
2025-10-16 08:42:30,        0,  29.7,   2.0,  25.3,  0.377, -0.003,  0.000,5475253.2,  1,  21.2,   0.9, 0.100
2025-10-16 08:42:32,        0,  29.6,   1.8,  25.3,  0.368, -0.004,  0.000,5475248.2,  1,  21.2,   1.0, 0.100
2025-10-16 08:42:33,        0,  29.6,   1.8,  25.3,  0.358, -0.003,  0.000,5475244.8,  1,  21.2,   0.9, 0.100
2025-10-16 08:42:34,        0,  29.6,   1.8,  25.3,  0.350, -0.003,  0.000,5475241.5,  1,  21.3,   0.9, 0.100
2025-10-16 08:42:34,        0,  29.6,   1.8,  25.3,  0.342, -0.004,  0.000,5475238.5,  1,  21.2,   0.9, 0.100
2025-10-16 08:42:35,        0,  29.6,   1.8,  25.3,  0.331, -0.004,  0.000,5475235.2,  1,  21.2,   0.9, 0.100
2025-10-16 08:42:37,        0,  29.6,   1.8,  25.3,  0.324, -0.004,  0.000,5475230.1,  1,  21.2,   0.9, 0.100
2025-10-16 08:42:38,        0,  29.6,   1.8,  25.3,  0.313, -0.003,  0.000,5475227.2,  1,  21.2,   1.0, 0.100
2025-10-16 08:42:38,        0,  29.7,   2.0,  25.3,  0.308, -0.004,  0.000,5475223.4,  1,  21.2,   0.9, 0.100
2025-10-16 08:42:39,        0,  29.6,   1.8,  25.3,  0.302, -0.003,  0.000,5475220.5,  1,  21.2,   0.9, 0.100
2025-10-16 08:42:41,        0,  29.7,   2.0,  25.3,  0.292, -0.003,  0.000,5475218.0,  1,  21.2,   1.0, 0.100
2025-10-16 08:42:42,        0,  29.7,   2.0,  25.3,  0.285, -0.003,  0.000,5475213.8,  1,  21.2,   1.0, 0.100
2025-10-16 08:42:43,        0,  29.7,   2.0,  25.3,  0.274, -0.002,  0.000,5475212.1,  1,  21.2,   1.0, 0.100
2025-10-16 08:42:43,        0,  29.6,   1.8,  25.3,  0.266, -0.003,  0.000,5475209.6,  1,  21.2,   1.0, 0.100
2025-10-16 08:42:45,        0,  29.7,   2.0,  25.3,  0.253, -0.002,  0.000,5475207.5,  1,  21.2,   1.0, 0.100
2025-10-16 08:42:46,        0,  29.7,   2.0,  25.3,  0.245, -0.002,  0.000,5475205.0,  1,  21.2,   1.0, 0.100
2025-10-16 08:42:47,        0,  29.7,   2.0,  25.3,  0.235, -0.001,  0.000,5475204.2,  1,  21.2,   0.9, 0.100
2025-10-16 08:42:47,        0,  29.6,   1.8,  25.3,  0.220, -0.002,  0.000,5475202.5,  1,  21.2,   1.0, 0.100
2025-10-16 08:42:48,        0,  29.7,   2.0,  25.3,  0.214, -0.002,  0.000,5475200.8,  1,  21.2,   1.0, 0.100
2025-10-16 08:42:50,        0,  29.6,   1.8,  25.3,  0.205, -0.003,  0.000,5475198.3,  1,  21.3,   1.0, 0.100
2025-10-16 08:42:51,        0,  29.7,   2.0,  25.3,  0.201, -0.002,  0.000,5475195.8,  1,  21.2,   0.9, 0.100
2025-10-16 08:42:51,        0,  29.7,   2.0,  25.3,  0.197, -0.002,  0.000,5475193.7,  1,  21.3,   1.0, 0.100
2025-10-16 08:42:52,        0,  29.6,   1.8,  25.3,  0.193, -0.002,  0.000,5475192.0,  1,  21.2,   1.0, 0.100
2025-10-16 08:42:54,        0,  29.7,   2.0,  25.3,  0.189, -0.003,  0.000,5475189.1,  1,  21.2,   1.0, 0.100
2025-10-16 08:42:55,        0,  29.7,   2.0,  25.3,  0.187, -0.002,  0.000,5475187.0,  1,  21.2,   1.0, 0.100
2025-10-16 08:42:56,        0,  29.7,   2.0,  25.3,  0.184, -0.002,  0.000,5475185.3,  1,  21.2,   1.0, 0.100
2025-10-16 08:42:56,        0,  29.7,   2.0,  25.3,  0.180, -0.002,  0.000,5475183.6,  1,  21.2,   1.0, 0.100
2025-10-16 08:42:58,        0,  29.7,   2.0,  25.3,  0.177, -0.002,  0.000,5475181.1,  1,  21.2,   1.0, 0.100
2025-10-16 08:42:59,        0,  29.7,   2.0,  25.3,  0.174, -0.002,  0.000,5475178.6,  1,  21.2,   1.0, 0.100
2025-10-16 08:43:00,        0,  29.7,   2.2,  25.3,  0.172, -0.002,  0.000,5475176.9,  1,  21.2,   1.0, 0.100
2025-10-16 08:43:00,        0,  29.7,   2.0,  25.3,  0.169, -0.002,  0.000,5475175.2,  1,  21.2,   1.0, 0.100
2025-10-16 08:43:02,        0,  29.7,   2.2,  25.3,  0.166, -0.002,  0.000,5475173.1,  1,  21.2,   1.0, 0.100
2025-10-16 08:43:03,        0,  29.7,   2.2,  25.3,  0.164, -0.002,  0.000,5475171.1,  1,  21.2,   1.0, 0.100
2025-10-16 08:43:04,        0,  29.7,   2.2,  25.3,  0.161, -0.002,  0.000,5475169.8,  1,  21.3,   1.0, 0.100
2025-10-16 08:43:04,        0,  29.7,   2.2,  25.3,  0.159, -0.002,  0.000,5475167.7,  1,  21.3,   1.0, 0.100
2025-10-16 08:43:05,        0,  29.7,   2.0,  25.3,  0.158, -0.002,  0.000,5475166.4,  1,  21.2,   1.0, 0.100
2025-10-16 08:43:07,        0,  29.7,   2.0,  25.3,  0.155, -0.002,  0.000,5475163.9,  1,  21.2,   1.0, 0.100
2025-10-16 08:43:08,        0,  29.7,   2.0,  25.3,  0.153, -0.001,  0.000,5475162.7,  1,  21.2,   1.0, 0.100
2025-10-16 08:43:08,        0,  29.7,   2.2,  25.3,  0.151, -0.001,  0.000,5475161.0,  1,  21.2,   1.0, 0.100
2025-10-16 08:43:10,        0,  29.7,   2.0,  25.3,  0.150, -0.002,  0.000,5475158.9,  1,  21.2,   1.0, 0.100
2025-10-16 08:43:11,        0,  29.7,   2.2,  25.3,  0.148, -0.001,  0.000,5475156.8,  1,  21.2,   1.0, 0.100
2025-10-16 08:43:12,        0,  29.7,   2.0,  25.3,  0.148, -0.002,  0.000,5475156.0,  1,  21.2,   1.0, 0.100
2025-10-16 08:43:12,        0,  29.7,   2.2,  25.3,  0.146, -0.001,  0.000,5475153.9,  1,  21.2,   1.0, 0.100
2025-10-16 08:43:14,        0,  29.7,   2.2,  25.3,  0.144, -0.002,  0.000,5475152.6,  1,  21.2,   1.0, 0.100
2025-10-16 08:43:15,        0,  29.7,   2.2,  25.3,  0.143, -0.001,  0.000,5475150.9,  1,  21.3,   1.0, 0.100
2025-10-16 08:43:16,        0,  29.7,   2.2,  25.3,  0.142, -0.002,  0.000,5475149.3,  1,  21.3,   1.0, 0.100
2025-10-16 08:43:16,        0,  29.7,   2.2,  25.3,  0.141, -0.002,  0.000,5475147.6,  1,  21.2,   1.0, 0.100
2025-10-16 08:43:17,        0,  29.8,   2.4,  25.3,  0.140, -0.001,  0.000,5475145.5,  1,  21.2,   1.0, 0.100
2025-10-16 08:43:19,        0,  29.7,   2.0,  25.3,  0.138, -0.001,  0.000,5475144.2,  1,  21.2,   1.0, 0.100
2025-10-16 08:43:20,        0,  29.7,   2.0,  25.3,  0.137, -0.002,  0.000,5475142.6,  1,  21.2,   1.0, 0.100
2025-10-16 08:43:20,        0,  29.7,   2.2,  25.3,  0.136, -0.001,  0.000,5475140.9,  1,  21.3,   1.0, 0.100
2025-10-16 08:43:21,        0,  29.7,   2.2,  25.2,  0.135, -0.001,  0.000,5475139.6,  1,  21.2,   0.9, 0.100
2025-10-16 08:43:23,        0,  29.7,   2.2,  25.3,  0.134, -0.001,  0.000,5475137.5,  1,  21.2,   1.0, 0.100
2025-10-16 08:43:24,        0,  29.7,   2.2,  25.3,  0.134, -0.002,  0.000,5475136.3,  1,  21.3,   0.9, 0.100
2025-10-16 08:43:24,        0,  29.7,   2.2,  25.3,  0.133, -0.001,  0.000,5475135.0,  1,  21.2,   0.9, 0.100
2025-10-16 08:43:25,        0,  29.7,   2.2,  25.3,  0.132, -0.002,  0.000,5475132.9,  1,  21.3,   0.9, 0.100
2025-10-16 08:43:27,        0,  29.7,   2.2,  25.3,  0.131, -0.000,  0.000,5475131.2,  1,  21.2,   0.9, 0.100
2025-10-16 08:43:28,        0,  29.8,   2.4,  25.3,  0.130, -0.002,  0.000,5475129.6,  1,  21.3,   0.9, 0.100
2025-10-16 08:43:29,        0,  29.7,   2.2,  25.3,  0.129, -0.001,  0.000,5475128.3,  1,  21.2,   0.9, 0.100
2025-10-16 08:43:29,        0,  29.8,   2.4,  25.3,  0.128, -0.001,  0.000,5475127.0,  1,  21.3,   0.9, 0.100
2025-10-16 08:43:31,        0,  29.7,   2.2,  25.3,  0.128, -0.002,  0.000,5475124.9,  1,  21.2,   0.9, 0.100
2025-10-16 08:43:32,        0,  29.8,   2.4,  25.3,  0.128, -0.001,  0.000,5475123.7,  1,  21.2,   0.9, 0.100
2025-10-16 08:43:33,        0,  29.8,   2.4,  25.3,  0.127, -0.002,  0.000,5475122.4,  1,  21.2,   0.9, 0.100
2025-10-16 08:43:33,        0,  29.8,   2.3,  25.3,  0.126, -0.001,  0.000,5475121.2,  1,  21.2,   1.0, 0.100
2025-10-16 08:43:34,        0,  29.7,   2.2,  25.3,  0.126, -0.001,  0.000,5475119.1,  1,  21.2,   1.0, 0.100
2025-10-16 08:43:36,        0,  29.7,   2.2,  25.3,  0.124, -0.001,  0.000,5475118.2,  1,  21.2,   1.0, 0.100
2025-10-16 08:43:37,        0,  29.8,   2.4,  25.3,  0.124, -0.001,  0.000,5475116.6,  1,  21.2,   1.0, 0.100
2025-10-16 08:43:38,        0,  29.8,   2.3,  25.3,  0.124, -0.001,  0.000,5475115.3,  1,  21.2,   1.0, 0.100
2025-10-16 08:43:38,        0,  29.8,   2.4,  25.3,  0.123, -0.001,  0.000,5475113.2,  1,  21.2,   1.0, 0.100
2025-10-16 08:43:40,        0,  29.8,   2.4,  25.3,  0.122, -0.001,  0.000,5475112.4,  1,  21.2,   1.0, 0.100
2025-10-16 08:43:41,        0,  29.8,   2.4,  25.3,  0.122, -0.001,  0.000,5475111.1,  1,  21.2,   1.0, 0.100
2025-10-16 08:43:42,        0,  29.7,   2.2,  25.3,  0.122, -0.002,  0.000,5475109.0,  1,  21.2,   1.0, 0.100
2025-10-16 08:43:42,        0,  29.8,   2.4,  25.3,  0.121, -0.001,  0.000,5475107.8,  1,  21.2,   1.0, 0.100
2025-10-16 08:43:43,        0,  29.8,   2.5,  25.3,  0.121, -0.001,  0.000,5475106.5,  1,  21.2,   1.0, 0.100
2025-10-16 08:43:45,        0,  29.8,   2.4,  25.3,  0.120, -0.001,  0.000,5475104.8,  1,  21.2,   1.0, 0.100
2025-10-16 08:43:46,        0,  29.8,   2.4,  25.3,  0.120, -0.002,  0.000,5475103.6,  1,  21.2,   1.0, 0.100
2025-10-16 08:43:46,        0,  29.8,   2.4,  25.3,  0.119, -0.002,  0.000,5475101.9,  1,  21.2,   1.0, 0.100
2025-10-16 08:43:47,        0,  29.8,   2.4,  25.3,  0.119, -0.001,  0.000,5475101.1,  1,  21.2,   1.0, 0.100
2025-10-16 08:43:49,        0,  29.7,   2.2,  25.3,  0.118, -0.001,  0.000,5475098.5,  1,  21.2,   1.0, 0.100
2025-10-16 08:43:50,        0,  29.8,   2.5,  25.3,  0.118, -0.001,  0.000,5475097.7,  1,  21.2,   1.0, 0.100
2025-10-16 08:43:51,        0,  29.8,   2.4,  25.3,  0.117, -0.001,  0.000,5475096.0,  1,  21.2,   1.0, 0.100
2025-10-16 08:43:51,        0,  29.7,   2.2,  25.3,  0.117, -0.001,  0.000,5475094.8,  1,  21.2,   1.0, 0.100
2025-10-16 08:43:53,        0,  29.8,   2.4,  25.3,  0.116, -0.001,  0.000,5475092.7,  1,  21.2,   1.0, 0.100
2025-10-16 08:43:54,        0,  29.7,   2.2,  25.3,  0.115, -0.002,  0.000,5475091.8,  1,  21.2,   1.0, 0.100
2025-10-16 08:43:55,        0,  29.8,   2.5,  25.3,  0.115, -0.002,  0.000,5475090.2,  1,  21.2,   1.0, 0.100
2025-10-16 08:43:55,        0,  29.8,   2.4,  25.3,  0.115, -0.001,  0.000,5475088.1,  1,  21.2,   1.0, 0.100
2025-10-16 08:43:56,        0,  29.8,   2.3,  25.3,  0.115, -0.001,  0.000,5475087.2,  1,  21.2,   1.0, 0.100
2025-10-16 08:43:58,        0,  29.8,   2.4,  25.3,  0.115, -0.002,  0.000,5475085.1,  1,  21.2,   1.0, 0.100
2025-10-16 08:43:59,        0,  29.8,   2.4,  25.3,  0.114, -0.001,  0.000,5475084.3,  1,  21.2,   1.0, 0.100
2025-10-16 08:43:59,        0,  29.8,   2.4,  25.3,  0.114, -0.001,  0.000,5475082.2,  1,  21.2,   1.0, 0.100
2025-10-16 08:44:00,        0,  29.8,   2.5,  25.3,  0.113, -0.001,  0.000,5475081.4,  1,  21.2,   1.0, 0.100
2025-10-16 08:44:02,        0,  29.8,   2.5,  25.3,  0.113, -0.002,  0.000,5475080.5,  1,  21.2,   1.0, 0.100
2025-10-16 08:44:03,        0,  29.8,   2.5,  25.3,  0.113, -0.002,  0.000,5475078.4,  1,  21.2,   1.0, 0.100
2025-10-16 08:44:04,        0,  29.8,   2.5,  25.3,  0.112, -0.001,  0.000,5475076.8,  1,  21.2,   1.0, 0.100
2025-10-16 08:44:04,        0,  29.8,   2.5,  25.3,  0.112, -0.001,  0.000,5475075.9,  1,  21.2,   1.0, 0.100
2025-10-16 08:44:05,        0,  29.8,   2.5,  25.3,  0.112, -0.001,  0.000,5475074.7,  1,  21.2,   1.0, 0.100
2025-10-16 08:44:07,        0,  29.8,   2.4,  25.3,  0.111, -0.001,  0.000,5475073.4,  1,  21.2,   1.0, 0.100
2025-10-16 08:44:08,        0,  29.8,   2.5,  25.3,  0.111, -0.002,  0.000,5475071.7,  1,  21.2,   1.0, 0.100
2025-10-16 08:44:08,        0,  29.8,   2.3,  25.3,  0.111, -0.001,  0.000,5475070.5,  1,  21.2,   1.0, 0.100
2025-10-16 08:44:09,        0,  29.8,   2.5,  25.3,  0.110, -0.001,  0.000,5475069.2,  1,  21.2,   1.0, 0.100
2025-10-16 08:44:11,        0,  29.8,   2.4,  25.3,  0.110, -0.001,  0.000,5475067.5,  1,  21.2,   1.0, 0.100
2025-10-16 08:44:12,        0,  29.7,   2.2,  25.2,  0.110, -0.001,  0.000,5475066.7,  1,  21.2,   1.0, 0.100
2025-10-16 08:44:13,        0,  29.8,   2.5,  25.2,  0.109, -0.001,  0.000,5475065.4,  1,  21.2,   1.0, 0.100
2025-10-16 08:44:13,        0,  29.8,   2.5,  25.3,  0.110, -0.001,  0.000,5475064.2,  1,  21.2,   1.0, 0.100
2025-10-16 08:44:15,        0,  29.8,   2.5,  25.3,  0.109, -0.002,  0.000,5475062.1,  1,  21.2,   1.0, 0.100
2025-10-16 08:44:16,        0,  29.8,   2.4,  25.3,  0.109, -0.002,  0.000,5475060.4,  1,  21.2,   1.0, 0.100
2025-10-16 08:44:17,        0,  29.8,   2.5,  25.3,  0.109, -0.001,  0.000,5475059.2,  1,  21.2,   1.0, 0.100
2025-10-16 08:44:17,        0,  29.8,   2.5,  25.3,  0.109, -0.001,  0.000,5475057.9,  1,  21.2,   1.0, 0.100
2025-10-16 08:44:18,        0,  29.8,   2.5,  25.2,  0.108, -0.001,  0.000,5475056.2,  1,  21.2,   1.0, 0.100
2025-10-16 08:44:20,        0,  29.8,   2.4,  25.3,  0.108, -0.001,  0.000,5475055.4,  1,  21.2,   1.0, 0.100
2025-10-16 08:44:21,        0,  29.8,   2.5,  25.3,  0.108, -0.001,  0.000,5475053.7,  1,  21.2,   1.0, 0.100
2025-10-16 08:44:21,        0,  29.8,   2.4,  25.3,  0.108, -0.001,  0.000,5475052.9,  1,  21.2,   1.0, 0.100
2025-10-16 08:44:22,        0,  29.8,   2.3,  25.3,  0.108, -0.002,  0.000,5475050.4,  1,  21.2,   1.0, 0.100
2025-10-16 08:44:24,        0,  29.8,   2.4,  25.3,  0.107, -0.001,  0.000,5475049.5,  1,  21.2,   1.0, 0.100
2025-10-16 08:44:25,        0,  29.8,   2.5,  25.3,  0.107, -0.001,  0.000,5475048.3,  1,  21.2,   1.0, 0.100
2025-10-16 08:44:26,        0,  29.8,   2.5,  25.3,  0.106, -0.001,  0.000,5475047.0,  1,  21.2,   1.0, 0.100
2025-10-16 08:44:26,        0,  29.8,   2.5,  25.3,  0.106, -0.001,  0.000,5475046.2,  1,  21.2,   1.0, 0.100
2025-10-16 08:44:28,        0,  29.8,   2.5,  25.3,  0.107, -0.002,  0.000,5475044.1,  1,  21.2,   1.0, 0.100
2025-10-16 08:44:29,        0,  29.8,   2.5,  25.2,  0.106, -0.001,  0.000,5475043.2,  1,  21.2,   1.0, 0.100
2025-10-16 08:44:30,        0,  29.8,   2.5,  25.3,  0.106, -0.001,  0.000,5475041.5,  1,  21.2,   1.0, 0.100
2025-10-16 08:44:30,        0,  29.8,   2.4,  25.2,  0.106, -0.002,  0.000,5475040.3,  1,  21.2,   1.0, 0.100
2025-10-16 08:44:31,        0,  29.8,   2.5,  25.3,  0.106, -0.001,  0.000,5475039.0,  1,  21.2,   1.0, 0.100
2025-10-16 08:44:33,        0,  29.8,   2.5,  25.2,  0.105, -0.001,  0.000,5475038.2,  1,  21.2,   1.0, 0.100
2025-10-16 08:44:34,        0,  29.8,   2.5,  25.3,  0.105, -0.001,  0.000,5475036.5,  1,  21.2,   1.0, 0.100
2025-10-16 08:44:34,        0,  29.8,   2.5,  25.3,  0.105, -0.001,  0.000,5475035.7,  1,  21.2,   1.0, 0.100
2025-10-16 08:44:35,        0,  29.8,   2.5,  25.3,  0.105, -0.001,  0.000,5475034.8,  1,  21.2,   1.0, 0.100
