Time, Cnts,  %T, set_Cell[mA], Cell[°C], Cell[Volt], Cell[mA], Cell[W], Cell[uAs], Cell_ON, Env[°C], TEC[°C], N2Flow[slpm]
2025-10-30 14:10:27,        0,  29.6,   1.8,  25.0,  0.204, -0.003,  0.000,     -2.9,  1,  21.8,   0.9, 0.100
2025-10-30 14:10:27,        0,  29.6,   1.8,  25.0,  0.203, -0.003,  0.000,     -5.7,  1,  21.7,   0.9, 0.100
2025-10-30 14:10:28,        0,  29.6,   1.8,  25.1,  0.202, -0.003,  0.000,     -8.3,  1,  21.8,   1.0, 0.100
2025-10-30 14:10:30,        0,  29.6,   1.8,  25.1,  0.200, -0.002,  0.000,    -11.2,  1,  21.8,   1.0, 0.097
2025-10-30 14:10:31,        0,  29.6,   1.8,  25.1,  0.198, -0.002,  0.000,    -13.7,  1,  21.8,   0.9, 0.095
2025-10-30 14:10:31,        0,  29.6,   1.8,  25.1,  0.198, -0.003,  0.000,    -16.3,  1,  21.8,   1.0, 0.095
2025-10-30 14:10:32,        0,  29.6,   1.8,  25.1,  0.196, -0.003,  0.000,    -19.2,  1,  21.8,   1.0, 0.094
2025-10-30 14:10:34,        0,  29.6,   1.8,  25.1,  0.195, -0.003,  0.000,    -22.3,  1,  21.8,   1.0, 0.093
2025-10-30 14:10:35,        0,  29.6,   1.8,  25.1,  0.194, -0.003,  0.000,    -24.9,  1,  21.8,   1.0, 0.092
2025-10-30 14:10:36,        0,  29.6,   1.8,  25.1,  0.193, -0.003,  0.000,    -27.8,  1,  21.8,   0.9, 0.092
2025-10-30 14:10:36,        0,  29.6,   1.8,  25.1,  0.192, -0.002,  0.000,    -30.0,  1,  21.8,   0.9, 0.091
2025-10-30 14:10:38,        0,  29.6,   1.8,  25.1,  0.191, -0.003,  0.000,    -32.9,  1,  21.8,   0.9, 0.091
2025-10-30 14:10:39,        0,  29.6,   1.8,  25.1,  0.190, -0.003,  0.000,    -35.8,  1,  21.8,   0.9, 0.090
2025-10-30 14:10:39,        0,  29.6,   1.8,  25.1,  0.190, -0.003,  0.000,    -38.3,  1,  21.8,   0.9, 0.090
2025-10-30 14:10:40,        0,  29.6,   1.8,  25.1,  0.188, -0.002,  0.000,    -40.6,  1,  21.8,   0.9, 0.090
2025-10-30 14:10:42,        0,  29.6,   1.8,  25.1,  0.188, -0.003,  0.000,    -43.8,  1,  21.8,   0.9, 0.091
2025-10-30 14:10:43,        0,  29.6,   1.8,  25.1,  0.187, -0.002,  0.000,    -46.1,  1,  21.8,   0.9, 0.091
2025-10-30 14:10:44,        0,  29.7,   2.0,  25.1,  0.185, -0.003,  0.000,    -48.6,  1,  21.8,   0.9, 0.092
2025-10-30 14:10:44,        0,  29.8,   2.5,  25.1,  0.185, -0.002,  0.000,    -50.9,  1,  21.7,   0.9, 0.092
2025-10-30 14:10:46,        0,  30.0,   3.0,  25.1,  5.694,  3.741,  0.023,   2670.5,  1,  21.8,   1.0, 0.093
2025-10-30 14:10:47,        0,  30.2,   3.5,  25.1,  6.542,  4.500,  0.029,   7052.1,  1,  21.8,   0.9, 0.094
2025-10-30 14:10:48,        0,  30.5,   4.4,  25.1,  8.709,  6.464,  0.056,  12538.7,  1,  21.8,   0.9, 0.095
2025-10-30 14:10:48,        0,  31.1,   6.3,  25.1,  8.817,  6.557,  0.058,  19013.5,  1,  21.8,   1.0, 0.098
2025-10-30 14:10:50,        0,  31.0,   6.1,  25.0, 11.275,  8.792,  0.099,  28721.2,  1,  21.7,   1.0, 0.112
2025-10-30 14:10:51,        0,  33.0,  12.0,  25.1, 14.530, 11.762,  0.172,  38973.7,  1,  21.8,   1.0, 0.337
2025-10-30 14:10:52,        0,  32.5,  10.6,  25.1, 15.347, 12.518,  0.194,  51135.1,  1,  21.7,   1.0, 0.132
2025-10-30 14:10:52,        0,  35.6,  19.8,  25.0, 18.001, 14.954,  0.271,  64639.1,  1,  21.7,   1.0, 0.103
2025-10-30 14:10:53,        0,  34.1,  15.3,  25.0, 22.701, 19.310,  0.439,  83531.0,  1,  21.7,   0.9, 0.099
2025-10-30 14:10:55,        0,  35.3,  18.8,  25.0, 22.569, 19.229,  0.434, 105667.6,  1,  21.7,   0.9, 0.098
2025-10-30 14:10:56,        0,  35.0,  18.1,  25.0, 25.267, 21.761,  0.554, 125123.1,  1,  21.7,   1.0, 0.098
2025-10-30 14:10:56,        0,  36.4,  22.3,  25.0, 29.543, 25.755,  0.774, 150345.0,  1,  21.7,   1.0, 0.099
2025-10-30 14:10:57,        0,  38.3,  27.8,  25.0, 29.930, 26.271,  0.789, 175638.8,  1,  21.7,   1.0, 0.099
2025-10-30 14:10:59,        0,  37.8,  26.4,  25.0, 34.339, 30.490,  1.051, 207592.7,  1,  21.7,   1.0, 0.099
2025-10-30 14:11:00,        0,  39.3,  30.9,  25.1, 29.569, 26.094,  0.774, 233551.3,  1,  21.7,   1.0, 0.099
2025-10-30 14:11:00,        0,  40.2,  33.7,  25.0, 39.688, 35.764,  1.419, 266752.6,  1,  21.7,   1.0, 0.099
2025-10-30 14:11:01,        0,  37.9,  26.8,  25.0, 39.721, 35.987,  1.431, 299944.8,  1,  21.7,   1.0, 0.099
2025-10-30 14:11:03,        0,  39.1,  30.2,  25.0, 36.088, 32.656,  1.180, 339070.7,  1,  21.7,   1.0, 0.099
2025-10-30 14:11:04,        0,  39.6,  31.8,  25.0, 39.011, 35.651,  1.392, 372894.9,  1,  21.7,   1.0, 0.100
2025-10-30 14:11:04,        0,  39.4,  31.3,  25.0, 43.902, 40.540,  1.781, 409607.8,  1,  21.7,   1.0, 0.100
2025-10-30 14:11:05,        0,  37.3,  24.9,  25.0, 41.997, 38.893,  1.639, 445128.8,  1,  21.7,   1.0, 0.100
2025-10-30 14:11:07,        0,  40.8,  35.3,  25.1, 38.761, 35.850,  1.397, 485560.8,  1,  21.7,   1.0, 0.108
2025-10-30 14:11:08,        0,  42.6,  40.7,  25.1, 42.244, 39.399,  1.669, 524443.8,  1,  21.7,   1.0, 0.096
2025-10-30 14:11:08,        0,  36.6,  22.8,  25.0, 34.676, 32.081,  1.113, 558763.5,  1,  21.7,   1.0, 0.097
2025-10-30 14:11:09,        0,  41.0,  36.1,  25.0, 34.603, 31.906,  1.105, 588382.8,  1,  21.7,   1.0, 0.100
2025-10-30 14:11:11,        0,  40.8,  35.5,  25.1, 39.604, 36.940,  1.465, 633161.8,  1,  21.7,   1.0, 0.100
2025-10-30 14:11:12,        0,  38.8,  29.5,  25.1, 35.677, 33.173,  1.184, 665943.7,  1,  21.7,   1.0, 0.100
2025-10-30 14:11:13,        0,  40.0,  33.0,  25.1, 39.276, 36.680,  1.444, 697567.4,  1,  21.7,   1.0, 0.100
2025-10-30 14:11:13,        0,  39.1,  30.2,  25.1, 36.967, 34.448,  1.279, 732406.7,  1,  21.7,   1.0, 0.100
2025-10-30 14:11:14,        0,  38.0,  27.1,  25.1, 36.571, 34.078,  1.249, 764521.7,  1,  21.7,   1.0, 0.100
2025-10-30 14:11:16,        0,  36.1,  21.4,  25.1, 33.732, 31.252,  1.067, 800324.3,  1,  21.7,   1.0, 0.100
2025-10-30 14:11:17,        0,  38.4,  28.3,  25.1, 27.061, 24.620,  0.667, 824188.9,  1,  21.7,   1.0, 0.100
2025-10-30 14:11:17,        0,  36.9,  23.6,  25.1, 34.113, 31.495,  1.075, 854362.4,  1,  21.7,   1.0, 0.100
2025-10-30 14:11:18,        0,  37.7,  26.2,  25.1, 26.534, 24.046,  0.643, 878962.9,  1,  21.7,   1.0, 0.101
2025-10-30 14:11:20,        0,  37.5,  25.6,  25.1, 34.059, 31.389,  1.069, 914562.7,  1,  21.7,   1.0, 0.100
2025-10-30 14:11:21,        0,  37.9,  26.6,  25.1, 32.671, 30.024,  0.982, 942816.4,  1,  21.7,   1.0, 0.100
2025-10-30 14:11:21,        0,  37.8,  26.4,  25.1, 34.105, 31.437,  1.078, 972079.5,  1,  21.7,   1.0, 0.100
2025-10-30 14:11:22,        0,  36.4,  22.3,  25.1, 32.253, 29.597,  0.955, 998612.6,  1,  21.7,   1.0, 0.100
2025-10-30 14:11:24,        0,  36.8,  23.5,  25.1, 22.218, 19.722,  0.442,1024931.2,  1,  21.7,   1.0, 0.100
2025-10-30 14:11:25,        0,  37.3,  25.0,  25.1, 31.549, 28.738,  0.908,1052146.9,  1,  21.7,   1.0, 0.100
2025-10-30 14:11:25,        0,  35.6,  19.8,  25.1, 25.151, 22.476,  0.572,1076051.1,  1,  21.7,   1.0, 0.100
2025-10-30 14:11:26,        0,  37.6,  25.9,  25.1, 30.772, 27.920,  0.860,1101735.4,  1,  21.7,   1.0, 0.100
2025-10-30 14:11:28,        0,  37.2,  24.7,  25.1, 29.575, 26.742,  0.792,1133109.4,  1,  21.7,   1.0, 0.100
2025-10-30 14:11:29,        0,  36.1,  21.4,  25.1, 31.289, 28.398,  0.889,1159841.9,  1,  21.7,   1.0, 0.100
2025-10-30 14:11:29,        0,  36.2,  21.7,  25.1, 27.484, 24.692,  0.680,1183866.5,  1,  21.7,   1.0, 0.100
2025-10-30 14:11:30,        0,  36.7,  23.1,  25.2, 31.677, 28.739,  0.917,1209704.4,  1,  21.7,   1.0, 0.100
2025-10-30 14:11:32,        0,  36.6,  22.9,  25.2, 28.561, 25.692,  0.734,1239328.5,  1,  21.7,   1.0, 0.100
2025-10-30 14:11:33,        0,  33.6,  13.7,  25.2, 25.037, 22.263,  0.559,1261213.7,  1,  21.7,   1.0, 0.100
2025-10-30 14:11:33,        0,  37.7,  26.2,  25.1, 27.861, 24.953,  0.711,1284561.9,  1,  21.7,   1.0, 0.100
2025-10-30 14:11:34,        0,  35.8,  20.5,  25.1, 28.003, 25.114,  0.704,1310352.6,  1,  21.7,   1.0, 0.100
2025-10-30 14:11:36,        0,  35.3,  18.8,  25.1, 30.034, 27.073,  0.815,1340176.4,  1,  21.7,   1.0, 0.100
2025-10-30 14:11:37,        0,  37.6,  25.7,  25.2, 33.975, 30.837,  1.051,1365966.3,  1,  21.7,   1.0, 0.100
2025-10-30 14:11:37,        0,  36.8,  23.3,  25.1, 28.494, 25.549,  0.729,1391784.6,  1,  21.7,   1.0, 0.100
2025-10-30 14:11:38,        0,  34.8,  17.4,  25.1, 28.775, 25.816,  0.743,1416991.4,  1,  21.7,   1.0, 0.100
2025-10-30 14:11:40,        0,  36.7,  23.1,  25.2, 32.226, 29.142,  0.940,1447272.3,  1,  21.7,   1.0, 0.100
2025-10-30 14:11:41,        0,  36.6,  22.9,  25.1, 29.569, 26.567,  0.786,1472712.1,  1,  21.7,   1.0, 0.100
2025-10-30 14:11:42,        0,  38.5,  28.5,  25.2, 25.422, 22.521,  0.590,1495341.4,  1,  21.7,   0.9, 0.100
2025-10-30 14:11:42,        0,  39.5,  31.5,  25.2, 34.072, 30.940,  1.055,1525977.6,  1,  21.7,   1.0, 0.100
2025-10-30 14:11:44,        0,  39.0,  29.9,  25.1, 30.400, 27.472,  0.839,1560824.5,  1,  21.7,   1.0, 0.100
2025-10-30 14:11:45,        0,  36.1,  21.4,  25.2, 31.473, 28.567,  0.900,1589207.1,  1,  21.7,   1.0, 0.100
2025-10-30 14:11:46,        0,  35.9,  20.7,  25.1, 34.449, 31.435,  1.106,1618381.1,  1,  21.7,   1.0, 0.100
2025-10-30 14:11:46,        0,  37.3,  25.0,  25.2, 38.584, 35.543,  1.375,1648020.3,  1,  21.7,   0.9, 0.100
2025-10-30 14:11:47,        0,  37.8,  26.4,  25.2, 36.540, 33.583,  1.232,1678416.4,  1,  21.7,   0.9, 0.100
2025-10-30 14:11:49,        0,  38.8,  29.5,  25.2, 34.574, 31.752,  1.100,1714906.1,  1,  21.7,   0.9, 0.100
2025-10-30 14:11:50,        0,  38.3,  28.0,  25.2, 37.295, 34.394,  1.283,1746577.4,  1,  21.7,   1.0, 0.100
2025-10-30 14:11:50,        0,  38.1,  27.3,  25.1, 36.152, 33.313,  1.205,1777374.2,  1,  21.7,   1.0, 0.100
2025-10-30 14:11:51,        0,  38.6,  28.7,  25.2, 35.725, 32.891,  1.180,1808046.5,  1,  21.7,   1.0, 0.100
2025-10-30 14:11:53,        0,  39.3,  30.9,  25.2, 30.443, 27.699,  0.848,1840020.1,  1,  21.7,   1.0, 0.100
2025-10-30 14:11:54,        0,  38.8,  29.5,  25.2, 43.406, 40.540,  1.762,1875850.2,  1,  21.7,   1.0, 0.100
2025-10-30 14:11:54,        0,  40.1,  33.2,  25.2, 36.543, 33.839,  1.239,1909085.3,  1,  21.7,   1.0, 0.100
2025-10-30 14:11:55,        0,  38.7,  29.0,  25.2, 33.690, 31.091,  1.048,1941648.2,  1,  21.7,   1.0, 0.100
2025-10-30 14:11:57,        0,  39.2,  30.6,  25.2, 30.560, 27.933,  0.862,1977626.7,  1,  21.7,   1.0, 0.100
2025-10-30 14:11:58,        0,  38.7,  29.2,  25.2, 35.969, 33.309,  1.198,2009692.0,  1,  21.7,   1.0, 0.100
2025-10-30 14:11:59,        0,  38.8,  29.5,  25.2, 40.888, 38.199,  1.562,2044183.8,  1,  21.7,   1.0, 0.100
2025-10-30 14:11:59,        0,  39.8,  32.3,  25.2, 29.802, 27.335,  0.822,2073974.7,  1,  21.7,   1.0, 0.100
2025-10-30 14:12:00,        0,  39.2,  30.6,  25.2, 37.689, 35.201,  1.334,2108524.3,  1,  21.7,   0.9, 0.100
2025-10-30 14:12:02,        0,  39.5,  31.5,  25.2, 31.860, 29.392,  0.937,2143391.2,  1,  21.7,   0.9, 0.100
2025-10-30 14:12:03,        0,  39.8,  32.5,  25.3, 33.810, 31.253,  1.063,2175749.3,  1,  21.7,   0.9, 0.100
2025-10-30 14:12:03,        0,  38.3,  28.0,  25.2, 35.649, 33.062,  1.179,2208611.8,  1,  21.7,   0.9, 0.100
2025-10-30 14:12:04,        0,  39.2,  30.6,  25.3, 37.215, 34.615,  1.291,2240669.4,  1,  21.7,   0.9, 0.100
2025-10-30 14:12:06,        0,  38.4,  28.2,  25.2, 31.474, 28.957,  0.911,2275914.3,  1,  21.7,   0.9, 0.100
2025-10-30 14:12:07,        0,  40.1,  33.2,  25.3, 32.482, 29.933,  0.974,2302480.5,  1,  21.7,   0.9, 0.100
2025-10-30 14:12:07,        0,  36.2,  21.7,  25.3, 34.410, 31.834,  1.099,2334267.2,  1,  21.7,   0.9, 0.100
2025-10-30 14:12:08,        0,  38.8,  29.4,  25.2, 35.403, 32.741,  1.161,2362905.4,  1,  21.7,   0.9, 0.100
2025-10-30 14:12:10,        0,  37.1,  24.2,  25.2, 32.833, 30.226,  0.994,2397585.1,  1,  21.7,   0.9, 0.100
2025-10-30 14:12:11,        0,  38.6,  28.9,  25.3, 37.753, 34.987,  1.342,2429156.2,  1,  21.7,   1.0, 0.100
2025-10-30 14:12:12,        0,  37.3,  24.9,  25.3, 32.192, 29.482,  0.950,2458300.5,  1,  21.7,   0.9, 0.100
2025-10-30 14:12:12,        0,  38.6,  28.9,  25.3, 36.258, 33.441,  1.214,2488540.1,  1,  21.7,   0.9, 0.100
2025-10-30 14:12:13,        0,  39.8,  32.5,  25.3, 22.425, 19.911,  0.463,2514655.8,  1,  21.7,   0.9, 0.100
2025-10-30 14:12:15,        0,  36.2,  21.7,  25.3, 32.443, 29.742,  0.969,2551182.5,  1,  21.7,   0.9, 0.100
2025-10-30 14:12:16,        0,  38.0,  27.1,  25.3, 34.692, 31.939,  1.119,2578538.5,  1,  21.7,   0.9, 0.100
2025-10-30 14:12:16,        0,  36.2,  21.6,  25.3, 28.601, 25.948,  0.743,2604869.8,  1,  21.7,   0.9, 0.100
2025-10-30 14:12:17,        0,  37.7,  26.1,  25.3, 26.917, 24.274,  0.656,2628767.7,  1,  21.7,   0.9, 0.100
2025-10-30 14:12:19,        0,  37.1,  24.3,  25.3, 32.133, 29.320,  0.947,2661252.0,  1,  21.7,   0.9, 0.100
2025-10-30 14:12:20,        0,  38.0,  27.1,  25.3, 32.906, 30.089,  0.993,2688989.3,  1,  21.7,   1.0, 0.100
2025-10-30 14:12:21,        0,  35.9,  20.7,  25.3, 32.702, 29.901,  0.979,2715885.6,  1,  21.7,   0.9, 0.100
2025-10-30 14:12:21,        0,  34.7,  17.0,  25.3, 24.477, 21.796,  0.536,2737828.8,  1,  21.7,   0.9, 0.100
2025-10-30 14:12:22,        0,  38.6,  28.7,  25.3, 29.379, 26.484,  0.782,2762012.9,  1,  21.7,   0.9, 0.100
2025-10-30 14:12:24,        0,  36.4,  22.3,  25.3, 30.651, 27.737,  0.850,2795184.1,  1,  21.7,   0.9, 0.100
2025-10-30 14:12:25,        0,  34.2,  15.5,  25.3, 29.205, 26.309,  0.770,2818643.8,  1,  21.7,   0.9, 0.100
2025-10-30 14:12:25,        0,  36.1,  21.2,  25.3, 27.530, 24.614,  0.697,2843370.4,  1,  21.7,   0.9, 0.100
2025-10-30 14:12:26,        0,  37.5,  25.4,  25.3, 15.719, 13.226,  0.216,2860842.7,  1,  21.7,   0.9, 0.100
2025-10-30 14:12:28,        0,  37.4,  25.2,  25.3, 25.105, 22.231,  0.563,2889709.9,  1,  21.7,   0.9, 0.100
2025-10-30 14:12:29,        0,  35.8,  20.4,  25.3, 30.162, 27.128,  0.818,2916011.1,  1,  21.7,   1.0, 0.100
2025-10-30 14:12:30,        0,  35.6,  19.8,  25.3, 22.700, 19.916,  0.454,2937312.0,  1,  21.7,   0.9, 0.100
2025-10-30 14:12:30,        0,  36.8,  23.5,  25.3, 24.487, 21.570,  0.530,2958759.9,  1,  21.7,   0.9, 0.100
2025-10-30 14:12:32,        0,  36.8,  23.3,  25.3, 28.942, 25.853,  0.749,2989289.0,  1,  21.7,   0.9, 0.100
2025-10-30 14:12:33,        0,  35.0,  18.1,  25.3, 25.096, 22.174,  0.557,3012115.3,  1,  21.7,   1.0, 0.100
2025-10-30 14:12:34,        0,  33.0,  12.0,  25.3, 19.694, 16.948,  0.336,3030037.7,  1,  21.7,   1.0, 0.100
2025-10-30 14:12:34,        0,  35.3,  19.0,  25.3, 23.118, 20.148,  0.476,3048584.3,  1,  21.7,   1.0, 0.100
2025-10-30 14:12:35,        0,  34.6,  16.9,  25.3, 20.723, 17.856,  0.370,3067001.9,  1,  21.7,   1.0, 0.100
2025-10-30 14:12:37,        0,  36.2,  21.6,  25.3, 27.307, 24.109,  0.662,3094313.2,  1,  21.7,   1.0, 0.100
2025-10-30 14:12:38,        0,  32.9,  11.8,  25.3, 23.660, 20.671,  0.492,3115740.3,  1,  21.7,   1.0, 0.100
2025-10-30 14:12:38,        0,  34.9,  17.6,  25.3, 20.707, 17.777,  0.373,3132016.9,  1,  21.7,   1.0, 0.100
2025-10-30 14:12:39,        0,  33.8,  14.3,  25.3, 24.600, 21.479,  0.529,3151828.2,  1,  21.7,   1.0, 0.100
2025-10-30 14:12:41,        0,  34.0,  15.1,  25.3, 20.195, 17.244,  0.349,3172270.0,  1,  21.7,   1.0, 0.100
2025-10-30 14:12:42,        0,  35.4,  19.1,  25.3, 21.125, 18.093,  0.383,3190231.3,  1,  21.7,   1.0, 0.100
2025-10-30 14:12:42,        0,  34.0,  15.1,  25.3, 20.438, 17.407,  0.357,3207590.5,  1,  21.7,   1.0, 0.100
2025-10-30 14:12:44,        0,  34.0,  15.0,  25.3, 22.380, 19.225,  0.431,3228577.9,  1,  21.7,   1.0, 0.100
2025-10-30 14:12:45,        0,  34.0,  15.1,  25.3, 19.220, 16.235,  0.314,3244949.7,  1,  21.7,   1.0, 0.100
2025-10-30 14:12:46,        0,  34.2,  15.5,  25.3, 17.408, 14.507,  0.259,3260254.6,  1,  21.7,   1.0, 0.100
2025-10-30 14:12:46,        0,  32.4,  10.3,  25.3, 15.528, 12.742,  0.213,3271653.4,  1,  21.7,   1.0, 0.100
2025-10-30 14:12:47,        0,  33.2,  12.7,  25.3, 19.396, 16.320,  0.318,3286348.1,  1,  21.7,   1.0, 0.100
2025-10-30 14:12:49,        0,  32.1,   9.2,  25.3, 15.251, 12.383,  0.189,3301143.4,  1,  21.7,   1.0, 0.100
2025-10-30 14:12:50,        0,  34.1,  15.3,  25.3, 19.902, 16.716,  0.333,3315514.2,  1,  21.7,   1.0, 0.100
2025-10-30 14:12:50,        0,  30.2,   3.5,  25.3, 16.288, 13.367,  0.219,3327467.2,  1,  21.7,   1.0, 0.100
2025-10-30 14:12:51,        0,  33.8,  14.3,  25.3, 15.099, 12.215,  0.209,3339142.4,  1,  21.7,   1.0, 0.100
2025-10-30 14:12:53,        0,  30.9,   5.8,  25.3, 18.060, 14.977,  0.271,3356795.1,  1,  21.7,   1.0, 0.100
2025-10-30 14:12:54,        0,  34.0,  15.0,  25.3, 15.579, 12.639,  0.199,3367433.6,  1,  21.7,   1.0, 0.100
2025-10-30 14:12:55,        0,  33.3,  12.9,  25.3, 19.017, 15.845,  0.303,3382513.5,  1,  21.7,   1.0, 0.100
2025-10-30 14:12:55,        0,  33.2,  12.5,  25.3, 16.282, 13.288,  0.221,3394853.1,  1,  21.7,   0.9, 0.100
2025-10-30 14:12:56,        0,  32.8,  11.5,  25.3, 14.944, 12.004,  0.181,3405789.6,  1,  21.7,   0.9, 0.100
2025-10-30 14:12:58,        0,  32.6,  10.8,  25.3, 18.429, 15.246,  0.281,3422545.4,  1,  21.7,   1.0, 0.100
2025-10-30 14:12:59,        0,  33.2,  12.5,  25.3, 16.329, 13.293,  0.223,3434879.6,  1,  21.7,   1.0, 0.100
2025-10-30 14:12:59,        0,  32.9,  11.8,  25.3, 18.401, 15.209,  0.282,3448960.6,  1,  21.7,   1.0, 0.100
2025-10-30 14:13:00,        0,  31.8,   8.4,  25.3, 16.198, 13.159,  0.215,3460298.4,  1,  21.7,   1.0, 0.100
2025-10-30 14:13:02,        0,  31.5,   7.5,  25.3, 15.346, 12.337,  0.191,3474062.3,  1,  21.7,   0.9, 0.100
2025-10-30 14:13:03,        0,  32.7,  11.0,  25.3, 12.054,  9.299,  0.114,3483791.2,  1,  21.7,   1.0, 0.100
2025-10-30 14:13:04,        0,  31.7,   8.0,  25.3, 13.591, 10.704,  0.147,3494280.5,  1,  21.7,   1.0, 0.100
2025-10-30 14:13:04,        0,  32.2,   9.6,  25.3, 16.651, 13.503,  0.226,3505697.5,  1,  21.7,   1.0, 0.100
2025-10-30 14:13:05,        0,  32.0,   8.9,  25.3, 14.165, 11.223,  0.159,3516648.4,  1,  21.7,   1.0,-1.000
2025-10-30 14:13:07,        0,  31.1,   6.3,  25.3, 15.008, 11.986,  0.180,3529660.5,  1,  21.7,   1.0, 0.100
2025-10-30 14:13:08,        0,  32.3,   9.9,  25.3, 10.798,  8.121,  0.089,3539064.6,  1,  21.7,   0.9, 0.100
2025-10-30 14:13:08,        0,  31.8,   8.4,  25.3, 14.637, 11.631,  0.172,3550345.4,  1,  21.7,   1.0, 0.100
2025-10-30 14:13:09,        0,  32.4,  10.3,  25.3,  9.360,  6.809,  0.065,3558721.4,  1,  21.7,   1.0, 0.100
2025-10-30 14:13:11,        0,  32.4,  10.1,  25.3, 13.491, 10.564,  0.143,3572226.3,  1,  21.7,   1.0, 0.100
2025-10-30 14:13:12,        0,  31.0,   5.9,  25.3, 15.515, 12.414,  0.193,3583794.2,  1,  21.7,   0.9, 0.100
2025-10-30 14:13:12,        0,  32.1,   9.2,  25.3, 12.444,  9.585,  0.120,3592481.2,  1,  21.7,   1.0, 0.100
2025-10-30 14:13:13,        0,  31.0,   5.9,  25.3, 12.003,  9.189,  0.111,3601592.7,  1,  21.7,   0.9, 0.100
2025-10-30 14:13:15,        0,  32.3,   9.9,  25.3, 13.049, 10.146,  0.139,3613120.4,  1,  21.7,   0.9, 0.100
2025-10-30 14:13:16,        0,  30.3,   3.8,  25.3, 13.417, 10.462,  0.141,3623052.1,  1,  21.7,   0.9, 0.100
2025-10-30 14:13:16,        0,  31.9,   8.7,  25.3, 11.138,  8.387,  0.095,3630380.4,  1,  21.7,   0.9, 0.100
2025-10-30 14:13:17,        0,  30.0,   3.1,  25.3, 13.826, 10.830,  0.101,3639667.9,  1,  21.7,   1.0, 0.100
2025-10-30 14:13:19,        0,  31.4,   7.3,  25.3,  8.536,  6.040,  0.053,3647150.9,  1,  21.7,   0.9, 0.100
2025-10-30 14:13:20,        0,  31.2,   6.6,  25.3, 10.485,  7.788,  0.082,3655263.3,  1,  21.7,   1.0, 0.100
2025-10-30 14:13:20,        0,  31.0,   5.9,  25.3,  9.754,  7.125,  0.070,3662488.1,  1,  21.7,   0.9, 0.100
2025-10-30 14:13:21,        0,  32.0,   8.9,  25.3, 13.065, 10.124,  0.134,3671245.9,  1,  21.7,   1.0, 0.100
2025-10-30 14:13:23,        0,  29.7,   2.1,  25.3, 10.264,  7.584,  0.078,3681351.6,  1,  21.7,   1.0, 0.100
2025-10-30 14:13:24,        0,  30.7,   5.2,  25.3, 10.007,  7.375,  0.082,3688477.4,  1,  21.7,   0.9, 0.100
2025-10-30 14:13:24,        0,  31.7,   8.2,  25.3,106745.037,  7.243,  0.075,3694967.6,  1,  21.7,   0.9, 0.100
2025-10-30 14:13:25,        0,  30.8,   5.4,  25.3, 13.508, 10.507,  0.143,3704555.2,  1,  21.7,   0.9, 0.100
2025-10-30 14:13:27,        0,  30.3,   4.0,  25.3,  7.533,  5.125,  0.039,3712129.5,  1,  21.7,   1.0, 0.100
2025-10-30 14:13:28,        0,  30.2,   3.7,  25.3, 11.085,  8.317,  0.092,3719143.1,  1,  21.7,   1.0, 0.100
2025-10-30 14:13:28,        0,  30.4,   4.2,  25.3,  9.224,  6.643,  0.062,3725239.6,  1,  21.7,   0.9, 0.100
2025-10-30 14:13:29,        0,  31.4,   7.3,  25.3, 11.593,  8.768,  0.102,3732574.6,  1,  21.7,   0.9, 0.100
2025-10-30 14:13:31,        0,  30.7,   5.2,  25.3, 10.742,  7.993,  0.086,3742533.6,  1,  21.7,   1.0, 0.100
2025-10-30 14:13:32,        0,  30.8,   5.4,  25.3, 11.870,  9.014,  0.110,3750275.5,  1,  21.7,   1.0, 0.100
2025-10-30 14:13:32,        0,  30.5,   4.4,  25.3, 10.177,  7.494,  0.081,3756852.8,  1,  21.7,   1.0, 0.100
2025-10-30 14:13:33,        0,  30.9,   5.6,  25.3,  7.683,  5.259,  0.041,3762718.9,  1,  21.7,   1.0, 0.100
2025-10-30 14:13:35,        0,  31.1,   6.4,  25.3,  7.092,  4.743,  0.036,3769400.9,  1,  21.7,   1.0, 0.100
2025-10-30 14:13:36,        0,  30.5,   4.4,  25.3, 10.828,  8.074,  0.087,3776650.9,  1,  21.7,   1.0, 0.100
2025-10-30 14:13:36,        0,  31.3,   6.8,  25.3,  8.035,  5.573,  0.045,3782350.6,  1,  21.7,   1.0, 0.100
2025-10-30 14:13:37,        0,  30.2,   3.7,  25.3,  8.509,  5.993,  0.055,3788505.8,  1,  21.7,   1.0, 0.100
2025-10-30 14:13:39,        0,  29.9,   2.8,  25.3,  8.057,  5.594,  0.046,3795368.1,  1,  21.7,   1.0, 0.100
2025-10-30 14:13:40,        0,  31.2,   6.6,  25.3, 10.144,  7.468,  0.077,3801727.9,  1,  21.7,   1.0, 0.100
2025-10-30 14:13:41,        0,  30.9,   5.8,  25.3, 10.153,  7.464,  0.077,3809043.2,  1,  21.7,   1.0, 0.100
2025-10-30 14:13:41,        0,  31.1,   6.3,  25.3,  9.694,  7.051,  0.068,3815876.1,  1,  21.7,   1.0, 0.100
2025-10-30 14:13:42,        0,  30.0,   3.1,  25.3,  4.732,  2.662,  0.016,3819793.8,  1,  21.7,   1.0, 0.100
2025-10-30 14:13:44,        0,  30.6,   4.7,  25.3,  9.362,  6.781,  0.065,3826436.9,  1,  21.7,   1.0, 0.100
2025-10-30 14:13:45,        0,  30.6,   4.9,  25.3,  9.605,  6.983,  0.067,3832689.8,  1,  21.7,   1.0, 0.100
2025-10-30 14:13:45,        0,  30.4,   4.2,  25.3,  9.438,  6.829,  0.065,3838972.0,  1,  21.7,   1.0, 0.100
2025-10-30 14:13:46,        0,  30.5,   4.5,  25.3,  8.385,  5.893,  0.050,3844697.7,  1,  21.7,   1.0, 0.100
2025-10-30 14:13:48,        0,  30.3,   3.8,  25.3,  8.109,  5.646,  0.047,3851387.3,  1,  21.7,   1.0, 0.100
2025-10-30 14:13:49,        0,  30.0,   3.0,  25.3, 10.519,  7.809,  0.083,3857781.0,  1,  21.7,   1.0, 0.100
2025-10-30 14:13:49,        0,  30.7,   5.1,  25.3,  7.992,  5.544,  0.045,3862665.1,  1,  21.7,   1.0, 0.100
2025-10-30 14:13:50,        0,  29.7,   2.1,  25.3,  8.433,  5.939,  0.050,3868293.2,  1,  21.7,   1.0, 0.100
2025-10-30 14:13:52,        0,  30.2,   3.5,  25.3,  8.941,  6.405,  0.057,3874863.7,  1,  21.7,   1.0, 0.100
2025-10-30 14:13:53,        0,  29.1,   0.2,  25.3,  7.414,  5.031,  0.038,3879490.5,  1,  21.7,   1.0, 0.100
2025-10-30 14:13:54,        0,  30.2,   3.5,  25.3,  7.461,  5.100,  0.039,3882904.9,  1,  21.7,   1.0, 0.100
2025-10-30 14:13:54,        0,  30.2,   3.7,  25.3,  8.234,  5.773,  0.048,3888302.4,  1,  21.7,   1.0, 0.100
2025-10-30 14:13:55,        0,  30.3,   4.0,  25.3,  4.127,  2.147,  0.011,3891672.8,  1,  21.7,   1.0, 0.100
2025-10-30 14:13:57,        0,  30.0,   3.0,  25.3,  7.462,  5.081,  0.038,3898157.5,  1,  21.7,   1.0, 0.100
2025-10-30 14:13:58,        0,  30.0,   3.1,  25.3,  6.319,  4.079,  0.029,3902249.1,  1,  21.7,   1.0, 0.100
2025-10-30 14:13:58,        0,  30.6,   4.7,  25.3,  7.200,  4.849,  0.035,3907015.5,  1,  21.7,   1.0, 0.100
2025-10-30 14:13:59,        0,  30.5,   4.4,  25.3,  7.748,  5.334,  0.042,3912227.7,  1,  21.7,   1.0, 0.100
2025-10-30 14:14:01,        0,  30.2,   3.5,  25.3,  7.510,  5.122,  0.040,3918256.0,  1,  21.7,   1.0, 0.100
2025-10-30 14:14:02,        0,  30.4,   4.2,  25.3,  2.656,  0.927,  0.004,3920750.9,  1,  21.7,   1.0, 0.100
2025-10-30 14:14:02,        0,  30.0,   3.1,  25.3,  6.631,  4.349,  0.030,3925508.9,  1,  21.7,   1.0, 0.100
2025-10-30 14:14:03,        0,  30.3,   3.8,  25.3,  5.867,  3.673,  0.023,3928737.6,  1,  21.7,   1.0, 0.100
2025-10-30 14:14:05,        0,  29.7,   2.1,  25.3,  7.002,  4.680,  0.033,3933964.9,  1,  21.7,   1.0, 0.100
2025-10-30 14:14:06,        0,  29.0,   0.0,  25.3,  7.156,  4.844,  0.038,3937609.4,  1,  21.7,   1.0, 0.100
2025-10-30 14:14:06,        0,  29.9,   2.8,  25.3,  6.946,  4.641,  0.032,3940095.9,  1,  21.7,   1.0, 0.100
2025-10-30 14:14:07,        0,  29.8,   2.5,  25.3,  6.674,  4.389,  0.029,3944298.6,  1,  21.7,   1.0, 0.100
2025-10-30 14:14:09,        0,  30.0,   3.0,  25.3,  6.827,  4.529,  0.031,3948502.9,  1,  21.7,   1.0, 0.100
2025-10-30 14:14:10,        0,  29.9,   2.8,  25.3,  6.176,  3.945,  0.025,3952509.9,  1,  21.7,   1.0, 0.100
2025-10-30 14:14:10,        0,  30.0,   3.0,  25.3,  6.648,  4.366,  0.029,3956748.6,  1,  21.7,   1.0, 0.100
2025-10-30 14:14:11,        0,  28.8,   0.0,  25.3,  6.124,  3.905,  0.025,3960683.9,  1,  21.7,   1.0, 0.100
2025-10-30 14:14:13,        0,  29.7,   2.1,  25.3,  4.962,  2.918,  0.018,3963759.3,  1,  21.7,   1.0, 0.100
2025-10-30 14:14:14,        0,  30.0,   3.0,  25.3,  1.665,  0.158,  0.000,3964524.5,  1,  21.7,   1.0, 0.100
2025-10-30 14:14:15,        0,  29.9,   2.6,  25.3,  7.026,  4.721,  0.033,3968538.2,  1,  21.7,   1.0, 0.100
2025-10-30 14:14:15,        0,  29.6,   1.9,  25.3,  6.681,  4.408,  0.029,3972458.0,  1,  21.7,   1.0, 0.100
2025-10-30 14:14:16,        0,  29.8,   2.3,  25.3,  4.443,  2.489,  0.014,3973846.9,  1,  21.7,   1.0, 0.100
2025-10-30 14:14:18,        0,  29.7,   2.1,  25.3,  1.523,  0.082,  0.000,3974037.6,  1,  21.7,   1.0, 0.100
2025-10-30 14:14:19,        0,  29.6,   1.9,  25.3,  1.258, -0.006,  0.000,3974034.6,  1,  21.7,   1.0, 0.100
2025-10-30 14:14:19,        0,  29.8,   2.5,  25.3,  3.505,  1.871,  0.013,3975990.1,  1,  21.7,   1.0, 0.100
2025-10-30 14:14:20,        0,  30.3,   3.8,  25.3,  7.008,  4.719,  0.033,3980145.5,  1,  21.7,   1.0, 0.100
2025-10-30 14:14:22,        0,  29.9,   2.6,  25.3,  4.726,  2.707,  0.016,3984598.3,  1,  21.7,   1.0, 0.100
2025-10-30 14:14:23,        0,  30.3,   4.0,  25.3,  4.190,  2.260,  0.014,3987400.8,  1,  21.7,   1.0, 0.100
2025-10-30 14:14:23,        0,  29.8,   2.5,  25.3,  6.544,  4.298,  0.030,3991823.6,  1,  21.7,   1.0, 0.100
2025-10-30 14:14:24,        0,  29.7,   2.1,  25.3,  5.739,  3.580,  0.022,3994577.0,  1,  21.7,   1.0, 0.100
2025-10-30 14:14:26,        0,  29.9,   2.8,  25.3,  4.347,  2.491,  0.017,3996549.7,  1,  21.7,   1.0, 0.100
2025-10-30 14:14:27,        0,  29.9,   2.8,  25.3,  6.836,  4.562,  0.031,4000831.6,  1,  21.7,   1.0, 0.100
2025-10-30 14:14:28,        0,  29.2,   0.5,  25.3,  2.207,  0.548,  0.001,4002888.5,  1,  21.7,   1.0, 0.100
2025-10-30 14:14:28,        0,  29.9,   2.6,  25.3,  1.364,  0.019,  0.000,4002923.3,  1,  21.7,   1.0, 0.100
2025-10-30 14:14:29,        0,  30.2,   3.7,  25.3,  1.985,  0.598,  0.004,4004450.5,  1,  21.7,   1.0, 0.100
2025-10-30 14:14:31,        0,  29.9,   2.6,  25.3,  6.594,  4.351,  0.029,4009692.5,  1,  21.7,   1.0, 0.100
2025-10-30 14:14:32,        0,  29.5,   1.6,  25.3,  5.182,  3.102,  0.018,4011915.8,  1,  21.7,   1.0, 0.100
2025-10-30 14:14:32,        0,  29.6,   1.9,  25.3,  4.027,  2.106,  0.010,4013148.8,  1,  21.7,   1.0, 0.100
2025-10-30 14:14:33,        0,  29.7,   2.0,  25.3,  5.195,  3.190,  0.021,4015403.9,  1,  21.7,   1.0, 0.100
2025-10-30 14:14:35,        0,  29.5,   1.4,  25.3,  1.475,  0.066,  0.000,4016026.3,  1,  21.7,   1.0, 0.100
2025-10-30 14:14:36,        0,  29.7,   2.0,  25.3,  1.266,  0.000,  0.000,4016028.8,  1,  21.7,   1.0, 0.100
2025-10-30 14:14:37,        0,  29.9,   2.8,  25.3,  1.196, -0.008,  0.000,4016021.7,  1,  21.7,   1.0, 0.100
2025-10-30 14:14:37,        0,  29.8,   2.5,  25.3,  6.458,  4.254,  0.028,4019451.1,  1,  21.7,   0.9, 0.100
2025-10-30 14:14:38,        0,  29.9,   2.6,  25.3,  1.603,  0.134,  0.000,4019750.0,  1,  21.7,   1.0, 0.100
2025-10-30 14:14:40,        0,  29.9,   2.6,  25.3,  3.173,  1.381,  0.005,4021528.6,  1,  21.7,   0.9, 0.100
2025-10-30 14:14:41,        0,  30.0,   3.1,  25.3,  5.981,  3.873,  0.026,4023964.0,  1,  21.7,   0.9, 0.100
2025-10-30 14:14:41,        0,  30.0,   3.0,  25.3,  6.697,  4.470,  0.024,4027921.1,  1,  21.7,   0.9, 0.100
2025-10-30 14:14:42,        0,  29.9,   2.8,  25.3,  2.756,  1.025,  0.003,4030444.4,  1,  21.7,   0.9, 0.100
2025-10-30 14:14:44,        0,  29.4,   1.1,  25.3,  1.778,  0.255,  0.000,4032747.8,  1,  21.7,   1.0, 0.100
2025-10-30 14:14:45,        0,  29.4,   1.1,  25.3,  1.293,  0.011,  0.000,4032768.3,  1,  21.7,   1.0, 0.100
2025-10-30 14:14:45,        0,  29.8,   2.3,  25.3,  1.196, -0.005,  0.000,4032763.3,  1,  21.7,   0.9, 0.100
2025-10-30 14:14:46,        0,  29.6,   1.8,  25.3,  1.124, -0.009,  0.000,4032754.9,  1,  21.7,   0.9, 0.100
2025-10-30 14:14:48,        0,  29.9,   2.6,  25.3,  1.086, -0.010,  0.000,4032743.6,  1,  21.7,   0.9, 0.100
2025-10-30 14:14:49,        0,  29.8,   2.3,  25.3,  3.786,  2.154,  0.013,4033767.4,  1,  21.7,   0.9, 0.100
2025-10-30 14:14:50,        0,  30.0,   3.1,  25.3,  6.086,  3.978,  0.026,4036519.6,  1,  21.7,   0.9, 0.100
2025-10-30 14:14:50,        0,  29.9,   2.6,  25.3,  6.601,  4.414,  0.029,4040671.2,  1,  21.7,   0.9, 0.100
2025-10-30 14:14:51,        0,  29.6,   1.8,  25.3,  2.140,  0.540,  0.001,4042691.6,  1,  21.7,   0.9, 0.100
2025-10-30 14:14:53,        0,  29.3,   0.9,  25.3,  4.693,  2.850,  0.020,4045611.5,  1,  21.7,   0.9, 0.100
2025-10-30 14:14:54,        0,  28.7,   0.0,  25.3,  1.537,  0.121,  0.000,4046147.5,  1,  21.7,   0.9, 0.100
2025-10-30 14:14:54,        0,  29.6,   1.8,  25.3,  1.235,  0.005,  0.000,4046156.7,  1,  21.7,   0.9, 0.100
2025-10-30 14:14:55,        0,  29.7,   2.1,  25.3,  1.152, -0.005,  0.000,4046151.3,  1,  21.7,   1.0, 0.100
2025-10-30 14:14:57,        0,  29.8,   2.5,  25.3,  1.079, -0.008,  0.000,4046141.6,  1,  21.7,   0.9, 0.100
2025-10-30 14:14:58,        0,  29.9,   2.6,  25.3,  6.133,  4.029,  0.025,4048273.2,  1,  21.7,   1.0, 0.100
2025-10-30 14:14:59,        0,  29.6,   1.8,  25.3,  4.610,  2.679,  0.014,4051251.2,  1,  21.7,   1.0, 0.100
2025-10-30 14:14:59,        0,  29.6,   1.9,  25.3,  1.375,  0.055,  0.000,4051336.7,  1,  21.7,   1.0, 0.100
2025-10-30 14:15:00,        0,  29.8,   2.3,  25.3,  1.185,  0.001,  0.000,4051337.2,  1,  21.7,   1.0, 0.100
2025-10-30 14:15:02,        0,  29.8,   2.5,  25.3,  1.087, -0.008,  0.000,4051328.8,  1,  21.7,   1.0, 0.100
2025-10-30 14:15:03,        0,  29.5,   1.6,  25.3,  1.024, -0.008,  0.000,4051321.2,  1,  21.7,   1.0, 0.100
2025-10-30 14:15:03,        0,  29.7,   2.1,  25.3,  0.988, -0.009,  0.000,4051312.9,  1,  21.7,   1.0, 0.100
2025-10-30 14:15:04,        0,  29.2,   0.5,  25.3,  2.537,  1.257,  0.008,4053026.1,  1,  21.7,   1.0, 0.100
2025-10-30 14:15:06,        0,  29.9,   2.8,  25.3,  6.467,  4.351,  0.028,4056834.8,  1,  21.7,   1.0, 0.100
2025-10-30 14:15:07,        0,  28.9,   0.0,  25.3,  6.477,  4.352,  0.028,4060294.5,  1,  21.7,   1.0, 0.100
2025-10-30 14:15:08,        0,  29.7,   2.1,  25.3,  1.325,  0.044,  0.000,4060445.4,  1,  21.7,   1.0, 0.100
2025-10-30 14:15:08,        0,  29.5,   1.6,  25.3,  1.155,  0.001,  0.000,4060448.7,  1,  21.7,   1.0, 0.100
2025-10-30 14:15:10,        0,  29.6,   1.8,  25.3,  1.061, -0.007,  0.000,4060441.2,  1,  21.7,   1.0, 0.100
2025-10-30 14:15:11,        0,  29.7,   2.1,  25.3,  1.018, -0.008,  0.000,4060433.2,  1,  21.7,   1.0, 0.100
2025-10-30 14:15:12,        0,  29.8,   2.3,  25.3,  0.980, -0.008,  0.000,4060425.7,  1,  21.7,   1.0, 0.100
2025-10-30 14:15:12,        0,  29.7,   2.1,  25.3,  0.931, -0.009,  0.000,4060417.7,  1,  21.7,   1.0, 0.100
2025-10-30 14:15:14,        0,  29.7,   2.1,  25.3,  0.902, -0.009,  0.000,4060406.8,  1,  21.7,   1.0, 0.100
2025-10-30 14:15:15,        0,  29.6,   1.9,  25.3,  1.325,  0.368,  0.002,4061113.0,  1,  21.7,   1.0, 0.100
2025-10-30 14:15:16,        0,  29.9,   2.6,  25.3,  1.669,  0.261,  0.000,4061684.2,  1,  21.7,   1.0, 0.100
2025-10-30 14:15:16,        0,  29.9,   2.6,  25.3,  3.789,  2.171,  0.014,4064247.0,  1,  21.7,   1.0, 0.100
2025-10-30 14:15:17,        0,  29.6,   1.8,  25.3,  5.130,  3.199,  0.018,4067831.1,  1,  21.7,   1.0, 0.100
2025-10-30 14:15:19,        0,  29.6,   1.8,  25.3,  1.271,  0.039,  0.000,4068339.8,  1,  21.7,   1.0, 0.100
2025-10-30 14:15:20,        0,  29.6,   1.8,  25.3,  1.111,  0.001,  0.000,4068344.0,  1,  21.7,   1.0, 0.100
2025-10-30 14:15:20,        0,  29.7,   2.1,  25.3,  1.040, -0.005,  0.000,4068339.8,  1,  21.7,   1.0, 0.100
2025-10-30 14:15:21,        0,  29.6,   1.9,  25.3,  0.991, -0.008,  0.000,4068332.7,  1,  21.7,   1.0, 0.100
2025-10-30 14:15:23,        0,  29.7,   2.1,  25.3,  0.934, -0.008,  0.000,4068323.5,  1,  21.7,   1.0, 0.100
2025-10-30 14:15:24,        0,  29.8,   2.5,  25.3,  0.885, -0.008,  0.000,4068316.0,  1,  21.7,   1.0, 0.100
2025-10-30 14:15:24,        0,  29.8,   2.5,  25.3,  0.858, -0.009,  0.000,4068308.0,  1,  21.7,   1.0, 0.100
2025-10-30 14:15:25,        0,  29.9,   2.6,  25.3,  0.835, -0.009,  0.000,4068299.6,  1,  21.7,   1.0, 0.100
2025-10-30 14:15:27,        0,  29.8,   2.5,  25.3,  6.391,  4.348,  0.028,4071241.2,  1,  21.7,   1.0, 0.100
2025-10-30 14:15:28,        0,  29.4,   1.1,  25.3,  6.110,  4.094,  0.026,4075115.4,  1,  21.7,   1.0, 0.100
2025-10-30 14:15:28,        0,  29.3,   0.9,  25.3,  1.348,  0.086,  0.000,4075635.9,  1,  21.7,   1.0, 0.100
2025-10-30 14:15:29,        0,  29.4,   1.2,  25.3,  1.108,  0.005,  0.000,4075645.9,  1,  21.7,   1.0, 0.100
2025-10-30 14:15:31,        0,  29.6,   1.8,  25.3,  1.001, -0.005,  0.000,4075641.7,  1,  21.7,   1.0, 0.100
2025-10-30 14:15:32,        0,  29.6,   1.9,  25.3,  0.954, -0.007,  0.000,4075635.0,  1,  21.8,   1.0, 0.100
2025-10-30 14:15:32,        0,  29.6,   1.9,  25.3,  0.917, -0.007,  0.000,4075628.3,  1,  21.7,   1.0, 0.100
2025-10-30 14:15:33,        0,  29.6,   1.9,  25.3,  0.866, -0.008,  0.000,4075621.2,  1,  21.7,   1.0, 0.100
2025-10-30 14:15:35,        0,  29.8,   2.3,  25.3,  0.838, -0.008,  0.000,4075611.6,  1,  21.7,   1.0, 0.100
2025-10-30 14:15:36,        0,  29.6,   1.9,  25.3,  0.804, -0.008,  0.000,4075603.6,  1,  21.7,   1.0, 0.100
2025-10-30 14:15:37,        0,  29.7,   2.1,  25.3,  0.784, -0.008,  0.000,4075594.8,  1,  21.7,   1.0, 0.100
2025-10-30 14:15:37,        0,  29.8,   2.5,  25.3,  0.767, -0.009,  0.000,4075586.8,  1,  21.7,   1.0, 0.100
2025-10-30 14:15:39,        0,  29.9,   2.6,  25.3,  0.745, -0.009,  0.000,4075576.4,  1,  21.7,   1.0, 0.100
2025-10-30 14:15:40,        0,  29.8,   2.5,  25.3,  0.732, -0.009,  0.000,4075567.6,  1,  21.7,   1.0, 0.100
2025-10-30 14:15:41,        0,  29.9,   2.6,  25.3,  0.714, -0.009,  0.000,4075559.2,  1,  21.7,   1.0, 0.100
2025-10-30 14:15:41,        0,  29.8,   2.5,  25.3,  2.300,  1.250,  0.008,4076549.9,  1,  21.7,   1.0, 0.100
2025-10-30 14:15:43,        0,  29.8,   2.3,  25.3,  1.195,  0.033,  0.000,4076743.1,  1,  21.7,   1.0, 0.100
2025-10-30 14:15:44,        0,  29.8,   2.5,  25.3,  1.041,  0.000,  0.000,4076744.0,  1,  21.7,   1.0, 0.100
2025-10-30 14:15:45,        0,  29.8,   2.5,  25.3,  0.973, -0.005,  0.000,4076738.9,  1,  21.7,   1.0, 0.100
2025-10-30 14:15:45,        0,  29.9,   2.6,  25.3,  4.189,  2.442,  0.012,4077795.9,  1,  21.7,   1.0, 0.100
2025-10-30 14:15:47,        0,  29.9,   2.6,  25.3,  5.523,  3.616,  0.023,4080858.6,  1,  21.7,   1.0, 0.100
2025-10-30 14:15:48,        0,  29.8,   2.3,  25.3,  2.908,  1.307,  0.005,4083117.6,  1,  21.7,   0.9, 0.100
2025-10-30 14:15:48,        0,  29.6,   1.9,  25.3,  1.197,  0.033,  0.000,4083162.8,  1,  21.7,   1.0, 0.100
2025-10-30 14:15:49,        0,  29.7,   2.1,  25.3,  1.049,  0.001,  0.000,4083162.8,  1,  21.7,   1.0, 0.100
2025-10-30 14:15:51,        0,  29.6,   1.9,  25.3,  0.961, -0.007,  0.000,4083155.7,  1,  21.7,   1.0, 0.100
2025-10-30 14:15:52,        0,  29.7,   2.1,  25.3,  0.901, -0.007,  0.000,4083149.0,  1,  21.7,   1.0, 0.100
2025-10-30 14:15:52,        0,  29.7,   2.1,  25.3,  0.868, -0.008,  0.000,4083141.9,  1,  21.7,   1.0, 0.100
2025-10-30 14:15:53,        0,  29.7,   2.1,  25.3,  0.837, -0.007,  0.000,4083134.3,  1,  21.7,   0.9, 0.100
2025-10-30 14:15:55,        0,  29.6,   1.9,  25.3,  0.799, -0.009,  0.000,4083124.7,  1,  21.7,   0.9, 0.100
2025-10-30 14:15:56,        0,  29.8,   2.3,  25.3,  0.778, -0.008,  0.000,4083117.1,  1,  21.7,   0.9, 0.100
2025-10-30 14:15:56,        0,  29.8,   2.3,  25.3,  0.751, -0.009,  0.000,4083108.8,  1,  21.7,   0.9, 0.100
2025-10-30 14:15:57,        0,  29.7,   2.1,  25.3,  0.736, -0.009,  0.000,4083100.4,  1,  21.7,   0.9, 0.100
2025-10-30 14:15:59,        0,  29.8,   2.5,  25.3,  0.715, -0.009,  0.000,4083090.3,  1,  21.7,   0.9, 0.100
2025-10-30 14:16:00,        0,  29.7,   2.1,  25.3,  0.703, -0.009,  0.000,4083081.5,  1,  21.7,   0.9, 0.100
2025-10-30 14:16:01,        0,  29.8,   2.5,  25.3,  0.691, -0.009,  0.000,4083074.0,  1,  21.7,   0.9, 0.100
2025-10-30 14:16:01,        0,  29.9,   2.6,  25.3,  0.675, -0.009,  0.000,4083065.6,  1,  21.7,   0.9, 0.100
2025-10-30 14:16:02,        0,  29.8,   2.5,  25.3,  0.664, -0.008,  0.000,4083057.2,  1,  21.8,   0.9, 0.100
2025-10-30 14:16:04,        0,  29.8,   2.5,  25.3,  0.649, -0.009,  0.000,77727001190.2,  1,  21.7,   0.9, 0.100
2025-10-30 14:16:05,        0,  29.8,   2.5,  25.3,  0.640, -0.008,  0.000,4083546.7,  1,  21.7,   0.9, 0.100
2025-10-30 14:16:05,        0,  29.8,   2.5,  25.3,  2.089,  0.633,  0.002,4084409.2,  1,  21.7,   0.9, 0.100
2025-10-30 14:16:06,        0,  29.8,   2.5,  25.3,  1.062,  0.005,  0.000,4084729.4,  1,  21.7,   0.9, 0.100
2025-10-30 14:16:08,        0,  29.8,   2.5,  25.3,  1.552,  0.226,  0.000,4085447.7,  1,  21.7,   1.0, 0.100
2025-10-30 14:16:09,        0,  29.8,   2.5,  25.3,  1.039,  0.002,  0.000,4085453.2,  1,  21.7,   1.0, 0.100
2025-10-30 14:16:10,        0,  29.8,   2.3,  25.3,  0.969, -0.005,  0.000,4085448.6,  1,  21.7,   0.9, 0.100
2025-10-30 14:16:10,        0,  29.8,   2.5,  25.3,  0.922, -0.006,  0.000,4085442.7,  1,  21.7,   0.9, 0.100
2025-10-30 14:16:11,        0,  29.8,   2.3,  25.3,  0.864, -0.007,  0.000,4085436.0,  1,  21.7,   0.9, 0.100
2025-10-30 14:16:13,        0,  29.8,   2.5,  25.3,  0.816, -0.008,  0.000,4085427.2,  1,  21.7,   0.9, 0.100
2025-10-30 14:16:14,        0,  29.8,   2.5,  25.3,  0.789, -0.008,  0.000,4085420.1,  1,  21.7,   0.9, 0.100
2025-10-30 14:16:14,        0,  29.8,   2.5,  25.3,  0.766, -0.009,  0.000,4085412.1,  1,  21.7,   0.9, 0.100
2025-10-30 14:16:15,        0,  29.9,   2.6,  25.3,  0.739, -0.009,  0.000,4085403.7,  1,  21.7,   0.9, 0.100
2025-10-30 14:16:17,        0,  29.9,   2.8,  25.3,  3.492,  1.913,  0.009,4086283.4,  1,  21.7,   0.9, 0.100
2025-10-30 14:16:18,        0,  29.8,   2.3,  25.3,  5.941,  3.970,  0.024,4089704.9,  1,  21.7,   0.9, 0.100
2025-10-30 14:16:19,        0,  29.2,   0.5,  25.3,  1.348,  0.104,  0.000,4089980.7,  1,  21.7,   0.9, 0.100
2025-10-30 14:16:19,        0,  29.7,   2.0,  25.3,  1.075,  0.006,  0.000,4089987.4,  1,  21.7,   0.9, 0.100
2025-10-30 14:16:20,        0,  29.7,   2.1,  25.3,  0.965, -0.006,  0.000,4089983.2,  1,  21.7,   0.9, 0.100
2025-10-30 14:16:22,        0,  29.7,   2.1,  25.3,  0.920, -0.006,  0.000,4089976.5,  1,  21.7,   0.9, 0.100
2025-10-30 14:16:23,        0,  29.8,   2.3,  25.3,  0.863, -0.007,  0.000,4089969.4,  1,  21.7,   0.9, 0.100
2025-10-30 14:16:23,        0,  29.7,   2.1,  25.3,  0.831, -0.007,  0.000,4089961.8,  1,  21.7,   0.9, 0.100
2025-10-30 14:16:24,        0,  29.7,   2.1,  25.3,  0.804, -0.008,  0.000,4089954.7,  1,  21.8,   0.9, 0.100
2025-10-30 14:16:26,        0,  29.6,   1.9,  25.3,  0.769, -0.008,  0.000,4089945.5,  1,  21.7,   0.9, 0.100
2025-10-30 14:16:27,        0,  29.7,   2.1,  25.2,  0.750, -0.009,  0.000,4089937.1,  1,  21.7,   0.9, 0.100
2025-10-30 14:16:27,        0,  29.7,   2.1,  25.3,  0.726, -0.008,  0.000,4089929.1,  1,  21.7,   1.0, 0.100
2025-10-30 14:16:28,        0,  29.6,   1.9,  25.3,  0.711, -0.009,  0.000,4089921.2,  1,  21.7,   1.0, 0.100
2025-10-30 14:16:30,        0,  29.7,   2.1,  25.3,  0.690, -0.008,  0.000,4089911.1,  1,  21.7,   1.0, 0.100
2025-10-30 14:16:31,        0,  29.8,   2.3,  25.3,  0.678, -0.009,  0.000,4089903.6,  1,  21.7,   1.0, 0.100
2025-10-30 14:16:32,        0,  29.8,   2.3,  25.2,  0.661, -0.008,  0.000,4089895.2,  1,  21.7,   1.0, 0.100
2025-10-30 14:16:32,        0,  29.8,   2.5,  25.3,  0.650, -0.008,  0.000,4089887.6,  1,  21.7,   1.0, 0.100
2025-10-30 14:16:33,        0,  29.8,   2.3,  25.3,  0.640, -0.008,  0.000,4089879.7,  1,  21.7,   1.0, 0.100
2025-10-30 14:16:35,        0,  29.8,   2.3,  25.3,  0.626, -0.008,  0.000,4089870.4,  1,  21.7,   1.0, 0.100
2025-10-30 14:16:36,        0,  29.7,   2.1,  25.3,  0.616, -0.008,  0.000,4089862.9,  1,  21.7,   1.0, 0.100
2025-10-30 14:16:36,        0,  29.8,   2.3,  25.3,  0.604, -0.007,  0.000,4089855.8,  1,  21.7,   1.0, 0.100
2025-10-30 14:16:37,        0,  29.8,   2.5,  25.3,  0.595, -0.008,  0.000,4089848.2,  1,  21.7,   1.0, 0.100
2025-10-30 14:16:39,        0,  29.8,   2.5,  25.3,  0.583, -0.008,  0.000,4089839.4,  1,  21.7,   1.0, 0.100
2025-10-30 14:16:40,        0,  29.7,   2.1,  25.3,  0.576, -0.008,  0.000,4089832.3,  1,  21.7,   1.0, 0.100
2025-10-30 14:16:41,        0,  29.8,   2.5,  25.3,  0.569, -0.007,  0.000,4089824.8,  1,  21.7,   1.0, 0.100
2025-10-30 14:16:41,        0,  29.8,   2.3,  25.3,  0.558, -0.007,  0.000,4089817.6,  1,  21.7,   1.0, 0.100
2025-10-30 14:16:42,        0,  29.8,   2.5,  25.3,  0.551, -0.007,  0.000,4089810.9,  1,  21.7,   1.0, 0.100
2025-10-30 14:16:44,        0,  29.8,   2.5,  25.3,  0.541, -0.007,  0.000,4089802.1,  1,  21.7,   1.0, 0.100
2025-10-30 14:16:45,        0,  29.8,   2.5,  25.3,  0.535, -0.007,  0.000,4089795.0,  1,  21.7,   1.0, 0.100
2025-10-30 14:16:45,        0,  29.8,   2.5,  25.3,  0.530, -0.007,  0.000,4089788.3,  1,  21.7,   1.0, 0.100
2025-10-30 14:16:46,        0,  29.8,   2.3,  25.3,  0.521, -0.007,  0.000,4089782.4,  1,  21.7,   0.9, 0.100
2025-10-30 14:16:48,        0,  29.9,   2.6,  25.2,  0.515, -0.007,  0.000,4089773.6,  1,  21.7,   1.0, 0.100
2025-10-30 14:16:49,        0,  29.8,   2.3,  25.2,  0.507, -0.007,  0.000,4089767.3,  1,  21.7,   1.0, 0.100
2025-10-30 14:16:49,        0,  29.8,   2.5,  25.3,  0.502, -0.007,  0.000,4089760.6,  1,  21.7,   1.0, 0.100
2025-10-30 14:16:50,        0,  29.9,   2.6,  25.3,  0.497, -0.007,  0.000,4089754.8,  1,  21.7,   0.9, 0.100
2025-10-30 14:16:52,        0,  29.9,   2.6,  25.3,  0.490, -0.007,  0.000,4089746.4,  1,  21.7,   1.0, 0.100
2025-10-30 14:16:53,        0,  29.8,   2.5,  25.3,  0.482, -0.006,  0.000,4089740.1,  1,  21.7,   1.0, 0.100
2025-10-30 14:16:54,        0,  29.9,   2.6,  25.3,  0.478, -0.006,  0.000,4089734.2,  1,  21.7,   1.0, 0.100
2025-10-30 14:16:54,        0,  29.8,   2.5,  25.2,  3.093,  1.973,  0.012,4091817.6,  1,  21.7,   1.0, 0.100
2025-10-30 14:16:56,        0,  29.6,   1.9,  25.3,  1.434,  0.152,  0.000,4092957.9,  1,  21.7,   1.0, 0.100
2025-10-30 14:16:57,        0,  29.8,   2.3,  25.3,  1.082,  0.010,  0.000,4092967.6,  1,  21.7,   1.0, 0.100
2025-10-30 14:16:58,        0,  29.8,   2.3,  25.3,  0.956, -0.005,  0.000,4092964.2,  1,  21.7,   1.0, 0.100
2025-10-30 14:16:58,        0,  29.7,   2.1,  25.2,  0.909, -0.006,  0.000,4092958.3,  1,  21.7,   1.0, 0.100
2025-10-30 14:16:59,        0,  29.8,   2.3,  25.2,  0.866, -0.007,  0.000,4092952.1,  1,  21.7,   1.0, 0.100
2025-10-30 14:17:01,        0,  29.8,   2.3,  25.3,  0.816, -0.007,  0.000,4092943.7,  1,  21.7,   1.0, 0.100
2025-10-30 14:17:02,        0,  29.7,   2.1,  25.2,  0.787, -0.008,  0.000,4092936.5,  1,  21.7,   1.0, 0.100
2025-10-30 14:17:02,        0,  29.8,   2.3,  25.2,  0.752, -0.008,  0.000,4092929.0,  1,  21.7,   1.0, 0.100
2025-10-30 14:17:03,        0,  29.8,   2.3,  25.3,  0.733, -0.008,  0.000,4092921.9,  1,  21.7,   1.0, 0.100
2025-10-30 14:17:05,        0,  29.7,   2.1,  25.3,  0.707, -0.008,  0.000,4092912.2,  1,  21.7,   1.0, 0.100
2025-10-30 14:17:06,        0,  29.8,   2.3,  25.2,  0.691, -0.008,  0.000,4092904.7,  1,  21.7,   1.0, 0.100
2025-10-30 14:17:07,        0,  29.8,   2.3,  25.3,  0.677, -0.008,  0.000,4092896.7,  1,  21.7,   1.0, 0.100
2025-10-30 14:17:07,        0,  29.7,   2.1,  25.2,  0.657, -0.008,  0.000,4092889.2,  1,  21.7,   1.0, 0.100
2025-10-30 14:17:08,        0,  29.7,   2.1,  25.3,  0.644, -0.007,  0.000,4092882.1,  1,  21.7,   1.0, 0.100
2025-10-30 14:17:10,        0,  29.7,   2.1,  25.3,  0.626, -0.008,  0.000,4092872.4,  1,  21.7,   0.9, 0.100
2025-10-30 14:17:11,        0,  29.8,   2.3,  25.2,  0.616, -0.007,  0.000,4092866.1,  1,  21.7,   1.0, 0.100
2025-10-30 14:17:11,        0,  29.8,   2.3,  25.3,  0.600, -0.007,  0.000,4092858.2,  1,  21.7,   1.0, 0.100
2025-10-30 14:17:12,        0,  29.8,   2.5,  25.3,  0.589, -0.007,  0.000,4092851.0,  1,  21.7,   1.0, 0.100
2025-10-30 14:17:14,        0,  29.8,   2.3,  25.3,  0.575, -0.007,  0.000,4092843.1,  1,  21.7,   1.0, 0.100
2025-10-30 14:17:15,        0,  29.8,   2.3,  25.3,  0.566, -0.007,  0.000,4092836.0,  1,  21.7,   1.0, 0.100
2025-10-30 14:17:16,        0,  29.8,   2.3,  25.3,  0.558, -0.007,  0.000,4092829.3,  1,  21.7,   1.0, 0.100
2025-10-30 14:17:16,        0,  29.8,   2.3,  25.2,  0.546, -0.007,  0.000,4092822.1,  1,  21.7,   1.0, 0.100
2025-10-30 14:17:17,        0,  29.8,   2.3,  25.2,  0.538, -0.007,  0.000,4092815.4,  1,  21.7,   1.0, 0.100
2025-10-30 14:17:19,        0,  29.8,   2.3,  25.2,  0.527, -0.007,  0.000,4092807.9,  1,  21.7,   1.0, 0.100
2025-10-30 14:17:20,        0,  29.8,   2.5,  25.2,  0.520, -0.007,  0.000,4092801.6,  1,  21.7,   1.0, 0.100
2025-10-30 14:17:20,        0,  29.8,   2.5,  25.2,  0.514, -0.007,  0.000,4092794.9,  1,  21.7,   1.0, 0.100
2025-10-30 14:17:21,        0,  29.8,   2.3,  25.3,  0.504, -0.007,  0.000,4092788.6,  1,  21.7,   1.0, 0.100
2025-10-30 14:17:23,        0,  29.8,   2.3,  25.3,  0.495, -0.007,  0.000,4092780.6,  1,  21.7,   1.0, 0.100
2025-10-30 14:17:24,        0,  29.8,   2.5,  25.2,  0.490, -0.006,  0.000,4092774.8,  1,  21.7,   0.9, 0.100
2025-10-30 14:17:25,        0,  29.8,   2.5,  25.2,  0.484, -0.006,  0.000,4092768.5,  1,  21.7,   0.9, 0.100
2025-10-30 14:17:25,        0,  29.8,   2.5,  25.2,  0.479, -0.007,  0.000,4092762.6,  1,  21.7,   0.9, 0.100
2025-10-30 14:17:26,        0,  29.8,   2.5,  25.3,  0.471, -0.006,  0.000,4092756.3,  1,  21.7,   0.9, 0.100
2025-10-30 14:17:28,        0,  29.8,   2.5,  25.3,  0.463, -0.006,  0.000,4092749.2,  1,  21.7,   0.9, 0.100
2025-10-30 14:17:29,        0,  29.7,   2.1,  25.2,  0.459, -0.007,  0.000,4092742.9,  1,  21.7,   0.9, 0.100
2025-10-30 14:17:29,        0,  29.8,   2.5,  25.2,  0.454, -0.006,  0.000,4092737.1,  1,  21.7,   0.9, 0.100
2025-10-30 14:17:31,        0,  29.8,   2.5,  25.3,  0.447, -0.006,  0.000,4092729.9,  1,  21.7,   0.9, 0.100
2025-10-30 14:17:32,        0,  29.8,   2.5,  25.3,  0.442, -0.006,  0.000,4092724.5,  1,  21.7,   0.9, 0.100
2025-10-30 14:17:33,        0,  29.8,   2.5,  25.2,  0.437, -0.006,  0.000,4092718.6,  1,  21.7,   0.9, 0.100
2025-10-30 14:17:33,        0,  29.8,   2.5,  25.3,  0.432, -0.006,  0.000,4092712.7,  1,  21.7,   0.9, 0.100
2025-10-30 14:17:34,        0,  29.8,   2.5,  25.2,  0.428, -0.005,  0.000,4092707.7,  1,  21.7,   0.8, 0.100
2025-10-30 14:17:36,        0,  29.9,   2.6,  25.2,  0.422, -0.006,  0.000,4092701.0,  1,  21.7,   0.9, 0.100
2025-10-30 14:17:37,        0,  29.8,   2.5,  25.3,  0.418, -0.005,  0.000,4092695.6,  1,  21.7,   0.9, 0.100
2025-10-30 14:17:37,        0,  29.9,   2.6,  25.3,  0.413, -0.005,  0.000,4092690.5,  1,  21.7,   0.9, 0.100
2025-10-30 14:17:38,        0,  29.8,   2.5,  25.2,  0.409, -0.005,  0.000,4092685.1,  1,  21.7,   0.9, 0.100
2025-10-30 14:17:40,        0,  29.8,   2.5,  25.2,  0.404, -0.005,  0.000,4092679.2,  1,  21.7,   1.0, 0.100
2025-10-30 14:17:41,        0,  29.8,   2.5,  25.3,  0.401, -0.005,  0.000,4092673.4,  1,  21.7,   0.9, 0.100
2025-10-30 14:17:41,        0,  29.9,   2.6,  25.2,  0.398, -0.005,  0.000,4092668.7,  1,  21.7,   1.0, 0.100
2025-10-30 14:17:42,        0,  29.9,   2.6,  25.2,  0.392, -0.005,  0.000,4092663.3,  1,  21.7,   1.0, 0.100
2025-10-30 14:17:44,        0,  29.9,   2.6,  25.2,  6.376,  4.356,  0.028,4097433.4,  1,  21.7,   1.0, 0.100
2025-10-30 14:17:45,        0,  29.7,   2.1,  25.2,  2.091,  0.631,  0.002,4099368.0,  1,  21.7,   1.0, 0.100
2025-10-30 14:17:45,        0,  29.3,   0.9,  25.3,  1.146,  0.024,  0.000,4099404.0,  1,  21.7,   1.0, 0.100
2025-10-30 14:17:46,        0,  29.6,   1.8,  25.3,  1.017,  0.000,  0.000,4099404.0,  1,  21.7,   1.0, 0.100
2025-10-30 14:17:48,        0,  29.5,   1.6,  25.2,  0.929, -0.006,  0.000,4099397.7,  1,  21.7,   1.0, 0.100
2025-10-30 14:17:49,        0,  29.6,   1.8,  25.2,  0.887, -0.006,  0.000,4099391.4,  1,  21.7,   1.0, 0.100
2025-10-30 14:17:49,        0,  29.6,   1.8,  25.2,  0.833, -0.007,  0.000,4099384.7,  1,  21.7,   1.0, 0.100
2025-10-30 14:17:50,        0,  29.5,   1.6,  25.2,  0.803, -0.007,  0.000,4099377.6,  1,  21.7,   1.0, 0.100
2025-10-30 14:17:52,        0,  29.6,   1.8,  25.2,  0.765, -0.007,  0.000,4099369.2,  1,  21.7,   1.0, 0.100
2025-10-30 14:17:53,        0,  29.5,   1.6,  25.2,  0.744, -0.008,  0.000,4099361.3,  1,  21.7,   1.0, 0.100
2025-10-30 14:17:54,        0,  29.5,   1.6,  25.3,  0.725, -0.008,  0.000,4099353.3,  1,  21.7,   1.0, 0.100
2025-10-30 14:17:54,        0,  29.6,   1.8,  25.2,  0.699, -0.008,  0.000,4099346.2,  1,  21.7,   1.0, 0.100
2025-10-30 14:17:56,        0,  29.6,   1.8,  25.2,  0.677, -0.007,  0.000,4099337.0,  1,  21.7,   1.0, 0.100
2025-10-30 14:17:57,        0,  29.6,   1.8,  25.2,  0.662, -0.008,  0.000,4099329.8,  1,  21.7,   1.0, 0.100
2025-10-30 14:17:58,        0,  29.5,   1.6,  25.2,  0.649, -0.008,  0.000,4099322.3,  1,  21.7,   0.9, 0.100
2025-10-30 14:17:58,        0,  29.5,   1.6,  25.2,  0.630, -0.007,  0.000,4099314.8,  1,  21.7,   1.0, 0.100
2025-10-30 14:17:59,        0,  29.6,   1.8,  25.3,  0.619, -0.008,  0.000,4099307.6,  1,  21.7,   1.0, 0.100
2025-10-30 14:18:01,        0,  29.6,   1.8,  25.2,  0.602, -0.007,  0.000,4099298.8,  1,  21.7,   0.9, 0.100
2025-10-30 14:18:02,        0,  29.5,   1.6,  25.2,  0.592, -0.007,  0.000,4099291.7,  1,  21.7,   0.9, 0.100
2025-10-30 14:18:02,        0,  29.7,   2.0,  25.2,  0.582, -0.007,  0.000,4099284.6,  1,  21.7,   0.9, 0.100
2025-10-30 14:18:03,        0,  29.6,   1.8,  25.2,  0.567, -0.007,  0.000,4099277.9,  1,  21.7,   0.9, 0.100
2025-10-30 14:18:05,        0,  29.6,   1.8,  25.2,  0.558, -0.007,  0.000,4099269.9,  1,  21.7,   0.9, 0.100
2025-10-30 14:18:06,        0,  29.6,   1.8,  25.2,  0.546, -0.007,  0.000,4099263.2,  1,  21.7,   0.9, 0.100
2025-10-30 14:18:07,        0,  29.6,   1.8,  25.3,  0.538, -0.007,  0.000,4099256.5,  1,  21.7,   0.9, 0.100
2025-10-30 14:18:07,        0,  29.5,   1.6,  25.3,  0.530, -0.007,  0.000,4099249.8,  1,  21.7,   0.9, 0.100
2025-10-30 14:18:09,        0,  29.6,   1.8,  25.2,  0.518, -0.007,  0.000,4099241.8,  1,  21.7,   0.9, 0.100
2025-10-30 14:18:10,        0,  29.6,   1.8,  25.3,  0.511, -0.007,  0.000,4099236.0,  1,  21.7,   0.9, 0.100
2025-10-30 14:18:11,        0,  29.5,   1.6,  25.3,  0.501, -0.007,  0.000,4099229.3,  1,  21.7,   0.9, 0.100
2025-10-30 14:18:11,        0,  29.5,   1.6,  25.2,  0.494, -0.007,  0.000,4099223.0,  1,  21.7,   0.9, 0.100
2025-10-30 14:18:12,        0,  29.6,   1.8,  25.2,  0.488, -0.007,  0.000,4099216.3,  1,  21.7,   0.9, 0.100
2025-10-30 14:18:14,        0,  29.6,   1.8,  25.2,  0.479, -0.006,  0.000,4099209.1,  1,  21.7,   0.9, 0.100
2025-10-30 14:18:15,        0,  29.5,   1.6,  25.2,  0.470, -0.007,  0.000,4099203.7,  1,  21.7,   0.9, 0.100
2025-10-30 14:18:15,        0,  29.6,   1.8,  25.2,  0.464, -0.007,  0.000,4099197.4,  1,  21.7,   0.9, 0.100
2025-10-30 14:18:16,        0,  29.6,   1.8,  25.2,  0.459, -0.007,  0.000,4099191.5,  1,  21.7,   0.9, 0.100
2025-10-30 14:18:18,        0,  29.6,   1.8,  25.2,  0.451, -0.006,  0.000,4099184.4,  1,  21.7,   0.9, 0.100
2025-10-30 14:18:19,        0,  29.6,   1.8,  25.2,  0.447, -0.006,  0.000,4099178.1,  1,  21.7,   0.9, 0.100
2025-10-30 14:18:20,        0,  29.6,   1.8,  25.2,  0.439, -0.006,  0.000,4099172.7,  1,  21.7,   0.9, 0.100
2025-10-30 14:18:20,        0,  29.6,   1.8,  25.2,  0.434, -0.006,  0.000,4099166.4,  1,  21.7,   1.0, 0.100
2025-10-30 14:18:21,        0,  29.6,   1.8,  25.2,  0.429, -0.006,  0.000,4099160.9,  1,  21.7,   0.9, 0.100
2025-10-30 14:18:23,        0,  29.6,   1.8,  25.3,  0.423, -0.006,  0.000,4099154.7,  1,  21.7,   0.9, 0.100
2025-10-30 14:18:24,        0,  29.6,   1.8,  25.3,  0.418, -0.006,  0.000,4099148.8,  1,  21.7,   1.0, 0.100
2025-10-30 14:18:24,        0,  29.5,   1.6,  25.2,  0.412, -0.005,  0.000,4099143.3,  1,  21.7,   1.0, 0.100
2025-10-30 14:18:25,        0,  29.6,   1.8,  25.2,  0.408, -0.006,  0.000,4099137.9,  1,  21.7,   1.0, 0.100
