Time, Cnts,  %T, set_Cell[mA], Cell[°C], Cell[Volt], Cell[mA], Cell[W], Cell[uAs], Cell_ON, Env[°C], TEC[°C], N2Flow[slpm]
2025-11-07 12:42:52,        0,  29.4,   1.1,  24.9,  0.152, -0.002,  0.000,     -1.1,  1,  21.8,   0.9, 0.100
2025-11-07 12:42:53,        0,  29.4,   1.3,  25.0,  0.152, -0.002,  0.000,     -3.1,  1,  21.8,   0.9, 0.100
2025-11-07 12:42:54,        0,  29.5,   1.4,  25.0,  0.151, -0.002,  0.000,     -5.4,  1,  21.8,   0.9, 0.100
2025-11-07 12:42:56,        0,  29.5,   1.5,  25.0,  0.150, -0.002,  0.000,     -7.4,  1,  21.9,   1.0, 0.100
2025-11-07 12:42:56,        0,  29.5,   1.4,  25.0,  0.150, -0.002,  0.000,     -9.4,  1,  21.9,   1.0, 0.100
2025-11-07 12:42:57,        0,  29.5,   1.5,  25.0,  0.149, -0.002,  0.000,    -11.2,  1,  21.9,   1.0, 0.101
2025-11-07 12:42:58,        0,  29.5,   1.6,  25.0,  0.149, -0.002,  0.000,    -12.9,  1,  21.9,   1.0, 0.100
2025-11-07 12:43:00,        0,  29.5,   1.4,  25.0,  0.149, -0.002,  0.000,    -15.2,  1,  21.9,   1.0, 0.100
2025-11-07 12:43:00,        0,  29.4,   1.3,  25.0,  0.148, -0.002,  0.000,    -17.2,  1,  21.9,   1.0, 0.100
2025-11-07 12:43:01,        0,  29.4,   1.3,  25.0,  0.148, -0.002,  0.000,    -18.9,  1,  21.9,   1.0, 0.100
2025-11-07 12:43:02,        0,  29.5,   1.4,  25.0,  0.148, -0.002,  0.000,    -20.6,  1,  21.9,   1.0, 0.100
2025-11-07 12:43:04,        0,  29.5,   1.4,  25.0,  0.147, -0.002,  0.000,    -22.9,  1,  21.9,   1.0, 0.100
2025-11-07 12:43:04,        0,  29.5,   1.6,  25.0,  0.146, -0.002,  0.000,    -24.9,  1,  21.8,   1.0, 0.100
2025-11-07 12:43:05,        0,  29.5,   1.4,  25.0,  0.146, -0.002,  0.000,    -27.2,  1,  21.9,   1.0, 0.100
2025-11-07 12:43:06,        0,  29.4,   1.3,  25.0,  0.146, -0.002,  0.000,    -28.9,  1,  21.9,   1.0, 0.100
2025-11-07 12:43:08,        0,  29.5,   1.6,  25.0,  0.145, -0.002,  0.000,    -31.2,  1,  21.9,   1.0, 0.100
2025-11-07 12:43:09,        0,  29.5,   1.6,  25.0,  0.145, -0.002,  0.000,    -32.9,  1,  21.9,   1.0, 0.100
2025-11-07 12:43:09,        0,  29.4,   1.1,  25.0,  0.145, -0.002,  0.000,    -34.9,  1,  21.9,   1.0, 0.100
2025-11-07 12:43:10,        0,  29.4,   1.1,  25.0,  0.144, -0.002,  0.000,    -36.9,  1,  21.9,   1.0, 0.100
2025-11-07 12:43:12,        0,  29.5,   1.4,  25.0,  0.144, -0.002,  0.000,    -38.9,  1,  21.9,   1.0, 0.100
2025-11-07 12:43:13,        0,  29.5,   1.6,  25.0,  0.144, -0.002,  0.000,    -40.9,  1,  21.9,   1.0, 0.100
2025-11-07 12:43:13,        0,  29.5,   1.6,  25.0,  0.144, -0.002,  0.000,    -42.9,  1,  21.9,   1.0, 0.100
2025-11-07 12:43:14,        0,  29.5,   1.6,  25.0,  0.143, -0.002,  0.000,    -44.6,  1,  21.9,   1.0, 0.100
2025-11-07 12:43:16,        0,  29.7,   2.0,  25.0,  0.142, -0.002,  0.000,    -47.2,  1,  21.9,   0.9, 0.100
2025-11-07 12:43:17,        0,  29.6,   1.8,  25.0,  0.142, -0.002,  0.000,    -48.9,  1,  21.8,   0.9, 0.100
2025-11-07 12:43:17,        0,  29.8,   2.3,  25.0,  0.142, -0.002,  0.000,    -50.6,  1,  21.9,   0.9, 0.092
2025-11-07 12:43:18,        0,  29.8,   2.5,  25.0,  0.142, -0.002,  0.000,    260.6,  1,  21.8,   0.9, 0.096
2025-11-07 12:43:20,        0,  30.2,   3.6,  24.9,  7.252,  5.149,  0.037,   4484.9,  1,  21.8,   0.9, 0.099
2025-11-07 12:43:21,        0,  30.0,   3.0,  24.9,  6.749,  4.698,  0.032,   9014.5,  1,  21.8,   0.9, 0.099
2025-11-07 12:43:21,        0,  30.4,   4.3,  24.9,  6.673,  4.635,  0.031,  13427.6,  1,  21.8,   0.9, 0.099
2025-11-07 12:43:22,        0,  30.1,   3.3,  25.0,  8.229,  6.048,  0.050,  18816.4,  1,  21.8,   0.9, 0.099
2025-11-07 12:43:24,        0,  30.9,   5.8,  25.0,  7.951,  5.798,  0.046,  25573.3,  1,  21.8,   0.9, 0.099
2025-11-07 12:43:24,        0,  30.2,   3.6,  24.9,  8.138,  5.969,  0.049,  31470.4,  1,  21.8,   0.9, 0.099
2025-11-07 12:43:25,        0,  30.7,   5.1,  25.0,  8.812,  6.584,  0.059,  37717.4,  1,  21.8,   0.9, 0.099
2025-11-07 12:43:26,        0,  31.2,   6.6,  24.9, 11.476,  9.023,  0.104,  45308.0,  1,  21.8,   0.9, 0.099
2025-11-07 12:43:28,        0,  31.8,   8.3,  24.9, 14.251, 11.570,  0.165,  57200.2,  1,  21.8,   0.9, 0.100
2025-11-07 12:43:28,        0,  31.9,   8.6,  25.0, 12.755, 10.200,  0.132,  66455.8,  1,  21.8,   0.9, 0.100
2025-11-07 12:43:29,        0,  31.9,   8.8,  24.9, 12.243,  9.741,  0.120,  75769.9,  1,  21.8,   0.9, 0.100
2025-11-07 12:43:30,        0,  32.2,   9.7,  24.9, 10.767,  8.390,  0.092,  84507.8,  1,  21.8,   0.9, 0.100
2025-11-07 12:43:32,        0,  32.3,  10.0,  24.9, 14.175, 11.524,  0.164,  97542.3,  1,  21.8,   0.9, 0.100
2025-11-07 12:43:32,        0,  33.0,  12.0,  25.0, 15.480, 12.732,  0.197, 110051.2,  1,  21.9,   1.0, 0.101
2025-11-07 12:43:33,        0,  33.5,  13.5,  25.0, 17.799, 14.890,  0.266, 124140.4,  1,  21.8,   0.9, 0.104
2025-11-07 12:43:34,        0,  32.2,   9.7,  24.9, 16.682, 13.879,  0.232, 137807.5,  1,  21.8,   0.9, 0.104
2025-11-07 12:43:36,        0,  33.2,  12.7,  25.0, 20.546, 17.477,  0.361, 155410.5,  1,  21.8,   0.9, 0.103
2025-11-07 12:43:36,        0,  30.0,   3.1,  25.0, 21.317, 18.217,  0.394, 169745.9,  1,  21.8,   0.9, 0.101
2025-11-07 12:43:37,        0,  33.3,  13.0,  25.0, 14.835, 12.196,  0.183, 178466.3,  1,  21.8,   0.9, 0.100
2025-11-07 12:43:38,        0,  32.7,  11.0,  24.9, 17.724, 14.888,  0.265, 192842.4,  1,  21.8,   0.9, 0.100
2025-11-07 12:43:40,        0,  32.4,  10.2,  24.9, 12.952, 10.470,  0.136, 208152.9,  1,  21.8,   0.9, 0.100
2025-11-07 12:43:40,        0,  31.3,   7.0,  24.9, 17.978, 15.145,  0.275, 221135.3,  1,  21.8,   0.8, 0.100
2025-11-07 12:43:41,        0,  34.3,  16.0,  25.0, 12.872, 10.394,  0.134, 231491.1,  1,  21.8,   0.9, 0.100
2025-11-07 12:43:42,        0,  33.1,  12.3,  25.0, 17.689, 14.880,  0.268, 246363.5,  1,  21.8,   0.8, 0.100
2025-11-07 12:43:44,        0,  32.1,   9.3,  25.0, 10.567,  8.270,  0.090, 259283.4,  1,  21.8,   0.8, 0.100
2025-11-07 12:43:44,        0,  31.4,   7.1,  24.9, 11.614,  9.243,  0.114, 269278.9,  1,  21.8,   0.8, 0.100
2025-11-07 12:43:45,        0,  33.1,  12.3,  24.9, 14.043, 11.486,  0.163, 279391.5,  1,  21.8,   0.8, 0.100
2025-11-07 12:43:46,        0,  30.3,   4.0,  24.9, 12.836, 10.370,  0.136, 289066.0,  1,  21.8,   0.8, 0.100
2025-11-07 12:43:48,        0,  32.9,  11.7,  24.9, 14.429, 11.840,  0.173, 300499.6,  1,  21.8,   0.8, 0.100
2025-11-07 12:43:48,        0,  31.5,   7.6,  25.0, 12.822, 10.355,  0.137, 310894.2,  1,  21.8,   0.8, 0.100
2025-11-07 12:43:49,        0,  31.7,   8.1,  24.9,  8.274,  6.143,  0.052, 318259.9,  1,  21.8,   0.8, 0.100
2025-11-07 12:43:50,        0,  30.5,   4.5,  24.9,  9.387,  7.166,  0.069, 326142.3,  1,  21.8,   0.8, 0.100
2025-11-07 12:43:52,        0,  31.5,   7.5,  25.0, 11.235,  8.870,  0.102, 333708.0,  1,  21.8,   0.8, 0.100
2025-11-07 12:43:52,        0,  32.4,  10.2,  25.0, 12.281,  9.833,  0.121, 343125.3,  1,  21.8,   0.8, 0.100
2025-11-07 12:43:53,        0,  31.5,   7.5,  24.9, 14.440, 11.834,  0.171, 353968.6,  1,  21.8,   0.8, 0.100
2025-11-07 12:43:54,        0,  31.3,   6.8,  24.9, 10.742,  8.413,  0.091, 362220.4,  1,  21.8,   0.8, 0.100
2025-11-07 12:43:56,        0,  32.2,   9.7,  24.9, 13.073, 10.565,  0.139, 373927.1,  1,  21.8,   0.8, 0.100
2025-11-07 12:43:56,        0,  31.8,   8.3,  25.0, 11.210,  8.842,  0.099, 383441.7,  1,  21.8,   0.8, 0.100
2025-11-07 12:43:57,        0,  30.1,   3.3,  25.0, 12.793, 10.309,  0.133, 392525.8,  1,  21.8,   0.8, 0.100
2025-11-07 12:43:58,        0,  31.0,   6.1,  24.9,  8.727,  6.552,  0.058, 399006.3,  1,  21.8,   0.8, 0.100
2025-11-07 12:44:00,        0,  31.5,   7.6,  25.0, 10.053,  7.771,  0.079, 408044.9,  1,  21.8,   0.8, 0.100
2025-11-07 12:44:00,        0,  31.3,   6.8,  24.9,  9.408,  7.183,  0.071, 414649.2,  1,  21.8,   0.8, 0.100
2025-11-07 12:44:01,        0,  30.8,   5.5,  25.0, 10.740,  8.411,  0.095, 422757.9,  1,  21.8,   0.8, 0.100
2025-11-07 12:44:02,        0,  31.1,   6.3,  24.9, 10.631,  8.302,  0.093, 430380.6,  1,  21.8,   0.8, 0.100
2025-11-07 12:44:04,        0,  30.1,   3.4,  24.9,  8.634,  6.463,  0.056, 438434.6,  1,  21.8,   0.8, 0.100
2025-11-07 12:44:04,        0,  31.7,   8.1,  25.0, 10.762,  8.419,  0.092, 445507.4,  1,  21.8,   0.8, 0.100
2025-11-07 12:44:05,        0,  29.8,   2.3,  24.9, 11.304,  8.919,  0.102, 453557.1,  1,  21.8,   0.9, 0.100
2025-11-07 12:44:06,        0,  32.2,   9.7,  24.9, 10.665,  8.327,  0.090, 460081.4,  1,  21.8,   0.9, 0.100
2025-11-07 12:44:08,        0,  31.3,   6.8,  24.9, 10.806,  8.460,  0.092, 471000.8,  1,  21.8,   0.9, 0.100
2025-11-07 12:44:09,        0,  31.4,   7.3,  25.0, 13.335, 10.797,  0.145, 480884.8,  1,  21.8,   0.9, 0.100
2025-11-07 12:44:09,        0,  31.7,   8.0,  24.9, 13.800, 11.227,  0.155, 490666.6,  1,  21.8,   0.9, 0.100
2025-11-07 12:44:10,        0,  31.5,   7.5,  25.0, 14.325, 11.721,  0.170, 500891.6,  1,  21.8,   0.9, 0.100
2025-11-07 12:44:11,        0,  30.9,   5.6,  25.0, 10.617,  8.289,  0.088, 509265.3,  1,  21.8,   0.9, 0.100
2025-11-07 12:44:13,        0,  32.2,   9.7,  25.0, 10.204,  7.909,  0.081, 518411.4,  1,  21.8,   0.9, 0.100
2025-11-07 12:44:13,        0,  31.5,   7.5,  25.0, 14.701, 12.069,  0.178, 529352.0,  1,  21.8,   0.9, 0.100
2025-11-07 12:44:14,        0,  32.3,   9.8,  24.9, 13.684, 11.128,  0.153, 539401.8,  1,  21.8,   0.9, 0.100
2025-11-07 12:44:15,        0,  32.6,  10.7,  25.0, 12.943, 10.445,  0.136, 550474.0,  1,  21.8,   0.9, 0.100
2025-11-07 12:44:17,        0,  31.8,   8.3,  25.0, 18.514, 15.624,  0.290, 566256.5,  1,  21.8,   0.9, 0.100
2025-11-07 12:44:17,        0,  32.7,  11.2,  25.0, 16.119, 13.406,  0.219, 578668.3,  1,  21.8,   0.9, 0.100
2025-11-07 12:44:18,        0,  31.9,   8.6,  25.0, 14.561, 11.965,  0.174, 590294.3,  1,  21.8,   0.9, 0.100
2025-11-07 12:44:19,        0,  33.8,  14.3,  24.9, 14.962, 12.334,  0.185, 603101.4,  1,  21.8,   0.9, 0.100
2025-11-07 12:44:21,        0,  33.4,  13.3,  24.9, 14.911, 12.303,  0.187, 620042.3,  1,  21.8,   0.9, 0.100
2025-11-07 12:44:21,        0,  31.8,   8.5,  25.0, 19.837, 16.897,  0.336, 635319.7,  1,  21.8,   0.9, 0.100
2025-11-07 12:44:22,        0,  32.4,  10.3,  25.0, 18.110, 15.297,  0.277, 648379.9,  1,  21.8,   0.9, 0.100
2025-11-07 12:44:23,        0,  33.8,  14.5,  24.9, 19.270, 16.384,  0.318, 662442.4,  1,  21.8,   0.9, 0.100
2025-11-07 12:44:25,        0,  33.9,  14.7,  25.0, 18.721, 15.892,  0.299, 680961.8,  1,  21.8,   0.9, 0.100
2025-11-07 12:44:26,        0,  32.4,  10.2,  25.0, 23.406, 20.289,  0.475, 698916.7,  1,  21.8,   0.9, 0.100
2025-11-07 12:44:26,        0,  35.3,  19.0,  25.0, 18.508, 15.719,  0.297, 714784.3,  1,  21.8,   0.9, 0.100
2025-11-07 12:44:27,        0,  33.7,  14.0,  25.0, 20.681, 17.791,  0.369, 733032.2,  1,  21.8,   0.9, 0.100
2025-11-07 12:44:28,        0,  34.7,  17.0,  24.9, 18.085, 15.358,  0.278, 749075.3,  1,  21.8,   0.9, 0.100
2025-11-07 12:44:30,        0,  35.2,  18.7,  24.9, 20.303, 17.463,  0.357, 771036.9,  1,  21.8,   0.9, 0.100
2025-11-07 12:44:30,        0,  35.2,  18.7,  25.0, 26.796, 23.610,  0.634, 793422.9,  1,  21.8,   0.9, 0.100
2025-11-07 12:44:31,        0,  33.7,  14.2,  25.0, 22.424, 19.528,  0.438, 812542.5,  1,  21.8,   0.9, 0.100
2025-11-07 12:44:32,        0,  34.8,  17.5,  24.9, 20.743, 17.944,  0.372, 829348.2,  1,  21.8,   1.0, 0.100
2025-11-07 12:44:34,        0,  33.6,  13.7,  25.0, 20.927, 18.137,  0.388, 851798.7,  1,  21.8,   0.9, 0.100
2025-11-07 12:44:34,        0,  36.7,  23.2,  24.9, 21.682, 18.845,  0.409, 869547.6,  1,  21.8,   1.0, 0.100
2025-11-07 12:44:35,        0,  33.2,  12.6,  25.0, 23.554, 20.650,  0.493, 888958.2,  1,  21.8,   0.9, 0.100
2025-11-07 12:44:36,        0,  35.8,  20.4,  25.0, 25.811, 22.796,  0.589, 908393.2,  1,  21.8,   0.9, 0.100
2025-11-07 12:44:37,        0,  33.2,  12.7,  24.9, 24.333, 21.422,  0.522, 929227.9,  1,  21.8,   0.9, 0.100
2025-11-07 12:44:39,        0,  33.9,  14.8,  25.0, 21.512, 18.747,  0.404, 950371.2,  1,  21.8,   1.0, 0.100
2025-11-07 12:44:39,        0,  34.7,  17.2,  25.0, 25.321, 22.379,  0.568, 970059.0,  1,  21.8,   0.9, 0.100
2025-11-07 12:44:40,        0,  34.7,  17.0,  25.0, 24.263, 21.388,  0.520, 988956.1,  1,  21.8,   0.9, 0.100
2025-11-07 12:44:41,        0,  34.7,  17.0,  25.0, 26.005, 23.074,  0.600,1009883.9,  1,  21.8,   0.9, 0.100
2025-11-07 12:44:43,        0,  32.6,  10.8,  25.0, 22.250, 19.502,  0.439,1029832.4,  1,  21.8,   0.9, 0.100
2025-11-07 12:44:43,        0,  37.0,  24.1,  25.0, 28.156, 25.125,  0.708,1050393.5,  1,  21.8,   0.9, 0.100
2025-11-07 12:44:44,        0,  36.6,  22.7,  25.0, 27.061, 24.142,  0.659,1073947.9,  1,  21.8,   0.9, 0.100
2025-11-07 12:44:45,        0,  36.0,  20.9,  25.0, 27.354, 24.458,  0.671,1096287.3,  1,  21.8,   0.9, 0.100
2025-11-07 12:44:47,        0,  34.2,  15.5,  25.0, 19.981, 17.393,  0.353,1117582.8,  1,  21.8,   0.9, 0.100
2025-11-07 12:44:47,        0,  35.1,  18.2,  25.0, 25.205, 22.397,  0.567,1138369.1,  1,  21.8,   0.9, 0.100
2025-11-07 12:44:48,        0,  33.9,  14.8,  25.0, 20.203, 17.612,  0.366,1156034.7,  1,  21.8,   0.9, 0.100
2025-11-07 12:44:49,        0,  35.7,  20.0,  25.0, 22.641, 19.922,  0.452,1174686.5,  1,  21.8,   0.9, 0.100
2025-11-07 12:44:50,        0,  36.8,  23.4,  25.0, 24.831, 22.010,  0.547,1197049.1,  1,  21.8,   0.9, 0.100
2025-11-07 12:44:52,        0,  34.3,  16.0,  25.0, 22.536, 19.843,  0.447,1223131.2,  1,  21.8,   0.9, 0.100
2025-11-07 12:44:52,        0,  34.3,  15.9,  25.0, 22.062, 19.387,  0.440,1240779.4,  1,  21.8,   0.9, 0.100
2025-11-07 12:44:53,        0,  34.6,  16.7,  24.9, 24.853, 22.077,  0.553,1260595.7,  1,  21.8,   0.9, 0.100
2025-11-07 12:44:54,        0,  35.3,  19.0,  25.0, 25.567, 22.762,  0.584,1281433.9,  1,  21.8,   0.9, 0.100
2025-11-07 12:44:56,        0,  35.5,  19.5,  25.0, 22.018, 19.354,  0.426,1304785.0,  1,  21.8,   0.9, 0.100
2025-11-07 12:44:56,        0,  34.2,  15.7,  25.0, 24.694, 21.930,  0.542,1325576.3,  1,  21.8,   0.9, 0.100
2025-11-07 12:44:57,        0,  35.6,  19.7,  25.0, 26.590, 23.758,  0.633,1345509.6,  1,  21.8,   0.8, 0.100
2025-11-07 12:44:58,        0,  33.8,  14.3,  25.0, 23.997, 21.282,  0.511,1365936.3,  1,  21.8,   0.9, 0.100
2025-11-07 12:45:00,        0,  35.1,  18.2,  25.0, 23.278, 20.580,  0.485,1389494.4,  1,  21.8,   0.9, 0.100
2025-11-07 12:45:00,        0,  34.8,  17.5,  25.0, 19.205, 16.673,  0.321,1407288.3,  1,  21.8,   0.9, 0.100
2025-11-07 12:45:01,        0,  34.7,  17.2,  25.0, 22.361, 19.710,  0.441,1427047.1,  1,  21.8,   0.8, 0.100
2025-11-07 12:45:02,        0,  34.6,  16.7,  25.0, 21.221, 18.604,  0.397,1445435.5,  1,  21.8,   0.8, 0.100
2025-11-07 12:45:04,        0,  34.5,  16.5,  25.0, 25.063, 22.306,  0.560,1469708.9,  1,  21.8,   0.8, 0.100
2025-11-07 12:45:05,        0,  35.4,  19.2,  25.0, 24.255, 21.534,  0.523,1489730.9,  1,  21.8,   0.8, 0.100
2025-11-07 12:45:05,        0,  35.5,  19.4,  25.0, 24.896, 22.156,  0.554,1510103.3,  1,  21.8,   0.8, 0.100
2025-11-07 12:45:06,        0,  34.2,  15.7,  25.0, 20.258, 17.695,  0.368,1526851.9,  1,  21.8,   0.8, 0.100
2025-11-07 12:45:08,        0,  35.1,  18.2,  25.0, 19.527, 16.968,  0.333,1547516.4,  1,  21.8,   0.8, 0.100
2025-11-07 12:45:09,        0,  32.9,  11.8,  25.0, 16.135, 13.734,  0.265,1563747.7,  1,  21.8,   0.8, 0.100
2025-11-07 12:45:09,        0,  35.0,  17.9,  25.0, 20.588, 17.964,  0.371,1579516.7,  1,  21.8,   0.8, 0.100
2025-11-07 12:45:10,        0,  33.0,  12.0,  25.0, 18.831, 16.284,  0.307,1595831.5,  1,  21.8,   0.8, 0.100
2025-11-07 12:45:12,        0,  32.8,  11.3,  25.0, 21.820, 19.144,  0.419,1615879.2,  1,  21.8,   0.8, 0.100
2025-11-07 12:45:13,        0,  34.8,  17.4,  25.0, 18.159, 15.624,  0.286,1631652.9,  1,  21.8,   0.8, 0.100
2025-11-07 12:45:13,        0,  34.5,  16.4,  25.0, 21.830, 19.138,  0.418,1649844.8,  1,  21.8,   0.8, 0.100
2025-11-07 12:45:14,        0,  33.6,  13.8,  25.0, 19.748, 17.149,  0.343,77727001190.2,  1,  21.8,   0.8, 0.100
2025-11-07 12:45:16,        0,  32.4,  10.2,  25.0, 21.263, 18.594,  0.396,1687950.7,  1,  21.8,   0.8, 0.100
2025-11-07 12:45:17,        0,  34.6,  16.7,  25.0, 22.911, 20.173,  0.466,1704849.3,  1,  21.8,   0.8, 0.100
2025-11-07 12:45:17,        0,  32.4,  10.2,  25.0, 20.879, 18.239,  0.382,1721315.4,  1,  21.8,   0.8, 0.100
2025-11-07 12:45:18,        0,  32.6,  10.7,  25.0, 17.427, 14.917,  0.260,1734679.5,  1,  21.8,   0.8, 0.100
2025-11-07 12:45:19,        0,  34.0,  15.0,  25.0, 12.080,  9.815,  0.126,1745863.8,  1,  21.8,   0.8, 0.100
2025-11-07 12:45:21,        0,  32.7,  11.2,  25.0, 18.902, 16.297,  0.309,1766106.2,  1,  21.8,   0.8, 0.100
2025-11-07 12:45:21,        0,  33.3,  12.8,  25.0, 17.139, 14.614,  0.253,1779717.8,  1,  21.8,   0.8, 0.100
2025-11-07 12:45:22,        0,  32.8,  11.3,  25.0, 17.790, 15.223,  0.271,1793952.5,  1,  21.8,   0.8, 0.100
2025-11-07 12:45:23,        0,  33.6,  13.8,  25.0, 17.144, 14.592,  0.252,1807050.7,  1,  21.8,   0.8, 0.100
2025-11-07 12:45:25,        0,  33.6,  13.7,  25.0, 13.500, 11.132,  0.153,1821806.2,  1,  21.8,   0.8, 0.100
2025-11-07 12:45:25,        0,  34.1,  15.2,  25.0, 18.688, 16.041,  0.303,1835980.9,  1,  21.8,   0.8, 0.100
2025-11-07 12:45:26,        0,  34.2,  15.5,  25.0, 15.255, 12.785,  0.196,1849802.4,  1,  21.8,   0.8, 0.100
2025-11-07 12:45:27,        0,  32.0,   9.1,  25.0, 17.518, 14.927,  0.264,1863251.0,  1,  21.8,   0.8, 0.100
2025-11-07 12:45:29,        0,  33.3,  13.0,  25.0, 18.024, 15.397,8005.878,1879914.0,  1,  21.8,   0.8, 0.100
2025-11-07 12:45:29,        0,  32.4,  10.1,  25.0, 16.989, 14.414,  0.245,1893885.4,  1,  21.8,   0.8, 0.100
2025-11-07 12:45:30,        0,  32.3,  10.0,  25.0, 16.463, 13.917,  0.230,1906250.1,  1,  21.8,   0.8, 0.100
2025-11-07 12:45:31,        0,  31.4,   7.3,  25.0, 15.988, 13.463,  0.218,1917681.0,  1,  21.8,   0.8, 0.100
2025-11-07 12:45:33,        0,  32.2,   9.5,  25.0, 17.314, 14.711,  0.256,1933205.3,  1,  21.8,   0.8, 0.100
2025-11-07 12:45:33,        0,  33.6,  13.7,  25.0, 16.580, 14.010,  0.233,1946282.1,  1,  21.8,   0.8, 0.100
2025-11-07 12:45:34,        0,  32.7,  11.2,  25.0, 17.935, 15.297,  0.275,1960504.1,  1,  21.8,   0.8, 0.100
2025-11-07 12:45:35,        0,  31.8,   8.5,  25.0, 15.567, 13.061,  0.205,1973075.7,  1,  21.8,   0.8, 0.100
2025-11-07 12:45:36,        0,  32.2,   9.5,  25.0,  9.727,  7.563,  0.080,1982124.2,  1,  21.8,   0.8, 0.100
2025-11-07 12:45:38,        0,  32.9,  11.8,  25.0, 14.973, 12.480,  0.196,1996632.2,  1,  21.8,   0.8, 0.100
2025-11-07 12:45:38,        0,  33.6,  13.7,  25.0, 15.422, 12.908,  0.199,2009904.9,  1,  21.8,   0.8, 0.100
2025-11-07 12:45:39,        0,  31.3,   7.0,  25.0, 12.616, 10.269,  0.131,2021994.6,  1,  21.8,   0.8, 0.100
2025-11-07 12:45:40,        0,  31.0,   6.1,  25.0, 15.028, 12.545,  0.189,2032474.1,  1,  21.8,   0.8, 0.100
2025-11-07 12:45:42,        0,  32.2,   9.7,  25.0, 17.230, 14.615,  0.252,2045679.7,  1,  21.8,   0.8, 0.100
2025-11-07 12:45:42,        0,  33.0,  12.0,  25.0, 15.171, 12.667,  0.193,2057688.5,  1,  21.8,   0.8, 0.100
2025-11-07 12:45:43,        0,  30.7,   5.0,  25.0, 13.295, 10.903,  0.147,2067765.2,  1,  21.8,   0.8, 0.100
2025-11-07 12:45:44,        0,  33.8,  14.5,  25.0, 17.444, 14.803,  0.259,2078878.4,  1,  21.8,   0.8, 0.100
2025-11-07 12:45:46,        0,  31.3,   7.0,  25.0, 12.854, 10.483,  0.135,2092819.8,  1,  21.8,   0.8, 0.100
2025-11-07 12:45:46,        0,  32.4,  10.3,  25.0, 15.237, 12.723,  0.195,2103334.0,  1,  21.8,   0.8, 0.100
2025-11-07 12:45:47,        0,  32.6,  10.8,  25.0, 11.722,  9.419,  0.111,2113862.3,  1,  21.8,   0.8, 0.100
2025-11-07 12:45:48,        0,  32.3,   9.8,  25.0, 14.042, 11.599,  0.166,2124433.0,  1,  21.8,   0.8, 0.100
2025-11-07 12:45:50,        0,  31.0,   6.1,  25.0,  9.901,  7.712,  0.077,2135519.5,  1,  21.8,   0.8, 0.100
2025-11-07 12:45:51,        0,  32.1,   9.2,  25.0, 12.178,  9.841,  0.123,2145547.8,  1,  21.8,   0.8, 0.100
2025-11-07 12:45:51,        0,  31.6,   7.8,  25.0, 10.547,  8.318,  0.089,2154376.1,  1,  21.8,   0.8, 0.100
2025-11-07 12:45:52,        0,  31.3,   6.8,  25.0, 11.125,  8.855,  0.100,2163061.4,  1,  21.8,   0.8, 0.100
2025-11-07 12:45:53,        0,  31.5,   7.5,  25.0, 12.397, 10.044,  0.125,2172506.7,  1,  21.8,   0.8, 0.100
2025-11-07 12:45:55,        0,  32.1,   9.2,  25.0, 11.571,  9.271,  0.108,2183719.4,  1,  21.8,   0.8, 0.100
2025-11-07 12:45:55,        0,  31.8,   8.5,  25.0,  9.565,  7.392,  0.071,2192023.8,  1,  21.8,   0.8, 0.100
2025-11-07 12:45:56,        0,  32.2,   9.7,  25.0, 12.146,  9.805,  0.119,2201699.4,  1,  21.8,   0.8, 0.100
2025-11-07 12:45:57,        0,  30.6,   4.8,  25.0, 13.726, 11.290,  0.157,2211436.1,  1,  21.8,   0.8, 0.100
2025-11-07 12:45:59,        0,  32.3,  10.0,  25.0, 10.036,  7.835,  0.080,2220331.2,  1,  21.8,   0.8, 0.100
2025-11-07 12:45:59,        0,  31.8,   8.5,  25.0, 12.622, 10.254,  0.130,2230424.0,  1,  21.8,   0.8, 0.100
2025-11-07 12:46:00,        0,  31.0,   6.1,  25.0,  8.536,  6.441,  0.056,2238087.4,  1,  21.8,   0.8, 0.100
2025-11-07 12:46:01,        0,  30.3,   4.0,  25.0,  9.263,  7.117,  0.067,2245031.6,  1,  21.8,   0.8, 0.100
2025-11-07 12:46:03,        0,  31.1,   6.3,  25.0,  9.014,  6.886,  0.062,2252830.9,  1,  21.8,   0.8, 0.100
2025-11-07 12:46:04,        0,  30.7,   5.1,  25.0,  9.482,  7.317,  0.070,2260234.3,  1,  21.8,   0.8, 0.100
2025-11-07 12:46:04,        0,  29.2,   0.6,  25.0,  8.762,  6.652,  0.059,2265856.2,  1,  21.8,   0.8, 0.100
2025-11-07 12:46:05,        0,  31.9,   8.6,  25.0, 10.298,  8.082,  0.083,2270962.3,  1,  21.8,   0.8, 0.100
2025-11-07 12:46:06,        0,  31.1,   6.3,  25.0, 10.665,  8.421,  0.090,2279439.9,  1,  21.8,   0.8, 0.100
2025-11-07 12:46:08,        0,  30.7,   5.1,  25.0,  9.502,  7.337,  0.070,2288169.9,  1,  21.8,   0.8, 0.100
2025-11-07 12:46:08,        0,  30.6,   4.9,  25.0,  7.594,  5.566,  0.043,2294202.5,  1,  21.8,   0.8, 0.100
2025-11-07 12:46:09,        0,  30.2,   3.6,  25.0,  9.729,  7.543,  0.074,2301130.0,  1,  21.8,   0.9, 0.100
2025-11-07 12:46:10,        0,  30.9,   5.6,  25.0, 11.117,  8.839,  0.101,2308002.5,  1,  21.8,   0.9, 0.100
2025-11-07 12:46:12,        0,  30.7,   5.0,  25.0, 10.497,  8.258,  0.074,2317020.2,  1,  21.8,   0.9, 0.100
2025-11-07 12:46:12,        0,  31.6,   7.8,  25.0,  9.553,  7.380,  0.071,2323974.4,  1,  21.8,   0.9, 0.100
2025-11-07 12:46:13,        0,  30.3,   3.8,  25.0, 11.231,  8.941,  0.101,2332541.0,  1,  21.8,   0.9, 0.100
2025-11-07 12:46:14,        0,  31.0,   6.0,  25.0,  9.722,  7.539,  0.075,2339672.3,  1,  21.8,   0.9, 0.100
2025-11-07 12:46:16,        0,  29.5,   1.6,  25.0,  4.810,  3.027,  0.017,2345567.3,  1,  21.9,   1.0, 0.100
2025-11-07 12:46:17,        0,  30.8,   5.3,  25.0,  9.905,  7.710,  0.077,2350891.9,  1,  21.8,   1.0, 0.100
2025-11-07 12:46:17,        0,  30.6,   4.9,  25.0,  9.117,  6.977,  0.064,2357556.3,  1,  21.8,   0.9, 0.100
2025-11-07 12:46:18,        0,  30.7,   5.1,  25.0,  5.290,  3.463,  0.020,2362263.0,  1,  21.9,   1.0, 0.100
2025-11-07 12:46:19,        0,  29.8,   2.5,  25.0,  7.985,  5.933,  0.048,2368144.3,  1,  21.9,   1.0, 0.100
2025-11-07 12:46:21,        0,  30.6,   4.8,  25.0,  8.916,  6.792,  0.061,2374957.4,  1,  21.9,   1.0, 0.100
2025-11-07 12:46:21,        0,  30.5,   4.4,  25.0,  6.656,  4.710,  0.033,2380167.6,  1,  21.9,   1.0, 0.100
2025-11-07 12:46:22,        0,  30.5,   4.6,  25.0,  8.573,  6.472,  0.056,2386058.6,  1,  21.8,   1.0, 0.100
2025-11-07 12:46:23,        0,  30.1,   3.3,  25.0, 10.459,  8.221,  0.087,2392706.5,  1,  21.9,   1.0, 0.100
2025-11-07 12:46:25,        0,  31.2,   6.6,  25.0,  7.697,  5.667,  0.045,2399040.0,  1,  21.8,   1.0, 0.100
2025-11-07 12:46:26,        0,  30.4,   4.3,  25.0,  8.838,  6.719,  0.061,2404503.6,  1,  21.9,   1.0, 0.100
2025-11-07 12:46:26,        0,  29.7,   2.1,  25.0,  9.271,  7.123,  0.068,2410878.6,  1,  21.9,   1.0, 0.100
2025-11-07 12:46:27,        0,  30.3,   3.8,  25.0,  6.810,  4.851,  0.033,2414635.4,  1,  21.9,   1.0, 0.100
2025-11-07 12:46:28,        0,  29.8,   2.3,  25.0,  8.138,  6.073,  0.050,2419723.0,  1,  21.9,   1.0, 0.100
2025-11-07 12:46:30,        0,  29.8,   2.4,  25.0,  6.847,  4.884,  0.034,2423995.5,  1,  21.9,   1.0, 0.100
2025-11-07 12:46:30,        0,  30.0,   3.0,  25.0,  6.730,  4.830,  0.041,2428379.0,  1,  21.9,   1.0, 0.100
2025-11-07 12:46:31,        0,  30.1,   3.4,  25.0,  6.263,  4.348,  0.027,2432552.6,  1,  21.9,   0.9, 0.100
2025-11-07 12:46:32,        0,  30.1,   3.3,  25.0,  7.740,  5.706,  0.045,2437857.7,  1,  21.9,   0.9, 0.100
2025-11-07 12:46:34,        0,  29.9,   2.6,  25.0,  7.237,  5.241,  0.038,2444079.4,  1,  21.9,   1.0, 0.100
2025-11-07 12:46:34,        0,  29.9,   2.6,  25.0,  6.291,  4.372,  0.027,2448255.0,  1,  21.9,   0.9, 0.100
2025-11-07 12:46:35,        0,  30.3,   3.9,  25.0,  6.760,  4.802,  0.033,2452651.7,  1,  21.9,   0.9, 0.100
2025-11-07 12:46:36,        0,  29.6,   1.8,  25.0,  6.614,  4.666,  0.031,2457305.0,  1,  21.9,   0.9, 0.100
2025-11-07 12:46:38,        0,  29.1,   0.4,  25.0,  1.227,  0.057,  0.000,2458038.6,  1,  21.9,   0.9, 0.100
2025-11-07 12:46:39,        0,  30.6,   4.8,  25.0,  8.235,  6.169,  0.051,2462046.6,  1,  21.9,   0.9, 0.100
2025-11-07 12:46:39,        0,  30.9,   5.8,  25.0,  8.023,  5.969,  0.048,2467909.7,  1,  21.9,   0.9, 0.100
2025-11-07 12:46:40,        0,  30.3,   3.9,  25.0,  5.095,  3.290,  0.019,2472804.6,  1,  21.9,   0.9, 0.100
2025-11-07 12:46:41,        0,  30.4,   4.1,  25.0,  5.955,  4.076,  0.027,2476815.9,  1,  21.9,   0.9, 0.100
2025-11-07 12:46:43,        0,  30.2,   3.6,  25.0,  7.666,  5.636,  0.044,2483450.0,  1,  21.9,   0.9, 0.100
2025-11-07 12:46:43,        0,  30.0,   2.9,  25.0,  4.813,  3.039,  0.016,2486471.7,  1,  21.9,   0.9, 0.100
2025-11-07 12:46:44,        0,  29.6,   1.8,  25.0,  5.916,  4.033,  0.024,2489950.2,  1,  21.9,   0.9, 0.100
2025-11-07 12:46:45,        0,  30.1,   3.3,  25.0,  3.511,  1.984,  0.013,2491490.3,  1,  21.9,   0.9, 0.100
2025-11-07 12:46:47,        0,  30.4,   4.1,  25.0,  7.150,  5.164,  0.037,2497376.5,  1,  21.8,   0.9, 0.100
2025-11-07 12:46:47,        0,  30.3,   3.8,  25.0,  6.644,  4.696,  0.031,2502138.7,  1,  21.9,   0.9, 0.100
2025-11-07 12:46:48,        0,  29.9,   2.8,  25.0,  3.001,  1.431,  0.005,2504373.1,  1,  21.9,   0.9, 0.100
2025-11-07 12:46:49,        0,  29.9,   2.6,  25.0,  5.456,  3.623,  0.022,2507786.8,  1,  21.9,   0.9, 0.100
2025-11-07 12:46:51,        0,  30.3,   4.0,  25.0,  1.959,  0.551,  0.001,2509977.2,  1,  21.8,   0.9, 0.100
2025-11-07 12:46:51,        0,  30.2,   3.6,  25.0,  6.758,  4.806,  0.033,2513336.1,  1,  21.9,   0.9, 0.100
2025-11-07 12:46:52,        0,  29.8,   2.3,  25.0,  3.627,  1.985,  0.009,2516674.6,  1,  21.9,   0.9, 0.100
2025-11-07 12:46:53,        0,  30.0,   3.1,  25.0,  1.718,  0.370,  0.001,2518393.5,  1,  21.9,   0.9, 0.100
2025-11-07 12:46:55,        0,  29.8,   2.5,  25.0,  6.271,  4.355,  0.028,2522799.9,  1,  21.9,   0.9, 0.100
2025-11-07 12:46:55,        0,  29.4,   1.1,  25.0,  7.691,  5.659,  0.044,2527455.6,  1,  21.9,   0.9, 0.100
2025-11-07 12:46:56,        0,  28.6,   0.0,  25.0,  4.377,  2.672,  0.016,2529322.9,  1,  21.9,   0.9, 0.100
2025-11-07 12:46:57,        0,  29.3,   0.9,  25.0,  1.151,  0.031,  0.000,2529401.5,  1,  21.9,   0.9, 0.100
2025-11-07 12:46:59,        0,  30.3,   3.9,  25.0,  6.845,  4.884,  0.033,2532929.8,  1,  21.9,   0.9, 0.100
2025-11-07 12:46:59,        0,  30.1,   3.4,  25.0,  5.150,  3.344,  0.020,2537111.4,  1,  21.9,   0.9, 0.100
2025-11-07 12:47:00,        0,  29.4,   1.3,  25.0,  6.336,  4.417,  0.029,2540465.4,  1,  21.9,   0.8, 0.100
2025-11-07 12:47:01,        0,  30.3,   3.8,  25.0,  1.337,  0.115,  0.000,2541068.5,  1,  21.9,   0.8, 0.100
2025-11-07 12:47:03,        0,  30.0,   3.1,  25.0,  3.756,  2.103,  0.010,2544134.1,  1,  21.9,   0.9, 0.100
2025-11-07 12:47:03,        0,  29.9,   2.6,  25.0,  6.572,  4.631,  0.031,2548261.6,  1,  21.9,   0.8, 0.100
2025-11-07 12:47:04,        0,  29.8,   2.5,  25.0,  2.250,  0.790,  0.002,2550097.0,  1,  21.9,   0.8, 0.100
2025-11-07 12:47:05,        0,  29.1,   0.4,  25.0,  5.673,  3.868,  0.025,2552937.2,  1,  21.9,   0.9, 0.100
2025-11-07 12:47:07,        0,  30.1,   3.4,  25.0,  6.510,  4.576,  0.030,2556486.1,  1,  21.9,   0.9, 0.100
2025-11-07 12:47:08,        0,  29.9,   2.8,  25.0,  5.895,  4.015,  0.024,2559341.4,  1,  21.9,   0.8, 0.100
2025-11-07 12:47:08,        0,  29.3,   0.9,  25.0,  5.733,  3.870,  0.024,2562472.1,  1,  21.9,   0.8, 0.100
2025-11-07 12:47:09,        0,  29.7,   2.1,  25.0,  1.414,  0.161,  0.000,2562985.9,  1,  21.9,   0.8, 0.100
2025-11-07 12:47:10,        0,  29.5,   1.6,  25.0,  1.074,  0.008,  0.000,2564131.5,  1,  21.9,   0.8, 0.100
2025-11-07 12:47:12,        0,  29.8,   2.3,  25.0,  5.745,  3.907,  0.025,2567232.4,  1,  21.9,   0.9, 0.100
2025-11-07 12:47:12,        0,  30.0,   3.1,  25.0,  4.716,  2.978,  0.018,2570416.6,  1,  21.9,   0.8, 0.100
2025-11-07 12:47:13,        0,  29.8,   2.5,  25.0,  4.661,  2.905,  0.016,2574016.0,  1,  21.9,   0.8, 0.100
2025-11-07 12:47:14,        0,  29.6,   1.9,  25.0,  1.952,  0.550,  0.001,2575460.4,  1,  21.9,   0.8, 0.100
2025-11-07 12:47:16,        0,  29.5,   1.4,  25.0,  1.051,  0.004,  0.000,2575482.0,  1,  21.9,   0.8, 0.100
2025-11-07 12:47:16,        0,  29.8,   2.3,  25.0,  0.985, -0.005,  0.000,2576132.7,  1,  21.9,   0.8, 0.100
2025-11-07 12:47:17,        0,  29.9,   2.8,  25.0,  2.110,  0.684,  0.002,2577965.8,  1,  21.9,   0.8, 0.100
2025-11-07 12:47:18,        0,  30.0,   3.0,  25.0,  5.403,  3.574,  0.020,2581487.9,  1,  21.9,   0.8, 0.100
2025-11-07 12:47:20,        0,  29.9,   2.8,  25.0,  1.785,  0.420,  0.001,2584111.2,  1,  21.9,   0.8, 0.100
2025-11-07 12:47:20,        0,  29.6,   1.8,  25.0,  2.385,  0.909,  0.003,2585876.0,  1,  21.9,   0.8, 0.100
2025-11-07 12:47:21,        0,  29.8,   2.3,  25.0,  1.133,  0.026,  0.000,2585911.0,  1,  21.9,   0.8, 0.100
2025-11-07 12:47:22,        0,  29.8,   2.5,  25.0,  1.012, -0.001,  0.000,2585909.3,  1,  21.9,   0.9, 0.100
2025-11-07 12:47:23,        0,  30.0,   2.9,  25.0,  5.638,  3.853,  0.024,2588022.4,  1,  21.9,   0.8, 0.100
2025-11-07 12:47:25,        0,  30.0,   3.1,  25.0,  6.263,  4.352,  0.027,2593086.3,  1,  21.9,   0.8, 0.100
2025-11-07 12:47:25,        0,  29.9,   2.6,  25.0,  3.427,  1.813,  0.008,2595525.3,  1,  21.9,   0.9, 0.100
2025-11-07 12:47:26,        0,  29.5,   1.6,  25.0,  1.176,  0.040,  0.000,2595575.3,  1,  21.9,   0.9, 0.100
2025-11-07 12:47:27,        0,  29.6,   1.9,  25.0,  0.993, -0.003,  0.000,2595575.5,  1,  21.9,   0.9, 0.100
2025-11-07 12:47:29,        0,  29.7,   2.1,  25.0,  0.946, -0.007,  0.000,2595568.2,  1,  21.9,   0.9, 0.100
2025-11-07 12:47:29,        0,  29.9,   2.8,  25.0,  6.353,  4.440,  0.028,2598020.3,  1,  21.9,   0.9, 0.100
2025-11-07 12:47:30,        0,  30.0,   2.9,  25.0,  5.722,  3.861,  0.023,2601990.0,  1,  21.9,   0.9, 0.100
2025-11-07 12:47:31,        0,  29.4,   1.1,  25.0,  6.264,  4.350,  0.027,2606046.2,  1,  21.9,   0.8, 0.100
2025-11-07 12:47:33,        0,  29.5,   1.4,  25.0,  1.278,  0.085,  0.000,2606493.0,  1,  21.9,   0.8, 0.100
2025-11-07 12:47:34,        0,  29.8,   2.3,  25.0,  1.049,  0.005,  0.000,2606497.0,  1,  21.9,   0.8, 0.100
2025-11-07 12:47:34,        0,  29.8,   2.5,  25.0,  0.954, -0.005,  0.000,2606492.8,  1,  21.9,   0.8, 0.100
2025-11-07 12:47:35,        0,  29.8,   2.3,  25.0,  0.915, -0.007,  0.000,2606486.1,  1,  21.9,   0.8, 0.100
2025-11-07 12:47:36,        0,  30.0,   3.0,  25.0,  0.883, -0.008,  0.000,2607154.1,  1,  21.9,   0.8, 0.100
2025-11-07 12:47:38,        0,  29.5,   1.4,  25.0,  6.281,  4.368,  0.027,2611790.1,  1,  21.9,   0.8, 0.100
2025-11-07 12:47:38,        0,  29.7,   2.1,  25.0,  1.510,  0.226,  0.000,2612012.9,  1,  21.9,   0.8, 0.100
2025-11-07 12:47:39,        0,  29.7,   2.1,  25.0,  1.022,  0.001,  0.000,2612017.9,  1,  21.9,   0.8, 0.100
2025-11-07 12:47:40,        0,  29.9,   2.8,  25.0,  0.960, -0.004,  0.000,2612815.7,  1,  21.9,   0.8, 0.100
2025-11-07 12:47:42,        0,  29.9,   2.6,  25.0,  4.430,  2.705,  0.014,2616531.8,  1,  21.9,   0.8, 0.100
2025-11-07 12:47:42,        0,  29.8,   2.3,  25.0,  1.206,  0.055,  0.000,2616604.3,  1,  21.9,   0.8, 0.100
2025-11-07 12:47:43,        0,  29.8,   2.5,  25.0,  0.989, -0.003,  0.000,2616604.9,  1,  21.9,   0.8, 0.100
2025-11-07 12:47:44,        0,  29.9,   2.6,  25.0,  0.939, -0.006,  0.000,2616599.2,  1,  21.9,   0.8, 0.100
2025-11-07 12:47:45,        0,  29.9,   2.8,  25.0,  2.061,  0.949,  0.006,2618195.6,  1,  21.9,   0.8, 0.100
2025-11-07 12:47:47,        0,  29.5,   1.6,  25.0,  6.195,  4.291,  0.027,2622658.7,  1,  21.9,   0.8, 0.100
2025-11-07 12:47:47,        0,  28.9,   0.0,  25.0,  1.338,  0.120,  0.000,2622819.9,  1,  21.9,   0.8, 0.100
2025-11-07 12:47:48,        0,  29.5,   1.6,  25.0,  1.006,  0.000,  0.000,2622823.9,  1,  21.9,   0.8, 0.100
2025-11-07 12:47:49,        0,  29.9,   2.6,  25.0,  0.948, -0.005,  0.000,2622819.5,  1,  21.9,   0.9, 0.100
2025-11-07 12:47:51,        0,  29.8,   2.3,  25.0,  3.246,  1.919,  0.012,2624035.7,  1,  21.9,   0.9, 0.100
2025-11-07 12:47:51,        0,  29.9,   2.6,  25.0,  1.646,  0.325,  0.001,2624917.0,  1,  21.9,   0.9, 0.100
2025-11-07 12:47:52,        0,  29.9,   2.8,  25.0,  1.077,  0.014,  0.000,2624930.4,  1,  21.9,   0.8, 0.100
2025-11-07 12:47:53,        0,  29.8,   2.4,  25.0,  6.281,  4.374,  0.027,2628534.9,  1,  21.9,   0.8, 0.100
2025-11-07 12:47:55,        0,  29.6,   1.9,  25.0,  1.923,  0.533,  0.001,2629926.1,  1,  21.9,   0.8, 0.100
2025-11-07 12:47:56,        0,  29.9,   2.6,  25.0,  1.038,  0.004,  0.000,2629936.5,  1,  21.9,   0.8, 0.100
2025-11-07 12:47:56,        0,  29.7,   2.1,  25.0,  0.966, -0.004,  0.000,2629933.0,  1,  21.9,   0.8, 0.100
2025-11-07 12:47:57,        0,  29.8,   2.5,  25.0,  0.920, -0.006,  0.000,2629926.5,  1,  21.9,   0.8, 0.100
2025-11-07 12:47:58,        0,  29.8,   2.3,  25.0,  0.868, -0.007,  0.000,2629919.6,  1,  21.9,   0.8, 0.100
2025-11-07 12:48:00,        0,  29.9,   2.8,  25.0,  6.255,  4.352,  0.027,2632374.8,  1,  21.9,   0.8, 0.100
2025-11-07 12:48:00,        0,  29.6,   1.9,  25.0,  6.264,  4.355,  0.027,2636525.5,  1,  21.9,   0.8, 0.100
2025-11-07 12:48:01,        0,  29.7,   2.1,  25.0,  1.629,  0.308,  0.001,2637137.6,  1,  21.9,   0.8, 0.100
2025-11-07 12:48:02,        0,  29.8,   2.3,  25.0,  1.086,  0.015,  0.000,2637149.4,  1,  21.9,   0.8, 0.100
2025-11-07 12:48:04,        0,  29.6,   1.8,  25.0,  0.956, -0.004,  0.000,2637145.0,  1,  21.9,   0.8, 0.100
2025-11-07 12:48:04,        0,  29.6,   1.9,  25.0,  0.895, -0.007,  0.000,2637138.9,  1,  21.9,   0.8, 0.100
2025-11-07 12:48:05,        0,  29.8,   2.4,  25.0,  0.861, -0.007,  0.000,2637132.0,  1,  21.9,   0.8, 0.100
2025-11-07 12:48:06,        0,  29.6,   1.9,  25.0,  0.830, -0.007,  0.000,2637125.5,  1,  21.9,   0.8, 0.100
2025-11-07 12:48:07,        0,  29.7,   2.1,  25.0,  0.789, -0.008,  0.000,2637118.4,  1,  21.9,   0.8, 0.100
2025-11-07 12:48:09,        0,  29.8,   2.3,  25.0,  0.767, -0.008,  0.000,2637109.1,  1,  21.9,   0.9, 0.100
2025-11-07 12:48:09,        0,  30.0,   3.0,  25.0,  4.895,  3.296,  0.020,2638766.9,  1,  21.9,   0.8, 0.100
2025-11-07 12:48:10,        0,  29.8,   2.5,  25.0,  6.258,  4.349,  0.027,2642918.0,  1,  21.9,   0.8, 0.100
2025-11-07 12:48:11,        0,  29.1,   0.4,  25.0,  5.345,  3.526,  0.020,2645530.0,  1,  21.9,   0.9, 0.100
2025-11-07 12:48:13,        0,  29.4,   1.3,  25.0,  1.112,  0.023,  0.000,2645597.3,  1,  21.9,   0.9, 0.100
2025-11-07 12:48:13,        0,  29.5,   1.4,  25.0,  0.995, -0.001,  0.000,2645596.0,  1,  21.9,   0.9, 0.100
2025-11-07 12:48:14,        0,  29.6,   1.9,  25.0,  0.917, -0.006,  0.000,2645590.6,  1,  21.9,   0.9, 0.100
2025-11-07 12:48:15,        0,  29.6,   1.8,  25.0,  0.880, -0.007,  0.000,2645584.3,  1,  21.9,   0.9, 0.100
2025-11-07 12:48:17,        0,  29.6,   1.9,  25.0,  0.831, -0.007,  0.000,2645576.3,  1,  21.9,   0.9, 0.100
2025-11-07 12:48:17,        0,  29.5,   1.6,  25.0,  0.802, -0.007,  0.000,2645569.8,  1,  21.9,   0.9, 0.100
2025-11-07 12:48:18,        0,  29.8,   2.4,  25.0,  0.776, -0.007,  0.000,2645562.7,  1,  21.9,   0.9, 0.100
2025-11-07 12:48:19,        0,  29.8,   2.3,  25.0,  0.743, -0.008,  0.000,2645555.0,  1,  21.9,   0.9, 0.100
2025-11-07 12:48:20,        0,  29.8,   2.4,  25.0,  0.725, -0.008,  0.000,2645547.4,  1,  21.9,   0.9, 0.100
2025-11-07 12:48:22,        0,  29.8,   2.3,  25.0,  0.701, -0.008,  0.000,2645537.8,  1,  21.9,   0.9, 0.100
2025-11-07 12:48:22,        0,  29.8,   2.4,  25.0,  0.687, -0.008,  0.000,2646139.4,  1,  21.9,   0.9, 0.100
2025-11-07 12:48:23,        0,  29.6,   1.8,  25.0,  1.338,  0.124,  0.000,2647024.1,  1,  21.9,   1.0, 0.100
2025-11-07 12:48:24,        0,  29.8,   2.3,  25.0,  1.036,  0.007,  0.000,2647037.1,  1,  21.9,   0.9, 0.100
2025-11-07 12:48:26,        0,  29.9,   2.6,  25.0,  0.924, -0.005,  0.000,2647033.3,  1,  21.9,   1.0, 0.100
2025-11-07 12:48:26,        0,  29.9,   2.6,  25.0,  0.880, -0.006,  0.000,2647027.0,  1,  21.9,   0.9, 0.100
2025-11-07 12:48:27,        0,  30.0,   2.9,  25.0,  4.730,  3.136,  0.020,2649433.0,  1,  21.9,   0.9, 0.100
2025-11-07 12:48:28,        0,  29.8,   2.3,  25.0,  5.181,  3.378,  0.019,2652934.4,  1,  21.9,   0.9, 0.100
2025-11-07 12:48:30,        0,  29.1,   0.4,  25.0,  1.243,  0.075,  0.000,2653116.7,  1,  21.9,   0.9, 0.100
2025-11-07 12:48:31,        0,  29.6,   1.9,  25.0,  0.983, -0.001,  0.000,2653118.2,  1,  21.9,   1.0, 0.100
2025-11-07 12:48:31,        0,  29.6,   1.9,  25.0,  0.927, -0.005,  0.000,2653113.1,  1,  21.9,   1.0, 0.100
2025-11-07 12:48:32,        0,  29.6,   1.9,  25.0,  0.886, -0.006,  0.000,2653106.6,  1,  21.9,   0.9, 0.100
2025-11-07 12:48:33,        0,  29.7,   2.1,  25.0,  0.833, -0.007,  0.000,2653100.3,  1,  21.9,   1.0, 0.100
2025-11-07 12:48:35,        0,  29.8,   2.3,  25.0,  0.802, -0.007,  0.000,2653092.0,  1,  21.9,   1.0, 0.100
2025-11-07 12:48:35,        0,  29.8,   2.3,  25.0,  0.763, -0.007,  0.000,2653085.0,  1,  21.9,   1.0, 0.100
2025-11-07 12:48:36,        0,  29.8,   2.3,  25.0,  0.740, -0.007,  0.000,2653077.9,  1,  21.9,   1.0, 0.100
2025-11-07 12:48:37,        0,  29.8,   2.3,  25.0,  0.721, -0.008,  0.000,2653070.4,  1,  21.9,   1.0, 0.100
2025-11-07 12:48:39,        0,  29.8,   2.4,  25.0,  0.696, -0.007,  0.000,2653061.8,  1,  21.9,   0.9, 0.100
2025-11-07 12:48:39,        0,  29.8,   2.4,  25.0,  0.674, -0.008,  0.000,2653053.8,  1,  21.9,   1.0, 0.100
2025-11-07 12:48:40,        0,  29.8,   2.3,  25.0,  0.661, -0.008,  0.000,2653046.3,  1,  21.9,   1.0, 0.100
2025-11-07 12:48:41,        0,  29.9,   2.6,  25.0,  3.904,  2.548,  0.016,2655190.0,  1,  21.9,   1.0, 0.100
2025-11-07 12:48:43,        0,  29.0,   0.1,  25.0,  4.020,  2.344,  0.012,2658721.9,  1,  21.9,   1.0, 0.100
2025-11-07 12:48:43,        0,  29.6,   1.8,  25.0,  1.177,  0.049,  0.000,2658783.5,  1,  21.9,   1.0, 0.100
2025-11-07 12:48:44,        0,  29.7,   2.1,  25.0,  0.968, -0.002,  0.000,2658783.9,  1,  21.9,   1.0, 0.100
2025-11-07 12:48:45,        0,  29.6,   1.9,  25.0,  0.915, -0.005,  0.000,2658779.1,  1,  21.9,   1.0, 0.100
2025-11-07 12:48:47,        0,  29.6,   1.9,  25.0,  0.858, -0.007,  0.000,2658771.1,  1,  21.9,   1.0, 0.100
2025-11-07 12:48:47,        0,  29.6,   1.9,  25.0,  0.824, -0.007,  0.000,2658764.8,  1,  21.9,   1.0, 0.100
2025-11-07 12:48:48,        0,  29.7,   2.1,  25.0,  0.793, -0.007,  0.000,2658758.1,  1,  21.9,   1.0, 0.100
2025-11-07 12:48:49,        0,  29.6,   1.8,  25.0,  0.765, -0.007,  0.000,2658751.2,  1,  21.9,   1.0, 0.100
2025-11-07 12:48:51,        0,  29.6,   1.9,  25.0,  0.731, -0.007,  0.000,2658742.6,  1,  21.9,   1.0, 0.100
2025-11-07 12:48:51,        0,  29.6,   1.8,  25.0,  0.703, -0.008,  0.000,2658735.3,  1,  21.9,   1.0, 0.100
2025-11-07 12:48:52,        0,  29.8,   2.5,  25.0,  0.686, -0.008,  0.000,2658728.0,  1,  21.9,   0.9, 0.100
2025-11-07 12:48:53,        0,  29.7,   2.1,  25.0,  0.672, -0.008,  0.000,2658720.0,  1,  21.9,   0.9, 0.100
2025-11-07 12:48:55,        0,  29.8,   2.5,  25.0,  0.651, -0.008,  0.000,2658711.0,  1,  21.9,   1.0, 0.100
2025-11-07 12:48:55,        0,  29.8,   2.5,  25.0,  0.638, -0.007,  0.000,2658703.9,  1,  21.9,   0.9, 0.100
2025-11-07 12:48:56,        0,  29.8,   2.5,  25.0,  0.621, -0.008,  0.000,2658696.3,  1,  21.9,   0.9, 0.100
2025-11-07 12:48:57,        0,  29.7,   2.1,  25.0,  0.610, -0.007,  0.000,2658689.4,  1,  21.9,   0.9, 0.100
2025-11-07 12:48:59,        0,  29.8,   2.3,  25.0,  0.595, -0.007,  0.000,2658681.0,  1,  21.9,   0.9, 0.100
2025-11-07 12:48:59,        0,  29.9,   2.6,  25.0,  0.585, -0.007,  0.000,2658674.7,  1,  21.9,   0.9, 0.100
2025-11-07 12:49:00,        0,  29.9,   2.6,  25.0,  0.575, -0.007,  0.000,2658667.8,  1,  21.9,   0.9, 0.100
2025-11-07 12:49:01,        0,  29.9,   2.6,  25.0,  3.786,  2.494,  0.016,2660079.5,  1,  21.9,   0.9, 0.100
2025-11-07 12:49:03,        0,  29.8,   2.5,  25.0,  1.843,  0.473,  0.001,2663080.0,  1,  21.9,   0.9, 0.100
2025-11-07 12:49:04,        0,  29.4,   1.1,  25.0,  1.088,  0.020,  0.000,2663119.6,  1,  21.9,   1.0, 0.100
2025-11-07 12:49:04,        0,  29.7,   2.1,  25.0,  0.972, -0.001,  0.000,2663118.6,  1,  21.9,   0.9, 0.100
2025-11-07 12:49:05,        0,  29.7,   2.1,  25.0,  0.917, -0.005,  0.000,2663113.2,  1,  21.9,   1.0, 0.100
2025-11-07 12:49:06,        0,  29.7,   2.1,  25.0,  0.855, -0.006,  0.000,2663107.1,  1,  21.9,   0.9, 0.100
2025-11-07 12:49:08,        0,  29.7,   2.1,  25.0,  0.804, -0.007,  0.000,2663099.5,  1,  21.9,   0.9, 0.100
2025-11-07 12:49:08,        0,  29.8,   2.3,  25.0,  0.774, -0.007,  0.000,2663092.8,  1,  21.9,   1.0, 0.100
2025-11-07 12:49:09,        0,  29.7,   2.1,  25.0,  0.748, -0.007,  0.000,2663085.9,  1,  21.9,   1.0, 0.100
2025-11-07 12:49:10,        0,  29.6,   1.9,  25.0,  0.714, -0.007,  0.000,2663078.8,  1,  21.9,   1.0, 0.100
2025-11-07 12:49:12,        0,  29.8,   2.3,  25.0,  0.696, -0.007,  0.000,2663070.0,  1,  21.9,   0.9, 0.100
2025-11-07 12:49:13,        0,  29.8,   2.3,  25.0,  0.672, -0.007,  0.000,2663063.1,  1,  21.9,   0.9, 0.100
2025-11-07 12:49:13,        0,  29.8,   2.5,  25.0,  0.657, -0.007,  0.000,2663055.9,  1,  21.9,   0.9, 0.100
2025-11-07 12:49:14,        0,  29.8,   2.5,  25.0,  0.641, -0.007,  0.000,2663048.8,  1,  21.9,   0.9, 0.100
2025-11-07 12:49:15,        0,  29.8,   2.5,  25.0,  0.622, -0.007,  0.000,2663041.5,  1,  21.9,   0.9, 0.100
2025-11-07 12:49:17,        0,  29.8,   2.5,  25.0,  0.610, -0.008,  0.000,2663033.1,  1,  21.9,   0.9, 0.100
2025-11-07 12:49:17,        0,  29.9,   2.6,  25.0,  0.594, -0.007,  0.000,2663025.8,  1,  21.9,   0.9, 0.100
2025-11-07 12:49:18,        0,  29.8,   2.5,  25.0,  0.582, -0.007,  0.000,2663019.3,  1,  21.9,   0.9, 0.100
2025-11-07 12:49:19,        0,  29.9,   2.6,  25.0,  0.573, -0.007,  0.000,2663012.4,  1,  21.9,   0.9, 0.100
2025-11-07 12:49:21,        0,  29.9,   2.8,  25.0,  0.559, -0.007,  0.000,2663004.2,  1,  21.9,   0.9, 0.100
2025-11-07 12:49:21,        0,  29.9,   2.8,  25.0,  6.237,  4.333,  0.027,2666690.5,  1,  21.9,   0.9, 0.100
2025-11-07 12:49:22,        0,  29.5,   1.4,  25.0,  5.485,  3.646,  0.021,2670168.4,  1,  21.9,   0.9, 0.100
2025-11-07 12:49:23,        0,  29.6,   1.8,  25.0,  1.265,  0.087,  0.000,2670321.4,  1,  21.9,   0.8, 0.100
2025-11-07 12:49:25,        0,  29.2,   0.6,  25.0,  0.982, -0.001,  0.000,2670325.8,  1,  21.9,   0.8, 0.100
2025-11-07 12:49:26,        0,  29.3,   0.8,  25.0,  0.923, -0.005,  0.000,2670321.0,  1,  21.9,   0.8, 0.100
2025-11-07 12:49:26,        0,  29.5,   1.4,  25.0,  0.863, -0.007,  0.000,2670315.1,  1,  21.9,   0.9, 0.100
2025-11-07 12:49:27,        0,  29.4,   1.3,  25.0,  0.827, -0.007,  0.000,2670308.6,  1,  21.9,   0.8, 0.100
2025-11-07 12:49:28,        0,  29.4,   1.1,  25.0,  0.795, -0.007,  0.000,2670301.9,  1,  21.9,   0.8, 0.100
2025-11-07 12:49:30,        0,  29.5,   1.4,  25.0,  0.755, -0.007,  0.000,2670293.5,  1,  21.9,   0.8, 0.100
2025-11-07 12:49:30,        0,  29.5,   1.6,  25.0,  0.731, -0.007,  0.000,2670286.4,  1,  21.9,   0.8, 0.100
2025-11-07 12:49:31,        0,  29.5,   1.4,  25.0,  0.701, -0.008,  0.000,2670279.1,  1,  21.9,   0.8, 0.100
2025-11-07 12:49:32,        0,  29.5,   1.6,  25.0,  0.684, -0.008,  0.000,2670271.9,  1,  21.9,   0.8, 0.100
2025-11-07 12:49:34,        0,  29.5,   1.6,  25.0,  0.661, -0.008,  0.000,2670262.9,  1,  21.9,   0.8, 0.100
2025-11-07 12:49:35,        0,  29.5,   1.6,  25.0,  0.646, -0.007,  0.000,2670255.6,  1,  21.9,   0.8, 0.100
2025-11-07 12:49:35,        0,  29.6,   1.8,  25.0,  0.632, -0.007,  0.000,2670249.1,  1,  21.9,   0.8, 0.100
2025-11-07 12:49:36,        0,  29.6,   1.8,  25.0,  0.614, -0.007,  0.000,2670241.8,  1,  21.9,   0.8, 0.100
2025-11-07 12:49:37,        0,  29.6,   1.8,  25.0,  0.602, -0.007,  0.000,2670234.8,  1,  21.9,   0.8, 0.100
2025-11-07 12:49:39,        0,  29.5,   1.6,  25.0,  0.585, -0.007,  0.000,2670226.7,  1,  21.9,   0.8, 0.100
2025-11-07 12:49:39,        0,  29.5,   1.6,  25.0,  0.575, -0.007,  0.000,2670220.4,  1,  21.9,   0.8, 0.100
2025-11-07 12:49:40,        0,  29.5,   1.6,  25.0,  0.565, -0.007,  0.000,2670213.5,  1,  21.9,   0.8, 0.100
2025-11-07 12:49:41,        0,  29.4,   1.3,  25.0,  0.550, -0.007,  0.000,2670207.0,  1,  21.9,   0.8, 0.100
2025-11-07 12:49:43,        0,  29.6,   1.8,  25.0,  0.537, -0.007,  0.000,2670199.4,  1,  21.9,   0.9, 0.100
2025-11-07 12:49:43,        0,  29.6,   1.8,  25.0,  0.529, -0.007,  0.000,2670192.5,  1,  21.9,   0.9, 0.100
2025-11-07 12:49:44,        0,  29.6,   1.9,  25.0,  0.521, -0.007,  0.000,2670186.2,  1,  21.9,   0.9, 0.100
2025-11-07 12:49:45,        0,  29.6,   1.9,  25.0,  0.514, -0.006,  0.000,2670180.4,  1,  21.9,   0.9, 0.100
2025-11-07 12:49:47,        0,  29.6,   1.9,  25.0,  0.503, -0.006,  0.000,2670173.2,  1,  21.9,   0.9, 0.100
2025-11-07 12:49:48,        0,  29.6,   1.9,  25.0,  0.492, -0.006,  0.000,2670166.9,  1,  21.9,   0.9, 0.100
2025-11-07 12:49:48,        0,  29.6,   1.9,  25.0,  0.485, -0.005,  0.000,2670161.1,  1,  21.9,   1.0, 0.100
2025-11-07 12:49:49,        0,  29.6,   1.9,  25.0,  0.478, -0.006,  0.000,2670155.6,  1,  21.9,   1.0, 0.100
2025-11-07 12:49:50,        0,  29.7,   2.1,  25.0,  0.469, -0.006,  0.000,2670149.6,  1,  21.9,   1.0, 0.100
2025-11-07 12:49:52,        0,  29.6,   1.9,  25.0,  0.463, -0.006,  0.000,2670142.6,  1,  21.9,   1.0, 0.100
2025-11-07 12:49:52,        0,  29.7,   2.1,  25.0,  0.454, -0.006,  0.000,2670137.0,  1,  21.9,   1.0, 0.100
2025-11-07 12:49:53,        0,  29.6,   1.8,  25.0,  0.449, -0.006,  0.000,2670131.7,  1,  21.9,   1.0, 0.100
2025-11-07 12:49:54,        0,  29.6,   1.9,  25.0,  0.443, -0.005,  0.000,2670126.3,  1,  21.9,   1.0, 0.100
2025-11-07 12:49:56,        0,  29.7,   2.1,  25.0,  0.435, -0.006,  0.000,2670119.4,  1,  21.9,   1.0, 0.100
2025-11-07 12:49:56,        0,  29.7,   2.1,  25.0,  0.429, -0.006,  0.000,2670113.7,  1,  21.9,   1.0, 0.100
2025-11-07 12:49:57,        0,  29.7,   2.1,  25.0,  0.422, -0.006,  0.000,2670108.3,  1,  21.9,   1.0, 0.100
2025-11-07 12:49:58,        0,  29.7,   2.1,  25.0,  0.417, -0.005,  0.000,2670103.5,  1,  21.9,   1.0, 0.100
2025-11-07 12:49:59,        0,  29.6,   1.9,  25.0,  0.412, -0.005,  0.000,2670098.2,  1,  21.9,   1.0, 0.100
2025-11-07 12:50:01,        0,  29.7,   2.1,  25.0,  0.406, -0.005,  0.000,2670092.1,  1,  21.9,   1.0, 0.100
2025-11-07 12:50:01,        0,  29.7,   2.1,  25.0,  0.401, -0.005,  0.000,2670086.9,  1,  21.9,   1.0, 0.100
2025-11-07 12:50:02,        0,  29.7,   2.1,  25.0,  0.394, -0.005,  0.000,2670082.1,  1,  21.9,   0.9, 0.100
2025-11-07 12:50:03,        0,  29.7,   2.1,  25.0,  0.390, -0.005,  0.000,2670077.3,  1,  21.9,   0.9, 0.100
2025-11-07 12:50:05,        0,  29.7,   2.1,  25.0,  0.385, -0.005,  0.000,2670071.2,  1,  21.9,   0.9, 0.100
2025-11-07 12:50:05,        0,  29.8,   2.3,  25.0,  0.380, -0.005,  0.000,2670066.4,  1,  21.9,   0.8, 0.100
2025-11-07 12:50:06,        0,  29.7,   2.1,  25.0,  0.374, -0.005,  0.000,2670061.5,  1,  21.9,   0.9, 0.100
2025-11-07 12:50:07,        0,  29.8,   2.3,  25.0,  0.371, -0.005,  0.000,2670057.4,  1,  21.9,   0.8, 0.100
2025-11-07 12:50:09,        0,  29.7,   2.1,  25.0,  0.365, -0.005,  0.000,2670051.5,  1,  21.9,   0.8, 0.100
2025-11-07 12:50:10,        0,  29.8,   2.5,  25.0,  0.361, -0.005,  0.000,2670046.9,  1,  21.9,   0.8, 0.100
2025-11-07 12:50:10,        0,  29.8,   2.3,  25.0,  0.357, -0.005,  0.000,2670042.3,  1,  21.9,   0.8, 0.100
2025-11-07 12:50:11,        0,  29.8,   2.3,  25.0,  0.352, -0.005,  0.000,2670037.7,  1,  21.9,   0.8, 0.100
2025-11-07 12:50:12,        0,  29.8,   2.3,  25.0,  0.349, -0.005,  0.000,2670033.7,  1,  21.9,   0.8, 0.100
2025-11-07 12:50:14,        0,  29.8,   2.4,  25.0,  0.344, -0.005,  0.000,2670028.2,  1,  21.9,   0.8, 0.100
2025-11-07 12:50:14,        0,  29.8,   2.5,  25.0,  0.341, -0.005,  0.000,2670023.8,  1,  21.9,   0.8, 0.100
2025-11-07 12:50:15,        0,  29.8,   2.3,  25.0,  0.338, -0.004,  0.000,2670020.1,  1,  21.9,   0.8, 0.100
2025-11-07 12:50:16,        0,  29.8,   2.4,  25.0,  0.333, -0.004,  0.000,2670015.9,  1,  21.9,   0.8, 0.100
2025-11-07 12:50:18,        0,  29.8,   2.5,  25.0,  0.329, -0.005,  0.000,2670010.4,  1,  21.9,   0.8, 0.100
2025-11-07 12:50:19,        0,  29.8,   2.3,  25.0,  0.326, -0.005,  0.000,2670006.0,  1,  21.9,   0.8, 0.100
2025-11-07 12:50:19,        0,  29.8,   2.4,  25.0,  0.323, -0.004,  0.000,2670001.8,  1,  21.9,   0.8, 0.100
2025-11-07 12:50:20,        0,  29.9,   2.6,  25.0,  0.320, -0.005,  0.000,2669997.4,  1,  21.9,   0.8, 0.100
2025-11-07 12:50:21,        0,  29.8,   2.5,  25.0,  0.316, -0.004,  0.000,2669993.4,  1,  21.9,   0.8, 0.100
2025-11-07 12:50:23,        0,  29.8,   2.3,  25.0,  0.312, -0.004,  0.000,2669988.6,  1,  21.9,   0.8, 0.100
2025-11-07 12:50:23,        0,  29.8,   2.5,  25.0,  0.309, -0.004,  0.000,2669984.6,  1,  21.9,   0.8, 0.100
2025-11-07 12:50:24,        0,  29.8,   2.3,  25.0,  0.307, -0.004,  0.000,2669980.4,  1,  21.9,   0.8, 0.100
2025-11-07 12:50:25,        0,  29.8,   2.5,  25.0,  0.304, -0.004,  0.000,2669976.7,  1,  21.9,   0.8, 0.100
2025-11-07 12:50:27,        0,  29.8,   2.5,  25.0,  0.301, -0.004,  0.000,2669971.9,  1,  21.9,   0.8, 0.100
2025-11-07 12:50:27,        0,  29.8,   2.5,  25.0,  0.297, -0.004,  0.000,2669967.9,  1,  21.9,   0.8, 0.100
2025-11-07 12:50:28,        0,  29.8,   2.5,  25.0,  0.294, -0.003,  0.000,2669964.3,  1,  21.9,   0.8, 0.100
2025-11-07 12:50:29,        0,  29.8,   2.5,  25.0,  0.293, -0.004,  0.000,2669960.5,  1,  21.9,   0.8, 0.100
2025-11-07 12:50:31,        0,  29.8,   2.4,  25.0,  0.289, -0.004,  0.000,2669956.1,  1,  21.9,   0.8, 0.100
2025-11-07 12:50:31,        0,  29.7,   2.1,  25.0,  0.287, -0.003,  0.000,2669952.4,  1,  21.9,   0.8, 0.100
2025-11-07 12:50:32,        0,  29.8,   2.5,  25.0,  0.284, -0.004,  0.000,2669949.0,  1,  21.9,   0.8, 0.100
2025-11-07 12:50:33,        0,  29.9,   2.6,  25.0,  0.282, -0.004,  0.000,2669945.7,  1,  21.9,   0.9, 0.100
2025-11-07 12:50:35,        0,  29.8,   2.5,  25.0,  0.278, -0.004,  0.000,2669941.5,  1,  21.9,   0.9, 0.100
2025-11-07 12:50:35,        0,  29.8,   2.5,  25.0,  0.276, -0.004,  0.000,2669937.9,  1,  21.9,   0.9, 0.100
2025-11-07 12:50:36,        0,  29.9,   2.6,  25.0,  0.274, -0.004,  0.000,2669934.3,  1,  21.9,   0.8, 0.100
2025-11-07 12:50:37,        0,  29.8,   2.4,  25.0,  0.272, -0.000,  0.000,2669930.8,  1,  21.9,   0.9, 0.100
2025-11-07 12:50:39,        0,  29.8,   2.5,  25.0,  0.270, -0.004,  0.000,2669926.2,  1,  21.9,   0.9, 0.100
2025-11-07 12:50:40,        0,  29.9,   2.6,  25.0,  0.267, -0.003,  0.000,2669923.0,  1,  21.9,   0.9, 0.100
2025-11-07 12:50:40,        0,  29.8,   2.4,  25.0,  0.265, -0.004,  0.000,2669919.5,  1,  21.9,   0.9, 0.100
2025-11-07 12:50:41,        0,  29.9,   2.6,  25.0,  0.264, -0.004,  0.000,77727001190.2,  1,  21.9,   0.9, 0.100
2025-11-07 12:50:43,        0,  29.9,   2.6,  25.0,  0.261, -0.004,  0.000,2669911.9,  1,  21.9,   0.9, 0.100
2025-11-07 12:50:44,        0,  29.9,   2.6,  25.0,  0.258, -0.004,  0.000,2669908.6,  1,  21.9,   0.9, 0.100
2025-11-07 12:50:44,        0,  29.8,   2.5,  25.0,  5.834,  3.947,  0.024,2672053.7,  1,  21.9,   0.9, 0.100
2025-11-07 12:50:45,        0,  29.6,   1.8,  25.0,  1.307,  0.103,  0.000,2672243.1,  1,  21.9,   0.9, 0.100
2025-11-07 12:50:47,        0,  29.6,   1.9,  25.0,  0.969,  0.001,  0.000,2672249.2,  1,  21.9,   0.9, 0.100
2025-11-07 12:50:48,        0,  29.8,   2.3,  25.0,  0.904, -0.005,  0.000,2672245.0,  1,  21.9,   0.9, 0.100
2025-11-07 12:50:48,        0,  29.7,   2.1,  25.0,  0.858, -0.006,  0.000,2672239.4,  1,  21.9,   0.9, 0.100
2025-11-07 12:50:49,        0,  29.8,   2.5,  25.0,  0.800, -0.006,  0.000,2672233.5,  1,  21.9,   0.9, 0.100
2025-11-07 12:50:50,        0,  29.8,   2.3,  25.0,  0.767, -0.007,  0.000,2672227.0,  1,  21.9,   0.9, 0.100
2025-11-07 12:50:52,        0,  29.8,   2.3,  25.0,  0.726, -0.007,  0.000,2672219.0,  1,  21.9,   0.9, 0.100
2025-11-07 12:50:52,        0,  29.8,   2.3,  25.0,  0.703, -0.007,  0.000,2672212.3,  1,  21.9,   0.9, 0.100
2025-11-07 12:50:53,        0,  29.7,   2.1,  25.0,  0.673, -0.007,  0.000,2672205.4,  1,  21.9,   0.9, 0.100
2025-11-07 12:50:54,        0,  29.8,   2.3,  25.0,  0.655, -0.007,  0.000,2672199.3,  1,  21.9,   0.9, 0.100
2025-11-07 12:50:56,        0,  29.8,   2.3,  25.0,  0.631, -0.007,  0.000,2672190.8,  1,  21.9,   0.9, 0.100
2025-11-07 12:50:56,        0,  29.8,   2.3,  25.0,  0.616, -0.007,  0.000,2672183.8,  1,  21.9,   0.9, 0.100
2025-11-07 12:50:57,        0,  29.8,   2.3,  25.0,  0.602, -0.007,  0.000,2672177.3,  1,  21.9,   0.9, 0.100
2025-11-07 12:50:58,        0,  29.8,   2.4,  25.0,  0.582, -0.007,  0.000,2672170.6,  1,  21.9,   0.9, 0.100
2025-11-07 12:51:00,        0,  29.8,   2.3,  25.0,  0.569, -0.007,  0.000,2672163.3,  1,  21.9,   0.9, 0.100
2025-11-07 12:51:00,        0,  29.8,   2.4,  25.0,  0.552, -0.006,  0.000,2672156.8,  1,  21.9,   0.9, 0.100
2025-11-07 12:51:01,        0,  29.6,   1.8,  25.0,  0.540, -0.006,  0.000,2672150.9,  1,  21.9,   0.9, 0.100
2025-11-07 12:51:02,        0,  29.8,   2.5,  25.0,  0.530, -0.007,  0.000,2672144.7,  1,  21.9,   0.9, 0.100
2025-11-07 12:51:03,        0,  29.8,   2.5,  25.0,  0.515, -0.006,  0.000,2672139.0,  1,  21.9,   0.8, 0.100
2025-11-07 12:51:05,        0,  29.8,   2.3,  25.0,  0.505, -0.006,  0.000,2672131.5,  1,  21.9,   0.8, 0.100
2025-11-07 12:51:05,        0,  29.8,   2.4,  25.0,  0.492, -0.006,  0.000,2672125.8,  1,  21.9,   0.8, 0.100
2025-11-07 12:51:06,        0,  29.8,   2.5,  25.0,  0.483, -0.006,  0.000,2672120.3,  1,  21.9,   0.8, 0.100
2025-11-07 12:51:07,        0,  29.8,   2.5,  25.0,  0.474, -0.006,  0.000,2672114.7,  1,  21.9,   0.8, 0.100
2025-11-07 12:51:09,        0,  29.8,   2.3,  25.0,  0.463, -0.005,  0.000,2672108.0,  1,  21.9,   0.8, 0.100
2025-11-07 12:51:09,        0,  29.8,   2.3,  25.0,  0.451, -0.005,  0.000,2672103.0,  1,  21.9,   0.8, 0.100
2025-11-07 12:51:10,        0,  29.8,   2.3,  25.0,  0.445, -0.005,  0.000,2672097.5,  1,  21.9,   0.8, 0.100
2025-11-07 12:51:11,        0,  29.8,   2.3,  25.0,  0.438, -0.005,  0.000,2672092.3,  1,  21.9,   0.8, 0.100
2025-11-07 12:51:13,        0,  29.8,   2.3,  25.0,  0.427, -0.005,  0.000,2672085.8,  1,  21.9,   0.8, 0.100
2025-11-07 12:51:14,        0,  29.8,   2.3,  25.0,  0.422, -0.005,  0.000,2672080.7,  1,  21.9,   0.8, 0.100
2025-11-07 12:51:14,        0,  29.8,   2.3,  25.0,  0.412, -0.005,  0.000,2672075.7,  1,  21.9,   0.8, 0.100
2025-11-07 12:51:15,        0,  29.8,   2.4,  25.0,  0.406, -0.005,  0.000,2672070.9,  1,  21.9,   0.9, 0.100
2025-11-07 12:51:16,        0,  29.8,   2.3,  25.0,  0.400, -0.005,  0.000,2672066.1,  1,  21.9,   0.9, 0.100
2025-11-07 12:51:18,        0,  29.8,   2.4,  25.0,  0.392, -0.005,  0.000,2672060.2,  1,  21.9,   0.9, 0.100
2025-11-07 12:51:18,        0,  29.8,   2.3,  25.0,  0.387, -0.005,  0.000,2672055.2,  1,  21.9,   0.9, 0.100
2025-11-07 12:51:19,        0,  29.8,   2.5,  25.0,  0.379, -0.005,  0.000,2672050.8,  1,  21.9,   0.9, 0.100
2025-11-07 12:51:20,        0,  29.8,   2.3,  25.0,  0.374, -0.005,  0.000,2672046.2,  1,  21.9,   0.9, 0.100
2025-11-07 12:51:22,        0,  29.8,   2.5,  25.0,  0.367, -0.005,  0.000,2672040.5,  1,  21.9,   0.9, 0.100
2025-11-07 12:51:23,        0,  29.8,   2.5,  25.0,  0.362, -0.005,  0.000,2672035.9,  1,  21.9,   0.9, 0.100
2025-11-07 12:51:23,        0,  29.8,   2.4,  25.0,  0.358, -0.004,  0.000,2672031.9,  1,  21.9,   1.0, 0.100
2025-11-07 12:51:24,        0,  29.6,   1.9,  25.0,  0.352, -0.005,  0.000,2672027.5,  1,  21.9,   1.0, 0.100
2025-11-07 12:51:25,        0,  29.8,   2.5,  25.0,  0.348, -0.005,  0.000,2672023.1,  1,  21.9,   0.9, 0.100
2025-11-07 12:51:27,        0,  29.8,   2.3,  25.0,  0.341, -0.004,  0.000,2672018.1,  1,  21.9,   1.0, 0.100
2025-11-07 12:51:27,        0,  29.8,   2.4,  25.0,  0.337, -0.004,  0.000,2672014.5,  1,  21.9,   1.0, 0.100
2025-11-07 12:51:28,        0,  29.8,   2.5,  25.0,  0.331, -0.005,  0.000,2672010.1,  1,  21.9,   1.0, 0.100
2025-11-07 12:51:29,        0,  29.8,   2.5,  25.0,  0.328, -0.004,  0.000,2672005.9,  1,  21.9,   0.9, 0.100
2025-11-07 12:51:31,        0,  29.8,   2.5,  25.0,  0.322, -0.004,  0.000,2672000.7,  1,  21.9,   1.0, 0.100
2025-11-07 12:51:31,        0,  29.9,   2.6,  25.0,  0.319, -0.005,  0.000,2671996.3,  1,  21.9,   1.0, 0.100
2025-11-07 12:51:32,        0,  29.8,   2.4,  25.0,  0.315, -0.004,  0.000,2671992.7,  1,  21.9,   1.0, 0.100
2025-11-07 12:51:33,        0,  29.8,   2.4,  25.0,  0.310, -0.004,  0.000,2671988.8,  1,  21.9,   1.0, 0.100
2025-11-07 12:51:34,        0,  29.8,   2.4,  25.0,  0.307, -0.004,  0.000,2671985.0,  1,  21.9,   0.9, 0.100
2025-11-07 12:51:36,        0,  29.8,   2.5,  25.0,  0.302, -0.004,  0.000,2671980.4,  1,  21.9,   1.0, 0.100
2025-11-07 12:51:36,        0,  29.8,   2.5,  25.0,  0.299, -0.004,  0.000,2671976.6,  1,  21.9,   0.9, 0.100
2025-11-07 12:51:37,        0,  29.8,   2.4,  25.0,  0.296, -0.004,  0.000,2671972.8,  1,  21.9,   0.9, 0.100
2025-11-07 12:51:38,        0,  29.8,   2.3,  25.0,  0.291, -0.004,  0.000,2671968.8,  1,  21.9,   1.0, 0.100
2025-11-07 12:51:40,        0,  29.9,   2.6,  25.0,  0.289, -0.004,  0.000,2671964.7,  1,  21.9,   0.9, 0.100
2025-11-07 12:51:40,        0,  29.9,   2.6,  25.0,  0.284, -0.004,  0.000,2671960.9,  1,  21.9,   0.9, 0.100
2025-11-07 12:51:41,        0,  29.9,   2.6,  25.0,  0.282, -0.003,  0.000,2671957.5,  1,  21.9,   0.9, 0.100
2025-11-07 12:51:42,        0,  29.9,   2.6,  25.0,  0.279, -0.004,  0.000,2671954.2,  1,  21.9,   0.9, 0.100
2025-11-07 12:51:44,        0,  29.9,   2.6,  25.0,  5.696,  3.989,  0.025,2674855.6,  1,  21.9,   0.9, 0.100
2025-11-07 12:51:44,        0,  29.8,   2.3,  25.0,  5.999,  0.880,  0.002,2677447.3,  1,  21.9,   0.9, 0.100
2025-11-07 12:51:45,        0,  29.4,   1.1,  25.0,  1.129,  0.031,  0.000,2677509.5,  1,  21.9,   0.9, 0.100
2025-11-07 12:51:46,        0,  29.4,   1.3,  25.0,  0.985,  0.001,  0.000,2677511.8,  1,  21.9,   0.9, 0.100
2025-11-07 12:51:48,        0,  29.4,   1.3,  25.0,  0.895, -0.006,  0.000,2677505.9,  1,  21.9,   0.9, 0.100
2025-11-07 12:51:49,        0,  29.5,   1.4,  25.0,  0.855, -0.006,  0.000,2677499.9,  1,  21.9,   0.9, 0.100
2025-11-07 12:51:49,        0,  29.5,   1.4,  25.0,  0.803, -0.007,  0.000,2677493.6,  1,  21.9,   0.9, 0.100
2025-11-07 12:51:50,        0,  29.5,   1.4,  25.0,  0.772, -0.007,  0.000,2677487.3,  1,  21.9,   0.8, 0.100
2025-11-07 12:51:51,        0,  29.5,   1.6,  25.0,  0.744, -0.007,  0.000,2677480.8,  1,  21.9,   0.9, 0.100
2025-11-07 12:51:53,        0,  29.4,   1.3,  25.0,  0.709, -0.007,  0.000,2677472.4,  1,  21.9,   0.9, 0.100
2025-11-07 12:51:53,        0,  29.5,   1.6,  25.0,  0.689, -0.007,  0.000,2677465.5,  1,  21.9,   0.9, 0.100
2025-11-07 12:51:54,        0,  29.4,   1.3,  25.0,  0.662, -0.007,  0.000,2677458.4,  1,  21.9,   0.9, 0.100
2025-11-07 12:51:55,        0,  29.5,   1.6,  25.0,  0.647, -0.007,  0.000,2677451.7,  1,  21.9,   0.9, 0.100
2025-11-07 12:51:57,        0,  29.5,   1.4,  25.0,  0.624, -0.007,  0.000,2677443.3,  1,  21.9,   0.8, 0.100
2025-11-07 12:51:57,        0,  29.5,   1.6,  25.0,  0.610, -0.007,  0.000,2677436.4,  1,  21.9,   0.9, 0.100
2025-11-07 12:51:58,        0,  29.5,   1.6,  25.0,  0.596, -0.007,  0.000,2677429.7,  1,  21.9,   0.9, 0.100
2025-11-07 12:51:59,        0,  29.6,   1.8,  25.0,  0.577, -0.007,  0.000,2677423.2,  1,  21.9,   0.9, 0.100
2025-11-07 12:52:00,        0,  29.5,   1.6,  25.0,  0.566, -0.007,  0.000,2677416.9,  1,  21.9,   0.9, 0.100
2025-11-07 12:52:02,        0,  29.5,   1.4,  25.0,  0.548, -0.007,  0.000,2677409.1,  1,  21.9,   0.9, 0.100
2025-11-07 12:52:02,        0,  29.5,   1.6,  25.0,  0.537, -0.006,  0.000,2677403.3,  1,  21.9,   0.9, 0.100
2025-11-07 12:52:03,        0,  29.6,   1.8,  25.0,  0.526, -0.006,  0.000,2677397.2,  1,  21.9,   0.9, 0.100
2025-11-07 12:52:04,        0,  29.5,   1.6,  25.0,  0.512, -0.007,  0.000,2677391.1,  1,  21.9,   0.9, 0.100
2025-11-07 12:52:06,        0,  29.6,   1.8,  25.0,  0.498, -0.006,  0.000,2677384.0,  1,  21.9,   0.9, 0.100
2025-11-07 12:52:06,        0,  29.5,   1.6,  25.0,  0.490, -0.006,  0.000,2677377.9,  1,  21.9,   0.9, 0.100
2025-11-07 12:52:07,        0,  29.5,   1.4,  25.0,  0.481, -0.006,  0.000,2677372.2,  1,  21.9,   0.9, 0.100
2025-11-07 12:52:08,        0,  29.5,   1.6,  25.0,  0.472, -0.006,  0.000,2677366.8,  1,  21.9,   0.9, 0.100
2025-11-07 12:52:10,        0,  29.5,   1.4,  25.0,  0.460, -0.006,  0.000,2677360.1,  1,  21.9,   0.9, 0.100
2025-11-07 12:52:11,        0,  29.5,   1.6,  25.0,  0.449, -0.006,  0.000,2677354.4,  1,  21.9,   0.9, 0.100
2025-11-07 12:52:11,        0,  29.6,   1.8,  25.0,  0.441, -0.005,  0.000,2677349.2,  1,  21.9,   0.8, 0.100
2025-11-07 12:52:12,        0,  29.4,   1.3,  25.0,  0.435, -0.005,  0.000,2677343.9,  1,  21.9,   0.8, 0.100
2025-11-07 12:52:13,        0,  29.5,   1.6,  25.0,  0.425, -0.005,  0.000,2677338.9,  1,  21.9,   0.9, 0.100
2025-11-07 12:52:15,        0,  29.6,   1.8,  25.0,  0.419, -0.005,  0.000,2677333.1,  1,  21.9,   0.9, 0.100
2025-11-07 12:52:15,        0,  29.5,   1.6,  25.0,  0.409, -0.005,  0.000,2677328.0,  1,  21.9,   0.8, 0.100
2025-11-07 12:52:16,        0,  29.6,   1.8,  25.0,  0.403, -0.005,  0.000,2677323.4,  1,  21.9,   0.8, 0.100
2025-11-07 12:52:17,        0,  29.5,   1.4,  25.0,  0.396, -0.005,  0.000,2677318.6,  1,  21.9,   0.8, 0.100
2025-11-07 12:52:19,        0,  29.5,   1.6,  25.0,  0.388, -0.005,  0.000,2677312.9,  1,  21.9,   0.9, 0.100
2025-11-07 12:52:20,        0,  29.5,   1.6,  25.0,  0.383, -0.005,  0.000,2677308.1,  1,  21.9,   0.9, 0.100
2025-11-07 12:52:20,        0,  29.6,   1.8,  25.0,  0.375, -0.005,  0.000,2677303.5,  1,  21.9,   0.8, 0.100
2025-11-07 12:52:21,        0,  29.5,   1.6,  25.0,  0.371, -0.005,  0.000,2677299.1,  1,  21.9,   0.9, 0.100
2025-11-07 12:52:23,        0,  29.6,   1.8,  25.0,  0.363, -0.005,  0.000,2677293.2,  1,  21.9,   0.8, 0.100
2025-11-07 12:52:24,        0,  29.6,   1.8,  25.0,  0.358, -0.005,  0.000,2677288.8,  1,  21.9,   0.8, 0.100
2025-11-07 12:52:24,        0,  29.6,   1.8,  25.0,  0.352, -0.004,  0.000,2677284.6,  1,  21.9,   0.8, 0.100
2025-11-07 12:52:25,        0,  29.5,   1.4,  25.0,  0.347, -0.005,  0.000,2677280.5,  1,  21.9,   0.8, 0.100
2025-11-07 12:52:26,        0,  29.5,   1.6,  25.0,  0.342, -0.004,  0.000,2677276.5,  1,  21.9,   0.8, 0.100
2025-11-07 12:52:28,        0,  29.6,   1.8,  25.0,  0.336, -0.005,  0.000,2677271.4,  1,  21.9,   0.9, 0.100
2025-11-07 12:52:28,        0,  29.4,   1.3,  25.0,  0.332, -0.004,  0.000,2677267.3,  1,  21.9,   0.9, 0.100
2025-11-07 12:52:29,        0,  29.5,   1.6,  25.0,  0.326, -0.005,  0.000,2677263.1,  1,  21.9,   0.8, 0.100
2025-11-07 12:52:30,        0,  29.6,   1.8,  25.0,  0.322, -0.004,  0.000,2677258.9,  1,  21.9,   0.8, 0.100
2025-11-07 12:52:32,        0,  29.6,   1.8,  25.0,  0.317, -0.004,  0.000,2677253.6,  1,  21.9,   0.9, 0.100
2025-11-07 12:52:32,        0,  29.6,   1.8,  25.0,  0.313, -0.004,  0.000,2677249.9,  1,  21.9,   0.9, 0.100
2025-11-07 12:52:33,        0,  29.6,   1.8,  25.0,  0.310, -0.004,  0.000,2677245.7,  1,  21.9,   0.9, 0.100
2025-11-07 12:52:34,        0,  29.6,   1.8,  25.0,  0.306, -0.004,  0.000,2677241.9,  1,  21.9,   0.9, 0.100
2025-11-07 12:52:36,        0,  29.6,   1.8,  25.0,  0.301, -0.004,  0.000,2677237.3,  1,  21.9,   0.9, 0.100
2025-11-07 12:52:36,        0,  29.6,   1.8,  25.0,  0.297, -0.004,  0.000,2677233.7,  1,  21.9,   0.9, 0.100
2025-11-07 12:52:37,        0,  29.6,   1.8,  25.0,  0.294, -0.004,  0.000,2677230.2,  1,  21.9,   0.9, 0.100
2025-11-07 12:52:38,        0,  29.6,   1.8,  25.0,  0.291, -0.003,  0.000,2677226.4,  1,  21.9,   0.9, 0.100
2025-11-07 12:52:40,        0,  29.5,   1.6,  25.0,  0.287, -0.004,  0.000,2677221.8,  1,  21.9,   0.8, 0.100
2025-11-07 12:52:40,        0,  29.6,   1.8,  25.0,  0.284, -0.003,  0.000,2677218.4,  1,  21.9,   0.9, 0.100
2025-11-07 12:52:41,        0,  29.6,   1.8,  25.0,  0.280, -0.004,  0.000,2677214.7,  1,  21.9,   0.8, 0.100
2025-11-07 12:52:42,        0,  29.6,   1.8,  25.0,  0.277, -0.003,  0.000,2677211.3,  1,  21.9,   0.8, 0.100
2025-11-07 12:52:44,        0,  29.5,   1.6,  25.0,  0.272, -0.004,  0.000,2677207.3,  1,  21.9,   0.8, 0.100
2025-11-07 12:52:44,        0,  29.6,   1.8,  25.0,  0.270, -0.003,  0.000,2677203.6,  1,  21.9,   0.8, 0.100
2025-11-07 12:52:45,        0,  29.6,   1.9,  25.0,  0.268, -0.004,  0.000,2677200.4,  1,  21.9,   0.8, 0.100
2025-11-07 12:52:46,        0,  29.6,   1.9,  25.0,  0.264, -0.003,  0.000,2677197.1,  1,  21.9,   0.8, 0.100
2025-11-07 12:52:48,        0,  29.6,   1.8,  25.0,  0.261, -0.003,  0.000,2677192.9,  1,  21.9,   0.9, 0.100
2025-11-07 12:52:48,        0,  29.6,   1.8,  24.9,  0.258, -0.003,  0.000,2677189.9,  1,  21.9,   0.8, 0.100
2025-11-07 12:52:49,        0,  29.6,   1.8,  25.0,  0.257, -0.004,  0.000,2677186.2,  1,  21.9,   0.8, 0.100
2025-11-07 12:52:50,        0,  29.6,   1.8,  25.0,  0.255, -0.003,  0.000,2677183.0,  1,  21.9,   0.8, 0.100
2025-11-07 12:52:52,        0,  29.6,   1.9,  25.0,  0.252, -0.003,  0.000,2677179.0,  1,  21.9,   0.8, 0.100
2025-11-07 12:52:53,        0,  29.6,   1.9,  25.0,  0.249, -0.003,  0.000,2677176.1,  1,  21.9,   0.9, 0.100
2025-11-07 12:52:53,        0,  29.6,   1.9,  25.0,  0.246, -0.004,  0.000,2677172.7,  1,  21.9,   0.9, 0.100
2025-11-07 12:52:54,        0,  29.6,   1.9,  25.0,  0.244, -0.003,  0.000,2677169.4,  1,  21.9,   0.9, 0.100
2025-11-07 12:52:55,        0,  29.6,   1.9,  25.0,  0.242, -0.003,  0.000,2677166.0,  1,  21.9,   0.9, 0.100
2025-11-07 12:52:57,        0,  29.6,   1.9,  25.0,  0.239, -0.003,  0.000,2677162.7,  1,  21.9,   0.9, 0.100
2025-11-07 12:52:57,        0,  29.6,   1.9,  24.9,  0.237, -0.003,  0.000,2677159.8,  1,  21.9,   0.9, 0.100
2025-11-07 12:52:58,        0,  29.6,   1.9,  25.0,  0.235, -0.003,  0.000,2677156.8,  1,  21.9,   0.9, 0.100
2025-11-07 12:52:59,        0,  29.6,   1.8,  25.0,  0.234, -0.003,  0.000,2677153.3,  1,  21.9,   0.9, 0.100
2025-11-07 12:53:01,        0,  29.6,   1.9,  25.0,  0.231, -0.003,  0.000,2677149.9,  1,  21.9,   0.9, 0.100
2025-11-07 12:53:01,        0,  29.6,   1.8,  24.9,  0.230, -0.003,  0.000,2677147.0,  1,  21.9,   0.9, 0.100
2025-11-07 12:53:02,        0,  29.6,   1.9,  25.0,  0.227, -0.003,  0.000,2677144.0,  1,  21.9,   0.9, 0.100
2025-11-07 12:53:03,        0,  29.6,   1.9,  25.0,  0.225, -0.003,  0.000,2677141.1,  1,  21.9,   0.9, 0.100
2025-11-07 12:53:05,        0,  29.6,   1.9,  25.0,  0.223, -0.000,  0.000,2677137.8,  1,  21.9,   0.9, 0.100
2025-11-07 12:53:06,        0,  29.6,   1.9,  25.0,  0.222, -0.003,  0.000,2677134.8,  1,  21.9,   0.9, 0.100
2025-11-07 12:53:06,        0,  29.6,   1.9,  25.0,  0.221, -0.003,  0.000,2677132.1,  1,  21.9,   0.9, 0.100
2025-11-07 12:53:07,        0,  29.5,   1.4,  25.0,  0.218, -0.003,  0.000,2677129.4,  1,  21.9,   0.9, 0.100
2025-11-07 12:53:08,        0,  29.7,   2.1,  25.0,  0.217, -0.003,  0.000,2677126.2,  1,  21.9,   0.9, 0.100
2025-11-07 12:53:10,        0,  29.6,   1.9,  25.0,  0.216, -0.003,  0.000,2677122.9,  1,  21.9,   0.9, 0.100
2025-11-07 12:53:10,        0,  29.7,   2.1,  25.0,  0.215, -0.003,  0.000,2677119.9,  1,  21.9,   0.9, 0.100
2025-11-07 12:53:11,        0,  29.6,   1.9,  25.0,  0.213, -0.003,  0.000,2677116.8,  1,  21.9,   0.9, 0.100
2025-11-07 12:53:12,        0,  29.6,   1.9,  25.0,  0.212, -0.003,  0.000,2677114.1,  1,  21.9,   0.9, 0.100
2025-11-07 12:53:14,        0,  29.6,   1.8,  24.9,  0.210, -0.003,  0.000,2677110.5,  1,  21.9,   0.9, 0.100
2025-11-07 12:53:14,        0,  29.6,   1.9,  25.0,  0.209, -0.003,  0.000,2677107.6,  1,  21.9,   0.9, 0.100
2025-11-07 12:53:15,        0,  29.7,   2.1,  25.0,  0.208, -0.003,  0.000,2677104.6,  1,  21.9,   0.9, 0.100
2025-11-07 12:53:16,        0,  29.6,   1.9,  25.0,  0.206, -0.003,  0.000,2677101.9,  1,  21.9,   0.9, 0.100
2025-11-07 12:53:17,        0,  29.6,   1.9,  25.0,  0.205, -0.003,  0.000,2677099.2,  1,  21.9,   0.9, 0.100
2025-11-07 12:53:19,        0,  29.5,   1.6,  25.0,  0.204, -0.003,  0.000,2677095.6,  1,  21.9,   0.9, 0.100
2025-11-07 12:53:20,        0,  29.7,   2.1,  25.0,  0.202, -0.002,  0.000,2677093.1,  1,  21.9,   0.8, 0.100
2025-11-07 12:53:20,        0,  29.7,   2.1,  24.9,  0.201, -0.002,  0.000,2677090.6,  1,  21.9,   0.9, 0.100
2025-11-07 12:53:21,        0,  29.6,   1.9,  25.0,  0.200, -0.003,  0.000,2677087.5,  1,  21.9,   0.8, 0.100
2025-11-07 12:53:22,        0,  29.6,   1.9,  25.0,  0.200, -0.003,  0.000,2677084.9,  1,  21.9,   0.8, 0.100
2025-11-07 12:53:24,        0,  29.6,   1.9,  25.0,  0.198, -0.003,  0.000,2677081.6,  1,  21.9,   0.8, 0.100
2025-11-07 12:53:24,        0,  29.6,   1.9,  25.0,  0.198, -0.002,  0.000,2677078.9,  1,  21.9,   0.8, 0.100
2025-11-07 12:53:25,        0,  29.6,   1.9,  25.0,  0.197, -0.003,  0.000,2677076.1,  1,  21.9,   0.8, 0.100
2025-11-07 12:53:26,        0,  29.7,   2.1,  25.0,  0.196, -0.002,  0.000,2677074.1,  1,  21.9,   0.8, 0.100
2025-11-07 12:53:28,        0,  29.6,   1.9,  25.0,  0.194, -0.002,  0.000,2677071.1,  1,  21.9,   0.8, 0.100
2025-11-07 12:53:29,        0,  29.7,   2.1,  25.0,  0.193, -0.002,  0.000,2677068.4,  1,  21.9,   0.8, 0.100
2025-11-07 12:53:29,        0,  29.6,   1.9,  25.0,  0.192, -0.003,  0.000,2677065.9,  1,  21.9,   0.8, 0.100
2025-11-07 12:53:30,        0,  29.6,   1.9,  25.0,  0.192, -0.003,  0.000,2677063.2,  1,  21.9,   0.8, 0.100
2025-11-07 12:53:31,        0,  29.7,   2.1,  25.0,  0.190, -0.002,  0.000,2677061.1,  1,  21.9,   0.8, 0.100
2025-11-07 12:53:33,        0,  29.6,   1.9,  25.0,  0.190, -0.003,  0.000,2677058.1,  1,  21.9,   0.8, 0.100
2025-11-07 12:53:33,        0,  29.7,   2.1,  25.0,  0.189, -0.003,  0.000,2677055.4,  1,  21.9,   0.8, 0.100
2025-11-07 12:53:34,        0,  29.7,   2.1,  25.0,  0.188, -0.003,  0.000,2677052.7,  1,  21.9,   0.9, 0.100
2025-11-07 12:53:35,        0,  29.6,   1.9,  25.0,  0.188, -0.003,  0.000,2677050.4,  1,  21.9,   0.9, 0.100
2025-11-07 12:53:37,        0,  29.7,   2.1,  25.0,  0.187, -0.002,  0.000,2677047.4,  1,  21.9,   0.9, 0.100
2025-11-07 12:53:37,        0,  29.6,   1.8,  25.0,  0.186, -0.003,  0.000,2677045.3,  1,  21.9,   0.9, 0.100
2025-11-07 12:53:38,        0,  29.6,   1.9,  25.0,  0.186, -0.003,  0.000,2677042.6,  1,  21.9,   0.9, 0.100
2025-11-07 12:53:39,        0,  29.6,   1.9,  25.0,  0.185, -0.003,  0.000,2677040.3,  1,  21.9,   0.9, 0.100
2025-11-07 12:53:41,        0,  29.6,   1.9,  24.9,  0.185, -0.003,  0.000,2677037.2,  1,  21.9,   0.9, 0.100
2025-11-07 12:53:42,        0,  29.6,   1.9,  24.9,  0.183, -0.003,  0.000,2677034.9,  1,  21.9,   0.9, 0.100
2025-11-07 12:53:42,        0,  29.6,   1.9,  25.0,  0.183, -0.003,  0.000,2677032.6,  1,  21.9,   0.9, 0.100
2025-11-07 12:53:43,        0,  29.6,   1.9,  25.0,  0.182, -0.003,  0.000,2677030.0,  1,  21.9,   0.9, 0.100
2025-11-07 12:53:45,        0,  29.6,   1.8,  25.0,  0.182, -0.002,  0.000,2677026.9,  1,  21.9,   0.8, 0.100
2025-11-07 12:53:46,        0,  29.6,   1.9,  24.9,  0.181, -0.002,  0.000,2677024.6,  1,  21.9,   0.9, 0.100
2025-11-07 12:53:46,        0,  29.6,   1.8,  25.0,  0.181, -0.003,  0.000,2677022.5,  1,  21.9,   0.9, 0.100
2025-11-07 12:53:47,        0,  29.6,   1.9,  25.0,  0.180, -0.002,  0.000,2677020.0,  1,  21.9,   0.9, 0.100
2025-11-07 12:53:48,        0,  29.6,   1.9,  25.0,  0.179, -0.002,  0.000,2677017.7,  1,  21.9,   0.9, 0.100
2025-11-07 12:53:50,        0,  29.6,   1.9,  25.0,  0.178, -0.003,  0.000,2677014.7,  1,  21.9,   0.9, 0.100
2025-11-07 12:53:50,        0,  29.6,   1.9,  25.0,  0.178, -0.003,  0.000,2677012.4,  1,  21.9,   0.9, 0.100
2025-11-07 12:53:51,        0,  29.7,   2.1,  25.0,  0.177, -0.003,  0.000,2677010.1,  1,  21.9,   0.9, 0.100
2025-11-07 12:53:52,        0,  29.7,   2.1,  25.0,  0.177, -0.003,  0.000,2677007.2,  1,  21.9,   0.9, 0.100
2025-11-07 12:53:54,        0,  29.7,   2.1,  25.0,  0.177, -0.002,  0.000,2677004.3,  1,  21.9,   0.9, 0.100
2025-11-07 12:53:54,        0,  29.7,   2.1,  25.0,  0.176, -0.002,  0.000,2677001.8,  1,  21.9,   1.0, 0.100
2025-11-07 12:53:55,        0,  29.6,   1.8,  24.9,  0.175, -0.002,  0.000,2676999.7,  1,  21.9,   0.9, 0.100
2025-11-07 12:53:56,        0,  29.7,   2.1,  25.0,  0.175, -0.003,  0.000,2676996.9,  1,  21.9,   0.9, 0.100
2025-11-07 12:53:58,        0,  29.6,   1.8,  25.0,  0.175, -0.002,  0.000,2676994.0,  1,  21.9,   0.9, 0.100
2025-11-07 12:53:59,        0,  29.7,   2.1,  25.0,  0.175, -0.003,  0.000,2676991.5,  1,  21.9,   0.9, 0.100
2025-11-07 12:53:59,        0,  29.6,   1.9,  25.0,  0.174, -0.003,  0.000,2676988.8,  1,  21.9,   0.9, 0.100
2025-11-07 12:54:00,        0,  29.6,   1.8,  25.0,  0.173, -0.002,  0.000,2676986.7,  1,  21.9,   0.9, 0.100
2025-11-07 12:54:01,        0,  29.6,   1.9,  25.0,  0.173, -0.003,  0.000,2676984.4,  1,  21.9,   0.9, 0.100
2025-11-07 12:54:03,        0,  29.7,   2.1,  25.0,  0.173, -0.003,  0.000,2676981.6,  1,  21.9,   0.9, 0.100
2025-11-07 12:54:03,        0,  29.7,   2.1,  25.0,  0.172, -0.002,  0.000,2676979.5,  1,  21.9,   0.9, 0.100
2025-11-07 12:54:04,        0,  29.7,   2.1,  25.0,  0.172, -0.003,  0.000,2676977.2,  1,  21.9,   0.9, 0.100
2025-11-07 12:54:05,        0,  29.7,   2.1,  24.9,  0.171, -0.003,  0.000,2676974.7,  1,  21.9,   1.0, 0.100
2025-11-07 12:54:07,        0,  29.7,   2.1,  24.9,  0.171, -0.003,  0.000,2676972.0,  1,  21.9,   0.9, 0.100
2025-11-07 12:54:07,        0,  29.8,   2.3,  25.0,  0.170, -0.002,  0.000,2676969.7,  1,  21.9,   0.9, 0.100
2025-11-07 12:54:08,        0,  29.7,   2.1,  25.0,  0.170, -0.003,  0.000,2676967.4,  1,  21.9,   0.9, 0.100
2025-11-07 12:54:09,        0,  29.7,   2.1,  25.0,  0.171, -0.002,  0.000,2676965.3,  1,  21.9,   0.9, 0.100
2025-11-07 12:54:11,        0,  29.8,   2.3,  24.9,  0.169, -0.002,  0.000,2676962.4,  1,  21.9,   0.9, 0.100
2025-11-07 12:54:12,        0,  29.7,   2.1,  25.0,  0.169, -0.002,  0.000,2676960.3,  1,  21.9,   0.9, 0.100
2025-11-07 12:54:12,        0,  29.6,   1.9,  25.0,  0.169, -0.002,  0.000,2676958.2,  1,  21.9,   0.9, 0.100
2025-11-07 12:54:13,        0,  29.7,   2.1,  25.0,  0.169, -0.003,  0.000,2676955.7,  1,  21.9,   0.9, 0.100
2025-11-07 12:54:14,        0,  29.7,   2.1,  25.0,  0.168, -0.002,  0.000,2676953.4,  1,  21.9,   0.9, 0.100
2025-11-07 12:54:16,        0,  29.6,   1.9,  25.0,  0.168, -0.003,  0.000,2676950.4,  1,  21.9,   0.9, 0.100
2025-11-07 12:54:16,        0,  29.5,   1.6,  25.0,  0.167, -0.003,  0.000,2676948.5,  1,  21.9,   0.9, 0.100
2025-11-07 12:54:17,        0,  29.7,   2.1,  25.0,  0.167, -0.003,  0.000,2676946.2,  1,  21.9,   0.9, 0.100
2025-11-07 12:54:18,        0,  29.8,   2.3,  25.0,  0.166, -0.002,  0.000,2676944.3,  1,  21.9,   0.9, 0.100
2025-11-07 12:54:20,        0,  29.8,   2.3,  25.0,  0.166, -0.002,  0.000,2676941.8,  1,  21.9,   0.9, 0.100
2025-11-07 12:54:20,        0,  29.7,   2.1,  24.9,  0.166, -0.002,  0.000,2676939.7,  1,  21.9,   0.9, 0.100
2025-11-07 12:54:21,        0,  29.8,   2.3,  25.0,  0.166, -0.002,  0.000,2676937.4,  1,  21.9,   0.9, 0.100
2025-11-07 12:54:22,        0,  29.7,   2.1,  25.0,  0.165, -0.002,  0.000,2676935.3,  1,  21.9,   0.9, 0.100
2025-11-07 12:54:24,        0,  29.7,   2.1,  24.9,  0.165, -0.002,  0.000,2676932.8,  1,  21.9,   0.9, 0.100
2025-11-07 12:54:24,        0,  29.7,   2.1,  24.9,  0.165, -0.002,  0.000,2676930.9,  1,  21.9,   0.9, 0.100
2025-11-07 12:54:25,        0,  29.7,   2.1,  25.0,  0.164, -0.003,  0.000,2676928.2,  1,  21.9,   0.9, 0.100
2025-11-07 12:54:26,        0,  29.6,   1.8,  25.0,  0.164, -0.002,  0.000,2676925.9,  1,  21.9,   0.9, 0.100
2025-11-07 12:54:27,        0,  29.6,   1.9,  25.0,  0.164, -0.002,  0.000,2676924.0,  1,  21.9,   0.8, 0.100
2025-11-07 12:54:29,        0,  29.7,   2.1,  25.0,  0.164, -0.003,  0.000,2676921.1,  1,  21.9,   0.9, 0.100
2025-11-07 12:54:29,        0,  29.6,   1.9,  25.0,  0.163, -0.003,  0.000,2676918.6,  1,  21.9,   0.8, 0.100
2025-11-07 12:54:30,        0,  29.6,   1.9,  25.0,  0.164, -0.003,  0.000,2676916.1,  1,  21.9,   0.8, 0.100
2025-11-07 12:54:31,        0,  29.7,   2.1,  25.0,  0.163, -0.003,  0.000,2676914.0,  1,  21.9,   0.8, 0.100
2025-11-07 12:54:33,        0,  29.7,   2.1,  25.0,  0.163, -0.002,  0.000,2676911.7,  1,  21.9,   0.8, 0.100
2025-11-07 12:54:33,        0,  29.7,   2.1,  25.0,  0.163, -0.002,  0.000,2676909.3,  1,  21.9,   0.8, 0.100
2025-11-07 12:54:34,        0,  29.8,   2.3,  25.0,  0.162, -0.003,  0.000,2676907.0,  1,  21.9,   0.8, 0.100
2025-11-07 12:54:35,        0,  29.6,   1.9,  25.0,  0.162, -0.002,  0.000,2676904.5,  1,  21.9,   0.8, 0.100
2025-11-07 12:54:37,        0,  29.6,   1.9,  25.0,  0.162, -0.003,  0.000,2676901.8,  1,  21.9,   0.8, 0.100
2025-11-07 12:54:38,        0,  29.7,   2.1,  25.0,  0.161, -0.002,  0.000,2676899.9,  1,  21.9,   0.8, 0.100
2025-11-07 12:54:38,        0,  29.7,   2.1,  25.0,  0.161, -0.002,  0.000,2676897.6,  1,  21.9,   0.8, 0.100
2025-11-07 12:54:39,        0,  29.8,   2.3,  25.0,  0.161, -0.003,  0.000,2676895.3,  1,  21.9,   0.8, 0.100
2025-11-07 12:54:41,        0,  29.8,   2.3,  25.0,  0.160, -0.002,  0.000,2676893.0,  1,  21.9,   0.9, 0.100
2025-11-07 12:54:42,        0,  29.8,   2.3,  25.0,  0.160, -0.002,  0.000,2676890.9,  1,  21.9,   0.8, 0.100
2025-11-07 12:54:42,        0,  29.7,   2.1,  25.0,  0.161, -0.002,  0.000,2676888.6,  1,  21.9,   0.9, 0.100
2025-11-07 12:54:43,        0,  29.8,   2.3,  25.0,  0.160, -0.002,  0.000,2676886.5,  1,  21.9,   0.9, 0.100
2025-11-07 12:54:45,        0,  29.7,   2.1,  25.0,  0.159, -0.002,  0.000,2676884.2,  1,  21.9,   0.8, 0.100
2025-11-07 12:54:46,        0,  29.8,   2.3,  25.0,  0.159, -0.002,  0.000,2676881.7,  1,  21.9,   0.9, 0.100
2025-11-07 12:54:46,        0,  29.7,   2.1,  25.0,  0.159, -0.002,  0.000,2676879.8,  1,  21.9,   0.9, 0.100
2025-11-07 12:54:47,        0,  29.8,   2.3,  25.0,  0.159, -0.003,  0.000,2676877.5,  1,  21.9,   0.9, 0.100
2025-11-07 12:54:49,        0,  29.7,   2.1,  25.0,  0.159, -0.002,  0.000,2676875.4,  1,  21.9,   0.9, 0.100
2025-11-07 12:54:50,        0,  29.8,   2.3,  24.9,  0.159, -0.002,  0.000,2676873.3,  1,  21.9,   0.9, 0.100
2025-11-07 12:54:50,        0,  29.8,   2.3,  25.0,  0.159, -0.002,  0.000,2676871.2,  1,  21.9,   0.9, 0.100
2025-11-07 12:54:51,        0,  29.8,   2.3,  25.0,  0.159, -0.002,  0.000,2676869.3,  1,  21.9,   1.0, 0.100
