Time, Cnts,  %T, set_Cell[mA], Cell[°C], Cell[Volt], Cell[mA], Cell[W], Cell[uAs], Cell_ON, Env[°C], TEC[°C], N2Flow[slpm]
2025-11-12 10:52:41,        0,  29.6,   1.8,  25.0,  0.150, -0.002,  0.000,     -1.7,  1,  22.2,   1.0, 0.100
2025-11-12 10:52:42,        0,  29.6,   1.8,  25.0,  0.149, -0.002,  0.000,     -3.4,  1,  22.2,   1.0, 0.100
2025-11-12 10:52:43,        0,  29.7,   2.0,  25.0,  0.149, -0.002,  0.000,     -5.4,  1,  22.2,   1.0, 0.100
2025-11-12 10:52:44,        0,  29.6,   1.8,  25.0,  0.148, -0.002,  0.000,     -7.4,  1,  22.2,   1.0, 0.100
2025-11-12 10:52:45,        0,  29.7,   2.0,  25.0,  0.148, -0.002,  0.000,     -9.4,  1,  22.2,   1.0, 0.100
2025-11-12 10:52:46,        0,  29.6,   1.8,  25.0,  0.148, -0.002,  0.000,    -11.4,  1,  22.2,   1.0, 0.100
2025-11-12 10:52:47,        0,  29.7,   2.0,  25.0,  0.148, -0.002,  0.000,    -13.4,  1,  22.2,   1.0, 0.100
2025-11-12 10:52:48,        0,  29.7,   2.0,  25.0,  0.146, -0.002,  0.000,    -15.7,  1,  22.2,   1.0, 0.100
2025-11-12 10:52:49,        0,  29.7,   2.0,  25.0,  0.146, -0.001,  0.000,    -17.5,  1,  22.2,   1.0, 0.100
2025-11-12 10:52:50,        0,  29.7,   2.1,  25.0,  0.146, -0.002,  0.000,    -19.5,  1,  22.2,   1.0, 0.100
2025-11-12 10:52:51,        0,  29.7,   2.0,  25.0,  0.145, -0.002,  0.000,    -21.5,  1,  22.2,   1.0, 0.100
2025-11-12 10:52:52,        0,  29.7,   2.1,  25.0,  0.146, -0.002,  0.000,    -23.5,  1,  22.2,   1.0, 0.099
2025-11-12 10:52:53,        0,  29.7,   2.0,  25.0,  0.145, -0.002,  0.000,    -25.5,  1,  22.2,   1.0, 0.099
2025-11-12 10:52:54,        0,  29.7,   2.0,  25.0,  0.145, -0.002,  0.000,    -27.2,  1,  22.2,   1.0, 0.099
2025-11-12 10:52:55,        0,  29.7,   2.0,  25.0,  0.144, -0.002,  0.000,    -29.5,  1,  22.2,   0.9, 0.099
2025-11-12 10:52:56,        0,  29.7,   2.1,  25.0,  0.144, -0.002,  0.000,    -31.8,  1,  22.2,   0.9, 0.100
2025-11-12 10:52:57,        0,  29.7,   2.1,  25.0,  0.144, -0.002,  0.000,    -33.5,  1,  22.2,   0.9, 0.100
2025-11-12 10:52:58,        0,  29.8,   2.3,  25.0,  0.144, -0.002,  0.000,    -35.8,  1,  22.2,   0.9, 0.099
2025-11-12 10:52:59,        0,  29.8,   2.3,  25.0,  0.143, -0.002,  0.000,    -37.2,  1,  22.2,   0.9, 0.099
2025-11-12 10:53:00,        0,  30.2,   3.5,  25.0,  4.381,  3.703,  0.020,   2043.1,  1,  22.2,   1.0, 0.100
2025-11-12 10:53:01,        0,  30.2,   3.5,  25.0,  6.661,  5.907,  0.039,   8388.2,  1,  22.2,   1.0, 0.099
2025-11-12 10:53:02,        0,  30.6,   4.8,  25.0,  7.048,  6.358,  0.045,  13908.9,  1,  22.2,   0.9, 0.100
2025-11-12 10:53:03,        0,  30.8,   5.3,  25.0,  6.963,  6.259,  0.044,  19879.0,  1,  22.2,   0.9, 0.099
2025-11-12 10:53:04,        0,  31.8,   8.5,  25.0,  8.236,  7.747,  0.064,  27328.2,  1,  22.2,   0.9, 0.101
2025-11-12 10:53:05,        0,  31.6,   7.9,  25.0,  9.344,  9.050,  0.087,  38625.0,  1,  22.2,   0.8, 0.102
2025-11-12 10:53:06,        0,  32.6,  10.7,  25.0, 12.288, 12.510,  0.157,  50880.4,  1,  22.2,   0.9, 0.103
2025-11-12 10:53:07,        0,  34.4,  16.3,  25.0, 14.864, 15.559,  0.237,  64654.8,  1,  22.2,   0.9, 0.100
2025-11-12 10:53:08,        0,  32.3,   9.9,  25.0, 16.721, 17.750,  0.297,  85100.6,  1,  22.2,   0.9, 0.099
2025-11-12 10:53:09,        0,  35.9,  20.6,  25.0, 20.758, 22.554,  0.468, 103430.8,  1,  22.2,   0.9, 0.099
2025-11-12 10:53:10,        0,  36.1,  21.4,  25.0, 23.207, 25.473,  0.592, 126176.8,  1,  22.2,   0.9, 0.099
2025-11-12 10:53:11,        0,  35.9,  20.6,  25.0, 23.016, 25.294,  0.591, 153371.2,  1,  22.2,   0.9, 0.099
2025-11-12 10:53:12,        0,  37.8,  26.5,  24.9, 25.926, 28.800,  0.752, 180322.0,  1,  22.2,   0.9, 0.099
2025-11-12 10:53:13,        0,  37.5,  25.4,  25.0, 30.079, 33.818,  1.020, 210470.0,  1,  22.2,   0.9, 0.099
2025-11-12 10:53:14,        0,  39.6,  31.8,  25.0, 27.286, 30.541,  0.845, 244529.9,  1,  22.2,   0.9, 0.099
2025-11-12 10:53:15,        0,  38.1,  27.4,  25.0, 34.711, 39.575,  1.377, 280696.7,  1,  22.2,   0.9, 0.099
2025-11-12 10:53:16,        0,  39.5,  31.6,  25.0, 39.597, 45.680,  1.810, 318224.7,  1,  22.2,   0.9, 0.099
2025-11-12 10:53:17,        0,  44.6,  46.7,  25.0, 38.904, 44.896,  1.755, 359079.8,  1,  22.2,   0.9, 0.099
2025-11-12 10:53:18,        0,  43.9,  44.8,  25.0, 39.843, 46.327,  1.848, 415317.0,  1,  22.2,   0.9, 0.099
2025-11-12 10:53:19,        0,  44.8,  47.4,  25.0, 37.275, 43.267,  1.633, 459649.9,  1,  22.2,   0.9, 0.099
2025-11-12 10:53:20,        0,  44.0,  45.0,  25.0, 46.749, 55.167,  2.580, 510414.8,  1,  22.2,   0.9, 0.099
2025-11-12 10:53:21,        0,  42.6,  40.7,  25.0, 33.737, 39.274,  1.329, 561228.3,  1,  22.2,   1.0, 0.103
2025-11-12 10:53:22,        0,  40.6,  34.8,  25.0, 36.054, 42.141,  1.531, 600895.8,  1,  22.2,   1.0, 0.104
2025-11-12 10:53:23,        0,  42.8,  41.4,  25.0, 40.187, 47.222,  1.899, 641263.9,  1,  22.2,   1.0, 0.103
2025-11-12 10:53:24,        0,  43.4,  43.2,  25.0, 37.293, 43.724,  1.631, 692971.2,  1,  22.2,   0.9, 0.101
2025-11-12 10:53:25,        0,  38.9,  29.7,  25.0, 36.872, 43.310,  1.605, 735315.0,  1,  22.2,   0.9, 0.100
2025-11-12 10:53:26,        0,  42.7,  41.1,  25.0, 28.392, 32.752,  0.942, 768139.5,  1,  22.2,   0.9, 0.100
2025-11-12 10:53:27,        0,  38.8,  29.5,  25.0, 32.584, 37.916,  1.239, 815912.3,  1,  22.2,   0.9, 0.100
2025-11-12 10:53:28,        0,  40.6,  34.9,  25.0, 32.180, 37.321,  1.207, 849910.7,  1,  22.2,   0.9, 0.100
2025-11-12 10:53:29,        0,  41.5,  37.4,  25.0, 31.795, 36.819,  1.173, 885986.8,  1,  22.2,   0.9, 0.100
2025-11-12 10:53:30,        0,  29.4,   1.3,  25.0, 34.816, 40.528,  1.414, 918645.6,  1,  22.2,   0.9, 0.100
2025-11-12 10:53:31,        0,  42.0,  39.1,  25.0, 27.308, 31.223,  0.872, 947081.8,  1,  22.2,   0.9, 0.100
2025-11-12 10:53:32,        0,  39.0,  30.0,  25.0, 27.099, 30.919,  0.846, 980309.6,  1,  22.2,   0.9, 0.100
2025-11-12 10:53:33,        0,  34.9,  17.8,  25.0, 23.066, 25.901,  0.607,1007734.4,  1,  22.2,   0.9, 0.100
2025-11-12 10:53:34,        0,  38.1,  27.2,  25.0, 26.532, 30.108,  0.806,1038915.0,  1,  22.2,   0.8, 0.100
2025-11-12 10:53:35,        0,  38.2,  27.6,  25.0, 19.147, 21.078,  0.410,1062662.6,  1,  22.2,   0.9, 0.100
2025-11-12 10:53:36,        0,  37.7,  26.0,  25.0, 27.997, 31.853,  0.896,1091912.8,  1,  22.2,   0.9, 0.100
2025-11-12 10:53:37,        0,  35.9,  20.7,  25.0, 23.167, 25.918,  0.604,1121077.3,  1,  22.2,   0.9, 0.100
2025-11-12 10:53:38,        0,  33.7,  14.1,  25.0, 21.318, 23.645,  0.510,1143525.8,  1,  22.2,   0.9, 0.100
2025-11-12 10:53:39,        0,  38.4,  28.3,  25.0, 15.065, 16.036,  0.246,1163034.4,  1,  22.2,   0.9, 0.100
2025-11-12 10:53:40,        0,  36.3,  21.8,  25.0, 26.392, 29.756,  0.788,1196528.0,  1,  22.2,   0.9, 0.100
2025-11-12 10:53:41,        0,  38.4,  28.1,  25.0, 22.107, 24.516,  0.543,1219096.6,  1,  22.2,   0.8, 0.100
2025-11-12 10:53:42,        0,  37.1,  24.4,  25.0, 22.575, 25.059,  0.570,1244257.0,  1,  22.2,   0.8, 0.100
2025-11-12 10:53:43,        0,  37.8,  26.4,  25.0, 27.922, 31.551,  0.885,1272030.0,  1,  22.2,   0.8, 0.100
2025-11-12 10:53:44,        0,  38.0,  26.9,  25.0, 24.552, 27.445,  0.674,1304971.2,  1,  22.2,   0.9, 0.100
2025-11-12 10:53:45,        0,  37.6,  25.8,  25.0, 25.147, 28.167,  0.717,1330878.2,  1,  22.2,   0.9, 0.100
2025-11-12 10:53:46,        0,  38.1,  27.4,  25.0, 21.500, 23.715,  0.518,1353254.2,  1,  22.2,   0.8, 0.100
2025-11-12 10:53:47,        0,  35.7,  20.2,  25.0, 25.459, 28.504,  0.726,1386005.7,  1,  22.2,   0.8, 0.100
2025-11-12 10:53:48,        0,  35.9,  20.6,  25.0, 22.579, 25.018,  0.572,1410794.5,  1,  22.2,   0.8, 0.100
2025-11-12 10:53:49,        0,  38.9,  29.7,  25.0, 27.165, 30.505,  0.831,1436779.5,  1,  22.2,   0.8, 0.100
2025-11-12 10:53:50,        0,  37.6,  25.8,  25.0, 21.567, 23.773,  0.517,1466908.9,  1,  22.2,   0.8, 0.100
2025-11-12 10:53:51,        0,  38.8,  29.3,  25.0, 30.924, 35.084,  1.086,1498383.1,  1,  22.2,   0.8, 0.100
2025-11-12 10:53:52,        0,  39.4,  31.3,  25.0, 32.102, 36.535,  1.179,1530117.2,  1,  22.2,   0.8, 0.100
2025-11-12 10:53:53,        0,  40.0,  33.0,  25.0, 27.096, 30.498,  0.844,1561867.1,  1,  22.2,   0.8, 0.100
2025-11-12 10:53:54,        0,  40.0,  33.0,  25.0, 31.550, 35.932,  1.135,1602930.5,  1,  22.2,   0.8, 0.100
2025-11-12 10:53:55,        0,  39.1,  30.4,  25.0, 34.464, 39.544,  1.364,1639335.7,  1,  22.2,   0.8, 0.100
2025-11-12 10:53:56,        0,  36.8,  23.4,  25.1, 29.136, 33.073,  0.972,1671818.5,  1,  22.2,   0.8, 0.100
2025-11-12 10:53:57,        0,  42.9,  41.6,  25.0, 34.294, 39.396,  1.356,1714347.4,  1,  22.2,   0.8, 0.100
2025-11-12 10:53:58,        0,  41.1,  36.2,  25.0, 32.993, 37.905,  1.251,1753104.2,  1,  22.2,   0.8, 0.100
2025-11-12 10:53:59,        0,  37.8,  26.4,  25.0, 29.091, 33.132,  0.970,1786048.8,  1,  22.2,   0.8, 0.100
2025-11-12 10:54:00,        0,  39.9,  32.8,  25.0, 25.921, 29.233,  0.758,1815154.1,  1,  22.2,   0.8, 0.100
2025-11-12 10:54:01,        0,  37.2,  24.6,  25.0, 30.388, 34.653,  1.057,1854882.3,  1,  22.2,   0.8, 0.100
2025-11-12 10:54:02,        0,  42.0,  39.1,  25.1, 32.238, 36.881,  1.206,1887915.6,  1,  22.2,   0.8, 0.100
2025-11-12 10:54:03,        0,  39.5,  31.4,  25.0, 39.123, 45.407,  1.778,1928939.7,  1,  22.2,   0.8, 0.100
2025-11-12 10:54:04,        0,  41.2,  36.5,  25.0, 32.892, 37.794,  1.249,1973637.5,  1,  22.2,   0.8, 0.100
2025-11-12 10:54:05,        0,  41.8,  38.3,  25.1, 31.692, 36.407,  1.163,2009959.4,  1,  22.2,   0.8, 0.100
2025-11-12 10:54:06,        0,  41.7,  38.1,  25.0, 37.403, 43.455,  1.635,2049371.8,  1,  22.2,   0.8, 0.100
2025-11-12 10:54:07,        0,  40.2,  33.7,  25.0, 37.833, 43.999,  1.673,2090297.0,  1,  22.2,   0.8, 0.100
2025-11-12 10:54:08,        0,  40.4,  34.2,  25.0, 36.350, 42.245,  1.539,2138682.4,  1,  22.2,   0.8, 0.100
2025-11-12 10:54:09,        0,  41.4,  37.1,  25.0, 37.439, 43.656,  1.644,2179538.1,  1,  22.2,   0.8, 0.100
2025-11-12 10:54:10,        0,  38.4,  28.3,  25.1, 27.530, 31.415,  0.866,2211701.6,  1,  22.2,   0.8, 0.100
2025-11-12 10:54:11,        0,  40.4,  34.2,  25.1, 36.480, 42.358,  1.547,2256361.2,  1,  22.2,   0.8, 0.100
2025-11-12 10:54:12,        0,  39.1,  30.4,  25.0, 35.611, 41.297,  1.472,2294318.2,  1,  22.2,   0.8, 0.100
2025-11-12 10:54:13,        0,  42.7,  41.1,  25.1, 38.694, 45.087,  1.746,2334086.6,  1,  22.2,   0.8, 0.100
2025-11-12 10:54:14,        0,  39.2,  30.7,  25.1, 28.090, 32.031,  0.904,2376507.0,  1,  22.2,   0.8, 0.100
2025-11-12 10:54:15,        0,  40.9,  35.8,  25.1, 34.816, 40.340,  1.410,2413314.2,  1,  22.2,   0.8, 0.100
2025-11-12 10:54:16,        0,  38.4,  28.3,  25.1, 36.761, 42.795,  1.575,2451183.6,  1,  22.2,   0.8, 0.100
2025-11-12 10:54:17,        0,  38.3,  27.8,  25.1, 33.228, 38.417,  1.287,2486055.1,  1,  22.2,   0.8, 0.100
2025-11-12 10:54:18,        0,  40.5,  34.6,  25.1, 30.802, 35.371,  1.104,2525185.2,  1,  22.2,   0.8, 0.100
2025-11-12 10:54:19,        0,  37.4,  25.1,  25.1, 32.655, 37.622,  1.232,2561481.5,  1,  22.2,   0.8, 0.100
2025-11-12 10:54:20,        0,  40.8,  35.3,  25.1, 32.679, 37.715,  1.233,2594730.4,  1,  22.2,   0.8, 0.100
2025-11-12 10:54:21,        0,  39.0,  30.0,  25.1, 13.758, 14.461,  0.229,2622540.1,  1,  22.2,   0.8, 0.100
2025-11-12 10:54:22,        0,  38.7,  29.0,  25.1, 34.227, 39.435,  1.356,2658022.4,  1,  22.2,   0.8, 0.100
2025-11-12 10:54:23,        0,  38.7,  29.2,  25.2, 27.684, 31.393,  0.872,2689037.5,  1,  22.2,   0.8, 0.100
2025-11-12 10:54:24,        0,  39.9,  32.8,  25.1, 34.064, 39.256,  1.339,2724162.7,  1,  22.2,   0.8, 0.100
2025-11-12 10:54:25,        0,  35.0,  18.1,  25.2, 35.395, 40.863,  1.447,2763699.6,  1,  22.2,   0.8, 0.100
2025-11-12 10:54:26,        0,  36.1,  21.4,  25.1, 29.797, 33.911,  1.018,2789786.1,  1,  22.2,   0.8, 0.100
2025-11-12 10:54:27,        0,  38.8,  29.5,  25.2, 30.634, 34.921,  1.071,2819742.6,  1,  22.2,   0.9, 0.100
2025-11-12 10:54:28,        0,  36.8,  23.4,  25.1, 27.086, 30.604,  0.829,2854478.3,  1,  22.2,   0.8, 0.100
2025-11-12 10:54:29,        0,  39.9,  32.8,  25.1, 26.040, 29.324,  0.766,2881762.2,  1,  22.2,   0.8, 0.100
2025-11-12 10:54:30,        0,  39.1,  30.2,  25.1, 23.976, 26.818,  0.652,2909292.8,  1,  22.2,   0.8, 0.100
2025-11-12 10:54:31,        0,  36.5,  22.5,  25.2, 25.191, 28.271,  0.735,2935723.4,  1,  22.2,   0.8, 0.100
2025-11-12 10:54:32,        0,  38.7,  29.2,  25.2, 27.980, 31.562,  0.902,2970250.6,  1,  22.2,   0.8, 0.100
2025-11-12 10:54:33,        0,  40.6,  34.9,  25.2, 26.621, 29.940,  0.799,3000007.4,  1,  22.2,   0.8, 0.100
2025-11-12 10:54:34,        0,  38.3,  27.8,  25.2, 24.849, 27.796,  0.702,3029785.2,  1,  22.2,   0.8, 0.100
2025-11-12 10:54:35,        0,  36.2,  21.6,  25.2, 26.664, 29.999,  0.802,3065922.9,  1,  22.2,   0.8, 0.100
2025-11-12 10:54:36,        0,  38.5,  28.5,  25.1, 25.059, 28.025,  0.725,3092826.1,  1,  22.2,   0.8, 0.100
2025-11-12 10:54:37,        0,  35.7,  20.2,  25.2, 21.329, 23.470,  0.504,3117249.3,  1,  22.2,   0.9, 0.100
2025-11-12 10:54:38,        0,  37.3,  24.9,  25.2, 22.864, 25.281,  0.591,3145355.3,  1,  22.2,   0.8, 0.100
2025-11-12 10:54:39,        0,  35.1,  18.3,  25.2, 25.500, 28.443,  0.726,3171095.0,  1,  22.2,   0.9, 0.100
2025-11-12 10:54:40,        0,  37.9,  26.7,  25.2, 26.278, 29.365,  0.777,3195142.9,  1,  22.2,   0.9, 0.100
2025-11-12 10:54:41,        0,  34.9,  17.6,  25.2, 18.176, 19.590,  0.356,3216834.9,  1,  22.2,   0.9, 0.100
2025-11-12 10:54:42,        0,  33.8,  14.4,  25.2, 20.596, 22.468,  0.463,3244150.2,  1,  22.2,   0.9, 0.100
2025-11-12 10:54:43,        0,  37.1,  24.4,  25.2, 20.015, 21.727,  0.445,3263758.4,  1,  22.2,   0.9, 0.100
2025-11-12 10:54:44,        0,  35.3,  18.8,  25.2, 15.284, 16.093,  0.291,3282129.9,  1,  22.2,   0.9, 0.100
2025-11-12 10:54:45,        0,  34.4,  16.3,  25.2, 23.126, 25.440,  0.590,3309641.2,  1,  22.2,   1.0, 0.100
2025-11-12 10:54:46,        0,  34.9,  17.6,  25.2, 19.864, 21.525,  0.428,3328748.4,  1,  22.2,   1.0, 0.100
2025-11-12 10:54:47,        0,  35.0,  17.9,  25.2, 20.064, 21.757,  0.438,3349241.3,  1,  22.2,   1.0, 0.100
2025-11-12 10:54:48,        0,  35.1,  18.3,  25.2, 17.938, 19.187,  0.346,3368087.4,  1,  22.2,   1.0, 0.100
2025-11-12 10:54:49,        0,  34.9,  17.6,  25.2, 21.347, 23.242,  0.498,3391898.1,  1,  22.2,   1.0, 0.100
2025-11-12 10:54:50,        0,  35.4,  19.3,  25.2, 21.812, 23.799,  0.523,3413048.5,  1,  22.2,   1.0, 0.100
2025-11-12 10:54:51,        0,  34.0,  15.1,  25.2, 21.317, 23.197,  0.497,3433668.8,  1,  22.2,   1.0, 0.100
2025-11-12 10:54:52,        0,  35.1,  18.3,  25.2, 15.419, 16.138,  0.253,3451337.5,  1,  22.2,   0.9, 0.100
2025-11-12 10:54:53,        0,  34.6,  16.7,  25.2, 18.168, 19.410,  0.353,3470318.5,  1,  22.2,   1.0, 0.100
2025-11-12 10:54:54,        0,  35.0,  18.1,  25.2, 17.519, 18.630,  0.332,3486744.9,  1,  22.2,   1.0, 0.100
2025-11-12 10:54:55,        0,  34.6,  16.7,  25.2, 18.069, 19.280,  0.350,3509595.9,  1,  22.2,   1.0, 0.100
2025-11-12 10:54:56,        0,  33.3,  12.8,  25.2, 15.795, 16.568,  0.262,3525943.5,  1,  22.2,   1.0, 0.100
2025-11-12 10:54:57,        0,  31.9,   8.8,  25.2, 15.243, 15.894,  0.243,3540225.0,  1,  22.2,   1.0, 0.100
2025-11-12 10:54:58,        0,  33.4,  13.2,  25.2, 16.123, 16.943,  0.274,3554819.6,  1,  22.2,   1.0, 0.100
2025-11-12 10:54:59,        0,  34.3,  15.8,  25.2, 14.800, 15.370,  0.229,3573395.6,  1,  22.2,   0.9, 0.100
2025-11-12 10:55:00,        0,  32.9,  11.8,  25.3, 14.443, 14.939,  0.217,3588594.5,  1,  22.2,   0.9, 0.100
2025-11-12 10:55:01,        0,  33.8,  14.4,  25.2, 10.914, 10.772,  0.122,3600936.8,  1,  22.2,   0.9, 0.100
2025-11-12 10:55:02,        0,  32.5,  10.6,  25.2,  9.733,  9.382,  0.092,3612481.2,  1,  22.2,   0.9, 0.100
2025-11-12 10:55:03,        0,  33.6,  13.7,  25.2, 14.888, 15.447,  0.230,3627761.9,  1,  22.2,   0.9, 0.100
2025-11-12 10:55:04,        0,  32.1,   9.3,  25.2, 16.665, 17.550,  0.295,3643453.6,  1,  22.2,   0.9, 0.100
2025-11-12 10:55:05,        0,  31.9,   8.8,  25.2, 14.057, 14.469,  0.204,3656231.0,  1,  22.2,   0.9, 0.100
2025-11-12 10:55:06,        0,  33.5,  13.4,  25.3,  8.829,  8.329,  0.078,3667640.9,  1,  22.2,   0.9, 0.100
2025-11-12 10:55:07,        0,  32.5,  10.6,  25.2, 13.492, 13.798,  0.187,3681191.5,  1,  22.2,   0.9, 0.100
2025-11-12 10:55:08,        0,  32.6,  10.9,  25.3, 13.117, 13.353,  0.175,3694807.5,  1,  22.2,   0.9, 0.100
2025-11-12 10:55:09,        0,  32.0,   9.0,  25.2, 13.477, 13.769,  0.187,3707115.4,  1,  22.2,   0.9, 0.100
2025-11-12 10:55:10,        0,  32.0,   9.0,  25.2, 10.738, 10.572,  0.114,3717435.2,  1,  22.2,   0.8, 0.100
2025-11-12 10:55:11,        0,  31.2,   6.7,  25.2, 10.099,  9.812,  0.099,3726867.0,  1,  22.2,   0.9, 0.100
2025-11-12 10:55:12,        0,  32.1,   9.2,  25.2, 13.002, 13.227,  0.174,3738112.6,  1,  22.2,   0.9, 0.100
2025-11-12 10:55:13,        0,  32.7,  11.1,  25.2, 10.389, 10.146,  0.107,3750418.9,  1,  22.2,   0.9, 0.100
2025-11-12 10:55:14,        0,  31.9,   8.6,  25.2, 11.515, 11.473,  0.139,3761972.9,  1,  22.2,   0.8, 0.100
2025-11-12 10:55:15,        0,  31.3,   7.0,  25.3, 10.645, 10.451,  0.112,3771046.7,  1,  22.2,   0.8, 0.100
2025-11-12 10:55:16,        0,  32.6,  10.7,  25.2,  8.832,  8.334,  0.075,3779123.5,  1,  22.2,   0.8, 0.100
2025-11-12 10:55:17,        0,  31.8,   8.5,  25.2, 10.554, 10.347,  0.112,3792119.7,  1,  22.2,   0.8, 0.100
2025-11-12 10:55:18,        0,  32.3,  10.0,  25.2, 10.545, 10.340,  0.109,3802157.8,  1,  22.2,   0.8, 0.100
2025-11-12 10:55:19,        0,  30.8,   5.3,  25.2,  8.969,  8.496,  0.083,3811834.8,  1,  22.2,   0.8, 0.100
2025-11-12 10:55:20,        0,  31.1,   6.3,  25.2,  8.766,  8.267,  0.074,3820536.0,  1,  22.2,   0.8, 0.100
2025-11-12 10:55:21,        0,  31.1,   6.3,  25.2,  9.485,  9.103,  0.086,3828717.6,  1,  22.2,   0.8, 0.100
2025-11-12 10:55:22,        0,  31.8,   8.3,  25.2,  9.422,  9.031,  0.085,3837424.7,  1,  22.2,   0.8, 0.100
2025-11-12 10:55:23,        0,  30.5,   4.4,  25.2,  6.399,  5.518,  0.037,3844870.8,  1,  22.2,   0.9, 0.100
2025-11-12 10:55:24,        0,  31.5,   7.6,  25.2,  9.208,  8.790,  0.084,3853174.7,  1,  22.2,   0.9, 0.100
2025-11-12 10:55:25,        0,  30.9,   5.6,  25.3,  6.256,  5.352,  0.034,3859570.1,  1,  22.2,   0.8, 0.100
2025-11-12 10:55:26,        0,  29.5,   1.4,  25.3,  5.708,  4.726,  0.030,3864473.9,  1,  22.2,   0.9, 0.100
2025-11-12 10:55:27,        0,  31.2,   6.7,  25.2, 11.165, 11.092,  0.124,3872336.2,  1,  22.2,   0.9, 0.100
2025-11-12 10:55:28,        0,  32.4,  10.2,  25.3,  9.572,  9.221,  0.088,3881156.0,  1,  22.2,   0.9, 0.100
2025-11-12 10:55:29,        0,  32.1,   9.3,  25.2,  7.443,  6.750,  0.058,3889120.5,  1,  22.2,   0.9, 0.100
2025-11-12 10:55:30,        0,  30.8,   5.3,  25.3,  6.621,  5.806,  0.046,3898136.1,  1,  22.2,   0.8, 0.100
2025-11-12 10:55:31,        0,  30.4,   4.2,  25.2,  8.345,  7.789,  0.065,3905028.5,  1,  22.2,   0.8, 0.100
2025-11-12 10:55:32,        0,  29.3,   0.9,  25.2,  8.049,  7.452,  0.060,3911134.3,  1,  22.2,   0.9, 0.100
2025-11-12 10:55:33,        0,  29.9,   2.7,  25.2,  6.041,  5.119,  0.031,3914296.8,  1,  22.2,   0.8, 0.100
2025-11-12 10:55:34,        0,  30.1,   3.2,  25.3,  7.255,  6.532,  0.048,3919597.9,  1,  22.2,   0.8, 0.100
2025-11-12 10:55:35,        0,  31.2,   6.5,  25.2,  9.304,  8.922,  0.083,3926682.3,  1,  22.2,   0.8, 0.100
2025-11-12 10:55:36,        0,  31.9,   8.6,  25.3,  7.510,  6.828,  0.052,3933024.9,  1,  22.2,   0.8, 0.100
2025-11-12 10:55:37,        0,  30.5,   4.6,  25.3,  7.326,  6.615,  0.049,3941856.1,  1,  22.2,   0.8, 0.100
2025-11-12 10:55:38,        0,  30.8,   5.3,  25.2,  7.254,  6.539,  0.048,3948718.8,  1,  22.2,   0.8, 0.100
2025-11-12 10:55:39,        0,  30.5,   4.4,  25.2,  5.323,  4.308,  0.026,3953755.0,  1,  22.2,   0.8, 0.100
2025-11-12 10:55:40,        0,  29.9,   2.8,  25.2,  7.240,  6.518,  0.047,3959592.6,  1,  22.2,   0.8, 0.100
2025-11-12 10:55:41,        0,  30.7,   5.1,  25.2,  5.496,  4.527,  0.028,3964716.5,  1,  22.2,   0.8, 0.100
2025-11-12 10:55:42,        0,  30.6,   4.8,  25.2,  6.244,  5.369,  0.034,3970256.1,  1,  22.2,   0.8, 0.100
2025-11-12 10:55:43,        0,  29.8,   2.3,  25.2,  7.586,  6.924,  0.053,3975478.0,  1,  22.2,   0.8, 0.100
2025-11-12 10:55:44,        0,  30.5,   4.4,  25.2,  5.433,  4.492,  0.027,3978945.6,  1,  22.2,   0.8, 0.100
2025-11-12 10:55:45,        0,  30.8,   5.5,  25.2,  6.513,  5.688,  0.038,3984254.3,  1,  22.2,   0.9, 0.100
2025-11-12 10:55:46,        0,  30.5,   4.4,  25.2,  7.290,  6.592,  0.048,3990429.6,  1,  22.2,   0.9, 0.100
2025-11-12 10:55:47,        0,  30.1,   3.2,  25.2,  5.833,  4.906,  0.029,3996436.9,  1,  22.2,   0.8, 0.100
2025-11-12 10:55:48,        0,  30.4,   4.1,  25.2,  7.243,  6.539,  0.047,4002023.1,  1,  22.2,   0.8, 0.100
2025-11-12 10:55:49,        0,  30.6,   4.9,  25.2,  4.355,  3.220,  0.017,4006212.8,  1,  22.2,   0.9, 0.100
2025-11-12 10:55:50,        0,  29.4,   1.3,  25.2,  5.687,  4.739,  0.027,4011118.3,  1,  22.2,   0.8, 0.100
2025-11-12 10:55:51,        0,  30.4,   4.1,  25.2,  5.598,  4.640,  0.026,4015774.4,  1,  22.2,   0.8, 0.100
2025-11-12 10:55:52,        0,  30.6,   4.8,  25.2,  5.092,  4.058,  0.022,4019045.0,  1,  22.2,   0.8, 0.100
2025-11-12 10:55:53,        0,  29.5,   1.6,  25.2,  6.185,  5.319,  0.033,4024098.1,  1,  22.2,   0.8, 0.100
2025-11-12 10:55:54,        0,  30.4,   4.1,  25.2,  1.392,  0.112,  0.000,4026414.4,  1,  22.2,   0.8, 0.100
2025-11-12 10:55:55,        0,  29.9,   2.8,  25.2,  5.994,  5.103,  0.031,4030998.9,  1,  22.2,   0.8, 0.100
2025-11-12 10:55:56,        0,  29.5,   1.4,  25.3,  5.586,  4.631,  0.026,4035242.6,  1,  22.2,   0.8, 0.100
2025-11-12 10:55:57,        0,  29.9,   2.8,  25.3,  1.543,  0.219,  0.000,4036001.6,  1,  22.2,   0.8, 0.100
2025-11-12 10:55:58,        0,  30.2,   3.5,  25.2,  5.637,  4.692,  0.026,4041165.3,  1,  22.2,   0.8, 0.100
2025-11-12 10:55:59,        0,  29.9,   2.8,  25.2,  5.615,  4.667,  0.026,4045538.6,  1,  22.2,   0.8, 0.100
2025-11-12 10:56:00,        0,  29.7,   2.1,  25.2,  5.740,  4.814,  0.028,4049843.5,  1,  22.2,   0.9, 0.100
2025-11-12 10:56:01,        0,  29.7,   2.1,  25.2,  5.057,  4.049,  0.022,4052872.3,  1,  22.2,   0.9, 0.100
2025-11-12 10:56:02,        0,  29.7,   2.1,  25.3,  2.475,  1.307,  0.007,4054015.6,  1,  22.2,   0.8, 0.100
2025-11-12 10:56:03,        0,  29.9,   2.8,  25.2,  1.430,  0.141,  0.000,4054627.5,  1,  22.2,   0.8, 0.100
2025-11-12 10:56:04,        0,  29.7,   2.0,  25.2,  4.532,  3.440,  0.017,4056692.8,  1,  22.2,   0.8, 0.100
2025-11-12 10:56:05,        0,  30.1,   3.4,  25.2,  1.443,  0.320,  0.002,4057810.9,  1,  22.2,   0.8, 0.100
2025-11-12 10:56:06,        0,  30.1,   3.2,  25.2,  5.934,  5.053,  0.030,4062408.8,  1,  22.2,   0.9, 0.100
2025-11-12 10:56:07,        0,  29.9,   2.7,  25.2,  5.902,  5.011,  0.030,4066966.9,  1,  22.2,   0.8, 0.100
2025-11-12 10:56:08,        0,  30.1,   3.4,  25.2,  5.755,  4.839,  0.028,4071880.4,  1,  22.2,   0.8, 0.100
2025-11-12 10:56:09,        0,  29.8,   2.5,  25.2,  1.758,  0.414,  0.001,4073939.4,  1,  22.2,   0.8, 0.100
2025-11-12 10:56:10,        0,  28.5,   0.0,  25.2,  3.433,  2.363,  0.012,4075117.9,  1,  22.2,   0.9, 0.100
2025-11-12 10:56:11,        0,  30.2,   3.5,  25.2,  1.304,  0.067,  0.000,4075351.3,  1,  22.2,   0.8, 0.100
2025-11-12 10:56:12,        0,  29.7,   2.0,  25.2,  1.604,  0.294,  0.001,4078181.9,  1,  22.2,   0.9, 0.100
2025-11-12 10:56:13,        0,  29.8,   2.5,  25.2,  1.572,  0.250,  0.000,4078705.7,  1,  22.2,   0.8, 0.100
2025-11-12 10:56:14,        0,  29.9,   2.8,  25.2,  2.925,  1.900,  0.010,4079532.2,  1,  22.2,   0.9, 0.100
2025-11-12 10:56:15,        0,  30.1,   3.2,  25.2,  5.809,  4.915,  0.029,4084858.5,  1,  22.2,   0.9, 0.100
2025-11-12 10:56:16,        0,  30.2,   3.7,  25.2,  5.361,  4.395,  0.024,4089057.8,  1,  22.2,   0.8, 0.100
2025-11-12 10:56:17,        0,  29.4,   1.3,  25.2,  5.039,  4.027,  0.021,4092811.2,  1,  22.2,   0.9, 0.100
2025-11-12 10:56:18,        0,  30.0,   3.0,  25.2,  5.022,  4.064,  0.023,4094844.3,  1,  22.2,   0.9, 0.100
2025-11-12 10:56:19,        0,  29.4,   1.3,  25.2,  2.082,  0.745,  0.002,4096643.9,  1,  22.2,   0.9, 0.100
2025-11-12 10:56:20,        0,  29.7,   2.1,  25.2,  1.324,  0.188,  0.001,4097389.4,  1,  22.2,   0.9, 0.100
2025-11-12 10:56:21,        0,  29.7,   2.1,  25.2,  2.390,  1.177,  0.006,4098249.4,  1,  22.2,   1.0, 0.100
2025-11-12 10:56:22,        0,  29.5,   1.6,  25.2,  1.158,  0.018,  0.000,4098290.5,  1,  22.2,   1.0, 0.100
2025-11-12 10:56:23,        0,  29.8,   2.5,  25.2,  5.531,  4.611,  0.026,4100585.0,  1,  22.2,   1.0, 0.100
2025-11-12 10:56:24,        0,  29.8,   2.5,  25.2,  4.124,  3.025,  0.016,4103687.6,  1,  22.2,   1.0, 0.100
2025-11-12 10:56:25,        0,  30.1,   3.2,  25.2,  5.345,  4.386,  0.023,4108746.9,  1,  22.2,   1.0, 0.100
2025-11-12 10:56:26,        0,  29.9,   2.7,  25.2,  2.405,  1.095,  0.003,4110837.4,  1,  22.2,   1.0, 0.100
2025-11-12 10:56:27,        0,  30.0,   3.0,  25.2,  1.176,  0.024,  0.000,4110865.0,  1,  22.2,   1.0, 0.100
2025-11-12 10:56:28,        0,  29.2,   0.7,  25.3,  3.901,  2.757,  0.013,4112525.5,  1,  22.2,   1.0, 0.100
2025-11-12 10:56:29,        0,  29.4,   1.3,  25.2,  1.119,  0.011,  0.000,4112546.8,  1,  22.2,   1.0, 0.100
2025-11-12 10:56:30,        0,  29.5,   1.6,  25.2,  0.997, -0.005,  0.000,4112543.1,  1,  22.2,   1.0, 0.100
2025-11-12 10:56:31,        0,  29.7,   2.0,  25.2,  0.954, -0.007,  0.000,4112536.8,  1,  22.2,   1.0, 0.100
2025-11-12 10:56:32,        0,  29.8,   2.5,  25.2,  2.159,  1.252,  0.007,4113217.8,  1,  22.2,   1.0, 0.100
2025-11-12 10:56:33,        0,  29.9,   2.8,  25.2,  1.525,  0.218,  0.000,4114291.1,  1,  22.2,   1.0, 0.100
2025-11-12 10:56:34,        0,  29.9,   2.7,  25.2,  5.327,  4.377,  0.023,4118417.9,  1,  22.2,   1.0, 0.100
2025-11-12 10:56:35,        0,  29.9,   2.8,  25.2,  5.411,  4.469,  0.024,4122594.7,  1,  22.2,   1.0, 0.100
2025-11-12 10:56:36,        0,  29.3,   0.9,  25.2,  1.747,  0.414,  0.001,4124397.2,  1,  22.2,   1.0, 0.100
2025-11-12 10:56:37,        0,  29.7,   2.0,  25.2,  1.146,  0.016,  0.000,4124409.3,  1,  22.2,   1.0, 0.100
2025-11-12 10:56:38,        0,  29.5,   1.4,  25.2,  1.006, -0.004,  0.000,4124406.4,  1,  22.2,   1.0, 0.100
2025-11-12 10:56:39,        0,  29.6,   1.8,  25.2,  0.938, -0.007,  0.000,4124399.3,  1,  22.2,   1.0, 0.100
2025-11-12 10:56:40,        0,  29.9,   2.8,  25.2,  0.903, -0.007,  0.000,4124392.1,  1,  22.2,   1.0, 0.100
2025-11-12 10:56:41,        0,  29.9,   2.7,  25.2,  3.341,  2.141,  0.009,4126434.4,  1,  22.2,   1.0, 0.100
2025-11-12 10:56:42,        0,  29.8,   2.5,  25.2,  1.201,  0.029,  0.000,4126461.6,  1,  22.2,   1.0, 0.100
2025-11-12 10:56:43,        0,  29.8,   2.3,  25.2,  1.199,  0.197,  0.001,4127770.1,  1,  22.2,   1.0, 0.100
2025-11-12 10:56:44,        0,  29.9,   2.8,  25.2,  3.615,  2.460,  0.012,4130243.1,  1,  22.2,   0.9, 0.100
2025-11-12 10:56:45,        0,  29.6,   1.8,  25.2,  5.339,  4.391,  0.023,4133910.2,  1,  22.2,   1.0, 0.100
2025-11-12 10:56:46,        0,  29.6,   1.8,  25.2,  1.186,  0.027,  0.000,4134250.9,  1,  22.2,   0.9, 0.100
2025-11-12 10:56:47,        0,  29.7,   2.0,  25.2,  1.049,  0.001,  0.000,4134254.3,  1,  22.2,   0.9, 0.100
2025-11-12 10:56:48,        0,  29.8,   2.5,  25.2,  0.983, -0.005,  0.000,4134250.1,  1,  22.2,   0.9, 0.100
2025-11-12 10:56:49,        0,  29.6,   1.8,  25.2,  0.919, -0.007,  0.000,4134242.6,  1,  22.2,   0.9, 0.100
2025-11-12 10:56:50,        0,  29.9,   2.8,  25.2,  0.883, -0.007,  0.000,4134235.4,  1,  22.2,   0.9, 0.100
2025-11-12 10:56:51,        0,  29.9,   2.7,  25.2,  5.127,  4.156,  0.022,4136875.7,  1,  22.2,   0.9, 0.100
2025-11-12 10:56:52,        0,  29.4,   1.1,  25.2,  5.319,  4.375,  0.023,4140720.1,  1,  22.2,   0.9, 0.100
2025-11-12 10:56:53,        0,  30.0,   3.0,  25.2,  2.475,  1.285,  0.007,4143355.8,  1,  22.2,   0.9, 0.100
2025-11-12 10:56:54,        0,  29.8,   2.5,  25.2,  1.791,  0.466,  0.001,4145128.6,  1,  22.2,   0.9, 0.100
2025-11-12 10:56:55,        0,  29.5,   1.6,  25.2,  1.137,  0.017,  0.000,4145151.2,  1,  22.2,   0.9, 0.100
2025-11-12 10:56:56,        0,  29.6,   1.8,  25.2,  0.992, -0.003,  0.000,4145149.5,  1,  22.2,   0.9, 0.100
2025-11-12 10:56:57,        0,  29.4,   1.1,  25.2,  0.941, -0.005,  0.000,4145144.5,  1,  22.2,   0.9, 0.100
2025-11-12 10:56:58,        0,  29.5,   1.6,  25.2,  0.901, -0.007,  0.000,4145137.8,  1,  22.2,   0.9, 0.100
2025-11-12 10:56:59,        0,  29.7,   2.0,  25.2,  0.849, -0.007,  0.000,4145131.1,  1,  22.2,   0.8, 0.100
2025-11-12 10:57:00,        0,  29.8,   2.3,  25.2,  0.820, -0.008,  0.000,4145122.7,  1,  22.2,   0.8, 0.100
2025-11-12 10:57:01,        0,  29.8,   2.3,  25.2,  0.782, -0.008,  0.000,4145115.6,  1,  22.2,   0.8, 0.100
2025-11-12 10:57:02,        0,  29.7,   2.1,  25.2,  0.758, -0.007,  0.000,4145108.0,  1,  22.2,   0.8, 0.100
2025-11-12 10:57:03,        0,  29.9,   2.7,  25.1,  0.728, -0.007,  0.000,4145133.2,  1,  22.2,   0.8, 0.100
2025-11-12 10:57:04,        0,  29.9,   2.6,  25.2,  3.844,  2.713,  0.012,4148080.7,  1,  22.2,   0.8, 0.100
2025-11-12 10:57:05,        0,  29.8,   2.5,  25.2,  5.314,  4.377,  0.023,4152193.7,  1,  22.2,   0.8, 0.100
2025-11-12 10:57:06,        0,  29.5,   1.6,  25.2,  2.592,  1.400,  0.007,4154140.4,  1,  22.2,   0.8, 0.100
2025-11-12 10:57:07,        0,  29.7,   2.0,  25.2,  1.368,  0.114,  0.000,4154563.2,  1,  22.2,   0.9, 0.100
2025-11-12 10:57:08,        0,  29.0,   0.0,  25.2,  1.034,  0.001,  0.000,4154567.4,  1,  22.2,   0.8, 0.100
2025-11-12 10:57:09,        0,  29.4,   1.3,  25.2,  0.967, -0.004,  0.000,4154564.1,  1,  22.2,   0.9, 0.100
2025-11-12 10:57:10,        0,  29.6,   1.8,  25.2,  0.897, -0.006,  0.000,4154557.4,  1,  22.2,   0.8, 0.100
2025-11-12 10:57:11,        0,  29.7,   2.0,  25.2,  0.861, -0.007,  0.000,4154551.1,  1,  22.2,   0.9, 0.100
2025-11-12 10:57:12,        0,  29.8,   2.3,  25.2,  0.828, -0.007,  0.000,4154544.4,  1,  22.2,   0.9, 0.100
2025-11-12 10:57:13,        0,  29.6,   1.9,  25.2,  0.783, -0.007,  0.000,4154538.1,  1,  22.2,   0.9, 0.100
2025-11-12 10:57:14,        0,  29.8,   2.5,  25.2,  0.758, -0.007,  0.000,4154529.7,  1,  22.2,   0.9, 0.100
2025-11-12 10:57:15,        0,  29.8,   2.3,  25.2,  0.725, -0.007,  0.000,4154522.6,  1,  22.2,   0.9, 0.100
2025-11-12 10:57:16,        0,  29.8,   2.3,  25.2,  0.705, -0.008,  0.000,4154515.5,  1,  22.2,   1.0, 0.100
2025-11-12 10:57:17,        0,  29.9,   2.7,  25.2,  0.679, -0.007,  0.000,4154507.1,  1,  22.2,   0.9, 0.100
2025-11-12 10:57:18,        0,  29.9,   2.8,  25.2,  2.013,  1.294,  0.007,4156060.2,  1,  22.2,   1.0, 0.100
2025-11-12 10:57:19,        0,  29.9,   2.8,  25.2,  5.309,  4.371,  0.023,4160108.7,  1,  22.2,   0.9, 0.100
2025-11-12 10:57:20,        0,  29.7,   2.1,  25.2,  1.822,  0.502,  0.001,4162246.1,  1,  22.2,   1.0, 0.100
2025-11-12 10:57:21,        0,  29.6,   1.8,  25.2,  1.136,  0.017,  0.000,4162262.0,  1,  22.2,   0.9, 0.100
2025-11-12 10:57:22,        0,  29.7,   2.0,  25.2,  0.982, -0.002,  0.000,4162261.2,  1,  22.2,   0.9, 0.100
2025-11-12 10:57:23,        0,  29.4,   1.1,  25.2,  0.929, -0.005,  0.000,4162256.1,  1,  22.2,   0.9, 0.100
2025-11-12 10:57:24,        0,  29.5,   1.6,  25.2,  0.866, -0.007,  0.000,4162249.0,  1,  22.2,   0.9, 0.100
2025-11-12 10:57:25,        0,  29.5,   1.4,  25.2,  0.831, -0.006,  0.000,4162242.7,  1,  22.2,   0.9, 0.100
2025-11-12 10:57:26,        0,  29.6,   1.8,  25.1,  0.801, -0.007,  0.000,4162236.0,  1,  22.2,   0.9, 0.100
2025-11-12 10:57:27,        0,  29.7,   2.1,  25.2,  0.759, -0.007,  0.000,4162228.1,  1,  22.2,   0.9, 0.100
2025-11-12 10:57:28,        0,  29.8,   2.3,  25.2,  0.735, -0.008,  0.000,4162221.4,  1,  22.2,   0.9, 0.100
2025-11-12 10:57:29,        0,  29.8,   2.3,  25.2,  0.702, -0.008,  0.000,4162214.6,  1,  22.2,   0.9, 0.100
2025-11-12 10:57:30,        0,  29.8,   2.5,  25.2,  0.683, -0.007,  0.000,4162207.9,  1,  22.2,   0.9, 0.100
2025-11-12 10:57:31,        0,  29.9,   2.7,  25.2,  0.658, -0.008,  0.000,4162200.0,  1,  22.2,   0.9, 0.100
2025-11-12 10:57:32,        0,  29.9,   2.8,  25.2,  0.643, -0.007,  0.000,4162192.9,  1,  22.2,   0.9, 0.100
2025-11-12 10:57:33,        0,  29.9,   2.7,  25.2,  5.309,  4.374,  0.023,4166010.0,  1,  22.2,   0.9, 0.100
2025-11-12 10:57:34,        0,  29.2,   0.6,  25.2,  4.630,  3.597,  0.018,4169883.7,  1,  22.2,   0.9, 0.100
2025-11-12 10:57:35,        0,  29.6,   1.8,  25.2,  1.254,  0.054,  0.000,4169945.7,  1,  22.2,   0.9, 0.100
2025-11-12 10:57:36,        0,  29.5,   1.4,  25.2,  1.010,  0.000,  0.000,4169949.1,  1,  22.2,   0.9, 0.100
2025-11-12 10:57:37,        0,  29.4,   1.3,  25.2,  0.944, -0.005,  0.000,4169945.3,  1,  22.2,   0.9, 0.100
2025-11-12 10:57:38,        0,  29.5,   1.4,  25.2,  0.878, -0.006,  0.000,4169938.6,  1,  22.2,   0.9, 0.100
2025-11-12 10:57:39,        0,  29.6,   1.8,  25.2,  0.841, -0.006,  0.000,4169932.3,  1,  22.2,   0.9, 0.100
2025-11-12 10:57:40,        0,  29.5,   1.6,  25.2,  0.807, -0.007,  0.000,4169926.0,  1,  22.2,   1.0, 0.100
2025-11-12 10:57:41,        0,  29.7,   2.0,  25.2,  0.763, -0.007,  0.000,4169918.5,  1,  22.2,   0.9, 0.100
2025-11-12 10:57:42,        0,  29.7,   2.0,  25.2,  0.738, -0.006,  0.000,4169912.2,  1,  22.2,   0.9, 0.100
2025-11-12 10:57:43,        0,  29.7,   2.0,  25.2,  0.702, -0.007,  0.000,4169906.3,  1,  22.2,   0.9, 0.100
2025-11-12 10:57:44,        0,  29.6,   1.8,  25.1,  0.683, -0.007,  0.000,4169899.6,  1,  22.2,   1.0, 0.100
2025-11-12 10:57:45,        0,  29.7,   2.0,  25.2,  0.657, -0.007,  0.000,4169891.2,  1,  22.2,   1.0, 0.100
2025-11-12 10:57:46,        0,  29.7,   2.1,  25.2,  0.642, -0.007,  0.000,4169884.5,  1,  22.2,   1.0, 0.100
2025-11-12 10:57:47,        0,  29.8,   2.5,  25.2,  0.628, -0.007,  0.000,4169877.4,  1,  22.2,   1.0, 0.100
2025-11-12 10:57:48,        0,  29.8,   2.5,  25.2,  0.608, -0.007,  0.000,4169869.4,  1,  22.2,   1.0, 0.100
2025-11-12 10:57:49,        0,  29.8,   2.3,  25.2,  0.596, -0.007,  0.000,4169862.3,  1,  22.2,   1.0, 0.100
2025-11-12 10:57:50,        0,  29.9,   2.7,  25.2,  0.579, -0.007,  0.000,4169856.0,  1,  22.2,   1.0, 0.100
2025-11-12 10:57:51,        0,  29.9,   2.6,  25.2,  0.569, -0.007,  0.000,4169849.3,  1,  22.2,   1.0, 0.100
2025-11-12 10:57:52,        0,  29.9,   2.8,  25.2,  5.315,  4.373,  0.023,4172959.4,  1,  22.2,   1.0, 0.100
2025-11-12 10:57:53,        0,  29.7,   2.1,  25.2,  5.261,  4.315,  0.023,4176504.1,  1,  22.2,   1.0, 0.100
2025-11-12 10:57:54,        0,  29.4,   1.3,  25.2,  1.321,  0.086,  0.000,4176629.0,  1,  22.2,   1.0, 0.100
2025-11-12 10:57:55,        0,  29.7,   2.1,  25.1,  1.019,  0.001,  0.000,4176634.5,  1,  22.2,   1.0, 0.100
2025-11-12 10:57:56,        0,  29.3,   0.9,  25.2,  0.949, -0.004,  0.000,4176630.7,  1,  22.2,   1.0, 0.100
2025-11-12 10:57:57,        0,  29.5,   1.6,  25.2,  0.880, -0.006,  0.000,4176624.8,  1,  22.2,   1.0, 0.100
2025-11-12 10:57:58,        0,  29.6,   1.8,  25.1,  0.842, -0.006,  0.000,4176618.5,  1,  22.2,   1.0, 0.100
2025-11-12 10:57:59,        0,  29.5,   1.6,  25.2,  0.791, -0.006,  0.000,4176611.4,  1,  22.2,   1.0, 0.100
2025-11-12 10:58:00,        0,  29.5,   1.6,  25.1,  0.762, -0.007,  0.000,4176605.1,  1,  22.2,   1.0, 0.100
2025-11-12 10:58:01,        0,  29.6,   1.8,  25.1,  0.735, -0.007,  0.000,4176598.4,  1,  22.2,   1.0, 0.100
2025-11-12 10:58:02,        0,  29.7,   2.0,  25.2,  0.699, -0.007,  0.000,4176592.5,  1,  22.2,   1.0, 0.100
2025-11-12 10:58:03,        0,  29.7,   2.0,  25.2,  0.678, -0.007,  0.000,4176584.2,  1,  22.2,   1.0, 0.100
2025-11-12 10:58:04,        0,  29.7,   2.0,  25.2,  0.651, -0.007,  0.000,4176577.9,  1,  22.2,   1.0, 0.100
2025-11-12 10:58:05,        0,  29.7,   2.1,  25.2,  0.634, -0.007,  0.000,4176571.2,  1,  22.2,   1.0, 0.100
2025-11-12 10:58:06,        0,  29.7,   2.0,  25.1,  0.612, -0.007,  0.000,4176563.6,  1,  22.2,   1.0, 0.100
2025-11-12 10:58:07,        0,  29.7,   2.1,  25.2,  0.598, -0.007,  0.000,4176556.9,  1,  22.2,   0.9, 0.100
2025-11-12 10:58:08,        0,  29.7,   2.1,  25.2,  0.585, -0.007,  0.000,4176551.1,  1,  22.2,   0.9, 0.100
2025-11-12 10:58:09,        0,  29.8,   2.3,  25.2,  0.567, -0.007,  0.000,4176544.4,  1,  22.2,   0.9, 0.100
2025-11-12 10:58:10,        0,  29.8,   2.3,  25.2,  0.557, -0.007,  0.000,4176536.4,  1,  22.2,   0.9, 0.100
2025-11-12 10:58:11,        0,  29.8,   2.3,  25.2,  0.542, -0.007,  0.000,4176529.7,  1,  22.2,   0.9, 0.100
2025-11-12 10:58:12,        0,  29.8,   2.5,  25.2,  0.533, -0.007,  0.000,4176523.8,  1,  22.2,   0.9, 0.100
2025-11-12 10:58:13,        0,  29.8,   2.3,  25.2,  0.520, -0.006,  0.000,4176516.7,  1,  22.2,   0.9, 0.100
2025-11-12 10:58:14,        0,  29.9,   2.7,  25.2,  0.511, -0.007,  0.000,4176510.4,  1,  22.2,   0.9, 0.100
2025-11-12 10:58:15,        0,  29.8,   2.5,  25.2,  5.310,  4.371,  0.023,4179300.3,  1,  22.2,   0.9, 0.100
2025-11-12 10:58:16,        0,  29.7,   2.1,  25.2,  1.164,  0.025,  0.000,4179398.8,  1,  22.2,   0.9, 0.100
2025-11-12 10:58:17,        0,  29.7,   2.1,  25.2,  1.018,  0.002,  0.000,4179400.9,  1,  22.2,   0.9, 0.100
2025-11-12 10:58:18,        0,  29.8,   2.3,  25.2,  0.913, -0.004,  0.000,4179397.6,  1,  22.3,   0.9, 0.100
2025-11-12 10:58:19,        0,  29.7,   2.1,  25.2,  0.866, -0.006,  0.000,4179391.7,  1,  22.2,   0.8, 0.100
2025-11-12 10:58:20,        0,  29.8,   2.5,  25.2,  0.807, -0.006,  0.000,4179385.0,  1,  22.2,   0.9, 0.100
2025-11-12 10:58:21,        0,  29.8,   2.5,  25.1,  0.773, -0.006,  0.000,4179379.5,  1,  22.2,   0.9, 0.100
2025-11-12 10:58:22,        0,  29.8,   2.3,  25.2,  0.744, -0.006,  0.000,4179373.2,  1,  22.2,   0.9, 0.100
2025-11-12 10:58:23,        0,  29.9,   2.7,  25.1,  0.705, -0.007,  0.000,4179365.7,  1,  22.2,   0.9, 0.100
2025-11-12 10:58:24,        0,  29.8,   2.5,  25.2,  0.682, -0.007,  0.000,4179359.4,  1,  22.2,   0.9, 0.100
2025-11-12 10:58:25,        0,  29.8,   2.3,  25.2,  0.651, -0.007,  0.000,4179353.1,  1,  22.2,   0.9, 0.100
2025-11-12 10:58:26,        0,  29.8,   2.5,  25.1,  0.633, -0.007,  0.000,4179346.8,  1,  22.2,   0.8, 0.100
2025-11-12 10:58:27,        0,  29.9,   2.7,  25.1,  4.925,  3.937,  0.020,4181174.1,  1,  22.2,   0.9, 0.100
2025-11-12 10:58:28,        0,  29.9,   2.7,  25.2,  5.308,  4.375,  0.023,4185191.1,  1,  22.2,   0.8, 0.100
2025-11-12 10:58:29,        0,  29.7,   2.1,  25.2,  3.279,  2.086,  0.009,4187259.8,  1,  22.2,   0.8, 0.100
2025-11-12 10:58:30,        0,  29.5,   1.4,  25.2,  1.092,  0.011,  0.000,4187289.1,  1,  22.2,   0.8, 0.100
2025-11-12 10:58:31,        0,  28.9,   0.0,  25.1,  0.988, -0.001,  0.000,4187288.3,  1,  22.2,   0.8, 0.100
2025-11-12 10:58:32,        0,  29.2,   0.6,  25.2,  0.929, -0.005,  0.000,4187283.2,  1,  22.2,   0.8, 0.100
2025-11-12 10:58:33,        0,  29.4,   1.1,  25.1,  0.863, -0.006,  0.000,4187275.7,  1,  22.2,   0.8, 0.100
2025-11-12 10:58:34,        0,  29.4,   1.3,  25.1,  0.811, -0.007,  0.000,4187270.3,  1,  22.2,   0.8, 0.100
2025-11-12 10:58:35,        0,  29.4,   1.3,  25.2,  0.779, -0.006,  0.000,4187264.4,  1,  22.3,   0.8, 0.100
2025-11-12 10:58:36,        0,  29.5,   1.4,  25.1,  0.750, -0.007,  0.000,4187257.7,  1,  22.2,   0.9, 0.100
2025-11-12 10:58:37,        0,  29.4,   1.3,  25.2,  0.711, -0.007,  0.000,4187250.1,  1,  22.2,   0.9, 0.100
2025-11-12 10:58:38,        0,  29.5,   1.4,  25.1,  0.688, -0.007,  0.000,4187243.4,  1,  22.2,   0.9, 0.100
2025-11-12 10:58:39,        0,  29.5,   1.4,  25.1,  0.668, -0.007,  0.000,4187236.7,  1,  22.2,   0.9, 0.100
2025-11-12 10:58:40,        0,  29.5,   1.6,  25.1,  0.639, -0.007,  0.000,4187229.6,  1,  22.2,   0.9, 0.100
2025-11-12 10:58:41,        0,  29.5,   1.6,  25.1,  0.615, -0.007,  0.000,4187222.9,  1,  22.3,   0.9, 0.100
2025-11-12 10:58:42,        0,  29.5,   1.6,  25.2,  0.601, -0.007,  0.000,4187216.6,  1,  22.2,   0.9, 0.100
2025-11-12 10:58:43,        0,  29.5,   1.6,  25.2,  0.588, -0.007,  0.000,4187210.7,  1,  22.2,   0.9, 0.100
2025-11-12 10:58:44,        0,  29.5,   1.6,  25.1,  0.569, -0.007,  0.000,4187202.8,  1,  22.2,   0.9, 0.100
2025-11-12 10:58:45,        0,  29.6,   1.8,  25.1,  0.557, -0.007,  0.000,4187196.9,  1,  22.2,   0.9, 0.100
2025-11-12 10:58:46,        0,  29.7,   2.0,  25.1,  0.546, -0.007,  0.000,4187190.6,  1,  22.2,   0.9, 0.100
2025-11-12 10:58:47,        0,  29.6,   1.8,  25.2,  0.531, -0.007,  0.000,4187183.1,  1,  22.3,   0.9, 0.100
2025-11-12 10:58:48,        0,  29.6,   1.8,  25.2,  0.522, -0.006,  0.000,4187177.2,  1,  22.2,   0.9, 0.100
2025-11-12 10:58:49,        0,  29.7,   2.1,  25.2,  0.508, -0.006,  0.000,4187170.9,  1,  22.3,   0.9, 0.100
2025-11-12 10:58:50,        0,  29.8,   2.3,  25.1,  0.500, -0.006,  0.000,4187165.1,  1,  22.3,   0.9, 0.100
2025-11-12 10:58:51,        0,  29.7,   2.0,  25.1,  0.488, -0.006,  0.000,4187157.9,  1,  22.2,   1.0, 0.100
2025-11-12 10:58:52,        0,  29.7,   2.1,  25.1,  0.480, -0.006,  0.000,4187152.9,  1,  22.2,   1.0, 0.100
2025-11-12 10:58:53,        0,  29.7,   2.1,  25.2,  0.473, -0.006,  0.000,4187147.0,  1,  22.2,   1.0, 0.100
2025-11-12 10:58:54,        0,  29.7,   2.1,  25.1,  0.462, -0.005,  0.000,4187140.8,  1,  22.3,   1.0, 0.100
2025-11-12 10:58:55,        0,  29.8,   2.3,  25.1,  0.457, -0.006,  0.000,4187135.3,  1,  22.3,   0.9, 0.100
2025-11-12 10:58:56,        0,  29.8,   2.3,  25.1,  0.446, -0.006,  0.000,4187129.9,  1,  22.2,   1.0, 0.100
2025-11-12 10:58:57,        0,  29.8,   2.3,  25.1,  0.441, -0.005,  0.000,4187124.4,  1,  22.2,   1.0, 0.100
2025-11-12 10:58:58,        0,  29.7,   2.1,  25.1,  0.432, -0.005,  0.000,4187118.1,  1,  22.2,   0.9, 0.100
2025-11-12 10:58:59,        0,  29.8,   2.3,  25.2,  0.426, -0.006,  0.000,4187112.7,  1,  22.3,   0.9, 0.100
2025-11-12 10:59:00,        0,  29.8,   2.5,  25.1,  0.421, -0.005,  0.000,4187108.1,  1,  22.3,   0.9, 0.100
2025-11-12 10:59:01,        0,  29.8,   2.3,  25.1,  0.413, -0.005,  0.000,4187101.8,  1,  22.3,   0.9, 0.100
2025-11-12 10:59:02,        0,  29.8,   2.3,  25.1,  0.408, -0.005,  0.000,4187097.2,  1,  22.2,   0.9, 0.100
2025-11-12 10:59:03,        0,  29.8,   2.5,  25.2,  0.400, -0.006,  0.000,4187092.1,  1,  22.2,   0.9, 0.100
2025-11-12 10:59:04,        0,  29.8,   2.5,  25.1,  0.396, -0.005,  0.000,4187087.1,  1,  22.2,   0.9, 0.100
2025-11-12 10:59:05,        0,  29.9,   2.7,  25.1,  0.389, -0.005,  0.000,4187081.2,  1,  22.2,   0.9, 0.100
2025-11-12 10:59:06,        0,  29.8,   2.5,  25.1,  0.385, -0.005,  0.000,4187440.0,  1,  22.2,   0.9, 0.100
2025-11-12 10:59:07,        0,  29.9,   2.7,  25.1,  1.507,  0.217,  0.000,4188986.0,  1,  22.2,   0.9, 0.100
2025-11-12 10:59:08,        0,  29.8,   2.5,  25.1,  5.311,  4.376,  0.023,4194008.9,  1,  22.2,   0.9, 0.100
2025-11-12 10:59:09,        0,  28.4,   0.0,  25.1,  2.441,  1.155,  0.004,4195160.6,  1,  22.2,   0.9, 0.100
2025-11-12 10:59:10,        0,  29.7,   2.1,  25.1,  1.071,  0.009,  0.000,4195176.1,  1,  22.3,   0.9, 0.100
2025-11-12 10:59:11,        0,  29.1,   0.4,  25.1,  0.974, -0.001,  0.000,4195174.8,  1,  22.2,   0.9, 0.100
2025-11-12 10:59:12,        0,  29.4,   1.1,  25.1,  0.891, -0.006,  0.000,4195169.8,  1,  22.3,   0.9, 0.100
2025-11-12 10:59:13,        0,  29.4,   1.1,  25.1,  0.850, -0.006,  0.000,4195164.3,  1,  22.2,   0.9, 0.100
2025-11-12 10:59:14,        0,  29.4,   1.2,  25.1,  0.812, -0.006,  0.000,4195158.5,  1,  22.2,   0.9, 0.100
2025-11-12 10:59:15,        0,  29.4,   1.3,  25.1,  0.763, -0.006,  0.000,4195151.8,  1,  22.2,   0.9, 0.100
2025-11-12 10:59:16,        0,  29.4,   1.3,  25.2,  0.734, -0.007,  0.000,4195145.5,  1,  22.2,   0.9, 0.100
2025-11-12 10:59:17,        0,  29.5,   1.4,  25.1,  0.697, -0.007,  0.000,4195139.6,  1,  22.2,   0.9, 0.100
2025-11-12 10:59:18,        0,  29.5,   1.4,  25.1,  0.675, -0.007,  0.000,4195131.6,  1,  22.3,   0.9, 0.100
2025-11-12 10:59:19,        0,  29.5,   1.4,  25.1,  0.644, -0.007,  0.000,4195125.8,  1,  22.2,   0.9, 0.100
2025-11-12 10:59:20,        0,  29.5,   1.4,  25.1,  0.626, -0.007,  0.000,4195119.5,  1,  22.2,   0.9, 0.100
2025-11-12 10:59:21,        0,  29.5,   1.6,  25.1,  0.610, -0.007,  0.000,4195113.2,  1,  22.2,   0.9, 0.100
2025-11-12 10:59:22,        0,  29.5,   1.4,  25.1,  0.587, -0.006,  0.000,4195106.1,  1,  22.2,   0.9, 0.100
2025-11-12 10:59:23,        0,  29.5,   1.4,  25.1,  0.573, -0.006,  0.000,4195099.8,  1,  22.2,   0.8, 0.100
2025-11-12 10:59:24,        0,  29.5,   1.4,  25.1,  0.554, -0.006,  0.000,4195093.9,  1,  22.2,   0.9, 0.100
2025-11-12 10:59:25,        0,  29.5,   1.6,  25.1,  0.542, -0.006,  0.000,4195087.6,  1,  22.2,   0.8, 0.100
2025-11-12 10:59:26,        0,  29.5,   1.6,  25.1,  0.525, -0.006,  0.000,4195081.8,  1,  22.2,   0.8, 0.100
2025-11-12 10:59:27,        0,  29.5,   1.4,  25.1,  0.515, -0.006,  0.000,4195075.9,  1,  22.3,   0.8, 0.100
2025-11-12 10:59:28,        0,  29.5,   1.4,  25.1,  0.504, -0.007,  0.000,4195069.6,  1,  22.2,   0.8, 0.100
2025-11-12 10:59:29,        0,  29.5,   1.6,  25.1,  0.490, -0.006,  0.000,4195062.9,  1,  22.2,   0.8, 0.100
2025-11-12 10:59:30,        0,  29.6,   1.8,  25.1,  0.482, -0.006,  0.000,4195057.5,  1,  22.2,   0.8, 0.100
2025-11-12 10:59:31,        0,  29.5,   1.6,  25.2,  0.470, -0.006,  0.000,4195052.0,  1,  22.2,   0.8, 0.100
2025-11-12 10:59:32,        0,  29.5,   1.4,  25.1,  0.462, -0.006,  0.000,4195044.9,  1,  22.2,   0.8, 0.100
2025-11-12 10:59:33,        0,  29.7,   2.0,  25.1,  0.451, -0.006,  0.000,4195039.9,  1,  22.2,   0.8, 0.100
2025-11-12 10:59:34,        0,  29.5,   1.6,  25.1,  0.443, -0.005,  0.000,4195034.4,  1,  22.2,   0.8, 0.100
2025-11-12 10:59:35,        0,  29.7,   2.0,  25.1,  0.434, -0.005,  0.000,4195028.1,  1,  22.2,   0.8, 0.100
2025-11-12 10:59:36,        0,  29.6,   1.8,  25.1,  0.427, -0.005,  0.000,4195023.1,  1,  22.2,   0.8, 0.100
2025-11-12 10:59:37,        0,  29.5,   1.6,  25.1,  0.422, -0.005,  0.000,4195018.5,  1,  22.2,   0.8, 0.100
2025-11-12 10:59:38,        0,  29.7,   2.0,  25.1,  0.412, -0.005,  0.000,4195013.5,  1,  22.2,   0.8, 0.100
2025-11-12 10:59:39,        0,  29.7,   2.1,  25.1,  0.407, -0.006,  0.000,4195006.8,  1,  22.2,   0.8, 0.100
2025-11-12 10:59:40,        0,  29.7,   2.1,  25.1,  0.399, -0.005,  0.000,4195002.1,  1,  22.2,   0.8, 0.100
2025-11-12 10:59:41,        0,  29.7,   2.0,  25.1,  0.394, -0.005,  0.000,4194997.1,  1,  22.2,   0.8, 0.100
2025-11-12 10:59:42,        0,  29.7,   2.1,  25.1,  0.387, -0.005,  0.000,4194991.7,  1,  22.2,   0.9, 0.100
2025-11-12 10:59:43,        0,  29.7,   2.1,  25.1,  0.381, -0.005,  0.000,4194986.2,  1,  22.2,   0.9, 0.100
2025-11-12 10:59:44,        0,  29.7,   2.1,  25.1,  0.377, -0.005,  0.000,4194982.0,  1,  22.2,   0.9, 0.100
2025-11-12 10:59:45,        0,  29.7,   2.1,  25.1,  0.371, -0.005,  0.000,4194977.4,  1,  22.2,   0.9, 0.100
2025-11-12 10:59:46,        0,  29.7,   2.1,  25.1,  0.367, -0.005,  0.000,4194972.0,  1,  22.2,   0.9, 0.100
2025-11-12 10:59:47,        0,  29.8,   2.3,  25.1,  0.360, -0.004,  0.000,4194967.4,  1,  22.2,   0.9, 0.100
2025-11-12 10:59:48,        0,  29.7,   2.1,  25.1,  0.356, -0.005,  0.000,4194963.2,  1,  22.2,   0.9, 0.100
2025-11-12 10:59:49,        0,  29.8,   2.3,  25.1,  0.351, -0.005,  0.000,4194957.7,  1,  22.2,   1.0, 0.100
2025-11-12 10:59:50,        0,  29.8,   2.3,  25.1,  0.346, -0.005,  0.000,4194953.5,  1,  22.2,   1.0, 0.100
2025-11-12 10:59:51,        0,  29.8,   2.3,  25.1,  0.342, -0.005,  0.000,4194949.3,  1,  22.2,   0.9, 0.100
2025-11-12 10:59:52,        0,  29.8,   2.5,  25.1,  0.339, -0.004,  0.000,4194944.7,  1,  22.2,   1.0, 0.100
2025-11-12 10:59:53,        0,  29.8,   2.5,  25.1,  0.334, -0.004,  0.000,4194940.1,  1,  22.2,   1.0, 0.100
2025-11-12 10:59:54,        0,  29.8,   2.5,  25.1,  0.328, -0.005,  0.000,4194935.9,  1,  22.2,   1.0, 0.100
2025-11-12 10:59:55,        0,  29.8,   2.5,  25.1,  0.326, -0.005,  0.000,4194931.3,  1,  22.2,   1.0, 0.100
2025-11-12 10:59:56,        0,  29.8,   2.5,  25.1,  0.320, -0.004,  0.000,4194926.7,  1,  22.2,   1.0, 0.100
2025-11-12 10:59:57,        0,  29.8,   2.5,  25.1,  0.317, -0.004,  0.000,4194922.5,  1,  22.2,   1.0, 0.100
2025-11-12 10:59:58,        0,  29.8,   2.5,  25.1,  0.314, -0.004,  0.000,4194918.7,  1,  22.2,   0.9, 0.100
2025-11-12 10:59:59,        0,  29.8,   2.5,  25.1,  0.310, -0.004,  0.000,4194915.0,  1,  22.2,   0.9, 0.100
2025-11-12 11:00:00,        0,  29.9,   2.7,  25.1,  0.307, -0.004,  0.000,4194909.9,  1,  22.2,   1.0, 0.100
2025-11-12 11:00:01,        0,  29.9,   2.7,  25.1,  5.315,  4.375,  0.023,4198928.6,  1,  22.2,   0.9, 0.099
2025-11-12 11:00:02,        0,  29.7,   2.0,  25.1,  3.501,  2.326,  0.010,4201623.0,  1,  22.2,   0.9, 0.100
2025-11-12 11:00:03,        0,  29.7,   2.0,  25.1,  1.092,  0.012,  0.000,4201671.6,  1,  22.2,   0.9, 0.100
2025-11-12 11:00:04,        0,  29.5,   1.4,  25.1,  0.985, -0.000,  0.000,4201672.5,  1,  22.2,   0.9, 0.100
2025-11-12 11:00:05,        0,  29.3,   0.9,  25.1,  0.920, -0.004,  0.000,4201668.3,  1,  22.2,   1.0, 0.100
2025-11-12 11:00:06,        0,  29.4,   1.3,  25.1,  0.872, -0.006,  0.000,4201662.4,  1,  22.2,   0.9, 0.100
2025-11-12 11:00:07,        0,  29.5,   1.4,  25.1,  0.814, -0.006,  0.000,4201655.7,  1,  22.2,   0.9, 0.100
2025-11-12 11:00:08,        0,  29.4,   1.3,  25.1,  0.762, -0.006,  0.000,4201650.2,  1,  22.2,   0.9, 0.100
2025-11-12 11:00:09,        0,  29.4,   1.3,  25.1,  0.732, -0.006,  0.000,4201644.0,  1,  22.2,   0.9, 0.100
2025-11-12 11:00:10,        0,  29.5,   1.6,  25.1,  0.694, -0.006,  0.000,4201636.8,  1,  22.2,   1.0, 0.100
2025-11-12 11:00:11,        0,  29.5,   1.6,  25.1,  0.670, -0.007,  0.000,4201630.5,  1,  22.2,   1.0, 0.100
2025-11-12 11:00:12,        0,  29.5,   1.4,  25.1,  0.648, -0.006,  0.000,4201624.7,  1,  22.2,   0.9, 0.100
2025-11-12 11:00:13,        0,  29.5,   1.6,  25.1,  0.628, -0.007,  0.000,4201619.2,  1,  22.2,   1.0, 0.100
2025-11-12 11:00:14,        0,  29.5,   1.6,  25.1,  0.602, -0.006,  0.000,4201612.1,  1,  22.2,   1.0, 0.100
2025-11-12 11:00:15,        0,  29.5,   1.6,  25.1,  0.578, -0.006,  0.000,4201605.8,  1,  22.2,   1.0, 0.100
2025-11-12 11:00:16,        0,  29.5,   1.6,  25.1,  0.563, -0.006,  0.000,4201600.4,  1,  22.2,   1.0, 0.100
2025-11-12 11:00:17,        0,  29.5,   1.4,  25.1,  0.543, -0.007,  0.000,4201593.3,  1,  22.2,   1.0, 0.100
2025-11-12 11:00:18,        0,  29.6,   1.8,  25.1,  0.530, -0.006,  0.000,4201587.8,  1,  22.2,   1.0, 0.100
2025-11-12 11:00:19,        0,  29.6,   1.8,  25.1,  0.519, -0.006,  0.000,4201581.9,  1,  22.2,   1.0, 0.100
2025-11-12 11:00:20,        0,  29.6,   1.8,  25.1,  0.502, -0.005,  0.000,4201575.6,  1,  22.2,   1.0, 0.100
2025-11-12 11:00:21,        0,  29.7,   2.0,  25.1,  0.492, -0.006,  0.000,4201570.6,  1,  22.2,   1.0, 0.100
2025-11-12 11:00:22,        0,  29.6,   1.8,  25.1,  0.482, -0.006,  0.000,4201564.8,  1,  22.2,   1.0, 0.100
2025-11-12 11:00:23,        0,  29.6,   1.8,  25.1,  0.468, -0.006,  0.000,4201558.9,  1,  22.2,   1.0, 0.100
2025-11-12 11:00:24,        0,  29.6,   1.8,  25.1,  0.456, -0.005,  0.000,4201553.0,  1,  22.2,   1.0, 0.100
2025-11-12 11:00:25,        0,  29.6,   1.8,  25.1,  0.448, -0.005,  0.000,4201547.6,  1,  22.2,   1.0, 0.100
2025-11-12 11:00:26,        0,  29.6,   1.8,  25.1,  0.440, -0.005,  0.000,4201542.5,  1,  22.2,   1.0, 0.100
2025-11-12 11:00:27,        0,  29.6,   1.8,  25.1,  0.429, -0.005,  0.000,4201536.7,  1,  22.2,   0.9, 0.100
2025-11-12 11:00:28,        0,  29.7,   2.0,  25.1,  0.423, -0.005,  0.000,4201532.1,  1,  22.2,   0.9, 0.100
2025-11-12 11:00:29,        0,  29.7,   2.1,  25.1,  0.416, -0.005,  0.000,4201526.6,  1,  22.2,   0.9, 0.100
2025-11-12 11:00:30,        0,  29.7,   2.0,  25.1,  0.406, -0.005,  0.000,4201522.0,  1,  22.2,   0.9, 0.100
2025-11-12 11:00:31,        0,  29.7,   2.1,  25.1,  0.398, -0.005,  0.000,4201516.1,  1,  22.2,   0.8, 0.100
2025-11-12 11:00:32,        0,  29.7,   2.1,  25.1,  0.392, -0.005,  0.000,4201511.9,  1,  22.2,   0.9, 0.100
2025-11-12 11:00:33,        0,  29.7,   2.0,  25.1,  0.386, -0.005,  0.000,4201506.5,  1,  22.2,   0.8, 0.100
2025-11-12 11:00:34,        0,  29.7,   2.1,  25.1,  0.379, -0.005,  0.000,4201501.5,  1,  22.2,   0.8, 0.100
2025-11-12 11:00:35,        0,  29.7,   2.0,  25.1,  0.373, -0.005,  0.000,4201496.4,  1,  22.2,   0.8, 0.100
2025-11-12 11:00:36,        0,  29.7,   2.1,  25.1,  0.369, -0.005,  0.000,4201492.2,  1,  22.2,   0.8, 0.100
2025-11-12 11:00:37,        0,  29.7,   2.1,  25.1,  0.361, -0.005,  0.000,4201488.1,  1,  22.2,   0.8, 0.100
2025-11-12 11:00:38,        0,  29.7,   2.1,  25.1,  0.357, -0.004,  0.000,4201483.4,  1,  22.2,   0.8, 0.100
2025-11-12 11:00:39,        0,  29.7,   2.1,  25.1,  0.350, -0.004,  0.000,4201478.8,  1,  22.2,   0.8, 0.100
2025-11-12 11:00:40,        0,  29.7,   2.1,  25.1,  0.346, -0.005,  0.000,4201474.6,  1,  22.2,   0.8, 0.100
2025-11-12 11:00:41,        0,  29.7,   2.1,  25.1,  0.340, -0.005,  0.000,4201469.6,  1,  22.2,   0.8, 0.100
2025-11-12 11:00:42,        0,  29.7,   2.1,  25.1,  0.335, -0.004,  0.000,4201465.0,  1,  22.2,   0.8, 0.100
2025-11-12 11:00:43,        0,  29.8,   2.3,  25.1,  0.332, -0.004,  0.000,4201460.8,  1,  22.2,   0.8, 0.100
2025-11-12 11:00:44,        0,  29.8,   2.5,  25.1,  0.325, -0.004,  0.000,4201456.6,  1,  22.2,   0.8, 0.100
2025-11-12 11:00:45,        0,  29.8,   2.3,  25.1,  0.322, -0.004,  0.000,4201452.9,  1,  22.2,   0.8, 0.100
2025-11-12 11:00:46,        0,  29.8,   2.3,  25.1,  0.317, -0.004,  0.000,4201449.1,  1,  22.2,   0.8, 0.100
2025-11-12 11:00:47,        0,  29.8,   2.3,  25.1,  0.313, -0.004,  0.000,4201445.3,  1,  22.2,   0.8, 0.100
2025-11-12 11:00:48,        0,  29.8,   2.5,  25.1,  0.308, -0.005,  0.000,4201440.3,  1,  22.2,   0.8, 0.100
2025-11-12 11:00:49,        0,  29.8,   2.5,  25.1,  0.305, -0.004,  0.000,4201436.9,  1,  22.2,   0.8, 0.100
2025-11-12 11:00:50,        0,  29.8,   2.3,  25.1,  0.303, -0.004,  0.000,4201433.2,  1,  22.2,   0.8, 0.100
2025-11-12 11:00:51,        0,  29.8,   2.5,  25.1,  0.298, -0.004,  0.000,4201429.0,  1,  22.2,   0.9, 0.100
2025-11-12 11:00:52,        0,  29.8,   2.3,  25.1,  0.295, -0.004,  0.000,4201425.2,  1,  22.2,   0.8, 0.100
2025-11-12 11:00:53,        0,  29.9,   2.7,  25.1,  0.289, -0.004,  0.000,4201421.4,  1,  22.2,   0.8, 0.100
2025-11-12 11:00:54,        0,  29.9,   2.7,  25.1,  0.287, -0.004,  0.000,4201783.9,  1,  22.2,   0.9, 0.100
2025-11-12 11:00:55,        0,  29.8,   2.5,  25.1,  5.315,  4.375,  0.023,4206707.5,  1,  22.2,   0.9, 0.100
2025-11-12 11:00:56,        0,  29.8,   2.3,  25.1,  1.374,  0.115,  0.000,4207053.6,  1,  22.2,   0.9, 0.100
2025-11-12 11:00:57,        0,  29.7,   2.0,  25.1,  1.080,  0.011,  0.000,4207063.7,  1,  22.2,   0.9, 0.100
2025-11-12 11:00:58,        0,  29.5,   1.6,  25.1,  0.939, -0.003,  0.000,4207061.2,  1,  22.2,   0.9, 0.100
2025-11-12 11:00:59,        0,  29.5,   1.4,  25.1,  0.884, -0.005,  0.000,4207056.6,  1,  22.2,   0.9, 0.100
2025-11-12 11:01:00,        0,  29.5,   1.4,  25.1,  0.820, -0.006,  0.000,4207050.7,  1,  22.2,   0.9, 0.100
2025-11-12 11:01:01,        0,  29.5,   1.6,  25.1,  0.784, -0.006,  0.000,4207045.7,  1,  22.2,   0.9, 0.100
2025-11-12 11:01:02,        0,  29.5,   1.6,  25.1,  0.736, -0.007,  0.000,4207038.6,  1,  22.2,   1.0, 0.100
2025-11-12 11:01:03,        0,  29.5,   1.6,  25.1,  0.709, -0.006,  0.000,4207032.7,  1,  22.2,   0.9, 0.100
2025-11-12 11:01:04,        0,  29.5,   1.6,  25.1,  0.683, -0.006,  0.000,4207026.8,  1,  22.2,   1.0, 0.100
2025-11-12 11:01:05,        0,  29.5,   1.6,  25.1,  0.648, -0.006,  0.000,4207019.7,  1,  22.2,   1.0, 0.100
2025-11-12 11:01:06,        0,  29.6,   1.8,  25.1,  0.628, -0.006,  0.000,4207014.2,  1,  22.2,   1.0, 0.100
2025-11-12 11:01:07,        0,  29.5,   1.6,  25.1,  0.600, -0.006,  0.000,4207008.4,  1,  22.2,   0.9, 0.100
2025-11-12 11:01:08,        0,  29.5,   1.6,  25.1,  0.583, -0.006,  0.000,4207002.5,  1,  22.2,   1.0, 0.100
2025-11-12 11:01:09,        0,  29.6,   1.8,  25.1,  0.560, -0.006,  0.000,4206995.8,  1,  22.2,   1.0, 0.100
2025-11-12 11:01:10,        0,  29.6,   1.8,  25.1,  0.546, -0.006,  0.000,4206990.4,  1,  22.2,   0.9, 0.100
2025-11-12 11:01:11,        0,  29.7,   2.0,  25.1,  0.532, -0.006,  0.000,4206984.9,  1,  22.2,   0.9, 0.100
2025-11-12 11:01:12,        0,  29.5,   1.6,  25.1,  0.514, -0.006,  0.000,4206978.2,  1,  22.2,   0.9, 0.100
2025-11-12 11:01:13,        0,  29.7,   2.0,  25.1,  0.502, -0.006,  0.000,4206972.8,  1,  22.2,   0.9, 0.100
2025-11-12 11:01:14,        0,  29.6,   1.8,  25.1,  0.486, -0.005,  0.000,4206967.3,  1,  22.2,   0.9, 0.100
2025-11-12 11:01:15,        0,  29.7,   2.0,  25.1,  0.477, -0.006,  0.000,4206961.0,  1,  22.2,   0.9, 0.100
2025-11-12 11:01:16,        0,  29.6,   1.9,  25.1,  0.463, -0.005,  0.000,4206956.0,  1,  22.2,   0.9, 0.100
2025-11-12 11:01:17,        0,  29.7,   2.0,  25.1,  0.454, -0.005,  0.000,4206951.0,  1,  22.2,   0.9, 0.100
2025-11-12 11:01:18,        0,  29.7,   2.0,  25.1,  0.445, -0.005,  0.000,4206946.4,  1,  22.2,   0.9, 0.100
2025-11-12 11:01:19,        0,  29.6,   1.9,  25.1,  0.433, -0.005,  0.000,4206940.1,  1,  22.2,   0.9, 0.100
2025-11-12 11:01:20,        0,  29.6,   1.9,  25.0,  0.426, -0.005,  0.000,4206935.5,  1,  22.2,   1.0, 0.100
2025-11-12 11:01:21,        0,  29.7,   2.0,  25.1,  0.416, -0.005,  0.000,4206930.8,  1,  22.2,   0.9, 0.100
2025-11-12 11:01:22,        0,  29.7,   2.1,  25.1,  0.409, -0.005,  0.000,4206925.0,  1,  22.2,   1.0, 0.100
2025-11-12 11:01:23,        0,  29.7,   2.1,  25.0,  0.399, -0.005,  0.000,4206919.9,  1,  22.2,   1.0, 0.100
2025-11-12 11:01:24,        0,  29.7,   2.0,  25.1,  0.392, -0.005,  0.000,4206915.3,  1,  22.2,   1.0, 0.100
2025-11-12 11:01:25,        0,  29.7,   2.0,  25.1,  0.387, -0.005,  0.000,4206911.1,  1,  22.2,   1.0, 0.100
2025-11-12 11:01:26,        0,  29.7,   2.1,  25.1,  0.379, -0.005,  0.000,4206905.3,  1,  22.2,   1.0, 0.100
2025-11-12 11:01:27,        0,  29.7,   2.0,  25.1,  0.372, -0.005,  0.000,4206901.1,  1,  22.2,   1.0, 0.100
2025-11-12 11:01:28,        0,  29.7,   2.0,  25.1,  0.365, -0.005,  0.000,4206896.5,  1,  22.2,   1.0, 0.100
2025-11-12 11:01:29,        0,  29.8,   2.3,  25.1,  0.360, -0.004,  0.000,4206891.5,  1,  22.2,   0.9, 0.100
2025-11-12 11:01:30,        0,  29.8,   2.3,  25.1,  0.353, -0.005,  0.000,4206886.8,  1,  22.2,   0.9, 0.100
2025-11-12 11:01:31,        0,  29.8,   2.3,  25.1,  0.348, -0.004,  0.000,4206883.1,  1,  22.2,   0.9, 0.100
2025-11-12 11:01:32,        0,  29.7,   2.1,  25.1,  0.343, -0.005,  0.000,4206878.5,  1,  22.2,   0.9, 0.100
2025-11-12 11:01:33,        0,  29.8,   2.3,  25.0,  0.336, -0.004,  0.000,4206873.4,  1,  22.2,   0.9, 0.100
2025-11-12 11:01:34,        0,  29.8,   2.5,  25.1,  0.332, -0.004,  0.000,4206869.7,  1,  22.2,   0.9, 0.100
2025-11-12 11:01:35,        0,  29.8,   2.3,  25.1,  0.326, -0.004,  0.000,4206865.9,  1,  22.2,   1.0, 0.100
2025-11-12 11:01:36,        0,  29.8,   2.3,  25.1,  0.322, -0.004,  0.000,4206860.9,  1,  22.2,   0.9, 0.100
2025-11-12 11:01:37,        0,  29.8,   2.3,  25.1,  0.317, -0.004,  0.000,4206857.5,  1,  22.2,   0.9, 0.100
2025-11-12 11:01:38,        0,  29.8,   2.3,  25.1,  0.312, -0.004,  0.000,4206853.3,  1,  22.2,   1.0, 0.100
2025-11-12 11:01:39,        0,  29.8,   2.3,  25.1,  0.310, -0.004,  0.000,4206849.5,  1,  22.2,   0.9, 0.100
2025-11-12 11:01:40,        0,  29.8,   2.3,  25.0,  0.304, -0.004,  0.000,4206845.4,  1,  22.2,   0.9, 0.100
2025-11-12 11:01:41,        0,  29.8,   2.3,  25.1,  0.301, -0.004,  0.000,4206841.6,  1,  22.2,   0.9, 0.100
2025-11-12 11:01:42,        0,  29.8,   2.3,  25.0,  0.297, -0.004,  0.000,4206837.8,  1,  22.2,   0.9, 0.100
2025-11-12 11:01:43,        0,  29.8,   2.5,  25.1,  0.293, -0.004,  0.000,4206833.2,  1,  22.2,   0.9, 0.100
2025-11-12 11:01:44,        0,  29.9,   2.6,  25.1,  0.288, -0.004,  0.000,4206829.4,  1,  22.2,   0.9, 0.100
2025-11-12 11:01:45,        0,  29.8,   2.5,  25.1,  0.285, -0.004,  0.000,4206825.7,  1,  22.2,   0.9, 0.100
2025-11-12 11:01:46,        0,  29.8,   2.5,  25.1,  0.281, -0.003,  0.000,4206821.5,  1,  22.2,   0.8, 0.100
2025-11-12 11:01:47,        0,  29.8,   2.5,  25.1,  0.279, -0.003,  0.000,4206818.1,  1,  22.2,   0.8, 0.100
2025-11-12 11:01:48,        0,  29.8,   2.5,  25.1,  0.276, -0.003,  0.000,4206814.8,  1,  22.2,   0.8, 0.100
2025-11-12 11:01:49,        0,  29.8,   2.5,  25.0,  0.273, -0.003,  0.000,4206811.4,  1,  22.2,   0.8, 0.100
2025-11-12 11:01:50,        0,  29.7,   2.1,  25.1,  0.269, -0.004,  0.000,4206807.6,  1,  22.2,   0.8, 0.100
2025-11-12 11:01:51,        0,  29.8,   2.5,  25.1,  0.265, -0.003,  0.000,4206803.9,  1,  22.2,   0.8, 0.100
2025-11-12 11:01:52,        0,  29.8,   2.3,  25.1,  0.263, -0.003,  0.000,4206800.9,  1,  22.2,   0.8, 0.100
2025-11-12 11:01:53,        0,  29.8,   2.5,  25.1,  0.260, -0.004,  0.000,4206796.7,  1,  22.2,   0.8, 0.100
2025-11-12 11:01:54,        0,  29.9,   2.7,  25.1,  0.257, -0.004,  0.000,4206793.8,  1,  22.2,   0.8, 0.100
2025-11-12 11:01:55,        0,  29.9,   2.7,  25.1,  5.316,  4.375,  0.023,4210354.0,  1,  22.2,   0.8, 0.100
2025-11-12 11:01:56,        0,  29.7,   2.0,  25.1,  5.312,  4.374,  0.023,4213767.5,  1,  22.2,   0.8, 0.100
2025-11-12 11:01:57,        0,  29.5,   1.6,  25.1,  1.204,  0.035,  0.000,4213865.6,  1,  22.2,   0.8, 0.100
2025-11-12 11:01:58,        0,  29.5,   1.6,  25.1,  0.989,  0.001,  0.000,4213869.0,  1,  22.2,   0.8, 0.100
2025-11-12 11:01:59,        0,  29.4,   1.3,  25.1,  0.922, -0.003,  0.000,4213866.0,  1,  22.2,   0.8, 0.100
2025-11-12 11:02:00,        0,  29.5,   1.4,  25.1,  0.851, -0.006,  0.000,4213860.2,  1,  22.2,   0.8, 0.100
2025-11-12 11:02:01,        0,  29.4,   1.3,  25.1,  0.810, -0.006,  0.000,4213854.3,  1,  22.2,   0.8, 0.100
2025-11-12 11:02:02,        0,  29.5,   1.4,  25.1,  0.776, -0.006,  0.000,4213848.4,  1,  22.2,   0.8, 0.100
2025-11-12 11:02:03,        0,  29.4,   1.2,  25.1,  0.744, -0.006,  0.000,4213843.0,  1,  22.2,   0.8, 0.100
2025-11-12 11:02:04,        0,  29.4,   1.3,  25.1,  0.701, -0.006,  0.000,4213836.3,  1,  22.2,   0.8, 0.100
2025-11-12 11:02:05,        0,  29.4,   1.3,  25.1,  0.675, -0.006,  0.000,4213830.4,  1,  22.2,   0.8, 0.100
2025-11-12 11:02:06,        0,  29.4,   1.2,  25.1,  0.641, -0.007,  0.000,4213824.5,  1,  22.2,   0.8, 0.100
2025-11-12 11:02:07,        0,  29.5,   1.4,  25.1,  0.612, -0.006,  0.000,4213817.4,  1,  22.2,   0.8, 0.101
2025-11-12 11:02:08,        0,  29.5,   1.4,  25.1,  0.594, -0.006,  0.000,4213812.0,  1,  22.2,   0.8, 0.100
2025-11-12 11:02:09,        0,  29.5,   1.4,  25.1,  0.577, -0.006,  0.000,4213806.1,  1,  22.2,   0.8, 0.100
2025-11-12 11:02:10,        0,  29.4,   1.3,  25.1,  0.562, -0.006,  0.000,4213800.2,  1,  22.2,   0.8, 0.100
2025-11-12 11:02:11,        0,  29.5,   1.6,  25.1,  0.540, -0.006,  0.000,4213794.4,  1,  22.2,   0.8, 0.100
2025-11-12 11:02:12,        0,  29.4,   1.3,  25.1,  0.527, -0.006,  0.000,4213788.5,  1,  22.2,   0.8, 0.100
2025-11-12 11:02:13,        0,  29.5,   1.4,  25.1,  0.508, -0.005,  0.000,4213783.5,  1,  22.2,   0.8, 0.100
2025-11-12 11:02:14,        0,  29.5,   1.4,  25.1,  0.492, -0.006,  0.000,4213777.2,  1,  22.2,   0.8, 0.100
2025-11-12 11:02:15,        0,  29.5,   1.6,  25.1,  0.480, -0.005,  0.000,4213771.7,  1,  22.2,   0.8, 0.100
2025-11-12 11:02:16,        0,  29.5,   1.4,  25.1,  0.470, -0.005,  0.000,4213767.1,  1,  22.2,   0.8, 0.100
2025-11-12 11:02:17,        0,  29.5,   1.6,  25.1,  0.457, -0.005,  0.000,4213760.8,  1,  22.2,   0.8, 0.100
2025-11-12 11:02:18,        0,  29.5,   1.4,  25.1,  0.448, -0.005,  0.000,4213755.8,  1,  22.2,   0.8, 0.100
2025-11-12 11:02:19,        0,  29.5,   1.4,  25.1,  0.440, -0.005,  0.000,4213750.8,  1,  22.2,   0.8, 0.100
2025-11-12 11:02:20,        0,  29.5,   1.6,  25.1,  0.427, -0.005,  0.000,4213746.2,  1,  22.2,   0.8, 0.100
2025-11-12 11:02:21,        0,  29.5,   1.6,  25.1,  0.420, -0.005,  0.000,4213740.3,  1,  22.2,   0.8, 0.100
2025-11-12 11:02:22,        0,  29.5,   1.4,  25.1,  0.409, -0.005,  0.000,4213735.7,  1,  22.2,   0.8, 0.100
2025-11-12 11:02:23,        0,  29.5,   1.6,  25.1,  0.402, -0.005,  0.000,4213731.1,  1,  22.2,   0.8, 0.100
2025-11-12 11:02:24,        0,  29.5,   1.6,  25.1,  0.392, -0.005,  0.000,4213725.6,  1,  22.2,   0.8, 0.100
2025-11-12 11:02:25,        0,  29.6,   1.8,  25.1,  0.386, -0.005,  0.000,4213721.4,  1,  22.2,   0.8, 0.100
2025-11-12 11:02:26,        0,  29.5,   1.6,  25.0,  0.380, -0.004,  0.000,4213716.4,  1,  22.2,   0.8, 0.100
2025-11-12 11:02:27,        0,  29.6,   1.9,  25.0,  0.371, -0.004,  0.000,4213712.2,  1,  22.2,   0.8, 0.100
2025-11-12 11:02:28,        0,  29.5,   1.6,  25.0,  0.365, -0.004,  0.000,4213707.6,  1,  22.2,   0.8, 0.100
2025-11-12 11:02:29,        0,  29.6,   1.8,  25.1,  0.357, -0.005,  0.000,4213703.0,  1,  22.2,   0.8, 0.100
2025-11-12 11:02:30,        0,  29.6,   1.8,  25.1,  0.352, -0.005,  0.000,4213698.8,  1,  22.2,   0.8, 0.100
2025-11-12 11:02:31,        0,  29.6,   1.8,  25.0,  0.345, -0.005,  0.000,4213693.8,  1,  22.2,   0.8, 0.100
2025-11-12 11:02:32,        0,  29.6,   1.8,  25.1,  0.340, -0.004,  0.000,4213690.0,  1,  22.2,   0.8, 0.100
2025-11-12 11:02:33,        0,  29.6,   1.8,  25.1,  0.335, -0.005,  0.000,4213685.4,  1,  22.2,   0.8, 0.100
2025-11-12 11:02:34,        0,  29.7,   2.0,  25.1,  0.329, -0.004,  0.000,4213681.2,  1,  22.2,   0.8, 0.100
2025-11-12 11:02:35,        0,  29.6,   1.8,  25.1,  0.324, -0.004,  0.000,4213676.6,  1,  22.2,   0.8, 0.100
2025-11-12 11:02:36,        0,  29.7,   2.0,  25.1,  0.319, -0.005,  0.000,4213672.8,  1,  22.2,   0.8, 0.100
2025-11-12 11:02:37,        0,  29.6,   1.8,  25.1,  0.315, -0.004,  0.000,4213668.6,  1,  22.2,   0.8, 0.100
2025-11-12 11:02:38,        0,  29.7,   2.0,  25.0,  0.309, -0.004,  0.000,4213664.0,  1,  22.2,   0.8, 0.100
2025-11-12 11:02:39,        0,  29.7,   2.1,  25.1,  0.305, -0.004,  0.000,4213660.3,  1,  22.2,   0.8, 0.100
2025-11-12 11:02:40,        0,  29.7,   2.0,  25.1,  0.302, -0.004,  0.000,4213656.9,  1,  22.2,   0.8, 0.100
2025-11-12 11:02:41,        0,  29.6,   1.8,  25.1,  0.297, -0.004,  0.000,4213653.1,  1,  22.3,   0.8, 0.100
2025-11-12 11:02:42,        0,  29.7,   2.0,  25.1,  0.293, -0.004,  0.000,4213648.5,  1,  22.2,   0.8, 0.100
2025-11-12 11:02:43,        0,  29.7,   2.0,  25.1,  0.288, -0.004,  0.000,4213645.2,  1,  22.2,   0.8, 0.100
2025-11-12 11:02:44,        0,  29.7,   2.0,  25.0,  0.285, -0.003,  0.000,4213641.8,  1,  22.2,   0.8, 0.100
2025-11-12 11:02:45,        0,  29.7,   2.1,  25.1,  0.280, -0.004,  0.000,4213637.2,  1,  22.2,   0.8, 0.100
2025-11-12 11:02:46,        0,  29.7,   2.1,  25.1,  0.278, -0.004,  0.000,4213633.9,  1,  22.2,   0.8, 0.100
2025-11-12 11:02:47,        0,  29.7,   2.1,  25.1,  0.274, -0.004,  0.000,4213630.1,  1,  22.2,   0.8, 0.100
2025-11-12 11:02:48,        0,  29.7,   2.1,  25.1,  0.271, -0.003,  0.000,4213626.3,  1,  22.2,   0.8, 0.100
2025-11-12 11:02:49,        0,  29.7,   2.1,  25.1,  0.268, -0.003,  0.000,4213622.5,  1,  22.2,   0.8, 0.100
2025-11-12 11:02:50,        0,  29.7,   2.1,  25.1,  0.264, -0.003,  0.000,4213619.2,  1,  22.2,   0.8, 0.100
2025-11-12 11:02:51,        0,  29.7,   2.1,  25.0,  0.262, -0.004,  0.000,4213615.8,  1,  22.2,   0.8, 0.100
2025-11-12 11:02:52,        0,  29.7,   2.1,  25.1,  0.258, -0.004,  0.000,4213611.6,  1,  22.2,   0.8, 0.100
2025-11-12 11:02:53,        0,  29.8,   2.3,  25.1,  0.255, -0.003,  0.000,4213608.7,  1,  22.2,   0.8, 0.100
2025-11-12 11:02:54,        0,  29.8,   2.3,  25.0,  0.253, -0.003,  0.000,4213605.8,  1,  22.2,   0.8, 0.100
2025-11-12 11:02:55,        0,  29.8,   2.3,  25.1,  0.249, -0.003,  0.000,4213602.0,  1,  22.2,   0.8, 0.100
2025-11-12 11:02:56,        0,  29.8,   2.3,  25.1,  0.247, -0.003,  0.000,4213598.6,  1,  22.2,   0.8, 0.100
2025-11-12 11:02:57,        0,  29.8,   2.3,  25.1,  0.244, -0.003,  0.000,4213595.7,  1,  22.2,   0.8, 0.100
2025-11-12 11:02:58,        0,  29.8,   2.3,  25.0,  0.242, -0.003,  0.000,4213592.4,  1,  22.2,   0.8, 0.100
2025-11-12 11:02:59,        0,  29.8,   2.3,  25.1,  0.239, -0.003,  0.000,4213588.6,  1,  22.2,   0.8, 0.100
2025-11-12 11:03:00,        0,  29.7,   2.0,  25.1,  0.237, -0.003,  0.000,4213585.7,  1,  22.2,   0.8, 0.100
2025-11-12 11:03:01,        0,  29.8,   2.5,  25.1,  0.234, -0.003,  0.000,4213583.1,  1,  22.2,   0.8, 0.100
2025-11-12 11:03:02,        0,  29.7,   2.1,  25.1,  0.231, -0.003,  0.000,4213580.2,  1,  22.2,   0.8, 0.100
2025-11-12 11:03:03,        0,  29.8,   2.3,  25.1,  0.230, -0.003,  0.000,4213576.9,  1,  22.2,   0.8, 0.100
2025-11-12 11:03:04,        0,  29.7,   2.1,  25.0,  0.227, -0.003,  0.000,4213573.9,  1,  22.2,   0.8, 0.100
2025-11-12 11:03:05,        0,  29.8,   2.3,  25.0,  0.226, -0.003,  0.000,4213571.4,  1,  22.2,   0.8, 0.100
2025-11-12 11:03:06,        0,  29.8,   2.5,  25.0,  0.223, -0.003,  0.000,4213568.1,  1,  22.2,   0.8, 0.100
2025-11-12 11:03:07,        0,  29.8,   2.5,  25.1,  0.221, -0.002,  0.000,4213565.5,  1,  22.2,   0.9, 0.100
2025-11-12 11:03:08,        0,  29.8,   2.3,  25.0,  0.220, -0.003,  0.000,4213562.6,  1,  22.2,   0.9, 0.100
2025-11-12 11:03:09,        0,  29.8,   2.3,  25.1,  0.218, -0.003,  0.000,4213558.8,  1,  22.2,   0.8, 0.100
2025-11-12 11:03:10,        0,  29.8,   2.5,  25.1,  0.216, -0.003,  0.000,4213556.3,  1,  22.2,   0.9, 0.100
2025-11-12 11:03:11,        0,  29.5,   1.6,  25.1,  0.214, -0.003,  0.000,4213553.8,  1,  22.2,   0.9, 0.100
2025-11-12 11:03:12,        0,  29.9,   2.7,  25.1,  0.213, -0.003,  0.000,4213550.9,  1,  22.2,   0.9, 0.100
2025-11-12 11:03:13,        0,  29.9,   2.7,  25.0,  0.210, -0.003,  0.000,4213548.4,  1,  22.2,   0.9, 0.100
2025-11-12 11:03:14,        0,  29.8,   2.5,  25.0,  5.231,  4.388,  0.023,4215930.9,  1,  22.2,   0.9, 0.100
2025-11-12 11:03:15,        0,  29.8,   2.5,  25.0,  1.402,  0.130,  0.000,4216197.5,  1,  22.2,   0.9, 0.100
2025-11-12 11:03:16,        0,  29.8,   2.3,  25.1,  1.020,  0.004,  0.000,4216206.3,  1,  22.2,   0.9, 0.100
2025-11-12 11:03:17,        0,  29.7,   2.1,  25.1,  0.934, -0.002,  0.000,4216204.2,  1,  22.2,   0.9, 0.100
2025-11-12 11:03:18,        0,  29.7,   2.0,  25.0,  0.851, -0.005,  0.000,4216200.0,  1,  22.2,   0.9, 0.100
2025-11-12 11:03:19,        0,  29.7,   2.1,  25.0,  0.808, -0.005,  0.000,4216193.7,  1,  22.2,   0.9, 0.100
2025-11-12 11:03:20,        0,  29.8,   2.3,  25.0,  0.752, -0.006,  0.000,4216188.2,  1,  22.2,   0.9, 0.100
2025-11-12 11:03:21,        0,  29.8,   2.3,  25.0,  0.719, -0.005,  0.000,4216183.2,  1,  22.2,   0.9, 0.100
2025-11-12 11:03:22,        0,  29.7,   2.1,  25.0,  0.690, -0.006,  0.000,4216177.8,  1,  22.2,   0.9, 0.100
2025-11-12 11:03:23,        0,  29.8,   2.3,  25.1,  0.653, -0.006,  0.000,4216170.6,  1,  22.2,   0.9, 0.100
2025-11-12 11:03:24,        0,  29.7,   2.1,  25.1,  0.630, -0.006,  0.000,4216165.2,  1,  22.2,   0.9, 0.100
2025-11-12 11:03:25,        0,  29.8,   2.3,  25.1,  0.609, -0.006,  0.000,4216159.3,  1,  22.2,   0.9, 0.100
2025-11-12 11:03:26,        0,  29.8,   2.3,  25.1,  0.581, -0.005,  0.000,4216153.0,  1,  22.2,   0.9, 0.100
2025-11-12 11:03:27,        0,  29.7,   2.1,  25.1,  0.556, -0.005,  0.000,4216147.6,  1,  22.2,   0.9, 0.100
2025-11-12 11:03:28,        0,  29.8,   2.3,  25.0,  0.540, -0.006,  0.000,4216142.1,  1,  22.2,   0.8, 0.100
2025-11-12 11:03:29,        0,  29.7,   2.1,  25.1,  0.525, -0.005,  0.000,4216137.1,  1,  22.2,   0.8, 0.100
2025-11-12 11:03:30,        0,  29.8,   2.3,  25.0,  0.506, -0.006,  0.000,4216130.8,  1,  22.2,   0.8, 0.100
2025-11-12 11:03:31,        0,  29.8,   2.3,  25.0,  0.493, -0.005,  0.000,4216125.4,  1,  22.2,   0.8, 0.100
2025-11-12 11:03:32,        0,  29.7,   2.1,  25.0,  0.482, -0.005,  0.000,4216120.3,  1,  22.2,   0.8, 0.100
2025-11-12 11:03:33,        0,  29.4,   1.3,  25.1,  0.465, -0.005,  0.000,4216114.1,  1,  22.2,   0.8, 0.100
2025-11-12 11:03:34,        0,  29.7,   2.1,  25.0,  0.451, -0.005,  0.000,4216109.4,  1,  22.2,   0.8, 0.100
2025-11-12 11:03:35,        0,  29.8,   2.3,  25.1,  0.441, -0.005,  0.000,4216104.4,  1,  22.2,   0.8, 0.100
2025-11-12 11:03:36,        0,  29.8,   2.5,  25.1,  0.428, -0.005,  0.000,4216099.0,  1,  22.2,   0.8, 0.100
2025-11-12 11:03:37,        0,  29.8,   2.5,  25.1,  0.420, -0.005,  0.000,4216093.5,  1,  22.2,   0.8, 0.100
2025-11-12 11:03:38,        0,  29.8,   2.3,  25.1,  0.411, -0.005,  0.000,4216088.9,  1,  22.2,   0.8, 0.100
2025-11-12 11:03:39,        0,  29.8,   2.5,  25.0,  0.404, -0.005,  0.000,4216084.3,  1,  22.2,   0.8, 0.100
2025-11-12 11:03:40,        0,  29.8,   2.3,  25.1,  0.393, -0.005,  0.000,4216079.3,  1,  22.2,   0.8, 0.100
2025-11-12 11:03:41,        0,  29.8,   2.5,  25.0,  0.386, -0.005,  0.000,4216074.7,  1,  22.2,   0.8, 0.100
2025-11-12 11:03:42,        0,  29.8,   2.3,  25.1,  0.376, -0.005,  0.000,4216070.5,  1,  22.2,   0.8, 0.100
2025-11-12 11:03:43,        0,  29.8,   2.5,  25.0,  0.367, -0.005,  0.000,4216065.0,  1,  22.2,   0.8, 0.100
2025-11-12 11:03:44,        0,  29.8,   2.5,  25.0,  0.361, -0.004,  0.000,4216060.8,  1,  22.2,   0.8, 0.100
2025-11-12 11:03:45,        0,  29.8,   2.5,  25.1,  0.355, -0.004,  0.000,4216056.2,  1,  22.2,   0.8, 0.100
2025-11-12 11:03:46,        0,  29.8,   2.5,  25.0,  0.350, -0.004,  0.000,4216052.5,  1,  22.2,   0.8, 0.100
2025-11-12 11:03:47,        0,  29.9,   2.7,  25.0,  0.342, -0.005,  0.000,4216047.4,  1,  22.2,   0.8, 0.100
2025-11-12 11:03:48,        0,  29.9,   2.7,  25.0,  3.943,  2.972,  0.014,4217392.7,  1,  22.2,   0.8, 0.100
2025-11-12 11:03:49,        0,  29.4,   1.3,  25.0,  1.746,  0.429,  0.001,4218202.4,  1,  22.2,   0.8, 0.100
2025-11-12 11:03:50,        0,  29.7,   2.1,  25.1,  1.036,  0.007,  0.000,4218225.9,  1,  22.2,   0.8, 0.100
2025-11-12 11:03:51,        0,  29.8,   2.5,  25.0,  0.943, -0.002,  0.000,4218225.0,  1,  22.2,   0.9, 0.100
2025-11-12 11:03:52,        0,  29.7,   2.1,  25.1,  0.883, -0.005,  0.000,4218220.9,  1,  22.2,   0.8, 0.100
2025-11-12 11:03:53,        0,  29.8,   2.3,  25.0,  0.835, -0.005,  0.000,4218215.8,  1,  22.2,   0.8, 0.100
2025-11-12 11:03:54,        0,  29.7,   2.1,  25.1,  0.775, -0.006,  0.000,4218209.5,  1,  22.2,   0.8, 0.100
2025-11-12 11:03:55,        0,  29.8,   2.5,  25.0,  0.742, -0.006,  0.000,4218204.5,  1,  22.2,   0.9, 0.100
2025-11-12 11:03:56,        0,  29.8,   2.5,  25.0,  0.697, -0.006,  0.000,4218198.6,  1,  22.2,   0.8, 0.100
2025-11-12 11:03:57,        0,  29.8,   2.3,  25.0,  0.658, -0.006,  0.000,4218191.9,  1,  22.2,   0.9, 0.100
2025-11-12 11:03:58,        0,  29.8,   2.5,  25.0,  0.635, -0.006,  0.000,4218186.9,  1,  22.2,   0.9, 0.100
2025-11-12 11:03:59,        0,  29.7,   2.1,  25.0,  0.614, -0.006,  0.000,4218181.0,  1,  22.2,   0.9, 0.100
2025-11-12 11:04:00,        0,  29.8,   2.3,  25.0,  0.594, -0.005,  0.000,4218176.0,  1,  22.2,   0.9, 0.100
2025-11-12 11:04:01,        0,  29.8,   2.3,  25.0,  0.567, -0.005,  0.000,4218169.3,  1,  22.2,   0.9, 0.100
2025-11-12 11:04:02,        0,  29.8,   2.3,  25.1,  0.552, -0.006,  0.000,4218163.9,  1,  22.2,   0.9, 0.100
2025-11-12 11:04:03,        0,  29.8,   2.5,  25.0,  0.529, -0.006,  0.000,4218158.8,  1,  22.2,   0.9, 0.100
2025-11-12 11:04:04,        0,  29.8,   2.5,  25.0,  0.516, -0.006,  0.000,4218152.1,  1,  22.2,   1.0, 0.100
2025-11-12 11:04:05,        0,  29.8,   2.3,  25.0,  0.497, -0.005,  0.000,4218146.7,  1,  22.2,   0.9, 0.100
2025-11-12 11:04:06,        0,  29.8,   2.3,  25.0,  0.486, -0.005,  0.000,4218142.1,  1,  22.2,   1.0, 0.100
2025-11-12 11:04:07,        0,  29.8,   2.5,  25.0,  0.474, -0.005,  0.000,4218136.2,  1,  22.2,   0.9, 0.100
2025-11-12 11:04:08,        0,  29.8,   2.3,  25.1,  0.458, -0.005,  0.000,4218129.9,  1,  22.2,   0.9, 0.100
2025-11-12 11:04:09,        0,  29.8,   2.5,  25.0,  0.449, -0.005,  0.000,4218125.7,  1,  22.2,   0.9, 0.100
2025-11-12 11:04:10,        0,  29.8,   2.5,  25.0,  0.436, -0.005,  0.000,4218121.1,  1,  22.2,   0.9, 0.100
2025-11-12 11:04:11,        0,  29.8,   2.3,  25.0,  0.427, -0.005,  0.000,4218115.2,  1,  22.2,   0.9, 0.100
2025-11-12 11:04:12,        0,  29.8,   2.5,  25.0,  0.416, -0.005,  0.000,4218111.0,  1,  22.2,   0.9, 0.100
2025-11-12 11:04:13,        0,  29.9,   2.7,  25.0,  0.408, -0.005,  0.000,4218106.4,  1,  22.2,   0.9, 0.100
2025-11-12 11:04:14,        0,  29.8,   2.5,  25.0,  1.877,  0.554,  0.001,4219359.5,  1,  22.2,   0.8, 0.100
2025-11-12 11:04:15,        0,  29.8,   2.5,  25.0,  1.135,  0.017,  0.000,4219380.9,  1,  22.2,   0.9, 0.100
2025-11-12 11:04:16,        0,  29.8,   2.5,  25.1,  0.999,  0.002,  0.000,4219382.6,  1,  22.2,   0.9, 0.100
2025-11-12 11:04:17,        0,  29.8,   2.5,  25.0,  0.889, -0.004,  0.000,4219379.2,  1,  22.2,   0.9, 0.100
2025-11-12 11:04:18,        0,  29.8,   2.3,  25.1,  0.839, -0.005,  0.000,4219373.8,  1,  22.2,   0.8, 0.100
2025-11-12 11:04:19,        0,  29.8,   2.3,  25.0,  0.777, -0.005,  0.000,4219368.8,  1,  22.2,   0.8, 0.100
2025-11-12 11:04:20,        0,  29.8,   2.5,  25.0,  0.741, -0.006,  0.000,4219363.7,  1,  22.2,   0.8, 0.100
2025-11-12 11:04:21,        0,  29.8,   2.3,  25.1,  0.695, -0.006,  0.000,4219356.6,  1,  22.2,   0.8, 0.100
2025-11-12 11:04:22,        0,  29.7,   2.1,  25.0,  0.668, -0.006,  0.000,4219351.2,  1,  22.2,   0.8, 0.100
2025-11-12 11:04:23,        0,  29.8,   2.3,  25.0,  0.644, -0.006,  0.000,4219345.7,  1,  22.2,   0.8, 0.100
2025-11-12 11:04:24,        0,  29.8,   2.3,  25.1,  0.611, -0.006,  0.000,4219339.8,  1,  22.2,   0.8, 0.100
2025-11-12 11:04:25,        0,  29.8,   2.5,  25.0,  0.593, -0.006,  0.000,4219333.1,  1,  22.2,   0.8, 0.100
2025-11-12 11:04:26,        0,  29.8,   2.5,  25.0,  0.566, -0.005,  0.000,4219327.3,  1,  22.2,   0.9, 0.100
2025-11-12 11:04:27,        0,  29.8,   2.5,  25.0,  0.550, -0.006,  0.000,4219322.2,  1,  22.2,   0.9, 0.100
2025-11-12 11:04:28,        0,  29.8,   2.5,  25.1,  0.528, -0.006,  0.000,4219315.5,  1,  22.2,   0.8, 0.100
2025-11-12 11:04:29,        0,  29.8,   2.5,  25.0,  0.515, -0.005,  0.000,4219310.9,  1,  22.2,   0.9, 0.100
2025-11-12 11:04:30,        0,  29.8,   2.5,  25.0,  0.501, -0.005,  0.000,4219305.5,  1,  22.2,   0.8, 0.100
2025-11-12 11:04:31,        0,  29.8,   2.5,  25.1,  0.484, -0.005,  0.000,4219300.4,  1,  22.2,   0.9, 0.100
2025-11-12 11:04:32,        0,  29.8,   2.5,  25.0,  0.472, -0.005,  0.000,4219294.6,  1,  22.2,   0.9, 0.100
2025-11-12 11:04:33,        0,  29.8,   2.5,  25.0,  0.457, -0.005,  0.000,4219289.1,  1,  22.2,   0.8, 0.100
2025-11-12 11:04:34,        0,  29.8,   2.5,  25.0,  0.447, -0.005,  0.000,4219284.5,  1,  22.2,   0.8, 0.100
2025-11-12 11:04:35,        0,  29.9,   2.7,  25.0,  0.434, -0.005,  0.000,4219605.1,  1,  22.2,   0.8, 0.100
2025-11-12 11:04:36,        0,  29.9,   2.7,  25.0,  4.428,  3.372,  0.016,4222538.8,  1,  22.2,   0.8, 0.100
2025-11-12 11:04:37,        0,  29.7,   2.0,  25.1,  1.242,  0.047,  0.000,4222596.2,  1,  22.2,   0.8, 0.100
2025-11-12 11:04:38,        0,  29.8,   2.3,  25.0,  0.991,  0.001,  0.000,4222600.4,  1,  22.2,   0.8, 0.100
2025-11-12 11:04:39,        0,  29.6,   1.9,  25.0,  0.919, -0.003,  0.000,4222597.5,  1,  22.2,   0.8, 0.100
2025-11-12 11:04:40,        0,  29.6,   1.8,  25.0,  0.843, -0.006,  0.000,4222592.4,  1,  22.2,   0.8, 0.100
