Time, Cnts,  %T, set_Cell[mA], Cell[°C], Cell[Volt], Cell[mA], Cell[W], Cell[uAs], Cell_ON, Env[°C], TEC[°C], N2Flow[slpm]
2025-10-27 11:03:15,        0,  29.6,   1.7,  24.8,  0.180, -0.002,  0.000,     -2.3,  1,  21.4,   1.0, 0.100
2025-10-27 11:03:16,        0,  29.6,   1.7,  24.7,  0.178, -0.002,  0.000,     -4.6,  1,  21.4,   1.0, 0.100
2025-10-27 11:03:17,        0,  29.6,   1.7,  24.8,  0.178, -0.002,  0.000,     -6.9,  1,  21.5,   1.0, 0.100
2025-10-27 11:03:18,        0,  29.6,   1.7,  24.7,  0.177, -0.003,  0.000,     -9.4,  1,  21.4,   1.0, 0.099
2025-10-27 11:03:19,        0,  29.6,   1.7,  24.8,  0.177, -0.002,  0.000,    -12.3,  1,  21.5,   1.0, 0.098
2025-10-27 11:03:20,        0,  29.6,   1.7,  24.7,  0.176, -0.002,  0.000,    -14.3,  1,  21.5,   1.0, 0.097
2025-10-27 11:03:21,        0,  29.6,   1.7,  24.8,  0.175, -0.003,  0.000,    -16.9,  1,  21.5,   1.0, 0.097
2025-10-27 11:03:22,        0,  29.6,   1.7,  24.8,  0.175, -0.002,  0.000,    -19.2,  1,  21.5,   1.0, 0.097
2025-10-27 11:03:23,        0,  29.6,   1.7,  24.8,  0.173, -0.002,  0.000,    -22.0,  1,  21.5,   1.0, 0.097
2025-10-27 11:03:24,        0,  29.5,   1.4,  24.8,  0.173, -0.003,  0.000,    -24.3,  1,  21.5,   1.0, 0.097
2025-10-27 11:03:25,        0,  29.6,   1.7,  24.8,  0.173, -0.002,  0.000,    -26.6,  1,  21.5,   1.0, 0.098
2025-10-27 11:03:26,        0,  29.6,   1.7,  24.8,  0.173, -0.002,  0.000,    -28.6,  1,  21.5,   1.0, 0.098
2025-10-27 11:03:27,        0,  29.6,   1.7,  24.8,  0.172, -0.002,  0.000,    -31.2,  1,  21.5,   1.0, 0.098
2025-10-27 11:03:28,        0,  29.6,   1.9,  24.8,  0.171, -0.003,  0.000,    -33.8,  1,  21.5,   1.0, 0.099
2025-10-27 11:03:29,        0,  29.6,   1.7,  24.8,  0.171, -0.003,  0.000,    -36.3,  1,  21.5,   1.0, 0.099
2025-10-27 11:03:30,        0,  29.7,   2.1,  24.8,  0.170, -0.002,  0.000,    -38.6,  1,  21.4,   1.0, 0.100
2025-10-27 11:03:31,        0,  30.0,   3.0,  24.8,  0.170, -0.002,  0.000,   1041.1,  1,  21.5,   1.0, 0.100
2025-10-27 11:03:32,        0,  30.6,   4.7,  24.7,  5.622,  4.986,  0.028,   5841.9,  1,  21.5,   1.0, 0.100
2025-10-27 11:03:33,        0,  30.5,   4.4,  24.8,  6.391,  5.933,  0.038,  11679.8,  1,  21.5,   1.0, 0.100
2025-10-27 11:03:34,        0,  31.7,   8.2,  24.8,  8.033,  7.957,  0.064,  18817.5,  1,  21.5,   1.0, 0.100
2025-10-27 11:03:35,        0,  32.4,  10.3,  24.8, 10.815, 11.395,  0.124,  31309.9,  1,  21.4,   1.0, 0.101
2025-10-27 11:03:36,        0,  32.1,   9.3,  24.8, 10.945, 11.551,  0.127,  42912.8,  1,  21.5,   1.0, 0.101
2025-10-27 11:03:37,        0,  32.8,  11.3,  24.7, 14.046, 15.402,  0.217,  55907.0,  1,  21.4,   1.0, 0.101
2025-10-27 11:03:38,        0,  34.9,  17.6,  24.7, 15.448, 17.149,  0.266,  71125.0,  1,  21.4,   1.0, 0.105
2025-10-27 11:03:39,        0,  34.8,  17.4,  24.8, 21.666, 24.896,  0.540,  98069.3,  1,  21.5,   1.0, 0.133
2025-10-27 11:03:40,        0,  37.8,  26.5,  24.7, 24.868, 28.892,  0.722, 123094.4,  1,  21.4,   1.0, 0.103
2025-10-27 11:03:41,        0,  38.3,  27.9,  24.7, 23.488, 27.170,  0.639, 151329.2,  1,  21.4,   1.0, 0.098
2025-10-27 11:03:42,        0,  40.6,  34.8,  24.7, 28.159, 33.059,  0.932, 182884.9,  1,  21.4,   1.0, 0.098
2025-10-27 11:03:43,        0,  42.4,  40.1,  24.7, 33.561, 39.858,  1.339, 220443.3,  1,  21.4,   1.0, 0.098
2025-10-27 11:03:44,        0,  42.2,  39.6,  24.7, 35.455, 42.346,  1.502, 269566.7,  1,  21.4,   1.0, 0.098
2025-10-27 11:03:45,        0,  42.9,  41.6,  24.7, 34.877, 41.659,  1.461, 309755.8,  1,  21.4,   1.0, 0.099
2025-10-27 11:03:46,        0,  42.5,  40.6,  24.7, 39.605, 47.659,  1.891, 355687.0,  1,  21.4,   1.0, 0.099
2025-10-27 11:03:47,        0,  43.7,  44.2,  24.7, 40.993, 49.543,  2.031, 400651.7,  1,  21.4,   1.0, 0.099
2025-10-27 11:03:48,        0,  45.9,  50.7,  24.7, 44.471, 54.075,  2.405, 460346.1,  1,  21.4,   1.0, 0.100
2025-10-27 11:03:49,        0,  44.5,  46.6,  24.7, 40.811, 49.516,  2.026, 509881.8,  1,  21.4,   1.0, 0.100
2025-10-27 11:03:50,        0,  44.1,  45.2,  24.8, 45.113, 55.096,  2.500, 560408.1,  1,  21.4,   1.0, 0.100
2025-10-27 11:03:51,        0,  46.9,  53.8,  24.7, 39.672, 48.132,  1.927, 608858.4,  1,  21.4,   1.0, 0.100
2025-10-27 11:03:52,        0,  46.2,  51.7,  24.8, 50.208, 61.767,  3.102, 676930.9,  1,  21.4,   1.0, 0.100
2025-10-27 11:03:53,        0,  45.4,  49.2,  24.7, 42.317, 51.751,  2.198, 728204.7,  1,  21.4,   1.0, 0.100
2025-10-27 11:03:54,        0,  45.6,  49.7,  24.8, 41.074, 50.132,  2.060, 777014.7,  1,  21.4,   1.0, 0.100
2025-10-27 11:03:55,        0,  46.7,  53.0,  24.8, 44.858, 54.994,  2.468, 831142.3,  1,  21.4,   1.0, 0.111
2025-10-27 11:03:56,        0,  45.7,  50.0,  24.7, 47.545, 58.567,  2.790, 899664.7,  1,  21.4,   1.0, 0.109
2025-10-27 11:03:57,        0,  43.0,  42.1,  24.8, 35.656, 43.261,  1.552, 942600.6,  1,  21.4,   1.0, 0.100
2025-10-27 11:03:58,        0,  45.8,  50.4,  24.8, 38.752, 47.160,  1.840, 990442.7,  1,  21.4,   0.9, 0.100
2025-10-27 11:03:59,        0,  38.8,  29.5,  24.8, 38.674, 47.103,  1.856,1036113.8,  1,  21.4,   1.0, 0.099
2025-10-27 11:04:00,        0,  43.9,  44.6,  24.8, 40.568, 49.470,  2.012,1084409.9,  1,  21.4,   0.9, 0.099
2025-10-27 11:04:01,        0,  36.4,  22.2,  24.8, 31.078, 37.249,  1.190,1124573.8,  1,  21.4,   0.9, 0.099
2025-10-27 11:04:02,        0,  40.7,  35.1,  24.8, 21.334, 24.640,  0.560,1149639.5,  1,  21.4,   0.9, 0.099
2025-10-27 11:04:03,        0,  41.0,  36.1,  24.8, 34.818, 41.918,  1.462,1189937.2,  1,  21.4,   0.9, 0.099
2025-10-27 11:04:04,        0,  41.3,  36.8,  24.8, 31.850, 38.068,  1.220,1234920.0,  1,  21.4,   0.9, 0.099
2025-10-27 11:04:05,        0,  42.5,  40.4,  24.9, 28.453, 33.668,  0.969,1269489.4,  1,  21.4,   0.9, 0.099
2025-10-27 11:04:06,        0,  43.1,  42.3,  24.8, 37.185, 44.878,  1.669,1312282.1,  1,  21.4,   0.9, 0.100
2025-10-27 11:04:07,        0,  40.8,  35.3,  24.8, 30.722, 36.614,  1.129,1351783.9,  1,  21.4,   0.9, 0.100
2025-10-27 11:04:08,        0,  40.1,  33.3,  24.8, 30.891, 36.781,  1.137,1395617.1,  1,  21.4,   0.9, 0.100
2025-10-27 11:04:09,        0,  43.1,  42.4,  24.8, 37.557, 45.285,  1.707,1435798.6,  1,  21.4,   0.8, 0.100
2025-10-27 11:04:10,        0,  41.7,  38.1,  24.8, 37.482, 45.216,  1.695,1479380.1,  1,  21.4,   0.9, 0.100
2025-10-27 11:04:11,        0,  40.3,  33.8,  24.8, 37.275, 44.967,  1.696,1520100.7,  1,  21.4,   0.9, 0.100
2025-10-27 11:04:12,        0,  42.7,  41.1,  24.8, 37.240, 44.862,  1.675,1567816.3,  1,  21.4,   0.9, 0.100
2025-10-27 11:04:13,        0,  36.0,  20.9,  24.9, 36.163, 43.577,  1.595,1606029.0,  1,  21.4,   0.9, 0.100
2025-10-27 11:04:14,        0,  40.9,  35.6,  24.9, 25.936, 30.357,  0.798,1634207.8,  1,  21.4,   0.9, 0.100
2025-10-27 11:04:15,        0,  39.7,  32.2,  24.9, 35.070, 42.015,  1.476,1672730.9,  1,  21.4,   0.9, 0.100
2025-10-27 11:04:16,        0,  40.7,  35.0,  24.9, 29.222, 34.554,  1.015,1714942.4,  1,  21.4,   0.9, 0.100
2025-10-27 11:04:17,        0,  41.8,  38.5,  24.9, 36.533, 43.845,  1.604,1754704.9,  1,  21.4,   0.9, 0.100
2025-10-27 11:04:18,        0,  42.3,  39.8,  24.9, 35.984, 43.117,  1.573,1795819.0,  1,  21.4,   0.9, 0.100
2025-10-27 11:04:19,        0,  39.3,  31.0,  24.9, 35.692, 42.808,  1.528,1836772.8,  1,  21.4,   0.9, 0.100
2025-10-27 11:04:20,        0,  42.4,  40.1,  24.9, 37.942, 45.655,  1.733,1886338.9,  1,  21.4,   0.9, 0.100
2025-10-27 11:04:21,        0,  41.8,  38.5,  24.9, 36.980, 44.454,  1.647,1928572.4,  1,  21.4,   0.9, 0.100
2025-10-27 11:04:22,        0,  40.2,  33.7,  24.9, 28.415, 33.515,  0.960,1964548.4,  1,  21.4,   0.9, 0.100
2025-10-27 11:04:23,        0,  36.7,  23.0,  24.9, 32.761, 39.028,  1.279,2000369.7,  1,  21.4,   1.0, 0.100
2025-10-27 11:04:24,        0,  39.8,  32.5,  24.9, 33.269, 39.627,  1.322,2042372.5,  1,  21.4,   0.9, 0.100
2025-10-27 11:04:25,        0,  40.3,  34.0,  24.9, 32.948, 39.192,  1.293,2079730.6,  1,  21.4,   1.0, 0.100
2025-10-27 11:04:26,        0,  39.9,  32.8,  24.9, 33.016, 39.318,  1.310,2113716.7,  1,  21.4,   1.0, 0.100
2025-10-27 11:04:27,        0,  44.5,  46.4,  24.9, 39.132, 46.985,  1.841,2154677.0,  1,  21.4,   1.0, 0.100
2025-10-27 11:04:28,        0,  43.2,  42.6,  24.9, 37.972, 45.668,  1.736,2212660.9,  1,  21.4,   1.0, 0.100
2025-10-27 11:04:29,        0,  44.6,  46.7,  25.0, 34.534, 41.281,  1.433,2254490.3,  1,  21.4,   1.0, 0.100
2025-10-27 11:04:30,        0,  44.3,  45.9,  24.9, 42.222, 51.100,  2.159,2303184.8,  1,  21.4,   1.0, 0.100
2025-10-27 11:04:31,        0,  41.6,  37.8,  24.9, 40.391, 48.832,  1.993,2346854.3,  1,  21.4,   1.0, 0.100
2025-10-27 11:04:32,        0,  45.3,  49.0,  25.0, 39.045, 47.108,  1.843,2401095.7,  1,  21.4,   1.0, 0.100
2025-10-27 11:04:33,        0,  41.4,  37.3,  24.9, 37.112, 44.746,  1.666,2448775.7,  1,  21.4,   1.0, 0.100
2025-10-27 11:04:34,        0,  40.9,  35.8,  24.9, 37.886, 45.658,  1.744,2489964.8,  1,  21.4,   0.9, 0.100
2025-10-27 11:04:35,        0,  42.8,  41.3,  25.0, 39.345, 47.481,  1.875,2534010.7,  1,  21.4,   0.9, 0.100
2025-10-27 11:04:36,        0,  43.7,  44.1,  25.0, 37.085, 44.607,  1.656,2576713.8,  1,  21.4,   0.9, 0.100
2025-10-27 11:04:37,        0,  38.7,  29.2,  25.0, 39.384, 47.628,  1.885,2631510.2,  1,  21.4,   0.9, 0.100
2025-10-27 11:04:38,        0,  41.3,  37.0,  25.0, 36.418, 43.793,  1.595,2670991.7,  1,  21.4,   0.9, 0.100
2025-10-27 11:04:39,        0,  41.4,  37.1,  25.0, 34.258, 40.999,  1.405,2710180.5,  1,  21.4,   0.8, 0.100
2025-10-27 11:04:40,        0,  38.6,  28.7,  25.0, 41.439, 50.052,  2.084,2753868.0,  1,  21.4,   0.9, 0.100
2025-10-27 11:04:41,        0,  39.7,  32.0,  25.0, 38.781, 46.660,  1.811,2802673.1,  1,  21.4,   0.8, 0.100
2025-10-27 11:04:42,        0,  42.6,  40.9,  25.0, 29.691, 35.101,  1.042,2840076.5,  1,  21.4,   0.9, 0.100
2025-10-27 11:04:43,        0,  43.5,  43.4,  25.0, 40.927, 49.358,  2.022,2884551.9,  1,  21.4,   0.8, 0.100
2025-10-27 11:04:44,        0,  42.5,  40.6,  25.0, 36.104, 43.283,  1.563,2927724.2,  1,  21.4,   0.8, 0.100
2025-10-27 11:04:45,        0,  43.4,  43.3,  25.0, 39.207, 47.147,  1.857,2978581.6,  1,  21.4,   0.8, 0.100
2025-10-27 11:04:46,        0,  43.9,  44.6,  25.0, 35.785, 42.827,  1.533,3021818.0,  1,  21.4,   0.8, 0.100
2025-10-27 11:04:47,        0,  42.0,  38.9,  25.0, 42.124, 50.895,  2.147,3068961.6,  1,  21.4,   0.8, 0.100
2025-10-27 11:04:48,        0,  40.2,  33.5,  25.0, 28.650, 33.775,  0.969,3104976.1,  1,  21.4,   0.8, 0.100
2025-10-27 11:04:49,        0,  44.1,  45.2,  25.0, 32.139, 38.089,  1.257,3142961.6,  1,  21.4,   0.9, 0.100
2025-10-27 11:04:50,        0,  44.1,  45.4,  25.0, 24.876, 28.905,  0.749,3186613.5,  1,  21.4,   0.8, 0.100
2025-10-27 11:04:51,        0,  38.8,  29.3,  25.0, 34.650, 41.330,  1.435,3227913.7,  1,  21.4,   0.8, 0.100
2025-10-27 11:04:52,        0,  41.6,  37.8,  25.0, 30.918, 36.539,  1.134,3262697.9,  1,  21.4,   0.9, 0.100
2025-10-27 11:04:53,        0,  35.7,  20.1,  25.0, 34.977, 41.695,  1.460,3301881.0,  1,  21.4,   0.9, 0.100
2025-10-27 11:04:54,        0,  39.2,  30.5,  25.0, 21.114, 24.126,  0.525,3336112.1,  1,  21.4,   0.9, 0.100
2025-10-27 11:04:55,        0,  38.6,  28.9,  25.0, 29.930, 35.175,  1.056,3368874.0,  1,  21.4,   0.9, 0.100
2025-10-27 11:04:56,        0,  39.9,  32.8,  25.0, 29.855, 35.036,  1.049,3400959.7,  1,  21.4,   0.9, 0.100
2025-10-27 11:04:57,        0,  41.7,  38.0,  25.0, 35.278, 41.850,  1.477,3437707.0,  1,  21.4,   0.9, 0.100
2025-10-27 11:04:58,        0,  40.7,  35.0,  25.0, 23.381, 26.891,  0.636,3473865.1,  1,  21.4,   1.0, 0.100
2025-10-27 11:04:59,        0,  34.3,  15.8,  25.0, 22.503, 25.758,  0.613,3503316.0,  1,  21.4,   1.0, 0.100
2025-10-27 11:05:00,        0,  41.4,  37.1,  25.0, 33.755, 39.749,  1.349,3535171.2,  1,  21.4,   1.0, 0.100
2025-10-27 11:05:01,        0,  36.5,  22.4,  25.0, 32.254, 37.968,  1.227,3570868.0,  1,  21.4,   1.0, 0.100
2025-10-27 11:05:02,        0,  37.9,  26.7,  25.0, 30.925, 36.218,  1.121,3600130.5,  1,  21.4,   1.0, 0.100
2025-10-27 11:05:03,        0,  36.8,  23.4,  25.0, 23.885, 27.393,  0.654,3633098.2,  1,  21.4,   1.0, 0.100
2025-10-27 11:05:04,        0,  37.3,  25.0,  25.0, 28.883, 33.605,  0.971,3663281.9,  1,  21.4,   1.0, 0.100
2025-10-27 11:05:05,        0,  37.0,  24.1,  25.0, 26.007, 29.999,  0.783,3691625.7,  1,  21.4,   1.0, 0.100
2025-10-27 11:05:06,        0,  38.3,  28.0,  25.0, 23.477, 26.810,  0.630,3715182.2,  1,  21.4,   1.0, 0.100
2025-10-27 11:05:07,        0,  37.3,  25.0,  25.0, 23.205, 26.431,  0.617,3747652.8,  1,  21.4,   1.0, 0.100
2025-10-27 11:05:08,        0,  37.1,  24.4,  25.0, 25.645, 29.467,  0.757,3774878.1,  1,  21.4,   1.0, 0.100
2025-10-27 11:05:09,        0,  38.3,  28.0,  25.0, 19.979, 22.387,  0.450,3798207.9,  1,  21.4,   1.0, 0.100
2025-10-27 11:05:10,        0,  35.7,  20.1,  25.0, 23.344, 26.567,  0.621,3824605.8,  1,  21.4,   1.0, 0.100
2025-10-27 11:05:11,        0,  36.0,  20.9,  25.0, 19.814, 22.152,  0.455,3851881.8,  1,  21.4,   1.0, 0.100
2025-10-27 11:05:12,        0,  37.3,  24.9,  25.0, 22.253, 25.134,  0.559,3876575.3,  1,  21.4,   1.0, 0.100
2025-10-27 11:05:13,        0,  35.2,  18.6,  25.0, 20.416, 22.852,  0.468,3900346.0,  1,  21.4,   1.0, 0.100
2025-10-27 11:05:14,        0,  33.5,  13.5,  25.0, 13.195, 13.885,  0.186,3916507.5,  1,  21.4,   1.0, 0.100
2025-10-27 11:05:15,        0,  36.1,  21.4,  25.0, 16.730, 18.193,  0.305,3933789.3,  1,  21.4,   1.0, 0.100
2025-10-27 11:05:16,        0,  35.1,  18.3,  25.0, 19.406, 21.529,  0.418,3959882.6,  1,  21.4,   1.0, 0.100
2025-10-27 11:05:17,        0,  33.1,  12.3,  25.0, 18.194, 20.035,  0.367,3979557.5,  1,  21.4,   1.0, 0.100
2025-10-27 11:05:18,        0,  34.9,  17.6,  25.0, 20.025, 22.252,  0.446,3997960.4,  1,  21.4,   1.0, 0.100
2025-10-27 11:05:19,        0,  33.3,  12.9,  25.0, 14.840, 15.862,  0.257,4015683.5,  1,  21.4,   1.0, 0.100
2025-10-27 11:05:20,        0,  33.3,  12.8,  25.0, 15.936, 17.210,  0.288,4036321.0,  1,  21.4,   1.0, 0.100
2025-10-27 11:05:21,        0,  35.0,  17.9,  25.0, 14.786, 15.730,  0.240,4051911.3,  1,  21.4,   1.0, 0.100
2025-10-27 11:05:22,        0,  34.4,  16.3,  25.0, 15.569, 16.729,  0.265,4068603.9,  1,  21.4,   1.0, 0.100
2025-10-27 11:05:23,        0,  33.5,  13.6,  25.0, 10.776, 10.832,  0.118,4082576.1,  1,  21.4,   1.0, 0.100
2025-10-27 11:05:24,        0,  34.3,  15.9,  25.0, 15.545, 16.665,  0.259,4102314.6,  1,  21.4,   1.0, 0.100
2025-10-27 11:05:25,        0,  32.7,  11.0,  25.0, 16.731, 18.100,  0.303,4119288.8,  1,  21.4,   1.0, 0.100
2025-10-27 11:05:26,        0,  33.7,  14.0,  25.0, 14.858, 15.793,  0.235,4133772.8,  1,  21.4,   1.0, 0.100
2025-10-27 11:05:27,        0,  33.5,  13.5,  25.1, 14.433, 15.280,  0.221,4148078.2,  1,  21.4,   1.0, 0.100
2025-10-27 11:05:28,        0,  31.7,   8.0,  25.0, 13.082, 13.598,  0.180,4163505.0,  1,  21.4,   1.0, 0.100
2025-10-27 11:05:29,        0,  33.2,  12.5,  25.0, 12.431, 12.773,  0.161,4175847.0,  1,  21.4,   1.0, 0.100
2025-10-27 11:05:30,        0,  32.9,  11.8,  25.0, 12.599, 12.978,  0.168,4188219.1,  1,  21.4,   1.0, 0.100
2025-10-27 11:05:31,        0,  33.0,  12.0,  25.0, 14.327, 15.108,  0.217,4201948.6,  1,  21.4,   1.0, 0.100
2025-10-27 11:05:32,        0,  30.9,   5.8,  25.0,  7.555,  6.828,  0.055,4212512.4,  1,  21.4,   1.0, 0.100
2025-10-27 11:05:33,        0,  30.8,   5.4,  25.0, 12.810, 13.196,  0.169,4223154.4,  1,  21.4,   1.0, 0.100
2025-10-27 11:05:34,        0,  31.0,   6.0,  25.0, 11.261, 11.306,  0.132,4233785.6,  1,  21.4,   1.0, 0.100
2025-10-27 11:05:35,        0,  31.2,   6.5,  25.0,  8.512,  7.977,  0.069,4241935.8,  1,  21.4,   1.0, 0.100
2025-10-27 11:05:36,        0,  31.7,   8.2,  25.0, 13.088, 13.542,  0.179,4255701.4,  1,  21.4,   1.0, 0.100
2025-10-27 11:05:37,        0,  31.1,   6.2,  25.0, 13.147, 13.608,  0.179,4267408.8,  1,  21.4,   1.0, 0.100
2025-10-27 11:05:38,        0,  33.3,  13.0,  25.1,  8.631,  8.104,  0.070,4276294.9,  1,  21.4,   1.0, 0.100
2025-10-27 11:05:39,        0,  30.7,   5.0,  25.0, 12.237, 12.497,  0.156,4287470.5,  1,  21.4,   1.0, 0.100
2025-10-27 11:05:40,        0,  31.9,   8.8,  25.0, 11.846, 11.992,  0.142,4297294.0,  1,  21.4,   1.0, 0.100
2025-10-27 11:05:41,        0,  30.2,   3.7,  25.1, 10.375, 10.209,  0.106,4309077.7,  1,  21.4,   1.0, 0.100
2025-10-27 11:05:42,        0,  30.1,   3.4,  25.0, 12.047, 12.213,  0.147,4318487.7,  1,  21.4,   1.0, 0.100
2025-10-27 11:05:43,        0,  31.7,   8.2,  25.0,  8.406,  7.801,  0.066,4326167.2,  1,  21.4,   1.0, 0.100
2025-10-27 11:05:44,        0,  30.8,   5.4,  25.1, 10.977, 10.913,  0.122,4335373.0,  1,  21.4,   1.0, 0.100
2025-10-27 11:05:45,        0,  32.3,  10.0,  25.0,  8.598,  8.042,  0.070,4345440.5,  1,  21.4,   1.0, 0.100
2025-10-27 11:05:46,        0,  32.3,   9.8,  25.0,  9.953,  9.678,  0.097,4355517.3,  1,  21.4,   1.0, 0.100
2025-10-27 11:05:47,        0,  31.6,   7.8,  25.1,  9.158,  8.715,  0.083,4365210.9,  1,  21.4,   1.0, 0.100
2025-10-27 11:05:48,        0,  31.3,   7.0,  25.1,  8.365,  7.764,  0.066,4373515.7,  1,  21.4,   1.0, 0.100
2025-10-27 11:05:49,        0,  31.2,   6.7,  25.0,  9.476,  9.089,  0.087,4383452.9,  1,  21.4,   1.0, 0.100
2025-10-27 11:05:50,        0,  31.5,   7.5,  25.0,  8.913,  8.408,  0.075,4391868.3,  1,  21.4,   1.0, 0.100
2025-10-27 11:05:51,        0,  30.7,   5.2,  25.0,  9.756,  9.426,  0.092,4400815.6,  1,  21.4,   1.0, 0.100
2025-10-27 11:05:52,        0,  31.1,   6.2,  25.1,  8.017,  7.330,  0.059,4407688.7,  1,  21.4,   1.0, 0.100
2025-10-27 11:05:53,        0,  30.6,   4.9,  25.1,  8.475,  7.877,  0.067,4415374.9,  1,  21.4,   1.0, 0.100
2025-10-27 11:05:54,        0,  30.3,   3.9,  25.0,  5.524,  4.373,  0.024,4420572.1,  1,  21.4,   1.0, 0.100
2025-10-27 11:05:55,        0,  30.9,   5.7,  25.0,  7.604,  6.842,  0.053,4427542.5,  1,  21.4,   1.0, 0.100
2025-10-27 11:05:56,        0,  30.9,   5.7,  25.1,  8.331,  7.706,  0.064,4434628.2,  1,  21.4,   1.0, 0.100
2025-10-27 11:05:57,        0,  31.2,   6.5,  25.0,  6.909,  6.004,  0.042,4441446.4,  1,  21.4,   1.0, 0.100
2025-10-27 11:05:58,        0,  30.5,   4.5,  25.0,  7.462,  6.668,  0.050,4448462.5,  1,  21.4,   1.0, 0.100
2025-10-27 11:05:59,        0,  30.0,   3.0,  25.1,  7.872,  7.156,  0.056,4454304.3,  1,  21.4,   1.0, 0.100
2025-10-27 11:06:00,        0,  30.8,   5.4,  25.1,  5.729,  4.623,  0.027,4459500.6,  1,  21.4,   1.0, 0.100
2025-10-27 11:06:01,        0,  29.8,   2.5,  25.1,  7.800,  7.071,  0.055,4465999.1,  1,  21.4,   1.0, 0.100
2025-10-27 11:06:02,        0,  30.3,   4.0,  25.0,  7.392,  6.596,  0.050,4472827.4,  1,  21.4,   1.0, 0.100
2025-10-27 11:06:03,        0,  30.3,   3.9,  25.0,  4.000,  2.655,  0.013,4476077.1,  1,  21.4,   1.0, 0.100
2025-10-27 11:06:04,        0,  30.4,   4.2,  25.0,  6.821,  5.929,  0.040,4481417.6,  1,  21.4,   1.0, 0.100
2025-10-27 11:06:05,        0,  30.7,   5.0,  25.1,  6.936,  6.055,  0.042,4486637.1,  1,  21.4,   1.0, 0.100
2025-10-27 11:06:06,        0,  30.1,   3.4,  25.0,  6.741,  5.822,  0.039,4493633.4,  1,  21.4,   1.0, 0.100
2025-10-27 11:06:07,        0,  30.0,   2.9,  25.1,  4.872,  3.653,  0.020,4497767.0,  1,  21.4,   1.0, 0.100
2025-10-27 11:06:08,        0,  30.5,   4.4,  25.0,  5.727,  4.663,  0.028,4501871.2,  1,  21.4,   1.0, 0.100
2025-10-27 11:06:09,        0,  30.7,   5.2,  25.0,  7.117,  6.273,  0.045,4507788.8,  1,  21.4,   1.0, 0.100
2025-10-27 11:06:10,        0,  29.7,   2.2,  25.0,  6.594,  5.648,  0.037,4514851.0,  1,  21.4,   1.0, 0.100
2025-10-27 11:06:11,        0,  30.3,   4.0,  25.0,  3.001,  1.604,  0.008,4517761.6,  1,  21.4,   1.0, 0.100
2025-10-27 11:06:12,        0,  30.5,   4.5,  25.0,  6.390,  5.427,  0.035,4522777.7,  1,  21.4,   1.0, 0.100
2025-10-27 11:06:13,        0,  30.5,   4.5,  25.0,  7.029,  6.168,  0.043,4528555.8,  1,  21.4,   1.0, 0.100
2025-10-27 11:06:14,        0,  30.1,   3.4,  25.0,  5.482,  4.370,  0.026,4534302.8,  1,  21.4,   1.0, 0.100
2025-10-27 11:06:15,        0,  29.7,   2.0,  25.0,  6.949,  6.086,  0.042,4539549.5,  1,  21.4,   1.0, 0.100
2025-10-27 11:06:16,        0,  30.1,   3.2,  25.0,  1.916,  0.408,  0.001,4540318.5,  1,  21.4,   1.0, 0.100
2025-10-27 11:06:17,        0,  30.7,   5.2,  25.0,  5.894,  4.876,  0.029,4544657.8,  1,  21.4,   1.0, 0.100
2025-10-27 11:06:18,        0,  30.4,   4.3,  25.0,  6.072,  5.064,  0.031,4551105.6,  1,  21.4,   1.0, 0.100
2025-10-27 11:06:19,        0,  29.3,   0.9,  25.0,  5.982,  4.949,  0.030,4556052.2,  1,  21.4,   1.0, 0.100
2025-10-27 11:06:20,        0,  30.7,   5.0,  25.1,  4.589,  3.486,  0.024,4559259.1,  1,  21.4,   1.0, 0.100
2025-10-27 11:06:21,        0,  30.0,   2.9,  25.0,  6.170,  5.183,  0.033,4563813.0,  1,  21.4,   1.0, 0.100
2025-10-27 11:06:22,        0,  29.7,   2.2,  25.0,  4.651,  3.446,  0.019,4567444.9,  1,  21.4,   1.0, 0.100
2025-10-27 11:06:23,        0,  30.4,   4.2,  25.0,  1.818,  0.502,  0.003,4567831.7,  1,  21.4,   1.0, 0.100
2025-10-27 11:06:24,        0,  29.7,   2.0,  25.0,  5.088,  3.954,  0.022,4572339.9,  1,  21.4,   1.0, 0.100
2025-10-27 11:06:25,        0,  30.0,   3.0,  25.0,  1.688,  0.211,  0.000,4573725.0,  1,  21.4,   1.0, 0.100
2025-10-27 11:06:26,        0,  30.2,   3.7,  25.0,  5.641,  4.603,  0.026,4578225.7,  1,  21.4,   1.0, 0.100
2025-10-27 11:06:27,        0,  29.9,   2.7,  25.0,  3.059,  1.639,  0.007,4582012.2,  1,  21.4,   1.0, 0.100
2025-10-27 11:06:28,        0,  29.8,   2.4,  25.0,  5.453,  4.374,  0.024,4585435.0,  1,  21.4,   1.0, 0.100
2025-10-27 11:06:29,        0,  29.6,   1.7,  25.0,  3.891,  2.571,  0.012,4587833.9,  1,  21.4,   1.0, 0.100
2025-10-27 11:06:30,        0,  30.1,   3.4,  25.1,  1.395,  0.029,  0.000,4588670.0,  1,  21.4,   1.0, 0.100
2025-10-27 11:06:31,        0,  30.2,   3.7,  25.0,  5.094,  3.984,  0.022,4593414.1,  1,  21.4,   0.9, 0.100
2025-10-27 11:06:32,        0,  30.2,   3.5,  25.0,  5.594,  4.546,  0.025,4597831.0,  1,  21.4,   0.9, 0.100
2025-10-27 11:06:33,        0,  29.6,   1.7,  25.0,  3.361,  2.019,  0.010,4600794.0,  1,  21.4,   0.9, 0.100
2025-10-27 11:06:34,        0,  30.0,   3.0,  25.0,  1.555,  0.114,  0.000,4601280.5,  1,  21.4,   0.9, 0.100
2025-10-27 11:06:35,        0,  30.2,   3.5,  25.0,  5.484,  4.429,  0.024,4606494.1,  1,  21.4,   0.9, 0.100
2025-10-27 11:06:36,        0,  29.3,   0.9,  25.0,  2.972,  1.538,  0.006,4608690.6,  1,  21.4,   0.9, 0.100
2025-10-27 11:06:37,        0,  29.7,   2.2,  25.0,  2.343,  1.072,  0.006,4610147.3,  1,  21.4,   0.9, 0.100
2025-10-27 11:06:38,        0,  29.4,   1.2,  25.0,  5.549,  4.531,  0.025,4612664.4,  1,  21.4,   0.9, 0.100
2025-10-27 11:06:39,        0,  29.9,   2.7,  25.0,  1.548,  0.109,  0.000,4613919.6,  1,  21.4,   0.9, 0.100
2025-10-27 11:06:40,        0,  29.4,   1.2,  25.0,  1.658,  0.182,  0.000,4615959.3,  1,  21.4,   0.9, 0.100
2025-10-27 11:06:41,        0,  29.9,   2.7,  25.0,  5.137,  4.136,  0.024,4618702.3,  1,  21.4,   0.8, 0.100
2025-10-27 11:06:42,        0,  29.6,   1.7,  25.0,  5.424,  4.374,  0.024,4622931.8,  1,  21.4,   0.9, 0.100
2025-10-27 11:06:43,        0,  29.7,   2.0,  25.0,  3.744,  2.427,  0.011,4624903.7,  1,  21.4,   0.8, 0.100
2025-10-27 11:06:44,        0,  29.8,   2.4,  25.0,  1.389,  0.027,  0.000,4624959.4,  1,  21.4,   0.8, 0.100
2025-10-27 11:06:45,        0,  30.0,   2.9,  25.0,  1.234, -0.009,  0.000,4624952.3,  1,  21.4,   0.8, 0.100
2025-10-27 11:06:46,        0,  30.2,   3.7,  25.0,  5.609,  4.626,  0.026,4629018.8,  1,  21.4,   0.8, 0.100
2025-10-27 11:06:47,        0,  29.8,   2.4,  25.0,  5.651,  4.659,  0.026,4632832.9,  1,  21.4,   0.8, 0.100
2025-10-27 11:06:48,        0,  29.5,   1.5,  25.0,  3.109,  1.719,  0.007,4633813.2,  1,  21.4,   0.8, 0.100
2025-10-27 11:06:49,        0,  29.9,   2.7,  25.0,  1.297,  0.000,  0.000,4633825.8,  1,  21.4,   0.8, 0.100
2025-10-27 11:06:50,        0,  29.8,   2.4,  25.0,  5.056,  3.979,  0.021,4635894.4,  1,  21.4,   0.8, 0.100
2025-10-27 11:06:51,        0,  29.9,   2.7,  25.0,  4.519,  3.416,  0.019,4638625.7,  1,  21.4,   0.8, 0.100
2025-10-27 11:06:52,        0,  30.0,   3.0,  25.0,  1.833,  0.333,  0.001,4640736.2,  1,  21.4,   0.8, 0.100
2025-10-27 11:06:53,        0,  29.8,   2.5,  25.0,  5.403,  4.378,  0.024,4643925.1,  1,  21.4,   0.8, 0.100
2025-10-27 11:06:54,        0,  29.9,   2.7,  25.0,  5.424,  4.432,  0.025,4646014.3,  1,  21.4,   0.8, 0.100
2025-10-27 11:06:55,        0,  29.7,   2.0,  25.0,  2.370,  0.883,  0.003,4647988.7,  1,  21.4,   0.9, 0.100
2025-10-27 11:06:56,        0,  29.7,   2.2,  25.0,  1.349,  0.014,  0.000,4648006.7,  1,  21.4,   0.9, 0.100
2025-10-27 11:06:57,        0,  29.7,   2.0,  25.0,  3.210,  1.849,  0.008,4649461.0,  1,  21.4,   0.8, 0.100
2025-10-27 11:06:58,        0,  29.5,   1.5,  25.0,  1.360,  0.020,  0.000,4649480.7,  1,  21.4,   0.9, 0.100
2025-10-27 11:06:59,        0,  29.8,   2.4,  25.0,  1.213, -0.009,  0.000,4649473.5,  1,  21.4,   0.9, 0.100
2025-10-27 11:07:00,        0,  30.0,   2.9,  25.0,  1.170, -0.011,  0.000,4650127.7,  1,  21.4,   0.8, 0.100
2025-10-27 11:07:01,        0,  29.8,   2.5,  25.0,  1.687,  0.211,  0.000,4652279.0,  1,  21.4,   0.9, 0.100
2025-10-27 11:07:02,        0,  29.9,   2.7,  25.0,  1.304,  0.004,  0.000,4652286.5,  1,  21.4,   0.9, 0.100
2025-10-27 11:07:03,        0,  30.0,   2.9,  25.0,  4.518,  3.507,  0.020,4655417.1,  1,  21.4,   0.9, 0.100
2025-10-27 11:07:04,        0,  29.8,   2.4,  25.0,  3.552,  2.233,  0.010,4658312.7,  1,  21.4,   0.9, 0.100
2025-10-27 11:07:05,        0,  30.0,   2.9,  25.0,  1.382,  0.025,  0.000,4658357.1,  1,  21.4,   0.9, 0.100
2025-10-27 11:07:06,        0,  29.6,   1.7,  25.0,  1.638,  0.173,  0.000,4659775.3,  1,  21.4,   1.0, 0.100
2025-10-27 11:07:07,        0,  29.8,   2.5,  25.0,  1.294,  0.003,  0.000,4660448.4,  1,  21.4,   1.0, 0.100
2025-10-27 11:07:08,        0,  29.6,   1.9,  25.0,  4.078,  2.852,  0.013,4663246.3,  1,  21.4,   1.0, 0.100
2025-10-27 11:07:09,        0,  29.6,   1.9,  25.0,  5.259,  4.235,  0.023,4665800.6,  1,  21.4,   1.0, 0.100
2025-10-27 11:07:10,        0,  29.8,   2.5,  25.0,  2.981,  1.591,  0.006,4667345.0,  1,  21.4,   1.0, 0.100
2025-10-27 11:07:11,        0,  29.7,   2.0,  25.0,  1.354,  0.019,  0.000,4667386.5,  1,  21.5,   1.0, 0.100
2025-10-27 11:07:12,        0,  29.8,   2.5,  25.0,  1.237, -0.006,  0.000,4667381.9,  1,  21.4,   1.0, 0.100
2025-10-27 11:07:13,        0,  29.9,   2.7,  25.0,  1.161, -0.010,  0.000,4667372.3,  1,  21.4,   1.0, 0.100
2025-10-27 11:07:14,        0,  29.8,   2.4,  25.0,  2.452,  1.041,  0.004,4669920.4,  1,  21.4,   1.0, 0.100
2025-10-27 11:07:15,        0,  29.7,   2.0,  25.0,  1.541,  0.108,  0.000,4670900.2,  1,  21.4,   1.0, 0.100
2025-10-27 11:07:16,        0,  29.5,   1.5,  25.0,  1.281,  0.001,  0.000,4670906.1,  1,  21.4,   1.0, 0.100
2025-10-27 11:07:17,        0,  30.0,   2.9,  25.0,  2.096,  0.955,  0.005,4672704.8,  1,  21.4,   1.0, 0.100
2025-10-27 11:07:18,        0,  29.7,   2.0,  25.0,  4.500,  3.351,  0.016,4676409.6,  1,  21.4,   1.0, 0.100
2025-10-27 11:07:19,        0,  29.8,   2.4,  25.0,  1.413,  0.041,  0.000,4676451.5,  1,  21.4,   1.0, 0.100
2025-10-27 11:07:20,        0,  29.7,   2.0,  25.0,  1.219, -0.007,  0.000,4676447.3,  1,  21.4,   1.0, 0.100
2025-10-27 11:07:21,        0,  29.8,   2.4,  25.0,  1.170, -0.010,  0.000,4676437.7,  1,  21.4,   1.0, 0.100
2025-10-27 11:07:22,        0,  29.7,   2.2,  25.0,  1.131, -0.011,  0.000,4676427.6,  1,  21.4,   1.0, 0.100
2025-10-27 11:07:23,        0,  30.0,   2.9,  25.0,  4.171,  2.991,  0.014,4678416.7,  1,  21.4,   1.0, 0.100
2025-10-27 11:07:24,        0,  29.5,   1.5,  25.0,  4.851,  3.789,  0.019,4680460.2,  1,  21.4,   1.0, 0.100
2025-10-27 11:07:25,        0,  29.7,   2.0,  25.0,  1.304,  0.009,  0.000,4680486.6,  1,  21.4,   1.0, 0.100
2025-10-27 11:07:26,        0,  29.6,   1.9,  25.0,  1.208, -0.006,  0.000,4680481.6,  1,  21.4,   1.0, 0.100
2025-10-27 11:07:27,        0,  29.9,   2.7,  25.0,  1.133, -0.009,  0.000,4680469.8,  1,  21.4,   1.0, 0.100
2025-10-27 11:07:28,        0,  29.9,   2.7,  25.0,  5.327,  4.381,  0.023,4683556.9,  1,  21.4,   1.0, 0.100
2025-10-27 11:07:29,        0,  29.3,   0.9,  25.0,  2.469,  1.037,  0.003,4686331.3,  1,  21.4,   1.0, 0.100
2025-10-27 11:07:30,        0,  29.7,   2.2,  25.0,  1.325,  0.016,  0.000,4686369.8,  1,  21.4,   1.0, 0.100
2025-10-27 11:07:31,        0,  29.7,   2.0,  25.0,  1.182, -0.007,  0.000,4686364.0,  1,  21.4,   1.0, 0.100
2025-10-27 11:07:32,        0,  29.6,   1.9,  25.0,  1.134, -0.009,  0.000,4686355.6,  1,  21.4,   1.0, 0.100
2025-10-27 11:07:33,        0,  29.6,   1.7,  25.0,  1.094, -0.010,  0.000,4686345.5,  1,  21.4,   1.0, 0.100
2025-10-27 11:07:34,        0,  29.8,   2.4,  25.0,  1.042, -0.010,  0.000,4686336.3,  1,  21.4,   0.9, 0.100
2025-10-27 11:07:35,        0,  29.8,   2.4,  25.0,  1.012, -0.011,  0.000,4686326.7,  1,  21.4,   0.9, 0.100
2025-10-27 11:07:36,        0,  29.7,   2.0,  25.0,  1.768,  0.823,  0.004,4687045.4,  1,  21.4,   0.9, 0.100
2025-10-27 11:07:37,        0,  29.8,   2.4,  25.0,  1.776,  0.408,  0.002,4688638.8,  1,  21.4,   1.0, 0.100
2025-10-27 11:07:38,        0,  29.6,   1.7,  25.0,  1.957,  0.518,  0.001,4690909.9,  1,  21.4,   0.9, 0.100
2025-10-27 11:07:39,        0,  29.8,   2.4,  25.0,  1.390,  0.048,  0.000,4691243.1,  1,  21.4,   1.0, 0.100
2025-10-27 11:07:40,        0,  29.9,   2.7,  25.0,  1.214, -0.001,  0.000,4691243.5,  1,  21.4,   1.0, 0.100
2025-10-27 11:07:41,        0,  29.8,   2.5,  25.0,  1.119, -0.009,  0.000,4691236.0,  1,  21.4,   1.0, 0.100
2025-10-27 11:07:42,        0,  29.7,   2.2,  25.0,  1.076, -0.009,  0.000,4691227.2,  1,  21.4,   1.0, 0.100
2025-10-27 11:07:43,        0,  29.7,   2.0,  25.0,  1.038, -0.009,  0.000,4691217.9,  1,  21.4,   1.0, 0.100
2025-10-27 11:07:44,        0,  29.8,   2.5,  25.0,  0.986, -0.010,  0.000,4691819.8,  1,  21.4,   1.0, 0.100
2025-10-27 11:07:45,        0,  29.7,   2.0,  25.0,  2.782,  1.461,  0.005,4694779.8,  1,  21.5,   1.0, 0.100
2025-10-27 11:07:46,        0,  29.6,   1.7,  25.0,  1.282,  0.019,  0.000,4694828.4,  1,  21.4,   0.9, 0.100
2025-10-27 11:07:47,        0,  29.7,   2.0,  25.0,  1.164, -0.004,  0.000,4694825.1,  1,  21.4,   1.0, 0.100
2025-10-27 11:07:48,        0,  29.7,   2.2,  25.0,  1.105, -0.008,  0.000,4694818.0,  1,  21.4,   0.9, 0.100
2025-10-27 11:07:49,        0,  29.7,   2.2,  25.0,  1.037, -0.009,  0.000,4694807.9,  1,  21.4,   0.9, 0.100
2025-10-27 11:07:50,        0,  29.8,   2.4,  25.0,  0.981, -0.009,  0.000,4694799.9,  1,  21.4,   1.0, 0.100
2025-10-27 11:07:51,        0,  29.7,   2.0,  25.0,  0.949, -0.009,  0.000,4694790.7,  1,  21.4,   1.0, 0.100
2025-10-27 11:07:52,        0,  29.6,   1.7,  25.0,  0.922, -0.009,  0.000,4694781.9,  1,  21.4,   1.0, 0.100
2025-10-27 11:07:53,        0,  29.8,   2.5,  25.0,  0.887, -0.009,  0.000,4695577.8,  1,  21.4,   0.9, 0.100
2025-10-27 11:07:54,        0,  29.8,   2.5,  25.0,  5.219,  4.379,  0.023,4699741.1,  1,  21.4,   1.0, 0.100
2025-10-27 11:07:55,        0,  29.6,   1.9,  25.0,  1.629,  0.262,  0.000,4701577.1,  1,  21.4,   1.0, 0.100
2025-10-27 11:07:56,        0,  29.5,   1.4,  25.0,  1.199,  0.007,  0.000,4701593.5,  1,  21.4,   1.0, 0.100
2025-10-27 11:07:57,        0,  29.6,   1.7,  25.0,  1.081, -0.007,  0.000,4701587.6,  1,  21.4,   1.0, 0.100
2025-10-27 11:07:58,        0,  29.7,   2.0,  25.0,  1.035, -0.008,  0.000,4701580.1,  1,  21.4,   1.0, 0.100
2025-10-27 11:07:59,        0,  29.5,   1.5,  25.0,  0.997, -0.009,  0.000,4701572.1,  1,  21.4,   1.0, 0.100
2025-10-27 11:08:00,        0,  29.6,   1.7,  25.0,  0.945, -0.009,  0.000,4701563.3,  1,  21.4,   1.0, 0.100
2025-10-27 11:08:01,        0,  29.7,   2.2,  25.0,  0.915, -0.009,  0.000,4701552.8,  1,  21.4,   1.0, 0.100
2025-10-27 11:08:02,        0,  29.6,   1.7,  25.0,  0.878, -0.010,  0.000,4701543.2,  1,  21.4,   1.0, 0.100
2025-10-27 11:08:03,        0,  29.6,   1.9,  25.0,  0.857, -0.010,  0.000,4701534.4,  1,  21.4,   1.0, 0.100
2025-10-27 11:08:04,        0,  29.7,   2.0,  25.0,  0.840, -0.010,  0.000,4701524.7,  1,  21.5,   1.0, 0.100
2025-10-27 11:08:05,        0,  29.7,   2.0,  25.0,  0.815, -0.010,  0.000,4701515.1,  1,  21.4,   1.0, 0.100
2025-10-27 11:08:06,        0,  29.7,   2.2,  25.0,  0.800, -0.009,  0.000,4701503.8,  1,  21.4,   1.0, 0.100
2025-10-27 11:08:07,        0,  29.8,   2.5,  25.0,  0.780, -0.010,  0.000,4701494.6,  1,  21.4,   0.9, 0.100
2025-10-27 11:08:08,        0,  29.8,   2.4,  25.0,  0.768, -0.010,  0.000,4701485.3,  1,  21.4,   1.0, 0.100
2025-10-27 11:08:09,        0,  29.8,   2.5,  25.0,  0.756, -0.009,  0.000,4701476.1,  1,  21.4,   1.0, 0.100
2025-10-27 11:08:10,        0,  29.8,   2.4,  25.0,  0.739, -0.009,  0.000,4701465.6,  1,  21.4,   1.0, 0.100
2025-10-27 11:08:11,        0,  29.7,   2.2,  25.0,  0.723, -0.009,  0.000,4701456.4,  1,  21.4,   1.0, 0.100
2025-10-27 11:08:12,        0,  29.8,   2.4,  25.0,  0.712, -0.009,  0.000,4701447.6,  1,  21.4,   1.0, 0.100
2025-10-27 11:08:13,        0,  29.9,   2.7,  25.0,  3.490,  2.763,  0.014,4702913.2,  1,  21.4,   1.0, 0.100
2025-10-27 11:08:14,        0,  29.5,   1.5,  25.0,  1.510,  0.209,  0.000,4703757.3,  1,  21.4,   1.0, 0.100
2025-10-27 11:08:15,        0,  29.7,   2.0,  25.0,  1.134,  0.006,  0.000,4703770.7,  1,  21.4,   1.0, 0.100
2025-10-27 11:08:16,        0,  29.8,   2.4,  25.0,  1.019, -0.006,  0.000,4703766.1,  1,  21.4,   1.0, 0.100
2025-10-27 11:08:17,        0,  29.8,   2.5,  25.0,  0.972, -0.007,  0.000,4703758.5,  1,  21.4,   1.0, 0.100
2025-10-27 11:08:18,        0,  29.7,   2.0,  25.0,  0.932, -0.008,  0.000,4703751.4,  1,  21.4,   0.9, 0.100
2025-10-27 11:08:19,        0,  29.8,   2.4,  25.0,  0.880, -0.008,  0.000,4703742.2,  1,  21.4,   1.0, 0.100
2025-10-27 11:08:20,        0,  29.7,   2.2,  25.0,  0.850, -0.009,  0.000,4703734.2,  1,  21.4,   1.0, 0.100
2025-10-27 11:08:21,        0,  29.9,   2.7,  25.0,  0.812, -0.008,  0.000,4703726.2,  1,  21.4,   0.9, 0.100
2025-10-27 11:08:22,        0,  29.8,   2.5,  25.0,  0.792, -0.009,  0.000,4703717.9,  1,  21.4,   0.9, 0.100
2025-10-27 11:08:23,        0,  29.8,   2.5,  25.0,  0.773, -0.009,  0.000,4703709.1,  1,  21.4,   1.0, 0.100
2025-10-27 11:08:24,        0,  29.8,   2.5,  25.0,  3.811,  2.816,  0.013,4706025.0,  1,  21.4,   0.9, 0.100
2025-10-27 11:08:25,        0,  29.5,   1.5,  25.0,  4.153,  3.215,  0.015,4708474.6,  1,  21.4,   1.0, 0.100
2025-10-27 11:08:26,        0,  29.5,   1.5,  25.0,  1.158,  0.020,  0.000,4708525.3,  1,  21.4,   0.9, 0.100
2025-10-27 11:08:27,        0,  29.6,   1.7,  25.0,  1.043, -0.002,  0.000,4708523.2,  1,  21.4,   0.9, 0.100
2025-10-27 11:08:28,        0,  29.6,   1.9,  25.0,  0.961, -0.007,  0.000,4708516.1,  1,  21.4,   0.9, 0.100
2025-10-27 11:08:29,        0,  29.7,   2.0,  25.0,  0.919, -0.007,  0.000,4708509.4,  1,  21.4,   1.0, 0.100
2025-10-27 11:08:30,        0,  29.7,   2.0,  25.0,  0.868, -0.008,  0.000,4708501.8,  1,  21.4,   0.9, 0.100
2025-10-27 11:08:31,        0,  29.6,   1.9,  25.0,  0.839, -0.008,  0.000,4708494.3,  1,  21.4,   0.9, 0.100
2025-10-27 11:08:32,        0,  29.7,   2.0,  25.0,  0.814, -0.009,  0.000,4708485.9,  1,  21.4,   1.0, 0.100
2025-10-27 11:08:33,        0,  29.7,   2.2,  25.0,  0.781, -0.009,  0.000,4708475.4,  1,  21.4,   1.0, 0.100
2025-10-27 11:08:34,        0,  29.7,   2.0,  25.0,  0.763, -0.009,  0.000,4708467.5,  1,  21.4,   1.0, 0.100
2025-10-27 11:08:35,        0,  29.7,   2.2,  25.0,  0.739, -0.008,  0.000,4708459.1,  1,  21.4,   1.0, 0.100
2025-10-27 11:08:36,        0,  29.7,   2.2,  25.0,  0.725, -0.009,  0.000,4708450.7,  1,  21.4,   1.0, 0.100
2025-10-27 11:08:37,        0,  29.7,   2.0,  25.0,  0.706, -0.009,  0.000,4708440.2,  1,  21.4,   1.0, 0.100
2025-10-27 11:08:38,        0,  29.7,   2.2,  25.0,  0.694, -0.009,  0.000,4708432.3,  1,  21.4,   1.0, 0.100
2025-10-27 11:08:39,        0,  29.7,   2.0,  25.0,  0.682, -0.009,  0.000,4708423.5,  1,  21.4,   0.9, 0.100
2025-10-27 11:08:40,        0,  29.7,   2.2,  25.0,  0.667, -0.008,  0.000,4708415.5,  1,  21.4,   1.0, 0.100
2025-10-27 11:08:41,        0,  29.7,   2.2,  25.0,  0.653, -0.008,  0.000,4708405.9,  1,  21.4,   1.0, 0.100
2025-10-27 11:08:42,        0,  29.7,   2.2,  25.0,  0.643, -0.008,  0.000,4708397.9,  1,  21.4,   0.9, 0.100
2025-10-27 11:08:43,        0,  29.8,   2.4,  25.0,  0.635, -0.008,  0.000,4708389.9,  1,  21.4,   1.0, 0.100
2025-10-27 11:08:44,        0,  29.7,   2.2,  25.0,  0.627, -0.008,  0.000,4708382.0,  1,  21.4,   1.0, 0.100
2025-10-27 11:08:45,        0,  29.8,   2.5,  25.0,  0.615, -0.008,  0.000,4708374.0,  1,  21.4,   0.9, 0.100
2025-10-27 11:08:46,        0,  29.8,   2.4,  25.0,  0.604, -0.008,  0.000,4708364.4,  1,  21.4,   0.9, 0.100
2025-10-27 11:08:47,        0,  29.7,   2.2,  25.0,  0.597, -0.008,  0.000,4708356.8,  1,  21.4,   0.9, 0.100
2025-10-27 11:08:48,        0,  29.8,   2.5,  25.0,  0.590, -0.008,  0.000,4708349.3,  1,  21.4,   0.9, 0.100
2025-10-27 11:08:49,        0,  29.7,   2.0,  25.0,  0.580, -0.008,  0.000,4708342.2,  1,  21.4,   1.0, 0.100
2025-10-27 11:08:50,        0,  29.8,   2.5,  25.0,  0.575, -0.008,  0.000,4708332.5,  1,  21.4,   1.0, 0.100
2025-10-27 11:08:51,        0,  29.8,   2.5,  25.0,  0.566, -0.008,  0.000,4708325.0,  1,  21.4,   1.0, 0.100
2025-10-27 11:08:52,        0,  29.8,   2.5,  25.0,  0.561, -0.007,  0.000,4708317.9,  1,  21.4,   1.0, 0.100
2025-10-27 11:08:53,        0,  29.8,   2.5,  25.0,  0.556, -0.007,  0.000,4708310.7,  1,  21.4,   1.0, 0.100
2025-10-27 11:08:54,        0,  29.8,   2.5,  25.0,  0.548, -0.007,  0.000,4708303.6,  1,  21.4,   1.0, 0.100
2025-10-27 11:08:55,        0,  29.8,   2.4,  25.0,  0.543, -0.008,  0.000,4708294.8,  1,  21.4,   1.0, 0.100
2025-10-27 11:08:56,        0,  29.9,   2.7,  25.0,  0.536, -0.007,  0.000,4708287.7,  1,  21.4,   1.0, 0.100
2025-10-27 11:08:57,        0,  29.9,   2.7,  25.0,  5.100,  4.377,  0.022,4712051.6,  1,  21.4,   1.0, 0.100
2025-10-27 11:08:58,        0,  29.8,   2.4,  25.0,  5.028,  4.281,  0.022,4714947.5,  1,  21.4,   1.0, 0.100
2025-10-27 11:08:59,        0,  29.5,   1.4,  25.0,  1.127,  0.017,  0.000,4714997.0,  1,  21.4,   1.0, 0.100
2025-10-27 11:09:00,        0,  29.2,   0.7,  25.0,  1.016, -0.002,  0.000,4714994.0,  1,  21.4,   1.0, 0.100
2025-10-27 11:09:01,        0,  29.6,   1.9,  25.0,  0.938, -0.007,  0.000,4714987.8,  1,  21.4,   1.0, 0.100
2025-10-27 11:09:02,        0,  29.6,   1.7,  25.0,  0.898, -0.007,  0.000,4714981.0,  1,  21.4,   1.0, 0.100
2025-10-27 11:09:03,        0,  29.5,   1.5,  25.0,  0.848, -0.007,  0.000,4714972.7,  1,  21.4,   1.0, 0.100
2025-10-27 11:09:04,        0,  29.5,   1.5,  25.0,  0.819, -0.008,  0.000,4714964.7,  1,  21.4,   1.0, 0.100
2025-10-27 11:09:05,        0,  29.6,   1.7,  25.0,  0.782, -0.008,  0.000,4714957.2,  1,  21.4,   0.9, 0.100
2025-10-27 11:09:06,        0,  29.6,   1.7,  25.0,  0.761, -0.008,  0.000,4714949.6,  1,  21.4,   0.9, 0.100
2025-10-27 11:09:07,        0,  29.5,   1.5,  25.0,  0.742, -0.008,  0.000,4714941.7,  1,  21.4,   0.9, 0.100
2025-10-27 11:09:08,        0,  29.6,   1.7,  25.0,  0.719, -0.008,  0.000,4714932.0,  1,  21.4,   0.9, 0.100
2025-10-27 11:09:09,        0,  29.5,   1.5,  25.0,  0.704, -0.009,  0.000,4714924.1,  1,  21.4,   0.9, 0.100
2025-10-27 11:09:10,        0,  29.5,   1.5,  25.0,  0.684, -0.008,  0.000,4714915.7,  1,  21.4,   0.9, 0.100
2025-10-27 11:09:11,        0,  29.6,   1.7,  25.0,  0.672, -0.008,  0.000,4714908.1,  1,  21.4,   0.9, 0.100
2025-10-27 11:09:12,        0,  29.6,   1.9,  25.0,  0.655, -0.008,  0.000,4714898.5,  1,  21.4,   0.9, 0.100
2025-10-27 11:09:13,        0,  29.6,   1.7,  25.0,  0.645, -0.008,  0.000,4714890.9,  1,  21.4,   0.8, 0.100
2025-10-27 11:09:14,        0,  29.6,   1.9,  25.0,  0.634, -0.008,  0.000,4714883.4,  1,  21.4,   0.8, 0.100
2025-10-27 11:09:15,        0,  29.6,   1.7,  25.0,  0.621, -0.008,  0.000,4714875.9,  1,  21.4,   0.8, 0.100
2025-10-27 11:09:16,        0,  29.6,   1.9,  25.0,  0.612, -0.008,  0.000,4714867.9,  1,  21.4,   0.9, 0.100
2025-10-27 11:09:17,        0,  29.6,   1.9,  25.0,  0.599, -0.008,  0.000,4714859.1,  1,  21.4,   0.8, 0.100
2025-10-27 11:09:18,        0,  29.6,   1.7,  25.0,  0.591, -0.008,  0.000,4714851.5,  1,  21.4,   0.8, 0.100
2025-10-27 11:09:19,        0,  29.6,   1.9,  25.0,  0.583, -0.007,  0.000,4714844.4,  1,  21.4,   0.8, 0.100
2025-10-27 11:09:20,        0,  29.6,   1.7,  25.0,  0.573, -0.008,  0.000,4714836.9,  1,  21.4,   0.8, 0.100
2025-10-27 11:09:21,        0,  29.6,   1.7,  25.0,  0.562, -0.008,  0.000,4714828.1,  1,  21.4,   0.8, 0.100
2025-10-27 11:09:22,        0,  29.6,   1.9,  25.0,  0.556, -0.007,  0.000,4714821.0,  1,  21.4,   0.8, 0.100
2025-10-27 11:09:23,        0,  29.6,   1.7,  25.0,  0.550, -0.007,  0.000,4714813.8,  1,  21.4,   0.9, 0.100
2025-10-27 11:09:24,        0,  29.6,   1.7,  25.0,  0.541, -0.007,  0.000,4714806.7,  1,  21.4,   0.9, 0.100
2025-10-27 11:09:25,        0,  29.6,   1.9,  25.0,  0.535, -0.007,  0.000,4714799.6,  1,  21.4,   0.9, 0.100
2025-10-27 11:09:26,        0,  29.6,   1.9,  25.0,  0.527, -0.007,  0.000,4714791.2,  1,  21.4,   0.9, 0.100
2025-10-27 11:09:27,        0,  29.6,   1.9,  25.0,  0.522, -0.007,  0.000,4714784.5,  1,  21.4,   0.9, 0.100
2025-10-27 11:09:28,        0,  29.7,   2.0,  25.0,  0.518, -0.007,  0.000,4714777.8,  1,  21.4,   0.9, 0.100
2025-10-27 11:09:29,        0,  29.6,   1.9,  25.0,  0.511, -0.007,  0.000,4714770.7,  1,  21.4,   0.9, 0.100
2025-10-27 11:09:30,        0,  29.6,   1.9,  25.0,  0.506, -0.007,  0.000,4714762.7,  1,  21.4,   0.9, 0.100
2025-10-27 11:09:31,        0,  29.6,   1.9,  25.0,  0.500, -0.007,  0.000,4714756.0,  1,  21.4,   0.9, 0.100
2025-10-27 11:09:32,        0,  29.6,   1.9,  25.0,  0.495, -0.007,  0.000,4714749.3,  1,  21.4,   0.9, 0.100
2025-10-27 11:09:33,        0,  29.7,   2.0,  25.0,  0.492, -0.007,  0.000,4714742.6,  1,  21.4,   0.9, 0.100
2025-10-27 11:09:34,        0,  29.6,   1.9,  25.0,  0.486, -0.007,  0.000,4714735.0,  1,  21.4,   0.9, 0.100
2025-10-27 11:09:35,        0,  29.6,   1.9,  25.0,  0.482, -0.007,  0.000,4714728.3,  1,  21.4,   0.9, 0.100
2025-10-27 11:09:36,        0,  29.7,   2.0,  25.0,  0.477, -0.007,  0.000,4714722.0,  1,  21.4,   0.9, 0.100
2025-10-27 11:09:37,        0,  29.7,   2.0,  25.0,  0.473, -0.007,  0.000,4714715.3,  1,  21.4,   0.9, 0.100
2025-10-27 11:09:38,        0,  29.7,   2.0,  25.0,  0.470, -0.007,  0.000,4714709.5,  1,  21.4,   0.9, 0.100
2025-10-27 11:09:39,        0,  29.6,   1.9,  25.0,  0.464, -0.006,  0.000,4714701.5,  1,  21.4,   0.8, 0.100
2025-10-27 11:09:40,        0,  29.7,   2.2,  25.0,  0.460, -0.007,  0.000,4714695.6,  1,  21.4,   0.8, 0.100
2025-10-27 11:09:41,        0,  29.6,   1.9,  25.0,  0.457, -0.007,  0.000,4714689.4,  1,  21.4,   0.9, 0.100
2025-10-27 11:09:42,        0,  29.7,   2.0,  25.0,  0.454, -0.006,  0.000,4714683.1,  1,  21.4,   0.9, 0.100
2025-10-27 11:09:43,        0,  29.7,   2.2,  25.0,  0.450, -0.006,  0.000,4714676.4,  1,  21.4,   0.8, 0.100
2025-10-27 11:09:44,        0,  29.6,   1.9,  25.0,  0.447, -0.006,  0.000,4714670.1,  1,  21.4,   0.9, 0.100
2025-10-27 11:09:45,        0,  29.7,   2.2,  25.0,  0.442, -0.006,  0.000,4714663.8,  1,  21.4,   0.8, 0.100
2025-10-27 11:09:46,        0,  29.7,   2.0,  25.0,  0.439, -0.007,  0.000,4714657.9,  1,  21.4,   0.8, 0.100
2025-10-27 11:09:47,        0,  29.7,   2.0,  25.0,  0.437, -0.006,  0.000,4714652.1,  1,  21.4,   0.8, 0.100
2025-10-27 11:09:48,        0,  29.7,   2.2,  25.0,  0.433, -0.006,  0.000,4714644.9,  1,  21.4,   0.8, 0.100
2025-10-27 11:09:49,        0,  29.7,   2.2,  25.0,  0.431, -0.006,  0.000,4714639.1,  1,  21.4,   0.8, 0.100
2025-10-27 11:09:50,        0,  29.6,   1.9,  25.0,  0.427, -0.006,  0.000,4714633.6,  1,  21.4,   0.8, 0.100
2025-10-27 11:09:51,        0,  29.7,   2.2,  25.0,  0.424, -0.006,  0.000,4714627.8,  1,  21.4,   0.8, 0.100
2025-10-27 11:09:52,        0,  29.7,   2.2,  25.0,  0.421, -0.006,  0.000,4714620.6,  1,  21.4,   0.9, 0.100
2025-10-27 11:09:53,        0,  29.7,   2.2,  25.0,  0.418, -0.006,  0.000,4714614.8,  1,  21.4,   0.8, 0.100
2025-10-27 11:09:54,        0,  29.7,   2.2,  25.0,  0.416, -0.006,  0.000,4714609.3,  1,  21.4,   0.8, 0.100
2025-10-27 11:09:55,        0,  29.7,   2.2,  25.0,  0.412, -0.006,  0.000,4714602.6,  1,  21.4,   0.8, 0.100
2025-10-27 11:09:56,        0,  29.7,   2.2,  25.0,  0.410, -0.005,  0.000,4714597.2,  1,  21.4,   0.8, 0.100
2025-10-27 11:09:57,        0,  29.7,   2.2,  25.0,  0.407, -0.006,  0.000,4714591.7,  1,  21.4,   0.8, 0.100
2025-10-27 11:09:58,        0,  29.7,   2.2,  25.0,  0.405, -0.006,  0.000,4714585.8,  1,  21.4,   0.8, 0.100
2025-10-27 11:09:59,        0,  29.7,   2.2,  25.0,  0.402, -0.006,  0.000,4714579.1,  1,  21.4,   0.8, 0.100
2025-10-27 11:10:00,        0,  29.7,   2.0,  25.0,  0.399, -0.006,  0.000,4714573.3,  1,  21.4,   0.8, 0.100
2025-10-27 11:10:01,        0,  29.7,   2.2,  25.0,  0.397, -0.006,  0.000,4714567.8,  1,  21.4,   0.8, 0.100
2025-10-27 11:10:02,        0,  29.7,   2.2,  25.0,  0.394, -0.006,  0.000,4714562.4,  1,  21.4,   0.8, 0.100
2025-10-27 11:10:03,        0,  29.7,   2.2,  25.0,  0.392, -0.005,  0.000,4714556.5,  1,  21.4,   0.8, 0.100
2025-10-27 11:10:04,        0,  29.7,   2.2,  25.0,  0.389, -0.006,  0.000,4714550.6,  1,  21.4,   0.8, 0.100
2025-10-27 11:10:05,        0,  29.7,   2.2,  25.0,  0.387, -0.005,  0.000,4714544.8,  1,  21.4,   0.8, 0.100
2025-10-27 11:10:06,        0,  29.7,   2.2,  25.0,  0.385, -0.005,  0.000,4714539.3,  1,  21.4,   0.8, 0.100
2025-10-27 11:10:07,        0,  29.8,   2.4,  25.0,  0.382, -0.005,  0.000,4714534.3,  1,  21.4,   0.8, 0.100
2025-10-27 11:10:08,        0,  29.7,   2.2,  25.0,  0.379, -0.006,  0.000,4714527.6,  1,  21.4,   0.8, 0.100
2025-10-27 11:10:09,        0,  29.7,   2.2,  25.0,  0.377, -0.005,  0.000,4714522.6,  1,  21.4,   0.9, 0.100
2025-10-27 11:10:10,        0,  29.8,   2.4,  25.0,  0.375, -0.005,  0.000,4714517.1,  1,  21.4,   0.9, 0.100
2025-10-27 11:10:11,        0,  29.7,   2.2,  25.0,  0.372, -0.005,  0.000,4714512.5,  1,  21.4,   0.9, 0.100
2025-10-27 11:10:12,        0,  29.8,   2.4,  25.0,  0.370, -0.005,  0.000,4714506.6,  1,  21.4,   0.9, 0.100
2025-10-27 11:10:13,        0,  29.7,   2.2,  25.0,  0.367, -0.005,  0.000,4714501.2,  1,  21.4,   0.9, 0.100
2025-10-27 11:10:14,        0,  29.7,   2.2,  25.0,  0.365, -0.005,  0.000,4714496.2,  1,  21.5,   0.9, 0.100
2025-10-27 11:10:15,        0,  29.8,   2.4,  25.0,  0.364, -0.005,  0.000,4714490.7,  1,  21.5,   0.9, 0.100
2025-10-27 11:10:16,        0,  29.7,   2.2,  25.0,  0.361, -0.005,  0.000,4714485.3,  1,  21.4,   0.9, 0.100
2025-10-27 11:10:17,        0,  29.7,   2.2,  25.0,  0.359, -0.005,  0.000,4714480.2,  1,  21.5,   0.9, 0.100
2025-10-27 11:10:18,        0,  29.7,   2.2,  25.0,  0.356, -0.005,  0.000,4714475.6,  1,  21.4,   0.9, 0.100
2025-10-27 11:10:19,        0,  29.7,   2.2,  25.0,  0.355, -0.005,  0.000,4714471.0,  1,  21.4,   1.0, 0.100
2025-10-27 11:10:20,        0,  29.7,   2.2,  25.0,  0.352, -0.005,  0.000,4714465.1,  1,  21.4,   1.0, 0.100
2025-10-27 11:10:21,        0,  29.8,   2.4,  25.0,  0.351, -0.005,  0.000,4714460.5,  1,  21.4,   0.9, 0.100
2025-10-27 11:10:22,        0,  29.8,   2.4,  25.0,  0.348, -0.005,  0.000,4714455.5,  1,  21.4,   0.9, 0.100
2025-10-27 11:10:23,        0,  29.8,   2.4,  25.0,  0.346, -0.005,  0.000,4714450.9,  1,  21.4,   1.0, 0.100
2025-10-27 11:10:24,        0,  29.8,   2.4,  25.0,  0.344, -0.005,  0.000,4714446.7,  1,  21.5,   1.0, 0.100
2025-10-27 11:10:25,        0,  29.7,   2.2,  25.0,  0.342, -0.005,  0.000,4714440.4,  1,  21.4,   0.9, 0.100
2025-10-27 11:10:26,        0,  29.7,   2.2,  25.0,  0.340, -0.005,  0.000,4714436.2,  1,  21.4,   0.9, 0.100
2025-10-27 11:10:27,        0,  29.8,   2.4,  25.0,  0.338, -0.005,  0.000,4714430.8,  1,  21.5,   0.9, 0.100
2025-10-27 11:10:28,        0,  29.7,   2.2,  25.0,  0.336, -0.005,  0.000,4714426.6,  1,  21.5,   0.9, 0.100
2025-10-27 11:10:29,        0,  29.7,   2.2,  25.0,  0.333, -0.005,  0.000,4714420.7,  1,  21.4,   0.9, 0.100
2025-10-27 11:10:30,        0,  29.8,   2.4,  25.0,  0.332, -0.004,  0.000,4714416.5,  1,  21.4,   0.9, 0.100
2025-10-27 11:10:31,        0,  29.8,   2.4,  25.0,  0.330, -0.005,  0.000,4714411.9,  1,  21.4,   0.9, 0.100
2025-10-27 11:10:32,        0,  29.8,   2.4,  25.0,  0.327, -0.005,  0.000,4714407.3,  1,  21.5,   0.9, 0.100
2025-10-27 11:10:33,        0,  29.8,   2.4,  25.0,  0.326, -0.005,  0.000,4714402.3,  1,  21.5,   0.9, 0.100
2025-10-27 11:10:34,        0,  29.8,   2.4,  25.0,  0.323, -0.005,  0.000,4714398.1,  1,  21.5,   0.9, 0.100
2025-10-27 11:10:35,        0,  29.8,   2.4,  25.0,  0.322, -0.005,  0.000,4714393.1,  1,  21.5,   1.0, 0.100
2025-10-27 11:10:36,        0,  29.8,   2.4,  25.0,  0.321, -0.005,  0.000,4714389.3,  1,  21.4,   0.9, 0.100
2025-10-27 11:10:37,        0,  29.8,   2.5,  25.0,  0.318, -0.004,  0.000,4714385.1,  1,  21.5,   0.9, 0.100
2025-10-27 11:10:38,        0,  29.8,   2.5,  25.0,  0.316, -0.005,  0.000,4714379.2,  1,  21.5,   1.0, 0.100
2025-10-27 11:10:39,        0,  29.8,   2.4,  25.0,  0.314, -0.005,  0.000,4714375.0,  1,  21.4,   0.9, 0.100
2025-10-27 11:10:40,        0,  29.8,   2.4,  25.0,  0.313, -0.005,  0.000,4714370.8,  1,  21.5,   0.9, 0.100
2025-10-27 11:10:41,        0,  29.7,   2.2,  25.0,  0.311, -0.004,  0.000,4714365.8,  1,  21.5,   0.9, 0.100
2025-10-27 11:10:42,        0,  29.8,   2.4,  25.0,  0.309, -0.004,  0.000,4714361.2,  1,  21.5,   0.9, 0.100
2025-10-27 11:10:43,        0,  29.7,   2.2,  25.0,  0.307, -0.005,  0.000,4714357.0,  1,  21.4,   1.0, 0.100
2025-10-27 11:10:44,        0,  29.8,   2.4,  25.0,  0.305, -0.004,  0.000,4714353.2,  1,  21.5,   1.0, 0.100
2025-10-27 11:10:45,        0,  29.8,   2.5,  25.0,  0.303, -0.004,  0.000,4714348.6,  1,  21.5,   0.9, 0.100
2025-10-27 11:10:46,        0,  29.8,   2.5,  25.0,  0.301, -0.004,  0.000,4714344.4,  1,  21.5,   1.0, 0.100
2025-10-27 11:10:47,        0,  29.8,   2.4,  25.0,  0.299, -0.004,  0.000,4714339.8,  1,  21.5,   1.0, 0.100
2025-10-27 11:10:48,        0,  29.8,   2.4,  25.0,  0.297, -0.004,  0.000,4714336.1,  1,  21.5,   1.0, 0.100
2025-10-27 11:10:49,        0,  29.8,   2.4,  25.0,  0.296, -0.005,  0.000,4714331.4,  1,  21.5,   1.0, 0.100
2025-10-27 11:10:50,        0,  29.8,   2.4,  25.0,  0.295, -0.004,  0.000,4714327.7,  1,  21.5,   1.0, 0.100
2025-10-27 11:10:51,        0,  29.8,   2.4,  25.0,  0.292, -0.005,  0.000,4714322.6,  1,  21.4,   1.0, 0.100
2025-10-27 11:10:52,        0,  29.8,   2.4,  25.0,  0.291, -0.004,  0.000,4714318.9,  1,  21.5,   1.0, 0.100
2025-10-27 11:10:53,        0,  29.7,   2.2,  25.0,  0.288, -0.004,  0.000,4714315.1,  1,  21.5,   1.0, 0.100
2025-10-27 11:10:54,        0,  29.8,   2.4,  25.0,  0.287, -0.004,  0.000,4714310.5,  1,  21.5,   1.0, 0.100
2025-10-27 11:10:55,        0,  29.8,   2.4,  25.0,  0.285, -0.004,  0.000,4714306.3,  1,  21.5,   1.0, 0.100
2025-10-27 11:10:56,        0,  29.8,   2.4,  25.0,  0.284, -0.004,  0.000,4714302.1,  1,  21.5,   1.0, 0.100
2025-10-27 11:10:57,        0,  29.8,   2.4,  25.0,  0.282, -0.004,  0.000,4714298.3,  1,  21.5,   1.0, 0.100
2025-10-27 11:10:58,        0,  29.8,   2.5,  25.0,  0.280, -0.003,  0.000,4714295.0,  1,  21.5,   1.0, 0.100
2025-10-27 11:10:59,        0,  29.8,   2.4,  25.0,  0.278, -0.003,  0.000,4714290.8,  1,  21.5,   1.0, 0.100
2025-10-27 11:11:00,        0,  29.8,   2.4,  25.0,  0.276, -0.004,  0.000,4714286.6,  1,  21.5,   1.0, 0.100
2025-10-27 11:11:01,        0,  29.8,   2.5,  25.0,  0.275, -0.004,  0.000,4714282.8,  1,  21.5,   1.0, 0.100
2025-10-27 11:11:02,        0,  29.7,   2.2,  25.0,  0.274, -0.004,  0.000,4714279.1,  1,  21.5,   1.0, 0.100
2025-10-27 11:11:03,        0,  29.8,   2.5,  25.0,  0.272, -0.003,  0.000,4714275.7,  1,  21.5,   1.0, 0.100
2025-10-27 11:11:04,        0,  29.8,   2.5,  25.0,  0.271, -0.004,  0.000,4714271.1,  1,  21.5,   1.0, 0.100
2025-10-27 11:11:05,        0,  29.8,   2.5,  25.0,  0.269, -0.003,  0.000,4714267.7,  1,  21.5,   1.0, 0.100
2025-10-27 11:11:06,        0,  29.8,   2.4,  25.0,  0.268, -0.004,  0.000,4714264.0,  1,  21.5,   1.0, 0.100
2025-10-27 11:11:07,        0,  29.8,   2.5,  24.9,  0.266, -0.004,  0.000,4714260.2,  1,  21.5,   1.0, 0.100
2025-10-27 11:11:08,        0,  29.8,   2.5,  25.0,  0.264, -0.004,  0.000,4714256.0,  1,  21.5,   1.0, 0.100
2025-10-27 11:11:09,        0,  29.8,   2.4,  25.0,  0.262, -0.004,  0.000,4714251.8,  1,  21.5,   1.0, 0.100
2025-10-27 11:11:10,        0,  29.8,   2.5,  25.0,  0.261, -0.004,  0.000,4714248.5,  1,  21.5,   1.0, 0.100
2025-10-27 11:11:11,        0,  29.8,   2.5,  25.0,  0.260, -0.004,  0.000,4714244.7,  1,  21.5,   1.0, 0.100
2025-10-27 11:11:12,        0,  29.8,   2.5,  25.0,  0.258, -0.003,  0.000,4714240.9,  1,  21.5,   1.0, 0.100
2025-10-27 11:11:13,        0,  29.8,   2.4,  25.0,  0.258, -0.003,  0.000,4714237.6,  1,  21.5,   1.0, 0.100
2025-10-27 11:11:14,        0,  29.8,   2.5,  25.0,  0.255, -0.004,  0.000,4714233.8,  1,  21.5,   1.0, 0.100
