Time, Cnts,  %T, set_Cell[mA], Cell[°C], Cell[Volt], Cell[mA], Cell[W], Cell[uAs], Cell_ON, Env[°C], TEC[°C], N2Flow[slpm]
2025-11-11 10:39:00,        0,  29.5,   1.6,  24.8,  0.460, -0.005,  0.000,     -2.0,  1,  22.3,   1.0, 0.100
2025-11-11 10:39:00,        0,  29.5,   1.6,  24.8,  0.447, -0.006,  0.000,     -7.4,  1,  22.3,   1.0, 0.100
2025-11-11 10:39:01,        0,  29.6,   1.8,  24.8,  0.439, -0.005,  0.000,    -12.3,  1,  22.3,   1.0, 0.100
2025-11-11 10:39:02,        0,  29.6,   1.8,  24.9,  0.431, -0.005,  0.000,    -17.5,  1,  22.3,   1.0, 0.100
2025-11-11 10:39:03,        0,  29.7,   2.0,  24.9,  0.421, -0.005,  0.000,    -22.3,  1,  22.4,   1.0, 0.100
2025-11-11 10:39:04,        0,  29.7,   2.0,  24.9,  0.414, -0.005,  0.000,    -27.2,  1,  22.4,   1.0, 0.100
2025-11-11 10:39:05,        0,  29.7,   2.0,  24.9,  0.405, -0.005,  0.000,    -32.9,  1,  22.4,   1.0, 0.100
2025-11-11 10:39:06,        0,  29.7,   2.0,  24.9,  0.398, -0.005,  0.000,    -37.8,  1,  22.3,   0.9, 0.100
2025-11-11 10:39:07,        0,  29.6,   1.8,  24.9,  0.392, -0.005,  0.000,    -42.3,  1,  22.4,   1.0, 0.100
2025-11-11 10:39:09,        0,  29.7,   2.0,  24.9,  0.383, -0.005,  0.000,    -47.8,  1,  22.4,   0.9, 0.100
2025-11-11 10:39:09,        0,  29.7,   2.0,  25.0,  0.374, -0.005,  0.000,    -52.4,  1,  22.4,   0.9, 0.100
2025-11-11 10:39:10,        0,  29.7,   2.1,  24.9,  0.369, -0.005,  0.000,    -56.6,  1,  22.3,   0.9, 0.100
2025-11-11 10:39:11,        0,  29.6,   1.8,  24.9,  0.363, -0.005,  0.000,    -60.9,  1,  22.3,   0.9, 0.100
2025-11-11 10:39:12,        0,  29.7,   2.1,  24.9,  0.356, -0.004,  0.000,    -66.1,  1,  22.4,   0.9, 0.100
2025-11-11 10:39:13,        0,  29.7,   2.0,  24.9,  0.352, -0.005,  0.000,    -70.7,  1,  22.4,   0.9, 0.100
2025-11-11 10:39:14,        0,  29.7,   2.1,  24.9,  0.344, -0.005,  0.000,    -75.0,  1,  22.4,   0.9, 0.100
2025-11-11 10:39:15,        0,  29.7,   2.1,  24.9,  0.340, -0.004,  0.000,    -79.0,  1,  22.4,   0.9, 0.099
2025-11-11 10:39:16,        0,  29.7,   2.1,  24.9,  0.333, -0.004,  0.000,    -83.8,  1,  22.3,   0.9, 0.100
2025-11-11 10:39:17,        0,  29.8,   2.3,  24.9,  0.328, -0.004,  0.000,    -88.1,  1,  22.4,   0.9, 0.100
2025-11-11 10:39:18,        0,  29.8,   2.5,  24.9,  0.324, -0.004,  0.000,    -91.8,  1,  22.4,   0.8, 0.100
2025-11-11 10:39:19,        0,  30.0,   3.0,  24.9,  0.344,  0.013,  0.000,   1753.5,  1,  22.4,   0.9, 0.099
2025-11-11 10:39:20,        0,  30.1,   3.3,  24.9,  7.366,  4.956,  0.037,   7323.1,  1,  22.4,   0.9, 0.100
2025-11-11 10:39:21,        0,  30.4,   4.1,  24.9,  6.949,  4.603,  0.032,  11719.9,  1,  22.3,   0.9, 0.100
2025-11-11 10:39:22,        0,  30.7,   5.1,  24.9,  7.474,  5.053,  0.038,  16735.0,  1,  22.3,   0.9, 0.100
2025-11-11 10:39:23,        0,  30.6,   4.9,  24.8, 11.095,  8.163,  0.091,  25269.4,  1,  22.3,   0.8, 0.101
2025-11-11 10:39:24,        0,  32.1,   9.2,  24.9, 11.709,  8.696,  0.103,  33349.5,  1,  22.4,   0.9, 0.106
2025-11-11 10:39:25,        0,  32.1,   9.2,  24.9, 12.226,  9.152,  0.113,  42784.6,  1,  22.3,   0.8, 0.100
2025-11-11 10:39:26,        0,  33.8,  14.5,  24.8, 14.372, 11.009,  0.159,  54143.1,  1,  22.3,   0.8, 0.099
2025-11-11 10:39:27,        0,  34.6,  16.8,  24.8, 20.745, 16.572,  0.345,  74355.4,  1,  22.3,   0.8, 0.099
2025-11-11 10:39:28,        0,  34.3,  16.0,  24.8, 25.102, 20.450,  0.520,  92936.6,  1,  22.3,   0.8, 0.099
2025-11-11 10:39:29,        0,  36.7,  23.1,  24.8, 26.260, 21.505,  0.566, 112544.6,  1,  22.3,   0.8, 0.099
2025-11-11 10:39:30,        0,  37.5,  25.4,  24.8, 30.311, 25.171,  0.763, 136241.9,  1,  22.3,   0.8, 0.099
2025-11-11 10:39:31,        0,  37.8,  26.4,  24.8, 33.259, 27.949,  0.930, 169707.9,  1,  22.3,   0.8, 0.099
2025-11-11 10:39:32,        0,  39.2,  30.7,  24.8, 35.358, 29.947,  1.060, 198416.8,  1,  22.3,   0.8, 0.099
2025-11-11 10:39:33,        0,  39.7,  32.2,  24.8, 41.952, 36.198,  1.519, 231913.7,  1,  22.3,   0.8, 0.099
2025-11-11 10:39:34,        0,  43.0,  41.9,  24.8, 48.234, 42.212,  2.039, 270756.9,  1,  22.3,   0.8, 0.099
2025-11-11 10:39:35,        0,  40.2,  33.5,  24.8, 41.798, 36.841,  1.542, 318039.6,  1,  22.3,   0.8, 0.099
2025-11-11 10:39:36,        0,  41.5,  37.4,  24.8, 50.415, 45.019,  2.270, 358123.7,  1,  22.3,   0.8, 0.099
2025-11-11 10:39:37,        0,  42.6,  40.7,  24.9, 48.993, 43.996,  2.157, 397940.8,  1,  22.3,   0.8, 0.099
2025-11-11 10:39:38,        0,  43.2,  42.6,  24.8, 48.165, 43.487,  2.100, 439722.3,  1,  22.3,   0.8, 0.099
2025-11-11 10:39:39,        0,  42.8,  41.3,  25.0, 40.329, 36.233,  1.465, 488029.6,  1,  22.4,   0.9, 0.100
2025-11-11 10:39:40,        0,  40.6,  34.8,  24.9, 41.323, 37.367,  1.547, 527637.9,  1,  22.3,   0.8, 0.104
2025-11-11 10:39:41,        0,  42.2,  39.7,  24.9, 44.051, 39.986,  1.764, 566565.0,  1,  22.3,   0.8, 0.104
2025-11-11 10:39:42,        0,  43.8,  44.4,  24.8, 47.720, 43.654,  2.087, 608983.6,  1,  22.3,   0.8, 0.102
2025-11-11 10:39:43,        0,  39.4,  31.2,  24.9, 48.173, 44.382,  2.142, 662172.6,  1,  22.3,   0.8, 0.100
2025-11-11 10:39:44,        0,  39.9,  32.8,  24.9, 48.383, 44.590,  2.200, 703894.6,  1,  22.3,   0.8, 0.100
2025-11-11 10:39:45,        0,  42.0,  39.1,  24.8, 28.284, 25.231,  0.718, 731892.9,  1,  22.3,   0.8, 0.100
2025-11-11 10:39:46,        0,  38.8,  29.5,  24.9, 50.881, 47.015,  2.394, 773979.7,  1,  22.3,   0.8, 0.100
2025-11-11 10:39:47,        0,  39.7,  32.2,  24.9, 35.251, 31.847,  1.143, 808709.7,  1,  22.3,   0.8, 0.100
2025-11-11 10:39:48,        0,  38.0,  27.0,  24.9, 41.495, 37.804,  1.569, 842474.0,  1,  22.3,   0.8, 0.100
2025-11-11 10:39:49,        0,  40.0,  33.0,  24.9, 32.174, 28.830,  0.929, 870256.0,  1,  22.3,   0.8, 0.100
2025-11-11 10:39:50,        0,  38.2,  27.7,  24.9, 38.284, 34.603,  1.330, 904192.9,  1,  22.3,   0.8, 0.100
2025-11-11 10:39:51,        0,  40.7,  35.0,  24.9, 38.325, 34.554,  1.330, 942811.6,  1,  22.3,   0.8, 0.100
2025-11-11 10:39:52,        0,  34.7,  17.0,  24.9, 36.891, 33.250,  1.230, 975899.0,  1,  22.3,   0.8, 0.100
2025-11-11 10:39:53,        0,  33.3,  13.0,  24.9, 31.914, 28.373,  0.913,1001140.4,  1,  22.3,   0.8, 0.100
2025-11-11 10:39:54,        0,  40.1,  33.3,  24.9, 28.796, 25.351,  0.790,1029043.1,  1,  22.3,   0.9, 0.100
2025-11-11 10:39:55,        0,  36.0,  20.9,  25.0, 31.408, 27.893,  0.886,1062698.3,  1,  22.3,   0.9, 0.100
2025-11-11 10:39:56,        0,  38.7,  29.2,  24.9, 35.218, 31.363,  1.105,1090330.4,  1,  22.3,   0.9, 0.100
2025-11-11 10:39:57,        0,  34.1,  15.2,  24.9, 28.413, 24.915,  0.717,1116509.6,  1,  22.3,   0.9, 0.100
2025-11-11 10:39:58,        0,  37.6,  25.9,  24.9, 33.784, 29.876,  1.018,1142306.1,  1,  22.3,   0.9, 0.100
2025-11-11 10:39:59,        0,  36.9,  23.7,  25.0, 32.985, 29.150,  0.965,1176353.1,  1,  22.3,   0.9, 0.100
2025-11-11 10:40:00,        0,  37.7,  26.0,  24.9, 34.200, 30.249,  1.036,1203744.0,  1,  22.3,   0.9, 0.100
2025-11-11 10:40:01,        0,  36.4,  22.1,  24.9, 36.910, 32.723,  1.217,1230400.1,  1,  22.3,   0.9, 0.100
2025-11-11 10:40:02,        0,  37.9,  26.7,  25.0, 37.576, 33.407,  1.256,1259606.3,  1,  22.3,   0.9, 0.100
2025-11-11 10:40:03,        0,  38.6,  28.9,  24.9, 34.507, 30.481,  1.063,1291976.8,  1,  22.3,   1.0, 0.100
2025-11-11 10:40:04,        0,  38.5,  28.5,  25.0, 36.720, 32.617,  1.198,1322664.4,  1,  22.3,   0.9, 0.100
2025-11-11 10:40:05,        0,  38.3,  27.9,  25.0, 35.443, 31.458,  1.117,1350815.5,  1,  22.3,   1.0, 0.100
2025-11-11 10:40:06,        0,  35.0,  18.1,  25.0, 30.385, 26.643,  0.814,1377716.6,  1,  22.3,   0.9, 0.100
2025-11-11 10:40:07,        0,  38.2,  27.7,  25.0, 37.325, 33.115,  1.237,1412719.7,  1,  22.3,   1.0, 0.100
2025-11-11 10:40:08,        0,  39.3,  30.8,  25.0, 32.581, 28.725,  0.936,1441426.9,  1,  22.3,   0.9, 0.100
2025-11-11 10:40:09,        0,  39.3,  30.8,  25.0, 32.649, 28.799,  0.943,1471252.4,  1,  22.3,   0.9, 0.100
2025-11-11 10:40:10,        0,  40.8,  35.5,  25.0, 38.037, 33.890,  1.294,1504866.2,  1,  22.3,   0.9, 0.100
2025-11-11 10:40:11,        0,  40.1,  33.3,  25.0, 34.349, 30.517,  1.049,1542745.8,  1,  22.3,   0.9, 0.100
2025-11-11 10:40:12,        0,  37.6,  25.7,  25.0, 39.084, 35.010,  1.373,1574262.5,  1,  22.3,   0.9, 0.100
2025-11-11 10:40:13,        0,  39.4,  31.3,  25.0, 38.369, 34.296,  1.317,1605026.9,  1,  22.3,   0.9, 0.100
2025-11-11 10:40:14,        0,  40.3,  33.8,  25.0, 37.114, 33.151,  1.231,1637706.5,  1,  22.3,   0.9, 0.100
2025-11-11 10:40:15,        0,  40.2,  33.5,  25.0, 41.979, 38.029,  1.612,1683964.7,  1,  22.3,   0.9, 0.100
2025-11-11 10:40:16,        0,  40.5,  34.5,  25.0, 40.151, 36.333,  1.459,1718771.1,  1,  22.3,   0.9, 0.100
2025-11-11 10:40:17,        0,  41.7,  38.1,  25.0, 40.087, 36.298,  1.458,1753693.0,  1,  22.2,   0.9, 0.100
2025-11-11 10:40:18,        0,  42.1,  39.4,  25.0, 43.034, 39.249,  1.690,1792456.8,  1,  22.3,   0.9, 0.100
2025-11-11 10:40:19,        0,  39.0,  30.0,  25.0, 31.311, 28.114,  0.909,1824647.7,  1,  22.3,   0.9, 0.100
2025-11-11 10:40:20,        0,  36.0,  20.9,  25.0, 41.275, 37.684,  1.559,1867174.5,  1,  22.3,   0.9, 0.100
2025-11-11 10:40:21,        0,  39.3,  31.0,  25.0, 40.421, 36.817,  1.494,1899537.1,  1,  22.3,   0.9, 0.100
2025-11-11 10:40:22,        0,  40.9,  35.8,  25.0, 41.619, 38.002,  1.586,1936717.5,  1,  22.3,   0.9, 0.100
2025-11-11 10:40:23,        0,  38.6,  28.7,  25.0, 37.025, 33.618,  1.246,1970323.1,  1,  22.3,   0.9, 0.100
2025-11-11 10:40:24,        0,  38.6,  28.9,  25.0, 37.379, 33.982,  1.290,2012939.4,  1,  22.3,   0.9, 0.100
2025-11-11 10:40:25,        0,  42.1,  39.4,  25.0, 43.269, 39.650,  1.719,2048875.3,  1,  22.3,   0.9, 0.100
2025-11-11 10:40:26,        0,  39.1,  30.3,  25.0, 42.269, 38.818,  1.643,2087578.4,  1,  22.3,   0.9, 0.100
2025-11-11 10:40:27,        0,  40.1,  33.2,  25.0, 47.165, 43.668,  2.061,2125999.5,  1,  22.3,   0.9, 0.100
2025-11-11 10:40:28,        0,  41.3,  36.8,  25.0, 42.356, 39.053,  1.654,2169703.6,  1,  22.3,   0.9, 0.100
2025-11-11 10:40:29,        0,  40.3,  34.0,  25.0, 45.404, 42.033,  1.909,2208848.2,  1,  22.3,   0.9, 0.100
2025-11-11 10:40:30,        0,  39.7,  32.0,  25.0, 38.698, 35.556,  1.378,2243518.4,  1,  22.2,   0.9, 0.100
2025-11-11 10:40:31,        0,  42.7,  41.2,  25.0, 44.755, 41.475,  1.860,2282289.6,  1,  22.3,   0.9, 0.100
2025-11-11 10:40:32,        0,  39.8,  32.3,  25.0, 34.715, 31.753,  1.106,2318188.8,  1,  22.2,   0.9, 0.100
2025-11-11 10:40:33,        0,  40.4,  34.3,  25.0, 36.321, 33.209,  1.217,2359511.4,  1,  22.3,   0.9, 0.100
2025-11-11 10:40:34,        0,  39.8,  32.3,  25.0, 35.559, 32.530,  1.163,2393067.5,  1,  22.3,   0.8, 0.100
2025-11-11 10:40:35,        0,  38.8,  29.3,  25.0, 42.767, 39.445,  1.688,2428793.5,  1,  22.3,   0.8, 0.100
2025-11-11 10:40:36,        0,  39.8,  32.5,  25.0, 36.635, 33.473,  1.231,2459655.9,  1,  22.3,   0.8, 0.100
2025-11-11 10:40:37,        0,  38.1,  27.4,  25.1, 32.661, 29.640,  0.985,2497587.1,  1,  22.3,   0.8, 0.100
2025-11-11 10:40:38,        0,  38.5,  28.4,  25.0, 33.440, 30.242,  1.012,2528497.5,  1,  22.3,   0.8, 0.100
2025-11-11 10:40:39,        0,  39.4,  31.3,  25.0, 41.305, 37.859,  1.571,2563324.5,  1,  22.2,   0.8, 0.100
2025-11-11 10:40:40,        0,  37.4,  25.1,  25.0, 35.099, 31.895,  1.120,2594788.3,  1,  22.2,   0.8, 0.100
2025-11-11 10:40:41,        0,  37.9,  26.7,  25.0, 36.568, 33.235,  1.218,2631870.0,  1,  22.3,   0.8, 0.100
2025-11-11 10:40:42,        0,  39.6,  31.7,  25.0, 33.032, 29.747,  0.983,2661489.0,  1,  22.3,   0.8, 0.100
2025-11-11 10:40:43,        0,  39.5,  31.5,  25.0, 31.475, 28.261,  0.916,2688994.0,  1,  22.3,   0.8, 0.100
2025-11-11 10:40:44,        0,  37.5,  25.4,  25.1, 39.091, 35.516,  1.390,2722430.2,  1,  22.2,   0.8, 0.100
2025-11-11 10:40:45,        0,  38.9,  29.7,  25.0, 34.377, 30.963,  1.071,2751440.8,  1,  22.3,   0.8, 0.100
2025-11-11 10:40:46,        0,  39.3,  30.9,  25.0, 34.040, 30.607,  1.043,2786647.1,  1,  22.3,   0.8, 0.100
2025-11-11 10:40:47,        0,  37.1,  24.4,  25.1, 39.108, 35.468,  1.388,2819327.7,  1,  22.3,   0.8, 0.100
2025-11-11 10:40:48,        0,  38.4,  28.2,  25.1, 24.944, 21.877,  0.551,2842832.5,  1,  22.2,   0.8, 0.100
2025-11-11 10:40:49,        0,  39.1,  30.3,  25.1, 38.316, 34.642,  1.330,2875339.2,  1,  22.3,   0.8, 0.100
2025-11-11 10:40:50,        0,  34.5,  16.6,  25.1, 28.425, 25.211,  0.730,2907839.8,  1,  22.3,   0.8, 0.100
2025-11-11 10:40:51,        0,  37.5,  25.6,  25.1, 33.613, 30.021,  1.014,2933310.5,  1,  22.2,   0.8, 0.100
2025-11-11 10:40:52,        0,  37.1,  24.4,  25.1, 28.549, 25.234,  0.728,2957149.7,  1,  22.3,   0.8, 0.100
2025-11-11 10:40:53,        0,  35.4,  19.1,  25.1, 30.629, 27.146,  0.839,2983889.0,  1,  22.3,   0.8, 0.100
2025-11-11 10:40:54,        0,  36.4,  22.1,  25.1, 31.325, 27.709,  0.875,3014330.4,  1,  22.3,   0.8, 0.100
2025-11-11 10:40:55,        0,  36.5,  22.6,  25.1, 22.084, 18.933,  0.419,3034548.8,  1,  22.3,   0.8, 0.100
2025-11-11 10:40:56,        0,  36.0,  21.1,  25.1, 27.334, 23.855,  0.654,3057796.4,  1,  22.3,   0.8, 0.100
2025-11-11 10:40:57,        0,  35.6,  19.9,  25.1, 28.220, 24.627,  0.695,3079971.0,  1,  22.2,   0.8, 0.100
2025-11-11 10:40:58,        0,  35.5,  19.6,  25.1, 30.146, 26.414,  0.797,3109699.3,  1,  22.3,   0.8, 0.100
2025-11-11 10:40:59,        0,  36.9,  23.6,  25.1, 23.379, 20.059,  0.472,3129283.2,  1,  22.3,   0.8, 0.100
2025-11-11 10:41:00,        0,  36.3,  21.9,  25.1, 28.207, 24.556,  0.697,3153675.1,  1,  22.2,   0.8, 0.100
2025-11-11 10:41:01,        0,  35.4,  19.3,  25.1, 23.216, 19.847,  0.463,3173915.6,  1,  22.3,   0.8, 0.100
2025-11-11 10:41:02,        0,  35.9,  20.6,  25.1, 26.520, 22.877,  0.607,3196446.7,  1,  22.3,   0.8, 0.100
2025-11-11 10:41:03,        0,  35.9,  20.6,  25.1, 23.051, 19.648,  0.453,3221456.5,  1,  22.2,   0.8, 0.100
2025-11-11 10:41:04,        0,  31.8,   8.4,  25.1, 17.859, 14.777,  0.265,3239488.2,  1,  22.3,   0.8, 0.100
2025-11-11 10:41:05,        0,  34.7,  17.0,  25.1, 25.827, 22.075,  0.579,3256499.9,  1,  22.3,   0.8, 0.100
2025-11-11 10:41:06,        0,  34.9,  17.6,  25.1, 22.453, 18.971,  0.428,3275016.8,  1,  22.2,   0.8, 0.100
2025-11-11 10:41:07,        0,  33.7,  14.0,  25.1, 25.722, 21.974,  0.569,3300119.1,  1,  22.2,   0.8, 0.100
2025-11-11 10:41:08,        0,  33.7,  14.2,  25.1, 20.836, 17.447,  0.366,3315589.8,  1,  22.2,   0.8, 0.100
2025-11-11 10:41:09,        0,  33.3,  13.0,  25.1, 21.859, 18.360,  0.402,3333152.9,  1,  22.2,   0.8, 0.100
2025-11-11 10:41:10,        0,  33.4,  13.2,  25.1, 20.652, 17.214,  0.357,3349197.3,  1,  22.3,   0.9, 0.100
2025-11-11 10:41:11,        0,  33.8,  14.3,  25.1, 21.926, 18.357,  0.403,3370090.6,  1,  22.3,   0.8, 0.100
2025-11-11 10:41:12,        0,  32.8,  11.5,  25.1, 20.521, 17.059,  0.350,3386092.3,  1,  22.2,   0.9, 0.100
2025-11-11 10:41:13,        0,  34.5,  16.6,  25.1, 16.504, 13.355,  0.221,3399442.4,  1,  22.2,   0.9, 0.100
2025-11-11 10:41:14,        0,  32.9,  11.7,  25.1, 18.142, 14.832,  0.269,3414986.2,  1,  22.2,   0.9, 0.100
2025-11-11 10:41:16,        0,  33.3,  13.0,  25.1, 15.227, 12.137,  0.189,3430938.2,  1,  22.2,   0.9, 0.100
2025-11-11 10:41:16,        0,  34.2,  15.5,  25.1, 17.742, 14.421,  0.256,3445099.7,  1,  22.3,   0.9, 0.100
2025-11-11 10:41:17,        0,  33.3,  12.8,  25.1, 22.266, 18.547,  0.413,3462779.6,  1,  22.3,   0.9, 0.100
2025-11-11 10:41:18,        0,  32.0,   9.0,  25.1, 17.835, 14.510,  0.260,3475757.7,  1,  22.3,   0.9, 0.100
2025-11-11 10:41:19,        0,  33.7,  14.2,  25.1, 16.712, 13.439,  0.235,3487405.4,  1,  22.3,   0.9, 0.100
2025-11-11 10:41:20,        0,  32.6,  10.9,  25.1, 16.446, 13.201,  0.218,3503817.0,  1,  22.2,   0.9, 0.100
2025-11-11 10:41:21,        0,  30.8,   5.3,  25.1, 14.568, 11.468,  0.175,3515049.8,  1,  22.2,   0.9, 0.100
2025-11-11 10:41:22,        0,  32.6,  10.9,  25.1, 17.202, 13.834,  0.240,3526595.7,  1,  22.2,   1.0, 0.100
2025-11-11 10:41:23,        0,  31.8,   8.4,  25.1, 14.715, 11.583,  0.172,3537942.7,  1,  22.2,   1.0, 0.100
2025-11-11 10:41:24,        0,  32.7,  11.0,  25.1, 13.117, 10.131,  0.134,3551558.2,  1,  22.2,   1.0, 0.100
2025-11-11 10:41:25,        0,  31.9,   8.6,  25.2, 14.975, 11.809,  0.178,3563087.1,  1,  22.3,   1.0, 0.100
2025-11-11 10:41:26,        0,  32.4,  10.2,  25.1, 13.224, 10.211,  0.138,3573147.1,  1,  22.3,   1.0, 0.100
2025-11-11 10:41:27,        0,  33.2,  12.5,  25.1, 15.237, 12.019,  0.183,3584812.6,  1,  22.2,   1.0, 0.100
2025-11-11 10:41:28,        0,  31.2,   6.7,  25.1, 10.238,  7.535,  0.078,3596709.4,  1,  22.3,   1.0, 0.100
2025-11-11 10:41:29,        0,  30.6,   4.9,  25.1, 13.937, 10.831,  0.152,3606061.5,  1,  22.3,   1.0, 0.100
2025-11-11 10:41:30,        0,  32.4,  10.2,  25.1, 13.297, 10.257,  0.144,3615781.6,  1,  22.3,   1.0, 0.100
2025-11-11 10:41:31,        0,  32.3,   9.9,  25.1, 10.829,  8.043,  0.087,3625047.8,  1,  22.2,   1.0, 0.100
2025-11-11 10:41:32,        0,  31.9,   8.7,  25.1, 12.556,  9.582,  0.121,3636714.6,  1,  22.2,   1.0, 0.100
2025-11-11 10:41:33,        0,  31.2,   6.7,  25.1, 13.556, 10.472,  0.143,3646681.9,  1,  22.3,   1.0, 0.100
2025-11-11 10:41:34,        0,  31.5,   7.6,  25.1, 12.195,  9.255,  0.117,3655673.6,  1,  22.2,   0.9, 0.100
2025-11-11 10:41:35,        0,  30.8,   5.4,  25.1, 11.454,  8.592,  0.099,3664037.1,  1,  22.3,   0.9, 0.100
2025-11-11 10:41:36,        0,  30.0,   3.1,  25.1, 13.539, 10.448,  0.143,3673411.0,  1,  22.2,   1.0, 0.100
2025-11-11 10:41:37,        0,  31.1,   6.2,  25.1, 11.954,  9.034,  0.109,77727001190.2,  1,  22.2,   0.9, 0.100
2025-11-11 10:41:38,        0,  31.1,   6.4,  25.1, 11.161,  8.326,  0.093,3688432.2,  1,  22.2,   0.9, 0.100
2025-11-11 10:41:39,        0,  31.9,   8.6,  25.1, 10.563,  7.791,  0.083,3696226.5,  1,  22.3,   0.9, 0.100
2025-11-11 10:41:40,        0,  31.4,   7.1,  25.1, 13.024,  9.978,  0.130,3707195.9,  1,  22.2,   0.9, 0.100
2025-11-11 10:41:41,        0,  31.1,   6.4,  25.2, 11.938,  9.013,  0.108,3715179.3,  1,  22.3,   0.9, 0.100
2025-11-11 10:41:42,        0,  31.1,   6.4,  25.1, 11.416,  8.549,  0.098,3723518.4,  1,  22.2,   0.8, 0.100
2025-11-11 10:41:43,        0,  30.9,   5.7,  25.2, 10.462,  7.704,  0.081,3730934.7,  1,  22.3,   0.8, 0.100
2025-11-11 10:41:44,        0,  29.9,   2.8,  25.1,  9.210,  6.598,  0.061,3739449.5,  1,  22.2,   0.8, 0.100
2025-11-11 10:41:45,        0,  28.8,   0.0,  25.1,  9.244,  6.631,  0.061,3745091.8,  1,  22.3,   0.8, 0.100
2025-11-11 10:41:46,        0,  30.7,   5.1,  25.1,  4.037,  2.139,  0.015,3748887.5,  1,  22.2,   0.8, 0.100
2025-11-11 10:41:47,        0,  30.4,   4.3,  25.1,  8.559,  6.026,  0.052,3754689.0,  1,  22.2,   0.8, 0.100
2025-11-11 10:41:48,        0,  31.2,   6.7,  25.1,  9.236,  6.625,  0.061,3762847.6,  1,  22.3,   0.8, 0.100
2025-11-11 10:41:49,        0,  30.7,   5.1,  25.1, 10.553,  7.783,  0.083,3770297.8,  1,  22.2,   0.8, 0.100
2025-11-11 10:41:50,        0,  29.9,   2.6,  25.1,  7.225,  4.854,  0.035,3776092.2,  1,  22.2,   0.8, 0.100
2025-11-11 10:41:51,        0,  30.5,   4.4,  25.1,  5.850,  3.660,  0.023,3780370.8,  1,  22.3,   0.8, 0.100
2025-11-11 10:41:52,        0,  30.5,   4.4,  25.1,  8.235,  5.747,  0.048,3785964.8,  1,  22.3,   0.8, 0.100
2025-11-11 10:41:53,        0,  30.6,   4.9,  25.1,  9.270,  6.658,  0.062,3793312.4,  1,  22.3,   0.8, 0.100
2025-11-11 10:41:54,        0,  30.8,   5.4,  25.1,  5.495,  3.371,  0.024,3797944.7,  1,  22.3,   0.8, 0.100
2025-11-11 10:41:55,        0,  30.6,   4.8,  25.1,  7.115,  4.765,  0.034,3803437.3,  1,  22.3,   0.8, 0.100
2025-11-11 10:41:56,        0,  29.5,   1.6,  25.1,  7.815,  5.382,  0.042,3808687.8,  1,  22.2,   0.8, 0.100
2025-11-11 10:41:57,        0,  28.9,   0.0,  25.2,  7.738,  5.320,  0.043,3813626.8,  1,  22.3,   0.8, 0.100
2025-11-11 10:41:58,        0,  30.4,   4.3,  25.1,  6.708,  4.415,  0.030,3816922.1,  1,  22.3,   0.8, 0.100
2025-11-11 10:41:59,        0,  30.8,   5.4,  25.1,  7.011,  4.680,  0.033,3821937.5,  1,  22.3,   0.8, 0.100
2025-11-11 10:42:00,        0,  29.9,   2.8,  25.1,  7.764,  5.343,  0.042,3827384.4,  1,  22.3,   0.8, 0.100
2025-11-11 10:42:01,        0,  29.4,   1.3,  25.1,  6.963,  4.644,  0.032,3831691.1,  1,  22.3,   0.8, 0.100
2025-11-11 10:42:02,        0,  29.9,   2.6,  25.1,  3.644,  1.873,  0.013,3834497.7,  1,  22.3,   0.8, 0.100
2025-11-11 10:42:03,        0,  30.4,   4.3,  25.1,  7.772,  5.357,  0.042,3839370.1,  1,  22.3,   0.8, 0.100
2025-11-11 10:42:04,        0,  30.8,   5.3,  25.1,  7.984,  5.542,  0.044,3844642.4,  1,  22.3,   0.8, 0.100
2025-11-11 10:42:05,        0,  29.6,   1.8,  25.1,  8.397,  5.905,  0.050,3850321.9,  1,  22.3,   0.8, 0.100
2025-11-11 10:42:06,        0,  30.0,   2.9,  25.1,  1.521,  0.126,  0.000,3852086.7,  1,  22.2,   0.8, 0.100
2025-11-11 10:42:07,        0,  30.1,   3.4,  25.1,  7.139,  4.806,  0.034,3855919.8,  1,  22.2,   0.8, 0.100
2025-11-11 10:42:08,        0,  30.3,   3.8,  25.1,  3.929,  2.035,  0.010,3859293.5,  1,  22.2,   0.8, 0.100
2025-11-11 10:42:09,        0,  30.1,   3.4,  25.1,  7.210,  4.869,  0.035,3863968.5,  1,  22.2,   0.8, 0.100
2025-11-11 10:42:10,        0,  30.5,   4.6,  25.1,  6.197,  3.985,  0.026,3869392.0,  1,  22.3,   0.8, 0.100
2025-11-11 10:42:11,        0,  29.8,   2.4,  25.1,  6.182,  3.975,  0.026,3873618.2,  1,  22.2,   0.8, 0.100
2025-11-11 10:42:12,        0,  29.8,   2.4,  25.1,  3.633,  1.787,  0.008,3875090.5,  1,  22.2,   0.8, 0.100
2025-11-11 10:42:13,        0,  30.2,   3.6,  25.1,  5.836,  3.748,  0.026,3877141.5,  1,  22.3,   0.8, 0.100
2025-11-11 10:42:14,        0,  29.8,   2.4,  25.1,  6.903,  4.607,  0.033,3882633.8,  1,  22.3,   0.8, 0.100
2025-11-11 10:42:15,        0,  29.2,   0.5,  25.1,  7.144,  4.816,  0.034,3886005.0,  1,  22.3,   0.8, 0.100
2025-11-11 10:42:16,        0,  30.0,   3.1,  25.1,  6.134,  3.947,  0.027,3888564.0,  1,  22.2,   0.8, 0.100
2025-11-11 10:42:17,        0,  30.0,   2.9,  25.2,  4.651,  2.653,  0.014,3891818.6,  1,  22.2,   0.8, 0.100
2025-11-11 10:42:18,        0,  29.7,   2.1,  25.1,  6.349,  4.124,  0.027,3895315.2,  1,  22.3,   0.8, 0.100
2025-11-11 10:42:19,        0,  29.7,   2.1,  25.1,  4.438,  2.477,  0.013,3898140.7,  1,  22.3,   0.8, 0.100
2025-11-11 10:42:20,        0,  29.9,   2.8,  25.1,  6.292,  4.079,  0.026,3900213.5,  1,  22.3,   0.8, 0.100
2025-11-11 10:42:21,        0,  30.2,   3.5,  25.1,  5.539,  3.425,  0.021,3903267.1,  1,  22.2,   0.8, 0.100
2025-11-11 10:42:22,        0,  29.9,   2.8,  25.1,  6.701,  4.434,  0.030,3907571.6,  1,  22.3,   0.8, 0.100
2025-11-11 10:42:23,        0,  29.5,   1.5,  25.1,  6.260,  4.051,  0.027,3911439.8,  1,  22.3,   0.9, 0.100
2025-11-11 10:42:24,        0,  28.8,   0.0,  25.1,  1.310,  0.036,  0.000,3911546.7,  1,  22.3,   0.8, 0.100
2025-11-11 10:42:25,        0,  29.7,   2.0,  25.1,  3.546,  1.909,  0.013,3912764.6,  1,  22.2,   0.8, 0.100
2025-11-11 10:42:26,        0,  29.9,   2.6,  25.1,  1.579,  0.162,  0.000,3913050.0,  1,  22.3,   0.9, 0.100
2025-11-11 10:42:27,        0,  29.8,   2.4,  25.1,  4.822,  2.837,  0.018,3916861.7,  1,  22.3,   0.9, 0.100
2025-11-11 10:42:28,        0,  29.8,   2.4,  25.1,  6.209,  4.013,  0.026,3920830.9,  1,  22.2,   0.9, 0.100
2025-11-11 10:42:29,        0,  29.1,   0.3,  25.1,  1.768,  0.288,  0.001,3922171.2,  1,  22.3,   0.9, 0.100
2025-11-11 10:42:30,        0,  30.0,   2.9,  25.1,  1.234,  0.014,  0.000,3922346.0,  1,  22.3,   0.9, 0.100
2025-11-11 10:42:31,        0,  29.8,   2.4,  25.1,  6.798,  4.525,  0.031,3927511.3,  1,  22.2,   0.9, 0.100
2025-11-11 10:42:32,        0,  29.5,   1.6,  25.1,  6.225,  4.030,  0.026,3930694.7,  1,  22.3,   0.9, 0.100
2025-11-11 10:42:33,        0,  29.2,   0.6,  25.1,  1.486,  0.115,  0.000,3930807.5,  1,  22.2,   0.9, 0.100
2025-11-11 10:42:34,        0,  29.5,   1.5,  25.1,  1.149, -0.001,  0.000,3930810.4,  1,  22.2,   0.9, 0.100
2025-11-11 10:42:35,        0,  29.8,   2.3,  25.1,  1.090, -0.007,  0.000,3930804.1,  1,  22.3,   0.9, 0.100
2025-11-11 10:42:36,        0,  30.1,   3.3,  25.1,  1.109,  0.053,  0.000,3931491.0,  1,  22.3,   0.8, 0.100
2025-11-11 10:42:37,        0,  30.1,   3.3,  25.1,  7.077,  4.777,  0.034,3935895.3,  1,  22.2,   0.8, 0.100
2025-11-11 10:42:38,        0,  29.9,   2.8,  25.1,  6.778,  4.515,  0.031,3939189.4,  1,  22.3,   0.8, 0.100
2025-11-11 10:42:39,        0,  29.8,   2.3,  25.1,  6.538,  4.307,  0.029,3942298.2,  1,  22.3,   0.8, 0.100
2025-11-11 10:42:40,        0,  29.4,   1.1,  25.0,  1.299,  0.039,  0.000,3942624.7,  1,  22.2,   0.8, 0.100
2025-11-11 10:42:41,        0,  29.8,   2.4,  25.1,  4.339,  2.567,  0.017,3944480.0,  1,  22.2,   0.8, 0.100
2025-11-11 10:42:42,        0,  30.0,   2.9,  25.1,  2.606,  0.945,  0.003,3945821.6,  1,  22.3,   0.8, 0.100
2025-11-11 10:42:43,        0,  29.8,   2.3,  25.1,  3.235,  1.472,  0.006,3948531.9,  1,  22.3,   0.8, 0.100
2025-11-11 10:42:44,        0,  29.9,   2.8,  25.1,  1.295,  0.040,  0.000,3949008.0,  1,  22.3,   0.8, 0.100
2025-11-11 10:42:45,        0,  29.8,   2.3,  25.1,  2.328,  0.722,  0.002,3951139.0,  1,  22.3,   0.8, 0.100
2025-11-11 10:42:46,        0,  29.7,   2.1,  25.1,  1.253,  0.027,  0.000,3951181.8,  1,  22.3,   0.8, 0.100
2025-11-11 10:42:47,        0,  29.9,   2.8,  25.1,  1.115, -0.001,  0.000,3951181.0,  1,  22.2,   0.8, 0.100
2025-11-11 10:42:48,        0,  30.0,   3.1,  25.1,  6.605,  4.378,  0.029,3954832.1,  1,  22.3,   0.8, 0.100
2025-11-11 10:42:49,        0,  29.7,   2.1,  25.1,  6.580,  4.352,  0.029,3959440.1,  1,  22.3,   0.8, 0.100
2025-11-11 10:42:50,        0,  29.7,   2.0,  25.1,  1.374,  0.070,  0.000,3959662.6,  1,  22.3,   0.8, 0.100
2025-11-11 10:42:51,        0,  29.6,   1.8,  25.1,  1.151,  0.005,  0.000,3959669.7,  1,  22.3,   0.7, 0.100
2025-11-11 10:42:52,        0,  29.8,   2.4,  25.1,  1.072, -0.005,  0.000,3959664.7,  1,  22.3,   0.8, 0.100
2025-11-11 10:42:53,        0,  30.1,   3.3,  25.1,  1.005, -0.008,  0.000,3959696.6,  1,  22.3,   0.8, 0.100
2025-11-11 10:42:54,        0,  29.9,   2.8,  25.1,  6.564,  4.349,  0.029,3963895.0,  1,  22.3,   0.8, 0.100
2025-11-11 10:42:55,        0,  29.8,   2.3,  25.1,  3.948,  2.091,  0.010,3966573.1,  1,  22.3,   0.8, 0.100
2025-11-11 10:42:56,        0,  29.8,   2.5,  25.1,  1.311,  0.049,  0.000,3966641.8,  1,  22.3,   0.8, 0.100
2025-11-11 10:42:57,        0,  29.9,   2.6,  25.1,  1.126,  0.003,  0.000,3967498.4,  1,  22.3,   0.8, 0.100
2025-11-11 10:42:58,        0,  29.8,   2.3,  25.1,  2.354,  0.758,  0.002,3969543.2,  1,  22.2,   0.8, 0.100
2025-11-11 10:42:59,        0,  29.8,   2.3,  25.1,  1.153,  0.008,  0.000,3969563.3,  1,  22.3,   0.8, 0.100
2025-11-11 10:43:00,        0,  29.7,   2.1,  25.1,  1.065, -0.004,  0.000,3969560.0,  1,  22.2,   0.8, 0.100
2025-11-11 10:43:01,        0,  29.9,   2.6,  25.1,  1.012, -0.006,  0.000,3970839.9,  1,  22.2,   0.8, 0.100
2025-11-11 10:43:02,        0,  29.5,   1.6,  25.1,  1.999,  0.483,  0.001,3972953.0,  1,  22.3,   0.8, 0.100
2025-11-11 10:43:03,        0,  29.9,   2.6,  25.1,  1.213,  0.022,  0.000,3972974.7,  1,  22.3,   0.8, 0.100
2025-11-11 10:43:04,        0,  29.8,   2.3,  25.1,  1.053, -0.004,  0.000,3972971.8,  1,  22.3,   0.8, 0.100
2025-11-11 10:43:05,        0,  29.9,   2.8,  25.1,  2.423,  1.117,  0.007,3974217.4,  1,  22.3,   0.8, 0.100
2025-11-11 10:43:06,        0,  29.9,   2.6,  25.1,  5.412,  3.364,  0.020,3978506.0,  1,  22.3,   0.8, 0.100
2025-11-11 10:43:07,        0,  29.7,   2.1,  25.1,  1.377,  0.079,  0.000,3978988.3,  1,  22.2,   0.8, 0.100
2025-11-11 10:43:08,        0,  29.3,   0.8,  25.1,  1.838,  0.373,  0.001,3979480.4,  1,  22.2,   0.8, 0.100
2025-11-11 10:43:09,        0,  29.7,   2.0,  25.0,  1.111,  0.003,  0.000,3979491.7,  1,  22.3,   0.8, 0.100
2025-11-11 10:43:10,        0,  29.7,   2.1,  25.1,  1.034, -0.005,  0.000,3979486.6,  1,  22.2,   0.8, 0.100
2025-11-11 10:43:11,        0,  29.8,   2.3,  25.1,  0.965, -0.007,  0.000,3979479.5,  1,  22.3,   0.9, 0.100
2025-11-11 10:43:12,        0,  29.8,   2.4,  25.1,  0.928, -0.008,  0.000,3979472.0,  1,  22.2,   0.8, 0.100
2025-11-11 10:43:13,        0,  29.9,   2.8,  25.1,  0.896, -0.008,  0.000,3980705.8,  1,  22.3,   0.9, 0.100
2025-11-11 10:43:14,        0,  29.9,   2.6,  25.1,  6.540,  4.356,  0.028,3985825.9,  1,  22.2,   0.8, 0.100
2025-11-11 10:43:15,        0,  29.3,   1.0,  25.1,  5.079,  3.088,  0.018,3987902.9,  1,  22.3,   0.8, 0.100
2025-11-11 10:43:16,        0,  29.4,   1.1,  25.0,  1.183,  0.021,  0.000,3987946.5,  1,  22.2,   0.9, 0.100
2025-11-11 10:43:17,        0,  29.8,   2.3,  25.1,  1.062, -0.001,  0.000,3987947.3,  1,  22.3,   0.9, 0.100
2025-11-11 10:43:18,        0,  29.5,   1.6,  25.1,  0.978, -0.006,  0.000,3987940.6,  1,  22.3,   0.8, 0.100
2025-11-11 10:43:19,        0,  29.7,   2.0,  25.1,  0.938, -0.007,  0.000,3987933.5,  1,  22.2,   0.8, 0.100
2025-11-11 10:43:20,        0,  29.7,   2.0,  25.1,  0.903, -0.008,  0.000,3987926.4,  1,  22.2,   0.8, 0.100
2025-11-11 10:43:21,        0,  29.8,   2.4,  25.1,  0.859, -0.008,  0.000,3987918.4,  1,  22.2,   0.9, 0.100
2025-11-11 10:43:22,        0,  29.8,   2.3,  25.1,  0.820, -0.009,  0.000,3987909.2,  1,  22.3,   0.8, 0.100
2025-11-11 10:43:23,        0,  29.9,   2.6,  25.1,  0.797, -0.008,  0.000,3987901.7,  1,  22.3,   0.8, 0.100
2025-11-11 10:43:24,        0,  30.0,   3.1,  25.1,  0.776, -0.008,  0.000,3987930.2,  1,  22.3,   0.8, 0.100
2025-11-11 10:43:25,        0,  29.9,   2.6,  25.1,  6.565,  4.395,  0.029,3992160.5,  1,  22.2,   0.8, 0.100
2025-11-11 10:43:26,        0,  29.4,   1.3,  25.1,  3.544,  1.794,  0.008,3994849.8,  1,  22.3,   0.8, 0.100
2025-11-11 10:43:27,        0,  29.5,   1.5,  25.1,  1.129,  0.015,  0.000,3994884.6,  1,  22.2,   0.8, 0.100
2025-11-11 10:43:28,        0,  29.5,   1.6,  25.1,  1.026, -0.002,  0.000,3994884.2,  1,  22.2,   0.8, 0.100
2025-11-11 10:43:29,        0,  29.6,   1.8,  25.1,  0.970, -0.006,  0.000,3994879.2,  1,  22.2,   0.8, 0.100
2025-11-11 10:43:30,        0,  29.8,   2.3,  25.1,  0.905, -0.007,  0.000,3994871.2,  1,  22.2,   0.8, 0.100
2025-11-11 10:43:31,        0,  29.7,   2.1,  25.1,  0.870, -0.007,  0.000,3994864.1,  1,  22.2,   0.8, 0.100
2025-11-11 10:43:32,        0,  29.8,   2.4,  25.1,  0.822, -0.007,  0.000,3994858.2,  1,  22.3,   0.8, 0.100
2025-11-11 10:43:33,        0,  29.9,   2.6,  25.1,  0.794, -0.007,  0.000,3994851.1,  1,  22.3,   0.9, 0.100
2025-11-11 10:43:34,        0,  29.9,   2.6,  25.1,  4.037,  2.261,  0.011,3996179.2,  1,  22.3,   0.9, 0.100
2025-11-11 10:43:35,        0,  29.9,   2.6,  25.1,  6.508,  4.354,  0.028,4000347.5,  1,  22.3,   0.9, 0.100
2025-11-11 10:43:36,        0,  29.5,   1.6,  25.1,  5.853,  3.786,  0.023,4002997.0,  1,  22.2,   0.9, 0.100
2025-11-11 10:43:37,        0,  29.5,   1.6,  25.1,  1.168,  0.028,  0.000,4003064.5,  1,  22.3,   0.9, 0.100
2025-11-11 10:43:38,        0,  29.4,   1.1,  25.1,  1.031,  0.001,  0.000,4003067.5,  1,  22.3,   0.9, 0.100
2025-11-11 10:43:39,        0,  29.4,   1.3,  25.1,  0.938, -0.005,  0.000,4003062.4,  1,  22.3,   0.9, 0.100
2025-11-11 10:43:40,        0,  29.7,   2.0,  25.1,  0.899, -0.007,  0.000,4003055.7,  1,  22.3,   0.9, 0.100
2025-11-11 10:43:41,        0,  29.7,   2.1,  25.1,  0.865, -0.007,  0.000,4003049.4,  1,  22.3,   0.9, 0.100
2025-11-11 10:43:42,        0,  29.8,   2.3,  25.1,  0.816, -0.007,  0.000,4003043.1,  1,  22.2,   0.9, 0.100
2025-11-11 10:43:43,        0,  29.7,   2.1,  25.1,  0.776, -0.008,  0.000,4003034.8,  1,  22.3,   0.9, 0.100
2025-11-11 10:43:44,        0,  29.7,   2.1,  25.1,  0.754, -0.007,  0.000,4003027.6,  1,  22.3,   0.9, 0.100
2025-11-11 10:43:45,        0,  29.8,   2.4,  25.1,  0.734, -0.008,  0.000,4003020.1,  1,  22.3,   0.9, 0.100
2025-11-11 10:43:46,        0,  29.8,   2.4,  25.1,  0.716, -0.008,  0.000,4003012.6,  1,  22.3,   0.8, 0.100
2025-11-11 10:43:47,        0,  29.9,   2.6,  25.1,  0.692, -0.008,  0.000,4003005.0,  1,  22.3,   0.9, 0.100
2025-11-11 10:43:48,        0,  30.0,   2.9,  25.1,  1.578,  0.697,  0.004,4003468.5,  1,  22.3,   0.9, 0.100
2025-11-11 10:43:49,        0,  30.0,   2.9,  25.0,  6.504,  4.354,  0.028,4007629.3,  1,  22.3,   0.8, 0.100
2025-11-11 10:43:50,        0,  29.5,   1.6,  25.0,  6.504,  4.351,  0.028,4011078.9,  1,  22.2,   0.8, 0.100
2025-11-11 10:43:51,        0,  29.7,   2.1,  25.1,  1.213,  0.043,  0.000,4011237.3,  1,  22.3,   0.8, 0.100
2025-11-11 10:43:52,        0,  29.3,   0.8,  25.1,  1.041,  0.004,  0.000,4011244.4,  1,  22.3,   0.8, 0.100
2025-11-11 10:43:53,        0,  29.5,   1.5,  25.1,  0.940, -0.005,  0.000,4011239.8,  1,  22.3,   0.8, 0.100
2025-11-11 10:43:54,        0,  29.5,   1.6,  25.1,  0.898, -0.006,  0.000,4011233.9,  1,  22.3,   0.8, 0.100
2025-11-11 10:43:55,        0,  29.7,   2.0,  25.1,  0.861, -0.006,  0.000,4011228.1,  1,  22.3,   0.8, 0.100
2025-11-11 10:43:56,        0,  29.7,   2.0,  25.1,  0.813, -0.007,  0.000,4011221.4,  1,  22.3,   0.8, 0.100
2025-11-11 10:43:57,        0,  29.7,   2.0,  25.1,  0.784, -0.007,  0.000,4011213.0,  1,  22.3,   0.8, 0.100
2025-11-11 10:43:58,        0,  29.7,   2.0,  25.1,  0.748, -0.008,  0.000,4011206.3,  1,  22.3,   0.8, 0.100
2025-11-11 10:43:59,        0,  29.7,   2.1,  25.1,  0.727, -0.008,  0.000,4011198.3,  1,  22.3,   0.8, 0.100
2025-11-11 10:44:00,        0,  29.8,   2.4,  25.1,  0.709, -0.007,  0.000,4011191.2,  1,  22.3,   0.8, 0.100
2025-11-11 10:44:01,        0,  29.8,   2.3,  25.1,  0.684, -0.008,  0.000,4011182.4,  1,  22.3,   0.8, 0.100
2025-11-11 10:44:02,        0,  29.8,   2.3,  25.1,  0.662, -0.008,  0.000,4011175.3,  1,  22.3,   0.8, 0.100
2025-11-11 10:44:03,        0,  29.8,   2.3,  25.1,  0.649, -0.008,  0.000,4011168.1,  1,  22.3,   0.8, 0.100
2025-11-11 10:44:04,        0,  29.9,   2.6,  25.1,  0.637, -0.008,  0.000,4011159.8,  1,  22.3,   0.8, 0.100
2025-11-11 10:44:05,        0,  29.9,   2.6,  25.0,  5.216,  3.429,  0.022,4013378.0,  1,  22.3,   0.8, 0.100
2025-11-11 10:44:06,        0,  29.7,   2.1,  25.1,  6.511,  4.356,  0.028,4017425.2,  1,  22.3,   0.8, 0.100
2025-11-11 10:44:07,        0,  28.7,   0.0,  25.0,  1.319,  0.087,  0.000,4017863.6,  1,  22.3,   0.8, 0.100
2025-11-11 10:44:08,        0,  29.6,   1.8,  25.1,  1.061,  0.009,  0.000,4017877.0,  1,  22.3,   0.8, 0.100
2025-11-11 10:44:09,        0,  29.5,   1.5,  25.1,  0.971, -0.003,  0.000,4017874.9,  1,  22.3,   0.8, 0.100
2025-11-11 10:44:10,        0,  29.6,   1.8,  25.1,  0.896, -0.005,  0.000,4017869.1,  1,  22.3,   0.8, 0.100
2025-11-11 10:44:11,        0,  29.5,   1.5,  25.0,  0.856, -0.006,  0.000,4017862.8,  1,  22.3,   0.8, 0.100
2025-11-11 10:44:12,        0,  29.7,   2.0,  25.1,  0.806, -0.007,  0.000,4017856.5,  1,  22.3,   0.8, 0.100
2025-11-11 10:44:13,        0,  29.5,   1.6,  25.0,  0.777, -0.007,  0.000,4017849.8,  1,  22.3,   0.8, 0.100
2025-11-11 10:44:14,        0,  29.7,   2.1,  25.1,  0.738, -0.007,  0.000,4017841.8,  1,  22.3,   0.9, 0.100
2025-11-11 10:44:15,        0,  29.8,   2.3,  25.1,  0.717, -0.008,  0.000,4017834.7,  1,  22.3,   0.9, 0.100
2025-11-11 10:44:16,        0,  29.8,   2.4,  25.0,  0.697, -0.007,  0.000,4017827.6,  1,  22.3,   0.9, 0.100
2025-11-11 10:44:17,        0,  29.8,   2.4,  25.1,  0.672, -0.008,  0.000,4017820.4,  1,  22.3,   0.9, 0.100
2025-11-11 10:44:18,        0,  29.8,   2.3,  25.0,  0.657, -0.007,  0.000,4017813.3,  1,  22.3,   0.8, 0.100
2025-11-11 10:44:19,        0,  29.9,   2.6,  25.0,  0.637, -0.008,  0.000,4017804.5,  1,  22.3,   0.9, 0.100
2025-11-11 10:44:20,        0,  29.8,   2.4,  25.1,  0.626, -0.008,  0.000,4017797.0,  1,  22.3,   0.9, 0.100
2025-11-11 10:44:21,        0,  29.9,   2.6,  25.1,  0.614, -0.008,  0.000,4018297.4,  1,  22.3,   0.8, 0.100
2025-11-11 10:44:22,        0,  29.9,   2.6,  25.0,  2.468,  0.914,  0.003,4020475.0,  1,  22.3,   0.8, 0.100
2025-11-11 10:44:23,        0,  29.8,   2.4,  25.0,  1.065,  0.010,  0.000,4020520.7,  1,  22.3,   0.8, 0.100
2025-11-11 10:44:24,        0,  29.8,   2.4,  25.1,  0.967, -0.002,  0.000,4020519.8,  1,  22.3,   0.8, 0.100
2025-11-11 10:44:25,        0,  29.8,   2.4,  25.1,  0.910, -0.005,  0.000,4020514.8,  1,  22.3,   0.8, 0.100
2025-11-11 10:44:26,        0,  29.8,   2.3,  25.1,  0.845, -0.006,  0.000,4020509.4,  1,  22.3,   0.8, 0.100
2025-11-11 10:44:27,        0,  29.8,   2.4,  25.0,  0.808, -0.006,  0.000,4020502.2,  1,  22.3,   0.8, 0.100
2025-11-11 10:44:28,        0,  29.9,   2.6,  25.0,  0.762, -0.006,  0.000,4020495.9,  1,  22.3,   0.8, 0.100
2025-11-11 10:44:29,        0,  29.9,   2.8,  25.0,  0.733, -0.006,  0.000,4021009.8,  1,  22.3,   0.8, 0.100
2025-11-11 10:44:30,        0,  29.9,   2.8,  25.1,  6.507,  4.353,  0.028,4025185.6,  1,  22.3,   0.8, 0.100
2025-11-11 10:44:31,        0,  29.6,   1.8,  25.0,  6.409,  4.263,  0.027,4029239.1,  1,  22.3,   0.8, 0.100
2025-11-11 10:44:32,        0,  29.0,   0.0,  25.1,  1.436,  0.148,  0.000,4029688.0,  1,  22.3,   0.8, 0.100
2025-11-11 10:44:33,        0,  29.2,   0.7,  25.0,  1.023,  0.003,  0.000,4029695.5,  1,  22.3,   0.8, 0.100
2025-11-11 10:44:34,        0,  29.4,   1.1,  25.0,  0.952, -0.004,  0.000,4029692.2,  1,  22.3,   0.8, 0.100
2025-11-11 10:44:35,        0,  29.4,   1.1,  25.0,  0.904, -0.005,  0.000,4029687.1,  1,  22.3,   0.8, 0.100
2025-11-11 10:44:36,        0,  29.4,   1.3,  25.1,  0.846, -0.006,  0.000,4029679.6,  1,  22.3,   0.8, 0.100
2025-11-11 10:44:37,        0,  29.5,   1.5,  25.0,  0.812, -0.007,  0.000,4029673.7,  1,  22.3,   0.8, 0.100
2025-11-11 10:44:38,        0,  29.5,   1.5,  25.0,  0.767, -0.007,  0.000,4029667.0,  1,  22.3,   0.8, 0.100
2025-11-11 10:44:39,        0,  29.5,   1.5,  25.0,  0.741, -0.007,  0.000,4029660.3,  1,  22.3,   0.8, 0.100
2025-11-11 10:44:40,        0,  29.5,   1.5,  25.0,  0.720, -0.007,  0.000,4029653.6,  1,  22.3,   0.8, 0.100
2025-11-11 10:44:41,        0,  29.5,   1.5,  25.1,  0.692, -0.007,  0.000,4029644.8,  1,  22.3,   0.9, 0.100
2025-11-11 10:44:42,        0,  29.5,   1.6,  25.0,  0.669, -0.008,  0.000,4029637.7,  1,  22.3,   1.0, 0.100
2025-11-11 10:44:43,        0,  29.6,   1.8,  25.0,  0.653, -0.007,  0.000,4029630.5,  1,  22.3,   0.9, 0.100
2025-11-11 10:44:44,        0,  29.5,   1.6,  25.0,  0.639, -0.007,  0.000,4029623.8,  1,  22.3,   0.9, 0.100
2025-11-11 10:44:45,        0,  29.7,   2.0,  25.0,  0.620, -0.007,  0.000,4029615.5,  1,  22.3,   0.9, 0.100
2025-11-11 10:44:46,        0,  29.7,   2.0,  25.0,  0.610, -0.007,  0.000,4029608.8,  1,  22.3,   0.9, 0.100
2025-11-11 10:44:47,        0,  29.7,   2.0,  25.1,  0.594, -0.007,  0.000,4029601.6,  1,  22.3,   1.0, 0.100
2025-11-11 10:44:48,        0,  29.7,   2.0,  25.1,  0.584, -0.007,  0.000,4029594.9,  1,  22.3,   0.9, 0.100
2025-11-11 10:44:49,        0,  29.7,   2.1,  25.0,  0.570, -0.007,  0.000,4029586.1,  1,  22.3,   1.0, 0.100
2025-11-11 10:44:50,        0,  29.7,   2.0,  25.0,  0.563, -0.007,  0.000,4029579.8,  1,  22.3,   1.0, 0.100
2025-11-11 10:44:51,        0,  29.8,   2.3,  25.0,  0.554, -0.007,  0.000,4029573.1,  1,  22.3,   1.0, 0.100
2025-11-11 10:44:52,        0,  29.8,   2.3,  25.1,  0.543, -0.007,  0.000,4029566.4,  1,  22.3,   0.9, 0.100
2025-11-11 10:44:53,        0,  29.8,   2.3,  25.1,  0.536, -0.007,  0.000,4029557.6,  1,  22.3,   0.9, 0.100
2025-11-11 10:44:54,        0,  29.8,   2.3,  25.0,  0.526, -0.007,  0.000,4029551.3,  1,  22.3,   0.9, 0.100
2025-11-11 10:44:55,        0,  29.8,   2.4,  25.0,  0.521, -0.007,  0.000,4029544.2,  1,  22.3,   0.9, 0.100
2025-11-11 10:44:56,        0,  29.8,   2.4,  25.0,  0.515, -0.007,  0.000,4029538.3,  1,  22.3,   0.9, 0.100
2025-11-11 10:44:57,        0,  29.8,   2.4,  25.0,  0.507, -0.006,  0.000,4029530.0,  1,  22.3,   0.9, 0.100
2025-11-11 10:44:58,        0,  29.8,   2.4,  25.0,  0.501, -0.007,  0.000,4029523.3,  1,  22.3,   0.8, 0.100
2025-11-11 10:44:59,        0,  29.9,   2.8,  25.0,  0.494, -0.007,  0.000,4029914.3,  1,  22.3,   0.8, 0.100
2025-11-11 10:45:00,        0,  29.9,   2.8,  25.0,  6.523,  4.356,  0.028,4034049.1,  1,  22.3,   0.8, 0.100
2025-11-11 10:45:01,        0,  29.8,   2.4,  25.0,  6.526,  4.357,  0.028,4037531.3,  1,  22.3,   0.8, 0.100
2025-11-11 10:45:02,        0,  28.8,   0.0,  25.0,  1.236,  0.054,  0.000,4037696.0,  1,  22.2,   0.8, 0.100
2025-11-11 10:45:03,        0,  29.4,   1.3,  25.0,  1.034,  0.006,  0.000,4037699.8,  1,  22.3,   0.8, 0.100
2025-11-11 10:45:04,        0,  29.3,   1.0,  25.0,  0.927, -0.005,  0.000,4037696.0,  1,  22.3,   0.8, 0.100
2025-11-11 10:45:05,        0,  29.4,   1.3,  25.0,  0.882, -0.006,  0.000,4037690.2,  1,  22.3,   0.8, 0.100
2025-11-11 10:45:06,        0,  29.4,   1.3,  25.1,  0.828, -0.006,  0.000,4037683.0,  1,  22.3,   0.8, 0.100
2025-11-11 10:45:07,        0,  29.4,   1.3,  25.1,  0.793, -0.006,  0.000,4037677.2,  1,  22.3,   0.8, 0.100
2025-11-11 10:45:08,        0,  29.5,   1.5,  25.0,  0.749, -0.007,  0.000,4037670.5,  1,  22.3,   0.8, 0.100
2025-11-11 10:45:09,        0,  29.5,   1.5,  25.1,  0.725, -0.007,  0.000,4037663.8,  1,  22.3,   0.8, 0.100
2025-11-11 10:45:10,        0,  29.5,   1.6,  25.0,  0.692, -0.007,  0.000,4037655.8,  1,  22.3,   0.8, 0.100
2025-11-11 10:45:11,        0,  29.5,   1.6,  25.0,  0.673, -0.007,  0.000,4037649.1,  1,  22.2,   0.8, 0.100
2025-11-11 10:45:12,        0,  29.5,   1.6,  25.0,  0.656, -0.007,  0.000,4037642.0,  1,  22.3,   0.8, 0.100
2025-11-11 10:45:13,        0,  29.6,   1.8,  25.0,  0.633, -0.007,  0.000,4037635.3,  1,  22.3,   0.8, 0.100
2025-11-11 10:45:14,        0,  29.6,   1.8,  25.1,  0.620, -0.007,  0.000,4037626.9,  1,  22.2,   0.8, 0.100
2025-11-11 10:45:15,        0,  29.5,   1.6,  25.0,  0.600, -0.007,  0.000,4037620.2,  1,  22.3,   0.8, 0.100
2025-11-11 10:45:16,        0,  29.6,   1.8,  25.0,  0.589, -0.007,  0.000,4037613.5,  1,  22.2,   0.8, 0.100
2025-11-11 10:45:17,        0,  29.7,   2.0,  25.0,  0.578, -0.006,  0.000,4037606.8,  1,  22.2,   0.8, 0.100
2025-11-11 10:45:18,        0,  29.7,   2.1,  25.1,  0.563, -0.007,  0.000,4037599.2,  1,  22.2,   0.8, 0.100
2025-11-11 10:45:19,        0,  29.7,   2.0,  25.0,  0.554, -0.007,  0.000,4037592.5,  1,  22.2,   0.8, 0.100
2025-11-11 10:45:20,        0,  29.7,   2.1,  25.0,  0.541, -0.007,  0.000,4037585.8,  1,  22.3,   0.8, 0.100
2025-11-11 10:45:21,        0,  29.7,   2.1,  25.1,  0.533, -0.007,  0.000,4037579.1,  1,  22.2,   0.8, 0.100
2025-11-11 10:45:22,        0,  29.7,   2.1,  25.0,  0.526, -0.007,  0.000,4037572.8,  1,  22.2,   0.8, 0.100
2025-11-11 10:45:23,        0,  29.7,   2.1,  25.0,  0.515, -0.007,  0.000,4037565.3,  1,  22.3,   0.8, 0.100
2025-11-11 10:45:24,        0,  29.8,   2.3,  25.1,  0.509, -0.007,  0.000,4037559.0,  1,  22.2,   0.8, 0.100
2025-11-11 10:45:25,        0,  29.8,   2.3,  25.1,  0.499, -0.006,  0.000,4037552.7,  1,  22.2,   0.9, 0.100
2025-11-11 10:45:26,        0,  29.8,   2.3,  25.0,  0.493, -0.007,  0.000,4037546.8,  1,  22.2,   0.8, 0.100
2025-11-11 10:45:27,        0,  29.8,   2.3,  25.0,  0.485, -0.006,  0.000,4037538.9,  1,  22.2,   0.9, 0.100
2025-11-11 10:45:28,        0,  29.8,   2.4,  25.0,  0.480, -0.006,  0.000,4037533.0,  1,  22.2,   0.9, 0.100
2025-11-11 10:45:29,        0,  29.8,   2.3,  25.0,  0.473, -0.006,  0.000,4037526.7,  1,  22.3,   0.9, 0.100
2025-11-11 10:45:30,        0,  29.9,   2.6,  25.0,  0.468, -0.007,  0.000,4037520.4,  1,  22.2,   0.9, 0.100
2025-11-11 10:45:31,        0,  29.8,   2.4,  25.0,  0.463, -0.006,  0.000,4037514.6,  1,  22.2,   0.9, 0.100
2025-11-11 10:45:32,        0,  29.9,   2.6,  25.0,  0.457, -0.006,  0.000,4037507.4,  1,  22.2,   0.9, 0.100
2025-11-11 10:45:33,        0,  29.9,   2.6,  25.0,  0.453, -0.006,  0.000,4037501.2,  1,  22.2,   0.9, 0.100
2025-11-11 10:45:34,        0,  29.9,   2.6,  25.0,  0.447, -0.006,  0.000,4037495.3,  1,  22.2,   0.9, 0.100
2025-11-11 10:45:35,        0,  29.9,   2.8,  25.0,  6.122,  4.112,  0.026,4040025.8,  1,  22.2,   0.9, 0.100
2025-11-11 10:45:36,        0,  29.8,   2.4,  25.0,  4.085,  2.261,  0.011,4043769.6,  1,  22.2,   1.0, 0.100
2025-11-11 10:45:37,        0,  29.2,   0.5,  25.0,  1.232,  0.056,  0.000,4043853.8,  1,  22.2,   1.0, 0.100
2025-11-11 10:45:38,        0,  29.7,   2.0,  25.0,  1.028,  0.006,  0.000,4043859.7,  1,  22.2,   1.0, 0.100
2025-11-11 10:45:39,        0,  29.5,   1.5,  25.0,  0.916, -0.004,  0.000,4043855.5,  1,  22.2,   1.0, 0.100
2025-11-11 10:45:40,        0,  29.5,   1.6,  25.0,  0.870, -0.006,  0.000,4043850.4,  1,  22.2,   1.0, 0.100
2025-11-11 10:45:41,        0,  29.5,   1.5,  25.0,  0.813, -0.007,  0.000,4043843.3,  1,  22.2,   1.0, 0.100
2025-11-11 10:45:42,        0,  29.6,   1.8,  25.0,  0.780, -0.006,  0.000,4043837.0,  1,  22.2,   1.0, 0.100
2025-11-11 10:45:43,        0,  29.6,   1.8,  25.0,  0.750, -0.007,  0.000,4043830.7,  1,  22.3,   1.0, 0.100
2025-11-11 10:45:44,        0,  29.6,   1.8,  25.0,  0.711, -0.006,  0.000,4043824.9,  1,  22.2,   1.0, 0.100
2025-11-11 10:45:45,        0,  29.6,   1.8,  25.0,  0.678, -0.007,  0.000,4043816.5,  1,  22.2,   1.0, 0.100
2025-11-11 10:45:46,        0,  29.7,   2.0,  25.0,  0.660, -0.007,  0.000,4043809.8,  1,  22.2,   1.0, 0.100
2025-11-11 10:45:47,        0,  29.7,   2.0,  25.0,  0.643, -0.007,  0.000,4043803.1,  1,  22.2,   1.0, 0.100
2025-11-11 10:45:48,        0,  29.7,   2.0,  25.0,  0.620, -0.007,  0.000,4043796.4,  1,  22.2,   1.0, 0.100
2025-11-11 10:45:49,        0,  29.7,   2.0,  25.0,  0.605, -0.007,  0.000,4043788.4,  1,  22.2,   1.0, 0.100
2025-11-11 10:45:50,        0,  29.7,   2.0,  25.0,  0.586, -0.007,  0.000,4043782.1,  1,  22.2,   1.0, 0.100
2025-11-11 10:45:51,        0,  29.7,   2.0,  25.0,  0.574, -0.007,  0.000,4043775.4,  1,  22.2,   1.0, 0.100
2025-11-11 10:45:52,        0,  29.7,   2.1,  25.0,  0.563, -0.007,  0.000,4043769.6,  1,  22.2,   1.0, 0.100
2025-11-11 10:45:53,        0,  29.7,   2.1,  25.0,  0.548, -0.007,  0.000,4043763.3,  1,  22.2,   1.0, 0.100
2025-11-11 10:45:54,        0,  29.7,   2.1,  25.0,  0.538, -0.007,  0.000,4043755.7,  1,  22.2,   1.0, 0.100
2025-11-11 10:45:55,        0,  29.7,   2.1,  25.0,  0.525, -0.007,  0.000,4043749.4,  1,  22.2,   1.0, 0.100
2025-11-11 10:45:56,        0,  29.8,   2.3,  25.0,  0.517, -0.007,  0.000,4043742.7,  1,  22.2,   1.0, 0.100
2025-11-11 10:45:57,        0,  29.8,   2.4,  25.0,  0.509, -0.006,  0.000,4043736.4,  1,  22.2,   1.0, 0.100
2025-11-11 10:45:58,        0,  29.8,   2.4,  25.0,  0.499, -0.006,  0.000,4043728.9,  1,  22.2,   1.0, 0.100
2025-11-11 10:45:59,        0,  29.8,   2.4,  25.0,  0.492, -0.007,  0.000,4043722.6,  1,  22.2,   1.0, 0.100
2025-11-11 10:46:00,        0,  29.8,   2.4,  25.0,  0.483, -0.007,  0.000,4043716.3,  1,  22.2,   1.0, 0.100
2025-11-11 10:46:01,        0,  29.8,   2.4,  25.0,  0.476, -0.006,  0.000,4043710.9,  1,  22.2,   1.0, 0.100
2025-11-11 10:46:02,        0,  29.8,   2.4,  25.0,  0.471, -0.006,  0.000,4043704.6,  1,  22.2,   1.0, 0.100
2025-11-11 10:46:03,        0,  29.9,   2.6,  25.0,  0.463, -0.007,  0.000,4043697.5,  1,  22.2,   1.0, 0.100
2025-11-11 10:46:04,        0,  29.9,   2.8,  25.0,  0.456, -0.006,  0.000,4043691.2,  1,  22.2,   1.0, 0.100
2025-11-11 10:46:05,        0,  29.9,   2.8,  25.0,  6.537,  4.355,  0.028,4047761.0,  1,  22.2,   1.0, 0.100
2025-11-11 10:46:06,        0,  29.3,   1.0,  25.0,  5.653,  3.594,  0.022,4050623.0,  1,  22.2,   1.0, 0.100
2025-11-11 10:46:07,        0,  29.7,   2.1,  25.0,  1.142,  0.029,  0.000,4050710.6,  1,  22.2,   1.0, 0.100
2025-11-11 10:46:08,        0,  29.4,   1.3,  25.0,  0.999,  0.002,  0.000,4050712.3,  1,  22.2,   0.9, 0.100
2025-11-11 10:46:09,        0,  29.5,   1.5,  25.0,  0.905, -0.005,  0.000,4050707.7,  1,  22.3,   0.9, 0.100
2025-11-11 10:46:10,        0,  29.4,   1.3,  25.0,  0.862, -0.006,  0.000,4050702.6,  1,  22.2,   0.9, 0.100
2025-11-11 10:46:11,        0,  29.5,   1.5,  25.0,  0.806, -0.006,  0.000,4050695.9,  1,  22.2,   0.9, 0.100
2025-11-11 10:46:12,        0,  29.5,   1.5,  25.0,  0.773, -0.006,  0.000,4050689.2,  1,  22.2,   0.9, 0.100
2025-11-11 10:46:13,        0,  29.5,   1.6,  25.0,  0.744, -0.007,  0.000,4050683.4,  1,  22.2,   0.9, 0.100
2025-11-11 10:46:14,        0,  29.5,   1.6,  25.0,  0.705, -0.007,  0.000,4050677.5,  1,  22.3,   0.9, 0.100
2025-11-11 10:46:15,        0,  29.5,   1.6,  25.0,  0.683, -0.007,  0.000,4050670.8,  1,  22.2,   0.9, 0.100
2025-11-11 10:46:16,        0,  29.5,   1.6,  25.0,  0.655, -0.007,  0.000,4050662.0,  1,  22.3,   0.9, 0.100
2025-11-11 10:46:17,        0,  29.6,   1.8,  25.0,  0.638, -0.007,  0.000,4050655.7,  1,  22.2,   0.9, 0.100
2025-11-11 10:46:18,        0,  29.7,   2.0,  25.0,  0.622, -0.007,  0.000,4050649.0,  1,  22.2,   0.9, 0.100
2025-11-11 10:46:19,        0,  29.6,   1.8,  25.0,  0.601, -0.007,  0.000,4050643.1,  1,  22.3,   0.9, 0.100
2025-11-11 10:46:20,        0,  29.5,   1.5,  25.0,  0.581, -0.007,  0.000,4050634.8,  1,  22.2,   0.8, 0.100
2025-11-11 10:46:21,        0,  29.6,   1.8,  25.0,  0.569, -0.007,  0.000,4050628.5,  1,  22.3,   0.8, 0.100
2025-11-11 10:46:22,        0,  29.7,   2.0,  25.0,  0.558, -0.006,  0.000,4050622.2,  1,  22.3,   0.8, 0.100
2025-11-11 10:46:23,        0,  29.7,   2.1,  25.0,  0.548, -0.007,  0.000,4050615.9,  1,  22.3,   0.8, 0.100
2025-11-11 10:46:24,        0,  29.7,   2.0,  25.0,  0.533, -0.007,  0.000,4050608.4,  1,  22.3,   0.8, 0.100
2025-11-11 10:46:25,        0,  29.7,   2.1,  25.0,  0.520, -0.007,  0.000,4050602.1,  1,  22.2,   0.8, 0.100
2025-11-11 10:46:26,        0,  29.7,   2.0,  25.0,  0.512, -0.007,  0.000,4050595.8,  1,  22.2,   0.8, 0.100
2025-11-11 10:46:27,        0,  29.7,   2.1,  25.0,  0.504, -0.006,  0.000,4050589.9,  1,  22.3,   0.8, 0.100
2025-11-11 10:46:28,        0,  29.7,   2.1,  25.0,  0.493, -0.006,  0.000,4050582.4,  1,  22.2,   0.8, 0.100
2025-11-11 10:46:29,        0,  29.8,   2.3,  25.0,  0.486, -0.007,  0.000,4050575.7,  1,  22.3,   0.8, 0.100
2025-11-11 10:46:30,        0,  29.8,   2.3,  25.0,  0.477, -0.006,  0.000,4050570.2,  1,  22.2,   0.8, 0.100
2025-11-11 10:46:31,        0,  29.8,   2.3,  25.0,  0.470, -0.006,  0.000,4050564.3,  1,  22.2,   0.8, 0.100
2025-11-11 10:46:33,        0,  29.8,   2.4,  25.0,  0.461, -0.006,  0.000,4050557.2,  1,  22.3,   0.8, 0.100
2025-11-11 10:46:33,        0,  29.8,   2.4,  25.0,  0.457, -0.006,  0.000,4050551.4,  1,  22.3,   0.8, 0.100
2025-11-11 10:46:34,        0,  29.8,   2.4,  25.0,  0.451, -0.006,  0.000,4050545.5,  1,  22.2,   0.8, 0.100
2025-11-11 10:46:35,        0,  29.8,   2.4,  25.0,  0.443, -0.006,  0.000,4050540.0,  1,  22.3,   0.9, 0.100
2025-11-11 10:46:36,        0,  29.9,   2.6,  25.0,  0.439, -0.006,  0.000,4050534.6,  1,  22.3,   0.9, 0.100
2025-11-11 10:46:37,        0,  29.8,   2.4,  25.0,  0.431, -0.006,  0.000,4050527.5,  1,  22.3,   0.9, 0.100
2025-11-11 10:46:38,        0,  29.9,   2.6,  25.0,  0.427, -0.006,  0.000,4050710.2,  1,  22.3,   0.9, 0.100
2025-11-11 10:46:39,        0,  29.9,   2.6,  25.0,  6.547,  4.355,  0.029,4054870.1,  1,  22.3,   0.9, 0.100
2025-11-11 10:46:40,        0,  29.8,   2.3,  25.0,  2.317,  0.784,  0.002,4057137.9,  1,  22.3,   0.9, 0.100
2025-11-11 10:46:41,        0,  29.5,   1.6,  25.0,  1.157,  0.032,  0.000,4057191.9,  1,  22.3,   0.9, 0.100
2025-11-11 10:46:42,        0,  29.6,   1.8,  25.0,  0.964, -0.002,  0.000,4057191.9,  1,  22.3,   1.0, 0.100
2025-11-11 10:46:43,        0,  29.5,   1.5,  25.0,  0.905, -0.005,  0.000,4057187.7,  1,  22.3,   1.0, 0.100
2025-11-11 10:46:44,        0,  29.5,   1.6,  25.0,  0.859, -0.006,  0.000,4057181.9,  1,  22.3,   1.0, 0.100
2025-11-11 10:46:45,        0,  29.5,   1.6,  25.0,  0.803, -0.007,  0.000,4057175.2,  1,  22.2,   1.0, 0.100
2025-11-11 10:46:46,        0,  29.6,   1.8,  25.0,  0.754, -0.006,  0.000,4057169.3,  1,  22.3,   1.0, 0.100
2025-11-11 10:46:47,        0,  29.6,   1.8,  25.0,  0.727, -0.007,  0.000,4057163.4,  1,  22.3,   1.0, 0.100
2025-11-11 10:46:48,        0,  29.6,   1.8,  25.0,  0.702, -0.007,  0.000,4057156.7,  1,  22.3,   1.0, 0.100
2025-11-11 10:46:49,        0,  29.7,   2.0,  25.0,  0.670, -0.007,  0.000,4057148.8,  1,  22.3,   1.0, 0.100
2025-11-11 10:46:50,        0,  29.6,   1.8,  25.0,  0.651, -0.006,  0.000,4057142.5,  1,  22.3,   0.9, 0.100
2025-11-11 10:46:51,        0,  29.6,   1.8,  25.0,  0.626, -0.007,  0.000,4057136.2,  1,  22.3,   1.0, 0.100
2025-11-11 10:46:52,        0,  29.5,   1.6,  25.0,  0.611, -0.006,  0.000,4057129.9,  1,  22.3,   0.9, 0.100
2025-11-11 10:46:53,        0,  29.7,   2.0,  25.0,  0.596, -0.007,  0.000,4057123.2,  1,  22.3,   0.9, 0.100
2025-11-11 10:46:54,        0,  29.7,   2.0,  25.0,  0.577, -0.007,  0.000,4057115.2,  1,  22.3,   1.0, 0.100
2025-11-11 10:46:55,        0,  29.7,   2.1,  25.0,  0.564, -0.007,  0.000,4057108.5,  1,  22.3,   0.9, 0.100
2025-11-11 10:46:56,        0,  29.7,   2.1,  25.0,  0.548, -0.007,  0.000,4057102.2,  1,  22.3,   0.9, 0.100
2025-11-11 10:46:57,        0,  29.7,   2.1,  25.0,  0.538, -0.006,  0.000,4057095.9,  1,  22.3,   1.0, 0.100
2025-11-11 10:46:58,        0,  29.7,   2.1,  25.0,  0.524, -0.007,  0.000,4057088.8,  1,  22.3,   0.9, 0.100
2025-11-11 10:46:59,        0,  29.7,   2.1,  25.0,  0.515, -0.006,  0.000,4057082.5,  1,  22.3,   0.9, 0.100
2025-11-11 10:47:00,        0,  29.7,   2.1,  25.0,  0.506, -0.007,  0.000,4057076.2,  1,  22.3,   0.9, 0.100
2025-11-11 10:47:01,        0,  29.8,   2.3,  25.0,  0.494, -0.006,  0.000,4057070.4,  1,  22.3,   0.9, 0.100
2025-11-11 10:47:02,        0,  29.7,   2.1,  25.0,  0.487, -0.006,  0.000,4057064.5,  1,  22.3,   0.9, 0.100
2025-11-11 10:47:03,        0,  29.8,   2.3,  25.0,  0.476, -0.006,  0.000,4057057.4,  1,  22.3,   0.9, 0.100
2025-11-11 10:47:04,        0,  29.8,   2.3,  25.0,  0.470, -0.006,  0.000,4057051.5,  1,  22.2,   0.8, 0.100
2025-11-11 10:47:05,        0,  29.8,   2.4,  25.0,  0.463, -0.006,  0.000,4057046.1,  1,  22.3,   0.8, 0.100
2025-11-11 10:47:06,        0,  29.8,   2.4,  25.0,  0.455, -0.006,  0.000,4057040.2,  1,  22.3,   0.8, 0.100
2025-11-11 10:47:07,        0,  29.8,   2.3,  25.0,  0.446, -0.005,  0.000,4057033.5,  1,  22.3,   0.8, 0.100
2025-11-11 10:47:08,        0,  29.8,   2.4,  25.0,  0.441, -0.006,  0.000,4057027.6,  1,  22.3,   0.8, 0.100
2025-11-11 10:47:09,        0,  29.8,   2.5,  25.0,  0.436, -0.006,  0.000,4057022.2,  1,  22.3,   0.8, 0.100
2025-11-11 10:47:10,        0,  29.9,   2.6,  25.0,  0.429, -0.006,  0.000,4057016.3,  1,  22.3,   0.8, 0.100
2025-11-11 10:47:11,        0,  29.9,   2.6,  25.0,  0.424, -0.006,  0.000,4057010.0,  1,  22.3,   0.8, 0.100
2025-11-11 10:47:12,        0,  29.9,   2.6,  25.0,  0.417, -0.006,  0.000,4057004.6,  1,  22.3,   0.8, 0.100
2025-11-11 10:47:13,        0,  29.9,   2.6,  25.0,  0.413, -0.006,  0.000,4057536.4,  1,  22.3,   0.8, 0.100
2025-11-11 10:47:14,        0,  29.9,   2.6,  25.0,  6.548,  4.350,  0.028,4061687.1,  1,  22.3,   0.8, 0.100
2025-11-11 10:47:15,        0,  29.3,   0.8,  25.0,  3.097,  1.420,  0.005,4064492.1,  1,  22.3,   0.8, 0.100
2025-11-11 10:47:16,        0,  29.3,   0.8,  25.0,  1.197,  0.044,  0.000,4064577.6,  1,  22.3,   0.8, 0.100
2025-11-11 10:47:17,        0,  29.4,   1.3,  25.0,  0.972, -0.001,  0.000,4064579.3,  1,  22.3,   0.8, 0.100
2025-11-11 10:47:18,        0,  29.4,   1.3,  25.0,  0.913, -0.005,  0.000,4064575.1,  1,  22.3,   0.8, 0.100
2025-11-11 10:47:19,        0,  29.4,   1.3,  25.0,  0.870, -0.006,  0.000,4064569.7,  1,  22.3,   0.8, 0.100
2025-11-11 10:47:20,        0,  29.5,   1.5,  25.0,  0.814, -0.006,  0.000,4064562.1,  1,  22.3,   0.8, 0.100
2025-11-11 10:47:21,        0,  29.5,   1.5,  25.0,  0.781, -0.007,  0.000,4064556.3,  1,  22.3,   0.8, 0.100
2025-11-11 10:47:22,        0,  29.5,   1.5,  25.0,  0.737, -0.007,  0.000,4064550.0,  1,  22.3,   0.8, 0.100
2025-11-11 10:47:23,        0,  29.5,   1.6,  25.0,  0.711, -0.006,  0.000,4064543.7,  1,  22.3,   0.8, 0.100
2025-11-11 10:47:24,        0,  29.4,   1.3,  25.0,  0.677, -0.007,  0.000,4064536.6,  1,  22.3,   0.8, 0.100
2025-11-11 10:47:25,        0,  29.5,   1.5,  25.0,  0.657, -0.007,  0.000,4064529.9,  1,  22.3,   0.8, 0.100
2025-11-11 10:47:26,        0,  29.5,   1.5,  25.0,  0.631, -0.007,  0.000,4064523.6,  1,  22.3,   0.8, 0.100
2025-11-11 10:47:27,        0,  29.6,   1.8,  25.0,  0.615, -0.006,  0.000,4064517.7,  1,  22.3,   0.8, 0.100
2025-11-11 10:47:28,        0,  29.5,   1.6,  25.0,  0.600, -0.007,  0.000,4064511.0,  1,  22.3,   0.8, 0.100
2025-11-11 10:47:29,        0,  29.5,   1.6,  25.0,  0.581, -0.007,  0.000,4064502.6,  1,  22.3,   0.8, 0.100
2025-11-11 10:47:30,        0,  29.6,   1.8,  25.0,  0.568, -0.007,  0.000,4064496.3,  1,  22.3,   0.8, 0.100
2025-11-11 10:47:31,        0,  29.6,   1.8,  25.0,  0.551, -0.006,  0.000,4064490.5,  1,  22.3,   0.8, 0.100
2025-11-11 10:47:32,        0,  29.6,   1.8,  25.0,  0.540, -0.006,  0.000,4064484.2,  1,  22.3,   0.8, 0.100
2025-11-11 10:47:33,        0,  29.6,   1.8,  25.0,  0.525, -0.006,  0.000,4064476.6,  1,  22.3,   0.8, 0.100
2025-11-11 10:47:34,        0,  29.6,   1.8,  25.0,  0.515, -0.006,  0.000,4064470.8,  1,  22.3,   0.8, 0.100
2025-11-11 10:47:35,        0,  29.7,   2.0,  25.0,  0.507, -0.007,  0.000,4064464.5,  1,  22.3,   0.8, 0.100
2025-11-11 10:47:36,        0,  29.6,   1.8,  25.0,  0.494, -0.006,  0.000,4064459.0,  1,  22.3,   0.8, 0.100
2025-11-11 10:47:37,        0,  29.7,   2.0,  25.0,  0.487, -0.006,  0.000,4064453.2,  1,  22.3,   0.8, 0.100
2025-11-11 10:47:38,        0,  29.7,   2.0,  25.0,  0.476, -0.006,  0.000,4064446.5,  1,  22.3,   0.8, 0.100
2025-11-11 10:47:39,        0,  29.7,   2.1,  25.0,  0.468, -0.006,  0.000,4064440.2,  1,  22.3,   0.8, 0.100
2025-11-11 10:47:40,        0,  29.7,   2.1,  25.0,  0.462, -0.006,  0.000,4064435.1,  1,  22.3,   0.8, 0.100
2025-11-11 10:47:41,        0,  29.7,   2.1,  25.0,  0.453, -0.006,  0.000,4064429.3,  1,  22.3,   0.8, 0.100
2025-11-11 10:47:42,        0,  29.7,   2.1,  25.0,  0.444, -0.006,  0.000,4064422.1,  1,  22.3,   0.8, 0.100
2025-11-11 10:47:43,        0,  29.7,   2.1,  25.0,  0.439, -0.006,  0.000,4064416.3,  1,  22.3,   0.8, 0.100
2025-11-11 10:47:44,        0,  29.7,   2.1,  25.0,  0.433, -0.006,  0.000,4064411.3,  1,  22.3,   0.8, 0.100
2025-11-11 10:47:45,        0,  29.7,   2.1,  25.0,  0.428, -0.006,  0.000,4064405.8,  1,  22.3,   0.8, 0.100
2025-11-11 10:47:46,        0,  29.7,   2.1,  25.0,  0.420, -0.005,  0.000,4064400.4,  1,  22.3,   0.8, 0.100
2025-11-11 10:47:47,        0,  29.7,   2.1,  25.0,  0.413, -0.005,  0.000,4064394.1,  1,  22.3,   0.8, 0.100
2025-11-11 10:47:48,        0,  29.7,   2.1,  25.0,  0.409, -0.005,  0.000,4064388.6,  1,  22.3,   0.8, 0.100
2025-11-11 10:47:49,        0,  29.8,   2.3,  25.0,  0.404, -0.005,  0.000,4064383.6,  1,  22.3,   0.8, 0.100
2025-11-11 10:47:50,        0,  29.8,   2.3,  25.0,  0.398, -0.005,  0.000,4064378.1,  1,  22.3,   0.8, 0.100
2025-11-11 10:47:51,        0,  29.8,   2.3,  25.0,  0.394, -0.005,  0.000,4064371.4,  1,  22.3,   0.8, 0.100
2025-11-11 10:47:52,        0,  29.8,   2.3,  25.0,  0.388, -0.005,  0.000,4064366.8,  1,  22.3,   0.8, 0.100
2025-11-11 10:47:53,        0,  29.8,   2.4,  25.0,  0.385, -0.005,  0.000,4064361.4,  1,  22.3,   0.8, 0.100
2025-11-11 10:47:54,        0,  29.9,   2.6,  25.0,  0.381, -0.005,  0.000,4064356.8,  1,  22.3,   0.8, 0.100
2025-11-11 10:47:55,        0,  29.8,   2.5,  25.0,  0.376, -0.005,  0.000,4064350.9,  1,  22.3,   0.8, 0.100
2025-11-11 10:47:56,        0,  29.9,   2.6,  25.0,  0.372, -0.005,  0.000,4064346.3,  1,  22.3,   0.8, 0.100
2025-11-11 10:47:57,        0,  29.8,   2.4,  25.0,  0.367, -0.005,  0.000,4064342.1,  1,  22.3,   0.8, 0.100
2025-11-11 10:47:58,        0,  29.9,   2.6,  25.0,  0.364, -0.005,  0.000,4064337.1,  1,  22.3,   0.8, 0.100
2025-11-11 10:47:59,        0,  29.9,   2.6,  25.0,  0.361, -0.005,  0.000,4064332.5,  1,  22.3,   0.8, 0.100
2025-11-11 10:48:00,        0,  29.9,   2.8,  25.0,  0.356, -0.005,  0.000,4064326.6,  1,  22.4,   0.8, 0.100
2025-11-11 10:48:01,        0,  29.9,   2.6,  25.0,  6.565,  4.354,  0.029,4068436.2,  1,  22.3,   0.8, 0.100
2165-165-165 45:165:85,        0,  29.8,   2.4,  25.0,  6.566,  4.357,  0.029,4072579.8,  1,  22.3,   0.8, 0.100
2025-11-11 10:48:03,        0,  29.4,   1.3,  25.0,  2.052,  0.568,  0.001,4073808.2,  1,  22.3,   0.9, 0.100
2025-11-11 10:48:04,        0,  29.4,   1.1,  25.0,  1.058,  0.012,  0.000,4073836.3,  1,  22.3,   0.9, 0.100
2025-11-11 10:48:05,        0,  29.3,   1.0,  25.0,  0.959, -0.001,  0.000,4073835.9,  1,  22.3,   0.8, 0.100
2025-11-11 10:48:06,        0,  29.3,   1.0,  25.0,  0.903, -0.005,  0.000,4073830.4,  1,  22.3,   0.8, 0.100
2025-11-11 10:48:07,        0,  29.3,   1.0,  25.0,  0.841, -0.007,  0.000,4073825.0,  1,  22.3,   0.9, 0.100
2025-11-11 10:48:08,        0,  29.3,   1.0,  25.0,  0.788, -0.006,  0.000,4073817.8,  1,  22.3,   0.9, 0.100
2025-11-11 10:48:09,        0,  29.3,   1.0,  25.0,  0.756, -0.006,  0.000,4073811.6,  1,  22.3,   0.9, 0.100
2025-11-11 10:48:10,        0,  29.3,   1.0,  25.0,  0.728, -0.007,  0.000,4073805.7,  1,  22.3,   0.9, 0.100
2025-11-11 10:48:11,        0,  29.4,   1.1,  25.0,  0.704, -0.007,  0.000,4073799.4,  1,  22.3,   0.8, 0.100
2025-11-11 10:48:12,        0,  29.3,   1.0,  25.0,  0.671, -0.007,  0.000,4073791.9,  1,  22.3,   0.9, 0.100
2025-11-11 10:48:13,        0,  29.4,   1.1,  25.0,  0.644, -0.007,  0.000,4073785.2,  1,  22.3,   0.9, 0.100
2025-11-11 10:48:14,        0,  29.4,   1.1,  25.0,  0.628, -0.007,  0.000,4073778.4,  1,  22.3,   0.9, 0.100
2025-11-11 10:48:15,        0,  29.4,   1.1,  25.0,  0.612, -0.007,  0.000,4073772.2,  1,  22.3,   0.9, 0.100
2025-11-11 10:48:16,        0,  29.4,   1.1,  25.0,  0.591, -0.007,  0.000,4073764.2,  1,  22.2,   0.9, 0.100
2025-11-11 10:48:17,        0,  29.4,   1.3,  25.0,  0.578, -0.007,  0.000,4073758.3,  1,  22.3,   0.9, 0.100
2025-11-11 10:48:18,        0,  29.4,   1.3,  25.0,  0.560, -0.007,  0.000,4073752.0,  1,  22.3,   0.9, 0.100
2025-11-11 10:48:19,        0,  29.4,   1.3,  25.0,  0.548, -0.007,  0.000,4073745.8,  1,  22.3,   0.9, 0.100
2025-11-11 10:48:20,        0,  29.4,   1.3,  25.0,  0.532, -0.006,  0.000,4073738.6,  1,  22.3,   0.9, 0.100
2025-11-11 10:48:21,        0,  29.4,   1.3,  25.0,  0.523, -0.006,  0.000,4073732.8,  1,  22.3,   0.9, 0.100
2025-11-11 10:48:22,        0,  29.5,   1.5,  25.0,  0.513, -0.006,  0.000,4073726.5,  1,  22.3,   0.9, 0.100
2025-11-11 10:48:23,        0,  29.4,   1.3,  25.0,  0.500, -0.006,  0.000,4073720.6,  1,  22.3,   0.9, 0.100
2025-11-11 10:48:24,        0,  29.4,   1.3,  25.0,  0.492, -0.006,  0.000,4073714.3,  1,  22.2,   0.9, 0.100
2025-11-11 10:48:25,        0,  29.5,   1.6,  25.0,  0.480, -0.006,  0.000,4073707.6,  1,  22.3,   0.9, 0.100
2025-11-11 10:48:26,        0,  29.5,   1.6,  25.0,  0.472, -0.006,  0.000,4073701.8,  1,  22.2,   0.9, 0.100
2025-11-11 10:48:27,        0,  29.5,   1.5,  25.0,  0.465, -0.006,  0.000,4073696.3,  1,  22.2,   0.9, 0.100
2025-11-11 10:48:28,        0,  29.5,   1.6,  25.0,  0.455, -0.006,  0.000,4073690.4,  1,  22.2,   1.0, 0.100
2025-11-11 10:48:29,        0,  29.5,   1.6,  25.0,  0.445, -0.005,  0.000,4073684.2,  1,  22.3,   0.9, 0.100
2025-11-11 10:48:30,        0,  29.5,   1.6,  25.0,  0.439, -0.006,  0.000,4073678.7,  1,  22.3,   0.9, 0.100
2025-11-11 10:48:31,        0,  29.5,   1.6,  25.0,  0.434, -0.005,  0.000,4073673.3,  1,  22.2,   0.9, 0.100
2025-11-11 10:48:32,        0,  29.5,   1.6,  25.0,  0.427, -0.005,  0.000,4073668.6,  1,  22.2,   1.0, 0.100
2025-11-11 10:48:33,        0,  29.6,   1.8,  25.0,  0.420, -0.005,  0.000,4073661.9,  1,  22.3,   0.9, 0.100
2025-11-11 10:48:34,        0,  29.6,   1.8,  25.0,  0.412, -0.005,  0.000,4073656.5,  1,  22.3,   0.9, 0.100
2025-11-11 10:48:35,        0,  29.7,   2.0,  25.0,  0.408, -0.005,  0.000,4073651.5,  1,  22.2,   0.9, 0.100
2025-11-11 10:48:36,        0,  29.5,   1.6,  25.0,  0.402, -0.005,  0.000,4073646.0,  1,  22.3,   0.9, 0.100
2025-11-11 10:48:37,        0,  29.7,   2.0,  25.0,  0.396, -0.005,  0.000,4073641.4,  1,  22.3,   1.0, 0.100
2025-11-11 10:48:38,        0,  29.7,   2.0,  25.0,  0.392, -0.005,  0.000,4073635.5,  1,  22.3,   0.9, 0.100
2025-11-11 10:48:39,        0,  29.7,   2.0,  25.0,  0.385, -0.005,  0.000,4073630.5,  1,  22.3,   0.9, 0.100
2025-11-11 10:48:40,        0,  29.7,   2.0,  25.0,  0.381, -0.005,  0.000,4073625.5,  1,  22.3,   0.9, 0.100
2025-11-11 10:48:41,        0,  29.7,   2.1,  25.0,  0.377, -0.005,  0.000,4073620.9,  1,  22.3,   0.9, 0.100
2025-11-11 10:48:42,        0,  29.7,   2.1,  25.0,  0.371, -0.005,  0.000,4073615.0,  1,  22.2,   1.0, 0.100
2025-11-11 10:48:43,        0,  29.7,   2.1,  25.0,  0.367, -0.005,  0.000,4073610.4,  1,  22.3,   1.0, 0.100
2025-11-11 10:48:44,        0,  29.7,   2.0,  25.0,  0.361, -0.005,  0.000,4073605.4,  1,  22.3,   0.9, 0.100
2025-11-11 10:48:45,        0,  29.7,   2.1,  25.0,  0.358, -0.005,  0.000,4073601.2,  1,  22.2,   1.0, 0.100
2025-11-11 10:48:46,        0,  29.7,   2.1,  25.0,  0.353, -0.005,  0.000,4073595.7,  1,  22.2,   1.0, 0.100
2025-11-11 10:48:47,        0,  29.7,   2.1,  25.0,  0.350, -0.005,  0.000,4073591.1,  1,  22.2,   1.0, 0.100
2025-11-11 10:48:48,        0,  29.8,   2.3,  25.0,  0.346, -0.005,  0.000,4073586.9,  1,  22.3,   1.0, 0.100
2025-11-11 10:48:49,        0,  29.8,   2.3,  25.0,  0.342, -0.005,  0.000,4073582.7,  1,  22.2,   1.0, 0.100
2025-11-11 10:48:50,        0,  29.8,   2.3,  25.0,  0.339, -0.005,  0.000,4073578.5,  1,  22.3,   1.0, 0.100
2025-11-11 10:48:51,        0,  29.8,   2.4,  25.0,  0.334, -0.004,  0.000,4073573.1,  1,  22.2,   1.0, 0.100
2025-11-11 10:48:52,        0,  29.8,   2.4,  25.0,  0.332, -0.005,  0.000,4073568.9,  1,  22.3,   1.0, 0.100
2025-11-11 10:48:53,        0,  29.8,   2.4,  25.0,  0.327, -0.005,  0.000,4073564.7,  1,  22.3,   0.9, 0.100
2025-11-11 10:48:54,        0,  29.8,   2.4,  25.0,  0.324, -0.005,  0.000,4073560.1,  1,  22.3,   0.9, 0.100
2025-11-11 10:48:55,        0,  29.8,   2.4,  25.0,  0.320, -0.005,  0.000,4073555.1,  1,  22.3,   0.9, 0.100
2025-11-11 10:48:56,        0,  29.9,   2.6,  25.0,  0.318, -0.004,  0.000,4073551.3,  1,  22.3,   0.9, 0.100
2025-11-11 10:48:57,        0,  29.9,   2.6,  25.0,  0.315, -0.004,  0.000,4073546.7,  1,  22.3,   0.9, 0.100
2025-11-11 10:48:58,        0,  29.8,   2.4,  25.0,  0.311, -0.004,  0.000,4073542.5,  1,  22.2,   0.9, 0.100
2025-11-11 10:48:59,        0,  29.9,   2.6,  25.0,  0.309, -0.004,  0.000,4073538.7,  1,  22.3,   0.9, 0.100
2025-11-11 10:49:00,        0,  29.9,   2.6,  25.0,  2.970,  1.913,  0.012,4074788.5,  1,  22.3,   0.9, 0.100
2025-11-11 10:49:01,        0,  29.9,   2.6,  25.0,  3.800,  2.000,  0.009,4077020.1,  1,  22.3,   0.9, 0.100
2025-11-11 10:49:02,        0,  29.6,   1.8,  25.0,  1.223,  0.051,  0.000,4077070.4,  1,  22.3,   0.8, 0.100
2025-11-11 10:49:03,        0,  29.6,   1.8,  25.0,  0.967,  0.001,  0.000,4077073.0,  1,  22.3,   0.9, 0.100
2025-11-11 10:49:04,        0,  29.7,   2.0,  25.0,  0.875, -0.005,  0.000,4077068.8,  1,  22.3,   0.8, 0.100
2025-11-11 10:49:05,        0,  29.7,   2.1,  25.0,  0.832, -0.005,  0.000,4077063.7,  1,  22.3,   0.8, 0.100
2025-11-11 10:49:06,        0,  29.7,   2.1,  25.0,  0.793, -0.006,  0.000,4077057.9,  1,  22.3,   0.8, 0.100
2025-11-11 10:49:07,        0,  29.8,   2.3,  25.0,  0.758, -0.005,  0.000,4077052.4,  1,  22.3,   0.8, 0.100
2025-11-11 10:49:08,        0,  29.7,   2.1,  25.0,  0.714, -0.006,  0.000,4077045.3,  1,  22.3,   0.8, 0.100
2025-11-11 10:49:09,        0,  29.8,   2.3,  25.0,  0.676, -0.007,  0.000,4077039.4,  1,  22.3,   0.8, 0.100
2025-11-11 10:49:10,        0,  29.8,   2.3,  25.0,  0.655, -0.006,  0.000,4077033.6,  1,  22.3,   0.8, 0.100
2025-11-11 10:49:11,        0,  29.8,   2.3,  25.0,  0.635, -0.007,  0.000,4077027.3,  1,  22.3,   0.8, 0.100
2025-11-11 10:49:12,        0,  29.8,   2.3,  25.0,  0.608, -0.007,  0.000,4077020.6,  1,  22.3,   0.8, 0.100
2025-11-11 10:49:13,        0,  29.8,   2.3,  25.0,  0.592, -0.006,  0.000,4077013.4,  1,  22.3,   0.8, 0.100
2025-11-11 10:49:14,        0,  29.8,   2.4,  25.0,  0.570, -0.007,  0.000,4077007.2,  1,  22.3,   0.8, 0.100
2025-11-11 10:49:15,        0,  29.8,   2.3,  25.0,  0.557, -0.007,  0.000,4077000.5,  1,  22.3,   0.8, 0.100
2025-11-11 10:49:16,        0,  29.8,   2.4,  25.0,  0.545, -0.006,  0.000,4076995.0,  1,  22.3,   0.8, 0.100
2025-11-11 10:49:17,        0,  29.9,   2.6,  25.0,  0.527, -0.006,  0.000,4076987.9,  1,  22.3,   0.8, 0.100
2025-11-11 10:49:18,        0,  29.8,   2.4,  25.0,  0.516, -0.005,  0.000,4076982.0,  1,  22.3,   0.8, 0.100
2025-11-11 10:49:19,        0,  29.8,   2.4,  25.0,  0.501, -0.006,  0.000,4076976.1,  1,  22.3,   0.8, 0.100
2025-11-11 10:49:20,        0,  29.9,   2.6,  25.0,  0.492, -0.006,  0.000,4076970.3,  1,  22.3,   0.8, 0.100
2025-11-11 10:49:21,        0,  29.9,   2.6,  25.0,  0.479, -0.006,  0.000,4076963.2,  1,  22.3,   0.8, 0.100
2025-11-11 10:49:22,        0,  29.9,   2.6,  25.0,  0.470, -0.006,  0.000,4076957.3,  1,  22.3,   0.8, 0.100
2025-11-11 10:49:23,        0,  29.9,   2.6,  25.0,  0.462, -0.005,  0.000,4076951.8,  1,  22.3,   0.8, 0.100
2025-11-11 10:49:24,        0,  29.9,   2.6,  25.0,  6.482,  4.329,  0.028,4079165.1,  1,  22.3,   0.8, 0.100
2025-11-11 10:49:25,        0,  29.7,   2.1,  25.0,  2.685,  1.070,  0.003,4082715.2,  1,  22.3,   0.8, 0.100
2025-11-11 10:49:26,        0,  29.6,   1.8,  25.0,  1.183,  0.039,  0.000,4082788.2,  1,  22.3,   0.8, 0.100
2025-11-11 10:49:27,        0,  29.5,   1.5,  25.0,  1.008,  0.005,  0.000,4082793.2,  1,  22.3,   0.8, 0.100
2025-11-11 10:49:28,        0,  29.5,   1.6,  25.0,  0.928, -0.003,  0.000,4082789.8,  1,  22.3,   0.8, 0.100
2025-11-11 10:49:29,        0,  29.5,   1.5,  25.0,  0.857, -0.006,  0.000,4082785.2,  1,  22.3,   0.8, 0.100
2025-11-11 10:49:30,        0,  29.5,   1.6,  25.0,  0.800, -0.006,  0.000,4082778.1,  1,  22.2,   0.8, 0.100
2025-11-11 10:49:31,        0,  29.5,   1.6,  25.0,  0.767, -0.006,  0.000,4082772.2,  1,  22.3,   0.8, 0.100
2025-11-11 10:49:32,        0,  29.5,   1.6,  25.0,  0.737, -0.006,  0.000,4082766.4,  1,  22.3,   0.8, 0.100
2025-11-11 10:49:33,        0,  29.6,   1.8,  25.0,  0.710, -0.007,  0.000,4082759.7,  1,  22.3,   0.8, 0.100
2025-11-11 10:49:34,        0,  29.5,   1.6,  25.0,  0.675, -0.006,  0.000,4082752.5,  1,  22.3,   0.9, 0.100
2025-11-11 10:49:35,        0,  29.6,   1.8,  25.0,  0.644, -0.007,  0.000,4082745.8,  1,  22.3,   0.8, 0.100
2025-11-11 10:49:36,        0,  29.6,   1.8,  25.0,  0.627, -0.007,  0.000,4082739.5,  1,  22.3,   0.9, 0.100
2025-11-11 10:49:37,        0,  29.6,   1.8,  25.0,  0.602, -0.006,  0.000,4082732.0,  1,  22.3,   0.9, 0.100
2025-11-11 10:49:38,        0,  29.7,   2.0,  25.0,  0.587, -0.006,  0.000,4082726.1,  1,  22.3,   0.9, 0.100
2025-11-11 10:49:39,        0,  29.7,   2.0,  25.0,  0.573, -0.006,  0.000,4082719.8,  1,  22.3,   0.9, 0.100
2025-11-11 10:49:40,        0,  29.7,   2.0,  25.0,  0.554, -0.006,  0.000,4082714.0,  1,  22.3,   0.9, 0.100
2025-11-11 10:49:41,        0,  29.7,   2.0,  25.0,  0.542, -0.006,  0.000,4082706.9,  1,  22.3,   0.9, 0.100
2025-11-11 10:49:42,        0,  29.7,   2.0,  25.0,  0.525, -0.006,  0.000,4082701.4,  1,  22.3,   0.9, 0.100
2025-11-11 10:49:43,        0,  29.7,   2.1,  25.0,  0.515, -0.006,  0.000,4082695.5,  1,  22.3,   0.9, 0.100
2025-11-11 10:49:44,        0,  29.7,   2.1,  25.0,  0.505, -0.006,  0.000,4082689.7,  1,  22.3,   0.9, 0.100
2025-11-11 10:49:45,        0,  29.7,   2.1,  25.0,  0.492, -0.006,  0.000,4082682.5,  1,  22.3,   0.9, 0.100
2025-11-11 10:49:46,        0,  29.7,   2.0,  25.0,  0.483, -0.006,  0.000,4082677.5,  1,  22.3,   0.9, 0.100
2025-11-11 10:49:47,        0,  29.7,   2.1,  24.9,  0.470, -0.006,  0.000,4082671.6,  1,  22.2,   1.0, 0.100
2025-11-11 10:49:48,        0,  29.7,   2.1,  25.0,  0.463, -0.006,  0.000,4082666.2,  1,  22.3,   1.0, 0.100
2025-11-11 10:49:49,        0,  29.7,   2.1,  25.0,  0.452, -0.006,  0.000,4082659.9,  1,  22.3,   1.0, 0.100
2025-11-11 10:49:50,        0,  29.7,   2.1,  25.0,  0.446, -0.006,  0.000,4082654.0,  1,  22.3,   1.0, 0.100
2025-11-11 10:49:51,        0,  29.8,   2.3,  25.0,  0.438, -0.005,  0.000,4082648.6,  1,  22.3,   1.0, 0.100
2025-11-11 10:49:52,        0,  29.8,   2.3,  25.0,  0.429, -0.005,  0.000,4082643.6,  1,  22.3,   1.0, 0.100
2025-11-11 10:49:53,        0,  29.8,   2.3,  25.0,  0.424, -0.005,  0.000,4082637.7,  1,  22.3,   1.0, 0.100
2025-11-11 10:49:54,        0,  29.8,   2.3,  25.0,  0.415, -0.005,  0.000,4082632.7,  1,  22.3,   1.0, 0.100
2025-11-11 10:49:55,        0,  29.8,   2.4,  25.0,  0.409, -0.005,  0.000,4082626.8,  1,  22.3,   1.0, 0.100
2025-11-11 10:49:56,        0,  29.8,   2.3,  25.0,  0.404, -0.005,  0.000,4082622.2,  1,  22.3,   1.0, 0.100
2025-11-11 10:49:57,        0,  29.8,   2.4,  25.0,  0.396, -0.005,  0.000,4082617.2,  1,  22.3,   1.0, 0.100
2025-11-11 10:49:58,        0,  29.8,   2.4,  25.0,  0.389, -0.005,  0.000,4082610.9,  1,  22.3,   1.0, 0.100
2025-11-11 10:49:59,        0,  29.8,   2.4,  25.0,  0.385, -0.005,  0.000,4082606.3,  1,  22.3,   1.0, 0.100
2025-11-11 10:50:00,        0,  29.8,   2.4,  25.0,  0.380, -0.005,  0.000,4082602.1,  1,  22.3,   1.0, 0.100
2025-11-11 10:50:01,        0,  29.8,   2.4,  25.0,  0.375, -0.005,  0.000,4082596.6,  1,  22.3,   1.0, 0.100
2025-11-11 10:50:02,        0,  29.8,   2.4,  25.0,  0.369, -0.005,  0.000,4082591.2,  1,  22.3,   1.0, 0.100
2025-11-11 10:50:03,        0,  29.8,   2.5,  25.0,  0.363, -0.005,  0.000,4082586.6,  1,  22.3,   1.0, 0.100
2025-11-11 10:50:04,        0,  29.9,   2.6,  25.0,  0.359, -0.005,  0.000,4082582.0,  1,  22.3,   1.0, 0.100
2025-11-11 10:50:05,        0,  29.9,   2.6,  25.0,  0.355, -0.005,  0.000,4082577.8,  1,  22.3,   0.9, 0.100
2025-11-11 10:50:06,        0,  29.9,   2.6,  25.0,  0.349, -0.005,  0.000,4082572.7,  1,  22.3,   0.9, 0.100
2025-11-11 10:50:07,        0,  29.9,   2.6,  25.0,  0.347, -0.005,  0.000,4082567.7,  1,  22.3,   0.9, 0.100
2025-11-11 10:50:08,        0,  29.9,   2.6,  25.0,  1.061,  0.555,  0.003,4083159.5,  1,  22.3,   0.9, 0.100
2025-11-11 10:50:09,        0,  29.9,   2.6,  25.0,  6.588,  4.354,  0.029,4087306.8,  1,  22.3,   0.9, 0.100
2025-11-11 10:50:10,        0,  29.7,   2.0,  25.0,  6.296,  4.108,  0.026,4090239.7,  1,  22.3,   0.9, 0.100
2025-11-11 10:50:11,        0,  29.0,   0.1,  25.0,  1.182,  0.037,  0.000,4090335.2,  1,  22.3,   0.9, 0.100
2025-11-11 10:50:12,        0,  29.2,   0.5,  25.0,  1.011,  0.004,  0.000,4090338.2,  1,  22.3,   0.9, 0.100
2025-11-11 10:50:13,        0,  29.3,   1.0,  25.0,  0.904, -0.005,  0.000,4090334.4,  1,  22.3,   0.9, 0.100
2025-11-11 10:50:14,        0,  29.4,   1.1,  25.0,  0.859, -0.006,  0.000,4090329.4,  1,  22.3,   0.9, 0.100
2025-11-11 10:50:15,        0,  29.4,   1.3,  24.9,  0.820, -0.006,  0.000,4090323.1,  1,  22.3,   0.8, 0.100
2025-11-11 10:50:16,        0,  29.4,   1.3,  25.0,  0.771, -0.006,  0.000,4090315.9,  1,  22.3,   0.9, 0.100
2025-11-11 10:50:17,        0,  29.4,   1.3,  25.0,  0.727, -0.007,  0.000,4090310.1,  1,  22.3,   0.9, 0.100
2025-11-11 10:50:18,        0,  29.4,   1.3,  25.0,  0.701, -0.007,  0.000,4090303.8,  1,  22.3,   0.9, 0.100
2025-11-11 10:50:19,        0,  29.4,   1.3,  24.9,  0.679, -0.007,  0.000,4090297.1,  1,  22.3,   0.9, 0.100
2025-11-11 10:50:20,        0,  29.4,   1.3,  24.9,  0.649, -0.007,  0.000,4090289.5,  1,  22.3,   0.9, 0.100
2025-11-11 10:50:21,        0,  29.4,   1.3,  25.0,  0.631, -0.007,  0.000,4090283.3,  1,  22.3,   0.9, 0.100
2025-11-11 10:50:22,        0,  29.5,   1.5,  25.0,  0.606, -0.007,  0.000,4090277.4,  1,  22.3,   0.9, 0.100
2025-11-11 10:50:23,        0,  29.5,   1.5,  25.0,  0.591, -0.007,  0.000,4090271.1,  1,  22.3,   0.9, 0.100
2025-11-11 10:50:24,        0,  29.4,   1.3,  25.0,  0.570, -0.007,  0.000,4090263.6,  1,  22.3,   0.9, 0.100
2025-11-11 10:50:25,        0,  29.5,   1.5,  25.0,  0.558, -0.006,  0.000,4090257.3,  1,  22.3,   0.9, 0.100
2025-11-11 10:50:26,        0,  29.5,   1.5,  25.0,  0.545, -0.006,  0.000,4090251.4,  1,  22.3,   0.9, 0.100
2025-11-11 10:50:27,        0,  29.5,   1.6,  24.9,  0.529, -0.006,  0.000,4090245.1,  1,  22.3,   0.9, 0.100
2025-11-11 10:50:28,        0,  29.5,   1.5,  25.0,  0.518, -0.006,  0.000,4090239.7,  1,  22.3,   0.9, 0.100
2025-11-11 10:50:29,        0,  29.5,   1.6,  25.0,  0.504, -0.006,  0.000,4090232.5,  1,  22.2,   0.9, 0.100
2025-11-11 10:50:30,        0,  29.5,   1.5,  24.9,  0.495, -0.006,  0.000,4090226.7,  1,  22.2,   0.9, 0.100
2025-11-11 10:50:31,        0,  29.5,   1.5,  24.9,  0.486, -0.006,  0.000,4090220.8,  1,  22.3,   0.9, 0.100
2025-11-11 10:50:32,        0,  29.5,   1.6,  25.0,  0.474, -0.006,  0.000,4090215.4,  1,  22.3,   0.9, 0.100
2025-11-11 10:50:33,        0,  29.5,   1.5,  25.0,  0.462, -0.006,  0.000,4090208.2,  1,  22.2,   0.9, 0.100
2025-11-11 10:50:34,        0,  29.6,   1.8,  25.0,  0.455, -0.005,  0.000,4090202.8,  1,  22.2,   0.9, 0.100
2025-11-11 10:50:35,        0,  29.5,   1.6,  25.0,  0.447, -0.006,  0.000,4090196.9,  1,  22.3,   0.9, 0.100
2025-11-11 10:50:36,        0,  29.5,   1.6,  25.0,  0.441, -0.005,  0.000,4090191.9,  1,  22.2,   0.9, 0.100
2025-11-11 10:50:37,        0,  29.5,   1.6,  25.0,  0.431, -0.006,  0.000,4090186.4,  1,  22.2,   0.9, 0.100
2025-11-11 10:50:38,        0,  29.6,   1.8,  25.0,  0.422, -0.005,  0.000,4090180.6,  1,  22.3,   0.9, 0.100
2025-11-11 10:50:39,        0,  29.6,   1.8,  25.0,  0.416, -0.006,  0.000,4090175.1,  1,  22.2,   0.9, 0.100
2025-11-11 10:50:40,        0,  29.6,   1.8,  25.0,  0.410, -0.005,  0.000,4090170.1,  1,  22.3,   0.8, 0.100
2025-11-11 10:50:41,        0,  29.6,   1.8,  25.0,  0.403, -0.005,  0.000,4090165.1,  1,  22.2,   0.9, 0.100
2025-11-11 10:50:42,        0,  29.6,   1.8,  25.0,  0.397, -0.005,  0.000,4090159.6,  1,  22.3,   0.8, 0.100
2025-11-11 10:50:43,        0,  29.7,   2.0,  25.0,  0.389, -0.005,  0.000,4090154.6,  1,  22.2,   0.9, 0.100
2025-11-11 10:50:44,        0,  29.6,   1.8,  24.9,  0.385, -0.005,  0.000,4090150.0,  1,  22.3,   0.9, 0.100
2025-11-11 10:50:45,        0,  29.7,   2.0,  25.0,  0.380, -0.005,  0.000,4090145.0,  1,  22.2,   0.8, 0.100
2025-11-11 10:50:46,        0,  29.7,   2.0,  25.0,  0.373, -0.005,  0.000,4090139.5,  1,  22.2,   0.9, 0.100
2025-11-11 10:50:47,        0,  29.6,   1.8,  24.9,  0.369, -0.005,  0.000,4090134.5,  1,  22.3,   0.9, 0.100
2025-11-11 10:50:48,        0,  29.7,   2.1,  25.0,  0.363, -0.005,  0.000,4090129.9,  1,  22.2,   0.9, 0.100
2025-11-11 10:50:49,        0,  29.7,   2.0,  25.0,  0.358, -0.005,  0.000,4090125.3,  1,  22.2,   0.8, 0.100
2025-11-11 10:50:50,        0,  29.7,   2.0,  25.0,  0.354, -0.005,  0.000,4090120.6,  1,  22.2,   0.9, 0.100
2025-11-11 10:50:51,        0,  29.7,   2.1,  25.0,  0.349, -0.005,  0.000,4090115.6,  1,  22.3,   0.9, 0.100
2025-11-11 10:50:52,        0,  29.7,   2.1,  25.0,  0.346, -0.004,  0.000,4090111.4,  1,  22.2,   0.9, 0.100
2025-11-11 10:50:53,        0,  29.7,   2.1,  25.0,  0.340, -0.004,  0.000,4090106.8,  1,  22.3,   0.8, 0.100
2025-11-11 10:50:54,        0,  29.8,   2.3,  24.9,  0.337, -0.004,  0.000,4090102.6,  1,  22.2,   0.8, 0.100
2025-11-11 10:50:55,        0,  29.7,   2.1,  25.0,  0.331, -0.005,  0.000,4090097.6,  1,  22.2,   0.9, 0.100
2025-11-11 10:50:56,        0,  29.7,   2.1,  25.0,  0.328, -0.005,  0.000,4090093.0,  1,  22.3,   0.8, 0.100
2025-11-11 10:50:57,        0,  29.8,   2.3,  25.0,  0.323, -0.004,  0.000,4090089.2,  1,  22.3,   0.9, 0.100
2025-11-11 10:50:58,        0,  29.8,   2.3,  25.0,  0.320, -0.004,  0.000,4090085.0,  1,  22.2,   0.8, 0.100
2025-11-11 10:50:59,        0,  29.8,   2.3,  24.9,  0.317, -0.004,  0.000,4090081.2,  1,  22.2,   0.9, 0.100
