Time, Cnts,  %T, set_Cell[mA], Cell[°C], Cell[Volt], Cell[mA], Cell[W], Cell[uAs], Cell_ON, Env[°C], TEC[°C], N2Flow[slpm]
2025-10-30 11:32:02,        0,  29.5,   1.6,  25.0,  0.286, -0.003,  0.000,     -2.9,  1,  21.7,   1.1, 0.100
2025-10-30 11:32:03,        0,  29.5,   1.6,  25.0,  0.281, -0.003,  0.000,     -6.3,  1,  21.6,   1.0, 0.100
2025-10-30 11:32:03,        0,  29.6,   1.8,  25.0,  0.278, -0.004,  0.000,    -10.0,  1,  21.7,   1.0, 0.100
2025-10-30 11:32:04,        0,  29.5,   1.6,  25.0,  0.275, -0.004,  0.000,    -13.4,  1,  21.7,   1.1, 0.099
2025-10-30 11:32:05,        0,  29.5,   1.6,  25.0,  0.272, -0.003,  0.000,    -16.9,  1,  21.6,   1.1, 0.097
2025-10-30 11:32:07,        0,  29.5,   1.6,  25.0,  0.268, -0.004,  0.000,    -21.2,  1,  21.6,   1.1, 0.096
2025-10-30 11:32:07,        0,  29.5,   1.6,  25.0,  0.264, -0.003,  0.000,    -24.0,  1,  21.6,   1.1, 0.096
2025-10-30 11:32:08,        0,  29.5,   1.6,  25.0,  0.261, -0.004,  0.000,    -27.8,  1,  21.6,   1.1, 0.096
2025-10-30 11:32:09,        0,  29.6,   1.8,  25.0,  0.259, -0.003,  0.000,    -31.2,  1,  21.7,   1.1, 0.096
2025-10-30 11:32:11,        0,  29.5,   1.6,  25.0,  0.255, -0.004,  0.000,    -35.2,  1,  21.7,   1.1, 0.095
2025-10-30 11:32:11,        0,  29.5,   1.6,  25.1,  0.253, -0.003,  0.000,    -38.3,  1,  21.6,   1.1, 0.095
2025-10-30 11:32:12,        0,  29.5,   1.4,  25.0,  0.250, -0.003,  0.000,    -41.2,  1,  21.6,   1.1, 0.095
2025-10-30 11:32:13,        0,  29.5,   1.6,  25.0,  0.247, -0.003,  0.000,    -44.3,  1,  21.6,   1.1, 0.095
2025-10-30 11:32:15,        0,  29.5,   1.6,  25.0,  0.243, -0.003,  0.000,    -48.1,  1,  21.6,   1.1, 0.096
2025-10-30 11:32:15,        0,  29.6,   1.8,  25.1,  0.241, -0.003,  0.000,    -51.2,  1,  21.7,   1.1, 0.096
2025-10-30 11:32:16,        0,  29.6,   1.8,  25.1,  0.239, -0.003,  0.000,    -54.4,  1,  21.6,   1.1, 0.096
2025-10-30 11:32:17,        0,  29.7,   2.1,  25.1,  0.235, -0.003,  0.000,    -57.2,  1,  21.6,   1.1, 0.097
2025-10-30 11:32:19,        0,  29.8,   2.3,  25.0,  0.233, -0.003,  0.000,    -60.9,  1,  21.6,   1.1, 0.098
2025-10-30 11:32:19,        0,  30.1,   3.2,  25.0,  3.178,  2.142,  0.014,    989.9,  1,  21.7,   1.1, 0.098
2025-10-30 11:32:20,        0,  30.9,   5.6,  25.0,  8.184,  5.901,  0.048,   6270.2,  1,  21.6,   1.1, 0.099
2025-10-30 11:32:22,        0,  31.0,   5.9,  25.0, 11.257,  8.664,  0.098,  15482.1,  1,  21.6,   1.1, 0.100
2025-10-30 11:32:22,        0,  31.8,   8.4,  25.0, 11.966,  9.300,  0.112,  23911.9,  1,  21.6,   1.1, 0.100
2025-10-30 11:32:23,        0,  32.4,  10.3,  25.0, 14.365, 11.468,  0.166,  34761.4,  1,  21.6,   1.1, 0.101
2025-10-30 11:32:24,        0,  33.5,  13.6,  25.0, 16.135, 13.079,  0.211,  46818.4,  1,  21.6,   1.0, 0.108
2025-10-30 11:32:26,        0,  34.8,  17.4,  25.0, 20.121, 16.704,  0.337,  66518.2,  1,  21.6,   1.0, 0.114
2025-10-30 11:32:26,        0,  36.3,  21.8,  25.0, 27.369, 23.353,  0.655,  87791.4,  1,  21.6,   1.0, 0.121
2025-10-30 11:32:27,        0,  37.2,  24.5,  25.0, 28.176, 24.186,  0.684, 111046.3,  1,  21.6,   1.0, 0.101
2025-10-30 11:32:28,        0,  37.4,  25.1,  25.0, 31.396, 27.225,  0.857, 137156.3,  1,  21.6,   1.0, 0.099
2025-10-30 11:32:30,        0,  38.2,  27.6,  25.0, 28.855, 24.994,  0.722, 168236.5,  1,  21.5,   1.0, 0.098
2025-10-30 11:32:30,        0,  39.3,  30.9,  25.0, 35.519, 31.271,  1.111, 197940.5,  1,  21.5,   1.0, 0.099
2025-10-30 11:32:31,        0,  40.2,  33.6,  25.0, 40.667, 36.342,  1.479, 232513.3,  1,  21.5,   1.0, 0.099
2025-10-30 11:32:32,        0,  39.8,  32.3,  25.0, 43.469, 39.205,  1.705, 269024.6,  1,  21.5,   1.0, 0.099
2025-10-30 11:32:34,        0,  40.3,  33.9,  25.0, 39.646, 35.822,  1.422, 310962.6,  1,  21.6,   1.0, 0.099
2025-10-30 11:32:35,        0,  41.6,  37.9,  25.0, 45.377, 41.472,  1.887, 350893.6,  1,  21.5,   1.0, 0.099
2025-10-30 11:32:35,        0,  42.4,  40.1,  25.0, 48.463, 44.764,  2.176, 395567.3,  1,  21.5,   0.9, 0.099
2025-10-30 11:32:36,        0,  43.6,  43.8,  25.0, 50.534, 47.350,  2.402, 439299.8,  1,  21.5,   1.0, 0.099
2025-10-30 11:32:37,        0,  41.1,  36.3,  25.0, 45.069, 42.228,  1.905, 482608.8,  1,  21.5,   0.9, 0.100
2025-10-30 11:32:39,        0,  42.4,  40.1,  25.0, 48.118, 45.363,  2.186, 532475.6,  1,  21.6,   0.9, 0.099
2025-10-30 11:32:39,        0,  43.4,  43.1,  25.0, 54.577, 51.988,  2.841, 578298.6,  1,  21.5,   0.9, 0.100
2025-10-30 11:32:40,        0,  42.8,  41.4,  25.0, 47.931, 45.521,  2.185, 622191.2,  1,  21.6,   1.0, 0.100
2025-10-30 11:32:41,        0,  44.2,  45.7,  25.0, 55.008, 52.870,  2.910, 670629.8,  1,  21.6,   1.0, 0.113
2025-10-30 11:32:43,        0,  45.3,  49.0,  25.0, 48.427, 46.654,  2.260, 727337.0,  1,  21.6,   1.0, 0.103
2025-10-30 11:32:43,        0,  44.6,  46.9,  25.0, 49.364, 47.836,  2.362, 774746.7,  1,  21.5,   0.9, 0.100
2025-10-30 11:32:44,        0,  45.2,  48.5,  25.0, 51.285, 49.938,  2.563, 823616.1,  1,  21.6,   0.9, 0.101
2025-10-30 11:32:45,        0,  45.7,  50.2,  25.0, 46.077, 44.812,  2.104, 868396.0,  1,  21.6,   0.9, 0.100
2025-10-30 11:32:47,        0,  37.8,  26.4,  25.0, 46.739, 45.638,  2.162, 920845.1,  1,  21.5,   0.9, 0.100
2025-10-30 11:32:47,        0,  38.6,  28.7,  25.0, 45.775, 44.518,  2.054, 960162.2,  1,  21.5,   0.9, 0.100
2025-10-30 11:32:48,        0,  40.3,  33.9,  25.0, 31.166, 29.473,  0.923, 990041.3,  1,  21.6,   0.9, 0.100
2025-10-30 11:32:49,        0,  40.9,  35.7,  25.0, 44.010, 42.335,  1.864,1028608.8,  1,  21.5,   0.9, 0.100
2025-10-30 11:32:51,        0,  41.9,  38.8,  25.0, 49.264, 47.648,  2.355,1078739.1,  1,  21.6,   0.9, 0.100
2025-10-30 11:32:51,        0,  40.4,  34.1,  25.1, 45.308, 43.685,  1.980,1119761.2,  1,  21.5,   0.9, 0.100
2025-10-30 11:32:52,        0,  41.5,  37.5,  25.1, 35.671, 33.874,  1.212,1152455.8,  1,  21.6,   0.9, 0.100
2025-10-30 11:32:53,        0,  39.3,  30.9,  25.0, 37.457, 35.661,  1.346,1188359.9,  1,  21.5,   1.0, 0.100
2025-10-30 11:32:55,        0,  41.2,  36.5,  25.1, 43.296, 41.412,  1.796,1232243.5,  1,  21.6,   1.0, 0.100
2025-10-30 11:32:55,        0,  39.0,  29.9,  25.1, 38.946, 37.064,  1.453,1268063.6,  1,  21.5,   1.0, 0.100
2025-10-30 11:32:56,        0,  42.0,  38.9,  25.0, 41.805, 39.884,  1.677,1306642.1,  1,  21.5,   1.0, 0.100
2025-10-30 11:32:57,        0,  39.9,  32.7,  25.1, 32.107, 30.184,  0.979,1341014.7,  1,  21.5,   1.0, 0.100
2025-10-30 11:32:59,        0,  37.1,  24.3,  25.1, 41.653, 39.790,  1.658,1383805.6,  1,  21.5,   1.0, 0.100
2025-10-30 11:32:59,        0,  38.1,  27.3,  25.1, 35.579, 33.607,  1.197,1414035.4,  1,  21.6,   1.0, 0.100
2025-10-30 11:33:00,        0,  39.1,  30.4,  25.1, 40.004, 37.959,  1.519,1447590.3,  1,  21.5,   1.0, 0.100
2025-10-30 11:33:01,        0,  38.6,  28.7,  25.1, 34.794, 32.696,  1.138,1479295.2,  1,  21.5,   1.0, 0.100
2025-10-30 11:33:03,        0,  39.1,  30.2,  25.1, 38.472, 36.223,  1.396,1519109.9,  1,  21.5,   1.0, 0.100
2025-10-30 11:33:03,        0,  41.2,  36.5,  25.1, 34.382, 32.123,  1.106,1550978.4,  1,  21.6,   1.0, 0.100
2025-10-30 11:33:04,        0,  38.8,  29.5,  25.1, 40.818, 38.522,  1.577,1587509.8,  1,  21.6,   1.0, 0.100
2025-10-30 11:33:05,        0,  40.1,  33.2,  25.1, 41.040, 38.725,  1.596,1621873.0,  1,  21.5,   1.0, 0.100
2025-10-30 11:33:07,        0,  40.2,  33.7,  25.1, 33.052, 30.776,  1.018,1662643.2,  1,  21.6,   1.0, 0.100
2025-10-30 11:33:07,        0,  39.9,  32.8,  25.1, 40.854, 38.512,  1.578,1698777.9,  1,  21.5,   1.0, 0.100
2025-10-30 11:33:08,        0,  39.5,  31.5,  25.1, 36.897, 34.595,  1.281,1732014.5,  1,  21.6,   1.0, 0.100
2025-10-30 11:33:09,        0,  40.9,  35.8,  25.1, 36.295, 33.938,  1.233,1765218.3,  1,  21.5,   1.0, 0.100
2025-10-30 11:33:11,        0,  39.7,  32.0,  25.2, 37.022, 34.700,  1.293,1808057.8,  1,  21.5,   1.0, 0.100
2025-10-30 11:33:11,        0,  39.0,  29.9,  25.1, 40.505, 38.085,  1.565,1842887.6,  1,  21.5,   1.0, 0.100
2025-10-30 11:33:12,        0,  40.8,  35.4,  25.2, 39.190, 36.782,  1.442,1877804.5,  1,  21.5,   1.0, 0.100
2025-10-30 11:33:13,        0,  41.3,  37.0,  25.2, 42.998, 40.636,  1.749,1915616.7,  1,  21.6,   1.0, 0.100
2025-10-30 11:33:15,        0,  37.6,  25.9,  25.1, 39.495, 37.249,  1.485,1959046.3,  1,  21.5,   1.0, 0.100
2025-10-30 11:33:15,        0,  41.3,  36.8,  25.2, 44.633, 42.304,  1.888,1995586.8,  1,  21.6,   1.0, 0.100
2025-10-30 11:33:16,        0,  43.4,  43.3,  25.2, 39.751, 37.515,  1.496,2033600.2,  1,  21.5,   1.0, 0.100
2025-10-30 11:33:17,        0,  40.2,  33.5,  25.2, 46.785, 44.680,  2.092,2075858.8,  1,  21.6,   1.0, 0.100
2025-10-30 11:33:19,        0,  40.7,  35.1,  25.2, 36.744, 34.675,  1.275,2119001.9,  1,  21.6,   1.0, 0.100
2025-10-30 11:33:20,        0,  38.7,  29.1,  25.2, 45.066, 43.008,  1.944,2156475.9,  1,  21.6,   1.0, 0.100
2025-10-30 11:33:20,        0,  41.5,  37.4,  25.2, 46.977, 44.861,  2.110,2194924.8,  1,  21.6,   1.0, 0.100
2025-10-30 11:33:21,        0,  40.1,  33.2,  25.2, 49.753, 47.761,  2.377,2238732.6,  1,  21.5,   1.0, 0.100
2025-10-30 11:33:22,        0,  42.2,  39.6,  25.2, 44.231, 42.310,  1.878,2278712.8,  1,  21.5,   1.0, 0.100
2025-10-30 11:33:24,        0,  37.6,  25.7,  25.2, 46.680, 44.867,  2.096,2328135.4,  1,  21.6,   1.0, 0.100
2025-10-30 11:33:24,        0,  41.6,  37.7,  25.2, 41.373, 39.407,  1.668,2366675.4,  1,  21.6,   1.0, 0.100
2025-10-30 11:33:25,        0,  42.8,  41.5,  25.2, 43.561, 41.776,  1.825,2406876.9,  1,  21.5,   1.0, 0.100
2025-10-30 11:33:26,        0,  40.5,  34.4,  25.2, 44.014, 42.325,  1.863,2448641.6,  1,  21.5,   1.0, 0.100
2025-10-30 11:33:28,        0,  40.8,  35.5,  25.3, 48.920, 47.319,  2.317,2498956.9,  1,  21.5,   1.0, 0.100
2025-10-30 11:33:28,        0,  42.4,  40.1,  25.2, 45.679, 44.086,  2.025,2540338.8,  1,  21.6,   1.0, 0.100
2025-10-30 11:33:29,        0,  40.5,  34.4,  25.2, 46.836, 45.358,  2.126,2582269.7,  1,  21.5,   1.0, 0.100
2025-10-30 11:33:30,        0,  41.3,  36.8,  25.2, 37.736, 36.015,  1.366,2617430.7,  1,  21.6,   1.1, 0.100
2025-10-30 11:33:32,        0,  42.6,  40.8,  25.3, 43.017, 41.376,  1.782,2666640.0,  1,  21.5,   1.0, 0.100
2025-10-30 11:33:32,        0,  43.1,  42.2,  25.2, 45.992, 44.397,  2.060,2708716.8,  1,  21.6,   1.0, 0.100
2025-10-30 11:33:33,        0,  40.5,  34.6,  25.3, 44.044, 42.524,  1.874,2748273.9,  1,  21.6,   1.1, 0.100
2025-10-30 11:33:34,        0,  40.4,  34.2,  25.3, 40.313, 38.554,  1.558,2784285.7,  1,  21.6,   1.1, 0.100
2025-10-30 11:33:35,        0,  38.1,  27.3,  25.3, 44.005, 42.295,  1.862,2823086.2,  1,  21.6,   1.0, 0.100
2025-10-30 11:33:37,        0,  38.7,  29.0,  25.3, 36.990, 35.079,  1.299,2861952.6,  1,  21.6,   1.1, 0.100
2025-10-30 11:33:37,        0,  40.6,  34.9,  25.3, 33.555, 31.502,  1.071,2894247.1,  1,  21.6,   1.1, 0.100
2025-10-30 11:33:38,        0,  41.5,  37.6,  25.3, 43.067, 41.086,  1.770,2933214.1,  1,  21.6,   1.1, 0.100
2025-10-30 11:33:39,        0,  39.0,  30.1,  25.3, 35.138, 33.197,  1.173,2968535.9,  1,  21.6,   1.0, 0.100
2025-10-30 11:33:41,        0,  39.9,  32.8,  25.3, 34.795, 32.753,  1.152,3009512.7,  1,  21.6,   1.0, 0.100
2025-10-30 11:33:41,        0,  40.2,  33.5,  25.3, 37.256, 35.151,  1.313,3043756.8,  1,  21.6,   1.0, 0.100
2025-10-30 11:33:42,        0,  39.3,  30.8,  25.3, 39.968, 37.829,  1.515,3080558.8,  1,  21.6,   1.0, 0.100
2025-10-30 11:33:43,        0,  39.4,  31.1,  25.3, 35.677, 33.567,  1.199,3113227.6,  1,  21.6,   1.0, 0.100
2025-10-30 11:33:45,        0,  39.5,  31.6,  25.3, 38.466, 36.272,  1.396,3154428.5,  1,  21.6,   1.0, 0.100
2025-10-30 11:33:45,        0,  40.6,  34.8,  25.3, 38.959, 36.736,  1.432,3189580.7,  1,  21.6,   1.0, 0.100
2025-10-30 11:33:46,        0,  36.4,  22.1,  25.3, 33.252, 31.062,  1.042,3221086.6,  1,  21.6,   1.0, 0.100
2025-10-30 11:33:47,        0,  39.4,  31.3,  25.3, 25.027, 22.732,  0.573,3245691.0,  1,  21.6,   1.0, 0.100
2025-10-30 11:33:49,        0,  38.1,  27.3,  25.3, 31.378, 29.016,  0.911,3282876.3,  1,  21.6,   1.0, 0.100
2025-10-30 11:33:50,        0,  37.8,  26.4,  25.3, 35.821, 33.354,  1.196,3313420.6,  1,  21.6,   1.0, 0.100
2025-10-30 11:33:50,        0,  38.8,  29.5,  25.3, 31.457, 28.997,  0.913,3343019.8,  1,  21.6,   1.0, 0.100
2025-10-30 11:33:51,        0,  38.2,  27.7,  25.3, 35.922, 33.346,  1.208,3374386.8,  1,  21.6,   1.0, 0.100
2025-10-30 11:33:52,        0,  35.9,  20.7,  25.3, 34.033, 31.461,  1.071,3403714.0,  1,  21.6,   1.0, 0.100
2025-10-30 11:33:54,        0,  38.0,  27.1,  25.3, 32.431, 29.797,  0.968,3436339.3,  1,  21.6,   1.0, 0.100
2025-10-30 11:33:54,        0,  34.1,  15.3,  25.3, 23.746, 21.272,  0.520,3458542.8,  1,  21.6,   1.0, 0.100
2025-10-30 11:33:55,        0,  34.9,  17.7,  25.3, 28.009, 25.290,  0.738,3481197.8,  1,  21.6,   1.0, 0.100
2025-10-30 11:33:56,        0,  35.4,  19.3,  25.3, 23.424, 20.738,  0.488,3500761.6,  1,  21.6,   1.0, 0.100
2025-10-30 11:33:58,        0,  36.5,  22.4,  25.3, 28.086, 25.201,  0.708,3529593.4,  1,  21.6,   1.0, 0.100
2025-10-30 11:33:58,        0,  35.7,  20.2,  25.3, 24.706, 21.913,  0.542,3551395.6,  1,  21.6,   1.0, 0.100
2025-10-30 11:33:59,        0,  35.9,  20.7,  25.3, 26.792, 23.886,  0.643,3573383.4,  1,  21.6,   1.0, 0.100
2025-10-30 11:34:01,        0,  35.4,  19.3,  25.3, 22.217, 19.410,  0.432,3596734.2,  1,  21.5,   1.0, 0.100
2025-10-30 11:34:02,        0,  35.1,  18.4,  25.3, 27.181, 24.127,  0.657,3619442.4,  1,  21.5,   1.0, 0.100
2025-10-30 11:34:02,        0,  34.2,  15.5,  25.3, 23.283, 20.349,  0.476,3638815.1,  1,  21.6,   1.0, 0.100
2025-10-30 11:34:03,        0,  35.4,  19.3,  25.3, 24.881, 21.808,  0.545,3658631.2,  1,  21.6,   1.0, 0.100
2025-10-30 11:34:05,        0,  33.5,  13.6,  25.3, 22.561, 19.555,  0.442,3682332.3,  1,  21.6,   1.0, 0.100
2025-10-30 11:34:06,        0,  37.0,  24.0,  25.3, 22.361, 19.329,  0.433,3700664.7,  1,  21.6,   1.0, 0.100
2025-10-30 11:34:06,        0,  33.2,  12.7,  25.3, 25.897, 22.717,  0.593,3720970.3,  1,  21.5,   0.9, 0.100
2025-10-30 11:34:07,        0,  34.2,  15.7,  25.3, 22.520, 19.412,  0.437,3737311.7,  1,  21.6,   0.9, 0.100
2025-10-30 11:34:08,        0,  33.6,  13.9,  25.3, 25.608, 22.336,  0.573,3757029.3,  1,  21.6,   0.9, 0.100
2025-10-30 11:34:10,        0,  36.1,  21.2,  25.3, 23.216, 20.051,  0.467,3778945.8,  1,  21.5,   0.9, 0.100
2025-10-30 11:34:10,        0,  33.6,  13.9,  25.3, 20.511, 17.493,  0.359,3797276.6,  1,  21.5,   0.9, 0.100
2025-10-30 11:34:11,        0,  34.3,  15.8,  25.3, 20.220, 17.178,  0.349,3814180.8,  1,  21.5,   0.9, 0.100
2025-10-30 11:34:12,        0,  34.3,  16.0,  25.3, 14.510, 11.762,  0.179,3827410.4,  1,  21.5,   0.9, 0.100
2025-10-30 11:34:14,        0,  31.6,   7.7,  25.3, 17.177, 14.252,  0.248,3843947.5,  1,  21.6,   0.9, 0.100
2025-10-30 11:34:14,        0,  32.9,  11.8,  25.3, 17.791, 14.782,  0.272,3856263.0,  1,  21.5,   1.0, 0.100
2025-10-30 11:34:15,        0,  33.8,  14.3,  25.3, 18.589, 15.499,  0.288,3870793.5,  1,  21.5,   1.0, 0.100
2025-10-30 11:34:16,        0,  33.7,  14.1,  25.3, 17.737, 14.703,  0.264,3885211.6,  1,  21.6,   1.0, 0.100
2025-10-30 11:34:18,        0,  34.2,  15.7,  25.3, 15.787, -0.000,  0.206,3901682.0,  1,  21.6,   1.0, 0.100
2025-10-30 11:34:18,        0,  33.3,  12.9,  25.3, 18.119, 15.012,  0.278,3915861.7,  1,  21.5,   1.0, 0.100
2025-10-30 11:34:19,        0,  34.3,  16.0,  25.3, 15.927, 12.961,  0.211,3929415.7,  1,  21.5,   1.0, 0.100
2025-10-30 11:34:20,        0,  32.2,   9.6,  25.3, 13.128, 10.346,  0.137,3941744.2,  1,  21.5,   1.0, 0.100
2025-10-30 11:34:22,        0,  32.0,   8.9,  25.3, 16.752, 13.652,  0.229,3956321.6,  1,  21.5,   1.0, 0.100
2025-10-30 11:34:22,        0,  31.6,   7.7,  25.3, 17.496, 14.323,  0.252,3968994.6,  1,  21.5,   1.0, 0.100
2025-10-30 11:34:23,        0,  32.5,  10.6,  25.3, 17.310, 14.129,  0.245,3980873.0,  1,  21.5,   1.0, 0.100
2025-10-30 11:34:24,        0,  32.9,  11.8,  25.3, 17.517, 14.309,  0.251,3994253.0,  1,  21.5,   1.0, 0.100
2025-10-30 11:34:25,        0,  32.4,  10.1,  25.3, 16.656, 13.504,  0.225,4007618.8,  1,  21.6,   1.0, 0.100
2025-10-30 11:34:27,        0,  31.6,   7.8,  25.3, 11.472,  8.718,  0.101,4019363.6,  1,  21.5,   1.0, 0.100
2025-10-30 11:34:27,        0,  33.3,  13.0,  25.3, 15.921, 12.769,  0.207,4032381.9,  1,  21.5,   1.0, 0.100
2025-10-30 11:34:28,        0,  30.3,   3.8,  25.3, 14.268, 11.278,  0.161,4044677.3,  1,  21.5,   1.0, 0.100
2025-10-30 11:34:29,        0,  31.8,   8.4,  25.3, 15.212, 12.102,  0.188,4053986.7,  1,  21.5,   1.0, 0.100
2025-10-30 11:34:31,        0,  31.8,   8.5,  25.3, 11.173,  8.422,  0.095,4065592.3,  1,  21.5,   1.0, 0.100
2025-10-30 11:34:31,        0,  31.1,   6.3,  25.3, 12.905,  9.993,  0.129,4074941.0,  1,  21.5,   1.0, 0.100
2025-10-30 11:34:32,        0,  30.7,   5.1,  25.3, 12.784,  9.868,  0.127,4083903.4,  1,  21.5,   1.0, 0.100
2025-10-30 11:34:33,        0,  31.6,   7.7,  25.3, 10.382,  7.680,  0.080,4091352.4,  1,  21.5,   1.0, 0.100
2025-10-30 11:34:35,        0,  32.9,  11.7,  25.3, 11.819,  8.980,  0.111,4102411.4,  1,  21.5,   1.0, 0.100
2025-10-30 11:34:36,        0,  31.9,   8.7,  25.3, 11.996,  9.141,  0.110,4112880.0,  1,  21.5,   1.0, 0.100
2025-10-30 11:34:36,        0,  31.5,   7.5,  25.3, 10.924,  8.169,  0.095,4121414.5,  1,  21.5,   1.0, 0.100
2025-10-30 11:34:37,        0,  31.4,   7.1,  25.3, 10.058,  7.373,  0.076,4129092.3,  1,  21.5,   1.0, 0.100
2025-10-30 11:34:38,        0,  29.8,   2.5,  25.3, 10.532,  7.795,  0.086,4136344.3,  1,  21.5,   0.9, 0.100
2025-10-30 11:34:40,        0,  30.6,   4.7,  25.3, 13.042, 10.065,  0.132,4146057.3,  1,  21.5,   1.0, 0.100
2025-10-30 11:34:40,        0,  31.0,   6.1,  25.4, 12.060,  9.169,  0.111,4153842.4,  1,  21.5,   1.0, 0.100
2025-10-30 11:34:41,        0,  31.8,   8.4,  25.3, 11.823,  8.949,  0.106,4162106.9,  1,  21.5,   0.9, 0.100
2025-10-30 11:34:42,        0,  30.6,   4.7,  25.3, 11.429,  8.595,  0.100,4170373.6,  1,  21.5,   1.0, 0.100
2025-10-30 11:34:44,        0,  29.9,   2.6,  25.3, 10.069,  7.367,  0.079,4178362.8,  1,  21.5,   1.0, 0.100
2025-10-30 11:34:44,        0,  31.0,   5.9,  25.3, 11.707,  8.822,  0.104,4185241.4,  1,  21.5,   1.0, 0.100
2025-10-30 11:34:45,        0,  30.9,   5.6,  25.3, 11.097,  8.274,  0.092,4192765.8,  1,  21.5,   0.9, 0.100
2025-10-30 11:34:46,        0,  30.5,   4.4,  25.3,  8.806,  6.219,  0.055,4198939.1,  1,  21.5,   0.9, 0.100
2025-10-30 11:34:48,        0,  31.0,   5.9,  25.3,  8.778,  6.200,  0.056,4205894.0,  1,  21.5,   0.9, 0.100
2025-10-30 11:34:49,        0,  31.6,   7.7,  25.3, 10.188,  7.450,  0.077,4213697.6,  1,  21.5,   0.9, 0.100
2025-10-30 11:34:49,        0,  31.2,   6.5,  25.3, 10.083,  7.351,  0.074,4221733.3,  1,  21.5,   0.9, 0.100
2025-10-30 11:34:50,        0,  31.0,   6.1,  25.3,  8.603,  6.044,  0.058,4228306.0,  1,  21.5,   0.9, 0.100
2025-10-30 11:34:51,        0,  29.2,   0.7,  25.3,  9.770,  7.067,  0.069,4235000.2,  1,  21.5,   0.9, 0.100
2025-10-30 11:34:53,        0,  30.6,   4.9,  25.3,  7.284,  4.883,  0.038,4239967.3,  1,  21.5,   1.0, 0.100
2025-10-30 11:34:53,        0,  31.0,   6.1,  25.3,  9.269,  6.631,  0.062,4246481.3,  1,  21.5,   1.0, 0.100
2025-10-30 11:34:54,        0,  30.2,   3.7,  25.3,  7.961,  5.466,  0.044,4252412.7,  1,  21.5,   0.9, 0.100
2025-10-30 11:34:55,        0,  30.2,   3.5,  25.3,  7.805,  5.336,  0.042,4257206.3,  1,  21.5,   0.9, 0.100
2025-10-30 11:34:57,        0,  29.0,   0.0,  25.3,  7.668,  5.212,  0.040,4263459.7,  1,  21.5,   0.9, 0.100
2025-10-30 11:34:57,        0,  29.7,   2.1,  25.3,  4.846,  2.766,  0.016,4266423.1,  1,  21.5,   0.9, 0.100
2025-10-30 11:34:58,        0,  30.0,   3.1,  25.3,  7.101,  4.737,  0.038,4271613.6,  1,  21.5,   0.9, 0.100
2025-10-30 11:34:59,        0,  30.2,   3.5,  25.3,  7.092,  4.712,  0.035,4275789.4,  1,  21.5,   0.9, 0.100
2025-10-30 11:35:01,        0,  30.7,   5.1,  25.3,  8.927,  6.329,  0.057,4282955.5,  1,  21.5,   0.9, 0.100
2025-10-30 11:35:01,        0,  30.3,   4.0,  25.3,  7.147,  4.750,  0.034,4288184.2,  1,  21.5,   0.9, 0.100
2025-10-30 11:35:02,        0,  29.7,   2.1,  25.3,  8.500,  5.949,  0.051,4293713.7,  1,  21.5,   0.8, 0.100
2025-10-30 11:35:03,        0,  30.3,   4.0,  25.3,  5.222,  3.081,  0.019,4296820.1,  1,  21.5,   0.9, 0.100
2025-10-30 11:35:05,        0,  29.5,   1.6,  25.3,  7.839,  5.371,  0.042,4302569.2,  1,  21.5,   0.8, 0.100
2025-10-30 11:35:06,        0,  29.5,   1.4,  25.3,  1.517,  0.078,  0.000,4302958.1,  1,  21.5,   0.8, 0.100
2025-10-30 11:35:06,        0,  30.6,   4.9,  25.3,  5.736,  3.654,  0.027,4305297.9,  1,  21.5,   0.9, 0.100
2025-10-30 11:35:07,        0,  30.5,   4.5,  25.3,  7.645,  5.215,  0.040,4310760.4,  1,  21.5,   0.8, 0.100
2025-10-30 11:35:08,        0,  29.9,   2.8,  25.3,  7.277,  4.879,  0.036,4315878.8,  1,  21.5,   0.9, 0.100
2025-10-30 11:35:10,        0,  30.5,   4.4,  25.3,  9.117,  6.511,  0.060,4322847.5,  1,  21.5,   0.9, 0.100
2025-10-30 11:35:10,        0,  29.9,   2.8,  25.3,  4.760,  2.680,  0.015,4326251.0,  1,  21.5,   0.9, 0.100
2025-10-30 11:35:11,        0,  30.3,   4.0,  25.3,  4.775,  2.708,  0.017,4329435.3,  1,  21.5,   0.9, 0.100
2025-10-30 11:35:12,        0,  30.4,   4.2,  25.3,  7.140,  4.758,  0.034,4333888.6,  1,  21.5,   0.9, 0.100
2025-10-30 11:35:14,        0,  29.6,   1.9,  25.3,  2.222,  0.549,  0.002,4337431.6,  1,  21.5,   0.9, 0.100
2025-10-30 11:35:14,        0,  30.0,   3.1,  25.3,  2.304,  0.612,  0.002,4338231.7,  1,  21.5,   0.9, 0.100
2025-10-30 11:35:15,        0,  30.2,   3.5,  25.3,  6.797,  4.471,  0.030,4342436.9,  1,  21.5,   1.0, 0.100
2025-10-30 11:35:16,        0,  29.9,   2.6,  25.3,  5.403,  3.238,  0.019,4346340.3,  1,  21.5,   1.0, 0.100
2025-10-30 11:35:18,        0,  30.1,   3.3,  25.3,  7.229,  4.852,  0.036,4350867.4,  1,  21.5,   1.0, 0.100
2025-10-30 11:35:18,        0,  30.0,   3.1,  25.3,  3.344,  1.469,  0.006,4353319.5,  1,  21.5,   1.0, 0.100
2025-10-30 11:35:19,        0,  29.1,   0.4,  25.3,  5.205,  3.074,  0.018,4355484.2,  1,  21.5,   1.0, 0.100
2025-10-30 11:35:20,        0,  30.2,   3.5,  25.3,  1.354,  0.015,  0.000,4355559.2,  1,  21.5,   1.0, 0.100
2025-10-30 11:35:21,        0,  29.9,   2.6,  25.3,  6.783,  4.465,  0.031,4359887.2,  1,  21.5,   1.0, 0.100
2025-10-30 11:35:23,        0,  29.8,   2.5,  25.3,  4.342,  2.327,  0.012,4363517.8,  1,  21.5,   1.0, 0.100
2025-10-30 11:35:23,        0,  29.9,   2.6,  25.3,  6.466,  4.205,  0.029,4366491.3,  1,  21.5,   1.0, 0.100
2025-10-30 11:35:24,        0,  29.5,   1.6,  25.3,  4.929,  2.836,  0.016,4368405.7,  1,  21.5,   1.0, 0.100
2025-10-30 11:35:25,        0,  29.9,   2.6,  25.3,  6.815,  4.497,  0.031,4371424.0,  1,  21.5,   1.0, 0.100
2025-10-30 11:35:27,        0,  29.6,   1.8,  25.3,  6.588,  4.286,  0.028,4376376.5,  1,  21.5,   1.0, 0.100
2025-10-30 11:35:27,        0,  29.2,   0.5,  25.3,  1.656,  0.150,  0.000,4376848.4,  1,  21.5,   1.0, 0.100
2025-10-30 11:35:28,        0,  29.7,   2.1,  25.3,  1.318,  0.006,  0.000,4376856.3,  1,  21.5,   1.0, 0.100
2025-10-30 11:35:29,        0,  30.2,   3.5,  25.3,  6.677,  4.386,  0.029,4378977.8,  1,  21.5,   1.0, 0.100
2025-10-30 11:35:31,        0,  30.0,   3.0,  25.3,  3.038,  1.218,  0.004,4382135.3,  1,  21.5,   1.0, 0.100
2025-10-30 11:35:31,        0,  29.4,   1.2,  25.3,  2.633,  0.880,  0.003,4384484.3,  1,  21.5,   1.0, 0.100
2025-10-30 11:35:32,        0,  29.1,   0.2,  25.3,  1.389,  0.025,  0.000,4384530.4,  1,  21.5,   1.0, 0.100
2025-10-30 11:35:33,        0,  29.9,   2.6,  25.3,  1.997,  0.600,  0.004,4386229.4,  1,  21.5,   1.0, 0.100
2025-10-30 11:35:35,        0,  29.8,   2.3,  25.3,  6.795,  4.481,  0.030,4391309.2,  1,  21.5,   1.0, 0.100
2025-10-30 11:35:36,        0,  29.8,   2.3,  25.3,  2.143,  0.487,  0.001,4391918.2,  1,  21.5,   1.0, 0.100
2025-10-30 11:35:36,        0,  29.8,   2.3,  25.3,  1.294,  0.002,  0.000,4391927.8,  1,  21.6,   1.0, 0.100
2025-10-30 11:35:37,        0,  29.8,   2.5,  25.3,  3.801,  2.083,  0.014,4393724.9,  1,  21.5,   1.0, 0.100
2025-10-30 11:35:38,        0,  29.7,   2.1,  25.3,  6.045,  3.825,  0.024,4396470.4,  1,  21.5,   1.0, 0.100
2025-10-30 11:35:40,        0,  29.6,   1.8,  25.3,  1.389,  0.026,  0.000,4396549.2,  1,  21.5,   1.0, 0.100
2025-10-30 11:35:40,        0,  29.9,   2.6,  25.3,  1.257, -0.003,  0.000,4396545.0,  1,  21.6,   1.1, 0.100
2025-10-30 11:35:41,        0,  29.7,   2.1,  25.3,  1.177, -0.010,  0.000,4396535.8,  1,  21.5,   1.0, 0.100
2025-10-30 11:35:42,        0,  30.0,   3.0,  25.3,  4.398,  2.592,  0.017,4398749.9,  1,  21.5,   1.0, 0.100
2025-10-30 11:35:44,        0,  29.8,   2.5,  25.3,  6.650,  4.363,  0.029,4403821.8,  1,  21.6,   1.0, 0.100
2025-10-30 11:35:45,        0,  30.0,   3.0,  25.3,  3.057,  1.239,  0.005,4405408.4,  1,  21.6,   1.0, 0.100
2025-10-30 11:35:45,        0,  29.8,   2.3,  25.3,  2.020,  0.398,  0.001,4407184.6,  1,  21.5,   1.0, 0.100
2025-10-30 11:35:46,        0,  29.6,   1.9,  25.3,  1.348,  0.015,  0.000,4407215.6,  1,  21.6,   1.0, 0.100
2025-10-30 11:35:48,        0,  29.8,   2.3,  25.3,  1.210, -0.008,  0.000,4407209.3,  1,  21.5,   1.0, 0.100
2025-10-30 11:35:49,        0,  30.0,   3.0,  25.3,  3.582,  1.931,  0.013,4408865.6,  1,  21.5,   1.0, 0.100
2025-10-30 11:35:49,        0,  29.8,   2.3,  25.3,  6.629,  4.352,  0.029,4413026.3,  1,  21.5,   1.0, 0.100
2025-10-30 11:35:50,        0,  30.0,   3.0,  25.3,  2.238,  0.639,  0.004,4414286.1,  1,  21.5,   1.0, 0.100
2025-10-30 11:35:51,        0,  29.7,   2.1,  25.3,  2.736,  0.974,  0.003,4416310.4,  1,  21.5,   1.0, 0.100
2025-10-30 11:35:53,        0,  29.5,   1.4,  25.3,  1.301,  0.005,  0.000,4416345.2,  1,  21.5,   1.0, 0.100
2025-10-30 11:35:53,        0,  29.6,   1.8,  25.3,  1.217, -0.007,  0.000,4416339.3,  1,  21.5,   1.0, 0.100
2025-10-30 11:35:54,        0,  29.8,   2.5,  25.3,  1.168, -0.009,  0.000,4416330.9,  1,  21.5,   1.0, 0.100
2025-10-30 11:35:56,        0,  29.9,   2.8,  25.3,  1.110, -0.010,  0.000,4416318.8,  1,  21.5,   1.0, 0.100
2025-10-30 11:35:57,        0,  29.6,   1.8,  25.3,  6.510,  4.262,  0.028,4419428.9,  1,  21.5,   1.0, 0.100
2025-10-30 11:35:57,        0,  29.4,   1.2,  25.3,  1.600,  0.122,  0.000,4420047.4,  1,  21.6,   1.0, 0.100
2025-10-30 11:35:58,        0,  29.5,   1.4,  25.3,  1.294,  0.005,  0.000,4420056.7,  1,  21.6,   1.0, 0.100
2025-10-30 11:35:59,        0,  29.6,   1.9,  25.3,  1.208, -0.006,  0.000,4420050.8,  1,  21.6,   1.0, 0.100
2025-10-30 11:36:01,        0,  29.8,   2.5,  25.3,  1.134, -0.009,  0.000,4420039.5,  1,  21.5,   1.0, 0.100
2025-10-30 11:36:01,        0,  30.0,   3.0,  25.3,  4.064,  2.352,  0.015,4422580.5,  1,  21.6,   1.0, 0.100
2025-10-30 11:36:02,        0,  29.6,   1.9,  25.3,  5.575,  3.436,  0.021,4426109.7,  1,  21.5,   1.0, 0.100
2025-10-30 11:36:04,        0,  29.4,   1.2,  25.3,  1.501,  0.076,  0.000,4426288.2,  1,  21.6,   1.0, 0.100
2025-10-30 11:36:05,        0,  29.8,   2.3,  25.3,  1.223, -0.003,  0.000,4426287.3,  1,  21.6,   1.0, 0.100
2025-10-30 11:36:05,        0,  29.6,   1.8,  25.3,  1.162, -0.008,  0.000,4426279.4,  1,  21.5,   0.9, 0.100
2025-10-30 11:36:06,        0,  29.7,   2.1,  25.3,  1.121, -0.009,  0.000,4426270.6,  1,  21.6,   0.9, 0.100
2025-10-30 11:36:07,        0,  29.8,   2.5,  25.3,  5.496,  3.409,  0.020,4427751.7,  1,  21.5,   0.9, 0.100
2025-10-30 11:36:09,        0,  29.8,   2.5,  25.3,  1.482,  0.074,  0.000,4427921.8,  1,  21.6,   1.0, 0.100
2025-10-30 11:36:09,        0,  30.0,   3.0,  25.3,  1.205, -0.004,  0.000,4427919.3,  1,  21.6,   0.9, 0.100
2025-10-30 11:36:10,        0,  30.0,   3.0,  25.3,  4.176,  2.241,  0.011,4429846.3,  1,  21.5,   0.9, 0.100
2025-10-30 11:36:11,        0,  29.9,   2.6,  25.3,  6.589,  4.351,  0.029,4433490.8,  1,  21.6,   0.9, 0.100
2025-10-30 11:36:13,        0,  29.7,   2.1,  25.3,  1.448,  0.061,  0.000,4433691.1,  1,  21.5,   0.9, 0.100
2025-10-30 11:36:13,        0,  29.6,   1.9,  25.3,  1.200, -0.004,  0.000,4433690.2,  1,  21.5,   0.9, 0.100
2025-10-30 11:36:14,        0,  29.8,   2.3,  25.3,  1.142, -0.008,  0.000,4433683.1,  1,  21.6,   0.9, 0.100
2025-10-30 11:36:15,        0,  29.7,   2.1,  25.3,  1.097, -0.010,  0.000,4433673.9,  1,  21.6,   0.9, 0.100
2025-10-30 11:36:16,        0,  29.6,   1.8,  25.3,  1.041, -0.009,  0.000,4433665.1,  1,  21.6,   0.9, 0.100
2025-10-30 11:36:18,        0,  29.8,   2.5,  25.3,  1.008, -0.010,  0.000,4433653.8,  1,  21.6,   0.9, 0.100
2025-10-30 11:36:18,        0,  29.9,   2.6,  25.3,  0.965, -0.010,  0.000,4433643.7,  1,  21.6,   0.9, 0.100
2025-10-30 11:36:19,        0,  29.9,   2.6,  25.3,  0.940, -0.010,  0.000,4433634.1,  1,  21.6,   0.9, 0.100
2025-10-30 11:36:20,        0,  29.9,   2.8,  25.3,  5.467,  3.532,  0.023,4436512.4,  1,  21.6,   0.9, 0.100
2025-10-30 11:36:22,        0,  29.4,   1.2,  25.3,  5.457,  3.376,  0.020,4440236.9,  1,  21.5,   0.9, 0.100
2025-10-30 11:36:22,        0,  29.5,   1.6,  25.3,  1.452,  0.075,  0.000,4440311.1,  1,  21.6,   0.9, 0.100
2025-10-30 11:36:23,        0,  29.6,   1.8,  25.3,  1.176, -0.003,  0.000,4440310.3,  1,  21.6,   0.9, 0.100
2025-10-30 11:36:24,        0,  29.6,   1.8,  25.3,  1.114, -0.007,  0.000,4440304.4,  1,  21.6,   0.9, 0.100
2025-10-30 11:36:25,        0,  29.6,   1.9,  25.3,  1.069, -0.008,  0.000,4440295.6,  1,  21.6,   0.9, 0.100
2025-10-30 11:36:27,        0,  29.6,   1.9,  25.3,  1.010, -0.009,  0.000,4440285.5,  1,  21.5,   0.9, 0.100
2025-10-30 11:36:27,        0,  29.6,   1.8,  25.3,  0.975, -0.009,  0.000,4440277.2,  1,  21.6,   0.9, 0.100
2025-10-30 11:36:28,        0,  29.7,   2.1,  25.3,  0.932, -0.009,  0.000,4440267.9,  1,  21.6,   0.9, 0.100
2025-10-30 11:36:29,        0,  29.8,   2.3,  25.3,  0.907, -0.010,  0.000,4440258.3,  1,  21.6,   0.9, 0.100
2025-10-30 11:36:31,        0,  29.9,   2.6,  25.3,  0.876, -0.010,  0.000,4440247.0,  1,  21.6,   0.9, 0.100
2025-10-30 11:36:31,        0,  29.9,   2.6,  25.3,  0.857, -0.010,  0.000,4440855.5,  1,  21.5,   0.9, 0.100
2025-10-30 11:36:32,        0,  29.8,   2.3,  25.3,  3.499,  1.735,  0.010,4443561.2,  1,  21.5,   0.9, 0.100
2025-10-30 11:36:33,        0,  29.6,   1.9,  25.3,  1.614,  0.186,  0.000,4444260.2,  1,  21.5,   0.9, 0.100
2025-10-30 11:36:35,        0,  29.6,   1.9,  25.3,  1.159, -0.001,  0.000,4444270.3,  1,  21.5,   0.9, 0.100
2025-10-30 11:36:36,        0,  29.1,   0.2,  25.3,  1.090, -0.007,  0.000,4444264.4,  1,  21.5,   0.9, 0.100
2025-10-30 11:36:36,        0,  29.6,   1.9,  25.3,  1.043, -0.009,  0.000,4444256.9,  1,  21.5,   0.9, 0.100
2025-10-30 11:36:37,        0,  29.5,   1.6,  25.3,  0.983, -0.009,  0.000,4444248.5,  1,  21.5,   0.9, 0.100
2025-10-30 11:36:38,        0,  29.8,   2.5,  25.3,  0.948, -0.009,  0.000,4444240.5,  1,  21.6,   0.9, 0.100
2025-10-30 11:36:40,        0,  29.7,   2.1,  25.3,  0.903, -0.009,  0.000,4444230.1,  1,  21.6,   0.9, 0.100
2025-10-30 11:36:40,        0,  29.8,   2.5,  25.3,  0.877, -0.009,  0.000,4444221.7,  1,  21.5,   0.9, 0.100
2025-10-30 11:36:41,        0,  29.8,   2.5,  25.3,  0.854, -0.009,  0.000,4444212.5,  1,  21.5,   0.9, 0.100
2025-10-30 11:36:42,        0,  29.8,   2.5,  25.3,  0.825, -0.009,  0.000,4444203.2,  1,  21.6,   0.8, 0.100
2025-10-30 11:36:44,        0,  29.8,   2.5,  25.3,  2.122,  1.029,  0.007,4444634.9,  1,  21.6,   0.8, 0.100
2025-10-30 11:36:44,        0,  29.9,   2.6,  25.3,  1.555,  0.173,  0.000,4445380.1,  1,  21.6,   0.8, 0.100
2025-10-30 11:36:45,        0,  29.8,   2.5,  25.3,  1.176,  0.008,  0.000,4445390.5,  1,  21.5,   0.8, 0.100
2025-10-30 11:36:46,        0,  29.9,   2.6,  25.3,  1.080, -0.004,  0.000,4445386.4,  1,  21.5,   0.8, 0.100
2025-10-30 11:36:47,        0,  29.9,   2.6,  25.3,  4.046,  2.433,  0.016,4446850.3,  1,  21.5,   0.8, 0.100
2025-10-30 11:36:49,        0,  29.8,   2.3,  25.3,  5.329,  3.345,  0.019,4451389.9,  1,  21.5,   0.8, 0.100
2025-10-30 11:36:49,        0,  29.4,   1.2,  25.3,  1.371,  0.074,  0.000,4451585.2,  1,  21.6,   0.8, 0.100
2025-10-30 11:36:50,        0,  29.2,   0.5,  25.3,  1.144,  0.005,  0.000,4451590.2,  1,  21.5,   0.8, 0.100
2025-10-30 11:36:51,        0,  29.7,   2.0,  25.3,  1.037, -0.006,  0.000,4451585.2,  1,  21.5,   0.8, 0.100
2025-10-30 11:36:53,        0,  29.5,   1.6,  25.3,  0.992, -0.008,  0.000,4451576.8,  1,  21.5,   0.8, 0.100
2025-10-30 11:36:53,        0,  29.6,   1.9,  25.3,  0.936, -0.008,  0.000,4451568.4,  1,  21.5,   0.8, 0.100
2025-10-30 11:36:54,        0,  29.6,   1.9,  25.3,  0.902, -0.007,  0.000,4451561.3,  1,  21.5,   0.8, 0.100
2025-10-30 11:36:55,        0,  29.7,   2.1,  25.3,  0.872, -0.008,  0.000,4451553.8,  1,  21.5,   0.9, 0.100
2025-10-30 11:36:56,        0,  29.6,   1.8,  25.3,  0.834, -0.009,  0.000,4451545.0,  1,  21.5,   0.8, 0.100
2025-10-30 11:36:58,        0,  29.6,   1.8,  25.3,  0.813, -0.008,  0.000,4451534.9,  1,  21.5,   0.8, 0.100
2025-10-30 11:36:58,        0,  29.8,   2.3,  25.3,  0.785, -0.009,  0.000,4451526.1,  1,  21.5,   0.9, 0.100
2025-10-30 11:36:59,        0,  29.8,   2.3,  25.3,  0.768, -0.009,  0.000,4451518.1,  1,  21.5,   0.9, 0.100
2025-10-30 11:37:00,        0,  29.8,   2.3,  25.3,  0.753, -0.009,  0.000,4451509.3,  1,  21.5,   0.8, 0.100
2025-10-30 11:37:02,        0,  29.6,   1.9,  25.3,  0.731, -0.009,  0.000,4451498.9,  1,  21.6,   0.8, 0.100
2025-10-30 11:37:02,        0,  29.8,   2.3,  25.3,  0.718, -0.009,  0.000,4451490.9,  1,  21.6,   0.8, 0.100
2025-10-30 11:37:03,        0,  29.7,   2.1,  25.3,  0.699, -0.009,  0.000,4451482.9,  1,  21.6,   0.8, 0.100
2025-10-30 11:37:04,        0,  29.8,   2.3,  25.3,  0.687, -0.008,  0.000,4451474.1,  1,  21.5,   0.8, 0.100
2025-10-30 11:37:06,        0,  29.8,   2.3,  25.3,  0.670, -0.009,  0.000,4451465.3,  1,  21.6,   0.8, 0.100
2025-10-30 11:37:07,        0,  29.8,   2.5,  25.3,  0.659, -0.008,  0.000,4451456.9,  1,  21.5,   0.8, 0.100
2025-10-30 11:37:07,        0,  29.8,   2.5,  25.3,  0.643, -0.008,  0.000,4451449.4,  1,  21.5,   0.9, 0.100
2025-10-30 11:37:08,        0,  29.8,   2.3,  25.3,  0.633, -0.008,  0.000,4451442.3,  1,  21.6,   0.9, 0.100
2025-10-30 11:37:09,        0,  29.8,   2.5,  25.3,  0.623, -0.008,  0.000,4451434.3,  1,  21.6,   0.9, 0.100
2025-10-30 11:37:11,        0,  29.8,   2.3,  25.3,  0.610, -0.008,  0.000,4451425.1,  1,  21.6,   0.9, 0.100
2025-10-30 11:37:11,        0,  29.9,   2.6,  25.3,  0.601, -0.008,  0.000,4451418.0,  1,  21.5,   0.9, 0.100
2025-10-30 11:37:12,        0,  29.8,   2.5,  25.3,  6.401,  4.343,  0.028,4453971.5,  1,  21.5,   1.0, 0.100
2025-10-30 11:37:13,        0,  29.5,   1.4,  25.3,  1.480,  0.163,  0.000,4454491.6,  1,  21.5,   1.0, 0.100
2025-10-30 11:37:15,        0,  29.5,   1.6,  25.3,  1.057,  0.001,  0.000,4454502.1,  1,  21.6,   1.0, 0.100
2025-10-30 11:37:15,        0,  29.8,   2.5,  25.3,  0.987, -0.005,  0.000,4454497.5,  1,  21.6,   1.0, 0.100
2025-10-30 11:37:16,        0,  29.8,   2.3,  25.3,  0.941, -0.007,  0.000,4454490.8,  1,  21.6,   1.0, 0.100
2025-10-30 11:37:17,        0,  29.7,   2.1,  25.3,  0.883, -0.008,  0.000,4454483.7,  1,  21.5,   1.0, 0.100
2025-10-30 11:37:18,        0,  29.8,   2.3,  25.3,  0.848, -0.007,  0.000,4454476.9,  1,  21.6,   1.0, 0.100
2025-10-30 11:37:20,        0,  29.8,   2.3,  25.3,  0.806, -0.008,  0.000,4454467.3,  1,  21.5,   1.0, 0.100
2025-10-30 11:37:20,        0,  29.8,   2.3,  25.3,  0.782, -0.008,  0.000,4454459.8,  1,  21.6,   1.0, 0.100
2025-10-30 11:37:21,        0,  29.8,   2.3,  25.3,  0.761, -0.008,  0.000,4454452.2,  1,  21.6,   1.0, 0.100
2025-10-30 11:37:22,        0,  29.8,   2.3,  25.3,  0.732, -0.008,  0.000,4454443.8,  1,  21.6,   1.0, 0.100
2025-10-30 11:37:24,        0,  29.8,   2.3,  25.3,  0.708, -0.008,  0.000,4454435.0,  1,  21.6,   0.9, 0.100
2025-10-30 11:37:24,        0,  29.8,   2.3,  25.3,  0.694, -0.008,  0.000,4454426.7,  1,  21.6,   1.0, 0.100
2025-10-30 11:37:25,        0,  29.8,   2.3,  25.3,  0.680, -0.008,  0.000,4454419.1,  1,  21.6,   0.9, 0.100
2025-10-30 11:37:26,        0,  29.8,   2.3,  25.3,  0.661, -0.008,  0.000,4454411.6,  1,  21.5,   1.0, 0.100
2025-10-30 11:37:28,        0,  29.8,   2.5,  25.3,  0.649, -0.008,  0.000,4454401.9,  1,  21.6,   1.0, 0.100
2025-10-30 11:37:29,        0,  29.8,   2.5,  25.3,  0.631, -0.008,  0.000,4454394.8,  1,  21.5,   1.0, 0.100
2025-10-30 11:37:29,        0,  29.8,   2.5,  25.3,  0.621, -0.008,  0.000,4454387.3,  1,  21.5,   1.0, 0.100
2025-10-30 11:37:30,        0,  29.8,   2.3,  25.3,  0.611, -0.008,  0.000,4454379.7,  1,  21.6,   1.0, 0.100
2025-10-30 11:37:31,        0,  29.8,   2.3,  25.3,  0.596, -0.007,  0.000,4454372.6,  1,  21.5,   1.0, 0.100
2025-10-30 11:37:33,        0,  29.8,   2.3,  25.3,  0.587, -0.007,  0.000,4454364.2,  1,  21.6,   1.0, 0.100
2025-10-30 11:37:33,        0,  29.9,   2.8,  25.3,  0.574, -0.007,  0.000,4454357.1,  1,  21.6,   1.0, 0.100
2025-10-30 11:37:34,        0,  29.8,   2.5,  25.3,  2.904,  1.303,  0.005,4455963.1,  1,  21.6,   1.0, 0.100
2025-10-30 11:37:35,        0,  29.8,   2.5,  25.3,  1.183,  0.033,  0.000,4455999.5,  1,  21.6,   1.0, 0.100
2025-10-30 11:37:37,        0,  29.8,   2.3,  25.3,  0.993, -0.003,  0.000,4455997.4,  1,  21.6,   1.0, 0.100
2025-10-30 11:37:37,        0,  29.8,   2.3,  25.3,  0.938, -0.006,  0.000,4455991.6,  1,  21.6,   1.0, 0.100
2025-10-30 11:37:38,        0,  29.8,   2.5,  25.3,  0.876, -0.007,  0.000,4455985.3,  1,  21.6,   1.0, 0.100
2025-10-30 11:37:39,        0,  29.8,   2.3,  25.3,  0.840, -0.000,  0.000,4455978.6,  1,  21.6,   1.0, 0.100
2025-10-30 11:37:41,        0,  29.8,   2.5,  25.3,  0.795, -0.007,  0.000,4455969.8,  1,  21.6,   1.0, 0.100
2025-10-30 11:37:41,        0,  29.8,   2.5,  25.3,  0.770, -0.008,  0.000,4455962.6,  1,  21.6,   1.0, 0.100
2025-10-30 11:37:42,        0,  29.7,   2.1,  25.3,  0.748, -0.008,  0.000,4455954.7,  1,  21.6,   1.0, 0.100
2025-10-30 11:37:43,        0,  29.8,   2.3,  25.3,  0.720, -0.008,  0.000,4455947.6,  1,  21.6,   1.0, 0.100
2025-10-30 11:37:45,        0,  29.8,   2.5,  25.3,  0.703, -0.008,  0.000,4455938.3,  1,  21.6,   1.0, 0.100
2025-10-30 11:37:45,        0,  29.6,   1.9,  25.3,  0.680, -0.008,  0.000,4455930.8,  1,  21.6,   1.0, 0.100
2025-10-30 11:37:46,        0,  29.8,   2.3,  25.3,  0.666, -0.008,  0.000,4455923.2,  1,  21.6,   1.0, 0.100
2025-10-30 11:37:48,        0,  29.8,   2.5,  25.3,  0.646, -0.008,  0.000,4455914.0,  1,  21.6,   1.0, 0.100
2025-10-30 11:37:49,        0,  29.8,   2.5,  25.3,  0.634, -0.007,  0.000,4455906.9,  1,  21.6,   1.0, 0.100
2025-10-30 11:37:49,        0,  29.8,   2.5,  25.3,  0.623, -0.008,  0.000,4455899.8,  1,  21.6,   1.0, 0.100
2025-10-30 11:37:50,        0,  29.8,   2.5,  25.3,  0.607, -0.007,  0.000,4455892.6,  1,  21.6,   1.0, 0.100
2025-10-30 11:37:51,        0,  29.9,   2.6,  25.3,  0.597, -0.007,  0.000,4455885.5,  1,  21.6,   1.0, 0.100
2025-10-30 11:37:53,        0,  29.8,   2.5,  25.3,  0.583, -0.007,  0.000,4455876.7,  1,  21.6,   1.0, 0.100
2025-10-30 11:37:53,        0,  29.9,   2.6,  25.3,  0.573, -0.007,  0.000,4456546.4,  1,  21.6,   1.0, 0.100
2025-10-30 11:37:54,        0,  29.8,   2.3,  25.2,  6.403,  3.574,  0.021,4460381.6,  1,  21.6,   1.0, 0.100
2025-10-30 11:37:55,        0,  29.6,   1.9,  25.3,  1.311,  0.084,  0.000,4460648.1,  1,  21.6,   1.0, 0.100
2025-10-30 11:37:57,        0,  29.6,   1.9,  25.3,  1.020, -0.000,  0.000,4460655.2,  1,  21.6,   1.0, 0.100
2025-10-30 11:37:57,        0,  29.6,   1.9,  25.3,  0.958, -0.005,  0.000,4460650.6,  1,  21.6,   0.9, 0.100
2025-10-30 11:37:58,        0,  29.5,   1.6,  25.3,  0.915, -0.007,  0.000,4460643.9,  1,  21.6,   0.9, 0.100
2025-10-30 11:37:59,        0,  29.6,   1.9,  25.3,  0.860, -0.007,  0.000,4460637.2,  1,  21.6,   0.9, 0.100
2025-10-30 11:38:01,        0,  29.6,   1.9,  25.3,  0.828, -0.007,  0.000,4460628.4,  1,  21.6,   0.9, 0.100
2025-10-30 11:38:02,        0,  29.6,   1.9,  25.3,  0.787, -0.008,  0.000,4460620.9,  1,  21.6,   0.9, 0.100
2025-10-30 11:38:02,        0,  29.6,   1.8,  25.3,  0.763, -0.008,  0.000,4460613.3,  1,  21.6,   0.9, 0.100
2025-10-30 11:38:03,        0,  29.6,   1.8,  25.3,  0.743, -0.009,  0.000,4460605.8,  1,  21.6,   0.9, 0.100
2025-10-30 11:38:04,        0,  29.6,   1.8,  25.3,  0.715, -0.008,  0.000,4460597.8,  1,  21.6,   0.9, 0.100
2025-10-30 11:38:06,        0,  29.6,   1.9,  25.2,  0.698, -0.008,  0.000,4460589.0,  1,  21.6,   0.9, 0.100
2025-10-30 11:38:06,        0,  29.6,   1.9,  25.3,  0.676, -0.008,  0.000,4460580.6,  1,  21.6,   0.9, 0.100
2025-10-30 11:38:07,        0,  29.6,   1.9,  25.3,  0.662, -0.007,  0.000,4460573.5,  1,  21.6,   0.9, 0.100
2025-10-30 11:38:08,        0,  29.5,   1.6,  25.3,  0.649, -0.007,  0.000,4460566.4,  1,  21.6,   0.9, 0.100
2025-10-30 11:38:10,        0,  29.6,   1.9,  25.2,  0.631, -0.008,  0.000,4460557.6,  1,  21.6,   0.9, 0.100
2025-10-30 11:38:11,        0,  29.6,   1.9,  25.3,  0.614, -0.007,  0.000,4460550.5,  1,  21.6,   0.9, 0.100
2025-10-30 11:38:11,        0,  29.7,   2.1,  25.2,  0.604, -0.008,  0.000,4460543.3,  1,  21.6,   0.9, 0.100
2025-10-30 11:38:12,        0,  29.7,   2.1,  25.3,  0.593, -0.007,  0.000,4460535.8,  1,  21.6,   1.0, 0.100
2025-10-30 11:38:13,        0,  29.6,   1.9,  25.2,  0.583, -0.007,  0.000,4460528.7,  1,  21.6,   0.9, 0.100
2025-10-30 11:38:15,        0,  29.7,   2.1,  25.2,  0.570, -0.007,  0.000,4460520.7,  1,  21.6,   0.9, 0.100
2025-10-30 11:38:15,        0,  29.7,   2.1,  25.3,  0.557, -0.007,  0.000,4460514.0,  1,  21.6,   0.9, 0.100
2025-10-30 11:38:16,        0,  29.7,   2.1,  25.3,  0.549, -0.007,  0.000,4460507.3,  1,  21.6,   0.9, 0.100
2025-10-30 11:38:17,        0,  29.6,   1.8,  25.2,  0.541, -0.007,  0.000,4460500.2,  1,  21.6,   0.9, 0.100
2025-10-30 11:38:19,        0,  29.6,   1.9,  25.3,  0.529, -0.007,  0.000,4460492.2,  1,  21.6,   0.9, 0.100
2025-10-30 11:38:20,        0,  29.6,   1.9,  25.2,  0.523, -0.007,  0.000,4460485.9,  1,  21.6,   1.0, 0.100
2025-10-30 11:38:20,        0,  29.7,   2.1,  25.3,  0.512, -0.007,  0.000,4460479.2,  1,  21.6,   0.9, 0.100
2025-10-30 11:38:21,        0,  29.7,   2.1,  25.3,  0.505, -0.007,  0.000,4460472.9,  1,  21.6,   1.0, 0.100
2025-10-30 11:38:22,        0,  29.7,   2.1,  25.2,  0.499, -0.007,  0.000,4460467.5,  1,  21.6,   1.0, 0.100
2025-10-30 11:38:24,        0,  29.7,   2.1,  25.3,  0.490, -0.007,  0.000,4460459.1,  1,  21.6,   1.0, 0.100
2025-10-30 11:38:24,        0,  29.6,   1.9,  25.3,  0.484, -0.007,  0.000,4460453.7,  1,  21.6,   1.0, 0.100
2025-10-30 11:38:25,        0,  29.8,   2.3,  25.3,  0.476, -0.006,  0.000,4460447.4,  1,  21.6,   1.0, 0.100
2025-10-30 11:38:26,        0,  29.6,   1.8,  25.3,  0.470, -0.007,  0.000,4460441.1,  1,  21.6,   1.0, 0.100
2025-10-30 11:38:28,        0,  29.7,   2.1,  25.3,  0.462, -0.006,  0.000,4460434.0,  1,  21.6,   1.0, 0.100
2025-10-30 11:38:28,        0,  29.8,   2.3,  25.3,  0.457, -0.006,  0.000,4460428.5,  1,  21.6,   1.0, 0.100
2025-10-30 11:38:29,        0,  29.7,   2.1,  25.3,  0.449, -0.006,  0.000,4460423.1,  1,  21.6,   1.0, 0.100
2025-10-30 11:38:30,        0,  29.7,   2.1,  25.2,  0.445, -0.006,  0.000,4460416.8,  1,  21.5,   1.0, 0.100
2025-10-30 11:38:31,        0,  29.7,   2.1,  25.2,  0.440, -0.006,  0.000,4460410.9,  1,  21.6,   1.0, 0.100
2025-10-30 11:38:33,        0,  29.7,   2.1,  25.3,  0.433, -0.006,  0.000,4460404.2,  1,  21.5,   1.0, 0.100
2025-10-30 11:38:33,        0,  29.7,   2.1,  25.2,  0.429, -0.005,  0.000,4460399.2,  1,  21.6,   1.0, 0.100
2025-10-30 11:38:34,        0,  29.7,   2.1,  25.2,  0.422, -0.006,  0.000,4460393.3,  1,  21.6,   1.0, 0.100
2025-10-30 11:38:35,        0,  29.7,   2.1,  25.2,  0.419, -0.005,  0.000,4460388.3,  1,  21.6,   1.0, 0.100
2025-10-30 11:38:37,        0,  29.8,   2.3,  25.3,  0.412, -0.005,  0.000,4460382.0,  1,  21.6,   1.0, 0.100
2025-10-30 11:38:37,        0,  29.8,   2.3,  25.3,  0.409, -0.005,  0.000,4460377.4,  1,  21.6,   1.0, 0.100
2025-10-30 11:38:38,        0,  29.7,   2.1,  25.3,  0.405, -0.005,  0.000,4460371.9,  1,  21.6,   1.0, 0.100
2025-10-30 11:38:39,        0,  29.8,   2.3,  25.3,  0.399, -0.005,  0.000,4460367.3,  1,  21.6,   1.0, 0.100
2025-10-30 11:38:41,        0,  29.7,   2.1,  25.3,  0.395, -0.006,  0.000,4460360.6,  1,  21.5,   1.0, 0.100
2025-10-30 11:38:41,        0,  29.8,   2.3,  25.3,  0.390, -0.005,  0.000,4460355.2,  1,  21.6,   1.0, 0.100
2025-10-30 11:38:42,        0,  29.8,   2.3,  25.2,  0.387, -0.005,  0.000,4460350.1,  1,  21.6,   1.0, 0.100
2025-10-30 11:38:43,        0,  29.8,   2.3,  25.3,  0.383, -0.005,  0.000,4460344.7,  1,  21.6,   1.0, 0.100
2025-10-30 11:38:44,        0,  29.8,   2.3,  25.2,  0.377, -0.005,  0.000,4460340.1,  1,  21.6,   1.0, 0.100
2025-10-30 11:38:46,        0,  29.7,   2.1,  25.2,  0.374, -0.005,  0.000,4460334.2,  1,  21.6,   1.0, 0.100
2025-10-30 11:38:46,        0,  29.7,   2.1,  25.2,  0.369, -0.005,  0.000,4460330.0,  1,  21.5,   1.0, 0.100
2025-10-30 11:38:47,        0,  29.8,   2.5,  25.2,  0.366, -0.005,  0.000,4460324.6,  1,  21.5,   1.0, 0.100
2025-10-30 11:38:48,        0,  29.8,   2.3,  25.3,  0.363, -0.005,  0.000,4460320.0,  1,  21.6,   1.0, 0.100
2025-10-30 11:38:50,        0,  29.8,   2.3,  25.3,  0.359, -0.005,  0.000,4460314.1,  1,  21.5,   1.0, 0.100
2025-10-30 11:38:50,        0,  29.8,   2.5,  25.2,  0.354, -0.005,  0.000,4460309.9,  1,  21.6,   1.0, 0.100
2025-10-30 11:38:51,        0,  29.8,   2.3,  25.2,  0.351, -0.005,  0.000,4460305.3,  1,  21.5,   1.0, 0.100
2025-10-30 11:38:52,        0,  29.8,   2.3,  25.2,  0.349, -0.004,  0.000,4460301.1,  1,  21.5,   1.0, 0.100
2025-10-30 11:38:54,        0,  29.8,   2.3,  25.2,  0.345, -0.005,  0.000,4460295.7,  1,  21.6,   1.0, 0.100
2025-10-30 11:38:55,        0,  29.8,   2.3,  25.3,  0.342, -0.005,  0.000,4460291.1,  1,  21.5,   1.0, 0.100
2025-10-30 11:38:55,        0,  29.8,   2.5,  25.2,  0.338, -0.005,  0.000,4460286.4,  1,  21.6,   1.0, 0.100
2025-10-30 11:38:56,        0,  29.8,   2.3,  25.2,  0.335, -0.004,  0.000,4460282.7,  1,  21.6,   1.0, 0.100
2025-10-30 11:38:57,        0,  29.8,   2.3,  25.3,  0.332, -0.004,  0.000,4460278.5,  1,  21.6,   1.0, 0.100
2025-10-30 11:38:59,        0,  29.8,   2.3,  25.2,  0.329, -0.005,  0.000,4460273.5,  1,  21.5,   1.0, 0.100
2025-10-30 11:38:59,        0,  29.8,   2.5,  25.2,  0.327, -0.005,  0.000,4460268.8,  1,  21.5,   1.0, 0.100
2025-10-30 11:39:00,        0,  29.8,   2.3,  25.2,  0.322, -0.005,  0.000,4460264.2,  1,  21.6,   1.0, 0.100
2025-10-30 11:39:01,        0,  29.8,   2.5,  25.2,  0.321, -0.005,  0.000,4460260.0,  1,  21.6,   1.0, 0.100
2025-10-30 11:39:03,        0,  29.8,   2.3,  25.2,  0.317, -0.004,  0.000,4460255.0,  1,  21.6,   1.0, 0.100
2025-10-30 11:39:03,        0,  29.8,   2.5,  25.2,  0.315, -0.004,  0.000,4460251.2,  1,  21.6,   1.0, 0.100
2025-10-30 11:39:04,        0,  29.8,   2.5,  25.2,  0.312, -0.005,  0.000,4460247.0,  1,  21.5,   1.0, 0.100
2025-10-30 11:39:05,        0,  29.8,   2.5,  25.2,  0.309, -0.004,  0.000,4460242.9,  1,  21.6,   1.0, 0.100
2025-10-30 11:39:07,        0,  29.8,   2.5,  25.3,  0.306, -0.005,  0.000,4460237.4,  1,  21.6,   1.0, 0.100
2025-10-30 11:39:07,        0,  29.8,   2.5,  25.2,  0.304, -0.004,  0.000,4460233.6,  1,  21.6,   1.0, 0.100
2025-10-30 11:39:08,        0,  29.8,   2.5,  25.2,  0.302, -0.004,  0.000,4460229.9,  1,  21.6,   1.0, 0.100
2025-10-30 11:39:09,        0,  29.8,   2.3,  25.3,  0.300, -0.004,  0.000,4460226.1,  1,  21.6,   1.0, 0.100
2025-10-30 11:39:11,        0,  29.8,   2.5,  25.2,  0.297, -0.005,  0.000,4460221.5,  1,  21.6,   1.0, 0.100
2025-10-30 11:39:12,        0,  29.7,   2.1,  25.3,  0.294, -0.004,  0.000,4460216.9,  1,  21.5,   1.0, 0.100
2025-10-30 11:39:12,        0,  29.8,   2.5,  25.2,  0.293, -0.004,  0.000,4460213.1,  1,  21.5,   1.0, 0.100
2025-10-30 11:39:13,        0,  29.8,   2.5,  25.2,  0.291, -0.004,  0.000,4460209.3,  1,  21.6,   1.0, 0.100
2025-10-30 11:39:15,        0,  29.8,   2.5,  25.2,  0.288, -0.004,  0.000,4460204.7,  1,  21.6,   1.0, 0.100
2025-10-30 11:39:16,        0,  29.8,   2.5,  25.3,  0.287, -0.004,  0.000,4460201.4,  1,  21.5,   0.9, 0.100
2025-10-30 11:39:16,        0,  29.8,   2.5,  25.2,  0.284, -0.004,  0.000,4460197.6,  1,  21.6,   1.0, 0.100
2025-10-30 11:39:17,        0,  29.9,   2.6,  25.2,  0.282, -0.004,  0.000,4460193.8,  1,  21.6,   0.9, 0.100
2025-10-30 11:39:18,        0,  29.8,   2.5,  25.2,  0.280, -0.004,  0.000,4460189.6,  1,  21.5,   1.0, 0.100
2025-10-30 11:39:20,        0,  29.8,   2.5,  25.2,  0.278, -0.004,  0.000,4460185.4,  1,  21.5,   1.0, 0.100
2025-10-30 11:39:20,        0,  29.8,   2.3,  25.2,  0.277, -0.004,  0.000,4460181.7,  1,  21.6,   0.9, 0.100
2025-10-30 11:39:21,        0,  29.8,   2.3,  25.3,  0.274, -0.004,  0.000,4460178.3,  1,  21.5,   0.9, 0.100
2025-10-30 11:39:22,        0,  29.8,   2.5,  25.2,  0.272, -0.004,  0.000,4460174.5,  1,  21.5,   0.9, 0.100
2025-10-30 11:39:24,        0,  29.8,   2.3,  25.2,  0.270, -0.003,  0.000,4460170.4,  1,  21.6,   0.9, 0.100
2025-10-30 11:39:24,        0,  29.8,   2.5,  25.2,  0.269, -0.004,  0.000,4460167.0,  1,  21.5,   0.8, 0.100
2025-10-30 11:39:25,        0,  29.8,   2.3,  25.2,  0.268, -0.005,  0.000,4460163.2,  1,  21.5,   0.8, 0.100
2025-10-30 11:39:26,        0,  29.8,   2.3,  25.3,  0.265, -0.004,  0.000,4460159.9,  1,  21.5,   0.9, 0.100
2025-10-30 11:39:28,        0,  29.8,   2.5,  25.2,  0.264, -0.004,  0.000,4460155.7,  1,  21.6,   0.8, 0.100
2025-10-30 11:39:28,        0,  29.8,   2.5,  25.2,  0.262, -0.004,  0.000,4460151.5,  1,  21.6,   0.9, 0.100
2025-10-30 11:39:29,        0,  29.8,   2.3,  25.2,  0.260, -0.003,  0.000,4460149.0,  1,  21.5,   0.9, 0.100
2025-10-30 11:39:30,        0,  29.8,   2.5,  25.2,  0.259, -0.003,  0.000,4460145.6,  1,  21.5,   0.9, 0.100
2025-10-30 11:39:32,        0,  29.8,   2.5,  25.2,  0.257, -0.004,  0.000,4460141.0,  1,  21.5,   0.9, 0.100
2025-10-30 11:39:32,        0,  29.9,   2.6,  25.2,  0.256, -0.003,  0.000,4460137.2,  1,  21.5,   0.9, 0.100
2025-10-30 11:39:33,        0,  29.8,   2.5,  25.2,  0.254, -0.003,  0.000,4460134.3,  1,  21.5,   0.9, 0.100
2025-10-30 11:39:34,        0,  29.8,   2.5,  25.2,  0.253, -0.003,  0.000,4460131.4,  1,  21.5,   0.9, 0.100
2025-10-30 11:39:36,        0,  29.8,   2.5,  25.2,  0.251, -0.004,  0.000,4460126.8,  1,  21.5,   0.9, 0.100
2025-10-30 11:39:36,        0,  29.9,   2.6,  25.2,  0.249, -0.004,  0.000,4460123.4,  1,  21.6,   0.9, 0.100
2025-10-30 11:39:37,        0,  29.8,   2.3,  25.2,  0.249, -0.004,  0.000,4460120.1,  1,  21.5,   0.9, 0.100
2025-10-30 11:39:38,        0,  29.8,   2.5,  25.2,  0.247, -0.003,  0.000,4460117.5,  1,  21.6,   0.9, 0.100
2025-10-30 11:39:40,        0,  29.8,   2.5,  25.1,  0.245, -0.004,  0.000,4460112.9,  1,  21.6,   0.9, 0.100
2025-10-30 11:39:40,        0,  29.9,   2.6,  25.2,  0.244, -0.003,  0.000,4460110.0,  1,  21.6,   0.9, 0.100
2025-10-30 11:39:41,        0,  29.8,   2.5,  25.2,  0.243, -0.004,  0.000,4460106.2,  1,  21.5,   0.9, 0.100
2025-10-30 11:39:42,        0,  29.9,   2.6,  25.2,  0.241, -0.003,  0.000,4460102.9,  1,  21.5,   0.9, 0.100
2025-10-30 11:39:44,        0,  29.9,   2.6,  25.2,  0.240, -0.003,  0.000,4460099.5,  1,  21.6,   1.0, 0.100
2025-10-30 11:39:44,        0,  29.8,   2.5,  25.2,  0.239, -0.004,  0.000,4460095.8,  1,  21.6,   1.0, 0.100
2025-10-30 11:39:45,        0,  29.8,   2.5,  25.2,  0.238, -0.003,  0.000,4460092.8,  1,  21.6,   1.0, 0.100
2025-10-30 11:39:46,        0,  29.9,   2.6,  25.2,  0.237, -0.003,  0.000,4460089.9,  1,  21.5,   0.9, 0.100
2025-10-30 11:39:47,        0,  29.9,   2.8,  25.2,  6.420,  4.352,  0.028,4463413.7,  1,  21.5,   1.0, 0.100
2025-10-30 11:39:49,        0,  29.6,   1.8,  25.2,  5.977,  3.960,  0.024,4466995.7,  1,  21.5,   0.9, 0.100
2025-10-30 11:39:49,        0,  29.6,   1.8,  25.2,  1.162,  0.028,  0.000,4467064.0,  1,  21.5,   1.0, 0.100
2025-10-30 11:39:50,        0,  29.6,   1.8,  25.2,  1.020,  0.001,  0.000,4467066.6,  1,  21.5,   1.0, 0.100
2025-10-30 11:39:51,        0,  29.5,   1.4,  25.2,  0.950, -0.004,  0.000,4467063.6,  1,  21.5,   1.0, 0.100
2025-10-30 11:39:53,        0,  29.5,   1.4,  25.2,  0.885, -0.007,  0.000,4467055.2,  1,  21.5,   0.9, 0.100
2025-10-30 11:39:53,        0,  29.5,   1.4,  25.2,  0.849, -0.007,  0.000,4467049.0,  1,  21.5,   0.9, 0.100
2025-10-30 11:39:54,        0,  29.5,   1.4,  25.2,  0.801, -0.007,  0.000,4467041.8,  1,  21.5,   0.9, 0.100
2025-10-30 11:39:55,        0,  29.5,   1.4,  25.2,  0.774, -0.007,  0.000,4467034.7,  1,  21.5,   0.9, 0.100
2025-10-30 11:39:57,        0,  29.4,   1.2,  25.2,  0.739, -0.008,  0.000,4467026.3,  1,  21.5,   0.9, 0.100
2025-10-30 11:39:58,        0,  29.5,   1.4,  25.2,  0.719, -0.008,  0.000,4467019.2,  1,  21.5,   0.9, 0.100
2025-10-30 11:39:58,        0,  29.5,   1.4,  25.2,  0.692, -0.007,  0.000,4467012.1,  1,  21.5,   0.9, 0.100
2025-10-30 11:39:59,        0,  29.4,   1.2,  25.2,  0.676, -0.008,  0.000,4467003.7,  1,  21.6,   0.9, 0.100
2025-10-30 11:40:00,        0,  29.5,   1.4,  25.2,  0.660, -0.008,  0.000,4466996.6,  1,  21.5,   0.9, 0.100
