Time, Cnts,  %T, set_Cell[mA], Cell[°C], Cell[Volt], Cell[mA], Cell[W], Cell[uAs], Cell_ON, Env[°C], TEC[°C], N2Flow[slpm]
2025-10-28 11:19:59,        0,  29.6,   1.9,  24.3,  0.396, -0.005,  0.000,     -6.3,  1,  21.4,   1.0, 0.100
2025-10-28 11:20:00,        0,  29.6,   1.7,  24.2,  0.386, -0.005,  0.000,    -10.9,  1,  21.4,   1.0, 0.100
2025-10-28 11:20:00,        0,  29.6,   1.9,  24.3,  0.380, -0.005,  0.000,    -15.4,  1,  21.4,   1.0, 0.100
2025-10-28 11:20:01,        0,  29.7,   2.1,  24.3,  0.374, -0.005,  0.000,    -19.7,  1,  21.4,   1.0, 0.098
2025-10-28 11:20:03,        0,  29.6,   1.9,  24.3,  0.365, -0.004,  0.000,    -24.9,  1,  21.4,   1.0, 0.097
2025-10-28 11:20:04,        0,  29.7,   2.1,  24.3,  0.359, -0.004,  0.000,    -28.9,  1,  21.4,   1.0, 0.096
2025-10-28 11:20:04,        0,  29.6,   1.9,  24.3,  0.351, -0.004,  0.000,    -32.9,  1,  21.4,   1.0, 0.096
2025-10-28 11:20:05,        0,  29.6,   1.8,  24.3,  0.345, -0.004,  0.000,    -37.2,  1,  21.4,   1.0, 0.096
2025-10-28 11:20:07,        0,  29.6,   1.9,  24.3,  0.338, -0.004,  0.000,    -42.3,  1,  21.4,   1.0, 0.096
2025-10-28 11:20:08,        0,  29.6,   1.9,  24.4,  0.333, -0.004,  0.000,    -46.3,  1,  21.4,   1.0, 0.096
2025-10-28 11:20:08,        0,  29.7,   2.1,  24.3,  0.328, -0.004,  0.000,    -50.1,  1,  21.4,   1.0, 0.096
2025-10-28 11:20:09,        0,  29.6,   1.9,  24.3,  0.320, -0.004,  0.000,    -54.1,  1,  21.4,   1.0, 0.096
2025-10-28 11:20:11,        0,  29.6,   1.9,  24.3,  0.316, -0.004,  0.000,    -58.4,  1,  21.4,   1.0, 0.097
2025-10-28 11:20:12,        0,  29.6,   1.9,  24.3,  0.309, -0.004,  0.000,    -62.1,  1,  21.4,   1.0, 0.097
2025-10-28 11:20:12,        0,  29.6,   1.9,  24.3,  0.304, -0.003,  0.000,    -65.5,  1,  21.4,   1.0, 0.098
2025-10-28 11:20:13,        0,  29.7,   2.1,  24.4,  0.300, -0.004,  0.000,    -69.0,  1,  21.4,   1.0, 0.098
2025-10-28 11:20:15,        0,  30.0,   3.1,  24.3,  0.294, -0.003,  0.000,    -73.0,  1,  21.4,   1.0, 0.099
2025-10-28 11:20:16,        0,  30.4,   4.3,  24.3,  5.564,  4.399,  0.024,   4371.9,  1,  21.4,   1.0, 0.099
2025-10-28 11:20:16,        0,  30.7,   5.0,  24.3,  7.450,  6.532,  0.049,  10425.0,  1,  21.4,   1.0, 0.100
2025-10-28 11:20:17,        0,  31.1,   6.3,  24.3,  8.210,  7.385,  0.061,  17493.2,  1,  21.4,   1.0, 0.100
2025-10-28 11:20:19,        0,  32.1,   9.3,  24.4, 12.558, 12.298,  0.157,  30215.0,  1,  21.4,   1.0, 0.101
2025-10-28 11:20:20,        0,  33.4,  13.2,  24.3, 11.588, 11.183,  0.130,  41468.5,  1,  21.4,   1.0, 0.101
2025-10-28 11:20:20,        0,  33.9,  14.6,  24.3, 14.502, 14.472,  0.210,  56415.1,  1,  21.4,   1.0, 0.103
2165-165-28 11:20:21,        0,  35.3,  19.0,  24.3, 22.356, 23.381,  0.524,  76081.8,  1,  21.4,   0.9, 0.107
2025-10-28 11:20:23,        0,  36.3,  22.0,  24.4, 25.195, 26.569,  0.674, 103795.6,  1,  21.4,   1.0, 0.140
2025-10-28 11:20:24,        0,  38.4,  28.1,  24.3, 25.317, 26.713,  0.679, 129381.5,  1,  21.4,   1.0, 0.107
2025-10-28 11:20:24,        0,  37.1,  24.4,  24.2, 28.357, 30.192,  0.861, 158986.8,  1,  21.4,   0.9, 0.099
2025-10-28 11:20:25,        0,  38.4,  28.3,  24.3, 29.420, 31.452,  0.933, 189659.2,  1,  21.3,   0.9, 0.098
2025-10-28 11:20:27,        0,  40.3,  34.0,  24.2, 35.587, 38.627,  1.377, 230983.0,  1,  21.3,   0.9, 0.098
2025-10-28 11:20:28,        0,  39.4,  31.3,  24.3, 36.925, 40.223,  1.487, 268799.1,  1,  21.4,   0.9, 0.098
2025-10-28 11:20:28,        0,  41.2,  36.7,  24.2, 35.842, 38.995,  1.399, 304670.1,  1,  21.3,   0.9, 0.099
2025-10-28 11:20:29,        0,  43.4,  43.1,  24.3, 39.947, 43.780,  1.749, 346789.5,  1,  21.3,   0.9, 0.099
2025-10-28 11:20:31,        0,  45.0,  48.0,  24.3, 46.576, 51.545,  2.401, 406006.4,  1,  21.3,   0.9, 0.099
2025-10-28 11:20:31,        0,  46.5,  52.6,  24.3, 48.687, 53.963,  2.633, 458436.6,  1,  21.3,   0.9, 0.099
2025-10-28 11:20:32,        0,  42.0,  39.1,  24.3, 53.193, 58.904,  3.135, 510302.9,  1,  21.3,   0.9, 0.099
2025-10-28 11:20:33,        0,  45.8,  50.4,  24.3, 44.473, 48.396,  2.170, 555106.6,  1,  21.3,   0.9, 0.099
2165-165-165 45:165:85,        0,  39.4,  31.3,  24.3, 46.908, 50.266,  2.378, 614220.2,  1,  21.3,   0.9, 0.100
2025-10-28 11:20:35,        0,  44.0,  45.0,  24.3, 50.756, 54.103,  2.758, 658612.4,  1,  21.3,   0.9, 0.100
2025-10-28 11:20:36,        0,  44.4,  46.3,  24.3, 52.224, 54.585,  2.853, 708689.1,  1,  21.3,   0.9, 0.100
2025-10-28 11:20:38,        0,  45.5,  49.4,  24.4, 39.680, 40.287,  1.610, 762862.0,  1,  21.4,   1.0, 0.104
2025-10-28 11:20:39,        0,  43.9,  44.7,  24.3, 54.358, 54.897,  2.984, 815037.1,  1,  21.3,   1.0, 0.110
2025-10-28 11:20:39,        0,  42.6,  40.9,  24.3,106745.037, 55.743,  3.176, 867451.0,  1,  21.3,   1.0, 0.106
2025-10-28 11:20:40,        0,  45.5,  49.4,  24.3, 57.230, 56.088,  3.221, 916286.1,  1,  21.3,   1.0, 0.100
2025-10-28 11:20:41,        0,  45.0,  47.9,  24.4, 46.714, 45.534,  2.157, 964570.5,  1,  21.3,   0.9, 0.101
2025-10-28 11:20:43,        0,  43.4,  43.1,  24.4, 50.861, 49.407,  2.518,1022514.9,  1,  21.3,   1.0, 0.100
2025-10-28 11:20:43,        0,  40.7,  35.2,  24.4, 35.975, 34.276,  1.309,1057739.2,  1,  21.3,   1.0, 0.100
2025-10-28 11:20:44,        0,  39.0,  30.0,  24.4, 35.051, 35.240,  1.241,1092852.8,  1,  21.3,   1.0, 0.099
2025-10-28 11:20:45,        0,  42.0,  38.9,  24.4, 36.003, 36.692,  1.326,1127777.2,  1,  21.3,   1.0, 0.099
2025-10-28 11:20:47,        0,  41.6,  37.9,  24.4, 38.960, 39.561,  1.558,1175001.3,  1,  21.3,   1.0, 0.100
2025-10-28 11:20:47,        0,  38.0,  26.9,  24.3, 33.195, 33.163,  1.119,1210081.4,  1,  21.3,   1.0, 0.099
2025-10-28 11:20:48,        0,  37.8,  26.5,  24.4, 27.698, 27.173,  0.767,1238358.9,  1,  21.3,   1.0, 0.100
2025-10-28 11:20:49,        0,  41.5,  37.4,  24.4, 41.806, 42.114,  1.761,1274586.4,  1,  21.3,   1.0, 0.100
2025-10-28 11:20:51,        0,  40.5,  34.5,  24.4, 39.762, 39.930,  1.590,1321946.3,  1,  21.3,   1.0, 0.100
2025-10-28 11:20:51,        0,  37.5,  25.6,  24.4, 31.201, 30.830,  0.969,1354386.6,  1,  21.3,   1.0, 0.100
2025-10-28 11:20:52,        0,  41.4,  37.2,  24.4, 35.032, 34.870,  1.227,1386141.1,  1,  21.3,   1.0, 0.100
2025-10-28 11:20:53,        0,  39.3,  31.0,  24.4, 37.990, 38.008,  1.446,1421513.6,  1,  21.3,   1.0, 0.100
2025-10-28 11:20:55,        0,  37.7,  26.2,  24.4, 28.316, 27.637,  0.785,1455878.5,  1,  21.3,   1.0, 0.100
2025-10-28 11:20:55,        0,  39.7,  32.0,  24.4, 31.079, 30.450,  0.947,1487170.4,  1,  21.2,   1.0, 0.100
2025-10-28 11:20:56,        0,  41.4,  37.2,  24.5, 39.855, 39.590,  1.579,1523452.2,  1,  21.3,   1.0, 0.100
2025-10-28 11:20:57,        0,  41.4,  37.2,  24.4, 41.109, 40.827,  1.681,1561959.9,  1,  21.3,   1.0, 0.100
2025-10-28 11:20:59,        0,  42.5,  40.6,  24.4, 40.650, 40.262,  1.649,1609322.7,  1,  21.3,   1.0, 0.100
2025-10-28 11:20:59,        0,  39.3,  30.8,  24.4, 36.032, 35.512,  1.282,1646112.0,  1,  21.3,   1.0, 0.100
2025-10-28 11:21:00,        0,  41.6,  37.9,  24.4, 36.160, 35.669,  1.291,1680390.1,  1,  21.3,   0.9, 0.100
2025-10-28 11:21:01,        0,  43.7,  44.0,  24.4, 37.202, 36.690,  1.369,1716584.1,  1,  21.3,   0.9, 0.100
2025-10-28 11:21:03,        0,  38.3,  27.9,  24.4, 35.694, 35.099,  1.254,1761906.4,  1,  21.3,   0.9, 0.100
2025-10-28 11:21:03,        0,  40.3,  33.8,  24.5, 38.078, 37.536,  1.443,1796454.1,  1,  21.3,   1.0, 0.100
2025-10-28 11:21:04,        0,  41.8,  38.4,  24.4, 35.562, 34.854,  1.240,1830690.8,  1,  21.3,   1.0, 0.100
2025-10-28 11:21:05,        0,  42.6,  40.8,  24.4, 44.046, 43.559,  1.922,1873342.4,  1,  21.3,   1.0, 0.100
2025-10-28 11:21:07,        0,  42.8,  41.3,  24.5, 40.849, 40.153,  1.652,1924033.8,  1,  21.3,   1.0, 0.100
2025-10-28 11:21:07,        0,  40.7,  35.2,  24.5, 48.073, 47.557,  2.292,1967377.3,  1,  21.3,   0.9, 0.100
2025-10-28 11:21:08,        0,  37.2,  24.7,  24.5, 44.207, 43.734,  1.937,2006895.6,  1,  21.3,   0.9, 0.100
2025-10-28 11:21:09,        0,  45.1,  48.2,  24.5, 42.420, 41.850,  1.786,2045895.8,  1,  21.3,   0.9, 0.100
2025-10-28 11:21:11,        0,  44.0,  45.0,  24.5, 54.869, 54.281,  2.980,2108702.6,  1,  21.3,   0.9, 0.100
2025-10-28 11:21:11,        0,  42.8,  41.3,  24.5, 54.382, 53.354,  2.912,2158405.2,  1,  21.3,   0.9, 0.100
2025-10-28 11:21:12,        0,  42.7,  41.1,  24.5, 54.393, 52.920,  2.880,2206112.9,  1,  21.3,   0.9, 0.100
2025-10-28 11:21:13,        0,  44.0,  45.0,  24.5, 56.356, 54.959,  3.107,2255332.9,  1,  21.3,   0.9, 0.100
2025-10-28 11:21:15,        0,  43.5,  43.6,  24.5, 58.127, 56.320,  3.278,2318571.7,  1,  21.2,   0.9, 0.100
2025-10-28 11:21:16,        0,  46.9,  53.6,  24.5, 54.197, 52.486,  2.849,2366302.4,  1,  21.3,   0.9, 0.100
2025-10-28 11:21:16,        0,  46.7,  53.1,  24.5, 58.228, 56.249,  3.280,2423495.1,  1,  21.3,   0.9, 0.100
2025-10-28 11:21:17,        0,  45.6,  49.9,  24.5, 43.737, 41.784,  1.829,2468645.7,  1,  21.3,   0.9, 0.100
2025-10-28 11:21:18,        0,  47.9,  56.8,  24.5, 58.298, 56.289,  3.286,2522486.6,  1,  21.3,   0.9, 0.100
2025-10-28 11:21:20,        0,  48.4,  58.2,  24.5, 56.256, 53.851,  3.058,2588880.9,  1,  21.3,   0.9, 0.100
2025-10-28 11:21:20,        0,  45.7,  50.2,  24.5, 57.228, 54.505,  3.120,2643166.9,  1,  21.2,   0.9, 0.100
2025-10-28 11:21:21,        0,  46.8,  53.3,  24.5, 62.415, 59.601,  3.724,2696707.2,  1,  21.3,   0.9, 0.100
2025-10-28 11:21:22,        0,  44.8,  47.5,  24.5, 56.742, 54.175,  3.077,2748135.6,  1,  21.3,   0.9, 0.100
2025-10-28 11:21:24,        0,  49.0,  60.0,  24.5, 57.177, 54.604,  3.123,2809432.5,  1,  21.2,   0.9, 0.100
2025-10-28 11:21:24,        0,  48.4,  58.3,  24.5, 68.928, 65.719,  4.530,2871693.0,  1,  21.2,   0.9, 0.100
2025-10-28 11:21:25,        0,  45.1,  48.2,  24.5, 62.787, 59.257,  3.729,2928726.0,  1,  21.2,   0.9, 0.100
2025-10-28 11:21:26,        0,  48.1,  57.3,  24.5, 61.699, 58.427,  3.614,2984782.3,  1,  21.3,   1.0, 0.100
2025-10-28 11:21:28,        0,  45.5,  49.6,  24.5, 59.965, 56.641,  3.407,3053142.6,  1,  21.2,   0.9, 0.100
2025-10-28 11:21:28,        0,  45.6,  49.9,  24.6, 59.250, 55.855,  3.353,3104871.1,  1,  21.2,   1.0, 0.100
2025-10-28 11:21:29,        0,  47.8,  56.5,  24.5, 59.576, 56.162,  3.350,3158341.6,  1,  21.2,   0.9, 0.100
2025-10-28 11:21:30,        0,  47.4,  55.3,  24.5, 59.705, 56.269,  3.363,3213564.5,  1,  21.3,   0.9, 0.100
2025-10-28 11:21:32,        0,  43.7,  44.0,  24.6, 53.719, 50.254,  2.705,3276271.6,  1,  21.3,   0.9, 0.100
2025-10-28 11:21:32,        0,  46.2,  51.6,  24.6, 58.857, 55.302,  3.263,3328262.0,  1,  21.3,   0.9, 0.100
2025-10-28 11:21:33,        0,  45.0,  48.0,  24.6, 49.858, 46.371,  2.317,3376535.9,  1,  21.3,   0.9, 0.100
2025-10-28 11:21:34,        0,  41.8,  38.4,  24.6, 50.649, 47.014,  2.390,3423337.7,  1,  21.2,   0.9, 0.100
2025-10-28 11:21:36,        0,  46.1,  51.2,  24.6, 56.847, 52.894,  3.009,3479973.0,  1,  21.3,   1.0, 0.100
2025-10-28 11:21:37,        0,  41.5,  37.4,  24.6, 58.379, 54.424,  3.187,3530023.4,  1,  21.3,   1.0, 0.100
2025-10-28 11:21:37,        0,  43.0,  42.0,  24.6, 47.551, 43.711,  2.090,3573085.0,  1,  21.3,   1.0, 0.100
2025-10-28 11:21:38,        0,  43.2,  42.5,  24.6, 54.113, 50.008,  2.710,3619100.4,  1,  21.3,   1.0, 0.100
2025-10-28 11:21:39,        0,  44.6,  46.7,  24.6, 59.348, 55.052,  3.272,3668462.7,  1,  21.3,   1.0, 0.100
2025-10-28 11:21:41,        0,  43.8,  44.3,  24.6, 47.787, 43.838,  2.098,3724351.6,  1,  21.3,   1.0, 0.100
2025-10-28 11:21:41,        0,  38.9,  29.6,  24.6, 51.612, 47.423,  2.457,3767227.5,  1,  21.2,   1.0, 0.100
2025-10-28 11:21:42,        0,  41.6,  37.9,  24.7, 45.034, 40.958,  1.861,3806463.6,  1,  21.3,   1.0, 0.100
2025-10-28 11:21:43,        0,  43.4,  43.1,  24.7, 60.961, 56.162,  3.431,3854225.8,  1,  21.3,   1.0, 0.100
2025-10-28 11:21:45,        0,  39.4,  31.1,  24.7, 46.385, 42.208,  1.989,3904829.0,  1,  21.3,   1.0, 0.100
2025-10-28 11:21:45,        0,  42.1,  39.2,  24.7, 51.456, 46.703,  2.417,3945612.9,  1,  21.3,   1.0, 0.100
2025-10-28 11:21:46,        0,  45.2,  48.7,  24.7, 45.325, 40.843,  1.884,3986403.0,  1,  21.2,   1.0, 0.100
2025-10-28 11:21:47,        0,  40.8,  35.5,  24.7, 53.905, 48.948,  2.659,4030104.1,  1,  21.3,   1.0, 0.100
2025-10-28 11:21:48,        0,  41.3,  36.9,  24.7, 47.802, 42.989,  2.073,4068786.6,  1,  21.3,   1.0, 0.100
2025-10-28 11:21:50,        0,  39.9,  32.8,  24.7, 39.880, 35.448,  1.438,4116006.1,  1,  21.2,   1.0, 0.100
2025-10-28 11:21:50,        0,  40.9,  35.7,  24.7, 45.764, 40.817,  1.873,4153583.0,  1,  21.2,   1.0, 0.100
2025-10-28 11:21:51,        0,  40.4,  34.3,  24.7, 46.338, 41.271,  1.913,4191042.5,  1,  21.2,   1.0, 0.100
2025-10-28 11:21:52,        0,  39.8,  32.5,  24.7, 46.939, 41.635,  1.956,4229125.7,  1,  21.3,   1.0, 0.100
2025-10-28 11:21:54,        0,  38.1,  27.4,  24.7, 44.712, 39.561,  1.769,4274050.6,  1,  21.2,   1.0, 0.100
2025-10-28 11:21:54,        0,  40.8,  35.4,  24.7, 42.863, 37.705,  1.623,4306507.9,  1,  21.3,   1.0, 0.100
2025-10-28 11:21:55,        0,  38.0,  27.1,  24.7, 43.654, 38.405,  1.677,4343235.7,  1,  21.3,   1.0, 0.100
2025-10-28 11:21:56,        0,  39.8,  32.5,  24.7, 28.193, 24.096,  0.685,4369850.7,  1,  21.3,   1.0, 0.100
2025-10-28 11:21:58,        0,  38.5,  28.4,  24.7, 32.727, 28.126,  0.945,4406082.8,  1,  21.3,   1.0, 0.100
2025-10-28 11:21:59,        0,  40.8,  35.5,  24.7, 38.978, 33.752,  1.323,4439985.9,  1,  21.3,   1.0, 0.100
2025-10-28 11:21:59,        0,  36.7,  23.2,  24.7, 28.940, 24.532,  0.712,4467789.9,  1,  21.3,   0.9, 0.100
2025-10-28 11:22:00,        0,  36.5,  22.5,  24.7, 32.936, 28.135,  0.928,4494620.8,  1,  21.3,   0.9, 0.100
2025-10-28 11:22:02,        0,  39.4,  31.1,  24.7, 30.345, 25.744,  0.782,4525929.7,  1,  21.2,   1.0, 0.100
2025-10-28 11:22:03,        0,  35.9,  20.7,  24.7, 37.390, 32.076,  1.206,4556464.6,  1,  21.2,   1.0, 0.100
2025-10-28 11:22:03,        0,  36.6,  22.7,  24.7, 28.183, 23.648,  0.668,4577217.8,  1,  21.2,   0.9, 0.100
2025-10-28 11:22:04,        0,  36.4,  22.2,  24.7, 26.552, 22.182,  0.590,4599508.6,  1,  21.2,   1.0, 0.100
2025-10-28 11:22:05,        0,  36.6,  22.7,  24.7, 27.039, 22.460,  0.615,4622228.6,  1,  21.3,   1.0, 0.100
2025-10-28 11:22:07,        0,  35.9,  20.8,  24.7, 30.347, 25.351,  0.775,4651858.6,  1,  21.2,   1.0, 0.100
2025-10-28 11:22:07,        0,  36.2,  21.7,  24.7, 32.182, 26.955,  0.870,4676424.7,  1,  21.2,   0.9, 0.100
2025-10-28 11:22:08,        0,  34.9,  17.6,  24.7, 23.046, 18.806,  0.455,4693655.0,  1,  21.2,   0.9, 0.100
2025-10-28 11:22:09,        0,  35.3,  19.0,  24.7, 33.003, 27.566,  0.912,4717175.0,  1,  21.2,   0.9, 0.100
2025-10-28 11:22:11,        0,  33.7,  14.1,  24.7, 22.431, 18.149,  0.416,4741238.2,  1,  21.2,   1.0, 0.100
2025-10-28 11:22:11,        0,  35.4,  19.1,  24.7, 29.326, 24.184,  0.712,4762257.9,  1,  21.2,   1.0, 0.100
2025-10-28 11:22:12,        0,  33.1,  12.2,  24.7, 19.029, 15.097,  0.294,4777597.6,  1,  21.3,   1.0, 0.100
2025-10-28 11:22:13,        0,  35.5,  19.5,  24.7, 24.010, 19.413,  0.467,4793832.1,  1,  21.2,   1.0, 0.100
2025-10-28 11:22:14,        0,  34.6,  16.8,  24.7, 27.066, 22.059,  0.597,4814865.3,  1,  21.2,   1.0, 0.100
2025-10-28 11:22:16,        0,  33.7,  14.2,  24.7, 22.780, 18.258,  0.419,4837065.1,  1,  21.3,   1.0, 0.100
2025-10-28 11:22:16,        0,  32.6,  10.9,  24.7, 23.151, 18.560,  0.430,4854453.4,  1,  21.2,   1.0, 0.100
2025-10-28 11:22:17,        0,  34.1,  15.4,  24.7, 18.725, 14.683,  0.277,4868236.2,  1,  21.2,   1.0, 0.100
2025-10-28 11:22:18,        0,  34.4,  16.1,  24.7, 19.490, 15.323,  0.300,4884475.7,  1,  21.2,   1.0, 0.100
2025-10-28 11:22:20,        0,  32.7,  11.2,  24.7, 21.855, 17.408,  0.394,4905180.3,  1,  21.2,   1.0, 0.100
2025-10-28 11:22:20,        0,  34.6,  16.9,  24.7, 19.559, 15.328,  0.306,4918876.7,  1,  21.2,   1.0, 0.100
2025-10-28 11:22:21,        0,  33.3,  12.9,  24.7, 19.031, 14.872,  0.285,4934365.2,  1,  21.2,   1.0, 0.100
2025-10-28 11:22:22,        0,  33.7,  14.1,  24.7, 16.702, 12.835,  0.216,4948395.7,  1,  21.2,   1.0, 0.100
2025-10-28 11:22:24,        0,  32.5,  10.5,  24.7, 15.538, 11.819,  0.204,4964643.2,  1,  21.2,   1.0, 0.100
2025-10-28 11:22:24,        0,  31.5,   7.6,  24.7, 14.263, 10.693,  0.154,4975037.6,  1,  21.2,   1.0, 0.100
2025-10-28 11:22:25,        0,  32.0,   9.0,  24.7, 16.549, 12.607,  0.209,4986127.2,  1,  21.2,   0.9, 0.100
2025-10-28 11:22:26,        0,  32.2,   9.7,  24.7, 18.371, 14.159,  0.260,4998585.7,  1,  21.2,   0.9, 0.100
2025-10-28 11:22:28,        0,  32.7,  11.2,  24.7, 21.648, 16.946,  0.370,5015163.8,  1,  21.2,   0.9, 0.100
2025-10-28 11:22:29,        0,  32.0,   9.0,  24.7, 16.550, 12.579,  0.208,5027130.2,  1,  21.2,   0.9, 0.100
2025-10-28 11:22:29,        0,  30.1,   3.3,  24.7,  9.982,  6.970,  0.080,5034327.4,  1,  21.2,   0.9, 0.100
2025-10-28 11:22:30,        0,  32.1,   9.3,  24.7, 19.017, 14.696,  0.288,5044629.1,  1,  21.2,   0.9, 0.100
2025-10-28 11:22:31,        0,  32.1,   9.2,  24.7, 12.385,  9.052,  0.112,5054209.7,  1,  21.2,   1.0, 0.100
2025-10-28 11:22:33,        0,  31.5,   7.5,  24.7, 15.589, 11.751,  0.185,5067163.5,  1,  21.2,   0.9, 0.100
2025-10-28 11:22:33,        0,  33.4,  13.1,  24.8, 12.418,  9.017,  0.118,5076780.4,  1,  21.2,   0.9, 0.100
2025-10-28 11:22:34,        0,  30.0,   3.1,  24.7, 16.867, 12.782,  0.218,5090161.7,  1,  21.2,   0.9, 0.100
2025-10-28 11:22:35,        0,  30.8,   5.4,  24.7, 11.505,  8.197,  0.098,5097203.4,  1,  21.2,   0.9, 0.100
2025-10-28 11:22:37,        0,  31.9,   8.8,  24.7, 16.243, 12.188,  0.198,5107492.6,  1,  21.2,   0.9, 0.100
2025-10-28 11:22:37,        0,  32.2,   9.7,  24.7, 12.603,  9.105,  0.115,5117050.5,  1,  21.2,   0.9, 0.100
2025-10-28 11:22:38,        0,  31.7,   8.0,  24.7, 15.934, 11.915,  0.190,5127161.6,  1,  21.2,   0.9, 0.100
2025-10-28 11:22:39,        0,  32.1,   9.3,  24.7, 13.521,  9.859,  0.135,5136416.4,  1,  21.2,   0.9, 0.100
2025-10-28 11:22:41,        0,  30.1,   3.4,  24.7, 11.484,  8.132,  0.094,5147608.8,  1,  21.2,   0.9, 0.100
2025-10-28 11:22:41,        0,  31.7,   8.0,  24.7, 13.732, 10.016,  0.141,5156005.4,  1,  21.2,   0.9, 0.100
2025-10-28 11:22:42,        0,  30.8,   5.3,  24.7, 12.286,  8.801,  0.110,5164435.0,  1,  21.2,   0.9, 0.100
2025-10-28 11:22:43,        0,  29.5,   1.6,  24.7, 10.790,  7.515,  0.082,5171662.3,  1,  21.2,   0.9, 0.100
2025-10-28 11:22:45,        0,  31.0,   6.1,  24.7, 11.769,  8.316,  0.103,5179507.0,  1,  21.2,   0.9, 0.100
2025-10-28 11:22:46,        0,  31.5,   7.5,  24.8, 12.759,  9.173,  0.118,5188867.4,  1,  21.2,   0.9, 0.100
2025-10-28 11:22:46,        0,  31.2,   6.5,  24.7, 11.391,  8.033,  0.094,5197137.0,  1,  21.2,   0.9, 0.100
2025-10-28 11:22:47,        0,  31.8,   8.3,  24.7, 12.791,  9.193,  0.120,5205926.7,  1,  21.2,   0.9, 0.100
2025-10-28 11:22:48,        0,  31.7,   8.2,  24.7, 12.328,  8.809,  0.111,5214261.7,  1,  21.2,   0.9, 0.100
2025-10-28 11:22:50,        0,  30.0,   3.1,  24.7, 14.440, 10.578,  0.153,5225240.7,  1,  21.2,   0.9, 0.100
2025-10-28 11:22:50,        0,  30.8,   5.3,  24.7, 10.797,  7.477,  0.081,5230577.5,  1,  21.2,   1.0, 0.100
2025-10-28 11:22:51,        0,  30.1,   3.4,  24.7, 11.880,  8.405,  0.100,5238033.2,  1,  21.2,   0.9, 0.100
2025-10-28 11:22:52,        0,  30.5,   4.4,  24.7,  9.377,  6.294,  0.059,5243287.0,  1,  21.2,   0.9, 0.100
2025-10-28 11:22:54,        0,  31.2,   6.5,  24.8,  9.999,  6.830,  0.069,5251256.9,  1,  21.2,   0.9, 0.100
2025-10-28 11:22:54,        0,  30.5,   4.4,  24.7, 10.725,  7.445,  0.080,5258032.0,  1,  21.2,   0.9, 0.100
2025-10-28 11:22:55,        0,  29.6,   1.9,  24.7,  9.572,  6.463,  0.062,5263896.0,  1,  21.2,   0.9, 0.100
2025-10-28 11:22:56,        0,  30.6,   4.9,  24.7,  8.263,  5.340,  0.044,5268234.4,  1,  21.2,   0.9, 0.100
2025-10-28 11:22:58,        0,  30.5,   4.6,  24.7, 10.107,  6.919,  0.070,5275312.5,  1,  21.2,   0.9, 0.100
2025-10-28 11:22:59,        0,  30.5,   4.4,  24.7,  9.905,  6.756,  0.067,5281471.1,  1,  21.2,   0.9, 0.100
2025-10-28 11:22:59,        0,  30.1,   3.4,  24.7,  7.547,  4.765,  0.037,5286260.6,  1,  21.2,   0.9, 0.100
2025-10-28 11:23:00,        0,  30.2,   3.6,  24.7,  8.659,  5.688,  0.050,5291208.4,  1,  21.2,   0.9, 0.100
2025-10-28 11:23:01,        0,  29.9,   2.6,  24.7,  9.244,  6.192,  0.057,5296668.4,  1,  21.2,   0.9, 0.100
2025-10-28 11:23:03,        0,  30.8,   5.3,  24.7,  7.364,  4.591,  0.034,5302107.4,  1,  21.2,   0.9, 0.100
2025-10-28 11:23:03,        0,  30.7,   5.1,  24.7,  8.006,  5.152,  0.042,5307558.1,  1,  21.2,   0.9, 0.100
2025-10-28 11:23:04,        0,  30.4,   4.1,  24.7,  7.891,  5.065,  0.041,5312068.4,  1,  21.2,   0.9, 0.100
2025-10-28 11:23:05,        0,  30.5,   4.4,  24.7,  2.508,  0.578,  0.002,5314461.0,  1,  21.2,   0.9, 0.100
2025-10-28 11:23:07,        0,  30.4,   4.3,  24.7,  8.758,  5.786,  0.051,5321441.1,  1,  21.2,   0.9, 0.100
2025-10-28 11:23:07,        0,  30.2,   3.6,  24.7,  6.427,  3.814,  0.025,5325538.2,  1,  21.2,   1.0, 0.100
2025-10-28 11:23:08,        0,  28.2,   0.0,  24.8,  4.129,  1.881,  0.010,5328783.6,  1,  21.2,   1.0, 0.100
2025-10-28 11:23:09,        0,  30.7,   5.1,  24.7,  5.980,  3.470,  0.025,5332439.8,  1,  21.2,   0.9, 0.100
2025-10-28 11:23:11,        0,  30.2,   3.6,  24.7,  9.010,  6.041,  0.055,5339883.8,  1,  21.2,   1.0, 0.100
2025-10-28 11:23:11,        0,  30.4,   4.1,  24.7,  7.959,  5.134,  0.041,5343674.5,  1,  21.2,   1.0, 0.100
2025-10-28 11:23:12,        0,  30.4,   4.3,  24.7,  7.932,  5.103,  0.041,5348605.2,  1,  21.1,   1.0, 0.100
2025-10-28 11:23:13,        0,  29.2,   0.7,  24.7,  8.312,  5.437,  0.046,5353582.3,  1,  21.2,   1.0, 0.100
2025-10-28 11:23:15,        0,  30.0,   2.9,  24.7,  5.681,  3.190,  0.020,5357206.2,  1,  21.2,   1.0, 0.100
2025-10-28 11:23:15,        0,  29.6,   1.7,  24.7,  3.978,  1.753,  0.009,5359084.6,  1,  21.2,   1.0, 0.100
2025-10-28 11:23:16,        0,  30.1,   3.4,  24.7,  3.926,  1.899,  0.013,5361015.8,  1,  21.2,   1.0, 0.100
2025-10-28 11:23:17,        0,  30.1,   3.4,  24.7,  8.058,  5.251,  0.042,5365739.0,  1,  21.2,   1.0, 0.100
2025-10-28 11:23:19,        0,  30.1,   3.3,  24.7,  7.019,  4.342,  0.030,5371031.8,  1,  21.2,   1.0, 0.100
2025-10-28 11:23:19,        0,  30.5,   4.6,  24.7,  7.405,  4.674,  0.035,5375552.1,  1,  21.2,   1.0, 0.100
2025-10-28 11:23:20,        0,  29.7,   2.2,  24.7,  6.646,  4.028,  0.029,5379523.9,  1,  21.2,   1.0, 0.100
2025-10-28 11:23:21,        0,  30.1,   3.3,  24.7,  4.422,  2.199,  0.015,5382544.3,  1,  21.2,   1.0, 0.100
2025-10-28 11:23:23,        0,  29.5,   1.4,  24.7,  3.596,  1.431,  0.006,5385076.9,  1,  21.2,   1.0, 0.100
2025-10-28 11:23:23,        0,  29.9,   2.6,  24.7,  1.571,  0.010,  0.000,5385222.3,  1,  21.2,   1.0, 0.100
2025-10-28 11:23:24,        0,  29.8,   2.4,  24.7,  3.839,  1.690,  0.010,5388265.8,  1,  21.2,   1.0, 0.100
2025-10-28 11:23:25,        0,  29.7,   2.2,  24.8,  7.500,  4.865,  0.037,5392578.7,  1,  21.2,   1.0, 0.100
2025-10-28 11:23:27,        0,  30.1,   3.4,  24.7,  1.919,  0.136,  0.000,5393834.7,  1,  21.2,   1.0, 0.100
2025-10-28 11:23:27,        0,  29.7,   2.2,  24.8,  5.601,  3.231,  0.020,5397112.1,  1,  21.2,   1.0, 0.100
2025-10-28 11:23:28,        0,  29.6,   1.7,  24.7,  1.728,  0.058,  0.000,5397323.7,  1,  21.2,   1.0, 0.100
2025-10-28 11:23:29,        0,  29.9,   2.7,  24.7,  2.590,  0.956,  0.006,5398517.3,  1,  21.2,   1.0, 0.100
2025-10-28 11:23:31,        0,  30.0,   2.9,  24.7,  7.126,  4.694,  0.034,77727001190.2,  1,  21.2,   1.0, 0.100
2025-10-28 11:23:32,        0,  30.5,   4.6,  24.7,  4.427,  2.218,  0.012,5407435.2,  1,  21.1,   1.0, 0.100
2025-10-28 11:23:32,        0,  30.3,   3.9,  24.7,  7.790,  5.302,  0.042,5412647.9,  1,  21.2,   1.0, 0.100
2025-10-28 11:23:33,        0,  29.7,   2.1,  24.7,  4.392,  2.198,  0.012,5415950.8,  1,  21.2,   1.0, 0.100
2025-10-28 11:23:34,        0,  29.2,   0.7,  24.7,  1.718,  0.052,  0.000,5416038.8,  1,  21.2,   1.0, 0.100
2025-10-28 11:23:36,        0,  30.1,   3.3,  24.7,  3.528,  1.447,  0.006,5418042.9,  1,  21.2,   1.0, 0.100
2025-10-28 11:23:36,        0,  29.9,   2.7,  24.7,  6.755,  4.496,  0.030,5422280.8,  1,  21.2,   1.0, 0.100
2025-10-28 11:23:37,        0,  28.7,   0.0,  24.8,  6.632,  4.376,  0.029,5425759.7,  1,  21.2,   1.0, 0.100
2025-10-28 11:23:38,        0,  29.1,   0.2,  24.7,  1.677,  0.068,  0.000,5425916.5,  1,  21.2,   1.0, 0.100
2025-10-28 11:23:40,        0,  29.9,   2.7,  24.7,  1.353, -0.001,  0.000,5425925.7,  1,  21.2,   1.0, 0.100
2025-10-28 11:23:40,        0,  29.7,   2.2,  24.7,  6.370,  4.376,  0.028,5429468.3,  1,  21.2,   1.0, 0.100
2025-10-28 11:23:41,        0,  29.7,   2.1,  24.7,  2.211,  0.424,  0.001,5430363.1,  1,  21.2,   1.0, 0.100
2025-10-28 11:23:42,        0,  29.6,   1.7,  24.7,  1.445,  0.022,  0.000,5430380.3,  1,  21.2,   1.0, 0.100
2025-10-28 11:23:44,        0,  30.1,   3.3,  24.7,  1.272, -0.007,  0.000,5430717.6,  1,  21.1,   1.0, 0.100
2025-10-28 11:23:45,        0,  30.0,   2.9,  24.7,  6.268,  4.356,  0.027,5434954.7,  1,  21.2,   1.0, 0.100
2025-10-28 11:23:45,        0,  29.8,   2.4,  24.7,  5.888,  3.949,  0.024,5438359.8,  1,  21.2,   1.0, 0.100
2025-10-28 11:23:46,        0,  28.8,   0.0,  24.7,  1.651,  0.098,  0.000,5438496.9,  1,  21.2,   1.0, 0.100
2025-10-28 11:23:47,        0,  29.6,   1.9,  24.7,  1.313, -0.003,  0.000,5438499.4,  1,  21.2,   1.0, 0.100
2025-10-28 11:23:49,        0,  30.0,   3.1,  24.7,  1.250, -0.009,  0.000,5439755.4,  1,  21.2,   1.0, 0.100
2025-10-28 11:23:49,        0,  30.1,   3.4,  24.7,  6.215,  4.356,  0.027,5443971.5,  1,  21.2,   1.0, 0.100
2025-10-28 11:23:50,        0,  29.4,   1.1,  24.7,  5.756,  3.879,  0.023,5447502.0,  1,  21.2,   1.0, 0.100
2025-10-28 11:23:51,        0,  29.1,   0.4,  24.7,  1.678,  0.117,  0.000,5447675.1,  1,  21.2,   1.0, 0.100
2025-10-28 11:23:53,        0,  29.6,   1.7,  24.7,  1.319, -0.003,  0.000,5447676.3,  1,  21.2,   1.0, 0.100
2025-10-28 11:23:53,        0,  29.6,   1.9,  24.7,  1.254, -0.009,  0.000,5447667.1,  1,  21.2,   1.0, 0.100
2025-10-28 11:23:54,        0,  29.9,   2.7,  24.7,  1.191, -0.011,  0.000,5447679.7,  1,  21.2,   0.9, 0.100
2025-10-28 11:23:55,        0,  29.9,   2.6,  24.7,  6.060,  4.356,  0.026,5451848.8,  1,  21.2,   0.9, 0.100
2025-10-28 11:23:57,        0,  29.8,   2.4,  24.7,  1.792,  0.202,  0.000,5453773.3,  1,  21.2,   0.9, 0.100
2025-10-28 11:23:57,        0,  29.4,   1.2,  24.7,  1.379,  0.008,  0.000,5453785.0,  1,  21.2,   0.9, 0.100
2025-10-28 11:23:58,        0,  29.8,   2.4,  24.7,  1.279, -0.006,  0.000,5453778.8,  1,  21.2,   0.9, 0.100
2025-10-28 11:23:59,        0,  30.0,   2.9,  24.7,  5.029,  3.502,  0.021,5455655.5,  1,  21.2,   0.9, 0.100
2025-10-28 11:24:01,        0,  29.8,   2.4,  24.7,  3.520,  1.852,  0.010,5459111.3,  1,  21.2,   0.9, 0.100
2025-10-28 11:24:02,        0,  29.4,   1.1,  24.7,  1.909,  0.294,  0.001,5460350.2,  1,  21.2,   0.9, 0.100
2025-10-28 11:24:02,        0,  29.2,   0.5,  24.7,  1.384,  0.010,  0.000,5460363.6,  1,  21.2,   1.0, 0.100
2025-10-28 11:24:03,        0,  29.9,   2.6,  24.7,  1.281, -0.006,  0.000,5461443.6,  1,  21.2,   0.9, 0.100
2025-10-28 11:24:04,        0,  29.5,   1.6,  24.7,  2.390,  0.718,  0.002,5463423.8,  1,  21.2,   0.9, 0.100
2025-10-28 11:24:06,        0,  29.6,   1.7,  24.7,  1.333,  0.001,  0.000,5463449.4,  1,  21.2,   0.9, 0.100
2025-10-28 11:24:06,        0,  29.7,   2.2,  24.7,  1.253, -0.008,  0.000,5463442.7,  1,  21.2,   0.9, 0.100
2025-10-28 11:24:07,        0,  29.7,   2.1,  24.7,  1.205, -0.010,  0.000,5463432.2,  1,  21.2,   0.9, 0.100
2025-10-28 11:24:08,        0,  29.7,   2.2,  24.7,  2.212,  0.978,  0.006,5463923.4,  1,  21.2,   0.9, 0.100
2025-10-28 11:24:10,        0,  29.9,   2.6,  24.7,  4.661,  3.080,  0.018,5467234.6,  1,  21.2,   0.9, 0.100
2025-10-28 11:24:10,        0,  29.9,   2.6,  24.7,  5.069,  3.408,  0.019,5470760.9,  1,  21.2,   0.9, 0.100
2025-10-28 11:24:11,        0,  29.6,   1.7,  24.7,  1.527,  0.059,  0.000,5470895.4,  1,  21.2,   0.9, 0.100
2025-10-28 11:24:12,        0,  29.6,   1.7,  24.7,  1.325,  0.000,  0.000,5470895.4,  1,  21.2,   0.9, 0.100
2025-10-28 11:24:14,        0,  29.7,   2.1,  24.7,  1.223, -0.010,  0.000,5470885.0,  1,  21.2,   1.0, 0.100
2025-10-28 11:24:14,        0,  29.4,   1.1,  24.7,  1.180, -0.011,  0.000,5470874.9,  1,  21.2,   0.9, 0.100
2025-10-28 11:24:15,        0,  29.6,   1.7,  24.7,  1.129, -0.011,  0.000,5470863.2,  1,  21.2,   0.9, 0.100
2025-10-28 11:24:16,        0,  30.0,   2.9,  24.7,  1.099, -0.011,  0.000,5470852.7,  1,  21.2,   0.9, 0.100
2025-10-28 11:24:17,        0,  29.9,   2.7,  24.7,  5.475,  3.886,  0.022,5474104.0,  1,  21.2,   0.9, 0.100
2025-10-28 11:24:19,        0,  29.8,   2.4,  24.7,  2.612,  0.952,  0.003,5476111.5,  1,  21.2,   1.0, 0.100
2025-10-28 11:24:19,        0,  29.1,   0.4,  24.7,  1.410,  0.020,  0.000,5476128.3,  1,  21.2,   1.0, 0.100
2025-10-28 11:24:20,        0,  30.0,   2.9,  24.7,  1.249, -0.008,  0.000,5476122.0,  1,  21.2,   1.0, 0.100
2025-10-28 11:24:21,        0,  29.7,   2.2,  24.7,  3.675,  2.031,  0.009,5478022.6,  1,  21.2,   1.0, 0.100
2025-10-28 11:24:23,        0,  29.5,   1.4,  24.7,  1.343,  0.005,  0.000,5478051.1,  1,  21.2,   1.0, 0.100
2025-10-28 11:24:23,        0,  29.9,   2.6,  24.7,  1.251, -0.007,  0.000,5478044.4,  1,  21.2,   0.9, 0.100
2025-10-28 11:24:24,        0,  29.7,   2.1,  24.7,  1.176, -0.011,  0.000,5478033.9,  1,  21.2,   0.9, 0.100
2025-10-28 11:24:25,        0,  29.9,   2.6,  24.7,  1.138, -0.011,  0.000,5478023.4,  1,  21.2,   1.0, 0.100
2025-10-28 11:24:27,        0,  29.9,   2.6,  24.7,  1.089, -0.012,  0.000,5478010.0,  1,  21.2,   0.9, 0.100
2025-10-28 11:24:27,        0,  29.9,   2.6,  24.7,  4.862,  3.448,  0.020,5480244.6,  1,  21.2,   0.9, 0.100
2025-10-28 11:24:28,        0,  29.7,   2.2,  24.7,  4.795,  3.179,  0.017,5482667.0,  1,  21.2,   1.0, 0.100
2025-10-28 11:24:29,        0,  29.6,   1.7,  24.7,  1.373,  0.011,  0.000,5482705.5,  1,  21.2,   1.0, 0.100
2025-10-28 11:24:31,        0,  29.7,   2.1,  24.7,  1.265, -0.006,  0.000,5482698.4,  1,  21.2,   0.9, 0.100
2025-10-28 11:24:32,        0,  29.8,   2.4,  24.7,  1.185, -0.011,  0.000,5482689.2,  1,  21.2,   0.9, 0.100
2025-10-28 11:24:32,        0,  29.9,   2.6,  24.7,  1.145, -0.011,  0.000,5482679.6,  1,  21.2,   0.9, 0.100
2025-10-28 11:24:33,        0,  29.7,   2.2,  24.7,  1.109, -0.011,  0.000,5482668.2,  1,  21.2,   0.9, 0.100
2025-10-28 11:24:34,        0,  29.7,   2.2,  24.7,  1.065, -0.011,  0.000,5482657.3,  1,  21.2,   0.9, 0.100
2025-10-28 11:24:36,        0,  29.9,   2.6,  24.7,  1.039, -0.011,  0.000,5482643.5,  1,  21.2,   0.9, 0.100
2025-10-28 11:24:36,        0,  29.8,   2.4,  24.7,  3.454,  1.826,  0.008,5484869.3,  1,  21.2,   0.9, 0.100
2025-10-28 11:24:37,        0,  29.6,   1.9,  24.7,  1.427,  0.027,  0.000,5484915.4,  1,  21.2,   0.9, 0.100
2025-10-28 11:24:38,        0,  29.7,   2.2,  24.7,  1.280, -0.003,  0.000,5484911.2,  1,  21.2,   0.9, 0.100
2025-10-28 11:24:40,        0,  29.8,   2.4,  24.7,  4.299,  2.906,  0.017,5487086.3,  1,  21.2,   0.9, 0.100
2025-10-28 11:24:41,        0,  29.7,   2.1,  24.7,  4.307,  2.697,  0.014,5489102.2,  1,  21.2,   0.9, 0.100
2025-10-28 11:24:41,        0,  29.6,   1.9,  24.7,  1.463,  0.041,  0.000,5489217.4,  1,  21.2,   0.9, 0.100
2025-10-28 11:24:42,        0,  29.5,   1.4,  24.7,  1.292, -0.002,  0.000,5489215.8,  1,  21.2,   0.9, 0.100
2025-10-28 11:24:43,        0,  29.9,   2.6,  24.7,  1.222, -0.009,  0.000,5489208.2,  1,  21.2,   0.9, 0.100
2025-10-28 11:24:45,        0,  29.6,   1.9,  24.7,  1.154, -0.011,  0.000,5489195.2,  1,  21.2,   0.9, 0.100
2025-10-28 11:24:45,        0,  29.7,   2.1,  24.7,  1.100, -0.010,  0.000,5489185.2,  1,  21.2,   0.9, 0.100
2025-10-28 11:24:46,        0,  29.7,   2.1,  24.7,  1.068, -0.011,  0.000,5489174.7,  1,  21.2,   0.9, 0.100
2025-10-28 11:24:47,        0,  29.7,   2.2,  24.7,  1.039, -0.011,  0.000,5489163.4,  1,  21.2,   0.9, 0.100
2025-10-28 11:24:49,        0,  29.9,   2.6,  24.7,  4.407,  3.074,  0.018,5490773.5,  1,  21.2,   0.9, 0.100
2025-10-28 11:24:49,        0,  29.5,   1.4,  24.7,  1.575,  0.098,  0.000,5490904.7,  1,  21.2,   1.0, 0.100
2025-10-28 11:24:50,        0,  29.6,   1.9,  24.7,  1.259, -0.004,  0.000,5490903.9,  1,  21.2,   0.9, 0.100
2025-10-28 11:24:51,        0,  29.7,   2.1,  24.7,  1.195, -0.009,  0.000,5490896.3,  1,  21.2,   0.9, 0.100
2025-10-28 11:24:52,        0,  29.7,   2.2,  24.7,  1.145, -0.010,  0.000,5491744.2,  1,  21.2,   0.9, 0.100
2025-10-28 11:24:53,        0,  29.9,   2.6,  24.7,  1.500,  0.064,  0.000,5492079.4,  1,  21.2,   1.0, 0.100
2025-10-28 11:24:55,        0,  29.7,   2.2,  24.7,  1.241, -0.005,  0.000,5492080.7,  1,  21.2,   0.9, 0.100
2025-10-28 11:24:55,        0,  29.6,   1.9,  24.7,  1.180, -0.009,  0.000,5492072.7,  1,  21.2,   1.0, 0.100
2025-10-28 11:24:56,        0,  29.8,   2.4,  24.7,  1.135, -0.010,  0.000,5492062.7,  1,  21.2,   1.0, 0.100
2025-10-28 11:24:57,        0,  29.8,   2.4,  24.7,  1.095, -0.010,  0.000,5492053.0,  1,  21.2,   0.9, 0.100
2025-10-28 11:24:59,        0,  29.8,   2.4,  24.7,  3.304,  2.076,  0.012,5494289.8,  1,  21.2,   1.0, 0.100
2025-10-28 11:24:59,        0,  29.8,   2.4,  24.7,  2.976,  1.360,  0.005,5496299.7,  1,  21.2,   1.0, 0.100
2025-10-28 11:25:00,        0,  29.2,   0.5,  24.7,  1.397,  0.025,  0.000,5496352.5,  1,  21.2,   0.9, 0.100
2025-10-28 11:25:01,        0,  29.7,   2.2,  24.7,  1.257, -0.003,  0.000,5496350.4,  1,  21.2,   1.0, 0.100
2025-10-28 11:25:03,        0,  29.7,   2.2,  24.7,  1.168, -0.009,  0.000,5496339.1,  1,  21.2,   1.0, 0.100
2025-10-28 11:25:04,        0,  29.7,   2.2,  24.7,  1.124, -0.010,  0.000,5496329.9,  1,  21.2,   1.0, 0.100
2025-10-28 11:25:04,        0,  29.7,   2.1,  24.7,  1.069, -0.010,  0.000,5496320.7,  1,  21.2,   1.0, 0.100
2025-10-28 11:25:05,        0,  29.7,   2.1,  24.7,  1.038, -0.011,  0.000,5496310.2,  1,  21.2,   1.0, 0.100
2025-10-28 11:25:07,        0,  29.7,   2.1,  24.7,  0.995, -0.011,  0.000,5496297.6,  1,  21.2,   1.0, 0.100
2025-10-28 11:25:08,        0,  29.7,   2.1,  24.7,  0.973, -0.011,  0.000,5496287.2,  1,  21.2,   1.0, 0.100
2025-10-28 11:25:08,        0,  29.7,   2.2,  24.7,  0.954, -0.011,  0.000,5496275.8,  1,  21.2,   1.0, 0.100
2025-10-28 11:25:09,        0,  29.7,   2.1,  24.7,  0.926, -0.011,  0.000,5496265.4,  1,  21.2,   1.0, 0.100
2025-10-28 11:25:10,        0,  29.8,   2.4,  24.7,  0.908, -0.011,  0.000,5496254.9,  1,  21.2,   1.0, 0.100
2025-10-28 11:25:12,        0,  29.9,   2.6,  24.7,  0.885, -0.011,  0.000,5496241.5,  1,  21.2,   1.0, 0.100
2025-10-28 11:25:12,        0,  29.9,   2.6,  24.7,  0.870, -0.011,  0.000,5496231.0,  1,  21.2,   0.9, 0.100
2025-10-28 11:25:13,        0,  29.9,   2.6,  24.7,  0.855, -0.011,  0.000,5496220.9,  1,  21.2,   1.0, 0.100
2025-10-28 11:25:14,        0,  29.7,   2.2,  24.7,  0.835, -0.011,  0.000,5496210.5,  1,  21.2,   0.9, 0.100
2025-10-28 11:25:16,        0,  29.9,   2.6,  24.7,  4.368,  2.858,  0.014,5497557.0,  1,  21.2,   0.9, 0.100
2025-10-28 11:25:16,        0,  29.7,   2.2,  24.7,  1.407,  0.040,  0.000,5497673.1,  1,  21.2,   0.9, 0.100
2025-10-28 11:25:17,        0,  29.8,   2.4,  24.7,  1.232, -0.001,  0.000,5497672.3,  1,  21.2,   0.9, 0.100
2025-10-28 11:25:18,        0,  29.9,   2.6,  24.7,  1.160, -0.007,  0.000,5497665.6,  1,  21.2,   0.8, 0.100
2025-10-28 11:25:19,        0,  29.8,   2.4,  24.7,  1.086, -0.009,  0.000,5497655.9,  1,  21.2,   0.8, 0.100
2025-10-28 11:25:21,        0,  29.7,   2.2,  24.7,  3.591,  2.372,  0.014,5498797.1,  1,  21.2,   0.8, 0.100
2025-10-28 11:25:21,        0,  29.9,   2.6,  24.7,  1.538,  0.108,  0.000,5499199.5,  1,  21.2,   0.8, 0.100
2025-10-28 11:25:22,        0,  29.8,   2.4,  24.7,  1.255,  0.003,  0.000,5499203.2,  1,  21.2,   0.8, 0.100
2025-10-28 11:25:23,        0,  29.7,   2.1,  24.7,  1.139, -0.009,  0.000,5499196.5,  1,  21.2,   0.8, 0.100
2025-10-28 11:25:25,        0,  29.9,   2.6,  24.7,  1.091, -0.009,  0.000,5499186.0,  1,  21.2,   0.8, 0.100
2025-10-28 11:25:25,        0,  29.9,   2.6,  24.7,  3.863,  2.626,  0.015,5500616.8,  1,  21.2,   0.8, 0.100
2025-10-28 11:25:26,        0,  29.7,   2.1,  24.7,  5.097,  3.620,  0.020,5503708.1,  1,  21.3,   0.8, 0.100
2025-10-28 11:25:27,        0,  29.6,   1.9,  24.7,  1.451,  0.060,  0.000,5503779.7,  1,  21.2,   0.8, 0.100
2025-10-28 11:25:29,        0,  29.4,   1.2,  24.7,  1.197, -0.004,  0.000,5503777.6,  1,  21.2,   0.8, 0.100
2025-10-28 11:25:30,        0,  29.5,   1.6,  24.7,  1.136, -0.008,  0.000,5503769.7,  1,  21.2,   0.8, 0.100
2025-10-28 11:25:30,        0,  29.6,   1.7,  24.7,  1.067, -0.009,  0.000,5503761.3,  1,  21.2,   0.8, 0.100
2025-10-28 11:25:31,        0,  29.6,   1.9,  24.7,  1.029, -0.009,  0.000,5503752.1,  1,  21.2,   0.8, 0.100
2025-10-28 11:25:32,        0,  29.5,   1.6,  24.7,  0.995, -0.009,  0.000,5503743.3,  1,  21.2,   0.8, 0.100
2025-10-28 11:25:34,        0,  29.5,   1.6,  24.7,  0.951, -0.010,  0.000,5503731.5,  1,  21.2,   0.9, 0.100
2025-10-28 11:25:34,        0,  29.6,   1.9,  24.7,  0.926, -0.010,  0.000,5503722.7,  1,  21.2,   0.8, 0.100
2025-10-28 11:25:35,        0,  29.7,   2.1,  24.7,  0.892, -0.010,  0.000,5503712.7,  1,  21.2,   0.9, 0.100
2025-10-28 11:25:36,        0,  29.6,   1.7,  24.7,  0.872, -0.010,  0.000,5503703.0,  1,  21.2,   0.9, 0.100
2025-10-28 11:25:38,        0,  29.7,   2.1,  24.7,  0.844, -0.009,  0.000,5503691.7,  1,  21.2,   0.8, 0.100
2025-10-28 11:25:38,        0,  29.7,   2.1,  24.7,  0.825, -0.010,  0.000,5503682.5,  1,  21.2,   0.9, 0.100
2025-10-28 11:25:39,        0,  29.6,   1.9,  24.7,  0.809, -0.010,  0.000,5503673.7,  1,  21.2,   0.9, 0.100
2025-10-28 11:25:40,        0,  29.6,   1.9,  24.7,  0.785, -0.009,  0.000,5503664.1,  1,  21.2,   0.8, 0.100
2025-10-28 11:25:42,        0,  29.6,   1.9,  24.7,  0.762, -0.009,  0.000,5503653.6,  1,  21.2,   0.9, 0.100
2025-10-28 11:25:42,        0,  29.6,   1.9,  24.7,  0.748, -0.009,  0.000,5503644.8,  1,  21.2,   0.8, 0.100
2025-10-28 11:25:43,        0,  29.6,   1.9,  24.7,  0.735, -0.009,  0.000,5503636.4,  1,  21.2,   0.8, 0.100
2025-10-28 11:25:44,        0,  29.7,   2.2,  24.7,  0.713, -0.009,  0.000,5503628.4,  1,  21.2,   0.8, 0.100
2025-10-28 11:25:46,        0,  29.7,   2.1,  24.7,  0.699, -0.009,  0.000,5503618.4,  1,  21.2,   0.8, 0.100
2025-10-28 11:25:46,        0,  29.7,   2.2,  24.7,  0.678, -0.008,  0.000,5503610.4,  1,  21.2,   0.8, 0.100
2025-10-28 11:25:47,        0,  29.7,   2.1,  24.7,  0.664, -0.008,  0.000,5503602.9,  1,  21.2,   0.8, 0.100
2025-10-28 11:25:48,        0,  29.8,   2.4,  24.7,  0.648, -0.007,  0.000,5503596.2,  1,  21.2,   0.8, 0.100
2165-165-165 45:165:85,        0,  29.8,   2.4,  24.7,  0.628, -0.007,  0.000,5503587.8,  1,  21.2,   0.8, 0.100
2025-10-28 11:25:50,        0,  29.7,   2.2,  24.7,  0.617, -0.007,  0.000,5503580.3,  1,  21.2,   0.8, 0.100
2025-10-28 11:25:51,        0,  29.7,   2.1,  24.7,  0.603, -0.008,  0.000,5503572.3,  1,  21.2,   0.8, 0.100
2025-10-28 11:25:52,        0,  29.7,   2.1,  24.7,  0.596, -0.008,  0.000,5503565.2,  1,  21.2,   0.9, 0.100
2025-10-28 11:25:53,        0,  29.8,   2.4,  24.7,  0.589, -0.008,  0.000,5503557.6,  1,  21.2,   0.9, 0.100
2025-10-28 11:25:55,        0,  29.7,   2.2,  24.7,  0.578, -0.008,  0.000,5503548.8,  1,  21.2,   0.9, 0.100
2025-10-28 11:25:55,        0,  29.7,   2.2,  24.7,  0.571, -0.008,  0.000,5503542.1,  1,  21.3,   0.9, 0.100
2025-10-28 11:25:56,        0,  29.8,   2.4,  24.7,  0.559, -0.007,  0.000,5503535.0,  1,  21.2,   1.0, 0.100
2025-10-28 11:25:57,        0,  29.7,   2.2,  24.7,  0.552, -0.007,  0.000,5503528.3,  1,  21.2,   0.9, 0.100
2025-10-28 11:25:59,        0,  29.8,   2.4,  24.7,  0.542, -0.007,  0.000,5503519.9,  1,  21.3,   0.9, 0.100
2025-10-28 11:25:59,        0,  29.9,   2.6,  24.7,  0.535, -0.007,  0.000,5503513.2,  1,  21.2,   0.9, 0.100
2025-10-28 11:26:00,        0,  29.9,   2.6,  24.7,  0.526, -0.007,  0.000,5503506.5,  1,  21.2,   0.9, 0.100
2025-10-28 11:26:01,        0,  29.9,   2.6,  24.7,  1.844,  1.200,  0.007,5504581.9,  1,  21.2,   1.0, 0.100
2025-10-28 11:26:03,        0,  29.2,   0.7,  24.7,  1.403, -0.000,  0.000,5506432.6,  1,  21.2,   1.0, 0.100
2025-10-28 11:26:04,        0,  29.8,   2.4,  24.7,  1.115,  0.006,  0.000,5506443.1,  1,  21.2,   1.0, 0.100
2025-10-28 11:26:04,        0,  29.7,   2.0,  24.7,  1.029, -0.005,  0.000,5506438.1,  1,  21.2,   1.0, 0.100
2025-10-28 11:26:05,        0,  29.6,   1.9,  24.7,  0.955, -0.007,  0.000,5506431.8,  1,  21.2,   1.0, 0.100
2025-10-28 11:26:06,        0,  29.6,   1.9,  24.7,  0.916, -0.007,  0.000,5506424.2,  1,  21.2,   1.0, 0.100
2025-10-28 11:26:08,        0,  29.6,   1.9,  24.7,  0.866, -0.008,  0.000,5506415.4,  1,  21.2,   1.0, 0.100
2025-10-28 11:26:08,        0,  29.6,   1.9,  24.7,  0.837, -0.008,  0.000,5506407.5,  1,  21.2,   1.0, 0.100
2025-10-28 11:26:09,        0,  29.7,   2.1,  24.7,  0.812, -0.008,  0.000,5506399.1,  1,  21.2,   1.0, 0.100
2025-10-28 11:26:10,        0,  29.6,   1.9,  24.7,  0.779, -0.008,  0.000,5506391.5,  1,  21.2,   1.0, 0.100
2025-10-28 11:26:12,        0,  29.7,   2.1,  24.7,  0.760, -0.009,  0.000,5506381.1,  1,  21.2,   1.0, 0.100
2025-10-28 11:26:13,        0,  29.6,   1.9,  24.7,  0.734, -0.009,  0.000,5506373.1,  1,  21.2,   1.0, 0.100
2025-10-28 11:26:13,        0,  29.7,   2.1,  24.7,  0.719, -0.008,  0.000,5506364.7,  1,  21.2,   1.0, 0.100
2025-10-28 11:26:14,        0,  29.7,   2.2,  24.7,  0.704, -0.008,  0.000,5506357.2,  1,  21.2,   1.0, 0.100
2025-10-28 11:26:15,        0,  29.7,   2.2,  24.7,  0.683, -0.008,  0.000,5506349.6,  1,  21.2,   1.0, 0.100
2025-10-28 11:26:17,        0,  29.7,   2.2,  24.7,  0.664, -0.008,  0.000,5506340.0,  1,  21.2,   1.0, 0.100
2025-10-28 11:26:17,        0,  29.8,   2.3,  24.7,  0.653, -0.008,  0.000,5506332.5,  1,  21.2,   1.0, 0.100
2025-10-28 11:26:18,        0,  29.6,   1.9,  24.7,  0.642, -0.008,  0.000,5506324.9,  1,  21.2,   1.0, 0.100
2025-10-28 11:26:19,        0,  29.7,   2.1,  24.7,  0.631, -0.008,  0.000,5506316.9,  1,  21.2,   1.0, 0.100
2025-10-28 11:26:21,        0,  29.6,   1.7,  24.7,  0.616, -0.008,  0.000,5506308.6,  1,  21.2,   1.0, 0.100
2025-10-28 11:26:21,        0,  29.7,   2.1,  24.7,  0.603, -0.008,  0.000,5506301.0,  1,  21.2,   1.0, 0.100
2025-10-28 11:26:22,        0,  29.7,   2.1,  24.7,  0.594, -0.007,  0.000,5506294.3,  1,  21.2,   1.0, 0.100
2025-10-28 11:26:23,        0,  29.8,   2.4,  24.7,  0.585, -0.007,  0.000,5506287.2,  1,  21.2,   1.0, 0.100
2025-10-28 11:26:25,        0,  29.8,   2.3,  24.7,  0.573, -0.007,  0.000,5506278.0,  1,  21.2,   1.0, 0.100
2025-10-28 11:26:26,        0,  29.7,   2.2,  24.7,  0.565, -0.007,  0.000,5506271.3,  1,  21.2,   1.0, 0.100
2025-10-28 11:26:26,        0,  29.8,   2.4,  24.7,  0.555, -0.007,  0.000,5506264.1,  1,  21.2,   1.0, 0.100
2025-10-28 11:26:27,        0,  29.7,   2.1,  24.7,  0.547, -0.008,  0.000,5506257.4,  1,  21.2,   1.0, 0.100
2025-10-28 11:26:28,        0,  29.7,   2.1,  24.7,  0.542, -0.007,  0.000,5506250.3,  1,  21.2,   1.0, 0.100
2025-10-28 11:26:30,        0,  29.8,   2.3,  24.7,  0.532, -0.007,  0.000,5506242.8,  1,  21.2,   1.0, 0.100
2025-10-28 11:26:30,        0,  29.8,   2.4,  24.7,  0.525, -0.007,  0.000,5506235.6,  1,  21.2,   1.0, 0.100
2025-10-28 11:26:31,        0,  29.7,   2.2,  24.7,  0.517, -0.007,  0.000,5506228.9,  1,  21.2,   1.0, 0.100
2025-10-28 11:26:32,        0,  29.8,   2.4,  24.7,  0.511, -0.007,  0.000,5506222.6,  1,  21.2,   1.0, 0.100
2025-10-28 11:26:34,        0,  29.7,   2.2,  24.7,  0.504, -0.007,  0.000,5506214.7,  1,  21.2,   1.0, 0.100
2025-10-28 11:26:34,        0,  29.7,   2.2,  24.7,  0.500, -0.007,  0.000,5506207.6,  1,  21.2,   1.0, 0.100
2025-10-28 11:26:35,        0,  29.7,   2.2,  24.7,  0.493, -0.007,  0.000,5506201.3,  1,  21.2,   1.0, 0.100
2025-10-28 11:26:36,        0,  29.8,   2.4,  24.7,  0.486, -0.006,  0.000,5506195.0,  1,  21.2,   0.9, 0.100
2025-10-28 11:26:37,        0,  29.8,   2.4,  24.7,  0.480, -0.007,  0.000,5506188.7,  1,  21.2,   1.0, 0.100
2025-10-28 11:26:39,        0,  29.7,   2.2,  24.7,  0.472, -0.006,  0.000,5506181.6,  1,  21.2,   0.9, 0.100
2025-10-28 11:26:39,        0,  29.8,   2.4,  24.7,  0.466, -0.006,  0.000,5506175.7,  1,  21.2,   0.9, 0.100
2025-10-28 11:26:40,        0,  29.7,   2.2,  24.7,  0.460, -0.006,  0.000,5506169.8,  1,  21.2,   0.9, 0.100
2025-10-28 11:26:41,        0,  29.8,   2.4,  24.7,  0.455, -0.007,  0.000,5506163.6,  1,  21.2,   0.9, 0.100
2025-10-28 11:26:43,        0,  29.8,   2.4,  24.7,  0.452, -0.006,  0.000,5506156.9,  1,  21.2,   0.9, 0.100
2025-10-28 11:26:43,        0,  29.7,   2.2,  24.7,  0.449, -0.006,  0.000,5506150.1,  1,  21.2,   1.0, 0.100
2025-10-28 11:26:44,        0,  29.7,   2.2,  24.7,  0.445, -0.006,  0.000,5506144.7,  1,  21.2,   0.9, 0.100
2025-10-28 11:26:45,        0,  29.8,   2.4,  24.7,  0.438, -0.006,  0.000,5506138.8,  1,  21.2,   0.9, 0.100
2025-10-28 11:26:46,        0,  29.8,   2.4,  24.7,  0.436, -0.006,  0.000,5506132.5,  1,  21.3,   1.0, 0.100
2025-10-28 11:26:48,        0,  29.7,   2.2,  24.7,  0.432, -0.006,  0.000,5506125.8,  1,  21.2,   0.9, 0.100
2025-10-28 11:26:48,        0,  29.7,   2.2,  24.7,  0.430, -0.006,  0.000,5506120.4,  1,  21.2,   1.0, 0.100
2025-10-28 11:26:49,        0,  29.8,   2.4,  24.7,  0.427, -0.006,  0.000,5506114.5,  1,  21.2,   1.0, 0.100
2025-10-28 11:26:50,        0,  29.7,   2.2,  24.7,  0.421, -0.006,  0.000,5506108.7,  1,  21.2,   1.0, 0.100
2025-10-28 11:26:52,        0,  29.8,   2.4,  24.7,  0.419, -0.007,  0.000,5506101.5,  1,  21.2,   1.0, 0.100
2025-10-28 11:26:52,        0,  29.8,   2.4,  24.7,  0.413, -0.005,  0.000,5506096.9,  1,  21.2,   1.0, 0.100
2025-10-28 11:26:53,        0,  29.8,   2.4,  24.7,  0.411, -0.006,  0.000,5506091.1,  1,  21.2,   1.0, 0.100
2025-10-28 11:26:54,        0,  29.7,   2.2,  24.7,  0.409, -0.006,  0.000,5506086.0,  1,  21.2,   1.0, 0.100
2025-10-28 11:26:56,        0,  29.8,   2.4,  24.7,  0.406, -0.006,  0.000,5506078.9,  1,  21.2,   1.0, 0.100
2025-10-28 11:26:57,        0,  29.7,   2.2,  24.7,  0.401, -0.006,  0.000,5506073.0,  1,  21.2,   1.0, 0.100
2025-10-28 11:26:57,        0,  29.8,   2.4,  24.7,  0.399, -0.006,  0.000,5506067.2,  1,  21.2,   1.0, 0.100
2025-10-28 11:26:58,        0,  29.7,   2.2,  24.7,  0.396, -0.005,  0.000,5506063.0,  1,  21.2,   1.0, 0.100
2025-10-28 11:26:59,        0,  29.8,   2.4,  24.7,  0.391, -0.005,  0.000,5506057.9,  1,  21.2,   1.0, 0.100
2025-10-28 11:27:01,        0,  29.8,   2.4,  24.7,  0.387, -0.005,  0.000,5506052.1,  1,  21.2,   1.0, 0.100
2025-10-28 11:27:01,        0,  29.8,   2.4,  24.7,  0.383, -0.005,  0.000,5506046.6,  1,  21.2,   1.0, 0.100
2025-10-28 11:27:02,        0,  29.7,   2.2,  24.7,  0.380, -0.005,  0.000,5506042.4,  1,  21.2,   1.0, 0.100
2025-10-28 11:27:03,        0,  29.8,   2.4,  24.7,  0.379, -0.006,  0.000,5506036.6,  1,  21.2,   1.0, 0.100
2025-10-28 11:27:05,        0,  29.8,   2.4,  24.7,  0.375, -0.005,  0.000,5506031.1,  1,  21.2,   1.0, 0.100
2025-10-28 11:27:06,        0,  29.8,   2.4,  24.7,  0.373, -0.005,  0.000,5506025.7,  1,  21.3,   1.0, 0.100
2025-10-28 11:27:06,        0,  29.9,   2.6,  24.7,  0.371, -0.005,  0.000,5506020.6,  1,  21.2,   1.0, 0.100
2025-10-28 11:27:07,        0,  29.9,   2.6,  24.7,  0.369, -0.005,  0.000,5506015.6,  1,  21.2,   1.0, 0.100
2025-10-28 11:27:08,        0,  29.8,   2.4,  24.7,  0.365, -0.005,  0.000,5506011.4,  1,  21.2,   1.0, 0.100
2025-10-28 11:27:10,        0,  29.8,   2.4,  24.7,  0.361, -0.005,  0.000,5506005.6,  1,  21.2,   1.0, 0.100
2025-10-28 11:27:10,        0,  29.8,   2.4,  24.7,  0.358, -0.005,  0.000,5506000.9,  1,  21.2,   1.0, 0.100
2025-10-28 11:27:11,        0,  29.8,   2.4,  24.7,  0.353, -0.005,  0.000,5505996.8,  1,  21.2,   1.0, 0.100
2025-10-28 11:27:12,        0,  29.8,   2.4,  24.7,  0.350, -0.004,  0.000,5505991.7,  1,  21.2,   1.0, 0.100
2025-10-28 11:27:14,        0,  29.9,   2.6,  24.7,  0.346, -0.004,  0.000,5505986.7,  1,  21.2,   1.0, 0.100
2025-10-28 11:27:14,        0,  29.9,   2.6,  24.7,  0.344, -0.005,  0.000,5505981.2,  1,  21.2,   1.0, 0.100
2025-10-28 11:27:15,        0,  29.9,   2.6,  24.7,  0.344, -0.005,  0.000,5505977.1,  1,  21.2,   1.0, 0.100
2025-10-28 11:27:16,        0,  29.9,   2.6,  24.7,  0.342, -0.005,  0.000,5505972.4,  1,  21.3,   1.0, 0.100
2025-10-28 11:27:18,        0,  29.8,   2.4,  24.7,  0.339, -0.004,  0.000,5505966.6,  1,  21.2,   1.0, 0.100
2025-10-28 11:27:18,        0,  29.8,   2.4,  24.7,  0.336, -0.005,  0.000,5505962.8,  1,  21.2,   1.0, 0.100
2025-10-28 11:27:19,        0,  29.9,   2.6,  24.7,  0.333, -0.005,  0.000,5505958.2,  1,  21.2,   1.0, 0.100
2025-10-28 11:27:20,        0,  29.8,   2.4,  24.7,  0.330, -0.005,  0.000,5505954.4,  1,  21.3,   1.0, 0.100
2025-10-28 11:27:22,        0,  29.7,   2.2,  24.7,  0.328, -0.006,  0.000,5505948.6,  1,  21.3,   1.0, 0.100
2025-10-28 11:27:23,        0,  29.9,   2.6,  24.7,  3.282,  2.253,  0.010,5506921.3,  1,  21.2,   1.0, 0.100
2025-10-28 11:27:23,        0,  29.8,   2.4,  24.7,  1.240,  0.043,  0.000,5507013.9,  1,  21.2,   1.0, 0.100
2025-10-28 11:27:24,        0,  29.9,   2.6,  24.7,  1.055,  0.002,  0.000,5507016.0,  1,  21.3,   1.0, 0.100
2025-10-28 11:27:26,        0,  29.8,   2.4,  24.7,  0.951, -0.006,  0.000,5507009.7,  1,  21.2,   1.0, 0.100
2025-10-28 11:27:27,        0,  29.9,   2.6,  24.7,  0.905, -0.007,  0.000,5507003.0,  1,  21.2,   1.0, 0.100
2025-10-28 11:27:27,        0,  29.8,   2.4,  24.7,  0.851, -0.007,  0.000,5506996.3,  1,  21.2,   1.0, 0.100
2025-10-28 11:27:28,        0,  29.8,   2.4,  24.7,  0.820, -0.007,  0.000,5506988.3,  1,  21.2,   0.9, 0.100
2025-10-28 11:27:29,        0,  29.9,   2.6,  24.7,  0.793, -0.008,  0.000,5506981.2,  1,  21.2,   1.0, 0.100
2025-10-28 11:27:31,        0,  29.8,   2.4,  24.7,  0.758, -0.008,  0.000,5506971.2,  1,  21.2,   1.0, 0.100
2025-10-28 11:27:31,        0,  29.8,   2.4,  24.7,  0.739, -0.008,  0.000,5506963.6,  1,  21.2,   1.0, 0.100
2025-10-28 11:27:32,        0,  29.9,   2.6,  24.7,  0.712, -0.008,  0.000,5506956.5,  1,  21.2,   1.0, 0.100
2025-10-28 11:27:33,        0,  29.8,   2.4,  24.7,  0.696, -0.008,  0.000,5506948.5,  1,  21.2,   1.0, 0.100
2025-10-28 11:27:35,        0,  29.9,   2.6,  24.7,  0.672, -0.008,  0.000,5506939.3,  1,  21.2,   0.9, 0.100
2025-10-28 11:27:35,        0,  29.9,   2.6,  24.7,  0.658, -0.007,  0.000,5506932.6,  1,  21.2,   1.0, 0.100
2025-10-28 11:27:36,        0,  29.8,   2.4,  24.7,  0.645, -0.008,  0.000,5506924.6,  1,  21.2,   1.0, 0.100
2025-10-28 11:27:37,        0,  29.8,   2.4,  24.7,  0.626, -0.008,  0.000,5506917.9,  1,  21.2,   1.0, 0.100
2025-10-28 11:27:39,        0,  29.8,   2.4,  24.7,  0.607, -0.007,  0.000,5506908.3,  1,  21.2,   0.9, 0.100
2025-10-28 11:27:39,        0,  29.7,   2.2,  24.7,  0.596, -0.007,  0.000,5506901.6,  1,  21.2,   0.9, 0.100
2025-10-28 11:27:40,        0,  29.9,   2.6,  24.7,  0.585, -0.007,  0.000,5506894.9,  1,  21.2,   0.9, 0.100
2025-10-28 11:27:41,        0,  29.9,   2.6,  24.7,  0.575, -0.007,  0.000,5506887.8,  1,  21.2,   0.9, 0.100
2025-10-28 11:27:43,        0,  29.9,   2.6,  24.7,  0.561, -0.007,  0.000,5506879.8,  1,  21.2,   0.9, 0.100
2025-10-28 11:27:43,        0,  29.9,   2.6,  24.7,  0.547, -0.007,  0.000,5506873.5,  1,  21.2,   0.9, 0.100
2025-10-28 11:27:44,        0,  29.9,   2.6,  24.7,  0.538, -0.006,  0.000,5506867.2,  1,  21.2,   0.9, 0.100
2025-10-28 11:27:45,        0,  29.9,   2.6,  24.7,  0.530, -0.007,  0.000,5506860.9,  1,  21.2,   0.9, 0.100
2025-10-28 11:27:46,        0,  29.9,   2.6,  24.7,  0.517, -0.007,  0.000,5506854.2,  1,  21.2,   0.9, 0.100
2025-10-28 11:27:48,        0,  29.9,   2.6,  24.7,  0.511, -0.007,  0.000,5506847.1,  1,  21.2,   0.9, 0.100
2025-10-28 11:27:48,        0,  29.9,   2.6,  24.7,  0.498, -0.007,  0.000,5506840.8,  1,  21.2,   0.9, 0.100
2025-10-28 11:27:49,        0,  29.9,   2.7,  24.7,  0.492, -0.007,  0.000,5506834.1,  1,  21.2,   0.9, 0.100
2025-10-28 11:27:50,        0,  29.9,   2.6,  24.7,  4.789,  3.535,  0.018,5509076.7,  1,  21.2,   0.9, 0.100
2025-10-28 11:27:52,        0,  29.6,   1.7,  24.7,  1.137,  0.016,  0.000,5509116.9,  1,  21.2,   0.9, 0.100
2025-10-28 11:27:52,        0,  29.7,   2.2,  24.7,  1.021, -0.001,  0.000,5509115.2,  1,  21.2,   0.9, 0.100
2025-10-28 11:27:53,        0,  29.7,   2.1,  24.7,  0.936, -0.007,  0.000,5509109.4,  1,  21.2,   0.9, 0.100
2025-10-28 11:27:54,        0,  29.7,   2.2,  24.7,  0.894, -0.007,  0.000,5509102.3,  1,  21.2,   0.9, 0.100
2025-10-28 11:27:55,        0,  29.7,   2.2,  24.7,  0.859, -0.008,  0.000,5509095.1,  1,  21.2,   0.9, 0.100
2025-10-28 11:27:57,        0,  29.7,   2.1,  24.7,  0.814, -0.008,  0.000,5509085.5,  1,  21.2,   0.9, 0.100
2025-10-28 11:27:57,        0,  29.7,   2.1,  24.7,  0.775, -0.008,  0.000,5509078.4,  1,  21.2,   0.9, 0.100
