Time, Cnts,  %T, set_Cell[mA], Cell[°C], Cell[Volt], Cell[mA], Cell[W], Cell[uAs], Cell_ON, Env[°C], TEC[°C], N2Flow[slpm]
2025-11-11 15:20:25,        0,  29.9,   2.6,  25.3,  0.225, -0.003,  0.000,     -2.6,  1,  22.8,   1.0, 0.100
2025-11-11 15:20:26,        0,  29.8,   2.5,  25.3,  0.225, -0.003,  0.000,     -5.4,  1,  22.7,   0.9, 0.100
2025-11-11 15:20:27,        0,  29.9,   2.6,  25.3,  0.223, -0.003,  0.000,     -8.6,  1,  22.8,   1.0, 0.100
2025-11-11 15:20:27,        0,  29.9,   2.6,  25.3,  0.222, -0.003,  0.000,    -11.4,  1,  22.8,   0.9, 0.100
2025-11-11 15:20:28,        0,  29.9,   2.6,  25.3,  0.221, -0.003,  0.000,    -14.3,  1,  22.8,   0.9, 0.100
2025-11-11 15:20:30,        0,  29.9,   2.6,  25.3,  2.863,  2.002,  0.012,   1484.3,  1,  22.8,   1.0, 0.099
2025-11-11 15:20:31,        0,  29.9,   2.6,  25.3,  6.222,  4.358,  0.027,   5628.8,  1,  22.8,   1.0, 0.099
2025-11-11 15:20:31,        0,  29.8,   2.5,  25.3,  4.700,  2.962,  0.016,   7567.4,  1,  22.8,   0.9, 0.099
2025-11-11 15:20:32,        0,  29.3,   1.0,  25.3,  1.144,  0.020,  0.000,   7602.0,  1,  22.8,   0.9, 0.099
2025-11-11 15:20:33,        0,  29.6,   1.8,  25.3,  1.014,  0.001,  0.000,   7604.0,  1,  22.8,   1.0, 0.099
2025-11-11 15:20:35,        0,  29.5,   1.6,  25.3,  0.919, -0.005,  0.000,   7598.6,  1,  22.8,   1.0, 0.099
2025-11-11 15:20:36,        0,  29.6,   1.8,  25.3,  0.874, -0.006,  0.000,   7592.9,  1,  22.8,   1.0, 0.098
2025-11-11 15:20:36,        0,  29.5,   1.6,  25.3,  0.819, -0.007,  0.000,   7586.6,  1,  22.8,   1.0, 0.098
2025-11-11 15:20:37,        0,  29.5,   1.6,  25.3,  0.786, -0.007,  0.000,   7580.3,  1,  22.7,   1.0, 0.099
2025-11-11 15:20:39,        0,  29.5,   1.6,  25.3,  0.742, -0.007,  0.000,   7572.6,  1,  22.8,   1.0, 0.098
2025-11-11 15:20:40,        0,  29.5,   1.6,  25.3,  0.717, -0.007,  0.000,   7565.7,  1,  22.7,   1.0, 0.098
2025-11-11 15:20:40,        0,  29.5,   1.6,  25.3,  0.694, -0.007,  0.000,   7559.4,  1,  22.7,   1.0, 0.098
2025-11-11 15:20:41,        0,  29.5,   1.6,  25.3,  0.663, -0.007,  0.000,   7552.8,  1,  22.7,   1.0, 0.098
2025-11-11 15:20:43,        0,  29.6,   1.8,  25.3,  0.645, -0.007,  0.000,   7545.1,  1,  22.8,   1.0, 0.098
2025-11-11 15:20:44,        0,  29.7,   2.1,  25.3,  0.622, -0.007,  0.000,   7538.2,  1,  22.8,   1.0, 0.098
2025-11-11 15:20:44,        0,  29.9,   2.8,  25.3,  3.007,  1.889,  0.012,   9165.3,  1,  22.8,   1.0, 0.098
2025-11-11 15:20:45,        0,  30.3,   3.8,  25.3,  6.906,  4.989,  0.035,  13823.3,  1,  22.8,   1.0, 0.098
2025-11-11 15:20:47,        0,  30.8,   5.3,  25.3,  7.294,  5.351,  0.039,  20123.9,  1,  22.7,   1.0, 0.099
2025-11-11 15:20:48,        0,  30.4,   4.1,  25.3,  8.217,  6.209,  0.051,  26416.4,  1,  22.7,   1.0, 0.103
2025-11-11 15:20:48,        0,  30.4,   4.3,  25.3, 11.713,  9.482,  0.112,  33651.4,  1,  22.7,   1.0, 0.105
2025-11-11 15:20:49,        0,  32.3,   9.9,  25.3, 10.521,  8.365,  0.089,  41465.1,  1,  22.7,   1.0, 0.120
2025-11-11 15:20:51,        0,  32.2,   9.7,  25.3, 14.051, 11.692,  0.165,  55605.4,  1,  22.7,   1.0, 0.102
2025-11-11 15:20:52,        0,  33.7,  14.0,  25.3, 19.137, 16.499,  0.317,  69630.1,  1,  22.7,   1.0, 0.100
2025-11-11 15:20:52,        0,  35.0,  18.0,  25.3, 21.481, 18.737,  0.405,  85707.1,  1,  22.7,   0.9, 0.099
2025-11-11 15:20:53,        0,  35.2,  18.5,  25.3, 23.364, 20.580,  0.481, 104893.4,  1,  22.7,   1.0, 0.099
2025-11-11 15:20:55,        0,  36.0,  21.1,  25.3, 27.683, 24.738,  0.686, 134238.6,  1,  22.7,   1.0, 0.099
2025-11-11 15:20:56,        0,  39.9,  32.8,  25.3, 35.698, 32.608,  1.166, 162993.1,  1,  22.7,   1.0, 0.099
2025-11-11 15:20:56,        0,  38.9,  29.7,  25.3, 34.538, 31.708,  1.103, 193468.4,  1,  22.7,   1.0, 0.099
2025-11-11 15:20:57,        0,  38.5,  28.5,  25.3, 31.986, 29.331,  0.943, 222360.7,  1,  22.7,   1.0, 0.099
2025-11-11 15:20:59,        0,  41.3,  36.9,  25.3, 32.121, 29.569,  0.964, 259088.8,  1,  22.7,   1.0, 0.099
2025-11-11 15:21:00,        0,  38.1,  27.4,  25.3, 41.898, 39.357,  1.651, 296461.5,  1,  22.7,   1.0, 0.099
2025-11-11 15:21:00,        0,  41.0,  36.1,  25.3, 44.304, 42.031,  1.864, 332700.1,  1,  22.7,   1.0, 0.099
2025-11-11 15:21:02,        0,  43.3,  43.0,  25.3, 41.186, 39.138,  1.644, 375296.4,  1,  22.7,   1.0, 0.099
2025-11-11 15:21:03,        0,  42.1,  39.4,  25.3, 48.064, 46.345,  2.228, 419483.5,  1,  22.7,   1.0, 0.099
2025-11-11 15:21:03,        0,  44.7,  47.2,  25.3, 51.188, 49.769,  2.561, 465295.6,  1,  22.7,   1.0, 0.099
2025-11-11 15:21:04,        0,  44.2,  45.7,  25.3, 48.022, 46.980,  2.273, 509415.1,  1,  22.8,   1.0, 0.101
2025-11-11 15:21:06,        0,  42.7,  41.1,  25.3, 44.266, 43.389,  1.926, 562872.5,  1,  22.7,   1.0, 0.103
2025-11-11 15:21:07,        0,  41.9,  38.8,  25.3, 45.613, 44.916,  2.049, 605952.4,  1,  22.7,   1.0, 0.102
2025-11-11 15:21:07,        0,  43.1,  42.2,  25.3, 30.694, 29.594,  0.911, 638415.6,  1,  22.7,   1.0, 0.101
2025-11-11 15:21:08,        0,  40.9,  35.6,  25.3, 51.052, 50.657,  2.587, 686111.1,  1,  22.7,   1.0, 0.100
2025-11-11 15:21:10,        0,  41.0,  35.9,  25.3, 43.491, 43.072,  1.921, 735415.1,  1,  22.7,   1.0, 0.100
2025-11-11 15:21:11,        0,  41.8,  38.4,  25.3, 41.638, 41.056,  1.710, 772608.4,  1,  22.7,   1.0, 0.100
2025-11-11 15:21:11,        0,  41.6,  37.8,  25.3, 45.195, 44.824,  2.028, 815599.0,  1,  22.7,   1.0, 0.100
2025-11-11 15:21:12,        0,  41.2,  36.6,  25.3, 44.584, 44.437,  1.983, 857079.0,  1,  22.7,   1.0, 0.100
2025-11-11 15:21:13,        0,  41.0,  36.1,  25.3, 42.514, 42.358,  1.804, 898325.5,  1,  22.7,   1.0, 0.100
2025-11-11 15:21:15,        0,  35.7,  20.1,  25.3, 41.244, 40.959,  1.697, 943119.9,  1,  22.7,   1.0, 0.100
2025-11-11 15:21:16,        0,  37.2,  24.7,  25.3, 33.847, 33.132,  1.148, 974962.3,  1,  22.7,   1.0, 0.100
2025-11-11 15:21:16,        0,  39.8,  32.3,  25.3, 41.320, 40.885,  1.692,1008696.0,  1,  22.7,   1.0, 0.100
2025-11-11 15:21:17,        0,  38.7,  29.0,  25.3, 35.991, 35.320,  1.278,1041623.8,  1,  22.7,   1.0, 0.100
2025-11-11 15:21:19,        0,  39.5,  31.5,  25.3, 34.572, 33.790,  1.192,1081385.5,  1,  22.7,   1.0, 0.100
2025-11-11 15:21:20,        0,  40.0,  33.0,  25.3, 39.381, 38.784,  1.532,1115198.2,  1,  22.7,   1.0, 0.100
2025-11-11 15:21:20,        0,  39.2,  30.5,  25.3, 27.829, 26.754,  0.781,1141649.3,  1,  22.7,   1.0, 0.100
2025-11-11 15:21:21,        0,  39.5,  31.5,  25.3, 34.526, 33.499,  1.158,1174318.7,  1,  22.7,   1.0, 0.100
2025-11-11 15:21:23,        0,  38.0,  27.1,  25.3, 32.642, 31.476,  1.028,1211652.4,  1,  22.7,   1.0, 0.100
2025-11-11 15:21:24,        0,  39.2,  30.7,  25.3, 33.352, 32.192,  1.080,1242242.3,  1,  22.7,   1.0, 0.100
2025-11-11 15:21:24,        0,  38.6,  28.9,  25.3, 33.112, 31.944,  1.062,1271162.6,  1,  22.7,   1.0, 0.100
2025-11-11 15:21:25,        0,  41.2,  36.6,  25.3, 37.100, 36.013,  1.342,1305970.9,  1,  22.7,   1.0, 0.100
2025-11-11 15:21:27,        0,  35.4,  19.1,  25.3, 32.408, 31.324,  1.016,1344499.5,  1,  22.7,   1.0, 0.100
2025-11-11 15:21:28,        0,  36.1,  21.3,  25.3, 21.145, 19.679,  0.421,1365162.9,  1,  22.7,   1.0, 0.100
2025-11-11 15:21:28,        0,  37.0,  23.9,  25.3, 24.668, 23.174,  0.583,1388653.3,  1,  22.7,   1.0, 0.100
2025-11-11 15:21:29,        0,  37.3,  24.9,  25.3, 31.603, 30.218,  0.957,1416071.9,  1,  22.7,   1.0, 0.100
2025-11-11 15:21:31,        0,  39.8,  32.5,  25.3, 34.326, 32.974,  1.133,1452426.9,  1,  22.7,   0.9, 0.100
2025-11-11 15:21:32,        0,  36.4,  22.3,  25.3, 32.742, 31.404,  1.029,1482117.8,  1,  22.7,   0.9, 0.100
2025-11-11 15:21:32,        0,  38.9,  29.7,  25.3, 30.510, 29.043,  0.892,1510345.0,  1,  22.7,   0.9, 0.100
2025-11-11 15:21:33,        0,  37.5,  25.6,  25.3, 33.393, 31.957,  1.081,1540198.6,  1,  22.7,   0.9, 0.100
2025-11-11 15:21:35,        0,  38.0,  26.9,  25.3, 37.266, 36.035,  1.343,1580411.7,  1,  22.7,   0.9, 0.100
2025-11-11 15:21:36,        0,  42.4,  40.1,  25.4, 39.526, 38.404,  1.519,1614738.0,  1,  22.7,   0.9, 0.100
2025-11-11 15:21:36,        0,  37.1,  24.2,  25.3, 32.358, 31.167,  1.017,1647414.8,  1,  22.7,   0.9, 0.100
2025-11-11 15:21:37,        0,  36.8,  23.4,  25.4, 39.492, 38.470,  1.525,1680908.3,  1,  22.7,   0.9, 0.100
2025-11-11 15:21:38,        0,  37.7,  26.0,  25.3, 33.986, 32.759,  1.117,1710409.8,  1,  22.7,   0.9, 0.100
2025-11-11 15:21:40,        0,  39.1,  30.2,  25.3, 40.943, 39.910,  1.642,1751968.6,  1,  22.7,   0.9, 0.100
2025-11-11 15:21:41,        0,  42.1,  39.4,  25.4, 40.677, 39.729,  1.618,1788753.5,  1,  22.7,   0.9, 0.100
2025-11-11 15:21:41,        0,  42.3,  39.9,  25.4, 36.526, 35.584,  1.310,1827567.7,  1,  22.7,   0.9, 0.100
2025-11-11 15:21:42,        0,  43.5,  43.5,  25.4, 46.507, 46.205,  2.152,1870465.1,  1,  22.7,   0.9, 0.100
2025-11-11 15:21:44,        0,  38.6,  28.7,  25.4, 44.321, 44.146,  1.959,1919673.1,  1,  22.7,   1.0, 0.100
2025-11-11 15:21:45,        0,  43.3,  43.0,  25.4, 43.751, 43.533,  1.912,1957456.2,  1,  22.7,   1.0, 0.100
2025-11-11 15:21:45,        0,  44.2,  45.7,  25.4, 40.563, 40.306,  1.636,1999161.6,  1,  22.7,   0.9, 0.100
2025-11-11 15:21:46,        0,  39.3,  30.8,  25.4, 46.744, 46.966,  2.203,2042348.1,  1,  22.7,   1.0, 0.100
2025-11-11 15:21:48,        0,  41.4,  37.3,  25.4, 38.601, 38.385,  1.483,2085924.2,  1,  22.7,   0.9, 0.100
2025-11-11 15:21:49,        0,  41.3,  36.9,  25.4, 41.314, 41.196,  1.702,2126171.8,  1,  22.7,   1.0, 0.100
2025-11-11 15:21:49,        0,  44.1,  45.4,  25.4, 49.083, 49.443,  2.429,2171225.8,  1,  22.7,   1.0, 0.100
2025-11-11 15:21:50,        0,  44.5,  46.5,  25.4, 48.034, 48.523,  2.336,2218705.5,  1,  22.7,   0.9, 0.100
2025-11-11 15:21:51,        0,  39.6,  31.7,  25.4, 45.206, 45.787,  2.086,2262642.4,  1,  22.7,   0.9, 0.100
2025-11-11 15:21:53,        0,  41.1,  36.3,  25.4, 54.284, 55.630,  3.020,2319405.5,  1,  22.7,   0.9, 0.100
2025-11-11 15:21:54,        0,  41.4,  37.3,  25.4, 43.858, 44.677,  1.964,2360135.0,  1,  22.7,   0.9, 0.100
2025-11-11 15:21:54,        0,  43.8,  44.5,  25.4, 38.172, 38.555,  1.479,2398303.9,  1,  22.7,   0.9, 0.100
2025-11-11 15:21:55,        0,  41.5,  37.4,  25.4, 51.055, 52.372,  2.674,2446086.8,  1,  22.7,   0.9, 0.100
2025-11-11 15:21:57,        0,  38.1,  27.2,  25.5, 51.077, 52.653,  2.724,2499972.6,  1,  22.7,   0.9, 0.100
2025-11-11 15:21:58,        0,  45.0,  48.0,  25.4, 37.694, 38.079,  1.441,2535982.5,  1,  22.7,   0.9, 0.100
2025-11-11 15:21:58,        0,  44.3,  46.0,  25.4, 51.607, 53.032,  2.737,2586285.3,  1,  22.7,   0.9, 0.100
2025-11-11 15:21:59,        0,  42.2,  39.6,  25.5, 48.093, 49.446,  2.379,2633599.4,  1,  22.7,   1.0, 0.100
2025-11-11 15:22:01,        0,  42.9,  41.6,  25.4, 48.207, 49.610,  2.392,2688774.6,  1,  22.7,   0.9, 0.100
2025-11-11 15:22:02,        0,  44.0,  45.0,  25.5, 43.746, 44.782,  1.964,2732045.9,  1,  22.7,   1.0, 0.100
2025-11-11 15:22:02,        0,  44.7,  47.0,  25.5, 49.444, 51.029,  2.523,2781043.6,  1,  22.7,   1.0, 0.100
2025-11-11 15:22:03,        0,  41.1,  36.3,  25.5, 48.517, 50.332,  2.443,2828795.7,  1,  22.7,   1.0, 0.100
2025-11-11 15:22:04,        0,  43.8,  44.5,  25.5, 32.358, 32.733,  1.066,2864054.2,  1,  22.7,   1.0, 0.100
2025-11-11 15:22:06,        0,  44.9,  47.8,  25.5, 35.361, 35.864,  1.293,2911623.4,  1,  22.7,   1.0, 0.100
2025-11-11 15:22:06,        0,  41.8,  38.3,  25.5, 41.036, 42.072,  1.754,2954566.4,  1,  22.7,   1.0, 0.100
2025-11-11 15:22:07,        0,  40.7,  35.0,  25.5, 44.545, 45.821,  2.053,2996293.0,  1,  22.7,   1.0, 0.100
2025-11-11 15:22:08,        0,  42.5,  40.6,  25.5, 40.505, 41.264,  1.672,3034971.9,  1,  22.7,   1.0, 0.100
2025-11-11 15:22:10,        0,  43.3,  43.0,  25.5, 41.789, 42.543,  1.781,3087146.3,  1,  22.7,   1.0, 0.100
2025-11-11 15:22:11,        0,  44.5,  46.4,  25.5, 46.193, 47.440,  2.192,3132520.3,  1,  22.7,   1.0, 0.100
2025-11-11 15:22:11,        0,  38.7,  29.2,  25.5, 41.287, 42.299,  1.767,3172266.6,  1,  22.7,   1.0, 0.100
2025-11-11 15:22:12,        0,  40.8,  35.5,  25.5, 29.692, 29.650,  0.884,3201686.1,  1,  22.7,   1.0, 0.100
2025-11-11 15:22:14,        0,  41.6,  37.9,  25.5, 47.434, 48.614,  2.307,3252889.6,  1,  22.7,   1.0, 0.100
2025-11-11 15:22:15,        0,  44.2,  45.5,  25.5, 39.205, 44.507,  1.954,3293163.6,  1,  22.7,   1.0, 0.100
2025-11-11 15:22:15,        0,  38.6,  28.9,  25.5, 37.864, 38.504,  1.468,3333065.5,  1,  22.7,   1.0, 0.100
2025-11-11 15:22:16,        0,  37.2,  24.7,  25.5, 29.551, 29.455,  0.871,3362661.1,  1,  22.7,   1.0, 0.100
2025-11-11 15:22:18,        0,  40.3,  34.0,  25.5, 36.339, 36.579,  1.340,3404383.5,  1,  22.7,   1.0, 0.100
2025-11-11 15:22:19,        0,  41.3,  36.8,  25.5, 36.322, 36.505,  1.339,3441079.1,  1,  22.7,   1.0, 0.100
2025-11-11 15:22:19,        0,  41.2,  36.6,  25.5, 33.188, 33.095,  1.103,3474817.3,  1,  22.7,   1.0, 0.100
2025-11-11 15:22:20,        0,  39.5,  31.5,  25.5, 38.657, 38.896,  1.504,3512002.6,  1,  22.7,   1.0, 0.100
2025-11-11 15:22:22,        0,  39.7,  32.0,  25.5, 36.243, 36.223,  1.314,3551764.8,  1,  22.7,   1.0, 0.100
2025-11-11 15:22:23,        0,  39.4,  31.2,  25.6, 32.458, 32.162,  1.046,3584565.3,  1,  22.7,   1.0, 0.100
2025-11-11 15:22:24,        0,  39.1,  30.2,  25.5, 34.403, 34.167,  1.181,3616893.5,  1,  22.7,   1.0, 0.100
2025-11-11 15:22:24,        0,  38.7,  29.0,  25.5, 36.122, 35.899,  1.298,3648842.4,  1,  22.7,   1.0, 0.100
2025-11-11 15:22:25,        0,  40.5,  34.6,  25.5, 34.662, 34.300,  1.194,3681814.3,  1,  22.7,   1.0, 0.100
2025-11-11 15:22:27,        0,  39.0,  30.0,  25.5, 36.399, 36.122,  1.316,3725595.9,  1,  22.7,   1.0, 0.100
2025-11-11 15:22:28,        0,  36.6,  22.7,  25.5, 33.703, 33.204,  1.127,3756166.3,  1,  22.7,   1.0, 0.100
2025-11-11 15:22:28,        0,  37.6,  25.9,  25.5, 26.827, 25.920,  0.696,3782071.0,  1,  22.7,   1.0, 0.100
2025-11-11 15:22:29,        0,  38.5,  28.4,  25.5, 31.148, 30.437,  0.955,3811746.3,  1,  22.7,   1.0, 0.100
2025-11-11 15:22:31,        0,  36.7,  23.2,  25.6, 34.672, 34.098,  1.183,3849436.0,  1,  22.7,   1.0, 0.100
2025-11-11 15:22:32,        0,  38.0,  26.9,  25.5, 28.691, 27.787,  0.801,3875668.0,  1,  22.7,   0.9, 0.100
2025-11-11 15:22:32,        0,  35.2,  18.5,  25.6, 17.324, 15.940,  0.278,3895109.4,  1,  22.7,   1.0, 0.100
2025-11-11 15:22:33,        0,  34.1,  15.2,  25.6, 26.194, 25.007,  0.662,3919340.2,  1,  22.7,   1.0, 0.100
2025-11-11 15:22:35,        0,  35.5,  19.6,  25.6, 28.019, 26.813,  0.752,3947063.8,  1,  22.7,   1.0, 0.100
2025-11-11 15:22:36,        0,  38.1,  27.2,  25.6, 32.443, 31.301,  1.016,3973716.5,  1,  22.7,   0.9, 0.100
2025-11-11 15:22:36,        0,  34.7,  17.1,  25.5, 20.373, 18.877,  0.398,3995665.4,  1,  22.7,   1.0, 0.100
2025-11-11 15:22:37,        0,  36.1,  21.3,  25.6, 28.292, 26.871,  0.765,4019898.7,  1,  22.7,   0.9, 0.100
2025-11-11 15:22:38,        0,  38.3,  27.9,  25.6, 25.895, 24.452,  0.635,4043222.2,  1,  22.7,   0.9, 0.100
2025-11-11 15:22:40,        0,  34.5,  16.5,  25.6, 27.010, 25.575,  0.693,4074195.0,  1,  22.7,   0.9, 0.100
2025-11-11 15:22:41,        0,  34.5,  16.5,  25.5, 28.034, 26.523,  0.746,4095342.1,  1,  22.7,   0.9, 0.100
2025-11-11 15:22:41,        0,  32.9,  11.7,  25.5, 13.969, 12.167,  0.173,4109471.9,  1,  22.7,   0.9, 0.100
2025-11-11 15:22:42,        0,  35.3,  18.9,  25.6, 26.460, 24.752,  0.664,4130321.5,  1,  22.7,   0.9, 0.100
2025-11-11 15:22:44,        0,  35.9,  20.7,  25.6, 23.604, 21.874,  0.517,4155608.0,  1,  22.7,   0.9, 0.100
2025-11-11 15:22:45,        0,  34.9,  17.7,  25.6, 25.846, 24.082,  0.623,4177548.9,  1,  22.7,   0.8, 0.100
2025-11-11 15:22:45,        0,  35.6,  19.8,  25.6, 25.990, 24.175,  0.628,4199071.6,  1,  22.7,   0.9, 0.100
2025-11-11 15:22:46,        0,  33.3,  13.0,  25.6, 22.924, 21.081,  0.484,4219869.2,  1,  22.7,   0.8, 0.100
2025-11-11 15:22:48,        0,  35.0,  18.1,  25.6, 20.313, 18.387,  0.379,4238582.6,  1,  22.7,   0.8, 0.100
2025-11-11 15:22:49,        0,  33.7,  14.2,  25.6, 15.288, 13.382,  0.207,4253119.7,  1,  22.7,   0.8, 0.100
2025-11-11 15:22:49,        0,  36.1,  21.4,  25.6, 17.868, 15.904,  0.287,4269821.9,  1,  22.7,   0.8, 0.100
2025-11-11 15:22:50,        0,  32.7,  11.0,  25.6, 21.462, 19.512,  0.422,4289832.1,  1,  22.7,   0.8, 0.100
2025-11-11 15:22:52,        0,  35.4,  19.1,  25.6, 14.563, 12.569,  0.376,4307111.8,  1,  22.7,   0.8, 0.100
2025-11-11 15:22:53,        0,  33.7,  14.0,  25.6, 19.468, 17.462,  0.340,4324977.4,  1,  22.7,   0.8, 0.100
2025-11-11 15:22:54,        0,  33.4,  13.3,  25.6, 15.725, 13.726,  0.218,4339462.1,  1,  22.7,   0.9, 0.100
2025-11-11 15:22:54,        0,  34.2,  15.6,  25.6, 17.969, 15.931,  0.287,4354988.8,  1,  22.7,   0.9, 0.100
2025-11-11 15:22:55,        0,  33.7,  14.2,  25.6, 18.102, 16.071,  0.297,4371453.8,  1,  22.7,   0.8, 0.100
2025-11-11 15:22:57,        0,  31.9,   8.7,  25.6, 10.894,  8.876,  0.100,4385935.2,  1,  22.7,   0.9, 0.100
2025-11-11 15:22:58,        0,  34.1,  15.3,  25.6, 15.976, 13.862,  0.223,4398476.2,  1,  22.7,   0.9, 0.100
2025-11-11 15:22:58,        0,  33.2,  12.5,  25.6, 16.616, 14.511,  0.243,4412738.4,  1,  22.7,   0.9, 0.100
2025-11-11 15:22:59,        0,  31.4,   7.2,  25.6, 16.622, 14.506,  0.245,4425053.1,  1,  22.7,   0.9, 0.100
2025-11-11 15:23:01,        0,  32.9,  11.7,  25.6, 12.136, 10.043,  0.128,4436776.5,  1,  22.7,   0.9, 0.100
2025-11-11 15:23:02,        0,  33.4,  13.2,  25.6, 18.168, 15.969,  0.291,4450939.4,  1,  22.7,   0.9, 0.100
2025-11-11 15:23:02,        0,  32.6,  10.9,  25.6, 16.122, 13.945,  0.226,4464416.2,  1,  22.7,   0.9, 0.100
2025-11-11 15:23:03,        0,  33.0,  12.0,  25.6, 12.624, 10.504,  0.138,4475103.6,  1,  22.7,   0.9, 0.100
2025-11-11 15:23:05,        0,  32.6,  10.7,  25.6, 14.950, 12.753,  0.191,4490092.1,  1,  22.7,   0.9, 0.100
2025-11-11 15:23:06,        0,  31.5,   7.4,  25.6, 13.066, 10.906,  0.143,4500843.5,  1,  22.7,   0.9, 0.100
2025-11-11 15:23:06,        0,  32.7,  11.0,  25.6, 15.536, 13.301,  0.208,4511985.2,  1,  22.7,   0.9, 0.100
2025-11-11 15:23:07,        0,  32.0,   8.9,  25.6, 16.007, 13.755,  0.221,4524770.1,  1,  22.7,   0.9, 0.100
2025-11-11 15:23:09,        0,  31.3,   6.8,  25.6,  9.019,  6.951,  0.064,4535710.2,  1,  22.7,   0.9, 0.100
2025-11-11 15:23:10,        0,  32.0,   8.9,  25.6, 14.020, 11.777,  0.171,4545554.3,  1,  22.7,   0.9, 0.100
2025-11-11 15:23:10,        0,  32.5,  10.5,  25.6, 11.987,  9.802,  0.118,4555356.5,  1,  22.7,   0.9, 0.100
2025-11-11 15:23:11,        0,  32.6,  10.7,  25.6, 12.606, 10.395,  0.131,4566562.7,  1,  22.7,   0.9, 0.100
2025-11-11 15:23:13,        0,  31.4,   7.1,  25.6,  8.559,  6.490,  0.060,4577361.9,  1,  22.7,   0.8, 0.100
2025-11-11 15:23:14,        0,  31.3,   6.8,  25.6, 12.231, 10.006,  0.122,4586286.6,  1,  22.7,   0.9, 0.100
2025-11-11 15:23:14,        0,  32.1,   9.4,  25.6, 12.955, 10.707,  0.141,4594800.9,  1,  22.7,   0.9, 0.100
2025-11-11 15:23:15,        0,  31.4,   7.2,  25.6, 10.798,  8.631,  0.100,4602813.2,  1,  22.7,   0.9, 0.100
2025-11-11 15:23:17,        0,  32.1,   9.2,  25.6, 14.236, 11.921,  0.171,4614977.8,  1,  22.7,   0.9, 0.100
2025-11-11 15:23:18,        0,  30.8,   5.3,  25.6, 12.428, 10.187,  0.129,4622909.2,  1,  22.7,   0.9, 0.100
2025-11-11 15:23:18,        0,  30.0,   2.9,  25.6, 10.615,  8.430,  0.091,4629907.7,  1,  22.7,   1.0, 0.100
2025-11-11 15:23:19,        0,  31.0,   5.9,  25.6, 11.199,  8.987,  0.101,4637120.3,  1,  22.7,   1.0, 0.100
2025-11-11 15:23:20,        0,  30.8,   5.4,  25.6, 11.202,  8.982,  0.101,4645288.0,  1,  22.7,   1.0, 0.100
2025-11-11 15:23:22,        0,  31.2,   6.6,  25.6, 12.463, 10.185,  0.127,4655673.2,  1,  22.7,   1.0, 0.100
2025-11-11 15:23:23,        0,  31.1,   6.4,  25.6, 10.551,  8.347,  0.079,4663447.4,  1,  22.7,   1.0, 0.100
2025-11-11 15:23:23,        0,  31.0,   6.1,  25.6, 11.129,  8.893,  0.100,4671598.0,  1,  22.7,   1.0, 0.100
2025-11-11 15:23:24,        0,  31.5,   7.4,  25.6,  8.537,  6.420,  0.055,4678821.9,  1,  22.7,   1.0, 0.100
2025-11-11 15:23:26,        0,  31.2,   6.7,  25.6, 10.805,  8.579,  0.093,4688722.6,  1,  22.7,   1.0, 0.100
2025-11-11 15:23:27,        0,  31.5,   7.4,  25.6,  8.546,  6.427,  0.056,4696034.6,  1,  22.7,   1.0, 0.100
2025-11-11 15:23:27,        0,  31.4,   7.2,  25.6,  9.869,  7.684,  0.078,4703684.8,  1,  22.7,   1.0, 0.100
2025-11-11 15:23:28,        0,  30.8,   5.3,  25.6,  9.001,  6.853,  0.062,4711060.0,  1,  22.7,   1.0, 0.100
2025-11-11 15:23:30,        0,  31.2,   6.6,  25.6, 10.237,  8.027,  0.083,4719392.9,  1,  22.7,   1.0, 0.100
2025-11-11 15:23:31,        0,  29.8,   2.4,  25.6,  8.433,  6.312,  0.055,4725801.7,  1,  22.7,   1.0, 0.100
2025-11-11 15:23:31,        0,  30.8,   5.3,  25.6,  6.623,  4.610,  0.032,4729371.5,  1,  22.7,   1.0, 0.100
2025-11-11 15:23:32,        0,  31.2,   6.7,  25.6,  9.199,  7.036,  0.065,4736020.0,  1,  22.7,   1.0, 0.100
2025-11-11 15:23:33,        0,  30.6,   4.8,  25.6,  9.778,  7.579,  0.074,4743483.7,  1,  22.7,   1.0, 0.100
2025-11-11 15:23:35,        0,  31.0,   6.1,  25.6,  8.182,  6.069,  0.050,4750784.3,  1,  22.7,   1.0, 0.100
2025-11-11 15:23:36,        0,  30.0,   2.9,  25.6,  8.564,  6.431,  0.056,4756865.8,  1,  22.7,   1.0, 0.100
2025-11-11 15:23:36,        0,  30.6,   4.9,  25.6,  7.573,  5.497,  0.042,4761972.5,  1,  22.7,   1.0, 0.100
2025-11-11 15:23:37,        0,  30.9,   5.7,  25.6,  6.700,  4.678,  0.034,4767707.4,  1,  22.7,   1.0, 0.100
2025-11-11 15:23:39,        0,  30.8,   5.4,  25.6,  7.662,  5.581,  0.043,4775424.6,  1,  22.7,   1.0, 0.100
2025-11-11 15:23:40,        0,  30.9,   5.6,  25.6,  8.256,  6.137,  0.051,4781545.5,  1,  22.7,   1.0, 0.100
2025-11-11 15:23:40,        0,  29.8,   2.4,  25.6,  6.792,  4.769,  0.037,4785728.9,  1,  22.7,   1.0, 0.100
2025-11-11 15:23:41,        0,  30.9,   5.6,  25.6,  2.526,  0.979,  0.007,4788468.5,  1,  22.7,   1.0, 0.100
2025-11-11 15:23:42,        0,  30.8,   5.4,  25.6,  9.137,  6.980,  0.064,4795345.9,  1,  22.7,   1.0, 0.100
2025-11-11 15:23:44,        0,  30.2,   3.6,  25.6,  6.852,  4.816,  0.033,4802191.8,  1,  22.7,   1.0, 0.100
2025-11-11 15:23:45,        0,  30.2,   3.6,  25.6,  8.467,  6.343,  0.054,4807685.7,  1,  22.7,   1.0, 0.100
2025-11-11 15:23:45,        0,  30.6,   4.9,  25.6,  5.671,  3.723,  0.025,4812564.8,  1,  22.7,   1.0, 0.100
2025-11-11 15:23:46,        0,  30.9,   5.7,  25.6,  9.248,  7.081,  0.066,4818587.7,  1,  22.7,   1.0, 0.100
2025-11-11 15:23:48,        0,  30.3,   3.9,  25.6,  8.753,  6.609,  0.058,4826042.1,  1,  22.7,   1.0, 0.100
2025-11-11 15:23:49,        0,  30.6,   4.8,  25.6,  8.105,  5.998,  0.049,4831471.5,  1,  22.7,   1.0, 0.100
2025-11-11 15:23:49,        0,  29.8,   2.5,  25.6,  7.441,  5.373,  0.041,4836495.6,  1,  22.7,   1.0, 0.100
2025-11-11 15:23:50,        0,  30.0,   2.9,  25.6,  1.756,  0.233,  0.000,4837947.8,  1,  22.7,   1.0, 0.100
2025-11-11 15:23:52,        0,  29.9,   2.8,  25.6,  7.567,  5.499,  0.042,4844038.0,  1,  22.7,   1.0, 0.100
2025-11-11 15:23:53,        0,  30.5,   4.6,  25.6,  4.977,  3.079,  0.018,4848145.6,  1,  22.7,   0.9, 0.100
2025-11-11 15:23:53,        0,  30.0,   3.1,  25.6,  3.798,  2.000,  0.010,4851886.9,  1,  22.7,   0.9, 0.100
2025-11-11 15:23:54,        0,  28.9,   0.0,  25.6,  6.664,  4.655,  0.033,4856113.0,  1,  22.7,   0.9, 0.100
2025-11-11 15:23:56,        0,  30.2,   3.6,  25.6,  7.126,  5.086,  0.037,4860971.2,  1,  22.7,   0.9, 0.100
2025-11-11 15:23:57,        0,  30.4,   4.3,  25.6,  8.070,  5.974,  0.048,4866035.1,  1,  22.7,   0.9, 0.100
2025-11-11 15:23:57,        0,  29.9,   2.8,  25.6,  7.597,  5.526,  0.042,4871001.8,  1,  22.7,   0.9, 0.100
2025-11-11 15:23:58,        0,  30.3,   3.8,  25.6,  6.600,  4.588,  0.030,4875284.5,  1,  22.7,   0.9, 0.100
2025-11-11 15:23:59,        0,  30.0,   3.1,  25.6,  6.158,  4.180,  0.027,4878965.4,  1,  22.7,   0.9, 0.100
2025-11-11 15:24:01,        0,  30.3,   3.8,  25.6,  2.244,  0.625,  0.002,4881776.3,  1,  22.7,   0.9, 0.100
2025-11-11 15:24:02,        0,  30.2,   3.6,  25.6,  7.147,  5.112,  0.037,4886726.7,  1,  22.7,   0.9, 0.100
2025-11-11 15:24:02,        0,  29.3,   1.0,  25.6,  6.679,  4.669,  0.031,4891262.1,  1,  22.7,   0.8, 0.100
2025-11-11 15:24:03,        0,  30.0,   2.9,  25.6,  6.710,  4.703,  0.032,4894454.8,  1,  22.7,   0.9, 0.100
2025-11-11 15:24:05,        0,  29.8,   2.4,  25.6,  3.110,  1.388,  0.005,4898158.7,  1,  22.7,   0.9, 0.100
2025-11-11 15:24:06,        0,  28.2,   0.0,  25.6,  5.369,  3.522,  0.023,4900280.2,  1,  22.7,   0.8, 0.100
2025-11-11 15:24:06,        0,  29.8,   2.4,  25.6,  1.725,  0.227,  0.000,4900704.7,  1,  22.7,   0.9, 0.100
2025-11-11 15:24:07,        0,  29.6,   1.8,  25.6,  1.241, -0.002,  0.000,4900710.2,  1,  22.7,   0.9, 0.100
2025-11-11 15:24:09,        0,  30.0,   3.1,  25.6,  4.964,  3.110,  0.018,4903522.3,  1,  22.7,   0.9, 0.100
2025-11-11 15:24:10,        0,  30.0,   3.1,  25.6,  6.335,  4.363,  0.028,4907789.1,  1,  22.7,   0.8, 0.100
2025-11-11 15:24:10,        0,  30.0,   3.1,  25.6,  7.317,  5.284,  0.039,4912595.3,  1,  22.7,   0.9, 0.100
2025-11-11 15:24:11,        0,  29.7,   2.0,  25.6,  6.464,  4.482,  0.029,4916173.1,  1,  22.7,   0.9, 0.100
2025-11-11 15:24:12,        0,  29.9,   2.6,  25.6,  1.379,  0.038,  0.000,4916320.2,  1,  22.7,   0.9, 0.100
2025-11-11 15:24:14,        0,  30.2,   3.6,  25.6,  7.255,  5.239,  0.038,4920561.5,  1,  22.7,   0.9, 0.100
2025-11-11 15:24:15,        0,  30.1,   3.3,  25.6,  3.494,  1.747,  0.008,4923780.5,  1,  22.7,   0.9, 0.100
2025-11-11 15:24:15,        0,  30.3,   3.8,  25.6,  6.443,  4.469,  0.029,4928197.8,  1,  22.7,   0.9, 0.100
2025-11-11 15:24:16,        0,  29.2,   0.5,  25.6,  6.631,  4.644,  0.031,4931662.0,  1,  22.7,   0.9, 0.100
2025-11-11 15:24:18,        0,  30.0,   2.9,  25.6,  1.360,  0.031,  0.000,4931761.8,  1,  22.7,   0.9, 0.100
2025-11-11 15:24:19,        0,  29.8,   2.5,  25.6,  6.312,  4.356,  0.027,4935775.5,  1,  22.7,   0.9, 0.100
2025-11-11 15:24:19,        0,  29.8,   2.3,  25.6,  1.886,  0.347,  0.001,4937266.2,  1,  22.7,   0.9, 0.100
2025-11-11 15:24:20,        0,  30.0,   3.0,  25.5,  1.298,  0.015,  0.000,4937286.7,  1,  22.7,   1.0, 0.100
2025-11-11 15:24:22,        0,  30.0,   3.1,  25.6,  6.489,  4.525,  0.029,4942281.1,  1,  22.7,   1.0, 0.100
2025-11-11 15:24:23,        0,  29.7,   2.0,  25.5,  5.480,  3.583,  0.021,4945621.7,  1,  22.7,   1.0, 0.100
2025-11-11 15:24:24,        0,  29.8,   2.4,  25.6,  5.447,  3.590,  0.023,4947649.7,  1,  22.7,   1.0, 0.100
2025-11-11 15:24:24,        0,  29.5,   1.6,  25.6,  1.826,  0.312,  0.001,4948935.9,  1,  22.7,   1.0, 0.100
2165-165-165 45:165:85,        0,  29.8,   2.4,  25.6,  1.281,  0.013,  0.000,4948952.7,  1,  22.7,   1.0, 0.100
2025-11-11 15:24:27,        0,  29.9,   2.6,  25.6,  1.154, -0.007,  0.000,4948945.9,  1,  22.7,   1.0, 0.100
2025-11-11 15:24:28,        0,  29.9,   2.6,  25.6,  1.112, -0.010,  0.000,4948937.1,  1,  22.7,   1.0, 0.100
2025-11-11 15:24:28,        0,  29.8,   2.3,  25.6,  1.065, -0.011,  0.000,4948927.1,  1,  22.7,   1.0, 0.100
2025-11-11 15:24:29,        0,  30.2,   3.6,  25.5,  6.475,  4.530,  0.029,4951641.1,  1,  22.7,   1.0, 0.100
2025-11-11 15:24:31,        0,  30.2,   3.6,  25.5,  6.444,  4.494,  0.029,4957089.8,  1,  22.7,   1.0, 0.100
2025-11-11 15:24:32,        0,  29.7,   2.1,  25.6,  6.384,  4.438,  0.029,4961448.8,  1,  22.7,   1.0, 0.100
2025-11-11 15:24:32,        0,  30.0,   2.9,  25.6,  4.744,  2.930,  0.017,4963443.7,  1,  22.7,   1.0, 0.100
2025-11-11 15:24:33,        0,  29.8,   2.4,  25.6,  2.779,  1.128,  0.004,4965820.0,  1,  22.7,   1.0, 0.100
2025-11-11 15:24:35,        0,  28.2,   0.0,  25.6,  1.321,  0.029,  0.000,4965877.4,  1,  22.7,   1.0, 0.100
2025-11-11 15:24:36,        0,  29.8,   2.4,  25.6,  1.149, -0.005,  0.000,4965874.0,  1,  22.7,   1.0, 0.100
2025-11-11 15:24:36,        0,  29.7,   2.0,  25.6,  1.100, -0.009,  0.000,4965866.9,  1,  22.7,   1.0, 0.100
2025-11-11 15:24:37,        0,  29.9,   2.8,  25.6,  4.600,  2.968,  0.019,4968502.2,  1,  22.7,   1.0, 0.100
2025-11-11 15:24:39,        0,  29.8,   2.3,  25.6,  4.552,  2.749,  0.015,4972874.6,  1,  22.7,   1.0, 0.100
2025-11-11 15:24:40,        0,  29.8,   2.4,  25.5,  4.286,  2.516,  0.014,4974939.9,  1,  22.7,   1.0, 0.100
2025-11-11 15:24:40,        0,  29.8,   2.3,  25.5,  1.321,  0.030,  0.000,4975021.2,  1,  22.7,   1.0, 0.100
2025-11-11 15:24:41,        0,  29.7,   2.0,  25.6,  1.178, -0.001,  0.000,4975022.5,  1,  22.7,   1.0, 0.100
2025-11-11 15:24:43,        0,  29.9,   2.8,  25.6,  1.090, -0.008,  0.000,4975275.6,  1,  22.7,   1.0, 0.100
2025-11-11 15:24:44,        0,  29.9,   2.8,  25.6,  6.296,  4.378,  0.028,4979394.5,  1,  22.7,   1.0, 0.100
2025-11-11 15:24:44,        0,  29.8,   2.3,  25.6,  6.310,  4.385,  0.028,4983522.6,  1,  22.7,   1.0, 0.100
2025-11-11 15:24:45,        0,  29.7,   2.1,  25.6,  1.578,  0.159,  0.000,4984367.5,  1,  22.7,   1.0, 0.100
2025-11-11 15:24:47,        0,  29.9,   2.6,  25.6,  1.169,  0.000,  0.000,4984381.3,  1,  22.7,   1.0, 0.100
2025-11-11 15:24:48,        0,  29.8,   2.3,  25.5,  1.102, -0.007,  0.000,4984375.4,  1,  22.7,   1.0, 0.100
2025-11-11 15:24:48,        0,  29.8,   2.3,  25.5,  1.058, -0.009,  0.000,4984367.0,  1,  22.7,   1.0, 0.100
2025-11-11 15:24:49,        0,  30.0,   2.9,  25.6,  1.024, -0.010,  0.000,4985920.6,  1,  22.7,   1.0, 0.100
2025-11-11 15:24:50,        0,  29.9,   2.6,  25.5,  3.712,  1.998,  0.009,4989020.2,  1,  22.7,   0.9, 0.100
2025-11-11 15:24:52,        0,  29.8,   2.3,  25.5,  1.822,  0.339,  0.001,4991694.5,  1,  22.7,   0.9, 0.100
2025-11-11 15:24:52,        0,  29.6,   1.8,  25.5,  1.240,  0.015,  0.000,4991722.2,  1,  22.7,   0.9, 0.100
2025-11-11 15:24:53,        0,  29.8,   2.4,  25.6,  1.132, -0.003,  0.000,4991719.2,  1,  22.7,   0.9, 0.100
2025-11-11 15:24:54,        0,  29.6,   1.8,  25.6,  1.074, -0.007,  0.000,4991711.7,  1,  22.7,   0.9, 0.100
2025-11-11 15:24:56,        0,  29.8,   2.4,  25.6,  1.015, -0.009,  0.000,4991701.2,  1,  22.7,   0.9, 0.100
2025-11-11 15:24:57,        0,  29.8,   2.3,  25.6,  0.967, -0.009,  0.000,4991692.4,  1,  22.7,   0.8, 0.100
2025-11-11 15:24:57,        0,  29.9,   2.8,  25.5,  0.940, -0.009,  0.000,4991683.2,  1,  22.7,   0.8, 0.100
2025-11-11 15:24:58,        0,  30.0,   2.9,  25.6,  6.330,  4.435,  0.028,4995200.2,  1,  22.7,   0.8, 0.100
2025-11-11 15:25:00,        0,  29.9,   2.8,  25.5,  6.258,  4.358,  0.027,5000259.5,  1,  22.7,   0.8, 0.100
2025-11-11 15:25:01,        0,  29.6,   1.8,  25.5,  4.797,  3.004,  0.016,5002430.9,  1,  22.7,   0.8, 0.100
2025-11-11 15:25:01,        0,  29.5,   1.6,  25.5,  1.236,  0.016,  0.000,5002466.5,  1,  22.7,   0.8, 0.100
2025-11-11 15:25:02,        0,  29.8,   2.3,  25.5,  1.123, -0.002,  0.000,5002465.7,  1,  22.7,   0.8, 0.100
2025-11-11 15:25:03,        0,  29.6,   1.8,  25.5,  1.063, -0.007,  0.000,5002459.4,  1,  22.7,   0.8, 0.100
2025-11-11 15:25:05,        0,  29.7,   2.1,  25.5,  1.002, -0.009,  0.000,5002449.3,  1,  22.7,   0.8, 0.100
2025-11-11 15:25:06,        0,  29.8,   2.3,  25.5,  0.971, -0.010,  0.000,5002440.5,  1,  22.7,   0.8, 0.100
2025-11-11 15:25:06,        0,  29.9,   2.6,  25.5,  0.928, -0.009,  0.000,5002431.7,  1,  22.7,   0.8, 0.100
2025-11-11 15:25:07,        0,  29.8,   2.3,  25.6,  0.903, -0.009,  0.000,5002423.3,  1,  22.7,   0.8, 0.100
2025-11-11 15:25:09,        0,  29.9,   2.6,  25.5,  6.066,  4.245,  0.026,5004878.8,  1,  22.7,   0.8, 0.100
2025-11-11 15:25:10,        0,  29.9,   2.8,  25.5,  6.238,  4.359,  0.027,5009047.1,  1,  22.7,   0.8, 0.100
2025-11-11 15:25:10,        0,  29.7,   2.0,  25.6,  6.033,  4.165,  0.025,5013109.8,  1,  22.7,   0.8, 0.100
2025-11-11 15:25:11,        0,  29.9,   2.6,  25.5,  1.457,  0.111,  0.000,5013521.8,  1,  22.7,   0.8, 0.100
2025-11-11 15:25:13,        0,  29.2,   0.5,  25.5,  1.124, -0.000,  0.000,5013529.8,  1,  22.7,   0.8, 0.100
2025-11-11 15:25:14,        0,  29.4,   1.1,  25.5,  1.060, -0.006,  0.000,5013525.2,  1,  22.7,   0.8, 0.100
2025-11-11 15:25:14,        0,  29.6,   1.8,  25.6,  1.014, -0.007,  0.000,5013518.0,  1,  22.7,   0.8, 0.100
2025-11-11 15:25:15,        0,  29.7,   2.1,  25.5,  0.960, -0.009,  0.000,5013509.2,  1,  22.7,   0.8, 0.100
2025-11-11 15:25:16,        0,  29.7,   2.0,  25.5,  0.931, -0.009,  0.000,5013501.3,  1,  22.7,   0.8, 0.100
2025-11-11 15:25:18,        0,  29.7,   2.1,  25.5,  0.890, -0.009,  0.000,5013490.4,  1,  22.7,   0.8, 0.100
2025-11-11 15:25:19,        0,  29.8,   2.4,  25.5,  0.867, -0.009,  0.000,5013481.6,  1,  22.7,   0.8, 0.100
2025-11-11 15:25:19,        0,  29.8,   2.4,  25.5,  0.846, -0.009,  0.000,5013472.4,  1,  22.7,   0.8, 0.100
2025-11-11 15:25:20,        0,  29.8,   2.3,  25.5,  0.817, -0.009,  0.000,5013463.6,  1,  22.7,   0.8, 0.100
2025-11-11 15:25:22,        0,  29.9,   2.6,  25.5,  0.800, -0.010,  0.000,5013707.5,  1,  22.7,   0.8, 0.100
2025-11-11 15:25:23,        0,  29.9,   2.8,  25.5,  3.708,  2.067,  0.011,5016593.4,  1,  22.8,   0.8, 0.100
2025-11-11 15:25:23,        0,  29.8,   2.3,  25.5,  3.785,  2.117,  0.010,5018814.6,  1,  22.7,   0.8, 0.100
2025-11-11 15:25:24,        0,  29.7,   2.0,  25.5,  1.279,  0.041,  0.000,5018852.3,  1,  22.7,   0.8, 0.100
2025-11-11 15:25:25,        0,  29.7,   2.0,  25.5,  1.068, -0.003,  0.000,5018852.3,  1,  22.7,   0.8, 0.100
2025-11-11 15:25:27,        0,  29.8,   2.3,  25.5,  0.989, -0.007,  0.000,5018844.7,  1,  22.7,   0.8, 0.100
2025-11-11 15:25:28,        0,  29.8,   2.4,  25.6,  0.949, -0.007,  0.000,5018837.6,  1,  22.7,   0.8, 0.100
2025-11-11 15:25:28,        0,  29.8,   2.3,  25.5,  0.915, -0.008,  0.000,5018829.2,  1,  22.8,   0.8, 0.100
2025-11-11 15:25:29,        0,  29.9,   2.8,  25.5,  0.886, -0.009,  0.000,5018821.7,  1,  22.7,   0.8, 0.100
2025-11-11 15:25:31,        0,  29.9,   2.6,  25.5,  2.565,  1.029,  0.003,5020322.0,  1,  22.7,   0.8, 0.100
2025-11-11 15:25:32,        0,  29.8,   2.3,  25.5,  1.125,  0.007,  0.000,5020340.1,  1,  22.7,   0.8, 0.100
2025-11-11 15:25:32,        0,  29.9,   2.8,  25.5,  1.034, -0.004,  0.000,5020338.0,  1,  22.7,   0.8, 0.100
2025-11-11 15:25:33,        0,  29.9,   2.6,  25.5,  6.003,  4.184,  0.025,5022762.9,  1,  22.7,   0.8, 0.100
2025-11-11 15:25:34,        0,  29.9,   2.6,  25.5,  1.208,  0.027,  0.000,5022851.3,  1,  22.7,   0.8, 0.100
2025-11-11 15:25:36,        0,  29.8,   2.4,  25.5,  1.067,  0.000,  0.000,5022853.4,  1,  22.7,   0.8, 0.100
2025-11-11 15:25:37,        0,  29.8,   2.4,  25.5,  0.976, -0.007,  0.000,5022847.5,  1,  22.7,   0.8, 0.100
2025-11-11 15:25:37,        0,  29.9,   2.8,  25.5,  0.935, -0.008,  0.000,5022840.0,  1,  22.7,   0.8, 0.100
2025-11-11 15:25:38,        0,  29.9,   2.6,  25.5,  6.182,  4.357,  0.027,5026410.2,  1,  22.7,   0.9, 0.100
2025-11-11 15:25:40,        0,  29.5,   1.6,  25.5,  3.562,  1.940,  0.009,5029430.2,  1,  22.7,   0.9, 0.100
2025-11-11 15:25:41,        0,  29.7,   2.0,  25.5,  1.242,  0.040,  0.000,5029468.0,  1,  22.7,   0.8, 0.100
2025-11-11 15:25:41,        0,  29.3,   1.0,  25.5,  1.036, -0.002,  0.000,5029468.0,  1,  22.7,   0.9, 0.100
2025-11-11 15:25:42,        0,  29.7,   2.0,  25.5,  0.979, -0.006,  0.000,5029462.5,  1,  22.7,   0.9, 0.100
2025-11-11 15:25:44,        0,  29.8,   2.3,  25.6,  0.921, -0.008,  0.000,5029453.7,  1,  22.7,   0.9, 0.100
2025-11-11 15:25:45,        0,  29.7,   2.1,  25.5,  0.888, -0.008,  0.000,5029446.2,  1,  22.7,   0.9, 0.100
2025-11-11 15:25:45,        0,  29.6,   1.8,  25.5,  0.859, -0.008,  0.000,5029438.2,  1,  22.7,   0.9, 0.100
2025-11-11 15:25:46,        0,  29.7,   2.1,  25.5,  0.822, -0.009,  0.000,5029430.2,  1,  22.7,   0.9, 0.100
2025-11-11 15:25:47,        0,  29.8,   2.4,  25.5,  0.799, -0.008,  0.000,5029422.3,  1,  22.7,   0.9, 0.100
2025-11-11 15:25:49,        0,  29.8,   2.3,  25.5,  0.769, -0.008,  0.000,5029412.2,  1,  22.7,   0.9, 0.100
2025-11-11 15:25:50,        0,  29.8,   2.4,  25.6,  0.752, -0.009,  0.000,5029404.7,  1,  22.7,   0.9, 0.100
2025-11-11 15:25:50,        0,  29.8,   2.4,  25.5,  0.729, -0.009,  0.000,5029395.9,  1,  22.7,   0.9, 0.100
2025-11-11 15:25:51,        0,  29.8,   2.4,  25.5,  0.715, -0.009,  0.000,5029387.9,  1,  22.7,   0.9, 0.100
2025-11-11 15:25:53,        0,  29.9,   2.6,  25.5,  0.696, -0.009,  0.000,5029377.9,  1,  22.7,   0.9, 0.100
2025-11-11 15:25:54,        0,  29.9,   2.8,  25.5,  1.694,  0.827,  0.005,5030621.7,  1,  22.7,   0.9, 0.100
2025-11-11 15:25:54,        0,  29.9,   2.6,  25.5,  6.175,  4.358,  0.027,5034780.4,  1,  22.8,   0.9, 0.100
2025-11-11 15:25:55,        0,  29.9,   2.6,  25.5,  1.960,  0.530,  0.001,5036820.6,  1,  22.7,   0.9, 0.100
2025-11-11 15:25:57,        0,  29.5,   1.6,  25.5,  1.163,  0.021,  0.000,5036855.8,  1,  22.7,   0.9, 0.100
2025-11-11 15:25:58,        0,  29.7,   2.1,  25.5,  1.006, -0.003,  0.000,5036853.7,  1,  22.7,   0.9, 0.100
2025-11-11 15:25:58,        0,  29.7,   2.0,  25.5,  0.953, -0.006,  0.000,5036848.2,  1,  22.7,   0.9, 0.100
2025-11-11 15:25:59,        0,  29.7,   2.0,  25.5,  0.914, -0.007,  0.000,5036841.5,  1,  22.7,   0.9, 0.100
2025-11-11 15:26:00,        0,  29.7,   2.0,  25.5,  0.865, -0.008,  0.000,5036833.1,  1,  22.7,   0.9, 0.100
2025-11-11 15:26:02,        0,  29.7,   2.1,  25.5,  0.837, -0.008,  0.000,5036824.8,  1,  22.7,   0.9, 0.100
2025-11-11 15:26:03,        0,  29.7,   2.1,  25.5,  0.798, -0.008,  0.000,5036817.6,  1,  22.7,   0.9, 0.100
2025-11-11 15:26:03,        0,  29.7,   2.1,  25.5,  0.774, -0.009,  0.000,5036809.2,  1,  22.7,   0.9, 0.100
2025-11-11 15:26:04,        0,  29.8,   2.3,  25.5,  0.754, -0.008,  0.000,5036801.3,  1,  22.7,   0.9, 0.100
2025-11-11 15:26:06,        0,  29.8,   2.3,  25.5,  0.728, -0.008,  0.000,5036792.5,  1,  22.7,   0.8, 0.100
2025-11-11 15:26:07,        0,  29.8,   2.3,  25.5,  0.705, -0.008,  0.000,5036784.1,  1,  22.7,   0.9, 0.100
2025-11-11 15:26:07,        0,  29.8,   2.4,  25.5,  0.691, -0.008,  0.000,5036776.1,  1,  22.7,   0.8, 0.100
2025-11-11 15:26:08,        0,  29.8,   2.3,  25.5,  0.678, -0.008,  0.000,5036767.8,  1,  22.7,   0.8, 0.100
2025-11-11 15:26:09,        0,  29.9,   2.6,  25.5,  0.666, -0.009,  0.000,5036760.2,  1,  22.8,   0.8, 0.100
2025-11-11 15:26:11,        0,  29.8,   2.4,  25.5,  0.649, -0.008,  0.000,5036751.0,  1,  22.7,   0.8, 0.100
2025-11-11 15:26:12,        0,  29.9,   2.8,  25.5,  0.635, -0.008,  0.000,5036743.0,  1,  22.7,   0.8, 0.100
2025-11-11 15:26:12,        0,  29.2,   0.6,  25.5,  6.170,  4.358,  0.027,5040254.6,  1,  22.8,   0.8, 0.100
2025-11-11 15:26:13,        0,  29.7,   2.0,  25.5,  1.614,  0.266,  0.000,5040725.7,  1,  22.7,   0.8, 0.100
2025-11-11 15:26:15,        0,  29.7,   2.0,  25.5,  1.053,  0.003,  0.000,5040735.8,  1,  22.7,   0.8, 0.100
2025-11-11 15:26:16,        0,  29.8,   2.3,  25.5,  0.976, -0.004,  0.000,5040732.0,  1,  22.7,   0.8, 0.100
2025-11-11 15:26:16,        0,  29.7,   2.1,  25.5,  0.904, -0.006,  0.000,5040725.7,  1,  22.7,   0.7, 0.100
2025-11-11 15:26:17,        0,  29.8,   2.3,  25.5,  0.866, -0.007,  0.000,5040719.0,  1,  22.7,   0.7, 0.100
2025-11-11 15:26:19,        0,  29.7,   2.1,  25.5,  0.818, -0.007,  0.000,5040710.6,  1,  22.7,   0.7, 0.100
2025-11-11 15:26:20,        0,  29.9,   2.6,  25.5,  0.791, -0.007,  0.000,5040703.9,  1,  22.7,   0.7, 0.100
2025-11-11 15:26:21,        0,  29.8,   2.4,  25.5,  0.765, -0.008,  0.000,5040695.9,  1,  22.7,   0.7, 0.100
2025-11-11 15:26:21,        0,  29.8,   2.4,  25.5,  0.733, -0.008,  0.000,5040688.8,  1,  22.7,   0.7, 0.100
2025-11-11 15:26:23,        0,  29.9,   2.6,  25.5,  0.705, -0.008,  0.000,5040680.0,  1,  22.7,   0.7, 0.100
2025-11-11 15:26:24,        0,  29.8,   2.4,  25.5,  0.689, -0.007,  0.000,5040672.5,  1,  22.7,   0.7, 0.100
2025-11-11 15:26:25,        0,  29.8,   2.4,  25.5,  0.674, -0.007,  0.000,5040664.5,  1,  22.7,   0.7, 0.100
2025-11-11 15:26:25,        0,  29.8,   2.4,  25.5,  0.660, -0.008,  0.000,5040657.8,  1,  22.7,   0.7, 0.100
2025-11-11 15:26:26,        0,  29.8,   2.4,  25.5,  5.560,  3.910,  0.024,5042759.1,  1,  22.7,   0.8, 0.100
2025-11-11 15:26:28,        0,  29.9,   2.6,  25.5,  4.792,  3.104,  0.017,5045283.4,  1,  22.7,   0.8, 0.100
2025-11-11 15:26:29,        0,  29.8,   2.4,  25.5,  1.326,  0.088,  0.000,5045527.3,  1,  22.7,   0.8, 0.100
2025-11-11 15:26:29,        0,  29.8,   2.4,  25.5,  1.071,  0.007,  0.000,5045534.0,  1,  22.7,   0.8, 0.100
2025-11-11 15:26:30,        0,  29.7,   2.0,  25.5,  0.987, -0.003,  0.000,5045530.6,  1,  22.7,   0.8, 0.100
2025-11-11 15:26:32,        0,  29.8,   2.3,  25.5,  0.911, -0.006,  0.000,5045523.5,  1,  22.7,   0.8, 0.100
2025-11-11 15:26:33,        0,  29.7,   2.1,  25.5,  0.855, -0.007,  0.000,5045516.8,  1,  22.7,   0.8, 0.100
2025-11-11 15:26:33,        0,  29.7,   2.0,  25.5,  0.822, -0.007,  0.000,5045510.1,  1,  22.7,   0.8, 0.100
2025-11-11 15:26:34,        0,  29.7,   2.1,  25.5,  0.793, -0.007,  0.000,5045503.8,  1,  22.7,   0.8, 0.100
2025-11-11 15:26:36,        0,  29.8,   2.3,  25.5,  0.755, -0.008,  0.000,5045494.2,  1,  22.7,   0.8, 0.100
2025-11-11 15:26:37,        0,  29.8,   2.4,  25.5,  0.734, -0.008,  0.000,5045487.5,  1,  22.7,   0.8, 0.100
2025-11-11 15:26:37,        0,  29.8,   2.4,  25.5,  0.705, -0.007,  0.000,5045479.5,  1,  22.7,   0.9, 0.100
2025-11-11 15:26:38,        0,  29.8,   2.4,  25.5,  0.688, -0.008,  0.000,5045472.8,  1,  22.7,   0.8, 0.100
2025-11-11 15:26:40,        0,  29.9,   2.6,  25.5,  0.666, -0.008,  0.000,5045463.6,  1,  22.7,   0.9, 0.100
2025-11-11 15:26:41,        0,  29.9,   2.6,  25.5,  0.653, -0.007,  0.000,5045456.0,  1,  22.7,   0.9, 0.100
2025-11-11 15:26:41,        0,  29.9,   2.6,  25.5,  0.641, -0.008,  0.000,5045448.5,  1,  22.7,   0.9, 0.100
2025-11-11 15:26:42,        0,  29.9,   2.6,  25.5,  0.624, -0.008,  0.000,5045441.4,  1,  22.7,   0.9, 0.100
2025-11-11 15:26:44,        0,  29.9,   2.6,  25.5,  0.614, -0.007,  0.000,5045730.1,  1,  22.7,   0.9, 0.100
2025-11-11 15:26:45,        0,  29.9,   2.6,  25.5,  3.333,  1.756,  0.007,5048654.6,  1,  22.7,   0.9, 0.100
2025-11-11 15:26:45,        0,  29.8,   2.4,  25.5,  2.755,  1.233,  0.004,5050508.2,  1,  22.7,   0.9, 0.100
2025-11-11 15:26:46,        0,  29.9,   2.6,  25.5,  1.181,  0.032,  0.000,5050539.2,  1,  22.7,   1.0, 0.100
2025-11-11 15:26:47,        0,  29.6,   1.8,  25.5,  0.994, -0.003,  0.000,5050537.5,  1,  22.7,   0.9, 0.100
2025-11-11 15:26:49,        0,  29.8,   2.3,  25.5,  0.915, -0.006,  0.000,5050530.8,  1,  22.7,   1.0, 0.100
2025-11-11 15:26:50,        0,  29.7,   2.1,  25.5,  0.874, -0.006,  0.000,5050525.4,  1,  22.7,   0.9, 0.100
2025-11-11 15:26:50,        0,  29.8,   2.3,  25.5,  0.837, -0.006,  0.000,5050519.5,  1,  22.7,   0.9, 0.100
2025-11-11 15:26:51,        0,  29.8,   2.3,  25.5,  0.805, -0.007,  0.000,5050512.4,  1,  22.7,   0.9, 0.100
2025-11-11 15:26:53,        0,  29.8,   2.3,  25.5,  0.764, -0.007,  0.000,5050504.9,  1,  22.7,   0.9, 0.100
2025-11-11 15:26:54,        0,  29.7,   2.1,  25.5,  0.729, -0.008,  0.000,5050496.9,  1,  22.7,   1.0, 0.100
2025-11-11 15:26:54,        0,  29.8,   2.3,  25.5,  0.709, -0.008,  0.000,5050489.4,  1,  22.7,   1.0, 0.100
2025-11-11 15:26:55,        0,  29.8,   2.3,  25.5,  0.692, -0.008,  0.000,5050482.2,  1,  22.7,   1.0, 0.100
2025-11-11 15:26:57,        0,  29.8,   2.4,  25.5,  0.668, -0.008,  0.000,5050473.0,  1,  22.7,   0.9, 0.100
2025-11-11 15:26:58,        0,  29.8,   2.4,  25.5,  0.654, -0.008,  0.000,5050465.5,  1,  22.7,   0.9, 0.100
2025-11-11 15:26:58,        0,  29.8,   2.4,  25.5,  0.635, -0.008,  0.000,5050458.8,  1,  22.7,   0.9, 0.100
2025-11-11 15:26:59,        0,  29.9,   2.6,  25.5,  0.624, -0.007,  0.000,5050451.2,  1,  22.7,   0.9, 0.100
2025-11-11 15:27:00,        0,  29.8,   2.4,  25.5,  0.614, -0.008,  0.000,5050443.7,  1,  22.7,   0.9, 0.100
2025-11-11 15:27:02,        0,  29.8,   2.4,  25.5,  0.598, -0.008,  0.000,5050434.9,  1,  22.7,   0.9, 0.100
2025-11-11 15:27:03,        0,  29.9,   2.6,  25.5,  0.664,  0.055,  0.000,5051647.3,  1,  22.7,   0.9, 0.100
2025-11-11 15:27:03,        0,  29.9,   2.6,  25.5,  1.258,  0.059,  0.000,5051872.4,  1,  22.7,   0.9, 0.100
2025-11-11 15:27:04,        0,  29.8,   2.4,  25.5,  1.047,  0.004,  0.000,5051877.8,  1,  22.7,   0.8, 0.100
2025-11-11 15:27:06,        0,  29.8,   2.4,  25.5,  0.935, -0.005,  0.000,5051873.2,  1,  22.7,   0.9, 0.100
2025-11-11 15:27:07,        0,  29.9,   2.6,  25.5,  0.888, -0.006,  0.000,5051867.3,  1,  22.7,   0.8, 0.100
2025-11-11 15:27:07,        0,  29.9,   2.6,  25.5,  0.847, -0.006,  0.000,5051861.9,  1,  22.7,   0.8, 0.100
2025-11-11 15:27:08,        0,  29.9,   2.8,  25.5,  0.791, -0.007,  0.000,5052177.0,  1,  22.7,   0.9, 0.100
2025-11-11 15:27:09,        0,  29.8,   2.3,  25.5,  6.167,  4.356,  0.027,5056347.9,  1,  22.7,   0.9, 0.100
2025-11-11 15:27:11,        0,  29.7,   2.1,  25.5,  1.309,  0.081,  0.000,5057052.8,  1,  22.7,   0.9, 0.100
2025-11-11 15:27:12,        0,  29.5,   1.5,  25.5,  1.067,  0.007,  0.000,5057060.8,  1,  22.7,   0.8, 0.100
2025-11-11 15:27:12,        0,  29.7,   2.0,  25.5,  0.950, -0.005,  0.000,5057057.4,  1,  22.7,   0.8, 0.100
2025-11-11 15:27:13,        0,  29.7,   2.0,  25.5,  0.902, -0.006,  0.000,5057051.5,  1,  22.7,   0.9, 0.100
2025-11-11 15:27:15,        0,  29.7,   2.1,  25.5,  0.845, -0.006,  0.000,5057044.8,  1,  22.7,   0.8, 0.100
2025-11-11 15:27:16,        0,  29.7,   2.1,  25.5,  0.811, -0.007,  0.000,5057038.1,  1,  22.7,   0.8, 0.100
2025-11-11 15:27:16,        0,  29.7,   2.1,  25.5,  0.782, -0.007,  0.000,5057031.4,  1,  22.7,   0.9, 0.100
2025-11-11 15:27:17,        0,  29.7,   2.1,  25.5,  0.744, -0.008,  0.000,5057023.9,  1,  22.7,   0.8, 0.100
2025-11-11 15:27:19,        0,  29.7,   2.1,  25.5,  0.722, -0.007,  0.000,5057015.5,  1,  22.7,   0.9, 0.100
2025-11-11 15:27:20,        0,  29.8,   2.3,  25.5,  0.695, -0.008,  0.000,5057008.4,  1,  22.7,   0.8, 0.100
2025-11-11 15:27:20,        0,  29.7,   2.1,  25.5,  0.678, -0.007,  0.000,5057001.3,  1,  22.7,   0.8, 0.100
2025-11-11 15:27:21,        0,  29.8,   2.3,  25.5,  0.662, -0.008,  0.000,5056994.1,  1,  22.7,   0.8, 0.100
2025-11-11 15:27:22,        0,  29.8,   2.3,  25.5,  0.643, -0.008,  0.000,5056986.2,  1,  22.7,   0.8, 0.100
2025-11-11 15:27:24,        0,  29.8,   2.3,  25.5,  0.631, -0.007,  0.000,5056977.8,  1,  22.7,   0.8, 0.100
2025-11-11 15:27:25,        0,  29.8,   2.4,  25.5,  0.613, -0.008,  0.000,5056970.7,  1,  22.7,   0.8, 0.100
2025-11-11 15:27:25,        0,  29.9,   2.6,  25.5,  0.604, -0.008,  0.000,5056963.1,  1,  22.7,   0.8, 0.100
2025-11-11 15:27:26,        0,  29.8,   2.5,  25.5,  0.593, -0.008,  0.000,5056955.2,  1,  22.7,   0.8, 0.100
2025-11-11 15:27:28,        0,  29.8,   2.4,  25.5,  0.581, -0.007,  0.000,5056946.8,  1,  22.7,   0.8, 0.100
2025-11-11 15:27:29,        0,  29.9,   2.6,  25.5,  0.568, -0.007,  0.000,5056939.6,  1,  22.7,   0.8, 0.100
2025-11-11 15:27:29,        0,  29.9,   2.6,  25.5,  0.561, -0.007,  0.000,5056932.5,  1,  22.7,   0.8, 0.100
2025-11-11 15:27:30,        0,  29.9,   2.6,  25.5,  0.554, -0.007,  0.000,5056926.2,  1,  22.7,   0.8, 0.100
2025-11-11 15:27:32,        0,  29.9,   2.6,  25.5,  0.545, -0.007,  0.000,5056917.9,  1,  22.7,   0.8, 0.100
2025-11-11 15:27:33,        0,  29.9,   2.8,  25.5,  0.538, -0.007,  0.000,5057225.9,  1,  22.7,   0.9, 0.100
2025-11-11 15:27:34,        0,  29.9,   2.6,  25.5,  6.172,  4.356,  0.027,5061388.8,  1,  22.8,   0.9, 0.100
2025-11-11 15:27:34,        0,  29.7,   2.1,  25.5,  4.632,  2.935,  0.016,5064300.6,  1,  22.7,   0.9, 0.100
2025-11-11 15:27:35,        0,  29.4,   1.3,  25.5,  1.255,  0.059,  0.000,5064378.2,  1,  22.7,   0.9, 0.100
2025-11-11 15:27:37,        0,  29.7,   2.0,  25.5,  1.004, -0.000,  0.000,5064380.7,  1,  22.7,   0.9, 0.100
2025-11-11 15:27:38,        0,  29.6,   1.8,  25.5,  0.941, -0.005,  0.000,5064376.1,  1,  22.7,   0.9, 0.100
2025-11-11 15:27:38,        0,  29.6,   1.8,  25.5,  0.878, -0.007,  0.000,5064370.2,  1,  22.7,   1.0, 0.100
2025-11-11 15:27:39,        0,  29.6,   1.8,  25.5,  0.841, -0.007,  0.000,5064363.5,  1,  22.7,   1.0, 0.100
2025-11-11 15:27:41,        0,  29.6,   1.8,  25.5,  0.793, -0.007,  0.000,5064355.5,  1,  22.7,   1.0, 0.100
2025-11-11 15:27:42,        0,  29.7,   2.0,  25.5,  0.766, -0.007,  0.000,5064348.4,  1,  22.7,   1.0, 0.100
2025-11-11 15:27:42,        0,  29.7,   2.0,  25.5,  0.742, -0.007,  0.000,5064341.7,  1,  22.7,   1.0, 0.100
2025-11-11 15:27:43,        0,  29.7,   2.0,  25.5,  0.710, -0.008,  0.000,5064335.0,  1,  22.7,   0.9, 0.100
2025-11-11 15:27:44,        0,  29.7,   2.0,  25.5,  0.692, -0.007,  0.000,5064327.0,  1,  22.8,   0.9, 0.100
2025-11-11 15:27:46,        0,  29.7,   2.0,  25.5,  0.667, -0.008,  0.000,5064318.7,  1,  22.7,   0.9, 0.100
2025-11-11 15:27:47,        0,  29.7,   2.1,  25.5,  0.654, -0.007,  0.000,5064311.1,  1,  22.7,   0.9, 0.100
2025-11-11 15:27:47,        0,  29.7,   2.1,  25.5,  0.633, -0.008,  0.000,5064304.0,  1,  22.7,   0.9, 0.100
2025-11-11 15:27:48,        0,  29.7,   2.1,  25.5,  0.622, -0.008,  0.000,5064296.4,  1,  22.7,   0.9, 0.100
2025-11-11 15:27:50,        0,  29.7,   2.1,  25.5,  0.605, -0.007,  0.000,5064287.6,  1,  22.7,   0.9, 0.100
2025-11-11 15:27:51,        0,  29.8,   2.3,  25.5,  0.595, -0.007,  0.000,5064280.9,  1,  22.7,   0.9, 0.100
2025-11-11 15:27:52,        0,  29.7,   2.1,  25.5,  0.585, -0.007,  0.000,5064273.4,  1,  22.7,   0.9, 0.100
2025-11-11 15:27:52,        0,  29.8,   2.3,  25.5,  0.572, -0.007,  0.000,5064266.3,  1,  22.7,   0.9, 0.100
2025-11-11 15:27:53,        0,  29.7,   2.1,  25.5,  0.564, -0.007,  0.000,5064259.1,  1,  22.7,   0.9, 0.100
2025-11-11 15:27:55,        0,  29.8,   2.3,  25.5,  0.552, -0.007,  0.000,5064250.8,  1,  22.7,   0.9, 0.100
2025-11-11 15:27:56,        0,  29.8,   2.3,  25.5,  0.545, -0.007,  0.000,5064244.5,  1,  22.8,   0.9, 0.100
2025-11-11 15:27:56,        0,  29.7,   2.1,  25.5,  0.539, -0.007,  0.000,5064237.8,  1,  22.7,   0.9, 0.100
2025-11-11 15:27:57,        0,  29.7,   2.1,  25.5,  0.529, -0.007,  0.000,5064230.6,  1,  22.7,   0.9, 0.100
2025-11-11 15:27:59,        0,  29.8,   2.3,  25.5,  0.523, -0.007,  0.000,5064222.3,  1,  22.8,   0.9, 0.100
2025-11-11 15:28:00,        0,  29.8,   2.3,  25.5,  0.515, -0.007,  0.000,5064215.6,  1,  22.7,   0.9, 0.100
2025-11-11 15:28:01,        0,  29.8,   2.3,  25.5,  0.509, -0.007,  0.000,5064208.9,  1,  22.7,   0.9, 0.100
2025-11-11 15:28:01,        0,  29.8,   2.3,  25.5,  0.505, -0.007,  0.000,5064202.1,  1,  22.7,   0.9, 0.100
2025-11-11 15:28:02,        0,  29.8,   2.3,  25.5,  0.498, -0.007,  0.000,5064195.4,  1,  22.7,   0.9, 0.100
2025-11-11 15:28:04,        0,  29.8,   2.4,  25.5,  0.492, -0.007,  0.000,5064187.5,  1,  22.7,   0.9, 0.100
2025-11-11 15:28:05,        0,  29.8,   2.4,  25.5,  0.487, -0.007,  0.000,5064181.2,  1,  22.7,   0.9, 0.100
2025-11-11 15:28:05,        0,  29.8,   2.3,  25.5,  0.483, -0.007,  0.000,5064174.5,  1,  22.8,   0.9, 0.100
2025-11-11 15:28:06,        0,  29.8,   2.4,  25.5,  0.479, -0.007,  0.000,5064167.8,  1,  22.7,   0.9, 0.100
2025-11-11 15:28:08,        0,  29.9,   2.6,  25.5,  0.473, -0.006,  0.000,5064160.7,  1,  22.7,   0.9, 0.100
2025-11-11 15:28:09,        0,  29.8,   2.4,  25.5,  0.468, -0.007,  0.000,5064154.8,  1,  22.7,   0.8, 0.100
2025-11-11 15:28:09,        0,  29.8,   2.4,  25.5,  0.464, -0.006,  0.000,5064148.1,  1,  22.7,   0.8, 0.100
2025-11-11 15:28:10,        0,  29.9,   2.6,  25.5,  0.460, -0.006,  0.000,5064142.2,  1,  22.7,   0.8, 0.100
2025-11-11 15:28:12,        0,  29.9,   2.6,  25.5,  0.455, -0.006,  0.000,5064134.7,  1,  22.7,   0.8, 0.100
2025-11-11 15:28:13,        0,  29.8,   2.4,  25.5,  0.453, -0.007,  0.000,5064128.8,  1,  22.7,   0.8, 0.100
2025-11-11 15:28:13,        0,  29.9,   2.8,  25.5,  0.448, -0.006,  0.000,5064123.4,  1,  22.7,   0.8, 0.100
2025-11-11 15:28:14,        0,  29.9,   2.6,  25.5,  6.181,  4.361,  0.027,5067603.9,  1,  22.7,   0.8, 0.100
2025-11-11 15:28:16,        0,  29.7,   2.1,  25.5,  5.589,  3.811,  0.022,5072211.5,  1,  22.7,   0.8, 0.100
2025-11-11 15:28:17,        0,  29.6,   1.8,  25.5,  1.322,  0.089,  0.000,5072399.2,  1,  22.7,   0.8, 0.100
2025-11-11 15:28:17,        0,  29.7,   2.1,  25.5,  1.068,  0.008,  0.000,5072406.8,  1,  22.8,   0.8, 0.100
2025-11-11 15:28:18,        0,  29.6,   1.8,  25.5,  0.952, -0.005,  0.000,5072403.0,  1,  22.7,   0.8, 0.100
2025-11-11 15:28:20,        0,  29.5,   1.5,  25.5,  0.904, -0.005,  0.000,5072397.1,  1,  22.7,   0.8, 0.100
2025-11-11 15:28:21,        0,  29.5,   1.6,  25.5,  0.847, -0.007,  0.000,5072390.0,  1,  22.7,   0.8, 0.100
2025-11-11 15:28:21,        0,  29.6,   1.8,  25.5,  0.812, -0.007,  0.000,5072384.6,  1,  22.7,   0.8, 0.100
2025-11-11 15:28:22,        0,  29.6,   1.8,  25.5,  0.783, -0.007,  0.000,5072377.9,  1,  22.7,   0.8, 0.100
2165-165-165 45:165:85,        0,  29.5,   1.6,  25.5,  0.743, -0.007,  0.000,5072369.1,  1,  22.7,   0.8, 0.100
2025-11-11 15:28:25,        0,  29.5,   1.6,  25.5,  0.721, -0.007,  0.000,5072361.9,  1,  22.7,   0.8, 0.100
2025-11-11 15:28:25,        0,  29.7,   2.0,  25.5,  0.691, -0.008,  0.000,5072355.2,  1,  22.7,   0.8, 0.100
2025-11-11 15:28:26,        0,  29.6,   1.8,  25.5,  0.674, -0.007,  0.000,5072347.7,  1,  22.7,   0.8, 0.100
2025-11-11 15:28:27,        0,  29.6,   1.8,  25.4,  0.659, -0.007,  0.000,5072341.0,  1,  22.7,   0.8, 0.100
2025-11-11 15:28:29,        0,  29.6,   1.8,  25.5,  0.638, -0.007,  0.000,5072331.8,  1,  22.7,   0.8, 0.100
2025-11-11 15:28:29,        0,  29.7,   2.0,  25.5,  0.625, -0.007,  0.000,5072324.6,  1,  22.7,   0.8, 0.100
2025-11-11 15:28:30,        0,  29.6,   1.8,  25.5,  0.606, -0.007,  0.000,5072317.9,  1,  22.7,   0.8, 0.100
2025-11-11 15:28:31,        0,  29.7,   2.1,  25.5,  0.596, -0.007,  0.000,5072311.2,  1,  22.7,   0.8, 0.100
2025-11-11 15:28:33,        0,  29.7,   2.0,  25.5,  0.581, -0.007,  0.000,5072302.8,  1,  22.7,   0.8, 0.100
2025-11-11 15:28:34,        0,  29.7,   2.0,  25.4,  0.571, -0.007,  0.000,5072295.7,  1,  22.7,   0.8, 0.100
2025-11-11 15:28:34,        0,  29.7,   2.1,  25.5,  0.557, -0.007,  0.000,5072289.4,  1,  22.7,   0.8, 0.100
2025-11-11 15:28:35,        0,  29.7,   2.1,  25.5,  0.549, -0.007,  0.000,5072282.7,  1,  22.7,   0.8, 0.100
2025-11-11 15:28:37,        0,  29.7,   2.1,  25.4,  0.537, -0.007,  0.000,5072274.8,  1,  22.7,   0.8, 0.100
2025-11-11 15:28:38,        0,  29.7,   2.1,  25.5,  0.530, -0.007,  0.000,5072267.6,  1,  22.7,   0.8, 0.100
2025-11-11 15:28:39,        0,  29.7,   2.1,  25.5,  0.523, -0.007,  0.000,5072260.9,  1,  22.7,   0.8, 0.100
2025-11-11 15:28:39,        0,  29.7,   2.1,  25.5,  0.513, -0.006,  0.000,5072255.1,  1,  22.7,   0.8, 0.100
2025-11-11 15:28:40,        0,  29.8,   2.3,  25.5,  0.507, -0.007,  0.000,5072248.4,  1,  22.7,   0.8, 0.100
2025-11-11 15:28:42,        0,  29.7,   2.1,  25.5,  0.499, -0.006,  0.000,5072240.8,  1,  22.7,   0.8, 0.100
2025-11-11 15:28:43,        0,  29.8,   2.3,  25.4,  0.493, -0.007,  0.000,5072234.5,  1,  22.7,   0.8, 0.100
2025-11-11 15:28:43,        0,  29.8,   2.3,  25.5,  0.488, -0.007,  0.000,5072228.2,  1,  22.7,   0.8, 0.100
2025-11-11 15:28:44,        0,  29.7,   2.1,  25.5,  0.481, -0.006,  0.000,5072222.0,  1,  22.7,   0.8, 0.100
2025-11-11 15:28:46,        0,  29.7,   2.1,  25.5,  0.474, -0.006,  0.000,5072215.2,  1,  22.7,   0.9, 0.100
2025-11-11 15:28:47,        0,  29.8,   2.3,  25.5,  0.470, -0.007,  0.000,5072208.5,  1,  22.8,   0.8, 0.100
2025-11-11 15:28:47,        0,  29.8,   2.3,  25.5,  0.465, -0.007,  0.000,5072201.8,  1,  22.7,   0.8, 0.100
2025-11-11 15:28:48,        0,  29.8,   2.3,  25.5,  0.461, -0.006,  0.000,5072195.5,  1,  22.7,   0.9, 0.100
2025-11-11 15:28:50,        0,  29.8,   2.3,  25.5,  0.455, -0.006,  0.000,5072188.8,  1,  22.7,   0.9, 0.100
2025-11-11 15:28:51,        0,  29.8,   2.4,  25.5,  0.449, -0.007,  0.000,5072182.6,  1,  22.7,   0.9, 0.100
2025-11-11 15:28:52,        0,  29.8,   2.4,  25.5,  0.445, -0.007,  0.000,5072175.9,  1,  22.7,   0.9, 0.100
2025-11-11 15:28:52,        0,  29.8,   2.3,  25.5,  0.441, -0.006,  0.000,5072170.4,  1,  22.7,   0.9, 0.100
2025-11-11 15:28:53,        0,  29.8,   2.4,  25.5,  0.437, -0.006,  0.000,5072164.5,  1,  22.7,   0.9, 0.100
2025-11-11 15:28:55,        0,  29.8,   2.4,  25.5,  0.433, -0.007,  0.000,5072157.8,  1,  22.7,   0.9, 0.100
2025-11-11 15:28:56,        0,  29.8,   2.4,  25.5,  0.429, -0.006,  0.000,5072151.5,  1,  22.7,   0.9, 0.100
2025-11-11 15:28:56,        0,  29.9,   2.6,  25.5,  0.426, -0.006,  0.000,5072146.5,  1,  22.7,   0.9, 0.100
2025-11-11 15:28:57,        0,  29.9,   2.6,  25.5,  0.422, -0.006,  0.000,5072140.2,  1,  22.7,   0.9, 0.100
2025-11-11 15:28:59,        0,  29.8,   2.4,  25.4,  0.418, -0.006,  0.000,5072133.1,  1,  22.7,   0.9, 0.100
2025-11-11 15:29:00,        0,  29.8,   2.4,  25.5,  0.415, -0.006,  0.000,5072128.5,  1,  22.7,   0.9, 0.100
2025-11-11 15:29:01,        0,  29.9,   2.6,  25.4,  0.410, -0.005,  0.000,5072122.6,  1,  22.7,   1.0, 0.100
2025-11-11 15:29:01,        0,  29.9,   2.6,  25.5,  0.408, -0.006,  0.000,5072116.8,  1,  22.7,   0.9, 0.100
2025-11-11 15:29:02,        0,  29.9,   2.6,  25.4,  0.405, -0.006,  0.000,5072111.7,  1,  22.7,   1.0, 0.100
2025-11-11 15:29:04,        0,  29.9,   2.8,  25.5,  0.401, -0.006,  0.000,5072104.2,  1,  22.7,   1.0, 0.100
2025-11-11 15:29:05,        0,  29.8,   2.4,  25.5,  6.104,  4.340,  0.026,5075696.7,  1,  22.8,   0.9, 0.100
2025-11-11 15:29:05,        0,  29.8,   2.3,  25.5,  1.507,  0.191,  0.000,5076626.6,  1,  22.7,   1.0, 0.100
2025-11-11 15:29:06,        0,  29.9,   2.6,  25.4,  1.099,  0.014,  0.000,5076643.4,  1,  22.8,   1.0, 0.100
2025-11-11 15:29:08,        0,  29.8,   2.3,  25.4,  0.957, -0.004,  0.000,5076640.5,  1,  22.7,   1.0, 0.100
2025-11-11 15:29:09,        0,  29.8,   2.3,  25.5,  0.905, -0.005,  0.000,5076635.9,  1,  22.8,   1.0, 0.100
2025-11-11 15:29:09,        0,  29.8,   2.3,  25.5,  0.843, -0.006,  0.000,5076630.0,  1,  22.7,   1.0, 0.100
2025-11-11 15:29:10,        0,  29.7,   2.1,  25.4,  0.807, -0.006,  0.000,5076623.3,  1,  22.7,   1.0, 0.100
2025-11-11 15:29:11,        0,  29.8,   2.3,  25.4,  0.775, -0.007,  0.000,5076617.8,  1,  22.7,   1.0, 0.100
2025-11-11 15:29:13,        0,  29.7,   2.1,  25.4,  0.735, -0.007,  0.000,5076609.5,  1,  22.7,   1.0, 0.100
2025-11-11 15:29:14,        0,  29.8,   2.3,  25.4,  0.712, -0.007,  0.000,5076602.8,  1,  22.7,   1.0, 0.100
2025-11-11 15:29:14,        0,  29.8,   2.3,  25.5,  0.682, -0.007,  0.000,5076595.6,  1,  22.7,   1.0, 0.100
2025-11-11 15:29:15,        0,  29.8,   2.3,  25.5,  0.664, -0.008,  0.000,5076587.7,  1,  22.8,   1.0, 0.100
2025-11-11 15:29:17,        0,  29.8,   2.3,  25.4,  0.640, -0.007,  0.000,5076580.1,  1,  22.7,   1.0, 0.100
2025-11-11 15:29:18,        0,  29.8,   2.3,  25.4,  0.626, -0.007,  0.000,5076573.0,  1,  22.8,   1.0, 0.100
2025-11-11 15:29:18,        0,  29.8,   2.4,  25.4,  0.612, -0.007,  0.000,5076566.3,  1,  22.8,   1.0, 0.100
2025-11-11 15:29:19,        0,  29.8,   2.3,  25.4,  0.594, -0.007,  0.000,5076559.2,  1,  22.7,   1.0, 0.100
2025-11-11 15:29:21,        0,  29.8,   2.3,  25.4,  0.582, -0.007,  0.000,5076551.6,  1,  22.8,   1.0, 0.100
2025-11-11 15:29:22,        0,  29.9,   2.6,  25.4,  0.566, -0.007,  0.000,5076544.1,  1,  22.7,   1.0, 0.100
2025-11-11 15:29:22,        0,  29.8,   2.4,  25.4,  0.556, -0.007,  0.000,5076537.8,  1,  22.7,   1.0, 0.100
2025-11-11 15:29:23,        0,  29.8,   2.4,  25.4,  0.546, -0.007,  0.000,5076531.5,  1,  22.8,   1.0, 0.100
2025-11-11 15:29:24,        0,  29.8,   2.3,  25.4,  0.533, -0.007,  0.000,5076524.8,  1,  22.8,   0.9, 0.100
2025-11-11 15:29:26,        0,  29.8,   2.4,  25.5,  0.521, -0.007,  0.000,5076517.3,  1,  22.8,   1.0, 0.100
2025-11-11 15:29:27,        0,  29.9,   2.6,  25.4,  0.514, -0.007,  0.000,5076510.1,  1,  22.7,   0.9, 0.100
2025-11-11 15:29:27,        0,  29.8,   2.4,  25.4,  0.506, -0.006,  0.000,5076504.3,  1,  22.7,   0.9, 0.100
2025-11-11 15:29:28,        0,  29.9,   2.6,  25.5,  0.499, -0.007,  0.000,5076497.6,  1,  22.8,   0.9, 0.100
2025-11-11 15:29:30,        0,  29.9,   2.6,  25.4,  0.490, -0.007,  0.000,5076490.0,  1,  22.7,   0.9, 0.100
2025-11-11 15:29:31,        0,  29.9,   2.6,  25.4,  0.481, -0.006,  0.000,5076483.7,  1,  22.7,   0.9, 0.100
2025-11-11 15:29:31,        0,  29.9,   2.6,  25.4,  0.475, -0.006,  0.000,5076477.9,  1,  22.7,   0.9, 0.100
2025-11-11 15:29:32,        0,  29.9,   2.6,  25.4,  0.469, -0.006,  0.000,5076472.4,  1,  22.7,   0.9, 0.100
2025-11-11 15:29:33,        0,  29.9,   2.6,  25.5,  0.462, -0.006,  0.000,5076466.5,  1,  22.8,   0.9, 0.100
2025-11-11 15:29:35,        0,  29.9,   2.6,  25.4,  0.457, -0.006,  0.000,5076891.1,  1,  22.7,   0.9, 0.100
2025-11-11 15:29:36,        0,  29.9,   2.6,  25.4,  6.189,  4.360,  0.027,5081045.2,  1,  22.7,   0.9, 0.100
2025-11-11 15:29:36,        0,  29.4,   1.3,  25.4,  5.958,  4.146,  0.025,5084538.3,  1,  22.7,   0.9, 0.100
2025-11-11 15:29:37,        0,  29.8,   2.3,  25.4,  1.373,  0.111,  0.000,5084688.4,  1,  22.7,   0.9, 0.100
2025-11-11 15:29:39,        0,  29.7,   2.0,  25.4,  1.024,  0.002,  0.000,5084693.8,  1,  22.7,   0.9, 0.100
2025-11-11 15:29:40,        0,  29.5,   1.5,  25.4,  0.954, -0.004,  0.000,5084689.2,  1,  22.8,   0.9, 0.100
2025-11-11 15:29:40,        0,  29.5,   1.6,  25.5,  0.886, -0.006,  0.000,5084683.3,  1,  22.7,   0.9, 0.100
2025-11-11 15:29:41,        0,  29.5,   1.6,  25.4,  0.848, -0.007,  0.000,5084676.6,  1,  22.7,   0.8, 0.100
2025-11-11 15:29:43,        0,  29.6,   1.8,  25.4,  0.800, -0.007,  0.000,5084668.7,  1,  22.7,   0.9, 0.100
2025-11-11 15:29:44,        0,  29.6,   1.8,  25.4,  0.770, -0.006,  0.000,5084662.4,  1,  22.8,   0.9, 0.100
2025-11-11 15:29:44,        0,  29.5,   1.6,  25.4,  0.744, -0.007,  0.000,5084655.2,  1,  22.7,   0.9, 0.100
2025-11-11 15:29:45,        0,  29.6,   1.8,  25.4,  0.709, -0.007,  0.000,5084649.0,  1,  22.7,   0.9, 0.100
2025-11-11 15:29:46,        0,  29.6,   1.8,  25.4,  0.690, -0.007,  0.000,5084642.3,  1,  22.7,   0.8, 0.100
2025-11-11 15:29:48,        0,  29.6,   1.8,  25.4,  0.663, -0.007,  0.000,5084633.9,  1,  22.8,   0.9, 0.100
2025-11-11 15:29:49,        0,  29.6,   1.8,  25.4,  0.649, -0.007,  0.000,5084626.3,  1,  22.7,   0.8, 0.100
2025-11-11 15:29:49,        0,  29.6,   1.8,  25.4,  0.627, -0.007,  0.000,5084619.6,  1,  22.8,   0.9, 0.100
2025-11-11 15:29:50,        0,  29.7,   2.0,  25.4,  0.613, -0.007,  0.000,5084612.5,  1,  22.8,   0.8, 0.100
2025-11-11 15:29:52,        0,  29.7,   2.0,  25.4,  0.595, -0.007,  0.000,5084603.7,  1,  22.8,   0.9, 0.100
2025-11-11 15:29:53,        0,  29.6,   1.8,  25.4,  0.585, -0.007,  0.000,5084597.4,  1,  22.7,   0.9, 0.100
2025-11-11 15:29:53,        0,  29.7,   2.0,  25.4,  0.574, -0.007,  0.000,5084590.7,  1,  22.8,   0.9, 0.100
2025-11-11 15:29:54,        0,  29.6,   1.8,  25.4,  0.559, -0.007,  0.000,5084583.6,  1,  22.8,   0.9, 0.100
2025-11-11 15:29:55,        0,  29.7,   2.0,  25.4,  0.550, -0.007,  0.000,5084577.7,  1,  22.8,   0.9, 0.100
2025-11-11 15:29:57,        0,  29.7,   2.0,  25.4,  0.536, -0.006,  0.000,5084569.8,  1,  22.7,   0.9, 0.100
2025-11-11 15:29:58,        0,  29.7,   2.0,  25.4,  0.528, -0.007,  0.000,5084563.9,  1,  22.8,   0.9, 0.100
2025-11-11 15:29:58,        0,  29.7,   2.0,  25.4,  0.521, -0.007,  0.000,5084557.6,  1,  22.8,   0.9, 0.100
2025-11-11 15:29:59,        0,  29.7,   2.0,  25.4,  0.509, -0.006,  0.000,5084551.3,  1,  22.8,   0.9, 0.100
2025-11-11 15:30:01,        0,  29.7,   2.1,  25.4,  0.502, -0.006,  0.000,5084543.8,  1,  22.8,   0.9, 0.100
2025-11-11 15:30:02,        0,  29.7,   2.1,  25.4,  0.493, -0.007,  0.000,5084537.9,  1,  22.8,   0.9, 0.100
2025-11-11 15:30:02,        0,  29.7,   2.1,  25.4,  0.486, -0.006,  0.000,5084531.6,  1,  22.7,   0.9, 0.100
2025-11-11 15:30:03,        0,  29.8,   2.3,  25.5,  0.480, -0.006,  0.000,5084526.2,  1,  22.7,   0.9, 0.100
2025-11-11 15:30:05,        0,  29.7,   2.1,  25.4,  0.472, -0.006,  0.000,5084518.6,  1,  22.7,   0.9, 0.100
2025-11-11 15:30:06,        0,  29.7,   2.1,  25.4,  0.464, -0.006,  0.000,5084512.8,  1,  22.7,   0.9, 0.100
2025-11-11 15:30:06,        0,  29.8,   2.3,  25.4,  0.458, -0.007,  0.000,5084506.9,  1,  22.7,   0.9, 0.100
2025-11-11 15:30:07,        0,  29.7,   2.0,  25.4,  0.455, -0.006,  0.000,5084501.4,  1,  22.8,   0.9, 0.100
2025-11-11 15:30:09,        0,  29.8,   2.3,  25.4,  0.447, -0.006,  0.000,5084494.7,  1,  22.8,   0.9, 0.100
2025-11-11 15:30:10,        0,  29.8,   2.3,  25.4,  0.442, -0.006,  0.000,5084488.9,  1,  22.7,   0.9, 0.100
2025-11-11 15:30:10,        0,  29.7,   2.1,  25.4,  0.436, -0.005,  0.000,5084483.0,  1,  22.7,   0.9, 0.100
2025-11-11 15:30:11,        0,  29.8,   2.4,  25.4,  0.431, -0.006,  0.000,5084477.6,  1,  22.8,   0.9, 0.100
2025-11-11 15:30:13,        0,  29.8,   2.3,  25.4,  0.425, -0.005,  0.000,5084470.8,  1,  22.7,   0.9, 0.100
2025-11-11 15:30:14,        0,  29.8,   2.4,  25.4,  0.422, -0.006,  0.000,5084465.4,  1,  22.7,   0.9, 0.100
2025-11-11 15:30:14,        0,  29.8,   2.3,  25.4,  0.418, -0.006,  0.000,5084460.4,  1,  22.8,   0.9, 0.100
2025-11-11 15:30:15,        0,  29.8,   2.4,  25.4,  0.412, -0.005,  0.000,5084454.5,  1,  22.7,   0.9, 0.100
2025-11-11 15:30:17,        0,  29.8,   2.4,  25.4,  0.408, -0.005,  0.000,5084447.8,  1,  22.8,   0.9, 0.100
2025-11-11 15:30:18,        0,  29.8,   2.4,  25.4,  0.404, -0.006,  0.000,5084442.8,  1,  22.7,   0.8, 0.100
2025-11-11 15:30:18,        0,  29.8,   2.3,  25.4,  0.400, -0.006,  0.000,5084437.3,  1,  22.8,   0.8, 0.100
2025-11-11 15:30:19,        0,  29.8,   2.3,  25.4,  0.396, -0.006,  0.000,5084431.5,  1,  22.8,   0.9, 0.100
2025-11-11 15:30:20,        0,  29.8,   2.4,  25.4,  0.392, -0.005,  0.000,5084426.8,  1,  22.8,   0.8, 0.100
2025-11-11 15:30:22,        0,  29.8,   2.3,  25.4,  0.389, -0.005,  0.000,5084420.1,  1,  22.8,   0.8, 0.100
2025-11-11 15:30:22,        0,  29.9,   2.6,  25.4,  0.383, -0.005,  0.000,5084415.5,  1,  22.8,   0.8, 0.100
2025-11-11 15:30:23,        0,  29.8,   2.4,  25.4,  0.381, -0.005,  0.000,5084409.7,  1,  22.8,   0.8, 0.100
2025-11-11 15:30:24,        0,  29.8,   2.4,  25.4,  0.378, -0.005,  0.000,5084405.5,  1,  22.7,   0.8, 0.100
2025-11-11 15:30:26,        0,  29.8,   2.4,  25.4,  0.373, -0.005,  0.000,5084399.6,  1,  22.8,   0.8, 0.100
2025-11-11 15:30:27,        0,  29.9,   2.6,  25.4,  0.372, -0.005,  0.000,5084395.0,  1,  22.8,   0.8, 0.100
2025-11-11 15:30:27,        0,  29.9,   2.6,  25.4,  0.367, -0.005,  0.000,5084389.1,  1,  22.8,   0.8, 0.100
2025-11-11 15:30:28,        0,  29.9,   2.6,  25.4,  0.364, -0.005,  0.000,5084384.9,  1,  22.7,   0.8, 0.100
2025-11-11 15:30:30,        0,  29.9,   2.6,  25.4,  0.360, -0.005,  0.000,5084379.1,  1,  22.8,   0.8, 0.100
2025-11-11 15:30:31,        0,  29.9,   2.6,  25.4,  0.358, -0.005,  0.000,5084374.5,  1,  22.8,   0.8, 0.100
2025-11-11 15:30:31,        0,  29.9,   2.6,  25.4,  0.354, -0.005,  0.000,5084369.8,  1,  22.7,   0.8, 0.100
2025-11-11 15:30:32,        0,  29.9,   2.6,  25.4,  0.352, -0.005,  0.000,5084365.2,  1,  22.8,   0.8, 0.100
2025-11-11 15:30:34,        0,  29.9,   2.8,  25.4,  0.348, -0.005,  0.000,5084359.8,  1,  22.8,   0.8, 0.100
2025-11-11 15:30:35,        0,  29.9,   2.6,  25.4,  6.188,  4.357,  0.027,5088189.1,  1,  22.8,   0.8, 0.100
2025-11-11 15:30:36,        0,  29.9,   2.6,  25.4,  6.191,  4.358,  0.027,5092285.3,  1,  22.8,   0.8, 0.100
2025-11-11 15:30:36,        0,  29.7,   2.0,  25.4,  1.541,  0.212,  0.000,5093598.3,  1,  22.7,   0.8, 0.100
2025-11-11 15:30:37,        0,  29.8,   2.3,  25.4,  1.109,  0.015,  0.000,5093621.4,  1,  22.8,   0.8, 0.100
2025-11-11 15:30:39,        0,  29.4,   1.3,  25.4,  0.967, -0.004,  0.000,5093619.3,  1,  22.8,   0.8, 0.100
2025-11-11 15:30:40,        0,  29.4,   1.3,  25.4,  0.916, -0.006,  0.000,5093614.7,  1,  22.7,   0.8, 0.100
2025-11-11 15:30:40,        0,  29.4,   1.3,  25.3,  0.874, -0.006,  0.000,5093608.0,  1,  22.8,   0.8, 0.100
2025-11-11 15:30:41,        0,  29.5,   1.5,  25.4,  0.821, -0.007,  0.000,5093601.7,  1,  22.7,   0.8, 0.100
2025-11-11 15:30:43,        0,  29.5,   1.5,  25.4,  0.790, -0.007,  0.000,5093593.7,  1,  22.8,   0.8, 0.100
2025-11-11 15:30:44,        0,  29.5,   1.5,  25.4,  0.748, -0.007,  0.000,5093587.0,  1,  22.7,   0.8, 0.100
2025-11-11 15:30:44,        0,  29.5,   1.5,  25.4,  0.725, -0.007,  0.000,5093580.3,  1,  22.8,   0.8, 0.100
2025-11-11 15:30:45,        0,  29.5,   1.6,  25.4,  0.703, -0.007,  0.000,5093573.2,  1,  22.8,   0.8, 0.100
2025-11-11 15:30:46,        0,  29.4,   1.3,  25.4,  0.676, -0.007,  0.000,5093566.5,  1,  22.8,   0.8, 0.100
2025-11-11 15:30:48,        0,  29.5,   1.6,  25.4,  0.652, -0.007,  0.000,5093557.2,  1,  22.7,   0.8, 0.100
2025-11-11 15:30:49,        0,  29.5,   1.6,  25.4,  0.637, -0.007,  0.000,5093550.1,  1,  22.8,   0.8, 0.100
2025-11-11 15:30:49,        0,  29.5,   1.6,  25.4,  0.623, -0.007,  0.000,5093543.4,  1,  22.7,   0.8, 0.100
2025-11-11 15:30:50,        0,  29.5,   1.6,  25.4,  0.610, -0.007,  0.000,5093536.3,  1,  22.8,   0.8, 0.100
2025-11-11 15:30:52,        0,  29.6,   1.8,  25.3,  0.592, -0.007,  0.000,5093528.7,  1,  22.8,   0.8, 0.100
2025-11-11 15:30:53,        0,  29.5,   1.6,  25.3,  0.575, -0.007,  0.000,5093521.6,  1,  22.8,   0.8, 0.100
2025-11-11 15:30:53,        0,  29.5,   1.6,  25.4,  0.565, -0.007,  0.000,5093515.3,  1,  22.7,   0.8, 0.100
2025-11-11 15:30:54,        0,  29.5,   1.6,  25.4,  0.554, -0.007,  0.000,5093509.1,  1,  22.8,   0.8, 0.100
2025-11-11 15:30:55,        0,  29.6,   1.8,  25.3,  0.541, -0.006,  0.000,5093501.9,  1,  22.8,   0.9, 0.100
2025-11-11 15:30:57,        0,  29.6,   1.8,  25.3,  0.532, -0.007,  0.000,5093494.8,  1,  22.7,   0.9, 0.100
2025-11-11 15:30:58,        0,  29.6,   1.8,  25.4,  0.519, -0.007,  0.000,5093488.5,  1,  22.8,   0.9, 0.100
2025-11-11 15:30:58,        0,  29.6,   1.8,  25.4,  0.511, -0.007,  0.000,5093481.4,  1,  22.7,   0.9, 0.100
2025-11-11 15:30:59,        0,  29.5,   1.6,  25.4,  0.504, -0.006,  0.000,5093475.9,  1,  22.8,   0.9, 0.100
2025-11-11 15:31:01,        0,  29.7,   2.0,  25.4,  0.493, -0.007,  0.000,5093469.2,  1,  22.8,   0.9, 0.100
2025-11-11 15:31:02,        0,  29.7,   2.0,  25.3,  0.486, -0.006,  0.000,5093463.0,  1,  22.8,   0.9, 0.100
2025-11-11 15:31:02,        0,  29.7,   2.0,  25.4,  0.476, -0.007,  0.000,5093456.2,  1,  22.7,   0.9, 0.100
2025-11-11 15:31:03,        0,  29.6,   1.8,  25.4,  0.470, -0.006,  0.000,5093450.4,  1,  22.8,   0.9, 0.100
2025-11-11 15:31:05,        0,  29.7,   2.0,  25.4,  0.461, -0.006,  0.000,5093443.7,  1,  22.8,   0.9, 0.100
2025-11-11 15:31:06,        0,  29.6,   1.8,  25.4,  0.456, -0.006,  0.000,5093438.2,  1,  22.7,   1.0, 0.100
2025-11-11 15:31:07,        0,  29.7,   2.0,  25.3,  0.450, -0.006,  0.000,5093431.9,  1,  22.7,   0.9, 0.100
2025-11-11 15:31:07,        0,  29.7,   2.0,  25.4,  0.442, -0.006,  0.000,5093426.1,  1,  22.8,   1.0, 0.100
2025-11-11 15:31:08,        0,  29.7,   2.0,  25.4,  0.438, -0.005,  0.000,5093421.0,  1,  22.7,   1.0, 0.100
2025-11-11 15:31:10,        0,  29.7,   2.0,  25.3,  0.431, -0.005,  0.000,5093414.3,  1,  22.7,   1.0, 0.100
2025-11-11 15:31:11,        0,  29.7,   2.0,  25.3,  0.425, -0.006,  0.000,5093408.5,  1,  22.7,   1.0, 0.100
2025-11-11 15:31:11,        0,  29.7,   2.1,  25.3,  0.419, -0.006,  0.000,5093403.0,  1,  22.8,   1.0, 0.100
2025-11-11 15:31:12,        0,  29.7,   2.0,  25.3,  0.414, -0.006,  0.000,5093397.2,  1,  22.7,   1.0, 0.100
2025-11-11 15:31:14,        0,  29.7,   2.1,  25.4,  0.408, -0.006,  0.000,5093390.0,  1,  22.7,   1.0, 0.100
2025-11-11 15:31:15,        0,  29.7,   2.1,  25.3,  0.404, -0.006,  0.000,5093385.8,  1,  22.7,   1.0, 0.100
2025-11-11 15:31:15,        0,  29.7,   2.1,  25.4,  0.400, -0.005,  0.000,5093380.0,  1,  22.8,   1.0, 0.100
2025-11-11 15:31:16,        0,  29.7,   2.1,  25.3,  0.394, -0.005,  0.000,5093375.4,  1,  22.8,   1.0, 0.100
2025-11-11 15:31:18,        0,  29.7,   2.1,  25.4,  0.391, -0.005,  0.000,5093368.7,  1,  22.8,   1.0, 0.100
2025-11-11 15:31:19,        0,  29.7,   2.0,  25.4,  0.386, -0.005,  0.000,5093363.6,  1,  22.8,   1.0, 0.100
2025-11-11 15:31:20,        0,  29.7,   2.1,  25.4,  0.382, -0.005,  0.000,5093358.6,  1,  22.8,   1.0, 0.100
2025-11-11 15:31:20,        0,  29.7,   2.0,  25.4,  0.379, -0.005,  0.000,5093353.1,  1,  22.8,   1.0, 0.100
2025-11-11 15:31:21,        0,  29.7,   2.1,  25.3,  0.374, -0.005,  0.000,5093348.5,  1,  22.7,   1.0, 0.100
2025-11-11 15:31:23,        0,  29.7,   2.1,  25.3,  0.370, -0.005,  0.000,5093343.1,  1,  22.8,   1.0, 0.100
2025-11-11 15:31:24,        0,  29.8,   2.3,  25.3,  0.366, -0.005,  0.000,5093338.1,  1,  22.8,   0.9, 0.100
2025-11-11 15:31:24,        0,  29.7,   2.1,  25.4,  0.362, -0.005,  0.000,5093334.3,  1,  22.7,   1.0, 0.100
2025-11-11 15:31:25,        0,  29.8,   2.3,  25.4,  0.359, -0.005,  0.000,5093328.4,  1,  22.8,   0.9, 0.100
2025-11-11 15:31:27,        0,  29.8,   2.3,  25.3,  0.355, -0.005,  0.000,5093322.6,  1,  22.7,   0.9, 0.100
2025-11-11 15:31:28,        0,  29.8,   2.3,  25.3,  0.351, -0.005,  0.000,5093317.9,  1,  22.7,   0.9, 0.100
2025-11-11 15:31:28,        0,  29.7,   2.1,  25.4,  0.348, -0.005,  0.000,5093313.3,  1,  22.7,   0.9, 0.100
2025-11-11 15:31:29,        0,  29.8,   2.3,  25.4,  0.346, -0.005,  0.000,5093308.7,  1,  22.8,   0.9, 0.100
2025-11-11 15:31:30,        0,  29.8,   2.3,  25.4,  0.342, -0.005,  0.000,5093304.1,  1,  22.7,   0.9, 0.100
2025-11-11 15:31:32,        0,  29.8,   2.3,  25.4,  0.339, -0.005,  0.000,5093299.9,  1,  22.7,   0.9, 0.100
2025-11-11 15:31:33,        0,  29.8,   2.4,  25.4,  0.334, -0.005,  0.000,5093294.9,  1,  22.8,   0.8, 0.100
2025-11-11 15:31:33,        0,  29.7,   2.1,  25.3,  0.332, -0.004,  0.000,5093290.3,  1,  22.8,   0.9, 0.100
2025-11-11 15:31:34,        0,  29.8,   2.4,  25.4,  0.330, -0.005,  0.000,5093286.1,  1,  22.8,   0.9, 0.100
2025-11-11 15:31:36,        0,  29.8,   2.3,  25.3,  0.327, -0.004,  0.000,5093281.1,  1,  22.7,   0.9, 0.100
2025-11-11 15:31:37,        0,  29.8,   2.3,  25.3,  0.324, -0.004,  0.000,5093276.9,  1,  22.8,   0.9, 0.100
2025-11-11 15:31:37,        0,  29.8,   2.3,  25.4,  0.321, -0.005,  0.000,5093272.7,  1,  22.8,   0.9, 0.100
2025-11-11 15:31:38,        0,  29.8,   2.4,  25.4,  0.319, -0.005,  0.000,5093268.9,  1,  22.8,   0.9, 0.100
2025-11-11 15:31:40,        0,  29.8,   2.4,  25.4,  0.315, -0.004,  0.000,5093263.5,  1,  22.7,   1.0, 0.100
2025-11-11 15:31:41,        0,  29.8,   2.4,  25.4,  0.313, -0.004,  0.000,5093259.7,  1,  22.7,   0.9, 0.100
2025-11-11 15:31:41,        0,  29.8,   2.3,  25.3,  0.311, -0.004,  0.000,5093255.5,  1,  22.8,   0.9, 0.100
2025-11-11 15:31:42,        0,  29.8,   2.4,  25.4,  0.308, -0.004,  0.000,5093251.7,  1,  22.8,   0.9, 0.100
2025-11-11 15:31:43,        0,  29.9,   2.6,  25.3,  0.306, -0.004,  0.000,5093247.1,  1,  22.8,   0.9, 0.100
2025-11-11 15:31:45,        0,  29.8,   2.3,  25.3,  0.304, -0.004,  0.000,5093242.5,  1,  22.7,   0.9, 0.100
2025-11-11 15:31:46,        0,  29.8,   2.4,  25.3,  0.301, -0.004,  0.000,5093238.7,  1,  22.7,   1.0, 0.100
2025-11-11 15:31:46,        0,  29.9,   2.6,  25.3,  0.299, -0.004,  0.000,5093235.0,  1,  22.7,   0.9, 0.100
2025-11-11 15:31:47,        0,  29.8,   2.4,  25.3,  0.296, -0.004,  0.000,5093231.2,  1,  22.8,   1.0, 0.100
2025-11-11 15:31:49,        0,  29.8,   2.4,  25.3,  0.293, -0.004,  0.000,5093226.6,  1,  22.7,   1.0, 0.100
2025-11-11 15:31:50,        0,  29.9,   2.6,  25.3,  0.292, -0.004,  0.000,5093221.6,  1,  22.8,   0.9, 0.100
2025-11-11 15:31:50,        0,  29.8,   2.4,  25.3,  0.290, -0.004,  0.000,5093218.2,  1,  22.8,   0.9, 0.100
2025-11-11 15:31:51,        0,  29.9,   2.6,  25.3,  0.288, -0.004,  0.000,5093214.4,  1,  22.7,   0.9, 0.100
2025-11-11 15:31:53,        0,  29.9,   2.6,  25.3,  0.286, -0.004,  0.000,5093210.2,  1,  22.7,   0.9, 0.100
2025-11-11 15:31:54,        0,  29.8,   2.4,  25.3,  0.284, -0.004,  0.000,5093206.5,  1,  22.7,   0.9, 0.100
2025-11-11 15:31:55,        0,  29.9,   2.6,  25.3,  0.282, -0.004,  0.000,5093202.7,  1,  22.7,   0.9, 0.100
2025-11-11 15:31:55,        0,  29.9,   2.6,  25.3,  0.280, -0.003,  0.000,5093198.9,  1,  22.7,   0.9, 0.100
2025-11-11 15:31:56,        0,  29.9,   2.6,  25.3,  0.278, -0.004,  0.000,5093195.6,  1,  22.7,   0.9, 0.100
2025-11-11 15:31:58,        0,  29.9,   2.6,  25.3,  0.276, -0.004,  0.000,5093191.0,  1,  22.7,   0.9, 0.100
2025-11-11 15:31:59,        0,  29.9,   2.6,  25.3,  4.936,  3.347,  0.018,5094668.3,  1,  22.7,   0.9, 0.100
2025-11-11 15:31:59,        0,  29.9,   2.6,  25.3,  1.300,  0.072,  0.000,5094815.0,  1,  22.8,   0.9, 0.100
2025-11-11 15:32:00,        0,  29.8,   2.3,  25.3,  1.056,  0.007,  0.000,5094820.4,  1,  22.7,   0.9, 0.100
2025-11-11 15:32:02,        0,  29.8,   2.4,  25.4,  0.931, -0.004,  0.000,5094817.0,  1,  22.7,   0.9, 0.100
2025-11-11 15:32:03,        0,  29.9,   2.6,  25.3,  0.879, -0.005,  0.000,5094812.0,  1,  22.7,   0.9, 0.100
2025-11-11 15:32:03,        0,  29.9,   2.6,  25.3,  0.816, -0.005,  0.000,5094806.6,  1,  22.7,   0.9, 0.100
2025-11-11 15:32:04,        0,  29.9,   2.6,  25.3,  0.780, -0.006,  0.000,5094801.1,  1,  22.8,   0.9, 0.100
2025-11-11 15:32:06,        0,  29.9,   2.6,  25.3,  0.734, -0.007,  0.000,5094793.2,  1,  22.7,   0.9, 0.100
2025-11-11 15:32:07,        0,  29.9,   2.6,  25.3,  0.709, -0.006,  0.000,5094787.7,  1,  22.8,   0.9, 0.100
2025-11-11 15:32:07,        0,  29.9,   2.6,  25.3,  0.686, -0.007,  0.000,5094780.6,  1,  22.8,   0.9, 0.100
2025-11-11 15:32:08,        0,  29.9,   2.6,  25.3,  0.656, -0.007,  0.000,5094774.3,  1,  22.7,   0.9, 0.100
2025-11-11 15:32:10,        0,  29.9,   2.6,  25.3,  0.629, -0.007,  0.000,5094766.3,  1,  22.7,   0.9, 0.100
2025-11-11 15:32:11,        0,  29.9,   2.6,  25.4,  0.614, -0.007,  0.000,5094760.1,  1,  22.8,   0.9, 0.100
2025-11-11 15:32:11,        0,  29.9,   2.6,  25.3,  0.600, -0.007,  0.000,5094753.8,  1,  22.7,   0.9, 0.100
2025-11-11 15:32:12,        0,  29.9,   2.6,  25.3,  0.586, -0.007,  0.000,5094747.5,  1,  22.7,   0.9, 0.100
2025-11-11 15:32:14,        0,  29.9,   2.6,  25.3,  0.567, -0.007,  0.000,5094739.5,  1,  22.7,   0.9, 0.100
2025-11-11 15:32:15,        0,  29.9,   2.8,  25.3,  4.064,  2.746,  0.017,5095982.1,  1,  22.7,   0.9, 0.100
2025-11-11 15:32:15,        0,  29.9,   2.8,  25.3,  6.205,  4.363,  0.027,5100150.9,  1,  22.7,   0.9, 0.100
2025-11-11 15:32:16,        0,  29.8,   2.4,  25.3,  4.247,  2.565,  0.013,5102423.6,  1,  22.7,   0.9, 0.100
2025-11-11 15:32:18,        0,  29.5,   1.5,  25.3,  1.124,  0.017,  0.000,5102468.5,  1,  22.7,   0.9, 0.100
2025-11-11 15:32:19,        0,  29.7,   2.1,  25.3,  1.006,  0.000,  0.000,5102468.5,  1,  22.7,   0.9, 0.100
2025-11-11 15:32:19,        0,  29.5,   1.6,  25.3,  0.918, -0.005,  0.000,5102464.3,  1,  22.7,   0.9, 0.100
2025-11-11 15:32:20,        0,  29.6,   1.8,  25.3,  0.876, -0.007,  0.000,5102458.0,  1,  22.7,   0.9, 0.100
2025-11-11 15:32:22,        0,  29.5,   1.6,  25.3,  0.824, -0.007,  0.000,5102449.6,  1,  22.7,   0.9, 0.100
2025-11-11 15:32:23,        0,  29.6,   1.8,  25.3,  0.792, -0.007,  0.000,5102443.7,  1,  22.7,   0.9, 0.100
2025-11-11 15:32:23,        0,  29.6,   1.8,  25.3,  0.763, -0.007,  0.000,5102436.6,  1,  22.7,   0.9, 0.100
