Time, Cnts,  %T, set_Cell[mA], Cell[°C], Cell[Volt], Cell[mA], Cell[W], Cell[uAs], Cell_ON, Env[°C], TEC[°C], N2Flow[slpm]
2025-11-10 14:38:11,        0,  29.7,   2.1,  25.4,  0.545, -0.007,  0.000,     -3.7,  1,  22.5,   0.9, 0.100
2025-11-10 14:38:12,        0,  29.8,   2.5,  25.5,  0.536, -0.006,  0.000,    -10.3,  1,  22.5,   0.9, 0.100
2025-11-10 14:38:13,        0,  29.8,   2.3,  25.4,  0.521, -0.006,  0.000,    -16.3,  1,  22.4,   0.9, 0.100
2025-11-10 14:38:14,        0,  29.8,   2.5,  25.5,  0.509, -0.006,  0.000,    -23.7,  1,  22.5,   1.0, 0.100
2025-11-10 14:38:15,        0,  29.9,   2.7,  25.5,  0.500, -0.006,  0.000,    -29.5,  1,  22.5,   1.0, 0.100
2025-11-10 14:38:16,        0,  29.9,   2.7,  25.5,  5.874,  4.328,  0.026,   2901.4,  1,  22.5,   1.0, 0.100
2025-11-10 14:38:17,        0,  29.9,   2.7,  25.5,  5.973,  4.367,  0.026,   5970.1,  1,  22.5,   1.0, 0.100
2025-11-10 14:38:18,        0,  29.4,   1.2,  25.5,  1.172,  0.033,  0.000,   6053.9,  1,  22.5,   1.0, 0.100
2025-11-10 14:38:19,        0,  29.6,   1.8,  25.5,  0.973,  0.000,  0.000,   6057.9,  1,  22.5,   1.0, 0.100
2025-11-10 14:38:20,        0,  29.6,   1.7,  25.5,  0.911, -0.004,  0.000,   6054.5,  1,  22.5,   1.0, 0.100
2025-11-10 14:38:21,        0,  29.6,   1.8,  25.5,  0.866, -0.005,  0.000,   6049.3,  1,  22.5,   1.0, 0.100
2025-11-10 14:38:22,        0,  29.5,   1.6,  25.5,  0.825, -0.006,  0.000,   6043.6,  1,  22.5,   1.0, 0.100
2025-11-10 14:38:23,        0,  29.7,   2.0,  25.5,  0.773, -0.007,  0.000,   6035.9,  1,  22.5,   1.0, 0.100
2025-11-10 14:38:24,        0,  29.6,   1.8,  25.5,  0.730, -0.006,  0.000,   6029.9,  1,  22.5,   1.0, 0.100
2025-11-10 14:38:25,        0,  29.7,   2.0,  25.5,  0.706, -0.007,  0.000,   6023.0,  1,  22.5,   1.0, 0.100
2025-11-10 14:38:26,        0,  29.7,   2.0,  25.5,  0.684, -0.007,  0.000,   6016.4,  1,  22.5,   1.0, 0.100
2025-11-10 14:38:27,        0,  29.7,   2.2,  25.5,  0.655, -0.007,  0.000,   6008.4,  1,  22.5,   1.0, 0.100
2025-11-10 14:38:28,        0,  29.7,   2.0,  25.5,  0.638, -0.007,  0.000,   6001.9,  1,  22.5,   1.0, 0.100
2025-11-10 14:38:29,        0,  29.7,   2.2,  25.5,  0.615, -0.007,  0.000,   5995.6,  1,  22.5,   1.0, 0.100
2025-11-10 14:38:30,        0,  29.9,   2.7,  25.5,  0.601, -0.007,  0.000,   5989.3,  1,  22.5,   0.9, 0.100
2025-11-10 14:38:31,        0,  30.1,   3.2,  25.5,  5.971,  4.366,  0.027,   9606.7,  1,  22.5,   0.9, 0.100
2025-11-10 14:38:32,        0,  30.1,   3.3,  25.5,  6.131,  4.517,  0.028,  13890.6,  1,  22.5,   1.0, 0.099
2025-11-10 14:38:33,        0,  30.7,   5.2,  25.5,  6.170,  4.553,  0.028,  18899.1,  1,  22.5,   1.0, 0.100
2025-11-10 14:38:34,        0,  30.4,   4.3,  25.4,  8.133,  6.475,  0.053,  24843.4,  1,  22.4,   0.9, 0.101
2025-11-10 14:38:35,        0,  31.2,   6.6,  25.4,  8.629,  6.961,  0.060,  32597.1,  1,  22.4,   0.9, 0.102
2025-11-10 14:38:36,        0,  31.7,   8.0,  25.4, 10.284,  8.595,  0.088,  40855.1,  1,  22.5,   0.9, 0.101
2025-11-10 14:38:37,        0,  32.5,  10.6,  25.4, 12.219, 10.512,  0.129,  51213.7,  1,  22.5,   0.9, 0.099
2025-11-10 14:38:38,        0,  33.1,  12.3,  25.4, 16.054, 14.319,  0.232,  65691.4,  1,  22.4,   0.8, 0.099
2025-11-10 14:38:39,        0,  35.0,  18.0,  25.5, 20.656, 18.930,  0.391,  85872.7,  1,  22.4,   0.8, 0.099
2025-11-10 14:38:40,        0,  35.6,  19.8,  25.4, 21.540, 19.848,  0.428, 104611.9,  1,  22.4,   0.8, 0.099
2025-11-10 14:38:41,        0,  36.4,  22.3,  25.4, 24.462, 22.830,  0.559, 125727.9,  1,  22.4,   0.8, 0.099
2025-11-10 14:38:42,        0,  39.8,  32.3,  25.4, 28.876, 27.323,  0.793, 157842.4,  1,  22.4,   0.8, 0.099
2025-11-10 14:38:43,        0,  37.6,  25.7,  25.5, 31.931, 30.588,  0.978, 188095.4,  1,  22.4,   0.8, 0.099
2025-11-10 14:38:44,        0,  39.2,  30.5,  25.4, 36.044, 34.887,  1.259, 219074.3,  1,  22.4,   0.8, 0.099
2025-11-10 14:38:45,        0,  39.4,  31.2,  25.4, 36.118, 35.072,  1.267, 251827.8,  1,  22.4,   0.8, 0.099
2025-11-10 14:38:46,        0,  39.8,  32.5,  25.4, 34.999, 34.111,  1.196, 292899.8,  1,  22.4,   0.8, 0.099
2025-11-10 14:38:47,        0,  43.1,  42.2,  25.5, 31.741, 30.834,  0.995, 324893.2,  1,  22.4,   0.8, 0.099
2025-11-10 14:38:48,        0,  39.1,  30.4,  25.4, 37.148, 36.588,  1.362, 362988.0,  1,  22.4,   0.8, 0.099
2025-11-10 14:38:49,        0,  39.8,  32.3,  25.4, 42.090, 41.864,  1.766, 399868.3,  1,  22.4,   0.8, 0.099
2025-11-10 14:38:50,        0,  41.0,  36.0,  25.4, 41.676, 41.622,  1.739, 445499.9,  1,  22.4,   0.9, 0.099
2025-11-10 14:38:51,        0,  44.8,  47.4,  25.5, 43.120, 43.231,  1.866, 486126.7,  1,  22.5,   0.9, 0.101
2025-11-10 14:38:52,        0,  40.1,  33.2,  25.4, 42.960, 43.300,  1.891, 526420.2,  1,  22.4,   0.9, 0.105
2025-11-10 14:38:53,        0,  42.5,  40.5,  25.5, 39.799, 39.990,  1.592, 563956.9,  1,  22.4,   0.9, 0.104
2025-11-10 14:38:54,        0,  40.5,  34.4,  25.5, 37.644, 37.839,  1.432, 611798.6,  1,  22.4,   0.9, 0.101
2025-11-10 14:38:55,        0,  40.6,  34.7,  25.5, 39.422, 39.715,  1.566, 648707.2,  1,  22.4,   0.9, 0.100
2025-11-10 14:38:56,        0,  39.4,  31.2,  25.4, 36.560, 36.714,  1.344, 684340.1,  1,  22.4,   0.9, 0.100
2025-11-10 14:38:57,        0,  34.1,  15.2,  25.5, 36.066, 36.161,  1.311, 714921.0,  1,  22.4,   0.9, 0.100
2025-11-10 14:38:58,        0,  38.7,  29.0,  25.5, 39.259, 39.496,  1.591, 752579.0,  1,  22.4,   0.9, 0.100
2025-11-10 14:38:59,        0,  35.6,  19.8,  25.4, 32.593, 32.404,  1.068, 785094.5,  1,  22.4,   0.9, 0.100
2025-11-10 14:39:00,        0,  38.1,  27.3,  25.5, 35.760, 35.736,  1.282, 814759.0,  1,  22.4,   0.9, 0.100
2025-11-10 14:39:01,        0,  39.8,  32.5,  25.5, 33.850, 33.669,  1.140, 846474.0,  1,  22.5,   0.9, 0.100
2025-11-10 14:39:02,        0,  36.7,  23.2,  25.5, 34.303, 34.161,  1.175, 884945.3,  1,  22.4,   0.9, 0.100
2025-11-10 14:39:03,        0,  38.2,  27.5,  25.5, 20.845, 19.912,  0.421, 909602.8,  1,  22.4,   0.9, 0.100
2025-11-10 14:39:04,        0,  38.6,  28.8,  25.5, 32.876, 32.517,  1.070, 937616.5,  1,  22.4,   0.9, 0.100
2025-11-10 14:39:05,        0,  35.9,  20.7,  25.5, 22.322, 21.388,  0.483, 962134.6,  1,  22.4,   0.9, 0.100
2025-11-10 14:39:06,        0,  33.8,  14.5,  25.5, 29.854, 29.224,  0.874, 993298.0,  1,  22.4,   0.8, 0.100
2025-11-10 14:39:07,        0,  39.0,  30.0,  25.5, 29.825, 29.147,  0.870,1017943.2,  1,  22.4,   0.8, 0.100
2025-11-10 14:39:08,        0,  37.1,  24.3,  25.5, 30.136, 29.493,  0.893,1047022.0,  1,  22.4,   0.8, 0.100
2025-11-10 14:39:09,        0,  36.0,  21.0,  25.5, 26.928, 26.110,  0.707,1072815.3,  1,  22.4,   0.9, 0.100
2025-11-10 14:39:10,        0,  38.7,  29.0,  25.5, 28.725, 27.922,  0.819,1103991.3,  1,  22.4,   0.8, 0.100
2025-11-10 14:39:11,        0,  35.8,  20.5,  25.5, 26.260, 25.377,  0.668,1130971.9,  1,  22.4,   0.8, 0.100
2025-11-10 14:39:12,        0,  33.4,  13.2,  25.5, 19.974, 18.804,  0.379,1150674.4,  1,  22.5,   0.8, 0.100
2025-11-10 14:39:13,        0,  37.0,  24.0,  25.5, 26.643, 25.685,  0.705,1173494.9,  1,  22.4,   0.8, 0.100
2025-11-10 14:39:14,        0,  37.1,  24.2,  25.5, 24.714, 23.645,  0.586,1203625.8,  1,  22.4,   0.8, 0.100
2025-11-10 14:39:15,        0,  35.8,  20.3,  25.5, 27.856, 26.944,  0.751,1229495.8,  1,  22.5,   0.8, 0.100
2025-11-10 14:39:16,        0,  35.5,  19.5,  25.5, 26.717, 25.737,  0.692,1253019.1,  1,  22.4,   0.8, 0.100
2025-11-10 14:39:17,        0,  37.7,  26.2,  25.5, 26.756, 25.747,  0.689,1276807.9,  1,  22.4,   0.8, 0.100
2025-11-10 14:39:18,        0,  36.1,  21.3,  25.5, 30.818, 30.001,  0.927,1311174.8,  1,  22.4,   0.8, 0.100
2025-11-10 14:39:19,        0,  36.4,  22.3,  25.5, 23.920, 22.842,  0.573,1333085.0,  1,  22.5,   0.8, 0.100
2025-11-10 14:39:20,        0,  34.0,  15.0,  25.5, 29.712, 28.804,  0.860,1359903.4,  1,  22.4,   0.8, 0.100
2025-11-10 14:39:21,        0,  38.8,  29.5,  25.5, 30.406, 29.545,  0.900,1384954.0,  1,  22.5,   0.8, 0.100
2025-11-10 14:39:22,        0,  37.7,  26.0,  25.5, 27.062, 26.081,  0.707,1417317.1,  1,  22.4,   0.8, 0.100
2025-11-10 14:39:23,        0,  38.4,  28.2,  25.5, 31.948, 31.206,  0.997,1446467.4,  1,  22.5,   0.8, 0.100
2025-11-10 14:39:24,        0,  38.3,  28.0,  25.5, 29.479, 28.627,  0.847,1475699.1,  1,  22.5,   0.8, 0.100
2025-11-10 14:39:25,        0,  38.4,  28.3,  25.5, 36.395, 35.918,  1.315,1508422.6,  1,  22.4,   0.8, 0.100
2025-11-10 14:39:26,        0,  35.5,  19.5,  25.5, 30.773, 30.114,  0.930,1537778.1,  1,  22.4,   0.8, 0.100
2025-11-10 14:39:27,        0,  40.5,  34.5,  25.5, 32.854, 32.211,  1.063,1570814.3,  1,  22.5,   0.8, 0.100
2025-11-10 14:39:28,        0,  38.2,  27.7,  25.5, 35.110, 34.688,  1.224,1604097.5,  1,  22.5,   0.8, 0.100
2025-11-10 14:39:29,        0,  37.3,  24.9,  25.5, 32.411, 31.865,  1.033,1634657.3,  1,  22.5,   0.8, 0.100
2025-11-10 14:39:30,        0,  37.9,  26.8,  25.5, 40.269, 40.151,  1.625,1667627.7,  1,  22.5,   0.8, 0.100
2025-11-10 14:39:31,        0,  39.5,  31.5,  25.5, 39.029, 38.965,  1.523,1709495.3,  1,  22.5,   0.8, 0.100
2025-11-10 14:39:32,        0,  40.1,  33.2,  25.5, 38.532, 38.536,  1.487,1745683.8,  1,  22.5,   0.8, 0.100
2025-11-10 14:39:33,        0,  42.4,  40.2,  25.5, 30.478, 30.028,  0.925,1778443.5,  1,  22.5,   0.8, 0.100
2025-11-10 14:39:34,        0,  40.8,  35.5,  25.5, 39.008, 39.193,  1.543,1815968.2,  1,  22.5,   0.8, 0.100
2025-11-10 14:39:35,        0,  38.1,  27.3,  25.5, 35.349, 35.371,  1.251,1858904.5,  1,  22.5,   0.8, 0.100
2025-11-10 14:39:36,        0,  39.0,  30.0,  25.5, 38.769, 38.959,  1.528,1895015.5,  1,  22.5,   0.8, 0.100
2025-11-10 14:39:37,        0,  38.9,  29.7,  25.5, 33.349, 33.232,  1.111,1925983.0,  1,  22.5,   0.8, 0.100
2025-11-10 14:39:38,        0,  40.2,  33.7,  25.5, 36.178, 36.276,  1.320,1958701.6,  1,  22.5,   0.8, 0.100
2025-11-10 14:39:39,        0,  41.7,  38.0,  25.5, 36.642, 36.723,  1.349,1994853.8,  1,  22.5,   0.8, 0.100
2025-11-10 14:39:40,        0,  40.1,  33.4,  25.5, 31.977, 31.812,  1.019,2034673.5,  1,  22.5,   0.8, 0.100
2025-11-10 14:39:41,        0,  39.2,  30.5,  25.5, 40.002, 40.372,  1.619,2073051.3,  1,  22.5,   0.8, 0.100
2025-11-10 14:39:42,        0,  40.1,  33.4,  25.5, 31.523, 31.378,  0.991,2104756.9,  1,  22.5,   0.8, 0.100
2025-11-10 14:39:43,        0,  38.7,  29.0,  25.5, 38.962, 39.293,  1.534,2140154.9,  1,  22.5,   0.8, 0.100
2025-11-10 14:39:44,        0,  39.9,  32.8,  25.5, 36.117, 36.278,  1.315,2181905.8,  1,  22.5,   0.8, 0.100
2025-11-10 14:39:45,        0,  40.2,  33.5,  25.5, 28.474, 28.177,  0.815,2212294.4,  1,  22.5,   0.9, 0.100
2025-11-10 14:39:46,        0,  39.6,  31.8,  25.5, 37.355, 32.378,  1.053,2245984.4,  1,  22.5,   0.9, 0.100
2025-11-10 14:39:47,        0,  41.1,  36.4,  25.6, 38.023, 38.258,  1.460,2281243.1,  1,  22.5,   0.9, 0.100
2025-11-10 14:39:48,        0,  37.9,  26.8,  25.6, 35.536, 35.642,  1.267,2321897.0,  1,  22.5,   0.9, 0.100
2025-11-10 14:39:49,        0,  37.6,  25.7,  25.6, 33.477, 33.423,  1.122,2351989.5,  1,  22.5,   0.9, 0.100
2025-11-10 14:39:50,        0,  39.1,  30.4,  25.6, 31.011, 30.735,  0.955,2381827.8,  1,  22.5,   0.9, 0.100
2025-11-10 14:39:51,        0,  39.4,  31.2,  25.6, 29.665, 29.301,  0.872,2411382.6,  1,  22.5,   0.9, 0.100
2025-11-10 14:39:52,        0,  40.2,  33.7,  25.6, 30.886, 30.572,  0.957,2443084.6,  1,  22.5,   1.0, 0.100
2025-11-10 14:39:53,        0,  39.1,  30.3,  25.5, 25.712, 25.070,  0.646,2478188.5,  1,  22.5,   1.0, 0.100
2025-11-10 14:39:54,        0,  40.6,  34.7,  25.6, 31.368, 31.052,  0.975,2508492.6,  1,  22.5,   1.0, 0.100
2025-11-10 14:39:55,        0,  38.0,  27.0,  25.6, 25.482, 24.840,  0.663,2535439.2,  1,  22.5,   1.0, 0.100
2025-11-10 14:39:56,        0,  36.1,  21.2,  25.6, 24.261, 23.450,  0.569,2560225.7,  1,  22.5,   1.0, 0.100
2025-11-10 14:39:57,        0,  36.2,  21.7,  25.6, 34.562, 34.293,  1.186,2595364.1,  1,  22.5,   1.0, 0.100
2025-11-10 14:39:58,        0,  35.8,  20.3,  25.6, 30.801, 30.284,  0.935,2622055.9,  1,  22.5,   1.0, 0.100
2025-11-10 14:39:59,        0,  39.3,  31.0,  25.6, 24.163, 23.275,  0.567,2645744.4,  1,  22.5,   1.0, 0.100
2025-11-10 14:40:00,        0,  36.1,  21.2,  25.6, 25.555, 24.771,  0.658,2669448.2,  1,  22.5,   1.0, 0.100
2025-11-10 14:40:01,        0,  37.7,  26.0,  25.6, 28.125, 27.381,  0.775,2701094.1,  1,  22.5,   1.0, 0.100
2025-11-10 14:40:02,        0,  36.3,  22.0,  25.6, 30.285, 29.605,  0.897,2727658.4,  1,  22.5,   1.0, 0.100
2025-11-10 14:40:03,        0,  36.7,  23.2,  25.6, 27.027, 26.175,  0.717,2752126.0,  1,  22.5,   1.0, 0.100
2025-11-10 14:40:04,        0,  38.4,  28.3,  25.6, 13.525, 12.102,  0.169,2770786.7,  1,  22.5,   1.0, 0.100
2025-11-10 14:40:05,        0,  35.9,  20.7,  25.6, 29.888, 29.164,  0.874,2805284.9,  1,  22.5,   1.0, 0.100
2025-11-10 14:40:06,        0,  35.6,  19.8,  25.6, 24.487, 23.486,  0.576,2827309.8,  1,  22.5,   1.0, 0.100
2025-11-10 14:40:07,        0,  36.9,  23.8,  25.6, 27.874, 27.009,  0.754,2851761.7,  1,  22.5,   1.0, 0.100
2025-11-10 14:40:08,        0,  36.7,  23.0,  25.6, 27.416, 26.560,  0.732,2877143.0,  1,  22.5,   1.0, 0.100
2025-11-10 14:40:09,        0,  35.6,  19.7,  25.7, 21.890, 20.755,  0.461,2898144.4,  1,  22.5,   1.0, 0.100
2025-11-10 14:40:10,        0,  35.7,  20.2,  25.6, 25.750, 24.722,  0.637,2925041.8,  1,  22.5,   1.0, 0.100
2025-11-10 14:40:11,        0,  35.9,  20.7,  25.6, 25.473, 24.423,  0.622,2948383.9,  1,  22.5,   1.0, 0.100
2025-11-10 14:40:12,        0,  34.9,  17.8,  25.6, 23.881, 22.756,  0.544,2970799.8,  1,  22.5,   1.0, 0.100
2025-11-10 14:40:13,        0,  34.3,  15.8,  25.6, 23.659, 22.516,  0.534,2991599.7,  1,  22.5,   1.0, 0.100
2025-11-10 14:40:14,        0,  32.0,   9.0,  25.6, 24.051, 22.859,  0.551,3014950.0,  1,  22.5,   0.9, 0.100
2025-11-10 14:40:15,        0,  35.1,  18.3,  25.6, 15.528, 14.026,  0.227,3027969.2,  1,  22.5,   0.9, 0.100
2025-11-10 14:40:16,        0,  34.3,  16.0,  25.7, 17.242, 15.785,  0.278,3045455.8,  1,  22.6,   0.9, 0.100
2025-11-10 14:40:17,        0,  32.2,   9.5,  25.6, 20.597, 19.212,  0.396,3063475.4,  1,  22.5,   0.9, 0.100
2025-11-10 14:40:18,        0,  33.2,  12.5,  25.6, 22.489, 21.112,  0.475,3084348.2,  1,  22.5,   0.9, 0.100
2025-11-10 14:40:19,        0,  33.7,  14.2,  25.6, 16.915, 15.377,  0.265,3098751.9,  1,  22.6,   0.9, 0.100
2025-11-10 14:40:20,        0,  34.2,  15.5,  25.6, 22.135, 20.709,  0.459,3116854.7,  1,  22.5,   0.9, 0.100
2025-11-10 14:40:21,        0,  33.2,  12.5,  25.6, 17.149, 15.599,  0.270,3131536.2,  1,  22.6,   0.9, 0.100
2025-11-10 14:40:22,        0,  33.2,  12.5,  25.7, 17.034, 15.456,  0.265,3146550.7,  1,  22.5,   0.9, 0.100
2025-11-10 14:40:23,        0,  34.8,  17.5,  25.6, 13.967, 12.323,  0.175,3163495.4,  1,  22.5,   0.9, 0.100
2025-11-10 14:40:24,        0,  33.8,  14.3,  25.6, 17.626, 16.049,  0.285,3180319.3,  1,  22.5,   0.8, 0.100
2025-11-10 14:40:25,        0,  32.8,  11.3,  25.7, 18.058, 16.468,  0.299,3195476.7,  1,  22.6,   0.8, 0.100
2025-11-10 14:40:26,        0,  32.7,  11.0,  25.7, 16.323, 14.688,  0.241,3208913.6,  1,  22.5,   0.8, 0.100
2025-11-10 14:40:27,        0,  33.6,  13.8,  25.6, 18.433, 16.829,  0.312,3226674.0,  1,  22.6,   0.8, 0.100
2025-11-10 14:40:28,        0,  33.3,  12.8,  25.6, 14.250, 12.563,  0.180,3239780.8,  1,  22.6,   0.8, 0.100
2025-11-10 14:40:29,        0,  32.5,  10.6,  25.7, 17.198, 15.540,  0.269,3254006.3,  1,  22.5,   0.8, 0.100
2025-11-10 14:40:30,        0,  33.1,  12.2,  25.7, 17.454, 15.799,  0.277,3268247.0,  1,  22.6,   0.8, 0.100
2025-11-10 14:40:31,        0,  33.8,  14.3,  25.7, 10.712,  8.982,  0.101,3282023.2,  1,  22.6,   0.8, 0.100
2025-11-10 14:40:32,        0,  33.6,  13.7,  25.6, 15.806, 14.116,  0.224,3295916.0,  1,  22.6,   0.8, 0.100
2025-11-10 14:40:33,        0,  33.3,  13.0,  25.6, 16.040, 14.348,  0.230,3310134.7,  1,  22.6,   0.8, 0.100
2025-11-10 14:40:34,        0,  32.2,   9.5,  25.6, 14.154, 12.433,  0.176,3322704.6,  1,  22.6,   0.9, 0.100
2025-11-10 14:40:35,        0,  32.4,  10.1,  25.7, 15.233, 13.518,  0.206,3338528.4,  1,  22.5,   0.8, 0.100
2025-11-10 14:40:36,        0,  33.2,  12.5,  25.6, 14.087, 12.359,  0.174,3350499.2,  1,  22.6,   0.9, 0.100
2025-11-10 14:40:37,        0,  31.4,   7.1,  25.7, 12.139, 10.394,  0.128,3361095.6,  1,  22.6,   0.9, 0.100
2025-11-10 14:40:38,        0,  32.5,  10.6,  25.7, 12.704, 10.957,  0.140,3371177.1,  1,  22.6,   0.9, 0.100
2025-11-10 14:40:39,        0,  31.9,   8.6,  25.7, 13.104, 11.357,  0.150,3384617.1,  1,  22.6,   0.9, 0.100
2025-11-10 14:40:40,        0,  31.5,   7.5,  25.7, 13.904, 12.158,  0.170,77727001190.2,  1,  22.6,   1.0, 0.100
2025-11-10 14:40:41,        0,  31.6,   7.8,  25.7, 11.516,  9.753,  0.113,3404885.4,  1,  22.6,   0.9, 0.100
2025-11-10 14:40:42,        0,  32.0,   9.0,  25.6,  9.667,  7.912,  0.077,3413415.7,  1,  22.6,   0.9, 0.100
2025-11-10 14:40:43,        0,  30.2,   3.6,  25.6,  9.670,  7.911,  0.077,3424110.1,  1,  22.6,   1.0, 0.100
2025-11-10 14:40:44,        0,  31.5,   7.5,  25.6, 10.449,  8.692,  0.095,3432471.1,  1,  22.6,   0.9, 0.100
2025-11-10 14:40:45,        0,  31.7,   8.1,  25.7, 10.144,  8.379,  0.086,3441109.3,  1,  22.6,   0.9, 0.100
2025-11-10 14:40:46,        0,  31.1,   6.3,  25.6,  8.902,  7.145,  0.064,3449178.9,  1,  22.6,   1.0, 0.100
2025-11-10 14:40:47,        0,  29.8,   2.3,  25.6, 12.597, 10.830,  0.136,3460447.8,  1,  22.6,   0.9, 0.100
2025-11-10 14:40:48,        0,  30.9,   5.6,  25.6, 10.831,  9.073,  0.100,3468140.3,  1,  22.6,   1.0, 0.100
2025-11-10 14:40:49,        0,  31.1,   6.3,  25.7,  9.593,  7.832,  0.075,3475724.2,  1,  22.6,   1.0, 0.100
2025-11-10 14:40:50,        0,  30.9,   5.8,  25.7,  8.391,  6.638,  0.056,3482634.0,  1,  22.6,   1.0, 0.100
2025-11-10 14:40:51,        0,  30.0,   3.1,  25.7, 11.212,  9.447,  0.107,3490960.6,  1,  22.5,   1.0, 0.100
2025-11-10 14:40:52,        0,  31.9,   8.6,  25.7, 11.292,  9.529,  0.110,3499938.5,  1,  22.6,   1.0, 0.100
2025-11-10 14:40:53,        0,  31.2,   6.6,  25.6, 10.333,  8.570,  0.089,3508946.7,  1,  22.5,   1.0, 0.100
2025-11-10 14:40:54,        0,  29.4,   1.3,  25.6,  8.331,  6.584,  0.055,3515773.4,  1,  22.5,   1.0, 0.100
2025-11-10 14:40:55,        0,  31.3,   6.8,  25.7, 10.566,  8.811,  0.093,3522159.1,  1,  22.6,   1.0, 0.100
2025-11-10 14:40:56,        0,  30.7,   5.1,  25.6,  8.839,  7.090,  0.064,3531238.0,  1,  22.5,   1.0, 0.100
2025-11-10 14:40:57,        0,  31.0,   6.1,  25.6,  9.374,  7.619,  0.071,3538350.4,  1,  22.6,   1.0, 0.100
2025-11-10 14:40:58,        0,  29.8,   2.5,  25.7, 10.146,  8.390,  0.085,3545655.7,  1,  22.5,   1.0, 0.100
2025-11-10 14:40:59,        0,  31.3,   6.8,  25.7,  8.461,  6.720,  0.058,3551656.3,  1,  22.5,   1.0, 0.100
2025-11-10 14:41:00,        0,  31.3,   7.0,  25.6,  9.982,  8.228,  0.083,3559402.4,  1,  22.5,   0.9, 0.100
2025-11-10 14:41:01,        0,  31.2,   6.6,  25.6,  8.924,  7.180,  0.065,3568247.4,  1,  22.6,   0.9, 0.100
2025-11-10 14:41:02,        0,  30.0,   3.1,  25.7,  7.750,  6.020,  0.047,3574766.5,  1,  22.6,   0.9, 0.100
2025-11-10 14:41:03,        0,  31.0,   6.1,  25.7,  7.947,  6.211,  0.050,3581040.3,  1,  22.6,   0.9, 0.100
2025-11-10 14:41:04,        0,  30.2,   3.5,  25.6,  8.189,  6.454,  0.053,3587582.4,  1,  22.6,   0.9, 0.100
2025-11-10 14:41:05,        0,  30.6,   4.8,  25.7,  9.512,  7.770,  0.074,3594580.0,  1,  22.6,   0.9, 0.100
2025-11-10 14:41:06,        0,  30.7,   5.0,  25.6,  9.164,  7.430,  0.069,3601134.2,  1,  22.5,   0.9, 0.100
2025-11-10 14:41:07,        0,  30.4,   4.1,  25.6,  7.435,  5.714,  0.043,3606803.8,  1,  22.5,   0.9, 0.100
2025-11-10 14:41:08,        0,  30.7,   5.0,  25.6,  7.707,  5.984,  0.046,3612329.5,  1,  22.6,   0.9, 0.100
2025-11-10 14:41:09,        0,  30.4,   4.3,  25.7,  7.678,  5.957,  0.046,3619162.9,  1,  22.6,   0.9, 0.100
2025-11-10 14:41:10,        0,  30.2,   3.5,  25.6,  7.899,  6.177,  0.049,3624859.6,  1,  22.6,   0.9, 0.100
2025-11-10 14:41:11,        0,  30.2,   3.5,  25.7,  7.742,  6.022,  0.047,3630250.9,  1,  22.6,   0.9, 0.100
2025-11-10 14:41:12,        0,  30.4,   4.3,  25.6,  8.066,  6.344,  0.051,3635865.1,  1,  22.6,   0.8, 0.100
2025-11-10 14:41:13,        0,  29.7,   2.1,  25.6,  7.101,  5.391,  0.039,3641829.6,  1,  22.6,   0.9, 0.100
2025-11-10 14:41:14,        0,  29.9,   2.6,  25.6,  5.833,  4.158,  0.026,3644789.3,  1,  22.6,   0.9, 0.100
2025-11-10 14:41:15,        0,  30.3,   4.0,  25.7,  7.795,  6.084,  0.048,3649782.4,  1,  22.6,   0.9, 0.100
2025-11-10 14:41:16,        0,  30.6,   4.8,  25.7,  7.109,  5.404,  0.038,3655076.4,  1,  22.6,   0.9, 0.100
2025-11-10 14:41:17,        0,  29.9,   2.6,  25.7,  7.567,  5.858,  0.044,3660508.3,  1,  22.6,   0.9, 0.100
2025-11-10 14:41:18,        0,  30.1,   3.3,  25.7,  4.382,  2.754,  0.014,3665270.5,  1,  22.6,   0.9, 0.100
2025-11-10 14:41:19,        0,  30.0,   3.1,  25.7,  6.168,  4.485,  0.028,3669498.3,  1,  22.6,   0.8, 0.100
2025-11-10 14:41:20,        0,  30.4,   4.3,  25.6,  6.281,  4.596,  0.029,3674082.4,  1,  22.6,   0.8, 0.100
2025-11-10 14:41:21,        0,  29.4,   1.3,  25.6,  6.700,  5.006,  0.034,3679088.5,  1,  22.6,   0.8, 0.100
2025-11-10 14:41:22,        0,  30.4,   4.3,  25.7,  2.992,  1.587,  0.010,3680826.4,  1,  22.6,   0.8, 0.100
2025-11-10 14:41:23,        0,  30.0,   3.0,  25.7,  5.098,  3.450,  0.019,3684175.9,  1,  22.6,   0.8, 0.100
2025-11-10 14:41:24,        0,  30.0,   3.0,  25.7,  6.207,  4.536,  0.028,3688298.9,  1,  22.6,   0.9, 0.100
2025-11-10 14:41:25,        0,  30.4,   4.1,  25.6,  7.407,  5.713,  0.042,3693348.2,  1,  22.6,   0.8, 0.100
2025-11-10 14:41:26,        0,  29.8,   2.3,  25.6,  7.147,  5.456,  0.039,3698513.9,  1,  22.6,   0.9, 0.100
2025-11-10 14:41:27,        0,  30.0,   3.0,  25.6,  4.303,  2.689,  0.014,3702005.8,  1,  22.6,   0.8, 0.100
2025-11-10 14:41:28,        0,  29.8,   2.5,  25.7,  6.304,  4.632,  0.029,3705573.6,  1,  22.6,   0.9, 0.100
2025-11-10 14:41:29,        0,  30.0,   3.0,  25.7,  1.602,  0.220,  0.000,3705815.4,  1,  22.6,   0.9, 0.100
2025-11-10 14:41:30,        0,  30.3,   3.8,  25.7,  6.467,  4.794,  0.031,3710071.3,  1,  22.6,   0.9, 0.100
2025-11-10 14:41:31,        0,  29.8,   2.5,  25.7,  6.822,  5.142,  0.035,3715835.6,  1,  22.6,   0.9, 0.100
2025-11-10 14:41:32,        0,  29.9,   2.6,  25.6,  6.033,  4.367,  0.026,3720003.0,  1,  22.6,   0.8, 0.100
2025-11-10 14:41:33,        0,  30.3,   3.8,  25.6,  5.709,  4.052,  0.024,3723174.8,  1,  22.6,   0.8, 0.100
2025-11-10 14:41:34,        0,  30.2,   3.6,  25.6,  6.387,  4.716,  0.030,3727804.1,  1,  22.6,   0.8, 0.100
2025-11-10 14:41:35,        0,  29.6,   1.8,  25.6,  3.025,  1.482,  0.006,3730858.0,  1,  22.6,   0.8, 0.100
2025-11-10 14:41:36,        0,  29.8,   2.3,  25.6,  4.310,  2.802,  0.017,3732720.5,  1,  22.6,   0.9, 0.100
2025-11-10 14:41:37,        0,  30.0,   3.1,  25.7,  1.873,  0.496,  0.002,3734284.1,  1,  22.6,   0.8, 0.100
2025-11-10 14:41:38,        0,  30.1,   3.3,  25.7,  6.201,  4.537,  0.028,3738567.7,  1,  22.6,   0.8, 0.100
2025-11-10 14:41:39,        0,  29.5,   1.5,  25.6,  6.249,  4.585,  0.029,3743060.0,  1,  22.6,   0.9, 0.100
2025-11-10 14:41:40,        0,  29.6,   1.8,  25.6,  1.459,  0.131,  0.000,3743562.5,  1,  22.6,   0.8, 0.100
2025-11-10 14:41:41,        0,  29.9,   2.8,  25.6,  4.578,  3.092,  0.019,3745173.1,  1,  22.6,   0.9, 0.100
2025-11-10 14:41:42,        0,  30.0,   3.0,  25.7,  6.058,  4.406,  0.027,3749435.7,  1,  22.6,   0.9, 0.100
2025-11-10 14:41:43,        0,  29.6,   1.8,  25.6,  6.015,  4.365,  0.026,3752967.4,  1,  22.6,   0.9, 0.100
2025-11-10 14:41:44,        0,  29.9,   2.8,  25.6,  1.263,  0.038,  0.000,3753264.9,  1,  22.6,   0.9, 0.100
2025-11-10 14:41:45,        0,  30.0,   3.1,  25.6,  4.997,  3.384,  0.018,3755536.4,  1,  22.6,   0.9, 0.100
2025-11-10 14:41:46,        0,  29.9,   2.8,  25.6,  4.813,  3.205,  0.017,3759168.7,  1,  22.6,   0.9, 0.100
2025-11-10 14:41:47,        0,  29.8,   2.3,  25.6,  3.184,  1.647,  0.007,3761270.1,  1,  22.6,   0.9, 0.100
2025-11-10 14:41:48,        0,  29.8,   2.3,  25.6,  5.603,  3.977,  0.023,3763220.1,  1,  22.6,   0.9, 0.100
2025-11-10 14:41:49,        0,  29.9,   2.6,  25.6,  4.799,  3.218,  0.018,3765408.6,  1,  22.6,   0.9, 0.100
2025-11-10 14:41:50,        0,  29.7,   2.1,  25.6,  6.040,  4.397,  0.027,3769581.2,  1,  22.6,   0.9, 0.100
2025-11-10 14:41:51,        0,  29.7,   2.0,  25.6,  6.009,  4.366,  0.026,3772684.1,  1,  22.6,   0.9, 0.100
2025-11-10 14:41:52,        0,  29.5,   1.5,  25.6,  1.579,  0.223,  0.000,3773250.3,  1,  22.6,   1.0, 0.100
2025-11-10 14:41:53,        0,  29.7,   2.0,  25.6,  1.104,  0.001,  0.000,3773258.3,  1,  22.6,   0.9, 0.100
2025-11-10 14:41:54,        0,  30.0,   3.1,  25.6,  1.041, -0.006,  0.000,3773298.1,  1,  22.6,   1.0, 0.100
2025-11-10 14:41:55,        0,  30.0,   3.0,  25.6,  6.049,  4.417,  0.027,3777536.4,  1,  22.6,   0.9, 0.100
2025-11-10 14:41:56,        0,  30.1,   3.3,  25.6,  6.118,  4.484,  0.027,3781813.7,  1,  22.6,   1.0, 0.100
2025-11-10 14:41:57,        0,  29.5,   1.6,  25.6,  2.445,  0.965,  0.003,3785226.0,  1,  22.6,   1.0, 0.100
2025-11-10 14:41:58,        0,  29.5,   1.5,  25.7,  2.400,  1.104,  0.007,3786600.2,  1,  22.6,   0.9, 0.100
2025-11-10 14:41:59,        0,  29.5,   1.5,  25.7,  1.714,  0.332,  0.001,3787138.3,  1,  22.6,   1.0, 0.100
2025-11-10 14:42:00,        0,  29.8,   2.5,  25.6,  1.100,  0.002,  0.000,3787146.7,  1,  22.6,   1.0, 0.100
2025-11-10 14:42:01,        0,  29.9,   2.8,  25.6,  2.830,  1.566,  0.009,3788066.2,  1,  22.6,   1.0, 0.100
2025-11-10 14:42:02,        0,  30.2,   3.5,  25.7,  6.187,  4.558,  0.028,3792710.6,  1,  22.6,   1.0, 0.100
2025-11-10 14:42:03,        0,  29.3,   1.0,  25.6,  5.372,  3.763,  0.021,3795914.6,  1,  22.6,   1.0, 0.100
2025-11-10 14:42:04,        0,  29.8,   2.3,  25.6,  1.334,  0.077,  0.000,3795995.9,  1,  22.6,   1.0, 0.100
2025-11-10 14:42:05,        0,  29.8,   2.5,  25.6,  1.069, -0.001,  0.000,3795997.6,  1,  22.6,   1.0, 0.100
2025-11-10 14:42:06,        0,  29.9,   2.8,  25.6,  5.595,  4.039,  0.024,3797673.9,  1,  22.6,   1.0, 0.100
2025-11-10 14:42:07,        0,  29.8,   2.5,  25.6,  6.073,  4.453,  0.027,3801885.9,  1,  22.6,   1.0, 0.100
2025-11-10 14:42:08,        0,  29.7,   2.0,  25.6,  6.091,  4.471,  0.028,3805374.8,  1,  22.6,   1.0, 0.100
2025-11-10 14:42:09,        0,  29.9,   2.6,  25.6,  1.459,  0.152,  0.000,3805534.9,  1,  22.6,   1.0, 0.100
2025-11-10 14:42:10,        0,  30.0,   3.0,  25.6,  1.079,  0.000,  0.000,3805537.8,  1,  22.6,   0.9, 0.100
2025-11-10 14:42:11,        0,  29.8,   2.5,  25.6,  3.247,  1.738,  0.007,3808457.3,  1,  22.7,   1.0, 0.100
2025-11-10 14:42:12,        0,  29.8,   2.5,  25.6,  4.194,  2.644,  0.013,3809764.4,  1,  22.6,   0.9, 0.100
2025-11-10 14:42:13,        0,  29.9,   2.8,  25.6,  1.247,  0.044,  0.000,3809825.2,  1,  22.6,   1.0, 0.100
2025-11-10 14:42:14,        0,  29.8,   2.5,  25.6,  1.872,  0.478,  0.001,3811620.6,  1,  22.6,   0.9, 0.100
2025-11-10 14:42:15,        0,  29.9,   2.8,  25.6,  1.151,  0.017,  0.000,3811860.3,  1,  22.6,   0.9, 0.100
2025-11-10 14:42:16,        0,  30.0,   3.1,  25.6,  6.023,  4.413,  0.027,3816052.5,  1,  22.6,   1.0, 0.100
2025-11-10 14:42:17,        0,  29.5,   1.6,  25.7,  2.724,  1.249,  0.004,3818242.7,  1,  22.6,   0.9, 0.100
2025-11-10 14:42:18,        0,  29.3,   0.8,  25.6,  4.542,  3.086,  0.018,3819840.7,  1,  22.6,   0.9, 0.100
2025-11-10 14:42:19,        0,  29.6,   1.8,  25.6,  1.440,  0.151,  0.000,3820295.0,  1,  22.6,   0.9, 0.100
2025-11-10 14:42:20,        0,  29.6,   1.9,  25.6,  1.104,  0.009,  0.000,3820303.8,  1,  22.6,   0.9, 0.100
2025-11-10 14:42:21,        0,  29.9,   2.6,  25.6,  0.986, -0.005,  0.000,3820300.1,  1,  22.6,   0.9, 0.100
2025-11-10 14:42:22,        0,  29.8,   2.3,  25.7,  5.966,  4.375,  0.026,3822885.5,  1,  22.6,   0.9, 0.100
2025-11-10 14:42:23,        0,  29.8,   2.3,  25.6,  5.988,  4.391,  0.026,3825997.7,  1,  22.6,   0.9, 0.100
2025-11-10 14:42:24,        0,  29.7,   2.1,  25.6,  1.520,  0.210,  0.000,3826676.2,  1,  22.6,   0.8, 0.100
2025-11-10 14:42:25,        0,  29.7,   2.1,  25.6,  1.109,  0.012,  0.000,3826687.9,  1,  22.6,   0.9, 0.100
2025-11-10 14:42:26,        0,  29.9,   2.8,  25.6,  0.982, -0.004,  0.000,3826685.0,  1,  22.6,   0.9, 0.100
2025-11-10 14:42:27,        0,  29.8,   2.5,  25.6,  5.955,  4.367,  0.026,3831136.6,  1,  22.6,   0.8, 0.100
2025-11-10 14:42:28,        0,  29.7,   2.0,  25.6,  5.123,  3.554,  0.019,3834659.5,  1,  22.6,   0.9, 0.100
2025-11-10 14:42:29,        0,  29.5,   1.5,  25.7,  1.281,  0.068,  0.000,3834814.2,  1,  22.6,   0.8, 0.100
2025-11-10 14:42:30,        0,  29.6,   1.8,  25.6,  1.071,  0.005,  0.000,3836163.2,  1,  22.6,   0.8, 0.100
2025-11-10 14:42:31,        0,  29.5,   1.6,  25.6,  1.278,  0.072,  0.000,3836559.3,  1,  22.6,   0.8, 0.100
2025-11-10 14:42:32,        0,  29.7,   2.0,  25.6,  1.058,  0.005,  0.000,3836562.6,  1,  22.6,   0.8, 0.100
2025-11-10 14:42:33,        0,  29.7,   2.1,  25.6,  0.956, -0.006,  0.000,3836557.6,  1,  22.6,   0.9, 0.100
2025-11-10 14:42:34,        0,  29.8,   2.3,  25.6,  0.916, -0.007,  0.000,3836550.9,  1,  22.6,   0.8, 0.100
2025-11-10 14:42:35,        0,  29.9,   2.8,  25.6,  0.870, -0.008,  0.000,77727001190.2,  1,  22.6,   0.9, 0.100
2025-11-10 14:42:36,        0,  30.0,   3.0,  25.6,  5.946,  4.365,  0.026,3840122.8,  1,  22.6,   0.9, 0.100
2025-11-10 14:42:37,        0,  29.8,   2.3,  25.6,  5.137,  3.573,  0.020,3843951.3,  1,  22.6,   0.8, 0.100
2025-11-10 14:42:38,        0,  29.8,   2.5,  25.6,  1.269,  0.069,  0.000,3844183.0,  1,  22.6,   0.8, 0.100
2025-11-10 14:42:39,        0,  29.5,   1.6,  25.6,  1.058,  0.005,  0.000,3844189.3,  1,  22.6,   0.9, 0.100
2025-11-10 14:42:40,        0,  29.7,   2.0,  25.6,  0.954, -0.005,  0.000,3844184.7,  1,  22.6,   0.9, 0.100
2025-11-10 14:42:41,        0,  29.7,   2.1,  25.6,  0.912, -0.007,  0.000,3844178.0,  1,  22.6,   0.9, 0.100
2025-11-10 14:42:42,        0,  29.9,   2.8,  25.6,  0.861, -0.007,  0.000,3844171.3,  1,  22.6,   0.9, 0.100
2025-11-10 14:42:43,        0,  29.9,   2.8,  25.6,  4.350,  2.824,  0.014,3846529.5,  1,  22.6,   0.9, 0.100
2025-11-10 14:42:44,        0,  29.8,   2.5,  25.6,  1.952,  0.576,  0.001,3848931.0,  1,  22.6,   0.9, 0.100
2025-11-10 14:42:45,        0,  29.8,   2.3,  25.6,  1.125,  0.019,  0.000,3848961.6,  1,  22.6,   0.9, 0.100
2025-11-10 14:42:46,        0,  29.8,   2.3,  25.6,  1.008, -0.001,  0.000,3848960.7,  1,  22.6,   0.9, 0.100
2025-11-10 14:42:47,        0,  29.9,   2.6,  25.6,  0.923, -0.006,  0.000,3848955.7,  1,  22.6,   0.9, 0.100
2025-11-10 14:42:48,        0,  29.9,   2.6,  25.6,  5.769,  4.225,  0.025,3852366.3,  1,  22.6,   0.9, 0.100
2025-11-10 14:42:49,        0,  29.9,   2.6,  25.6,  4.325,  2.796,  0.014,3855509.1,  1,  22.6,   0.9, 0.100
2025-11-10 14:42:50,        0,  29.7,   2.0,  25.6,  1.220,  0.049,  0.000,3855598.3,  1,  22.6,   0.9, 0.100
2025-11-10 14:42:51,        0,  29.8,   2.5,  25.6,  1.042,  0.004,  0.000,3855601.7,  1,  22.6,   0.9, 0.100
2025-11-10 14:42:52,        0,  29.7,   2.0,  25.6,  0.941, -0.005,  0.000,3855595.8,  1,  22.6,   0.9, 0.100
2025-11-10 14:42:53,        0,  29.8,   2.3,  25.6,  0.899, -0.007,  0.000,3855589.5,  1,  22.6,   0.9, 0.100
2025-11-10 14:42:54,        0,  29.7,   2.1,  25.6,  0.850, -0.008,  0.000,3855582.0,  1,  22.6,   0.9, 0.100
2025-11-10 14:42:55,        0,  29.8,   2.5,  25.6,  0.822, -0.008,  0.000,3855574.5,  1,  22.6,   0.9, 0.100
2025-11-10 14:42:56,        0,  29.9,   2.8,  25.6,  0.798, -0.008,  0.000,3855585.8,  1,  22.5,   0.9, 0.100
2025-11-10 14:42:57,        0,  29.9,   2.8,  25.6,  5.954,  4.370,  0.026,3860651.8,  1,  22.6,   0.9, 0.100
2025-11-10 14:42:58,        0,  29.6,   1.8,  25.6,  2.016,  0.632,  0.001,3862968.6,  1,  22.6,   0.9, 0.100
2025-11-10 14:42:59,        0,  29.5,   1.5,  25.6,  1.129,  0.022,  0.000,3863009.6,  1,  22.5,   0.9, 0.100
2025-11-10 14:43:00,        0,  29.7,   2.1,  25.6,  1.005,  0.000,  0.000,3863010.0,  1,  22.6,   0.9, 0.100
2025-11-10 14:43:01,        0,  29.7,   2.1,  25.6,  0.919, -0.005,  0.000,3863004.2,  1,  22.6,   0.9, 0.100
2025-11-10 14:43:02,        0,  29.8,   2.3,  25.6,  0.882, -0.007,  0.000,3862997.1,  1,  22.6,   0.9, 0.100
2025-11-10 14:43:03,        0,  29.9,   2.6,  25.6,  0.833, -0.007,  0.000,3862990.3,  1,  22.5,   0.9, 0.100
2025-11-10 14:43:04,        0,  29.8,   2.3,  25.6,  0.806, -0.007,  0.000,3862982.8,  1,  22.6,   0.9, 0.100
2025-11-10 14:43:05,        0,  29.9,   2.8,  25.6,  0.781, -0.008,  0.000,3862975.3,  1,  22.6,   0.9, 0.100
2025-11-10 14:43:06,        0,  29.9,   2.6,  25.6,  5.956,  4.370,  0.026,3867727.8,  1,  22.6,   0.9, 0.100
2025-11-10 14:43:07,        0,  29.8,   2.3,  25.6,  4.047,  2.531,  0.012,3869630.5,  1,  22.5,   0.9, 0.100
2025-11-10 14:43:08,        0,  29.3,   1.0,  25.6,  1.094,  0.013,  0.000,3869659.0,  1,  22.6,   0.9, 0.100
2025-11-10 14:43:09,        0,  29.4,   1.3,  25.6,  0.991, -0.002,  0.000,3869658.6,  1,  22.5,   0.9, 0.100
2025-11-10 14:43:10,        0,  29.7,   2.1,  25.6,  0.911, -0.005,  0.000,3869652.7,  1,  22.6,   0.9, 0.100
2025-11-10 14:43:11,        0,  29.7,   2.0,  25.6,  0.870, -0.006,  0.000,3869646.4,  1,  22.5,   0.9, 0.100
2025-11-10 14:43:12,        0,  29.8,   2.3,  25.5,  0.838, -0.007,  0.000,3869639.7,  1,  22.5,   0.9, 0.100
2025-11-10 14:43:13,        0,  29.9,   2.6,  25.5,  0.793, -0.007,  0.000,3869632.6,  1,  22.5,   0.9, 0.100
2025-11-10 14:43:14,        0,  29.9,   2.8,  25.6,  0.757, -0.008,  0.000,3869623.8,  1,  22.5,   0.9, 0.100
2025-11-10 14:43:15,        0,  29.9,   2.6,  25.6,  5.943,  4.358,  0.026,3873201.2,  1,  22.6,   0.9, 0.100
2025-11-10 14:43:16,        0,  29.7,   2.0,  25.6,  5.202,  3.638,  0.020,3875321.8,  1,  22.6,   0.9, 0.100
2025-11-10 14:43:17,        0,  29.4,   1.1,  25.6,  1.263,  0.072,  0.000,3875385.1,  1,  22.5,   0.9, 0.100
2025-11-10 14:43:18,        0,  29.8,   2.3,  25.6,  0.999,  0.000,  0.000,3875387.6,  1,  22.6,   0.9, 0.100
2025-11-10 14:43:19,        0,  29.8,   2.3,  25.6,  0.909, -0.005,  0.000,3875382.2,  1,  22.5,   0.9, 0.100
2025-11-10 14:43:20,        0,  29.7,   2.0,  25.6,  0.866, -0.007,  0.000,3875376.3,  1,  22.5,   0.9, 0.100
2025-11-10 14:43:21,        0,  29.8,   2.3,  25.6,  0.832, -0.007,  0.000,3875369.6,  1,  22.5,   0.9, 0.100
2025-11-10 14:43:22,        0,  29.9,   2.8,  25.6,  0.788, -0.007,  0.000,3875363.3,  1,  22.5,   0.9, 0.100
2025-11-10 14:43:23,        0,  29.9,   2.6,  25.6,  5.956,  4.373,  0.026,3880262.1,  1,  22.6,   0.9, 0.100
2025-11-10 14:43:24,        0,  29.1,   0.3,  25.6,  1.841,  0.487,  0.001,3882163.1,  1,  22.5,   0.9, 0.100
2025-11-10 14:43:25,        0,  29.7,   2.0,  25.6,  1.111,  0.019,  0.000,3882192.0,  1,  22.6,   0.9, 0.100
2025-11-10 14:43:26,        0,  29.4,   1.3,  25.6,  0.996,  0.000,  0.000,3882192.0,  1,  22.6,   0.9, 0.100
2025-11-10 14:43:27,        0,  29.7,   2.0,  25.6,  0.910, -0.006,  0.000,3882187.0,  1,  22.5,   1.0, 0.100
2025-11-10 14:43:28,        0,  29.7,   2.0,  25.6,  0.869, -0.006,  0.000,3882179.9,  1,  22.5,   1.0, 0.100
2025-11-10 14:43:29,        0,  29.7,   2.0,  25.6,  0.816, -0.007,  0.000,3882173.2,  1,  22.6,   1.0, 0.100
2025-11-10 14:43:30,        0,  29.8,   2.3,  25.6,  0.787, -0.007,  0.000,3882166.9,  1,  22.6,   1.0, 0.100
2025-11-10 14:43:31,        0,  29.8,   2.3,  25.6,  0.762, -0.007,  0.000,3882159.8,  1,  22.5,   1.0, 0.100
2025-11-10 14:43:32,        0,  29.8,   2.5,  25.6,  0.731, -0.008,  0.000,3882150.5,  1,  22.5,   1.0, 0.100
2025-11-10 14:43:33,        0,  29.8,   2.3,  25.5,  0.706, -0.008,  0.000,3882143.0,  1,  22.5,   1.0, 0.100
2025-11-10 14:43:34,        0,  29.9,   2.6,  25.6,  5.252,  3.809,  0.023,3884296.7,  1,  22.5,   1.0, 0.100
2025-11-10 14:43:35,        0,  29.6,   1.8,  25.5,  3.343,  1.865,  0.008,3886343.6,  1,  22.6,   1.0, 0.100
2025-11-10 14:43:36,        0,  29.6,   1.8,  25.6,  1.069,  0.010,  0.000,3886376.3,  1,  22.5,   1.0, 0.100
2025-11-10 14:43:37,        0,  29.8,   2.5,  25.5,  0.971, -0.001,  0.000,3886374.6,  1,  22.5,   1.0, 0.100
2025-11-10 14:43:38,        0,  29.7,   2.1,  25.6,  0.889, -0.005,  0.000,3886370.0,  1,  22.5,   1.0, 0.100
2025-11-10 14:43:39,        0,  29.8,   2.5,  25.5,  0.847, -0.006,  0.000,3886364.1,  1,  22.6,   1.0, 0.100
2025-11-10 14:43:40,        0,  29.8,   2.5,  25.6,  0.810, -0.006,  0.000,3886357.8,  1,  22.5,   1.0, 0.100
2025-11-10 14:43:41,        0,  30.0,   3.0,  25.5,  5.953,  4.367,  0.026,3889481.8,  1,  22.6,   1.0, 0.100
2025-11-10 14:43:42,        0,  29.7,   2.1,  25.5,  5.520,  3.944,  0.022,3892272.1,  1,  22.5,   1.0, 0.100
2025-11-10 14:43:43,        0,  29.3,   1.0,  25.5,  1.124,  0.023,  0.000,3892332.9,  1,  22.5,   1.0, 0.100
2025-11-10 14:43:44,        0,  29.5,   1.5,  25.6,  0.998,  0.001,  0.000,3892335.0,  1,  22.6,   1.0, 0.100
2025-11-10 14:43:45,        0,  29.6,   1.8,  25.5,  0.906, -0.005,  0.000,3892329.9,  1,  22.6,   1.0, 0.100
2025-11-10 14:43:46,        0,  29.7,   2.1,  25.6,  0.865, -0.006,  0.000,3892324.1,  1,  22.6,   1.0, 0.100
2025-11-10 14:43:47,        0,  29.8,   2.3,  25.5,  0.829, -0.007,  0.000,3892318.2,  1,  22.5,   1.0, 0.100
2025-11-10 14:43:48,        0,  29.8,   2.3,  25.5,  0.783, -0.007,  0.000,3892311.1,  1,  22.5,   1.0, 0.100
2025-11-10 14:43:49,        0,  29.8,   2.5,  25.6,  0.757, -0.007,  0.000,3892304.4,  1,  22.6,   1.0, 0.100
2025-11-10 14:43:50,        0,  29.8,   2.5,  25.5,  0.725, -0.008,  0.000,3892295.2,  1,  22.6,   1.0, 0.100
2025-11-10 14:43:51,        0,  29.9,   2.8,  25.5,  0.707, -0.007,  0.000,3892288.0,  1,  22.6,   1.0, 0.100
2025-11-10 14:43:52,        0,  29.8,   2.5,  25.5,  5.947,  4.363,  0.026,3895579.2,  1,  22.5,   1.0, 0.100
2025-11-10 14:43:53,        0,  29.7,   2.0,  25.6,  1.206,  0.050,  0.000,3895728.4,  1,  22.5,   1.0, 0.100
2025-11-10 14:43:54,        0,  29.8,   2.3,  25.6,  0.977, -0.001,  0.000,3895733.0,  1,  22.6,   1.0, 0.100
2025-11-10 14:43:55,        0,  29.7,   2.1,  25.5,  0.915, -0.005,  0.000,3895728.8,  1,  22.6,   1.0, 0.100
2025-11-10 14:43:56,        0,  29.8,   2.5,  25.5,  0.870, -0.006,  0.000,3895722.9,  1,  22.5,   1.0, 0.100
2025-11-10 14:43:57,        0,  29.9,   2.6,  25.6,  0.815, -0.007,  0.000,3895717.1,  1,  22.6,   1.0, 0.100
2025-11-10 14:43:58,        0,  29.9,   2.8,  25.5,  0.783, -0.006,  0.000,3895710.8,  1,  22.6,   1.0, 0.100
2025-11-10 14:43:59,        0,  29.9,   2.6,  25.6,  5.955,  4.366,  0.026,3900536.2,  1,  22.5,   1.0, 0.100
2025-11-10 14:44:00,        0,  29.8,   2.3,  25.6,  4.387,  2.852,  0.014,3903323.2,  1,  22.6,   1.0, 0.100
2025-11-10 14:44:01,        0,  29.6,   1.8,  25.6,  1.214,  0.051,  0.000,3903384.4,  1,  22.5,   1.0, 0.100
2025-11-10 14:44:02,        0,  29.4,   1.3,  25.5,  0.988, -0.001,  0.000,3903386.5,  1,  22.5,   1.0, 0.100
2025-11-10 14:44:03,        0,  29.5,   1.6,  25.5,  0.928, -0.004,  0.000,3903381.5,  1,  22.6,   1.0, 0.100
2025-11-10 14:44:04,        0,  29.6,   1.8,  25.5,  0.863, -0.006,  0.000,3903375.6,  1,  22.6,   1.0, 0.100
2025-11-10 14:44:05,        0,  29.7,   2.0,  25.5,  0.826, -0.006,  0.000,3903369.7,  1,  22.5,   1.0, 0.100
2025-11-10 14:44:06,        0,  29.7,   2.0,  25.5,  0.794, -0.006,  0.000,3903363.0,  1,  22.5,   1.0, 0.100
2025-11-10 14:44:07,        0,  29.7,   2.0,  25.6,  0.755, -0.007,  0.000,3903355.1,  1,  22.5,   1.0, 0.100
2025-11-10 14:44:08,        0,  29.7,   2.1,  25.5,  0.733, -0.007,  0.000,3903347.5,  1,  22.5,   1.0, 0.100
2025-11-10 14:44:09,        0,  29.8,   2.3,  25.5,  0.704, -0.008,  0.000,3903340.0,  1,  22.5,   1.0, 0.100
2025-11-10 14:44:10,        0,  29.7,   2.1,  25.6,  0.690, -0.008,  0.000,3903332.9,  1,  22.5,   1.0, 0.100
2025-11-10 14:44:11,        0,  29.8,   2.5,  25.5,  0.669, -0.008,  0.000,3903323.2,  1,  22.5,   1.0, 0.100
2025-11-10 14:44:12,        0,  29.9,   2.6,  25.5,  0.657, -0.008,  0.000,3903315.7,  1,  22.5,   1.0, 0.100
2025-11-10 14:44:13,        0,  29.9,   2.6,  25.6,  0.645, -0.008,  0.000,3903308.6,  1,  22.5,   1.0, 0.100
2025-11-10 14:44:14,        0,  29.9,   2.6,  25.5,  0.629, -0.008,  0.000,3903301.0,  1,  22.6,   1.0, 0.100
2025-11-10 14:44:15,        0,  29.9,   2.8,  25.5,  5.948,  4.359,  0.026,3906588.0,  1,  22.6,   1.0, 0.100
2025-11-10 14:44:16,        0,  29.5,   1.5,  25.5,  5.721,  4.135,  0.024,3910189.7,  1,  22.5,   1.0, 0.100
2025-11-10 14:44:17,        0,  29.3,   1.0,  25.5,  1.315,  0.100,  0.000,3910366.1,  1,  22.5,   1.0, 0.100
2025-11-10 14:44:18,        0,  29.2,   0.7,  25.5,  1.050,  0.008,  0.000,3910372.0,  1,  22.5,   1.0, 0.100
2025-11-10 14:44:19,        0,  29.7,   2.0,  25.5,  0.933, -0.004,  0.000,3910367.8,  1,  22.5,   1.0, 0.100
2025-11-10 14:44:20,        0,  29.7,   2.0,  25.5,  0.863, -0.006,  0.000,3910362.3,  1,  22.5,   1.0, 0.100
2025-11-10 14:44:21,        0,  29.7,   2.0,  25.5,  0.826, -0.007,  0.000,3910356.5,  1,  22.5,   1.0, 0.100
2025-11-10 14:44:22,        0,  29.7,   2.1,  25.5,  0.793, -0.007,  0.000,3910349.8,  1,  22.5,   1.0, 0.100
2025-11-10 14:44:23,        0,  29.8,   2.3,  25.5,  0.751, -0.007,  0.000,3910341.4,  1,  22.5,   1.0, 0.100
2025-11-10 14:44:24,        0,  29.7,   2.1,  25.5,  0.729, -0.007,  0.000,3910334.3,  1,  22.6,   1.0, 0.100
2025-11-10 14:44:25,        0,  29.8,   2.3,  25.5,  0.699, -0.007,  0.000,3910327.1,  1,  22.5,   1.0, 0.100
2025-11-10 14:44:26,        0,  29.8,   2.5,  25.6,  0.682, -0.008,  0.000,3910319.6,  1,  22.6,   1.0, 0.100
2025-11-10 14:44:27,        0,  29.8,   2.3,  25.5,  0.661, -0.007,  0.000,3910310.8,  1,  22.6,   1.0, 0.100
2025-11-10 14:44:28,        0,  29.9,   2.6,  25.5,  0.648, -0.008,  0.000,3910303.7,  1,  22.5,   1.0, 0.100
2025-11-10 14:44:29,        0,  29.7,   2.1,  25.6,  0.635, -0.008,  0.000,3910296.6,  1,  22.5,   1.0, 0.100
2025-11-10 14:44:30,        0,  29.9,   2.8,  25.5,  4.132,  2.898,  0.017,3911741.6,  1,  22.5,   0.9, 0.100
2025-11-10 14:44:31,        0,  29.9,   2.8,  25.5,  5.957,  4.364,  0.026,3915884.8,  1,  22.5,   0.9, 0.100
2025-11-10 14:44:32,        0,  29.7,   2.0,  25.5,  1.539,  0.248,  0.000,3918041.0,  1,  22.6,   1.0, 0.100
2025-11-10 14:44:33,        0,  29.1,   0.3,  25.5,  1.083,  0.014,  0.000,3918059.4,  1,  22.6,   0.9, 0.100
2025-11-10 14:44:34,        0,  29.6,   1.8,  25.5,  0.976,  0.000,  0.000,3918059.0,  1,  22.5,   0.9, 0.100
2025-11-10 14:44:35,        0,  29.7,   2.0,  25.5,  0.891, -0.005,  0.000,3918054.0,  1,  22.6,   0.9, 0.100
2025-11-10 14:44:36,        0,  29.6,   1.8,  25.5,  0.832, -0.006,  0.000,3918046.9,  1,  22.5,   0.9, 0.100
2025-11-10 14:44:37,        0,  29.6,   1.8,  25.5,  0.799, -0.006,  0.000,3918040.6,  1,  22.6,   0.9, 0.100
2025-11-10 14:44:38,        0,  29.6,   1.8,  25.5,  0.770, -0.007,  0.000,3918034.3,  1,  22.6,   0.9, 0.100
2025-11-10 14:44:39,        0,  29.7,   2.1,  25.5,  0.745, -0.007,  0.000,3918027.2,  1,  22.5,   0.9, 0.100
2025-11-10 14:44:40,        0,  29.7,   2.1,  25.5,  0.712, -0.007,  0.000,3918020.1,  1,  22.6,   0.9, 0.100
2025-11-10 14:44:41,        0,  29.8,   2.3,  25.5,  0.685, -0.008,  0.000,3918011.3,  1,  22.5,   1.0, 0.100
2025-11-10 14:44:42,        0,  29.8,   2.3,  25.5,  0.668, -0.007,  0.000,3918004.1,  1,  22.5,   0.9, 0.100
2025-11-10 14:44:43,        0,  29.8,   2.5,  25.5,  0.655, -0.008,  0.000,3917996.6,  1,  22.5,   1.0, 0.100
2025-11-10 14:44:44,        0,  29.8,   2.3,  25.5,  0.636, -0.008,  0.000,3917989.0,  1,  22.5,   1.0, 0.100
2025-11-10 14:44:45,        0,  29.9,   2.6,  25.5,  0.624, -0.007,  0.000,3917980.2,  1,  22.5,   1.0, 0.100
2025-11-10 14:44:46,        0,  29.9,   2.6,  25.5,  1.319,  0.602,  0.004,3918484.0,  1,  22.5,   1.0, 0.100
2025-11-10 14:44:47,        0,  29.8,   2.5,  25.5,  5.957,  4.361,  0.026,3922631.8,  1,  22.5,   1.0, 0.100
2025-11-10 14:44:48,        0,  29.6,   1.8,  25.5,  2.398,  0.980,  0.003,3924010.2,  1,  22.5,   1.0, 0.100
2025-11-10 14:44:49,        0,  29.2,   0.6,  25.5,  1.049,  0.008,  0.000,3924030.7,  1,  22.6,   1.0, 0.100
2025-11-10 14:44:50,        0,  29.6,   1.8,  25.5,  0.959, -0.002,  0.000,3924028.2,  1,  22.5,   0.9, 0.100
2025-11-10 14:44:51,        0,  29.7,   2.0,  25.5,  0.880, -0.005,  0.000,3924023.6,  1,  22.5,   0.9, 0.100
2025-11-10 14:44:52,        0,  29.7,   2.1,  25.5,  0.839, -0.006,  0.000,3924017.7,  1,  22.5,   0.9, 0.100
2025-11-10 14:44:53,        0,  29.7,   2.1,  25.5,  0.788, -0.006,  0.000,3924010.6,  1,  22.5,   0.9, 0.100
2025-11-10 14:44:54,        0,  29.7,   2.1,  25.5,  0.759, -0.007,  0.000,3924003.9,  1,  22.5,   0.8, 0.100
2025-11-10 14:44:55,        0,  29.8,   2.3,  25.5,  0.734, -0.007,  0.000,3923996.8,  1,  22.5,   0.8, 0.100
2025-11-10 14:44:56,        0,  29.5,   1.6,  25.5,  0.701, -0.007,  0.000,3923990.1,  1,  22.5,   0.8, 0.100
2025-11-10 14:44:57,        0,  29.7,   2.0,  25.5,  0.683, -0.008,  0.000,3923982.5,  1,  22.5,   0.8, 0.100
2025-11-10 14:44:58,        0,  29.8,   2.5,  25.5,  0.660, -0.008,  0.000,3923974.1,  1,  22.5,   0.8, 0.100
2025-11-10 14:44:59,        0,  29.8,   2.5,  25.5,  0.645, -0.008,  0.000,3923966.6,  1,  22.5,   0.8, 0.100
2025-11-10 14:45:00,        0,  29.7,   2.1,  25.5,  0.627, -0.007,  0.000,3923959.5,  1,  22.5,   0.8, 0.100
2025-11-10 14:45:01,        0,  29.9,   2.6,  25.5,  0.616, -0.008,  0.000,3923952.3,  1,  22.5,   0.8, 0.100
2025-11-10 14:45:02,        0,  29.9,   2.6,  25.5,  5.955,  4.364,  0.026,3926621.6,  1,  22.5,   0.8, 0.100
2025-11-10 14:45:03,        0,  29.9,   2.6,  25.5,  5.959,  4.363,  0.026,3930778.6,  1,  22.5,   0.8, 0.100
2025-11-10 14:45:04,        0,  29.9,   2.7,  25.5,  5.332,  3.753,  0.021,3933550.9,  1,  22.5,   0.8, 0.100
2025-11-10 14:45:05,        0,  29.2,   0.5,  25.5,  1.596,  0.290,  0.001,3934824.1,  1,  22.5,   0.8, 0.100
2025-11-10 14:45:06,        0,  29.3,   1.0,  25.5,  1.087,  0.014,  0.000,3934850.1,  1,  22.5,   0.8, 0.100
2025-11-10 14:45:07,        0,  29.4,   1.3,  25.5,  0.948, -0.003,  0.000,3934848.0,  1,  22.5,   0.8, 0.100
2025-11-10 14:45:08,        0,  29.4,   1.3,  25.5,  0.898, -0.006,  0.000,3934843.0,  1,  22.5,   0.8, 0.100
2025-11-10 14:45:09,        0,  29.5,   1.5,  25.5,  0.857, -0.006,  0.000,3934837.5,  1,  22.5,   0.8, 0.100
2025-11-10 14:45:10,        0,  29.5,   1.5,  25.5,  0.804, -0.007,  0.000,3934831.2,  1,  22.5,   0.8, 0.100
2025-11-10 14:45:11,        0,  29.5,   1.5,  25.5,  0.774, -0.007,  0.000,3934822.8,  1,  22.5,   0.8, 0.100
2025-11-10 14:45:12,        0,  29.4,   1.3,  25.5,  0.736, -0.007,  0.000,3934816.6,  1,  22.5,   0.8, 0.100
2025-11-10 14:45:13,        0,  29.5,   1.5,  25.5,  0.715, -0.007,  0.000,3934809.8,  1,  22.5,   0.9, 0.100
2025-11-10 14:45:14,        0,  29.6,   1.8,  25.5,  0.688, -0.007,  0.000,3934801.0,  1,  22.5,   0.9, 0.100
2025-11-10 14:45:15,        0,  29.4,   1.1,  25.5,  0.672, -0.007,  0.000,3934793.9,  1,  22.5,   0.9, 0.100
2025-11-10 14:45:16,        0,  29.5,   1.6,  25.5,  0.657, -0.008,  0.000,3934786.0,  1,  22.6,   0.9, 0.100
2025-11-10 14:45:17,        0,  29.7,   2.0,  25.5,  0.639, -0.008,  0.000,3934778.8,  1,  22.5,   0.8, 0.100
2025-11-10 14:45:18,        0,  29.7,   2.0,  25.5,  0.627, -0.007,  0.000,3934769.6,  1,  22.5,   0.8, 0.100
2025-11-10 14:45:19,        0,  29.7,   2.0,  25.5,  0.610, -0.007,  0.000,3934762.5,  1,  22.5,   0.9, 0.100
2025-11-10 14:45:20,        0,  29.7,   2.0,  25.5,  0.600, -0.007,  0.000,3934755.4,  1,  22.5,   0.8, 0.100
2025-11-10 14:45:21,        0,  29.8,   2.3,  25.5,  0.592, -0.007,  0.000,3934748.2,  1,  22.5,   0.8, 0.100
2025-11-10 14:45:22,        0,  29.7,   2.1,  25.5,  0.579, -0.008,  0.000,3934741.1,  1,  22.5,   0.8, 0.100
2025-11-10 14:45:23,        0,  29.7,   2.1,  25.5,  0.567, -0.008,  0.000,3934732.7,  1,  22.5,   0.8, 0.100
2025-11-10 14:45:24,        0,  29.8,   2.3,  25.5,  0.560, -0.007,  0.000,3934725.6,  1,  22.5,   0.9, 0.100
2025-11-10 14:45:25,        0,  29.8,   2.5,  25.5,  0.552, -0.008,  0.000,3934718.5,  1,  22.5,   0.8, 0.100
2025-11-10 14:45:26,        0,  29.8,   2.5,  25.5,  0.546, -0.007,  0.000,3934711.4,  1,  22.5,   0.8, 0.100
2025-11-10 14:45:27,        0,  29.9,   2.6,  25.5,  0.536, -0.007,  0.000,3934703.0,  1,  22.5,   0.8, 0.100
2025-11-10 14:45:28,        0,  29.9,   2.6,  25.5,  1.694,  0.968,  0.006,3935260.4,  1,  22.5,   0.8, 0.100
2025-11-10 14:45:29,        0,  29.9,   2.6,  25.5,  5.963,  4.362,  0.026,3939422.0,  1,  22.5,   0.9, 0.100
2025-11-10 14:45:30,        0,  29.3,   1.0,  25.5,  4.032,  2.510,  0.012,3941623.1,  1,  22.5,   0.9, 0.100
2025-11-10 14:45:31,        0,  29.0,   0.1,  25.5,  1.083,  0.014,  0.000,3941660.8,  1,  22.6,   0.9, 0.100
2025-11-10 14:45:32,        0,  29.5,   1.6,  25.5,  0.975, -0.001,  0.000,3941660.4,  1,  22.6,   0.9, 0.100
2025-11-10 14:45:33,        0,  29.5,   1.6,  25.5,  0.893, -0.006,  0.000,3941654.9,  1,  22.5,   0.9, 0.100
2025-11-10 14:45:34,        0,  29.5,   1.6,  25.5,  0.851, -0.005,  0.000,3941649.5,  1,  22.5,   0.9, 0.100
2025-11-10 14:45:35,        0,  29.7,   2.0,  25.5,  0.814, -0.006,  0.000,3941643.6,  1,  22.5,   1.0, 0.100
2025-11-10 14:45:36,        0,  29.7,   2.0,  25.5,  0.766, -0.007,  0.000,3941636.1,  1,  22.5,   1.0, 0.100
2025-11-10 14:45:37,        0,  29.7,   2.1,  25.5,  0.739, -0.007,  0.000,3941629.4,  1,  22.5,   1.0, 0.100
2025-11-10 14:45:38,        0,  29.7,   2.0,  25.5,  0.705, -0.007,  0.000,3941623.1,  1,  22.5,   1.0, 0.100
2025-11-10 14:45:39,        0,  29.7,   2.1,  25.5,  0.685, -0.007,  0.000,3941616.0,  1,  22.5,   1.0, 0.100
2025-11-10 14:45:40,        0,  29.8,   2.3,  25.5,  0.669, -0.007,  0.000,3941608.8,  1,  22.5,   1.0, 0.100
2025-11-10 14:45:41,        0,  29.8,   2.3,  25.5,  0.645, -0.007,  0.000,3941600.0,  1,  22.6,   1.0, 0.100
2025-11-10 14:45:42,        0,  29.8,   2.3,  25.5,  0.625, -0.008,  0.000,3941592.9,  1,  22.5,   1.0, 0.100
2025-11-10 14:45:43,        0,  29.8,   2.3,  25.5,  0.612, -0.007,  0.000,3941585.8,  1,  22.6,   1.0, 0.100
2025-11-10 14:45:44,        0,  29.8,   2.3,  25.5,  0.601, -0.007,  0.000,3941578.7,  1,  22.5,   1.0, 0.100
2025-11-10 14:45:45,        0,  29.8,   2.5,  25.5,  0.586, -0.007,  0.000,3941570.3,  1,  22.5,   1.0, 0.100
2025-11-10 14:45:46,        0,  29.9,   2.6,  25.5,  0.576, -0.007,  0.000,3941563.6,  1,  22.6,   1.0, 0.100
2025-11-10 14:45:47,        0,  29.9,   2.6,  25.5,  3.045,  1.797,  0.008,3942325.9,  1,  22.6,   0.9, 0.100
2025-11-10 14:45:48,        0,  29.8,   2.5,  25.5,  4.517,  3.050,  0.018,3944388.3,  1,  22.5,   0.9, 0.100
2025-11-10 14:45:49,        0,  29.9,   2.6,  25.5,  1.331,  0.111,  0.000,3945897.4,  1,  22.5,   0.9, 0.100
2025-11-10 14:45:50,        0,  29.8,   2.3,  25.5,  1.049,  0.008,  0.000,3945909.2,  1,  22.5,   0.9, 0.100
2025-11-10 14:45:51,        0,  29.6,   1.8,  25.5,  0.958, -0.001,  0.000,3945907.5,  1,  22.5,   0.9, 0.100
2025-11-10 14:45:52,        0,  29.8,   2.3,  25.5,  0.874, -0.005,  0.000,3945902.5,  1,  22.5,   0.9, 0.100
2025-11-10 14:45:53,        0,  29.8,   2.3,  25.5,  0.832, -0.006,  0.000,3945897.4,  1,  22.5,   0.9, 0.100
2025-11-10 14:45:54,        0,  29.8,   2.3,  25.5,  0.781, -0.007,  0.000,3945889.5,  1,  22.5,   0.9, 0.100
2025-11-10 14:45:55,        0,  29.8,   2.5,  25.5,  0.751, -0.007,  0.000,3945883.2,  1,  22.6,   0.8, 0.100
2025-11-10 14:45:56,        0,  29.9,   2.6,  25.5,  0.726, -0.007,  0.000,3945876.5,  1,  22.6,   0.8, 0.100
2025-11-10 14:45:57,        0,  29.9,   2.6,  25.5,  0.692, -0.007,  0.000,3945869.8,  1,  22.5,   0.8, 0.100
2025-11-10 14:45:58,        0,  29.9,   2.6,  25.5,  0.665, -0.008,  0.000,3945861.0,  1,  22.5,   0.8, 0.100
2025-11-10 14:45:59,        0,  29.9,   2.6,  25.5,  3.050,  1.989,  0.012,3947312.3,  1,  22.5,   0.8, 0.100
2025-11-10 14:46:00,        0,  29.8,   2.3,  25.5,  5.968,  4.367,  0.026,3951479.4,  1,  22.5,   0.8, 0.100
2025-11-10 14:46:01,        0,  29.7,   2.1,  25.5,  2.123,  0.730,  0.002,3952270.6,  1,  22.5,   0.8, 0.100
2025-11-10 14:46:02,        0,  29.6,   1.8,  25.5,  1.045,  0.008,  0.000,3952284.4,  1,  22.6,   0.8, 0.100
2025-11-10 14:46:03,        0,  29.6,   1.8,  25.5,  0.925, -0.004,  0.000,3952281.1,  1,  22.5,   0.8, 0.100
2025-11-10 14:46:04,        0,  29.7,   2.0,  25.5,  0.878, -0.005,  0.000,3952276.5,  1,  22.5,   0.8, 0.100
2025-11-10 14:46:05,        0,  29.7,   2.0,  25.5,  0.837, -0.006,  0.000,3952271.0,  1,  22.5,   0.8, 0.100
2025-11-10 14:46:06,        0,  29.7,   2.0,  25.5,  0.784, -0.007,  0.000,3952265.2,  1,  22.5,   0.8, 0.100
2025-11-10 14:46:07,        0,  29.7,   2.1,  25.5,  0.755, -0.007,  0.000,3952256.8,  1,  22.6,   0.8, 0.100
2025-11-10 14:46:08,        0,  29.7,   2.0,  25.5,  0.718, -0.007,  0.000,3952250.5,  1,  22.6,   0.8, 0.100
2025-11-10 14:46:09,        0,  29.7,   2.1,  25.5,  0.697, -0.007,  0.000,3952243.4,  1,  22.6,   0.8, 0.100
2025-11-10 14:46:10,        0,  29.7,   2.0,  25.5,  0.678, -0.008,  0.000,3952236.2,  1,  22.6,   0.8, 0.100
2025-11-10 14:46:11,        0,  29.8,   2.5,  25.5,  0.655, -0.008,  0.000,3952227.4,  1,  22.5,   0.8, 0.100
2025-11-10 14:46:12,        0,  29.7,   2.1,  25.5,  0.641, -0.007,  0.000,3952220.3,  1,  22.6,   0.8, 0.100
2025-11-10 14:46:13,        0,  29.8,   2.5,  25.5,  0.620, -0.007,  0.000,3952213.2,  1,  22.5,   0.8, 0.100
2025-11-10 14:46:14,        0,  29.8,   2.3,  25.5,  0.609, -0.007,  0.000,3952206.5,  1,  22.6,   0.8, 0.100
2025-11-10 14:46:15,        0,  29.9,   2.6,  25.5,  0.593, -0.007,  0.000,3952197.7,  1,  22.5,   0.8, 0.100
2025-11-10 14:46:16,        0,  29.8,   2.5,  25.5,  0.583, -0.007,  0.000,3952191.0,  1,  22.6,   0.8, 0.100
2025-11-10 14:46:17,        0,  29.9,   2.6,  25.5,  0.573, -0.007,  0.000,3952183.9,  1,  22.6,   0.8, 0.100
2025-11-10 14:46:18,        0,  29.9,   2.8,  25.5,  4.010,  2.812,  0.017,3953629.7,  1,  22.5,   0.8, 0.100
2025-11-10 14:46:19,        0,  29.8,   2.5,  25.5,  3.508,  2.012,  0.009,3957438.0,  1,  22.5,   0.9, 0.100
2025-11-10 14:46:20,        0,  29.8,   2.3,  25.5,  1.254,  0.071,  0.000,3957693.7,  1,  22.6,   0.9, 0.100
2025-11-10 14:46:21,        0,  29.5,   1.6,  25.5,  1.032,  0.006,  0.000,3957700.8,  1,  22.6,   0.9, 0.100
2025-11-10 14:46:22,        0,  29.7,   2.1,  25.5,  0.949, -0.003,  0.000,3957697.9,  1,  22.5,   0.9, 0.100
2025-11-10 14:46:23,        0,  29.7,   2.1,  25.5,  0.873, -0.005,  0.000,3957692.0,  1,  22.5,   0.9, 0.100
2025-11-10 14:46:24,        0,  29.7,   2.1,  25.5,  0.833, -0.006,  0.000,3957686.2,  1,  22.5,   0.9, 0.100
2025-11-10 14:46:25,        0,  29.8,   2.3,  25.5,  0.780, -0.007,  0.000,3957679.9,  1,  22.5,   0.9, 0.100
2025-11-10 14:46:26,        0,  29.7,   2.1,  25.5,  0.751, -0.007,  0.000,3957673.6,  1,  22.5,   0.9, 0.100
2025-11-10 14:46:27,        0,  29.7,   2.1,  25.5,  0.713, -0.007,  0.000,3957665.6,  1,  22.5,   0.9, 0.100
2025-11-10 14:46:28,        0,  29.8,   2.5,  25.5,  0.693, -0.007,  0.000,3957658.5,  1,  22.5,   0.9, 0.100
2025-11-10 14:46:29,        0,  29.8,   2.3,  25.5,  0.666, -0.008,  0.000,3957651.0,  1,  22.6,   0.9, 0.100
2025-11-10 14:46:30,        0,  29.8,   2.5,  25.5,  0.649, -0.007,  0.000,3957644.2,  1,  22.5,   0.9, 0.100
2025-11-10 14:46:31,        0,  29.8,   2.5,  25.5,  0.634, -0.007,  0.000,3957637.5,  1,  22.5,   0.9, 0.100
2025-11-10 14:46:32,        0,  29.9,   2.6,  25.5,  0.614, -0.007,  0.000,3957629.2,  1,  22.5,   0.8, 0.100
2025-11-10 14:46:33,        0,  29.9,   2.8,  25.5,  0.602, -0.007,  0.000,3958307.7,  1,  22.5,   0.9, 0.100
2025-11-10 14:46:34,        0,  29.9,   2.6,  25.5,  5.968,  4.362,  0.026,3962471.4,  1,  22.6,   0.9, 0.100
2025-11-10 14:46:35,        0,  29.7,   2.0,  25.5,  2.596,  1.158,  0.004,3964569.0,  1,  22.5,   0.9, 0.100
2025-11-10 14:46:36,        0,  29.6,   1.8,  25.5,  1.054,  0.009,  0.000,3964604.6,  1,  22.6,   0.9, 0.100
2025-11-10 14:46:37,        0,  29.7,   2.0,  25.5,  0.964, -0.002,  0.000,3964603.3,  1,  22.5,   0.9, 0.100
2025-11-10 14:46:38,        0,  29.5,   1.6,  25.5,  0.906, -0.004,  0.000,3964598.7,  1,  22.5,   0.9, 0.100
2025-11-10 14:46:39,        0,  29.6,   1.8,  25.5,  0.841, -0.006,  0.000,3964593.3,  1,  22.6,   0.9, 0.100
2025-11-10 14:46:40,        0,  29.6,   1.8,  25.5,  0.807, -0.006,  0.000,3964586.1,  1,  22.6,   0.9, 0.100
2025-11-10 14:46:41,        0,  29.6,   1.8,  25.5,  0.759, -0.006,  0.000,3964579.9,  1,  22.5,   0.9, 0.100
2025-11-10 14:46:42,        0,  29.7,   2.0,  25.5,  0.732, -0.007,  0.000,3964573.1,  1,  22.6,   0.9, 0.100
2025-11-10 14:46:43,        0,  29.7,   2.0,  25.5,  0.710, -0.007,  0.000,3964566.0,  1,  22.6,   0.9, 0.100
2025-11-10 14:46:44,        0,  29.7,   2.0,  25.5,  0.680, -0.007,  0.000,3964558.9,  1,  22.5,   0.9, 0.100
2025-11-10 14:46:45,        0,  29.7,   2.1,  25.5,  0.655, -0.007,  0.000,3964550.5,  1,  22.5,   0.9, 0.100
2025-11-10 14:46:46,        0,  29.8,   2.3,  25.5,  0.640, -0.007,  0.000,3964543.4,  1,  22.6,   0.9, 0.100
2025-11-10 14:46:47,        0,  29.8,   2.3,  25.5,  0.626, -0.007,  0.000,3964536.3,  1,  22.5,   0.9, 0.100
2025-11-10 14:46:48,        0,  29.8,   2.3,  25.5,  0.609, -0.007,  0.000,3964529.6,  1,  22.5,   0.8, 0.100
2025-11-10 14:46:49,        0,  29.8,   2.3,  25.5,  0.597, -0.007,  0.000,3964522.9,  1,  22.5,   0.9, 0.100
2025-11-10 14:46:50,        0,  29.8,   2.5,  25.5,  0.581, -0.007,  0.000,3964514.1,  1,  22.5,   0.9, 0.100
2025-11-10 14:46:51,        0,  29.8,   2.5,  25.5,  0.571, -0.008,  0.000,3964507.3,  1,  22.5,   0.8, 0.100
2025-11-10 14:46:52,        0,  29.8,   2.3,  25.5,  0.562, -0.007,  0.000,3964500.2,  1,  22.5,   0.8, 0.100
2025-11-10 14:46:53,        0,  29.8,   2.5,  25.5,  0.550, -0.007,  0.000,3964493.5,  1,  22.5,   0.8, 0.100
2025-11-10 14:46:54,        0,  29.9,   2.6,  25.5,  0.542, -0.007,  0.000,3964485.6,  1,  22.5,   0.8, 0.100
2025-11-10 14:46:55,        0,  29.9,   2.6,  25.5,  0.530, -0.007,  0.000,3964478.8,  1,  22.6,   0.8, 0.100
2025-11-10 14:46:56,        0,  29.9,   2.6,  25.5,  5.959,  4.354,  0.026,3967368.5,  1,  22.5,   0.8, 0.100
2025-11-10 14:46:57,        0,  29.7,   2.0,  25.5,  5.908,  4.302,  0.025,3970454.3,  1,  22.5,   0.8, 0.100
2025-11-10 14:46:58,        0,  29.5,   1.6,  25.5,  1.145,  0.029,  0.000,3970542.3,  1,  22.5,   0.8, 0.100
2025-11-10 14:46:59,        0,  29.5,   1.6,  25.5,  1.002,  0.002,  0.000,3970544.0,  1,  22.5,   0.8, 0.100
2025-11-10 14:47:00,        0,  29.5,   1.6,  25.5,  0.904, -0.004,  0.000,3970540.2,  1,  22.5,   0.8, 0.100
2025-11-10 14:47:01,        0,  29.7,   2.0,  25.5,  0.859, -0.005,  0.000,3970534.4,  1,  22.5,   0.8, 0.100
2025-11-10 14:47:02,        0,  29.7,   2.0,  25.5,  0.800, -0.006,  0.000,3970527.2,  1,  22.5,   0.8, 0.100
2025-11-10 14:47:03,        0,  29.7,   2.1,  25.5,  0.767, -0.006,  0.000,3970521.4,  1,  22.5,   0.8, 0.100
2025-11-10 14:47:04,        0,  29.7,   2.1,  25.5,  0.740, -0.007,  0.000,3970515.1,  1,  22.5,   0.8, 0.100
2025-11-10 14:47:05,        0,  29.7,   2.1,  25.5,  0.705, -0.007,  0.000,3970508.0,  1,  22.5,   0.8, 0.100
2025-11-10 14:47:06,        0,  29.8,   2.3,  25.5,  0.684, -0.007,  0.000,3970501.2,  1,  22.5,   0.8, 0.100
2025-11-10 14:47:07,        0,  29.7,   2.1,  25.5,  0.657, -0.007,  0.000,3970492.9,  1,  22.5,   0.8, 0.100
2025-11-10 14:47:08,        0,  29.8,   2.3,  25.5,  0.641, -0.007,  0.000,3970485.7,  1,  22.6,   0.8, 0.100
2025-11-10 14:47:09,        0,  29.8,   2.3,  25.5,  0.620, -0.007,  0.000,3970478.6,  1,  22.5,   0.9, 0.100
2025-11-10 14:47:10,        0,  29.8,   2.3,  25.5,  0.608, -0.007,  0.000,3970471.9,  1,  22.5,   0.8, 0.100
2025-11-10 14:47:11,        0,  29.8,   2.5,  25.5,  0.590, -0.007,  0.000,3970463.9,  1,  22.5,   0.9, 0.100
2025-11-10 14:47:12,        0,  29.9,   2.6,  25.5,  0.579, -0.007,  0.000,3970456.8,  1,  22.5,   0.8, 0.100
2025-11-10 14:47:13,        0,  29.9,   2.6,  25.5,  0.568, -0.007,  0.000,3970450.1,  1,  22.5,   0.8, 0.100
2025-11-10 14:47:14,        0,  29.9,   2.6,  25.5,  5.967,  4.361,  0.026,3972823.5,  1,  22.5,   0.9, 0.100
2025-11-10 14:47:15,        0,  29.8,   2.3,  25.5,  5.979,  4.367,  0.026,3976977.5,  1,  22.5,   0.9, 0.100
2025-11-10 14:47:16,        0,  29.2,   0.6,  25.5,  1.213,  0.051,  0.000,3977526.1,  1,  22.5,   0.9, 0.100
2025-11-10 14:47:17,        0,  29.4,   1.3,  25.5,  1.026,  0.005,  0.000,3977532.0,  1,  22.6,   0.9, 0.100
2025-11-10 14:47:18,        0,  29.5,   1.5,  25.5,  0.948, -0.003,  0.000,3977529.1,  1,  22.5,   0.9, 0.100
2025-11-10 14:47:19,        0,  29.5,   1.6,  25.5,  0.873, -0.005,  0.000,3977523.6,  1,  22.5,   0.9, 0.100
2025-11-10 14:47:20,        0,  29.6,   1.8,  25.5,  0.833, -0.006,  0.000,3977516.9,  1,  22.5,   0.9, 0.100
2025-11-10 14:47:21,        0,  29.6,   1.8,  25.5,  0.781, -0.006,  0.000,3977511.0,  1,  22.5,   0.9, 0.100
2025-11-10 14:47:22,        0,  29.5,   1.6,  25.5,  0.752, -0.007,  0.000,3977503.9,  1,  22.5,   0.9, 0.100
2025-11-10 14:47:23,        0,  29.6,   1.8,  25.5,  0.727, -0.007,  0.000,3977497.6,  1,  22.5,   1.0, 0.100
2025-11-10 14:47:24,        0,  29.6,   1.8,  25.5,  0.694, -0.007,  0.000,3977489.7,  1,  22.5,   0.9, 0.100
2025-11-10 14:47:25,        0,  29.7,   2.0,  25.5,  0.666, -0.007,  0.000,3977483.0,  1,  22.5,   0.9, 0.100
2025-11-10 14:47:26,        0,  29.7,   2.0,  25.5,  0.649, -0.007,  0.000,3977476.2,  1,  22.5,   1.0, 0.100
2025-11-10 14:47:27,        0,  29.7,   2.1,  25.5,  0.635, -0.008,  0.000,3977469.1,  1,  22.5,   1.0, 0.100
2025-11-10 14:47:28,        0,  29.7,   2.0,  25.5,  0.614, -0.007,  0.000,3977462.0,  1,  22.5,   1.0, 0.100
2025-11-10 14:47:29,        0,  29.7,   2.1,  25.5,  0.603, -0.007,  0.000,3977453.6,  1,  22.5,   1.0, 0.100
2025-11-10 14:47:30,        0,  29.7,   2.1,  25.5,  0.585, -0.007,  0.000,3977446.5,  1,  22.5,   1.0, 0.100
2025-11-10 14:47:31,        0,  29.8,   2.3,  25.5,  0.575, -0.007,  0.000,3977440.2,  1,  22.5,   1.0, 0.100
2025-11-10 14:47:32,        0,  29.7,   2.2,  25.5,  0.565, -0.007,  0.000,3977433.1,  1,  22.5,   1.0, 0.100
2025-11-10 14:47:33,        0,  29.7,   2.1,  25.5,  0.551, -0.007,  0.000,3977425.1,  1,  22.5,   1.0, 0.100
2025-11-10 14:47:34,        0,  29.8,   2.5,  25.5,  0.542, -0.007,  0.000,3977418.8,  1,  22.5,   1.0, 0.100
2025-11-10 14:47:35,        0,  29.8,   2.5,  25.5,  0.530, -0.007,  0.000,3977412.1,  1,  22.5,   1.0, 0.100
2025-11-10 14:47:36,        0,  29.8,   2.5,  25.5,  0.523, -0.007,  0.000,3977405.8,  1,  22.5,   1.0, 0.100
2025-11-10 14:47:37,        0,  29.9,   2.6,  25.5,  0.516, -0.007,  0.000,3977399.1,  1,  22.5,   1.0, 0.100
2025-11-10 14:47:38,        0,  29.9,   2.6,  25.5,  3.677,  2.171,  0.010,3980598.1,  1,  22.5,   1.0, 0.100
2025-11-10 14:47:39,        0,  29.8,   2.5,  25.5,  5.298,  3.709,  0.021,3983009.1,  1,  22.5,   1.0, 0.100
2025-11-10 14:47:40,        0,  29.5,   1.5,  25.5,  1.111,  0.021,  0.000,3983053.6,  1,  22.5,   1.0, 0.100
2025-11-10 14:47:41,        0,  29.6,   1.8,  25.5,  0.984,  0.001,  0.000,3983055.2,  1,  22.5,   1.0, 0.100
2025-11-10 14:47:42,        0,  29.7,   2.0,  25.5,  0.893, -0.005,  0.000,3983050.2,  1,  22.5,   1.0, 0.100
2025-11-10 14:47:43,        0,  29.6,   1.8,  25.5,  0.848, -0.006,  0.000,3983044.3,  1,  22.5,   1.0, 0.100
2025-11-10 14:47:44,        0,  29.6,   1.8,  25.5,  0.810, -0.006,  0.000,3983038.5,  1,  22.5,   1.0, 0.100
2025-11-10 14:47:45,        0,  29.7,   2.1,  25.5,  0.762, -0.007,  0.000,3983032.2,  1,  22.5,   1.0, 0.100
2025-11-10 14:47:46,        0,  29.7,   2.1,  25.5,  0.721, -0.007,  0.000,3983024.2,  1,  22.5,   1.0, 0.100
2025-11-10 14:47:47,        0,  29.7,   2.1,  25.5,  0.699, -0.007,  0.000,3983017.5,  1,  22.5,   0.9, 0.100
2025-11-10 14:47:48,        0,  29.7,   2.1,  25.5,  0.679, -0.007,  0.000,3983010.8,  1,  22.5,   0.9, 0.100
2025-11-10 14:47:49,        0,  29.7,   2.1,  25.5,  0.653, -0.007,  0.000,3983003.7,  1,  22.5,   0.9, 0.100
2025-11-10 14:47:50,        0,  29.7,   2.1,  25.5,  0.636, -0.007,  0.000,3982996.6,  1,  22.5,   0.9, 0.100
2025-11-10 14:47:51,        0,  29.8,   2.3,  25.5,  0.615, -0.007,  0.000,3982988.6,  1,  22.5,   0.9, 0.100
2025-11-10 14:47:52,        0,  29.8,   2.3,  25.5,  0.603, -0.007,  0.000,3982981.9,  1,  22.5,   0.9, 0.100
2025-11-10 14:47:53,        0,  29.8,   2.5,  25.5,  0.591, -0.007,  0.000,3982975.2,  1,  22.5,   0.9, 0.100
2025-11-10 14:47:54,        0,  29.8,   2.5,  25.5,  0.574, -0.007,  0.000,3982968.5,  1,  22.5,   0.9, 0.100
2025-11-10 14:47:55,        0,  29.8,   2.3,  25.5,  0.563, -0.007,  0.000,3982960.5,  1,  22.5,   0.9, 0.100
2025-11-10 14:47:56,        0,  29.8,   2.3,  25.5,  0.549, -0.007,  0.000,3982953.8,  1,  22.5,   0.9, 0.100
2025-11-10 14:47:57,        0,  29.8,   2.5,  25.5,  0.540, -0.007,  0.000,3982947.1,  1,  22.5,   0.9, 0.100
2025-11-10 14:47:58,        0,  29.9,   2.6,  25.5,  0.532, -0.007,  0.000,3982940.8,  1,  22.5,   0.9, 0.100
2025-11-10 14:47:59,        0,  29.8,   2.3,  25.5,  5.980,  4.365,  0.026,3987848.0,  1,  22.5,   0.8, 0.100
2025-11-10 14:48:00,        0,  29.4,   1.1,  25.5,  5.158,  3.589,  0.020,3990091.0,  1,  22.5,   0.8, 0.100
2025-11-10 14:48:01,        0,  29.4,   1.3,  25.5,  1.294,  0.090,  0.000,3990428.8,  1,  22.5,   0.8, 0.100
2025-11-10 14:48:02,        0,  29.3,   1.0,  25.5,  1.041,  0.007,  0.000,3990437.2,  1,  22.5,   0.8, 0.100
2025-11-10 14:48:03,        0,  29.5,   1.6,  25.5,  0.926, -0.003,  0.000,3990433.8,  1,  22.5,   0.9, 0.100
2025-11-10 14:48:04,        0,  29.5,   1.5,  25.5,  0.876, -0.005,  0.000,3990428.8,  1,  22.5,   0.8, 0.100
2025-11-10 14:48:05,        0,  29.5,   1.6,  25.5,  0.818, -0.006,  0.000,3990423.4,  1,  22.5,   0.8, 0.100
2025-11-10 14:48:06,        0,  29.6,   1.8,  25.5,  0.784, -0.006,  0.000,3990417.9,  1,  22.5,   0.8, 0.100
2025-11-10 14:48:07,        0,  29.6,   1.8,  25.5,  0.754, -0.007,  0.000,3990411.6,  1,  22.5,   0.8, 0.100
2025-11-10 14:48:08,        0,  29.7,   2.0,  25.5,  0.715, -0.007,  0.000,3990403.7,  1,  22.5,   0.8,-1.000
2025-11-10 14:48:09,        0,  29.6,   1.8,  25.5,  0.694, -0.007,  0.000,3990396.5,  1,  22.5,   0.8, 0.100
2025-11-10 14:48:10,        0,  29.7,   2.0,  25.5,  0.666, -0.008,  0.000,3990389.8,  1,  22.5,   0.8, 0.100
2025-11-10 14:48:11,        0,  29.7,   2.0,  25.5,  0.649, -0.007,  0.000,3990383.5,  1,  22.5,   0.8, 0.100
2025-11-10 14:48:12,        0,  29.7,   2.0,  25.5,  0.627, -0.007,  0.000,3990375.2,  1,  22.5,   0.8, 0.100
2025-11-10 14:48:13,        0,  29.7,   2.1,  25.5,  0.614, -0.007,  0.000,3990368.5,  1,  22.4,   0.8, 0.100
2025-11-10 14:48:14,        0,  29.7,   2.1,  25.5,  0.601, -0.007,  0.000,3990361.3,  1,  22.5,   0.9, 0.100
2025-11-10 14:48:15,        0,  29.6,   1.8,  25.5,  0.583, -0.007,  0.000,3990355.0,  1,  22.5,   0.8, 0.100
2025-11-10 14:48:16,        0,  29.8,   2.3,  25.5,  0.573, -0.007,  0.000,3990347.1,  1,  22.5,   0.8, 0.100
2025-11-10 14:48:17,        0,  29.8,   2.3,  25.5,  0.558, -0.007,  0.000,3990340.8,  1,  22.5,   0.9, 0.100
2025-11-10 14:48:18,        0,  29.8,   2.3,  25.5,  0.548, -0.007,  0.000,3990334.1,  1,  22.5,   0.9, 0.100
2025-11-10 14:48:19,        0,  29.8,   2.3,  25.5,  0.540, -0.007,  0.000,3990327.8,  1,  22.5,   0.9, 0.100
2025-11-10 14:48:20,        0,  29.8,   2.5,  25.5,  0.527, -0.007,  0.000,3990319.8,  1,  22.5,   0.9, 0.100
2025-11-10 14:48:21,        0,  29.8,   2.5,  25.5,  0.520, -0.007,  0.000,3990313.6,  1,  22.5,   0.9, 0.100
2025-11-10 14:48:22,        0,  29.8,   2.3,  25.5,  0.509, -0.007,  0.000,3990307.3,  1,  22.5,   1.0, 0.100
2025-11-10 14:48:23,        0,  29.8,   2.5,  25.5,  0.502, -0.006,  0.000,3990301.0,  1,  22.5,   0.9, 0.100
2025-11-10 14:48:24,        0,  29.9,   2.6,  25.5,  0.493, -0.006,  0.000,3990293.9,  1,  22.4,   1.0, 0.100
2025-11-10 14:48:25,        0,  29.9,   2.6,  25.5,  3.737,  2.459,  0.013,3991459.8,  1,  22.4,   1.0, 0.100
2025-11-10 14:48:26,        0,  29.9,   2.6,  25.5,  1.236,  0.062,  0.000,3991519.3,  1,  22.5,   1.0, 0.100
2025-11-10 14:48:27,        0,  29.9,   2.7,  25.5,  0.970,  0.001,  0.000,3991522.2,  1,  22.5,   1.0, 0.100
2025-11-10 14:48:28,        0,  29.9,   2.7,  25.5,  2.580,  1.143,  0.004,3994715.3,  1,  22.4,   1.0, 0.100
2025-11-10 14:48:29,        0,  29.5,   1.5,  25.5,  2.128,  0.732,  0.002,3996093.3,  1,  22.4,   1.0, 0.100
2025-11-10 14:48:30,        0,  29.5,   1.5,  25.5,  1.120,  0.023,  0.000,3996121.4,  1,  22.4,   1.0, 0.100
2025-11-10 14:48:31,        0,  29.6,   1.8,  25.5,  0.951, -0.003,  0.000,3996120.5,  1,  22.5,   1.0, 0.100
2025-11-10 14:48:32,        0,  29.7,   2.1,  25.5,  0.895, -0.005,  0.000,3996116.3,  1,  22.4,   1.0, 0.100
2025-11-10 14:48:33,        0,  29.7,   2.1,  25.5,  0.832, -0.006,  0.000,3996110.1,  1,  22.5,   1.0, 0.100
2025-11-10 14:48:34,        0,  29.7,   2.1,  25.4,  0.795, -0.006,  0.000,3996104.2,  1,  22.5,   1.0, 0.100
2025-11-10 14:48:35,        0,  29.7,   2.1,  25.5,  0.764, -0.007,  0.000,3996097.9,  1,  22.5,   1.0, 0.100
2025-11-10 14:48:36,        0,  29.8,   2.3,  25.5,  0.723, -0.006,  0.000,3996092.0,  1,  22.4,   1.0, 0.100
2025-11-10 14:48:37,        0,  29.8,   2.3,  25.5,  0.700, -0.007,  0.000,3996083.7,  1,  22.4,   1.0, 0.100
2025-11-10 14:48:38,        0,  29.7,   2.1,  25.5,  0.670, -0.007,  0.000,3996076.9,  1,  22.4,   1.0, 0.100
2025-11-10 14:48:39,        0,  29.8,   2.5,  25.5,  0.653, -0.007,  0.000,3996069.8,  1,  22.4,   1.0, 0.100
2025-11-10 14:48:40,        0,  29.8,   2.3,  25.5,  0.637, -0.007,  0.000,3996063.1,  1,  22.4,   1.0, 0.100
2025-11-10 14:48:41,        0,  29.8,   2.5,  25.5,  0.616, -0.007,  0.000,3996056.0,  1,  22.4,   1.0, 0.100
2025-11-10 14:48:42,        0,  29.8,   2.5,  25.5,  0.602, -0.007,  0.000,3996047.6,  1,  22.4,   1.0, 0.100
2025-11-10 14:48:43,        0,  29.8,   2.3,  25.5,  0.584, -0.007,  0.000,3996041.3,  1,  22.5,   1.0, 0.100
2025-11-10 14:48:44,        0,  29.9,   2.6,  25.4,  0.573, -0.007,  0.000,3996034.2,  1,  22.4,   1.0, 0.100
2025-11-10 14:48:45,        0,  29.9,   2.6,  25.5,  0.562, -0.006,  0.000,3996028.3,  1,  22.4,   1.0, 0.100
2025-11-10 14:48:46,        0,  29.8,   2.5,  25.5,  4.476,  3.185,  0.019,3998599.5,  1,  22.4,   1.0, 0.100
2025-11-10 14:48:47,        0,  29.9,   2.6,  25.4,  5.202,  3.613,  0.020,4001863.8,  1,  22.4,   1.0, 0.100
2025-11-10 14:48:48,        0,  29.7,   2.1,  25.5,  2.056,  0.666,  0.002,4003292.5,  1,  22.4,   1.0, 0.100
2025-11-10 14:48:49,        0,  29.2,   0.5,  25.4,  1.119,  0.023,  0.000,4003321.8,  1,  22.4,   1.0, 0.100
2025-11-10 14:48:50,        0,  29.5,   1.6,  25.5,  0.956, -0.002,  0.000,4003320.6,  1,  22.4,   1.0, 0.100
2025-11-10 14:48:51,        0,  29.6,   1.8,  25.4,  0.900, -0.005,  0.000,4003316.0,  1,  22.4,   1.0, 0.100
2025-11-10 14:48:52,        0,  29.5,   1.5,  25.5,  0.835, -0.006,  0.000,4003310.5,  1,  22.4,   1.0, 0.100
2025-11-10 14:48:53,        0,  29.5,   1.6,  25.5,  0.799, -0.006,  0.000,4003305.1,  1,  22.4,   1.0, 0.100
2025-11-10 14:48:54,        0,  29.6,   1.8,  25.4,  0.768, -0.006,  0.000,4003298.8,  1,  22.4,   1.0, 0.100
2025-11-10 14:48:55,        0,  29.6,   1.8,  25.5,  0.728, -0.007,  0.000,4003290.8,  1,  22.4,   1.0, 0.100
2025-11-10 14:48:56,        0,  29.6,   1.8,  25.4,  0.705, -0.007,  0.000,4003284.1,  1,  22.4,   1.0, 0.100
2025-11-10 14:48:57,        0,  29.6,   1.8,  25.5,  0.674, -0.007,  0.000,4003277.4,  1,  22.4,   1.0, 0.100
2025-11-10 14:48:58,        0,  29.7,   2.0,  25.4,  0.658, -0.007,  0.000,4003270.3,  1,  22.4,   1.0, 0.100
2025-11-10 14:48:59,        0,  29.7,   2.0,  25.5,  0.634, -0.007,  0.000,4003261.9,  1,  22.4,   1.0, 0.100
2025-11-10 14:49:00,        0,  29.7,   2.0,  25.4,  0.620, -0.007,  0.000,4003255.2,  1,  22.4,   1.0, 0.100
2025-11-10 14:49:01,        0,  29.7,   2.1,  25.5,  0.608, -0.007,  0.000,4003248.5,  1,  22.4,   1.0, 0.100
2025-11-10 14:49:02,        0,  29.7,   2.1,  25.5,  0.589, -0.007,  0.000,4003242.2,  1,  22.4,   1.0, 0.100
2025-11-10 14:49:03,        0,  29.7,   2.1,  25.5,  0.578, -0.007,  0.000,4003233.8,  1,  22.4,   1.0, 0.100
2025-11-10 14:49:04,        0,  29.7,   2.2,  25.4,  0.562, -0.007,  0.000,4003227.1,  1,  22.4,   1.0, 0.100
2025-11-10 14:49:05,        0,  29.8,   2.3,  25.5,  0.552, -0.007,  0.000,4003220.4,  1,  22.5,   0.9, 0.100
2025-11-10 14:49:06,        0,  29.7,   2.0,  25.4,  0.543, -0.007,  0.000,4003213.7,  1,  22.4,   0.9, 0.100
2025-11-10 14:49:07,        0,  29.8,   2.3,  25.5,  0.530, -0.007,  0.000,4003207.0,  1,  22.4,   0.9, 0.100
2025-11-10 14:49:08,        0,  29.8,   2.3,  25.4,  0.519, -0.007,  0.000,4003199.5,  1,  22.4,   0.9, 0.100
2025-11-10 14:49:09,        0,  29.8,   2.5,  25.5,  0.511, -0.007,  0.000,4003192.8,  1,  22.4,   0.9, 0.100
2025-11-10 14:49:10,        0,  29.8,   2.5,  25.5,  0.504, -0.006,  0.000,4003187.3,  1,  22.4,   0.9, 0.100
2025-11-10 14:49:11,        0,  29.8,   2.5,  25.4,  0.497, -0.006,  0.000,4003180.6,  1,  22.4,   0.9, 0.100
2025-11-10 14:49:12,        0,  29.9,   2.6,  25.4,  0.488, -0.007,  0.000,4003173.5,  1,  22.4,   0.9, 0.100
2025-11-10 14:49:13,        0,  29.9,   2.6,  25.5,  0.478, -0.007,  0.000,4003167.2,  1,  22.4,   0.9, 0.100
2025-11-10 14:49:14,        0,  29.8,   2.5,  25.5,  3.314,  2.284,  0.014,4004896.0,  1,  22.4,   0.9, 0.100
2025-11-10 14:49:15,        0,  29.9,   2.6,  25.4,  1.777,  0.432,  0.001,4006123.1,  1,  22.4,   0.9, 0.100
2025-11-10 14:49:16,        0,  29.6,   1.8,  25.4,  1.704,  0.371,  0.001,4008040.0,  1,  22.4,   0.9, 0.100
2025-11-10 14:49:17,        0,  29.7,   2.0,  25.5,  1.096,  0.017,  0.000,4008055.1,  1,  22.4,   0.9, 0.100
2025-11-10 14:49:18,        0,  29.5,   1.6,  25.5,  0.944, -0.002,  0.000,4008054.3,  1,  22.4,   0.9, 0.100
2025-11-10 14:49:19,        0,  29.7,   2.1,  25.5,  0.888, -0.005,  0.000,4008050.1,  1,  22.4,   0.9, 0.100
2025-11-10 14:49:20,        0,  29.7,   2.0,  25.5,  0.845, -0.006,  0.000,4008044.2,  1,  22.4,   0.8, 0.100
2025-11-10 14:49:21,        0,  29.7,   2.2,  25.5,  0.787, -0.006,  0.000,4008037.5,  1,  22.4,   0.9, 0.100
2025-11-10 14:49:22,        0,  29.8,   2.3,  25.5,  0.755, -0.006,  0.000,4008031.2,  1,  22.4,   0.9, 0.100
2025-11-10 14:49:23,        0,  29.8,   2.3,  25.4,  0.716, -0.006,  0.000,4008025.4,  1,  22.4,   0.8, 0.100
2025-11-10 14:49:24,        0,  29.8,   2.3,  25.4,  0.692, -0.007,  0.000,4008018.6,  1,  22.4,   0.9, 0.100
2025-11-10 14:49:25,        0,  29.8,   2.3,  25.5,  0.664, -0.007,  0.000,4008010.3,  1,  22.4,   0.9, 0.100
2025-11-10 14:49:26,        0,  29.8,   2.3,  25.4,  0.646, -0.007,  0.000,4008003.6,  1,  22.4,   0.9, 0.100
2025-11-10 14:49:27,        0,  29.8,   2.3,  25.4,  0.622, -0.008,  0.000,4007996.4,  1,  22.4,   0.9, 0.100
2025-11-10 14:49:28,        0,  29.8,   2.5,  25.4,  0.608, -0.007,  0.000,4007989.7,  1,  22.4,   0.9, 0.100
2025-11-10 14:49:29,        0,  29.8,   2.5,  25.4,  0.595, -0.007,  0.000,4007983.0,  1,  22.4,   0.9, 0.100
2025-11-10 14:49:30,        0,  29.8,   2.5,  25.4,  0.576, -0.007,  0.000,4007975.1,  1,  22.4,   0.9, 0.100
2025-11-10 14:49:31,        0,  29.9,   2.6,  25.4,  0.566, -0.006,  0.000,4007968.8,  1,  22.4,   0.9, 0.100
2025-11-10 14:49:32,        0,  29.9,   2.6,  25.5,  5.989,  4.366,  0.026,4011538.6,  1,  22.4,   0.9, 0.100
2025-11-10 14:49:33,        0,  29.4,   1.3,  25.5,  2.703,  1.251,  0.004,4013757.3,  1,  22.4,   0.9, 0.100
2025-11-10 14:49:34,        0,  29.2,   0.6,  25.4,  1.057,  0.010,  0.000,4013796.3,  1,  22.4,   1.0, 0.100
2025-11-10 14:49:35,        0,  29.6,   1.7,  25.4,  0.960, -0.001,  0.000,4013795.9,  1,  22.4,   0.9, 0.100
2025-11-10 14:49:36,        0,  29.6,   1.8,  25.4,  0.900, -0.004,  0.000,4013791.7,  1,  22.4,   0.9, 0.100
2025-11-10 14:49:37,        0,  29.6,   1.8,  25.4,  0.835, -0.006,  0.000,4013785.8,  1,  22.4,   1.0, 0.100
2025-11-10 14:49:38,        0,  29.7,   2.0,  25.4,  0.799, -0.006,  0.000,4013778.7,  1,  22.4,   0.9, 0.100
2025-11-10 14:49:39,        0,  29.7,   2.0,  25.4,  0.752, -0.007,  0.000,4013772.4,  1,  22.4,   1.0, 0.100
2025-11-10 14:49:40,        0,  29.6,   1.8,  25.4,  0.725, -0.007,  0.000,4013766.1,  1,  22.4,   0.9, 0.100
2025-11-10 14:49:41,        0,  29.7,   2.1,  25.4,  0.701, -0.007,  0.000,4013759.4,  1,  22.4,   0.9, 0.100
2025-11-10 14:49:42,        0,  29.7,   2.0,  25.4,  0.672, -0.007,  0.000,4013753.1,  1,  22.4,   0.9, 0.100
2025-11-10 14:49:43,        0,  29.7,   2.1,  25.5,  0.645, -0.007,  0.000,4013744.7,  1,  22.4,   0.9, 0.100
2025-11-10 14:49:44,        0,  29.7,   2.1,  25.4,  0.629, -0.007,  0.000,4013737.6,  1,  22.4,   0.9, 0.100
2025-11-10 14:49:45,        0,  29.7,   2.1,  25.4,  0.616, -0.007,  0.000,4013731.3,  1,  22.4,   0.9, 0.100
2025-11-10 14:49:46,        0,  29.8,   2.3,  25.4,  0.602, -0.007,  0.000,4013724.2,  1,  22.4,   1.0, 0.100
2025-11-10 14:49:47,        0,  29.8,   2.3,  25.4,  0.583, -0.007,  0.000,4013716.2,  1,  22.4,   1.0, 0.100
2025-11-10 14:49:48,        0,  29.8,   2.3,  25.4,  0.567, -0.007,  0.000,4013710.0,  1,  22.4,   1.0, 0.100
2025-11-10 14:49:49,        0,  29.8,   2.5,  25.4,  0.556, -0.006,  0.000,4013703.3,  1,  22.4,   1.0, 0.100
2025-11-10 14:49:50,        0,  29.8,   2.5,  25.4,  0.546, -0.007,  0.000,4013697.0,  1,  22.4,   1.0, 0.100
2025-11-10 14:49:51,        0,  29.8,   2.5,  25.4,  0.532, -0.007,  0.000,4013689.4,  1,  22.4,   1.0, 0.100
2025-11-10 14:49:52,        0,  29.9,   2.6,  25.5,  0.523, -0.006,  0.000,4013682.7,  1,  22.4,   1.0, 0.100
2025-11-10 14:49:53,        0,  29.9,   2.6,  25.4,  0.511, -0.007,  0.000,4013677.3,  1,  22.4,   1.0, 0.100
2025-11-10 14:49:54,        0,  29.9,   2.6,  25.5,  0.504, -0.006,  0.000,4013670.6,  1,  22.4,   1.0, 0.100
2025-11-10 14:49:55,        0,  29.9,   2.6,  25.5,  5.980,  4.357,  0.026,4017244.2,  1,  22.4,   1.0, 0.100
2025-11-10 14:49:56,        0,  29.7,   2.1,  25.4,  1.729,  0.390,  0.001,4019218.1,  1,  22.4,   1.0, 0.100
2025-11-10 14:49:57,        0,  29.5,   1.5,  25.5,  1.101,  0.018,  0.000,4019235.3,  1,  22.4,   1.0, 0.100
2025-11-10 14:49:58,        0,  29.5,   1.5,  25.4,  0.945, -0.002,  0.000,4019234.1,  1,  22.4,   1.0, 0.100
2025-11-10 14:49:59,        0,  29.7,   2.0,  25.4,  0.890, -0.005,  0.000,4019229.4,  1,  22.4,   1.0, 0.100
2025-11-10 14:50:00,        0,  29.6,   1.8,  25.4,  0.827, -0.006,  0.000,4019222.3,  1,  22.4,   1.0, 0.100
2025-11-10 14:50:01,        0,  29.7,   2.0,  25.4,  0.792, -0.006,  0.000,4019216.4,  1,  22.4,   1.0, 0.100
2025-11-10 14:50:02,        0,  29.7,   2.0,  25.5,  0.759, -0.007,  0.000,4019210.2,  1,  22.4,   1.0, 0.100
2025-11-10 14:50:03,        0,  29.7,   2.0,  25.4,  0.720, -0.007,  0.000,4019202.6,  1,  22.4,   1.0, 0.100
2025-11-10 14:50:04,        0,  29.7,   2.1,  25.4,  0.697, -0.007,  0.000,4019195.9,  1,  22.4,   1.0, 0.100
2025-11-10 14:50:05,        0,  29.7,   2.1,  25.4,  0.667, -0.007,  0.000,4019188.8,  1,  22.4,   1.0, 0.100
2025-11-10 14:50:06,        0,  29.7,   2.0,  25.5,  0.649, -0.007,  0.000,4019182.1,  1,  22.4,   0.9, 0.100
2025-11-10 14:50:07,        0,  29.7,   2.1,  25.4,  0.633, -0.007,  0.000,4019175.4,  1,  22.4,   0.9, 0.100
2025-11-10 14:50:08,        0,  29.8,   2.3,  25.4,  0.610, -0.007,  0.000,4019167.4,  1,  22.4,   0.9, 0.100
2025-11-10 14:50:09,        0,  29.8,   2.3,  25.4,  0.597, -0.007,  0.000,4019160.7,  1,  22.4,   0.9, 0.100
2025-11-10 14:50:10,        0,  29.7,   2.1,  25.4,  0.579, -0.007,  0.000,4019154.4,  1,  22.4,   0.9, 0.100
