Time, Cnts,  %T, set_Cell[mA], Cell[°C], Cell[Volt], Cell[mA], Cell[W], Cell[uAs], Cell_ON, Env[°C], TEC[°C], N2Flow[slpm]
2025-10-13 12:33:39,        0,  29.7,   2.2,  24.9,  0.148, -0.002,  0.000,     -1.7,  1,  21.6,   1.0, 0.100
2025-10-13 12:33:40,        0,  29.7,   2.0,  24.9,  0.148, -0.002,  0.000,     -3.7,  1,  21.5,   1.0, 0.100
2025-10-13 12:33:41,        0,  29.7,   2.2,  25.0,  0.148, -0.002,  0.000,     -5.7,  1,  21.6,   1.0, 0.100
2025-10-13 12:33:42,        0,  29.7,   2.1,  24.9,  0.148, -0.002,  0.000,     -8.0,  1,  21.6,   1.0, 0.100
2025-10-13 12:33:43,        0,  29.7,   2.1,  24.9,  0.148, -0.002,  0.000,     -9.7,  1,  21.6,   1.0, 0.099
2025-10-13 12:33:44,        0,  29.7,   2.1,  24.9,  0.148, -0.002,  0.000,    -12.3,  1,  21.6,   1.0, 0.099
2025-10-13 12:33:45,        0,  29.7,   2.2,  24.9,  0.148, -0.002,  0.000,    -14.0,  1,  21.6,   1.0, 0.099
2025-10-13 12:33:46,        0,  29.7,   2.0,  24.9,  0.148, -0.002,  0.000,    -16.0,  1,  21.5,   1.0, 0.099
2025-10-13 12:33:47,        0,  29.7,   2.2,  24.9,  0.148, -0.002,  0.000,    -18.0,  1,  21.6,   1.0, 0.099
2025-10-13 12:33:48,        0,  29.7,   2.2,  24.9,  0.147, -0.002,  0.000,    -20.6,  1,  21.6,   1.0, 0.099
2025-10-13 12:33:49,        0,  29.7,   2.2,  25.0,  0.148, -0.002,  0.000,    -22.6,  1,  21.6,   1.0, 0.099
2025-10-13 12:33:50,        0,  29.7,   2.1,  24.9,  0.148, -0.002,  0.000,    -24.6,  1,  21.6,   1.0, 0.100
2025-10-13 12:33:51,        0,  29.7,   2.2,  24.9,  0.148, -0.002,  0.000,    -26.6,  1,  21.6,   1.0, 0.100
2025-10-13 12:33:52,        0,  29.7,   2.1,  25.0,  0.148, -0.002,  0.000,    -29.2,  1,  21.6,   1.0, 0.100
2025-10-13 12:33:53,        0,  29.7,   2.2,  24.9,  0.147, -0.002,  0.000,    -31.2,  1,  21.6,   1.0, 0.100
2025-10-13 12:33:54,        0,  30.0,   3.1,  25.0,  0.147, -0.002,  0.000,    -23.5,  1,  21.6,   1.0, 0.100
2025-10-13 12:33:55,        0,  30.2,   3.5,  24.9,  5.290,  4.403,  0.023,   4201.4,  1,  21.6,   1.0, 0.100
2025-10-13 12:33:56,        0,  30.0,   3.1,  25.0,  6.270,  5.573,  0.035,  10124.6,  1,  21.6,   1.0, 0.100
2025-10-13 12:33:57,        0,  30.6,   4.9,  24.9,  7.300,  6.805,  0.051,  15176.9,  1,  21.6,   1.1, 0.100
2025-10-13 12:33:58,        0,  31.0,   6.1,  24.9,  7.874,  7.492,  0.059,  21870.8,  1,  21.6,   1.0, 0.100
2025-10-13 12:33:59,        0,  32.8,  11.4,  25.0,  9.490,  9.427,  0.090,  31111.9,  1,  21.6,   1.0, 0.100
2025-10-13 12:34:00,        0,  32.5,  10.4,  24.9, 12.111, 12.570,  0.152,  45158.1,  1,  21.6,   1.0, 0.100
2025-10-13 12:34:01,        0,  35.0,  18.1,  25.0, 12.314, 12.816,  0.160,  58708.5,  1,  21.6,   1.1, 0.101
2025-10-13 12:34:02,        0,  34.5,  16.5,  24.9, 16.787, 18.190,  0.306,  77075.1,  1,  21.6,   1.0, 0.101
2025-10-13 12:34:03,        0,  34.4,  16.3,  24.9, 17.777, 19.417,  0.346,  96006.2,  1,  21.5,   1.0, 0.102
2025-10-13 12:34:04,        0,  37.1,  24.3,  24.9, 23.132, 25.902,  0.600, 123561.3,  1,  21.5,   1.0, 0.091
2025-10-13 12:34:05,        0,  38.4,  28.2,  24.9, 24.289, 27.299,  0.664, 150705.0,  1,  21.5,   1.0, 0.096
2025-10-13 12:34:06,        0,  38.6,  28.7,  24.9, 26.746, 30.284,  0.811, 180018.1,  1,  21.5,   1.0, 0.097
2025-10-13 12:34:07,        0,  41.7,  38.2,  24.9, 34.962, 40.432,  1.416, 217379.4,  1,  21.5,   1.0, 0.098
2025-10-13 12:34:08,        0,  39.5,  31.5,  24.8, 38.171, 42.270,  1.541, 267423.3,  1,  21.5,   1.0, 0.099
2025-10-13 12:34:09,        0,  43.2,  42.7,  24.9, 32.574, 37.631,  1.238, 302938.8,  1,  21.5,   1.0, 0.099
2025-10-13 12:34:10,        0,  45.6,  49.9,  24.8, 41.430, 48.590,  2.016, 349493.7,  1,  21.5,   1.0, 0.099
2025-10-13 12:34:11,        0,  45.3,  48.8,  24.9, 46.985, 55.677,  2.623, 399658.0,  1,  21.5,   1.0, 0.100
2025-10-13 12:34:12,        0,  45.5,  49.4,  24.9, 49.490, 59.016,  2.923, 466207.2,  1,  21.5,   1.0, 0.100
2025-10-13 12:34:13,        0,  48.6,  58.9,  24.9, 50.469, 60.520,  3.058, 521479.0,  1,  21.5,   1.0, 0.100
2025-10-13 12:34:14,        0,  48.5,  58.6,  24.9, 55.085, 66.611,  3.672, 583785.8,  1,  21.5,   1.0, 0.100
2025-10-13 12:34:15,        0,  45.8,  50.4,  24.9, 47.149, 56.795,  2.692, 641253.9,  1,  21.5,   1.0, 0.100
2025-10-13 12:34:16,        0,  50.8,  65.3,  24.9, 52.292, 63.397,  3.331, 702183.5,  1,  21.6,   1.0, 0.100
2025-10-13 12:34:17,        0,  50.6,  64.8,  24.9, 47.636, 57.579,  2.744, 772449.3,  1,  21.5,   1.0, 0.100
2025-10-13 12:34:18,        0,  51.2,  66.7,  25.0, 55.486, 67.756,  3.762, 838578.5,  1,  21.5,   1.0, 0.100
2025-10-13 12:34:19,        0,  47.6,  55.9,  25.0, 51.946, 63.396,  3.303, 902404.4,  1,  21.6,   1.0, 0.108
2025-10-13 12:34:20,        0,  51.2,  66.7,  24.9, 59.400, 73.090,  4.356, 969405.3,  1,  21.5,   1.0, 0.111
2025-10-13 12:34:21,        0,  49.8,  62.3,  25.0, 52.214, 63.875,  3.340,1045972.8,  1,  21.5,   0.9, 0.105
2025-10-13 12:34:22,        0,  45.4,  49.2,  25.0, 54.978, 67.380,  3.705,1107228.8,  1,  21.5,   1.0, 0.101
2025-10-13 12:34:23,        0,  46.8,  53.4,  25.0, 49.424, 60.068,  2.969,1163085.7,  1,  21.5,   1.0, 0.100
2025-10-13 12:34:24,        0,  46.1,  51.3,  24.9, 50.379, 61.317,  3.092,1220849.1,  1,  21.5,   0.9, 0.100
2025-10-13 12:34:25,        0,  39.7,  32.2,  25.0, 42.214, 50.927,  2.176,1284898.6,  1,  21.5,   0.9, 0.100
2025-10-13 12:34:26,        0,  45.3,  49.0,  25.0, 44.986, 54.343,  2.453,1331440.9,  1,  21.5,   0.9, 0.100
2025-10-13 12:34:27,        0,  39.6,  31.7,  25.0, 38.616, 46.281,  1.800,1377404.3,  1,  21.5,   0.9, 0.100
2025-10-13 12:34:28,        0,  40.1,  33.3,  25.0, 37.779, 45.046,  1.706,1417465.5,  1,  21.5,   0.9, 0.100
2025-10-13 12:34:29,        0,  42.2,  39.7,  25.0, 37.645, 44.776,  1.688,1465671.7,  1,  21.5,   0.9, 0.100
2025-10-13 12:34:30,        0,  43.4,  43.2,  25.0, 41.841, 50.137,  2.101,1511667.6,  1,  21.5,   0.9, 0.100
2025-10-13 12:34:31,        0,  41.1,  36.3,  25.0, 42.652, 51.172,  2.193,1558043.6,  1,  21.5,   0.9, 0.100
2025-10-13 12:34:32,        0,  42.1,  39.3,  25.0, 37.588, 44.740,  1.685,1598734.5,  1,  21.5,   0.9, 0.100
2025-10-13 12:34:33,        0,  44.6,  46.7,  25.0, 37.405, 44.455,  1.663,1650626.9,  1,  21.5,   0.9, 0.100
2025-10-13 12:34:34,        0,  41.9,  38.8,  25.0, 42.502, 51.016,  2.171,1697090.7,  1,  21.5,   0.9, 0.100
2025-10-13 12:34:35,        0,  45.1,  48.3,  25.0, 39.978, 47.641,  1.911,1739988.5,  1,  21.5,   1.0, 0.100
2025-10-13 12:34:36,        0,  42.1,  39.3,  25.0, 31.531, 36.962,  1.168,1780984.9,  1,  21.5,   1.0, 0.100
2025-10-13 12:34:37,        0,  43.7,  44.2,  25.0, 44.596, 53.455,  2.396,1839742.3,  1,  21.5,   0.9, 0.100
2025-10-13 12:34:38,        0,  40.0,  32.9,  25.0, 39.523, 47.026,  1.860,1884309.5,  1,  21.5,   1.0, 0.100
2025-10-13 12:34:39,        0,  43.8,  44.4,  25.0, 32.865, 38.446,  1.271,1924948.9,  1,  21.5,   1.0, 0.100
2025-10-13 12:34:40,        0,  40.6,  34.7,  25.0, 40.389, 47.899,  1.951,1970438.3,  1,  21.5,   1.0, 0.100
2025-10-13 12:34:41,        0,  44.2,  45.5,  25.0, 39.718, 47.138,  1.876,2023804.7,  1,  21.6,   0.9, 0.100
2025-10-13 12:34:42,        0,  43.4,  43.2,  25.0, 37.435, 44.341,  1.663,2067623.4,  1,  21.5,   1.0, 0.100
2025-10-13 12:34:43,        0,  44.6,  46.7,  25.0, 42.741, 50.925,  2.177,2113989.5,  1,  21.5,   1.0, 0.100
2025-10-13 12:34:44,        0,  40.6,  34.7,  25.1, 35.690, 42.084,  1.547,2148954.4,  1,  21.5,   1.0, 0.100
2025-10-13 12:34:45,        0,  41.2,  36.7,  25.0, 37.385, 44.014,  1.654,2199722.8,  1,  21.5,   1.0, 0.100
2025-10-13 12:34:46,        0,  44.5,  46.5,  25.0, 44.930, 53.520,  2.405,2245984.4,  1,  21.5,   1.0, 0.100
2025-10-13 12:34:47,        0,  44.5,  46.5,  25.1, 33.613, 39.355,  1.336,2288095.3,  1,  21.5,   1.0, 0.100
2025-10-13 12:34:48,        0,  46.5,  52.6,  25.1, 41.157, 48.766,  2.008,2336755.8,  1,  21.5,   1.0, 0.100
2025-10-13 12:34:49,        0,  44.2,  45.7,  25.1, 38.232, 45.175,  1.735,2393678.3,  1,  21.5,   1.0, 0.100
2025-10-13 12:34:50,        0,  42.6,  40.7,  25.1, 47.217, 56.459,  2.670,2444419.9,  1,  21.5,   1.0, 0.100
2025-10-13 12:34:51,        0,  46.7,  53.1,  25.1, 43.849, 52.280,  2.295,2491959.3,  1,  21.5,   1.0, 0.100
2025-10-13 12:34:52,        0,  46.5,  52.4,  25.1, 42.841, 51.011,  2.190,2543972.8,  1,  21.5,   1.0, 0.100
2025-10-13 12:34:53,        0,  46.5,  52.4,  25.1, 46.409, 55.571,  2.587,2597852.7,  1,  21.5,   1.0, 0.100
2025-10-13 12:34:54,        0,  48.5,  58.4,  25.1, 53.682, 64.919,  3.489,2669424.1,  1,  21.5,   1.0, 0.100
2025-10-13 12:34:55,        0,  45.0,  48.0,  25.1, 45.026, 54.272,  2.483,2721245.4,  1,  21.5,   1.0, 0.100
2025-10-13 12:34:56,        0,  47.0,  54.0,  25.2, 50.930, 61.630,  3.143,2776358.5,  1,  21.5,   1.0, 0.100
2025-10-13 12:34:57,        0,  44.6,  46.7,  25.2, 45.813, 55.232,  2.535,2828618.9,  1,  21.5,   1.0, 0.100
2025-10-13 12:34:58,        0,  45.3,  49.0,  25.1, 45.984, 55.338,  2.554,2890273.8,  1,  21.5,   1.0, 0.100
2025-10-13 12:34:59,        0,  44.3,  46.0,  25.1, 39.774, 47.456,  1.890,2939277.2,  1,  21.5,   1.0, 0.100
2025-10-13 12:35:00,        0,  47.0,  54.0,  25.1, 41.348, 49.297,  2.044,2990612.6,  1,  21.5,   1.0, 0.100
2025-10-13 12:35:01,        0,  40.0,  33.1,  25.2, 48.513, 58.371,  2.832,3045367.5,  1,  21.5,   0.9, 0.100
2025-10-13 12:35:02,        0,  48.5,  58.6,  25.2, 51.177, 61.634,  3.155,3108985.3,  1,  21.5,   1.0, 0.100
2025-10-13 12:35:03,        0,  45.5,  49.4,  25.2, 46.946, 56.304,  2.649,3164435.6,  1,  21.5,   1.0, 0.100
2025-10-13 12:35:04,        0,  46.1,  51.3,  25.2, 52.015, 62.599,  3.259,3220572.2,  1,  21.5,   0.9, 0.100
2025-10-13 12:35:05,        0,  46.6,  52.9,  25.2, 41.068, 48.999,  2.032,3269704.8,  1,  21.5,   0.9, 0.100
2025-10-13 12:35:06,        0,  46.1,  51.3,  25.2, 37.386, 44.357,  1.681,3329455.0,  1,  21.5,   1.0, 0.100
2025-10-13 12:35:07,        0,  43.9,  44.8,  25.2, 42.109, 50.357,  2.125,3379808.4,  1,  21.5,   1.0, 0.100
2025-10-13 12:35:08,        0,  46.0,  51.0,  25.2, 40.733, 48.560,  2.012,3424659.6,  1,  21.5,   1.0, 0.100
2025-10-13 12:35:09,        0,  44.3,  45.9,  25.3, 42.792, 51.167,  2.197,3473690.3,  1,  21.5,   1.0, 0.100
2025-10-13 12:35:10,        0,  44.5,  46.4,  25.3, 42.932, 51.369,  2.218,3535000.2,  1,  21.5,   1.0, 0.100
2025-10-13 12:35:11,        0,  42.2,  39.5,  25.3, 44.792, 53.678,  2.405,3580653.9,  1,  21.5,   1.0, 0.100
2025-10-13 12:35:12,        0,  44.2,  45.7,  25.2, 37.534, 44.500,  1.671,3623979.5,  1,  21.5,   1.0, 0.100
2025-10-13 12:35:13,        0,  40.6,  34.9,  25.3, 45.003, 53.933,  2.448,3673576.1,  1,  21.5,   1.0, 0.100
2025-10-13 12:35:14,        0,  44.6,  46.7,  25.3, 41.697, 49.574,  2.069,3725295.4,  1,  21.5,   1.0, 0.100
2025-10-13 12:35:15,        0,  37.0,  23.9,  25.3, 32.063, 37.514,  1.216,3764453.5,  1,  21.5,   1.0, 0.100
2025-10-13 12:35:16,        0,  43.6,  43.7,  25.3, 30.322, 35.118,  1.083,3800301.7,  1,  21.5,   1.0, 0.100
2025-10-13 12:35:17,        0,  38.0,  27.1,  25.3, 37.356, 43.804,  1.642,3843791.6,  1,  21.5,   1.0, 0.100
2025-10-13 12:35:18,        0,  43.3,  42.8,  25.3, 35.333, 41.233,  1.457,3890454.5,  1,  21.5,   1.0, 0.100
2025-10-13 12:35:19,        0,  36.0,  21.1,  25.3, 31.778, 36.888,  1.208,3929212.8,  1,  21.5,   1.0, 0.100
2025-10-13 12:35:20,        0,  41.5,  37.5,  25.3, 40.045, 46.989,  1.886,3967028.2,  1,  21.5,   1.0, 0.100
2025-10-13 12:35:21,        0,  34.4,  16.3,  25.3, 36.283, 42.341,  1.544,4001007.6,  1,  21.5,   1.0, 0.100
2025-10-13 12:35:22,        0,  41.2,  36.7,  25.3, 34.517, 39.928,  1.379,4042030.7,  1,  21.5,   1.0, 0.100
2025-10-13 12:35:23,        0,  40.8,  35.4,  25.3, 33.472, 38.708,  1.297,4077723.8,  1,  21.5,   1.0, 0.100
2025-10-13 12:35:24,        0,  39.5,  31.5,  25.3, 36.887, 42.850,  1.587,4117128.8,  1,  21.5,   1.0, 0.100
2025-10-13 12:35:25,        0,  39.2,  30.6,  25.3, 32.994, 38.098,  1.263,4150887.3,  1,  21.5,   1.0, 0.100
2025-10-13 12:35:26,        0,  41.2,  36.7,  25.3, 32.630, 37.492,  1.233,4191043.8,  1,  21.5,   1.0, 0.100
2025-10-13 12:35:27,        0,  37.2,  24.5,  25.3, 32.534, 37.417,  1.223,4227250.3,  1,  21.5,   1.0, 0.100
2025-10-13 12:35:28,        0,  40.0,  33.0,  25.3, 29.118, 33.204,  0.975,4258366.0,  1,  21.5,   1.0, 0.100
2025-10-13 12:35:29,        0,  34.3,  16.0,  25.3, 28.469, 32.397,  0.947,4291044.9,  1,  21.5,   1.0, 0.100
2025-10-13 12:35:30,        0,  37.7,  26.2,  25.3, 18.026, 19.525,  0.367,4310382.4,  1,  21.5,   1.0, 0.100
2025-10-13 12:35:31,        0,  36.9,  23.6,  25.3, 26.770, 30.062,  0.808,4345829.5,  1,  21.5,   1.0, 0.100
2025-10-13 12:35:32,        0,  37.4,  25.3,  25.3, 26.167, 29.337,  0.768,4373638.5,  1,  21.6,   1.0, 0.100
2025-10-13 12:35:33,        0,  37.2,  24.6,  25.3, 24.743, 27.580,  0.683,4400365.5,  1,  21.5,   1.0, 0.100
2025-10-13 12:35:34,        0,  36.7,  23.2,  25.3, 24.356, 27.045,  0.661,4426876.2,  1,  21.5,   1.0, 0.100
2025-10-13 12:35:35,        0,  38.0,  27.1,  25.3, 22.586, 24.862,  0.562,4456951.7,  1,  21.5,   1.0, 0.100
2025-10-13 12:35:36,        0,  33.6,  13.7,  25.3, 17.545, 18.755,  0.334,4478740.9,  1,  21.5,   1.0, 0.100
2025-10-13 12:35:37,        0,  34.4,  16.2,  25.3, 20.323, 22.020,  0.450,4497420.4,  1,  21.5,   1.0, 0.100
2025-10-13 12:35:38,        0,  35.6,  19.7,  25.3, 17.320, 18.380,  0.324,4514878.2,  1,  21.5,   1.0, 0.100
2025-10-13 12:35:39,        0,  34.9,  17.6,  25.3, 18.541, 19.838,  0.370,4538028.6,  1,  21.5,   1.0, 0.100
2025-10-13 12:35:40,        0,  36.0,  21.0,  25.3, 20.566, 22.230,  0.464,4557959.1,  1,  21.5,   1.0, 0.100
2025-10-13 12:35:41,        0,  31.9,   8.7,  25.3, 17.177, 18.191,  0.320,4576031.3,  1,  21.5,   1.0, 0.100
2025-10-13 12:35:42,        0,  34.9,  17.6,  25.3, 15.991, 16.694,  0.272,4591614.1,  1,  21.5,   1.0, 0.100
2025-10-13 12:35:43,        0,  33.3,  12.8,  25.3, 12.581, 12.630,  0.159,4605653.4,  1,  21.5,   1.0, 0.100
2025-10-13 12:35:44,        0,  33.7,  14.0,  25.3, 18.276, 19.371,  0.361,4624537.4,  1,  21.5,   1.0, 0.100
2025-10-13 12:35:45,        0,  34.5,  16.5,  25.3, 12.035, 11.952,  0.158,4638910.7,  1,  21.5,   1.0, 0.100
2025-10-13 12:35:46,        0,  33.9,  14.7,  25.3, 17.365, 18.276,  0.319,4656195.8,  1,  21.5,   1.0, 0.100
2025-10-13 12:35:47,        0,  33.2,  12.7,  25.3, 16.294, 16.995,  0.277,4671939.6,  1,  21.5,   1.0, 0.100
2025-10-13 12:35:48,        0,  33.7,  14.1,  25.3, 11.563, 11.351,  0.133,4687015.2,  1,  21.5,   1.0, 0.100
2025-10-13 12:35:49,        0,  34.4,  16.2,  25.3, 17.454, 18.279,  0.320,4703425.3,  1,  21.5,   1.0, 0.100
2025-10-13 12:35:50,        0,  31.1,   6.3,  25.3,  8.073,  7.266,  0.069,4714188.5,  1,  21.5,   1.0, 0.100
2025-10-13 12:35:51,        0,  33.5,  13.5,  25.3,  9.358,  8.664,  0.086,4723463.1,  1,  21.5,   1.0, 0.100
2025-10-13 12:35:52,        0,  32.3,   9.8,  25.3, 13.983, 14.109,  0.198,4739287.3,  1,  21.5,   1.0, 0.100
2025-10-13 12:35:53,        0,  32.7,  11.2,  25.3, 12.874, 12.803,  0.165,4751740.3,  1,  21.5,   0.9, 0.100
2025-10-13 12:35:54,        0,  32.3,   9.8,  25.3, 10.278,  9.772,  0.169,4762835.8,  1,  21.5,   1.0, 0.100
2025-10-13 12:35:55,        0,  33.2,  12.5,  25.3, 14.520, 14.718,  0.215,4775719.3,  1,  21.5,   1.0, 0.100
2025-10-13 12:35:56,        0,  32.4,  10.3,  25.3, 14.503, 14.710,  0.217,4789777.4,  1,  21.5,   1.0, 0.100
2025-10-13 12:35:57,        0,  30.0,   3.1,  25.3, 12.320, 12.134,  0.150,4804439.4,  1,  21.5,   1.0, 0.100
2025-10-13 12:35:58,        0,  33.1,  12.3,  25.3, 12.423, 12.219,  0.157,4814779.3,  1,  21.5,   1.0, 0.100
2025-10-13 12:35:59,        0,  31.9,   8.8,  25.3, 12.173, 11.942,  0.146,4826755.4,  1,  21.5,   1.0, 0.100
2025-10-13 12:36:00,        0,  32.1,   9.4,  25.3, 11.022, 10.566,  0.118,4837026.6,  1,  21.5,   1.0, 0.100
2025-10-13 12:36:01,        0,  32.8,  11.4,  25.3,  7.834,  6.864,  0.061,4848437.3,  1,  21.5,   1.0, 0.100
2025-10-13 12:36:02,        0,  32.0,   9.1,  25.3, 11.841, 11.514,  0.136,4860218.9,  1,  21.5,   1.0, 0.100
2025-10-13 12:36:03,        0,  30.9,   5.7,  25.3,  9.948,  9.309,  0.094,4869882.4,  1,  21.5,   1.0, 0.100
2025-10-13 12:36:04,        0,  30.1,   3.3,  25.3, 13.607, 13.573,  0.185,4881101.1,  1,  21.5,   1.0, 0.100
2025-10-13 12:36:05,        0,  32.0,   8.9,  25.3,  9.555,  8.803,  0.084,4890478.0,  1,  21.5,   1.0, 0.100
2025-10-13 12:36:06,        0,  30.7,   5.0,  25.3, 10.111,  9.463,  0.096,4900156.6,  1,  21.5,   1.0, 0.100
2025-10-13 12:36:07,        0,  30.7,   5.1,  25.3,  8.690,  7.783,  0.072,4906711.6,  1,  21.5,   1.0, 0.100
2025-10-13 12:36:08,        0,  29.7,   2.2,  25.3, 10.186,  9.494,  0.098,4915374.8,  1,  21.5,   1.0, 0.100
2025-10-13 12:36:09,        0,  31.8,   8.4,  25.3,  6.394,  5.106,  0.035,4919201.1,  1,  21.5,   1.0, 0.100
2025-10-13 12:36:10,        0,  32.0,   8.9,  25.3,  8.991,  8.103,  0.073,4928932.5,  1,  21.5,   1.0, 0.100
2025-10-13 12:36:11,        0,  30.5,   4.5,  25.3,  9.621,  8.845,  0.086,4937928.4,  1,  21.5,   1.0, 0.100
2025-10-13 12:36:12,        0,  31.3,   6.8,  25.3, 10.719, 10.089,  0.109,4946181.2,  1,  21.5,   1.0, 0.100
2025-10-13 12:36:13,        0,  31.5,   7.5,  25.3,  6.875,  5.683,  0.042,4952829.3,  1,  21.5,   1.0, 0.100
2025-10-13 12:36:14,        0,  30.7,   5.2,  25.3,  7.436,  6.316,  0.049,4962545.6,  1,  21.5,   1.0, 0.100
2025-10-13 12:36:15,        0,  30.1,   3.4,  25.3,  6.400,  5.111,  0.033,4968675.7,  1,  21.5,   1.0, 0.100
2025-10-13 12:36:16,        0,  30.6,   4.9,  25.3,  6.484,  5.182,  0.034,4973466.4,  1,  21.5,   1.0, 0.100
2025-10-13 12:36:17,        0,  30.9,   5.8,  25.3,  7.497,  6.329,  0.048,4979564.6,  1,  21.5,   1.0, 0.100
2025-10-13 12:36:18,        0,  30.2,   3.6,  25.3,  8.198,  7.155,  0.060,4987299.0,  1,  21.5,   1.0, 0.100
2025-10-13 12:36:19,        0,  30.1,   3.3,  25.3,  4.095,  2.542,  0.013,4991049.9,  1,  21.5,   1.0, 0.100
2025-10-13 12:36:20,        0,  30.4,   4.3,  25.3,  5.428,  3.986,  0.023,4995561.5,  1,  21.5,   1.0, 0.100
2025-10-13 12:36:21,        0,  30.6,   4.9,  25.3,  5.993,  4.611,  0.028,5000531.5,  1,  21.5,   0.9, 0.100
2025-10-13 12:36:22,        0,  30.0,   3.1,  25.3,  6.223,  4.867,  0.030,5005582.0,  1,  21.5,   1.0, 0.100
2025-10-13 12:36:23,        0,  30.9,   5.6,  25.3,  6.849,  5.584,  0.038,5010599.0,  1,  21.5,   0.9, 0.100
2025-10-13 12:36:24,        0,  29.8,   2.4,  25.3,  7.238,  6.036,  0.044,5016207.8,  1,  21.5,   1.0, 0.100
2025-10-13 12:36:25,        0,  30.3,   3.8,  25.3,  4.950,  3.474,  0.020,5019574.8,  1,  21.5,   1.0, 0.100
2025-10-13 12:36:26,        0,  30.3,   3.8,  25.3,  5.304,  3.856,  0.022,5023791.7,  1,  21.4,   0.9, 0.100
2025-10-13 12:36:27,        0,  29.9,   2.7,  25.3,  3.264,  1.696,  0.008,5028022.9,  1,  21.5,   1.0, 0.100
2025-10-13 12:36:28,        0,  30.3,   4.0,  25.3,  2.883,  1.265,  0.005,5030616.7,  1,  21.5,   1.0, 0.100
2025-10-13 12:36:29,        0,  30.1,   3.4,  25.3,  5.973,  4.612,  0.028,5034154.7,  1,  21.5,   1.0, 0.100
2025-10-13 12:36:30,        0,  29.7,   2.0,  25.3,  6.750,  5.498,  0.037,5038959.6,  1,  21.5,   1.0, 0.100
2025-10-13 12:36:31,        0,  29.7,   2.0,  25.3,  2.251,  0.719,  0.004,5041404.2,  1,  21.5,   1.0, 0.100
2025-10-13 12:36:32,        0,  30.1,   3.3,  25.3,  3.828,  2.307,  0.011,5042841.3,  1,  21.5,   1.0, 0.100
2025-10-13 12:36:33,        0,  29.9,   2.6,  25.3,  5.207,  3.789,  0.020,5046007.5,  1,  21.5,   1.0, 0.100
2025-10-13 12:36:34,        0,  30.2,   3.5,  25.3,  4.555,  3.194,  0.019,5048489.4,  1,  21.5,   1.0, 0.100
2025-10-13 12:36:35,        0,  29.6,   1.9,  25.3,  5.809,  4.458,  0.026,5053759.1,  1,  21.5,   1.0, 0.100
2025-10-13 12:36:36,        0,  30.0,   2.9,  25.3,  6.163,  4.855,  0.030,5057446.3,  1,  21.5,   1.0, 0.100
2025-10-13 12:36:37,        0,  29.3,   0.8,  25.3,  5.744,  4.374,  0.025,5061556.8,  1,  21.5,   1.0, 0.100
2025-10-13 12:36:38,        0,  29.3,   0.8,  25.3,  1.740,  0.177,  0.000,5061958.7,  1,  21.5,   1.0, 0.100
2025-10-13 12:36:39,        0,  29.4,   1.3,  25.3,  3.013,  1.664,  0.010,5063578.1,  1,  21.5,   1.0, 0.100
2025-10-13 12:36:40,        0,  29.2,   0.6,  25.3,  1.463,  0.027,  0.000,5063663.2,  1,  21.5,   1.0, 0.100
2025-10-13 12:36:41,        0,  29.6,   1.7,  25.3,  1.303, -0.009,  0.000,5063656.9,  1,  21.5,   1.0, 0.100
2025-10-13 12:36:42,        0,  29.9,   2.8,  25.3,  5.167,  3.908,  0.022,5066026.0,  1,  21.5,   1.0, 0.100
2025-10-13 12:36:43,        0,  30.2,   3.6,  25.3,  6.168,  4.924,  0.030,5070541.0,  1,  21.5,   1.0, 0.100
2025-10-13 12:36:44,        0,  29.7,   2.2,  25.3,  6.031,  4.736,  0.029,5076102.8,  1,  21.5,   1.0, 0.100
2025-10-13 12:36:45,        0,  29.9,   2.8,  25.3,  2.168,  0.538,  0.001,5076954.0,  1,  21.5,   1.0, 0.100
2025-10-13 12:36:46,        0,  29.4,   1.2,  25.3,  3.177,  1.602,  0.007,5079113.1,  1,  21.5,   0.9, 0.100
2025-10-13 12:36:47,        0,  29.7,   2.2,  25.3,  1.459,  0.022,  0.000,5079155.0,  1,  21.5,   1.0, 0.100
2025-10-13 12:36:48,        0,  29.7,   2.0,  25.3,  3.580,  2.060,  0.009,5081066.1,  1,  21.5,   1.0, 0.100
2025-10-13 12:36:49,        0,  29.9,   2.7,  25.3,  1.466,  0.025,  0.000,5081107.2,  1,  21.5,   1.0, 0.100
2165-165-165 45:165:85,        0,  29.9,   2.6,  25.3,  4.752,  3.363,  0.018,5084832.9,  1,  21.5,   1.0, 0.100
2025-10-13 12:36:51,        0,  29.9,   2.6,  25.3,  2.036,  0.418,  0.001,5086661.5,  1,  21.5,   1.0, 0.100
2025-10-13 12:36:52,        0,  29.6,   1.9,  25.3,  1.358, -0.001,  0.000,5086679.5,  1,  21.5,   1.0, 0.100
2025-10-13 12:36:53,        0,  29.9,   2.6,  25.3,  5.651,  4.399,  0.025,5089117.4,  1,  21.5,   1.0, 0.100
2025-10-13 12:36:54,        0,  29.6,   1.7,  25.3,  5.305,  3.971,  0.022,5093040.9,  1,  21.5,   1.0, 0.100
2025-10-13 12:36:55,        0,  29.7,   2.2,  25.3,  1.925,  0.318,  0.001,5093469.2,  1,  21.5,   1.0, 0.100
2025-10-13 12:36:56,        0,  29.0,   0.1,  25.3,  1.358, -0.002,  0.000,5093470.5,  1,  21.5,   1.0, 0.100
2025-10-13 12:36:57,        0,  29.9,   2.6,  25.3,  1.268, -0.011,  0.000,5093460.9,  1,  21.5,   1.0, 0.100
2025-10-13 12:36:58,        0,  29.7,   2.2,  25.3,  1.231, -0.012,  0.000,5093449.5,  1,  21.5,   1.0, 0.100
2025-10-13 12:36:59,        0,  29.8,   2.4,  25.3,  4.829,  3.607,  0.020,5095278.5,  1,  21.5,   1.0, 0.100
2025-10-13 12:37:00,        0,  29.9,   2.6,  25.3,  1.435,  0.013,  0.000,5095364.0,  1,  21.5,   1.0, 0.100
2025-10-13 12:37:01,        0,  29.7,   2.2,  25.3,  1.806,  0.499,  0.003,5096853.9,  1,  21.5,   1.0, 0.100
2025-10-13 12:37:02,        0,  29.7,   2.2,  25.3,  2.097,  0.492,  0.001,5098133.8,  1,  21.5,   1.0, 0.100
2025-10-13 12:37:03,        0,  29.7,   2.1,  25.3,  1.515,  0.044,  0.000,5098301.8,  1,  21.5,   1.0, 0.100
2025-10-13 12:37:04,        0,  29.8,   2.4,  25.3,  5.168,  3.946,  0.023,5100135.4,  1,  21.5,   1.0, 0.100
2025-10-13 12:37:05,        0,  29.8,   2.4,  25.3,  1.837,  0.248,  0.000,5101263.2,  1,  21.5,   1.0, 0.100
2025-10-13 12:37:06,        0,  29.1,   0.3,  25.3,  1.401,  0.007,  0.000,5101270.7,  1,  21.5,   1.0, 0.100
2025-10-13 12:37:07,        0,  29.9,   2.6,  25.3,  1.281, -0.010,  0.000,5101262.7,  1,  21.5,   1.0, 0.100
2025-10-13 12:37:08,        0,  30.1,   3.3,  25.3,  3.945,  2.735,  0.015,5103022.5,  1,  21.5,   1.0, 0.100
2025-10-13 12:37:09,        0,  29.9,   2.6,  25.3,  5.620,  4.372,  0.025,5108147.2,  1,  21.5,   1.0, 0.100
2025-10-13 12:37:10,        0,  29.0,   0.1,  25.3,  3.221,  1.674,  0.007,5110401.1,  1,  21.5,   1.0, 0.100
2025-10-13 12:37:11,        0,  29.4,   1.1,  25.3,  1.471,  0.022,  0.000,5110427.1,  1,  21.5,   1.0, 0.100
2025-10-13 12:37:12,        0,  29.5,   1.5,  25.3,  1.306, -0.009,  0.000,5110420.8,  1,  21.5,   1.0, 0.100
2025-10-13 12:37:13,        0,  29.6,   1.9,  25.3,  1.256, -0.011,  0.000,5110407.4,  1,  21.5,   1.0, 0.100
2025-10-13 12:37:14,        0,  29.7,   2.0,  25.3,  1.203, -0.013,  0.000,5110396.1,  1,  21.5,   1.0, 0.100
2025-10-13 12:37:15,        0,  29.7,   2.1,  25.3,  1.174, -0.013,  0.000,5110383.5,  1,  21.5,   1.0, 0.100
2025-10-13 12:37:16,        0,  29.6,   1.9,  25.3,  1.146, -0.013,  0.000,5110370.5,  1,  21.5,   1.0, 0.100
2025-10-13 12:37:17,        0,  29.8,   2.4,  25.3,  1.106, -0.012,  0.000,5110356.3,  1,  21.5,   1.0, 0.100
2025-10-13 12:37:18,        0,  29.7,   2.2,  25.3,  1.081, -0.013,  0.000,5110344.5,  1,  21.5,   1.0, 0.100
2025-10-13 12:37:19,        0,  29.9,   2.6,  25.3,  1.047, -0.012,  0.000,5110332.8,  1,  21.5,   1.0, 0.100
2025-10-13 12:37:20,        0,  29.9,   2.6,  25.3,  3.340,  2.249,  0.013,5112412.8,  1,  21.5,   1.0, 0.100
2025-10-13 12:37:21,        0,  29.9,   2.6,  25.3,  5.589,  4.366,  0.024,5115368.6,  1,  21.5,   1.0, 0.100
2025-10-13 12:37:22,        0,  29.2,   0.6,  25.3,  1.450,  0.017,  0.000,5115418.9,  1,  21.5,   1.0, 0.100
2025-10-13 12:37:23,        0,  29.6,   1.9,  25.3,  1.294, -0.009,  0.000,5115411.8,  1,  21.5,   1.0, 0.100
2025-10-13 12:37:24,        0,  29.6,   1.9,  25.3,  1.243, -0.011,  0.000,5115401.7,  1,  21.5,   1.0, 0.100
2025-10-13 12:37:25,        0,  29.7,   2.2,  25.3,  1.206, -0.013,  0.000,5115390.0,  1,  21.5,   1.0, 0.100
2025-10-13 12:37:26,        0,  29.7,   2.0,  25.3,  1.156, -0.013,  0.000,5115377.4,  1,  21.5,   1.0, 0.100
2025-10-13 12:37:27,        0,  29.7,   2.0,  25.3,  1.126, -0.012,  0.000,5115364.0,  1,  21.5,   1.0, 0.100
2025-10-13 12:37:28,        0,  29.8,   2.4,  25.3,  1.083, -0.012,  0.000,5115352.7,  1,  21.5,   1.0, 0.100
2025-10-13 12:37:29,        0,  29.8,   2.4,  25.3,  1.058, -0.012,  0.000,5115341.4,  1,  21.5,   1.0, 0.100
2025-10-13 12:37:30,        0,  29.8,   2.4,  25.3,  1.034, -0.012,  0.000,5115329.7,  1,  21.5,   1.0, 0.100
2025-10-13 12:37:31,        0,  29.9,   2.6,  25.3,  1.003, -0.012,  0.000,5115314.6,  1,  21.5,   1.0, 0.100
2025-10-13 12:37:32,        0,  29.9,   2.6,  25.3,  0.985, -0.012,  0.000,5115302.8,  1,  21.5,   1.0, 0.100
2025-10-13 12:37:33,        0,  29.9,   2.6,  25.3,  0.960, -0.013,  0.000,5115291.5,  1,  21.5,   1.0, 0.100
2025-10-13 12:37:34,        0,  29.8,   2.4,  25.3,  0.945, -0.012,  0.000,5115279.8,  1,  21.5,   1.0, 0.100
2025-10-13 12:37:35,        0,  29.9,   2.8,  25.3,  4.493,  3.401,  0.019,5117281.8,  1,  21.5,   1.0, 0.100
2025-10-13 12:37:36,        0,  29.9,   2.6,  25.3,  5.580,  4.369,  0.024,5121458.9,  1,  21.5,   1.0, 0.100
2025-10-13 12:37:37,        0,  29.6,   1.7,  25.3,  5.591,  4.370,  0.024,5124532.2,  1,  21.5,   1.0, 0.100
2025-10-13 12:37:38,        0,  29.7,   2.2,  25.3,  1.461,  0.021,  0.000,5124591.2,  1,  21.5,   1.0, 0.100
2025-10-13 12:37:39,        0,  29.2,   0.6,  25.3,  1.333, -0.005,  0.000,5124587.9,  1,  21.5,   1.0, 0.100
2025-10-13 12:37:40,        0,  29.3,   1.0,  25.3,  1.247, -0.011,  0.000,5124575.3,  1,  21.5,   1.0, 0.100
2025-10-13 12:37:41,        0,  29.4,   1.1,  25.3,  1.209, -0.012,  0.000,5124563.6,  1,  21.5,   1.0, 0.100
2025-10-13 12:37:42,        0,  29.5,   1.5,  25.3,  1.160, -0.013,  0.000,5124552.3,  1,  21.5,   1.0, 0.100
2025-10-13 12:37:43,        0,  29.4,   1.3,  25.3,  1.130, -0.012,  0.000,5124540.5,  1,  21.5,   1.0, 0.100
2025-10-13 12:37:44,        0,  29.4,   1.3,  25.3,  1.087, -0.011,  0.000,5124525.9,  1,  21.5,   1.0, 0.100
2025-10-13 12:37:45,        0,  29.4,   1.3,  25.3,  1.060, -0.012,  0.000,5124515.0,  1,  21.5,   1.0, 0.100
2025-10-13 12:37:46,        0,  29.6,   1.7,  25.3,  1.035, -0.012,  0.000,5124503.7,  1,  21.5,   1.0, 0.100
2025-10-13 12:37:47,        0,  29.6,   1.7,  25.3,  1.003, -0.012,  0.000,5124492.3,  1,  21.5,   1.0, 0.100
2025-10-13 12:37:48,        0,  29.5,   1.5,  25.3,  0.984, -0.011,  0.000,5124480.6,  1,  21.5,   1.0, 0.100
2025-10-13 12:37:49,        0,  29.6,   1.9,  25.3,  0.957, -0.011,  0.000,5124466.4,  1,  21.5,   1.0, 0.100
2025-10-13 12:37:50,        0,  29.5,   1.5,  25.3,  0.941, -0.012,  0.000,5124455.5,  1,  21.5,   1.0, 0.100
2025-10-13 12:37:51,        0,  29.7,   2.0,  25.3,  0.926, -0.012,  0.000,5124444.1,  1,  21.6,   1.0, 0.100
2025-10-13 12:37:52,        0,  29.6,   1.9,  25.3,  0.904, -0.012,  0.000,5124433.7,  1,  21.5,   1.0, 0.100
2025-10-13 12:37:53,        0,  29.7,   2.0,  25.3,  0.892, -0.011,  0.000,5124419.8,  1,  21.5,   1.0, 0.100
2025-10-13 12:37:54,        0,  29.6,   1.9,  25.3,  0.873, -0.011,  0.000,5124408.5,  1,  21.5,   0.9, 0.100
2025-10-13 12:37:55,        0,  29.7,   2.0,  25.3,  0.861, -0.011,  0.000,5124397.6,  1,  21.5,   1.0, 0.100
2025-10-13 12:37:56,        0,  29.6,   1.7,  25.3,  0.849, -0.011,  0.000,5124387.6,  1,  21.5,   0.9, 0.100
2025-10-13 12:37:57,        0,  29.7,   2.0,  25.3,  0.833, -0.011,  0.000,5124376.7,  1,  21.5,   0.9, 0.100
2025-10-13 12:37:58,        0,  29.7,   2.0,  25.3,  0.817, -0.011,  0.000,5124364.1,  1,  21.5,   0.9, 0.100
2025-10-13 12:37:59,        0,  29.7,   2.0,  25.3,  0.807, -0.011,  0.000,5124354.0,  1,  21.6,   0.9, 0.100
2025-10-13 12:38:00,        0,  29.7,   2.0,  25.3,  0.797, -0.011,  0.000,5124343.6,  1,  21.5,   0.9, 0.100
2025-10-13 12:38:01,        0,  29.7,   2.1,  25.3,  0.783, -0.010,  0.000,5124333.9,  1,  21.5,   0.9, 0.100
2025-10-13 12:38:02,        0,  29.8,   2.4,  25.3,  0.774, -0.010,  0.000,5124320.9,  1,  21.5,   0.9, 0.100
2025-10-13 12:38:03,        0,  29.7,   2.0,  25.3,  0.760, -0.010,  0.000,5124312.1,  1,  21.5,   0.9, 0.100
2025-10-13 12:38:04,        0,  29.7,   2.2,  25.3,  0.752, -0.010,  0.000,5124302.1,  1,  21.5,   0.9, 0.100
2025-10-13 12:38:05,        0,  29.7,   2.2,  25.3,  0.742, -0.009,  0.000,5124292.4,  1,  21.5,   0.9, 0.100
2025-10-13 12:38:06,        0,  29.7,   2.2,  25.3,  0.730, -0.010,  0.000,5124281.1,  1,  21.5,   0.9, 0.100
2025-10-13 12:38:07,        0,  29.9,   2.6,  25.3,  0.722, -0.010,  0.000,5124271.9,  1,  21.5,   0.9, 0.100
2025-10-13 12:38:08,        0,  29.9,   2.6,  25.3,  0.709, -0.009,  0.000,5124262.7,  1,  21.5,   0.9, 0.100
2025-10-13 12:38:09,        0,  29.8,   2.4,  25.3,  0.701, -0.009,  0.000,5124254.3,  1,  21.5,   0.9, 0.100
2025-10-13 12:38:10,        0,  29.7,   2.2,  25.3,  0.694, -0.009,  0.000,5124245.5,  1,  21.5,   0.9, 0.100
2025-10-13 12:38:11,        0,  29.9,   2.6,  25.3,  0.683, -0.010,  0.000,5124234.2,  1,  21.5,   0.9, 0.100
2025-10-13 12:38:12,        0,  29.8,   2.4,  25.3,  0.674, -0.009,  0.000,5124225.8,  1,  21.5,   0.9, 0.100
2025-10-13 12:38:13,        0,  29.7,   2.2,  25.3,  0.663, -0.009,  0.000,5124217.0,  1,  21.5,   0.9, 0.100
2025-10-13 12:38:14,        0,  29.7,   2.2,  25.3,  0.656, -0.009,  0.000,5124209.0,  1,  21.5,   0.9, 0.100
2025-10-13 12:38:15,        0,  29.8,   2.4,  25.3,  0.645, -0.009,  0.000,5124199.0,  1,  21.5,   0.9, 0.100
2025-10-13 12:38:16,        0,  29.7,   2.0,  25.3,  0.637, -0.009,  0.000,5124191.0,  1,  21.6,   0.9, 0.100
2025-10-13 12:38:17,        0,  29.9,   2.6,  25.3,  0.627, -0.009,  0.000,5124182.6,  1,  21.5,   0.9, 0.100
2025-10-13 12:38:18,        0,  29.8,   2.4,  25.3,  0.629, -0.008,  0.000,5124177.6,  1,  21.5,   0.9, 0.100
2025-10-13 12:38:19,        0,  29.9,   2.6,  25.3,  0.622, -0.008,  0.000,5124169.2,  1,  21.5,   0.9, 0.100
2025-10-13 12:38:20,        0,  29.8,   2.4,  25.3,  0.611, -0.008,  0.000,5124160.0,  1,  21.5,   0.9, 0.100
2025-10-13 12:38:21,        0,  29.8,   2.4,  25.3,  0.603, -0.008,  0.000,5124364.1,  1,  21.6,   0.9, 0.100
2025-10-13 12:38:22,        0,  29.9,   2.7,  25.3,  1.479,  0.036,  0.000,5124634.8,  1,  21.5,   0.9, 0.100
2025-10-13 12:38:23,        0,  29.9,   2.7,  25.3,  5.469,  4.281,  0.023,5127752.5,  1,  21.6,   0.9, 0.100
2025-10-13 12:38:24,        0,  29.2,   0.5,  25.3,  2.027,  0.433,  0.001,5130154.3,  1,  21.6,   0.9, 0.100
2025-10-13 12:38:25,        0,  29.6,   1.7,  25.3,  1.407,  0.010,  0.000,5130170.7,  1,  21.6,   0.9, 0.100
2025-10-13 12:38:26,        0,  29.4,   1.3,  25.3,  1.300, -0.006,  0.000,5130164.8,  1,  21.5,   1.0, 0.100
2025-10-13 12:38:27,        0,  29.6,   1.7,  25.3,  1.216, -0.011,  0.000,5130154.3,  1,  21.6,   0.9, 0.100
2025-10-13 12:38:28,        0,  29.6,   1.9,  25.3,  1.176, -0.012,  0.000,5130140.5,  1,  21.5,   1.0, 0.100
2025-10-13 12:38:29,        0,  29.6,   1.9,  25.3,  1.125, -0.011,  0.000,5130128.7,  1,  21.6,   1.0, 0.100
2025-10-13 12:38:30,        0,  29.6,   1.7,  25.3,  1.092, -0.012,  0.000,5130118.7,  1,  21.5,   1.0, 0.100
2025-10-13 12:38:31,        0,  29.6,   1.7,  25.3,  1.062, -0.011,  0.000,5130107.4,  1,  21.6,   1.0, 0.100
2025-10-13 12:38:32,        0,  29.6,   1.7,  25.3,  1.020, -0.011,  0.000,5130096.9,  1,  21.6,   1.0, 0.100
2025-10-13 12:38:33,        0,  29.6,   1.9,  25.3,  0.983, -0.011,  0.000,5130083.1,  1,  21.5,   1.0, 0.100
2025-10-13 12:38:34,        0,  29.6,   1.9,  25.3,  0.960, -0.011,  0.000,5130072.6,  1,  21.5,   1.0, 0.100
2025-10-13 12:38:35,        0,  29.6,   1.7,  25.3,  0.939, -0.011,  0.000,5130062.1,  1,  21.5,   1.0, 0.100
2025-10-13 12:38:36,        0,  29.6,   1.7,  25.3,  0.910, -0.011,  0.000,5130051.2,  1,  21.6,   1.0, 0.100
2025-10-13 12:38:37,        0,  29.7,   2.0,  25.3,  0.892, -0.011,  0.000,5130041.2,  1,  21.6,   1.0, 0.100
2025-10-13 12:38:38,        0,  29.7,   2.0,  25.3,  0.866, -0.011,  0.000,5130028.2,  1,  21.5,   1.0, 0.100
2025-10-13 12:38:39,        0,  29.6,   1.9,  25.3,  0.850, -0.010,  0.000,5130019.4,  1,  21.5,   1.1, 0.100
2025-10-13 12:38:40,        0,  29.6,   1.9,  25.3,  0.834, -0.010,  0.000,5130008.9,  1,  21.5,   1.1, 0.100
2025-10-13 12:38:41,        0,  29.6,   1.9,  25.3,  0.812, -0.010,  0.000,5129999.7,  1,  21.6,   1.1, 0.100
2025-10-13 12:38:42,        0,  29.6,   1.7,  25.3,  0.798, -0.009,  0.000,5129988.4,  1,  21.5,   1.1, 0.100
2025-10-13 12:38:43,        0,  29.7,   2.1,  25.3,  0.776, -0.009,  0.000,5129979.1,  1,  21.6,   1.1, 0.100
2025-10-13 12:38:44,        0,  29.7,   2.0,  25.3,  0.763, -0.010,  0.000,5129969.9,  1,  21.6,   1.1, 0.100
2025-10-13 12:38:45,        0,  29.6,   1.7,  25.3,  0.749, -0.009,  0.000,5129961.1,  1,  21.5,   1.1, 0.100
2025-10-13 12:38:46,        0,  29.7,   2.0,  25.3,  0.730, -0.009,  0.000,5129950.6,  1,  21.5,   1.1, 0.100
2025-10-13 12:38:47,        0,  29.6,   1.9,  25.3,  0.718, -0.008,  0.000,5129942.3,  1,  21.5,   1.1, 0.100
2025-10-13 12:38:48,        0,  29.6,   1.9,  25.3,  0.699, -0.008,  0.000,5129934.3,  1,  21.6,   1.1, 0.100
2025-10-13 12:38:49,        0,  29.7,   2.0,  25.3,  0.687, -0.008,  0.000,5129926.7,  1,  21.6,   1.1, 0.100
2025-10-13 12:38:50,        0,  29.7,   2.0,  25.3,  0.674, -0.008,  0.000,5129918.8,  1,  21.5,   1.1, 0.100
2025-10-13 12:38:51,        0,  29.6,   1.7,  25.3,106745.037, -0.008,  0.000,5129909.6,  1,  21.5,   1.1, 0.100
2025-10-13 12:38:52,        0,  29.7,   2.0,  25.3,  0.638, -0.008,  0.000,5129901.6,  1,  21.5,   1.1, 0.100
2025-10-13 12:38:53,        0,  29.6,   1.9,  25.3,  0.627, -0.008,  0.000,5129893.6,  1,  21.5,   1.0, 0.100
2025-10-13 12:38:54,        0,  29.7,   2.0,  25.3,  0.616, -0.007,  0.000,5129886.9,  1,  21.5,   1.1, 0.100
2025-10-13 12:38:55,        0,  29.6,   1.9,  25.3,  0.598, -0.007,  0.000,5129878.5,  1,  21.5,   1.0, 0.100
2025-10-13 12:38:56,        0,  29.7,   2.0,  25.3,  0.587, -0.007,  0.000,5129871.4,  1,  21.5,   1.0, 0.100
2025-10-13 12:38:57,        0,  29.7,   2.2,  25.3,  0.571, -0.007,  0.000,5129865.1,  1,  21.5,   1.0, 0.100
2025-10-13 12:38:58,        0,  29.7,   2.0,  25.3,  0.560, -0.007,  0.000,5129858.9,  1,  21.5,   1.0, 0.100
2025-10-13 12:38:59,        0,  29.7,   2.2,  25.3,  0.551, -0.007,  0.000,5129852.1,  1,  21.5,   1.0, 0.100
2025-10-13 12:39:00,        0,  29.8,   2.4,  25.3,  0.536, -0.006,  0.000,5129845.0,  1,  21.5,   1.0, 0.100
2025-10-13 12:39:01,        0,  29.7,   2.0,  25.3,  0.527, -0.006,  0.000,5129839.6,  1,  21.5,   1.0, 0.100
2025-10-13 12:39:02,        0,  29.7,   2.2,  25.3,  0.515, -0.007,  0.000,5129832.9,  1,  21.5,   1.0, 0.100
2025-10-13 12:39:03,        0,  29.7,   2.0,  25.3,  0.506, -0.006,  0.000,5129827.0,  1,  21.5,   1.0, 0.100
2025-10-13 12:39:04,        0,  29.7,   2.1,  25.3,  0.493, -0.006,  0.000,5129819.9,  1,  21.5,   1.0, 0.100
2025-10-13 12:39:05,        0,  29.6,   1.9,  25.3,  0.485, -0.006,  0.000,5129814.0,  1,  21.5,   1.0, 0.100
2025-10-13 12:39:06,        0,  29.7,   2.0,  25.3,  0.478, -0.006,  0.000,5129808.6,  1,  21.5,   1.0, 0.100
2025-10-13 12:39:07,        0,  29.8,   2.4,  25.3,  0.466, -0.006,  0.000,5129802.7,  1,  21.5,   1.0, 0.100
2025-10-13 12:39:08,        0,  29.7,   2.2,  25.3,  0.456, -0.006,  0.000,5129796.0,  1,  21.5,   1.0, 0.100
2025-10-13 12:39:09,        0,  29.7,   2.2,  25.3,  0.449, -0.005,  0.000,5129791.0,  1,  21.5,   1.0, 0.100
2025-10-13 12:39:10,        0,  29.7,   2.0,  25.3,  0.442, -0.006,  0.000,5129785.5,  1,  21.5,   1.0, 0.100
2025-10-13 12:39:11,        0,  29.7,   2.2,  25.3,  0.432, -0.006,  0.000,5129779.6,  1,  21.5,   1.0, 0.100
2025-10-13 12:39:12,        0,  29.7,   2.2,  25.3,  0.425, -0.005,  0.000,5129775.5,  1,  21.5,   1.0, 0.100
2025-10-13 12:39:13,        0,  29.7,   2.2,  25.3,  0.417, -0.005,  0.000,5129769.2,  1,  21.5,   1.0, 0.100
2025-10-13 12:39:14,        0,  29.7,   2.2,  25.3,  0.410, -0.005,  0.000,5129764.1,  1,  21.5,   1.0, 0.100
2025-10-13 12:39:15,        0,  29.7,   2.0,  25.2,  0.405, -0.005,  0.000,5129759.1,  1,  21.5,   1.0, 0.100
2025-10-13 12:39:16,        0,  29.7,   2.2,  25.3,  0.396, -0.005,  0.000,5129754.9,  1,  21.5,   1.0, 0.100
2025-10-13 12:39:17,        0,  29.7,   2.2,  25.3,  0.390, -0.005,  0.000,5129749.5,  1,  21.5,   1.0, 0.100
2025-10-13 12:39:18,        0,  29.7,   2.2,  25.2,  0.383, -0.005,  0.000,5129744.4,  1,  21.5,   1.0, 0.100
2025-10-13 12:39:19,        0,  29.7,   2.2,  25.2,  0.377, -0.004,  0.000,5129739.8,  1,  21.5,   1.0, 0.100
2025-10-13 12:39:20,        0,  29.7,   2.2,  25.3,  0.373, -0.005,  0.000,5129736.1,  1,  21.5,   1.0, 0.100
2025-10-13 12:39:21,        0,  29.7,   2.2,  25.3,  0.365, -0.005,  0.000,5129731.0,  1,  21.5,   1.0, 0.100
2025-10-13 12:39:22,        0,  29.7,   2.0,  25.3,  0.361, -0.004,  0.000,5129726.4,  1,  21.5,   1.0, 0.100
2025-10-13 12:39:23,        0,  29.7,   2.2,  25.3,  0.354, -0.005,  0.000,5129721.8,  1,  21.5,   1.0, 0.100
2025-10-13 12:39:24,        0,  29.8,   2.4,  25.3,  0.350, -0.005,  0.000,5129718.0,  1,  21.5,   1.0, 0.100
2025-10-13 12:39:25,        0,  29.7,   2.2,  25.3,  0.345, -0.004,  0.000,5129713.4,  1,  21.5,   1.0, 0.100
2025-10-13 12:39:26,        0,  29.8,   2.4,  25.3,  0.339, -0.004,  0.000,5129708.4,  1,  21.5,   1.0, 0.100
2025-10-13 12:39:27,        0,  29.7,   2.0,  25.3,  0.333, -0.004,  0.000,5129704.6,  1,  21.5,   1.0, 0.100
2025-10-13 12:39:28,        0,  29.8,   2.4,  25.3,  0.330, -0.004,  0.000,5129700.9,  1,  21.5,   1.0, 0.100
2025-10-13 12:39:29,        0,  29.7,   2.2,  25.3,  0.326, -0.004,  0.000,5129696.2,  1,  21.5,   1.0, 0.100
2025-10-13 12:39:30,        0,  29.8,   2.4,  25.2,  0.323, -0.004,  0.000,5129692.5,  1,  21.5,   1.0, 0.100
2025-10-13 12:39:31,        0,  29.7,   2.2,  25.3,  0.318, -0.004,  0.000,5129687.4,  1,  21.5,   1.0, 0.100
2025-10-13 12:39:32,        0,  29.7,   2.1,  25.3,  0.313, -0.004,  0.000,5129684.1,  1,  21.5,   1.0, 0.100
2025-10-13 12:39:33,        0,  29.7,   2.0,  25.3,  0.311, -0.004,  0.000,5129679.5,  1,  21.5,   1.0, 0.100
2025-10-13 12:39:34,        0,  29.7,   2.2,  25.3,  0.307, -0.004,  0.000,5129675.7,  1,  21.5,   0.9, 0.100
2025-10-13 12:39:35,        0,  29.9,   2.6,  25.3,  0.303, -0.004,  0.000,5129671.1,  1,  21.5,   0.9, 0.100
2025-10-13 12:39:36,        0,  29.8,   2.4,  25.3,  0.301, -0.004,  0.000,5129667.3,  1,  21.5,   0.9, 0.100
2025-10-13 12:39:37,        0,  29.7,   2.2,  25.3,  0.297, -0.004,  0.000,5129663.6,  1,  21.5,   0.9, 0.100
2025-10-13 12:39:38,        0,  29.7,   2.2,  25.3,  0.295, -0.004,  0.000,5129659.8,  1,  21.5,   1.0, 0.100
2025-10-13 12:39:39,        0,  29.8,   2.4,  25.2,  0.291, -0.004,  0.000,5129655.2,  1,  21.5,   0.9, 0.100
2025-10-13 12:39:40,        0,  29.7,   2.2,  25.3,  0.289, -0.003,  0.000,5129651.0,  1,  21.5,   1.0, 0.100
2025-10-13 12:39:41,        0,  29.8,   2.4,  25.3,  0.287, -0.004,  0.000,5129647.2,  1,  21.5,   1.0, 0.100
2025-10-13 12:39:42,        0,  29.8,   2.4,  25.3,  0.284, -0.004,  0.000,5129643.9,  1,  21.5,   1.0, 0.100
2025-10-13 12:39:43,        0,  29.8,   2.4,  25.3,  0.281, -0.004,  0.000,5129640.5,  1,  21.5,   1.0, 0.100
2025-10-13 12:39:44,        0,  29.8,   2.4,  25.2,  0.278, -0.004,  0.000,5129635.9,  1,  21.5,   1.0, 0.100
2025-10-13 12:39:45,        0,  29.8,   2.4,  25.3,  0.276, -0.003,  0.000,5129632.5,  1,  21.5,   1.0, 0.100
2025-10-13 12:39:46,        0,  29.7,   2.2,  25.3,  0.274, -0.004,  0.000,5129629.2,  1,  21.5,   1.0, 0.100
2025-10-13 12:39:47,        0,  29.9,   2.6,  25.3,  0.272, -0.004,  0.000,5129625.4,  1,  21.5,   1.0, 0.100
2025-10-13 12:39:48,        0,  29.8,   2.4,  25.3,  0.269, -0.004,  0.000,5129621.2,  1,  21.5,   1.0, 0.100
2025-10-13 12:39:49,        0,  29.7,   2.2,  25.3,  0.267, -0.003,  0.000,5129617.9,  1,  21.5,   1.0, 0.100
2025-10-13 12:39:50,        0,  29.8,   2.4,  25.3,  0.266, -0.004,  0.000,5129613.7,  1,  21.5,   1.0, 0.100
2025-10-13 12:39:51,        0,  29.8,   2.4,  25.3,  0.264, -0.004,  0.000,5129610.7,  1,  21.5,   1.0, 0.100
2025-10-13 12:39:52,        0,  29.8,   2.4,  25.3,  0.262, -0.004,  0.000,5129606.1,  1,  21.5,   1.0, 0.100
2025-10-13 12:39:53,        0,  29.8,   2.4,  25.3,  0.259, -0.003,  0.000,5129602.4,  1,  21.5,   1.0, 0.100
2025-10-13 12:39:54,        0,  29.8,   2.4,  25.3,  0.258, -0.003,  0.000,5129599.4,  1,  21.5,   1.0, 0.100
2025-10-13 12:39:55,        0,  29.7,   2.2,  25.2,  0.256, -0.004,  0.000,5129595.7,  1,  21.5,   1.0, 0.100
2025-10-13 12:39:56,        0,  29.8,   2.4,  25.2,  0.254, -0.003,  0.000,5129592.7,  1,  21.5,   1.0, 0.100
2025-10-13 12:39:57,        0,  29.8,   2.4,  25.2,  0.253, -0.003,  0.000,5129589.0,  1,  21.5,   1.0, 0.100
2025-10-13 12:39:58,        0,  29.9,   2.6,  25.3,  0.251, -0.004,  0.000,5129585.2,  1,  21.5,   1.0, 0.100
2025-10-13 12:39:59,        0,  29.8,   2.4,  25.2,  0.249, -0.004,  0.000,5129581.8,  1,  21.5,   1.0, 0.100
2025-10-13 12:40:00,        0,  29.8,   2.4,  25.2,  0.249, -0.003,  0.000,5129578.5,  1,  21.5,   1.0, 0.100
2025-10-13 12:40:01,        0,  29.9,   2.6,  25.3,  0.247, -0.003,  0.000,5129575.1,  1,  21.5,   1.0, 0.100
2025-10-13 12:40:02,        0,  29.8,   2.4,  25.2,  0.245, -0.003,  0.000,5129571.8,  1,  21.5,   1.0, 0.100
2025-10-13 12:40:03,        0,  29.9,   2.6,  25.3,  0.244, -0.004,  0.000,5129568.0,  1,  21.5,   0.9, 0.100
2025-10-13 12:40:04,        0,  29.9,   2.6,  25.3,  0.243, -0.003,  0.000,5129564.6,  1,  21.5,   0.9, 0.100
2025-10-13 12:40:05,        0,  29.9,   2.6,  25.2,  0.241, -0.003,  0.000,5129560.9,  1,  21.5,   0.9, 0.100
2025-10-13 12:40:06,        0,  29.8,   2.4,  25.2,  0.240, -0.003,  0.000,5129557.9,  1,  21.5,   0.9, 0.100
2025-10-13 12:40:07,        0,  29.9,   2.6,  25.3,  0.238, -0.003,  0.000,5129554.6,  1,  21.5,   0.9, 0.100
2025-10-13 12:40:08,        0,  29.8,   2.4,  25.3,  0.237, -0.003,  0.000,5129550.8,  1,  21.5,   0.9, 0.100
2025-10-13 12:40:09,        0,  29.8,   2.4,  25.3,  0.236, -0.003,  0.000,5129549.1,  1,  21.5,   0.9, 0.100
2025-10-13 12:40:10,        0,  29.9,   2.6,  25.2,  0.235, -0.004,  0.000,5129544.1,  1,  21.5,   0.9, 0.100
2025-10-13 12:40:11,        0,  29.8,   2.4,  25.2,  0.234, -0.003,  0.000,5129542.0,  1,  21.5,   0.9, 0.100
2025-10-13 12:40:12,        0,  29.9,   2.6,  25.2,  0.232, -0.004,  0.000,5129538.7,  1,  21.5,   0.9, 0.100
2025-10-13 12:40:13,        0,  29.8,   2.4,  25.2,  0.231, -0.003,  0.000,5129535.3,  1,  21.5,   0.9, 0.100
2025-10-13 12:40:14,        0,  29.9,   2.6,  25.2,  0.229, -0.003,  0.000,5129532.0,  1,  21.5,   0.9, 0.100
2025-10-13 12:40:15,        0,  29.8,   2.4,  25.2,  0.229, -0.003,  0.000,5129528.2,  1,  21.5,   1.0, 0.100
2025-10-13 12:40:16,        0,  29.7,   2.2,  25.2,  0.228, -0.003,  0.000,5129524.8,  1,  21.5,   0.9, 0.100
2025-10-13 12:40:17,        0,  29.8,   2.4,  25.3,  0.227, -0.003,  0.000,5129522.3,  1,  21.5,   1.0, 0.100
2025-10-13 12:40:18,        0,  29.7,   2.2,  25.3,  0.226, -0.004,  0.000,5129518.1,  1,  21.5,   1.0, 0.100
2025-10-13 12:40:19,        0,  29.8,   2.4,  25.3,  0.224, -0.003,  0.000,5129515.6,  1,  21.5,   0.9, 0.100
2025-10-13 12:40:20,        0,  29.9,   2.6,  25.2,  0.223, -0.003,  0.000,5129512.3,  1,  21.5,   0.9, 0.100
2025-10-13 12:40:21,        0,  29.8,   2.4,  25.2,  0.223, -0.003,  0.000,5129509.7,  1,  21.5,   0.9, 0.100
2025-10-13 12:40:22,        0,  29.8,   2.4,  25.2,  0.221, -0.003,  0.000,5129507.2,  1,  21.5,   0.9, 0.100
2025-10-13 12:40:23,        0,  29.9,   2.6,  25.2,  0.221, -0.003,  0.000,5129503.5,  1,  21.5,   0.9, 0.100
2025-10-13 12:40:24,        0,  29.9,   2.7,  25.3,  0.220, -0.003,  0.000,5129500.5,  1,  21.5,   0.9, 0.100
2025-10-13 12:40:25,        0,  29.8,   2.4,  25.2,  3.244,  2.057,  0.009,5131101.0,  1,  21.5,   0.9, 0.100
2025-10-13 12:40:26,        0,  29.7,   2.2,  25.3,  1.195,  0.026,  0.000,5131125.8,  1,  21.5,   0.9, 0.100
2025-10-13 12:40:27,        0,  29.7,   2.2,  25.3,  1.011, -0.004,  0.000,5131122.4,  1,  21.5,   0.9, 0.100
2025-10-13 12:40:28,        0,  29.8,   2.4,  25.3,  0.933, -0.007,  0.000,5131115.7,  1,  21.5,   0.9, 0.100
2025-10-13 12:40:29,        0,  29.7,   2.2,  25.3,  0.894, -0.009,  0.000,5131108.6,  1,  21.5,   0.9, 0.100
2025-10-13 12:40:30,        0,  29.8,   2.4,  25.3,  0.863, -0.008,  0.000,5131100.6,  1,  21.5,   0.9, 0.100
2025-10-13 12:40:31,        0,  29.8,   2.4,  25.3,  0.820, -0.008,  0.000,5131091.4,  1,  21.5,   0.9, 0.100
2025-10-13 12:40:32,        0,  29.7,   2.2,  25.2,  0.793, -0.008,  0.000,5131083.9,  1,  21.5,   0.9, 0.100
2025-10-13 12:40:33,        0,  29.7,   2.2,  25.3,  0.769, -0.007,  0.000,5131076.7,  1,  21.5,   0.9, 0.100
2025-10-13 12:40:34,        0,  29.7,   2.2,  25.2,  0.736, -0.008,  0.000,5131069.2,  1,  21.5,   0.9, 0.100
2025-10-13 12:40:35,        0,  29.7,   2.2,  25.2,  0.707, -0.008,  0.000,5131059.6,  1,  21.5,   0.9, 0.100
2025-10-13 12:40:36,        0,  29.8,   2.4,  25.3,  0.690, -0.008,  0.000,5131052.4,  1,  21.6,   0.9, 0.100
2025-10-13 12:40:37,        0,  29.7,   2.2,  25.2,  0.673, -0.007,  0.000,5131045.7,  1,  21.5,   0.9, 0.100
2025-10-13 12:40:38,        0,  29.7,   2.2,  25.3,  0.650, -0.008,  0.000,5131037.8,  1,  21.5,   0.9, 0.100
2025-10-13 12:40:39,        0,  29.8,   2.4,  25.2,  0.637, -0.007,  0.000,5131029.8,  1,  21.5,   0.9, 0.100
2025-10-13 12:40:40,        0,  29.7,   2.2,  25.3,  0.617, -0.007,  0.000,5131023.1,  1,  21.5,   0.9, 0.100
2025-10-13 12:40:41,        0,  29.8,   2.4,  25.2,  0.604, -0.007,  0.000,5131016.0,  1,  21.5,   0.9, 0.100
2025-10-13 12:40:42,        0,  29.7,   2.1,  25.2,  0.593, -0.007,  0.000,5131008.4,  1,  21.5,   1.0, 0.100
2025-10-13 12:40:43,        0,  29.7,   2.2,  25.2,  0.576, -0.007,  0.000,5131000.0,  1,  21.5,   0.9, 0.100
2025-10-13 12:40:44,        0,  29.8,   2.4,  25.2,  0.565, -0.007,  0.000,5130993.8,  1,  21.5,   1.0, 0.100
2025-10-13 12:40:45,        0,  29.7,   2.2,  25.2,  0.550, -0.007,  0.000,5130987.1,  1,  21.6,   0.9, 0.100
2025-10-13 12:40:46,        0,  29.7,   2.2,  25.2,  0.541, -0.006,  0.000,5130981.6,  1,  21.5,   1.0, 0.100
2025-10-13 12:40:47,        0,  29.7,   2.2,  25.2,  0.527, -0.007,  0.000,5130973.6,  1,  21.5,   1.0, 0.100
2025-10-13 12:40:48,        0,  29.8,   2.4,  25.2,  0.519, -0.007,  0.000,5130966.9,  1,  21.5,   1.0, 0.100
2025-10-13 12:40:49,        0,  29.8,   2.4,  25.2,  0.509, -0.007,  0.000,5130961.1,  1,  21.5,   0.9, 0.100
2025-10-13 12:40:50,        0,  29.8,   2.4,  25.2,  0.498, -0.006,  0.000,5130955.2,  1,  21.5,   1.0, 0.100
2025-10-13 12:40:51,        0,  29.8,   2.4,  25.2,  0.490, -0.006,  0.000,5130947.2,  1,  21.5,   0.9, 0.100
2025-10-13 12:40:52,        0,  29.7,   2.2,  25.2,  0.479, -0.006,  0.000,5130941.4,  1,  21.5,   0.9, 0.100
2025-10-13 12:40:53,        0,  29.8,   2.4,  25.2,  0.472, -0.006,  0.000,5130936.8,  1,  21.5,   0.9, 0.100
2025-10-13 12:40:54,        0,  29.8,   2.4,  25.2,  0.465, -0.006,  0.000,5130930.9,  1,  21.5,   0.9, 0.100
2025-10-13 12:40:55,        0,  29.8,   2.4,  25.2,  0.455, -0.006,  0.000,5130925.0,  1,  21.5,   0.9, 0.100
2025-10-13 12:40:56,        0,  29.8,   2.4,  25.2,  0.445, -0.006,  0.000,5130918.3,  1,  21.5,   0.9, 0.100
2025-10-13 12:40:57,        0,  29.7,   2.2,  25.2,  0.439, -0.006,  0.000,5130912.9,  1,  21.5,   0.9, 0.100
2025-10-13 12:40:58,        0,  29.8,   2.4,  25.2,  0.433, -0.005,  0.000,5130907.0,  1,  21.5,   0.9, 0.100
2025-10-13 12:40:59,        0,  29.8,   2.4,  25.2,  0.424, -0.006,  0.000,5130902.4,  1,  21.5,   0.9, 0.100
2025-10-13 12:41:00,        0,  29.8,   2.4,  25.2,  0.418, -0.005,  0.000,5130895.7,  1,  21.5,   0.9, 0.100
2025-10-13 12:41:01,        0,  29.8,   2.4,  25.2,  0.411, -0.005,  0.000,5130890.7,  1,  21.5,   1.0, 0.100
2025-10-13 12:41:02,        0,  29.7,   2.2,  25.2,  0.405, -0.005,  0.000,5130885.6,  1,  21.5,   0.9, 0.100
2025-10-13 12:41:03,        0,  29.7,   2.2,  25.2,  0.400, -0.005,  0.000,5130881.0,  1,  21.5,   1.0, 0.100
2025-10-13 12:41:04,        0,  29.8,   2.4,  25.2,  0.392, -0.005,  0.000,5130876.4,  1,  21.5,   1.0, 0.100
2025-10-13 12:41:05,        0,  29.8,   2.4,  25.2,  0.387, -0.005,  0.000,5130871.0,  1,  21.5,   1.0, 0.100
2025-10-13 12:41:06,        0,  29.7,   2.2,  25.2,  0.380, -0.005,  0.000,5130865.9,  1,  21.5,   1.0, 0.100
2025-10-13 12:41:07,        0,  29.7,   2.2,  25.2,  0.376, -0.005,  0.000,5130860.9,  1,  21.5,   1.0, 0.100
2025-10-13 12:41:08,        0,  29.8,   2.4,  25.2,  0.371, -0.005,  0.000,5130856.7,  1,  21.5,   1.0, 0.100
2025-10-13 12:41:09,        0,  29.7,   2.2,  25.2,  0.364, -0.005,  0.000,5130851.3,  1,  21.5,   1.0, 0.100
2025-10-13 12:41:10,        0,  29.8,   2.4,  25.2,  0.360, -0.005,  0.000,5130846.7,  1,  21.5,   1.0, 0.100
2025-10-13 12:41:11,        0,  29.9,   2.6,  25.3,  0.354, -0.004,  0.000,5130842.0,  1,  21.5,   1.0, 0.100
2025-10-13 12:41:12,        0,  29.8,   2.4,  25.2,  0.350, -0.004,  0.000,5130837.9,  1,  21.5,   1.0, 0.100
2025-10-13 12:41:13,        0,  29.8,   2.4,  25.2,  0.346, -0.004,  0.000,5130834.1,  1,  21.5,   1.0, 0.100
2025-10-13 12:41:14,        0,  29.8,   2.4,  25.2,  0.340, -0.004,  0.000,5130829.1,  1,  21.5,   1.0, 0.100
2025-10-13 12:41:15,        0,  29.8,   2.4,  25.2,  0.334, -0.005,  0.000,5130824.0,  1,  21.5,   1.0, 0.100
2025-10-13 12:41:16,        0,  29.8,   2.4,  25.2,  0.331, -0.005,  0.000,5130820.3,  1,  21.5,   1.0, 0.100
2025-10-13 12:41:17,        0,  29.8,   2.4,  25.2,  0.327, -0.005,  0.000,5130815.6,  1,  21.5,   1.0, 0.100
2025-10-13 12:41:18,        0,  29.8,   2.4,  25.2,  0.322, -0.004,  0.000,5130811.0,  1,  21.5,   1.1, 0.100
2025-10-13 12:41:19,        0,  29.8,   2.4,  25.2,  0.319, -0.004,  0.000,5130806.4,  1,  21.5,   1.0, 0.100
2025-10-13 12:41:20,        0,  29.8,   2.4,  25.2,  0.314, -0.004,  0.000,5130803.1,  1,  21.5,   1.0, 0.100
2025-10-13 12:41:21,        0,  29.9,   2.6,  25.2,  0.310, -0.004,  0.000,5130799.7,  1,  21.5,   1.1, 0.100
2025-10-13 12:41:22,        0,  29.8,   2.4,  25.2,  0.305, -0.004,  0.000,5130794.7,  1,  21.5,   1.0, 0.100
2025-10-13 12:41:23,        0,  29.8,   2.4,  25.3,  0.303, -0.004,  0.000,5130790.9,  1,  21.5,   1.0, 0.100
2025-10-13 12:41:24,        0,  29.8,   2.4,  25.2,  0.300, -0.004,  0.000,5130786.7,  1,  21.5,   1.0, 0.100
2025-10-13 12:41:25,        0,  29.8,   2.4,  25.2,  0.295, -0.004,  0.000,5130782.5,  1,  21.5,   1.0, 0.100
2025-10-13 12:41:26,        0,  29.9,   2.6,  25.2,  0.293, -0.004,  0.000,5130779.2,  1,  21.5,   1.0, 0.100
2025-10-13 12:41:27,        0,  29.8,   2.4,  25.2,  0.288, -0.004,  0.000,5130774.6,  1,  21.5,   1.0, 0.100
2025-10-13 12:41:28,        0,  29.8,   2.4,  25.3,  0.286, -0.003,  0.000,5130771.2,  1,  21.5,   1.0, 0.100
2025-10-13 12:41:29,        0,  29.9,   2.6,  25.2,  0.283, -0.004,  0.000,5130767.0,  1,  21.5,   1.0, 0.100
2025-10-13 12:41:30,        0,  29.8,   2.4,  25.2,  0.279, -0.003,  0.000,5130763.7,  1,  21.5,   1.0, 0.100
2025-10-13 12:41:31,        0,  29.7,   2.2,  25.2,  0.276, -0.004,  0.000,5130759.1,  1,  21.5,   1.0, 0.100
2025-10-13 12:41:32,        0,  29.8,   2.4,  25.2,  0.273, -0.003,  0.000,5130755.3,  1,  21.5,   1.0, 0.100
2025-10-13 12:41:33,        0,  29.9,   2.6,  25.2,  0.271, -0.004,  0.000,5130751.5,  1,  21.4,   1.0, 0.100
2025-10-13 12:41:34,        0,  29.9,   2.6,  25.2,  0.268, -0.004,  0.000,5130748.2,  1,  21.5,   1.0, 0.100
2025-10-13 12:41:35,        0,  29.9,   2.6,  25.2,  0.265, -0.004,  0.000,5130743.6,  1,  21.5,   1.0, 0.100
2025-10-13 12:41:36,        0,  29.8,   2.4,  25.2,  0.262, -0.003,  0.000,5130740.6,  1,  21.5,   1.0, 0.100
2025-10-13 12:41:37,        0,  29.8,   2.4,  25.2,  0.260, -0.003,  0.000,5130737.3,  1,  21.5,   1.0, 0.100
2025-10-13 12:41:38,        0,  29.8,   2.4,  25.2,  0.258, -0.004,  0.000,5130733.9,  1,  21.5,   1.0, 0.100
