Time, Cnts,  %T, set_Cell[mA], Cell[°C], Cell[Volt], Cell[mA], Cell[W], Cell[uAs], Cell_ON, Env[°C], TEC[°C], N2Flow[slpm]
2025-10-27 10:30:44,        0,  29.6,   1.9,  24.7,  0.168, -0.002,  0.000,     -2.3,  1,  21.4,   1.0, 0.100
2025-10-27 10:30:45,        0,  29.6,   1.9,  24.7,  0.167, -0.001,  0.000,     -4.6,  1,  21.3,   1.0, 0.100
2025-10-27 10:30:46,        0,  29.6,   1.9,  24.7,  0.166, -0.003,  0.000,     -6.9,  1,  21.4,   1.0, 0.100
2025-10-27 10:30:47,        0,  29.7,   2.1,  24.7,  0.166, -0.003,  0.000,     -9.2,  1,  21.4,   1.0, 0.099
2025-10-27 10:30:48,        0,  29.7,   2.0,  24.7,  0.165, -0.003,  0.000,    -11.7,  1,  21.4,   1.0, 0.098
2025-10-27 10:30:49,        0,  29.7,   2.0,  24.7,  0.165, -0.003,  0.000,    -14.3,  1,  21.4,   1.0, 0.097
2025-10-27 10:30:50,        0,  29.7,   2.0,  24.7,  0.163, -0.002,  0.000,    -16.3,  1,  21.4,   1.0, 0.097
2025-10-27 10:30:51,        0,  29.7,   2.2,  24.7,  0.163, -0.003,  0.000,    -18.6,  1,  21.4,   1.0, 0.097
2025-10-27 10:30:52,        0,  29.7,   2.0,  24.7,  0.163, -0.002,  0.000,    -20.9,  1,  21.4,   1.0, 0.097
2025-10-27 10:30:53,        0,  29.7,   2.1,  24.7,  0.162, -0.002,  0.000,    -23.5,  1,  21.4,   1.0, 0.098
2025-10-27 10:30:54,        0,  29.7,   2.2,  24.7,  0.162, -0.002,  0.000,    -25.7,  1,  21.4,   1.0, 0.098
2025-10-27 10:30:55,        0,  29.7,   2.1,  24.7,  0.161, -0.002,  0.000,    -28.0,  1,  21.4,   1.0, 0.098
2025-10-27 10:30:56,        0,  29.7,   2.1,  24.7,  0.161, -0.002,  0.000,    -30.0,  1,  21.4,   1.0, 0.100
2025-10-27 10:30:57,        0,  29.7,   2.1,  24.8,  0.160, -0.002,  0.000,    -32.6,  1,  21.4,   1.0, 0.100
2025-10-27 10:30:58,        0,  29.7,   2.2,  24.7,  0.160, -0.002,  0.000,    -34.6,  1,  21.4,   1.0, 0.100
2025-10-27 10:30:59,        0,  29.9,   2.6,  24.7,  0.159, -0.002,  0.000,    -36.9,  1,  21.4,   1.0, 0.100
2025-10-27 10:31:00,        0,  30.0,   2.9,  24.7,  5.489,  4.894,  0.027,   3150.0,  1,  21.4,   1.0, 0.100
2025-10-27 10:31:01,        0,  30.7,   5.0,  24.7,  6.208,  5.609,  0.035,   9112.6,  1,  21.4,   1.1, 0.100
2025-10-27 10:31:02,        0,  30.4,   4.2,  24.7,  7.483,  7.161,  0.054,  15815.7,  1,  21.4,   1.0, 0.101
2025-10-27 10:31:03,        0,  31.4,   7.2,  24.7,  9.020,  9.030,  0.081,  23331.1,  1,  21.4,   1.1, 0.101
2025-10-27 10:31:04,        0,  32.4,  10.2,  24.7,  8.746,  8.685,  0.079,  31835.5,  1,  21.4,   1.1, 0.101
2025-10-27 10:31:05,        0,  32.9,  11.7,  24.7, 14.096, 15.238,  0.215,  47600.8,  1,  21.4,   1.1, 0.101
2025-10-27 10:31:06,        0,  34.3,  15.9,  24.7, 16.570, 18.275,  0.306,  64267.2,  1,  21.4,   1.0, 0.102
2025-10-27 10:31:07,        0,  34.8,  17.4,  24.7, 17.635, 19.565,  0.345,  84062.6,  1,  21.4,   1.0, 0.104
2025-10-27 10:31:08,        0,  37.5,  25.5,  24.7, 21.258, 24.016,  0.514, 105451.0,  1,  21.4,   1.1, 0.120
2025-10-27 10:31:09,        0,  36.7,  23.1,  24.7, 20.814, 23.494,  0.490, 129683.6,  1,  21.3,   1.0, 0.099
2025-10-27 10:31:10,        0,  39.0,  30.0,  24.7, 27.023, 31.160,  0.844, 164324.9,  1,  21.3,   1.0, 0.098
2025-10-27 10:31:11,        0,  40.1,  33.3,  24.7, 26.603, 30.651,  0.819, 195912.9,  1,  21.3,   1.0, 0.098
2025-10-27 10:31:12,        0,  41.8,  38.3,  24.7, 31.415, 36.659,  1.163, 231797.2,  1,  21.3,   1.0, 0.098
2025-10-27 10:31:13,        0,  42.6,  40.8,  24.7, 39.523, 46.856,  1.852, 274463.4,  1,  21.3,   1.0, 0.098
2025-10-27 10:31:14,        0,  42.2,  39.6,  24.7, 36.215, 42.761,  1.549, 326903.1,  1,  21.3,   1.0, 0.099
2025-10-27 10:31:15,        0,  45.1,  48.2,  24.7, 38.840, 46.171,  1.795, 370338.0,  1,  21.3,   1.0, 0.099
2025-10-27 10:31:16,        0,  41.3,  36.8,  24.7, 37.295, 44.330,  1.667, 415379.9,  1,  21.3,   1.0, 0.099
2025-10-27 10:31:17,        0,  42.9,  41.6,  24.7, 40.456, 48.257,  1.959, 460744.0,  1,  21.4,   1.0, 0.099
2025-10-27 10:31:18,        0,  44.7,  47.2,  24.7, 37.171, 44.226,  1.658, 515068.8,  1,  21.3,   1.0, 0.100
2025-10-27 10:31:19,        0,  44.0,  44.9,  24.7, 42.715, 51.314,  2.192, 564323.1,  1,  21.3,   1.0, 0.100
2025-10-27 10:31:20,        0,  41.2,  36.6,  24.7, 35.482, 42.205,  1.516, 607194.9,  1,  21.3,   1.0, 0.100
2025-10-27 10:31:21,        0,  45.6,  49.7,  24.7, 42.945, 51.636,  2.241, 654003.5,  1,  21.3,   1.0, 0.100
2025-10-27 10:31:22,        0,  46.5,  52.4,  24.7, 43.593, 52.509,  2.304, 711928.7,  1,  21.3,   1.0, 0.100
2025-10-27 10:31:23,        0,  41.4,  37.3,  24.7, 45.287, 54.774,  2.483, 764305.4,  1,  21.4,   1.0, 0.100
2025-10-27 10:31:24,        0,  46.1,  51.2,  24.7, 40.820, 49.103,  2.027, 813581.7,  1,  21.4,   1.0, 0.112
2025-10-27 10:31:25,        0,  43.9,  44.7,  24.8, 41.453, 49.997,  2.076, 863062.5,  1,  21.4,   1.0, 0.109
2025-10-27 10:31:26,        0,  42.5,  40.4,  24.7, 41.454, 50.032,  2.077, 921629.6,  1,  21.4,   1.0, 0.100
2025-10-27 10:31:27,        0,  38.7,  29.2,  24.8, 41.334, 49.811,  2.062, 966539.7,  1,  21.3,   1.0, 0.100
2025-10-27 10:31:28,        0,  40.7,  35.1,  24.7, 35.859, 42.838,  1.543,1004891.4,  1,  21.4,   1.0, 0.100
2025-10-27 10:31:29,        0,  39.6,  31.8,  24.8, 39.791, 47.748,  1.923,1049718.2,  1,  21.3,   1.0, 0.099
2025-10-27 10:31:30,        0,  38.8,  29.5,  24.7, 31.982, 37.871,  1.238,1094458.3,  1,  21.3,   1.0, 0.099
2025-10-27 10:31:31,        0,  43.8,  44.4,  24.7, 36.609, 43.685,  1.610,1130276.9,  1,  21.3,   1.0, 0.099
2025-10-27 10:31:32,        0,  39.1,  30.3,  24.7, 28.613, 33.546,  0.977,1166620.2,  1,  21.3,   1.0, 0.099
2025-10-27 10:31:33,        0,  40.0,  33.0,  24.8, 35.670, 42.412,  1.514,1203155.1,  1,  21.3,   1.0, 0.099
2025-10-27 10:31:34,        0,  38.1,  27.2,  24.8, 31.706, 37.368,  1.186,1244084.4,  1,  21.3,   1.0, 0.100
2025-10-27 10:31:35,        0,  40.6,  34.8,  24.8, 33.791, 39.934,  1.358,1280492.0,  1,  21.3,   1.0, 0.100
2025-10-27 10:31:36,        0,  41.7,  38.1,  24.8, 34.409, 40.704,  1.402,1318432.9,  1,  21.3,   1.0, 0.100
2025-10-27 10:31:37,        0,  39.6,  31.8,  24.8, 35.936, 42.672,  1.537,1359416.2,  1,  21.3,   1.0, 0.100
2025-10-27 10:31:38,        0,  40.8,  35.3,  24.8, 31.591, 37.132,  1.178,1402160.0,  1,  21.3,   1.0, 0.100
2025-10-27 10:31:39,        0,  42.4,  40.1,  24.8, 33.633, 39.688,  1.337,1439783.2,  1,  21.3,   1.0, 0.100
2025-10-27 10:31:40,        0,  42.5,  40.4,  24.7, 35.943, 42.610,  1.533,1481521.6,  1,  21.3,   1.0, 0.100
2025-10-27 10:31:41,        0,  39.2,  30.7,  24.8, 36.027, 42.770,  1.543,1523583.1,  1,  21.3,   1.0, 0.100
2025-10-27 10:31:42,        0,  38.9,  29.8,  24.8, 33.936, 40.058,  1.361,1567707.7,  1,  21.3,   1.0, 0.100
2025-10-27 10:31:43,        0,  42.8,  41.3,  24.8, 32.389, 38.071,  1.233,1602975.2,  1,  21.3,   1.0, 0.100
2025-10-27 10:31:44,        0,  40.3,  33.8,  24.8, 36.475, 43.307,  1.586,1644572.1,  1,  21.3,   1.0, 0.100
2025-10-27 10:31:45,        0,  39.5,  31.6,  24.9, 28.034, 32.638,  0.923,1678255.6,  1,  21.3,   1.0, 0.100
2025-10-27 10:31:46,        0,  40.7,  35.1,  24.8, 29.998, 35.014,  1.061,1719147.8,  1,  21.3,   1.0, 0.100
2025-10-27 10:31:47,        0,  36.5,  22.6,  24.8, 31.731, 37.231,  1.184,1754588.3,  1,  21.3,   1.0, 0.100
2025-10-27 10:31:48,        0,  42.8,  41.4,  24.8, 34.286, 40.374,  1.392,1787823.7,  1,  21.4,   1.0, 0.100
2025-10-27 10:31:49,        0,  41.3,  36.8,  24.8, 31.750, 37.237,  1.186,1825833.1,  1,  21.3,   1.0, 0.100
2025-10-27 10:31:50,        0,  42.9,  41.8,  24.8, 35.199, 41.531,  1.462,1873899.6,  1,  21.3,   0.9, 0.100
2025-10-27 10:31:51,        0,  38.1,  27.4,  24.8, 30.755, 36.018,  1.125,1910751.4,  1,  21.3,   0.9, 0.100
2025-10-27 10:31:52,        0,  40.5,  34.6,  24.8, 33.632, 39.523,  1.355,1949548.7,  1,  21.3,   1.0, 0.100
2025-10-27 10:31:53,        0,  38.9,  29.8,  24.9, 32.200, 37.773,  1.217,1986059.7,  1,  21.3,   0.9, 0.100
2025-10-27 10:31:54,        0,  42.5,  40.6,  24.9, 39.195, 46.550,  1.825,2032110.9,  1,  21.3,   0.9, 0.100
2025-10-27 10:31:55,        0,  42.0,  39.1,  24.8, 35.395, 41.800,  1.481,2072820.3,  1,  21.3,   0.9, 0.100
2025-10-27 10:31:56,        0,  41.4,  37.1,  24.8, 38.910, 46.212,  1.802,2117096.5,  1,  21.3,   0.9, 0.100
2025-10-27 10:31:57,        0,  40.5,  34.5,  24.9, 35.488, 41.965,  1.491,2158522.4,  1,  21.3,   0.8, 0.100
2025-10-27 10:31:58,        0,  44.0,  45.1,  24.9, 36.903, 43.723,  1.614,2198892.8,  1,  21.3,   0.9, 0.100
2025-10-27 10:31:59,        0,  42.0,  39.1,  24.8, 36.946, 43.806,  1.636,2251906.6,  1,  21.3,   0.9, 0.100
2025-10-27 10:32:00,        0,  42.1,  39.3,  24.9, 19.969, 22.474,  0.475,2282360.2,  1,  21.3,   0.9, 0.100
2025-10-27 10:32:01,        0,  38.4,  28.2,  24.9, 38.970, 46.272,  1.808,2322448.9,  1,  21.3,   0.9, 0.100
2025-10-27 10:32:02,        0,  41.9,  38.6,  24.9, 29.841, 34.723,  1.057,2353963.6,  1,  21.3,   0.9, 0.100
2025-10-27 10:32:03,        0,  41.4,  37.3,  24.9, 37.498, 44.392,  1.669,2406097.4,  1,  21.3,   0.9, 0.100
2025-10-27 10:32:04,        0,  43.9,  44.6,  24.9, 39.660, 47.134,  1.872,2448880.9,  1,  21.3,   0.9, 0.100
2025-10-27 10:32:05,        0,  40.2,  33.7,  24.9, 39.054, 46.410,  1.818,2492494.1,  1,  21.3,   0.9, 0.100
2025-10-27 10:32:06,        0,  41.9,  38.8,  24.9, 29.325, 34.193,  1.009,2529728.8,  1,  21.3,   1.0, 0.100
2025-10-27 10:32:07,        0,  42.3,  39.9,  24.9, 41.708, 49.741,  2.076,2583524.9,  1,  21.3,   1.0, 0.100
2025-10-27 10:32:08,        0,  43.0,  42.1,  24.9, 36.126, 42.727,  1.552,2627344.6,  1,  21.3,   1.0, 0.100
2025-10-27 10:32:09,        0,  40.5,  34.5,  24.9, 35.646, 42.147,  1.506,2668929.1,  1,  21.3,   1.0, 0.100
2025-10-27 10:32:10,        0,  44.0,  44.9,  25.0, 32.196, 37.774,  1.230,2707006.7,  1,  21.3,   1.0, 0.100
2025-10-27 10:32:11,        0,  41.2,  36.5,  24.9, 37.574, 44.534,  1.680,2751510.2,  1,  21.3,   1.0, 0.100
2025-10-27 10:32:12,        0,  40.5,  34.6,  24.9, 33.339, 39.246,  1.344,2797007.1,  1,  21.3,   1.0, 0.100
2025-10-27 10:32:13,        0,  44.0,  45.1,  25.0, 33.543, 39.414,  1.322,2834922.9,  1,  21.3,   1.0, 0.100
2025-10-27 10:32:14,        0,  42.3,  39.8,  24.9, 38.144, 45.216,  1.729,2879721.2,  1,  21.3,   1.0, 0.100
2025-10-27 10:32:15,        0,  38.9,  29.8,  24.9, 28.574, 33.188,  0.954,2915641.2,  1,  21.3,   1.0, 0.100
2025-10-27 10:32:16,        0,  41.3,  37.0,  25.0, 37.822, 44.699,  1.697,2961989.0,  1,  21.3,   1.0, 0.100
2025-10-27 10:32:17,        0,  41.7,  38.0,  25.0, 33.736, 39.590,  1.337,3000920.0,  1,  21.3,   1.0, 0.100
2025-10-27 10:32:18,        0,  37.0,  23.9,  24.9, 29.173, 33.866,  1.003,3035670.5,  1,  21.3,   1.0, 0.100
2025-10-27 10:32:19,        0,  36.3,  21.9,  24.9, 36.656, 43.166,  1.587,3070842.7,  1,  21.3,   1.0, 0.100
2025-10-27 10:32:20,        0,  39.3,  31.0,  25.0, 24.436, 27.868,  0.689,3103982.2,  1,  21.3,   1.0, 0.100
2025-10-27 10:32:21,        0,  39.9,  32.7,  25.0, 35.251, 41.319,  1.457,3141475.3,  1,  21.3,   1.0, 0.100
2025-10-27 10:32:22,        0,  42.1,  39.4,  24.9, 32.935, 38.442,  1.269,3178556.0,  1,  21.3,   1.0, 0.100
2025-10-27 10:32:23,        0,  40.2,  33.5,  25.0, 31.999, 37.275,  1.193,3216755.7,  1,  21.3,   1.0, 0.100
2025-10-27 10:32:24,        0,  38.4,  28.2,  25.0, 35.124, 41.122,  1.449,3262725.2,  1,  21.3,   1.0, 0.100
2025-10-27 10:32:25,        0,  39.2,  30.5,  25.0, 25.104, 28.640,  0.720,3291279.2,  1,  21.3,   1.0, 0.100
2025-10-27 10:32:26,        0,  38.7,  29.2,  25.0, 31.793, 36.934,  1.174,3325558.4,  1,  21.3,   1.0, 0.100
2025-10-27 10:32:27,        0,  38.9,  29.7,  25.0, 26.188, 29.955,  0.788,3354396.8,  1,  21.3,   1.0, 0.100
2025-10-27 10:32:28,        0,  37.2,  24.5,  25.0, 26.546, 30.360,  0.808,3384389.3,  1,  21.3,   1.0, 0.100
2025-10-27 10:32:29,        0,  37.5,  25.4,  25.0, 31.382, 36.312,  1.141,3422759.6,  1,  21.3,   0.9, 0.100
2025-10-27 10:32:30,        0,  33.4,  13.1,  25.0, 29.518, 33.981,  1.004,3453381.0,  1,  21.3,   1.0, 0.100
2025-10-27 10:32:31,        0,  38.0,  27.0,  25.0, 23.233, 26.125,  0.617,3474280.6,  1,  21.3,   1.0, 0.100
2025-10-27 10:32:32,        0,  38.0,  26.9,  25.0, 29.268, 33.623,  0.986,3511488.7,  1,  21.3,   1.0, 0.100
2025-10-27 10:32:33,        0,  35.4,  19.3,  25.0, 26.784, 30.528,  0.818,3538047.8,  1,  21.3,   0.9, 0.100
2025-10-27 10:32:34,        0,  34.3,  15.9,  25.0, 22.175, 24.800,  0.553,77727001190.2,  1,  21.3,   0.9, 0.100
2025-10-27 10:32:35,        0,  37.8,  26.4,  25.0, 25.173, 28.453,  0.720,3584939.1,  1,  21.3,   0.9, 0.100
2025-10-27 10:32:36,        0,  37.6,  25.7,  25.0, 22.471, 25.143,  0.569,3609861.1,  1,  21.3,   0.9, 0.100
2025-10-27 10:32:37,        0,  34.8,  17.3,  25.0, 21.829, 24.344,  0.533,3639592.1,  1,  21.4,   0.9, 0.100
2025-10-27 10:32:38,        0,  36.4,  22.1,  25.0, 20.139, 22.232,  0.450,3660736.7,  1,  21.3,   1.0, 0.100
2025-10-27 10:32:39,        0,  35.7,  20.1,  25.0, 21.154, 23.455,  0.498,3684131.0,  1,  21.3,   0.9, 0.100
2025-10-27 10:32:40,        0,  36.1,  21.4,  25.0, 18.619, 20.322,  0.381,3705011.2,  1,  21.3,   0.9, 0.100
2025-10-27 10:32:41,        0,  35.9,  20.6,  25.0, 19.872, 21.844,  0.434,3731510.1,  1,  21.3,   1.0, 0.100
2025-10-27 10:32:42,        0,  37.3,  24.9,  25.0, 18.590, 20.265,  0.377,3751920.1,  1,  21.3,   0.9, 0.100
2025-10-27 10:32:43,        0,  30.8,   5.4,  25.0, 21.869, 24.251,  0.532,3773607.4,  1,  21.3,   0.9, 0.100
2025-10-27 10:32:44,        0,  35.5,  19.4,  25.0, 19.420, 21.184,  0.415,3788520.5,  1,  21.3,   0.9, 0.100
2025-10-27 10:32:45,        0,  33.3,  12.8,  25.0, 12.931, 13.317,  0.176,3808350.4,  1,  21.4,   0.9, 0.100
2025-10-27 10:32:46,        0,  34.1,  15.3,  25.0, 20.426, 22.408,  0.458,3827200.9,  1,  21.3,   0.9, 0.100
2025-10-27 10:32:47,        0,  33.8,  14.3,  25.0, 18.703, 20.312,  0.382,3845542.2,  1,  21.3,   0.9, 0.100
2025-10-27 10:32:48,        0,  33.2,  12.5,  25.0, 16.636, 17.785,  0.296,3862137.1,  1,  21.3,   0.9, 0.100
2025-10-27 10:32:49,        0,  33.7,  14.1,  25.0, 14.410, 15.063,  0.217,3876514.1,  1,  21.3,   0.9, 0.100
2025-10-27 10:32:50,        0,  34.9,  17.8,  25.0, 15.302, 16.143,  0.247,3896537.2,  1,  21.3,   0.9, 0.100
2025-10-27 10:32:51,        0,  32.5,  10.6,  25.0, 12.725, 13.015,  0.168,3911423.5,  1,  21.3,   0.9, 0.100
2025-10-27 10:32:52,        0,  32.3,   9.8,  25.0, 14.415, 15.022,  0.221,3924927.2,  1,  21.3,   0.9, 0.100
2025-10-27 10:32:53,        0,  33.2,  12.6,  25.0, 13.079, 13.405,  0.178,3938164.7,  1,  21.3,   0.9, 0.100
2025-10-27 10:32:54,        0,  34.1,  15.4,  25.0, 13.846, 14.346,  0.200,3956449.4,  1,  21.3,   0.9, 0.100
2025-10-27 10:32:55,        0,  33.0,  12.0,  25.0, 13.674, 14.141,  0.200,3970101.0,  1,  21.3,   0.9, 0.100
2025-10-27 10:32:56,        0,  32.4,  10.2,  25.0, 12.925, 13.217,  0.172,3982988.6,  1,  21.3,   1.0, 0.100
2025-10-27 10:32:57,        0,  32.8,  11.5,  25.0, 12.187, 12.308,  0.150,3995094.2,  1,  21.3,   1.0, 0.100
2025-10-27 10:32:58,        0,  32.5,  10.6,  25.0, 14.006, 14.495,  0.206,4011251.1,  1,  21.3,   1.0, 0.100
2025-10-27 10:32:59,        0,  32.9,  11.6,  25.0, 13.766, 14.199,  0.196,4023769.1,  1,  21.3,   1.0, 0.100
2025-10-27 10:33:00,        0,  31.1,   6.3,  25.0,  8.927,  8.424,  0.092,4034621.5,  1,  21.3,   1.0, 0.100
2025-10-27 10:33:01,        0,  31.7,   8.0,  25.0,  8.987,  8.424,  0.082,4043120.0,  1,  21.3,   1.0, 0.100
2025-10-27 10:33:02,        0,  32.3,  10.0,  25.0, 11.501, 11.437,  0.132,4053226.4,  1,  21.3,   1.0, 0.100
2025-10-27 10:33:03,        0,  31.4,   7.3,  25.0,  9.138,  8.611,  0.079,4065229.7,  1,  21.4,   1.0, 0.100
2025-10-27 10:33:04,        0,  31.5,   7.5,  25.0,  9.785,  9.381,  0.092,4075398.2,  1,  21.4,   1.0, 0.100
2025-10-27 10:33:05,        0,  30.9,   5.7,  25.0, 10.554, 10.306,  0.109,4085298.5,  1,  21.3,   1.0, 0.100
2025-10-27 10:33:06,        0,  32.5,  10.5,  25.0, 11.586, 11.526,  0.134,4095291.0,  1,  21.3,   1.0, 0.100
2025-10-27 10:33:07,        0,  31.3,   6.8,  25.0, 10.370, 10.071,  0.105,4107087.3,  1,  21.3,   1.0, 0.100
2025-10-27 10:33:08,        0,  30.6,   4.7,  25.0, 10.941, 10.751,  0.119,4115638.9,  1,  21.4,   1.0, 0.100
2025-10-27 10:33:09,        0,  31.7,   8.0,  25.0,  9.500,  9.009,  0.087,4122666.3,  1,  21.3,   1.0, 0.100
2025-10-27 10:33:10,        0,  31.0,   6.0,  25.0, 10.073,  9.706,  0.099,4131985.3,  1,  21.4,   1.0, 0.100
2025-10-27 10:33:11,        0,  31.1,   6.3,  25.0, 10.537, 10.246,  0.108,4143179.8,  1,  21.4,   1.0, 0.100
2025-10-27 10:33:12,        0,  29.8,   2.4,  25.0,  8.265,  7.546,  0.063,4150748.6,  1,  21.4,   1.0, 0.100
2025-10-27 10:33:13,        0,  30.9,   5.7,  25.0,  9.343,  8.816,  0.083,4157751.7,  1,  21.4,   1.0, 0.100
2025-10-27 10:33:14,        0,  30.3,   4.0,  25.0,  9.743,  9.290,  0.092,4165327.3,  1,  21.3,   1.0, 0.100
2025-10-27 10:33:15,        0,  31.1,   6.2,  25.0,  8.148,  7.395,  0.062,4171456.5,  1,  21.3,   1.0, 0.100
2025-10-27 10:33:16,        0,  30.8,   5.4,  25.0,  7.096,  6.168,  0.060,4179706.4,  1,  21.3,   1.0, 0.100
2025-10-27 10:33:17,        0,  30.2,   3.7,  25.0,  9.475,  8.973,  0.086,4187326.4,  1,  21.3,   1.0, 0.100
2025-10-27 10:33:18,        0,  31.7,   8.0,  25.0,  8.247,  7.508,  0.062,4193908.7,  1,  21.4,   1.0, 0.100
2025-10-27 10:33:19,        0,  30.8,   5.5,  25.0, 10.129,  9.755,  0.099,4202621.3,  1,  21.4,   0.9, 0.100
2025-10-27 10:33:20,        0,  30.7,   5.2,  25.0,  7.969,  7.187,  0.058,4211458.8,  1,  21.4,   1.0, 0.100
2025-10-27 10:33:21,        0,  30.6,   4.9,  25.0,  8.501,  7.815,  0.066,4218684.4,  1,  21.4,   1.0, 0.100
2025-10-27 10:33:22,        0,  30.6,   4.9,  25.0,  7.741,  6.915,  0.054,4225077.2,  1,  21.4,   1.0, 0.100
2025-10-27 10:33:23,        0,  30.6,   4.9,  25.0,  3.330,  1.888,  0.008,4227833.6,  1,  21.4,   1.0, 0.100
2025-10-27 10:33:24,        0,  30.3,   4.0,  25.0,  7.322,  6.437,  0.047,4235037.9,  1,  21.4,   1.0, 0.100
2025-10-27 10:33:25,        0,  30.2,   3.7,  25.0,  6.866,  5.897,  0.041,4240497.0,  1,  21.4,   1.0, 0.100
2025-10-27 10:33:26,        0,  30.7,   5.2,  25.0,  7.046,  6.115,  0.043,4245709.3,  1,  21.4,   1.0, 0.100
2025-10-27 10:33:27,        0,  30.4,   4.2,  25.0,  7.097,  6.173,  0.045,4251733.8,  1,  21.4,   1.0, 0.100
2025-10-27 10:33:28,        0,  30.2,   3.7,  25.0,  6.293,  5.232,  0.033,4256516.1,  1,  21.4,   1.0, 0.100
2025-10-27 10:33:29,        0,  30.9,   5.8,  25.0,  7.167,  6.258,  0.045,4263320.1,  1,  21.4,   1.0, 0.100
2025-10-27 10:33:30,        0,  30.3,   3.9,  25.0,  7.777,  6.970,  0.054,4269534.4,  1,  21.4,   1.0, 0.100
2025-10-27 10:33:31,        0,  30.6,   4.9,  25.0,  7.799,  6.994,  0.055,4275684.2,  1,  21.4,   1.0, 0.100
2025-10-27 10:33:32,        0,  30.1,   3.4,  25.0,  6.486,  5.460,  0.035,4281082.2,  1,  21.4,   1.0, 0.100
2025-10-27 10:33:33,        0,  30.6,   4.9,  25.0,  4.953,  3.752,  0.023,4286052.2,  1,  21.4,   1.0, 0.100
2025-10-27 10:33:34,        0,  30.8,   5.4,  25.0,  6.409,  5.377,  0.035,4291622.4,  1,  21.4,   1.0, 0.100
2025-10-27 10:33:35,        0,  30.1,   3.4,  25.0,  7.070,  6.143,  0.044,4296187.2,  1,  21.4,   1.0, 0.100
2025-10-27 10:33:36,        0,  30.7,   5.0,  25.0,  6.259,  5.214,  0.033,4300984.2,  1,  21.4,   1.0, 0.100
2025-10-27 10:33:37,        0,  30.8,   5.4,  25.0,  6.060,  4.987,  0.030,4306807.5,  1,  21.4,   1.0, 0.100
2025-10-27 10:33:38,        0,  30.2,   3.5,  25.0,  5.954,  4.853,  0.029,4312158.9,  1,  21.4,   1.0, 0.100
2025-10-27 10:33:39,        0,  29.6,   1.9,  25.0,  3.287,  1.854,  0.008,4314286.7,  1,  21.4,   1.0, 0.100
2025-10-27 10:33:40,        0,  30.2,   3.7,  25.0,  1.381,  0.023,  0.000,4315306.3,  1,  21.4,   0.9, 0.100
2025-10-27 10:33:41,        0,  30.4,   4.2,  25.0,  6.182,  5.158,  0.032,4320406.3,  1,  21.4,   1.0, 0.100
2025-10-27 10:33:42,        0,  30.2,   3.7,  25.0,  6.039,  4.975,  0.030,4326282.0,  1,  21.4,   1.0, 0.100
2025-10-27 10:33:43,        0,  29.8,   2.4,  25.0,  5.648,  4.520,  0.026,4330761.3,  1,  21.4,   1.0, 0.100
2025-10-27 10:33:44,        0,  30.7,   5.2,  25.0,  5.629,  4.520,  0.027,4334522.7,  1,  21.3,   1.0, 0.100
2025-10-27 10:33:45,        0,  29.7,   2.2,  25.0,  6.520,  5.537,  0.036,4340125.6,  1,  21.3,   1.0, 0.100
2025-10-27 10:33:46,        0,  30.0,   3.0,  25.0,  1.609,  0.152,  0.000,4340983.5,  1,  21.4,   0.9, 0.100
2025-10-27 10:33:47,        0,  30.2,   3.7,  25.0,  3.550,  2.218,  0.012,4343896.6,  1,  21.4,   1.0, 0.100
2025-10-27 10:33:48,        0,  30.1,   3.2,  25.0,  5.548,  4.427,  0.025,4348349.9,  1,  21.4,   1.0, 0.100
2025-10-27 10:33:49,        0,  29.1,   0.2,  25.0,  5.525,  4.393,  0.024,4352528.3,  1,  21.4,   1.0, 0.100
2025-10-27 10:33:50,        0,  30.3,   3.9,  25.0,  6.012,  4.988,  0.030,4356029.8,  1,  21.4,   1.0, 0.100
2025-10-27 10:33:51,        0,  29.1,   0.2,  25.0,  4.567,  3.307,  0.017,4359002.0,  1,  21.4,   1.0, 0.100
2025-10-27 10:33:52,        0,  29.6,   1.9,  25.0,  2.011,  0.654,  0.004,4359988.6,  1,  21.4,   1.0, 0.100
2025-10-27 10:33:53,        0,  29.9,   2.7,  25.0,  3.254,  1.944,  0.010,4361570.3,  1,  21.4,   1.0, 0.100
2025-10-27 10:33:54,        0,  30.2,   3.7,  25.0,  1.516,  0.092,  0.000,4362790.7,  1,  21.4,   1.0, 0.100
2025-10-27 10:33:55,        0,  30.0,   3.0,  25.0,  5.594,  4.508,  0.025,4368117.4,  1,  21.4,   1.0, 0.100
2025-10-27 10:33:56,        0,  30.1,   3.2,  25.0,  5.154,  3.987,  0.021,4371840.6,  1,  21.4,   1.0, 0.100
2025-10-27 10:33:57,        0,  29.7,   2.2,  25.0,  3.119,  1.727,  0.009,4374739.1,  1,  21.4,   1.0, 0.100
2025-10-27 10:33:58,        0,  30.0,   2.9,  25.0,  4.577,  3.365,  0.018,4377858.8,  1,  21.4,   1.0, 0.100
2025-10-27 10:33:59,        0,  29.7,   2.0,  25.0,  1.642,  0.176,  0.000,4379656.3,  1,  21.3,   1.0, 0.100
2025-10-27 10:34:00,        0,  29.3,   1.0,  25.0,  1.307,  0.002,  0.000,4379660.5,  1,  21.4,   1.0, 0.100
2025-10-27 10:34:01,        0,  30.0,   3.0,  25.0,  1.213, -0.010,  0.000,4379652.1,  1,  21.4,   1.0, 0.100
2025-10-27 10:34:02,        0,  30.4,   4.2,  25.0,  5.456,  4.374,  0.024,4383701.4,  1,  21.4,   1.0, 0.100
2025-10-27 10:34:03,        0,  29.9,   2.8,  25.0,  2.656,  1.214,  0.005,4387577.2,  1,  21.4,   1.0, 0.100
2025-10-27 10:34:04,        0,  30.0,   2.9,  25.0,  5.343,  4.226,  0.023,4391135.7,  1,  21.4,   0.9, 0.100
2025-10-27 10:34:05,        0,  29.6,   1.7,  25.0,  4.717,  3.505,  0.018,4393382.5,  1,  21.4,   0.9, 0.100
2025-10-27 10:34:06,        0,  29.7,   2.0,  25.0,  1.329,  0.008,  0.000,4393416.5,  1,  21.4,   0.9, 0.100
2025-10-27 10:34:07,        0,  29.5,   1.4,  25.0,  1.242, -0.007,  0.000,4393409.3,  1,  21.4,   0.9, 0.100
2025-10-27 10:34:08,        0,  29.8,   2.4,  25.0,  3.103,  1.735,  0.007,4394137.3,  1,  21.4,   0.9, 0.100
2025-10-27 10:34:09,        0,  29.8,   2.5,  25.0,  3.017,  1.787,  0.010,4395490.6,  1,  21.4,   0.8, 0.100
2025-10-27 10:34:10,        0,  29.8,   2.5,  25.0,  3.370,  2.089,  0.011,4397865.6,  1,  21.4,   0.9, 0.100
2025-10-27 10:34:11,        0,  29.8,   2.4,  25.0,  5.281,  4.173,  0.022,4402100.1,  1,  21.4,   0.8, 0.100
2025-10-27 10:34:12,        0,  29.7,   2.2,  24.9,  3.535,  2.263,  0.012,4403312.6,  1,  21.4,   0.8, 0.100
2025-10-27 10:34:13,        0,  29.6,   1.9,  25.0,  1.334,  0.011,  0.000,4403348.6,  1,  21.4,   0.8, 0.100
2025-10-27 10:34:14,        0,  29.8,   2.4,  25.0,  1.238, -0.000,  0.000,4403343.1,  1,  21.4,   0.8, 0.100
2025-10-27 10:34:15,        0,  30.0,   2.9,  25.0,  4.455,  3.393,  0.019,4405266.0,  1,  21.4,   0.8, 0.100
2025-10-27 10:34:16,        0,  29.7,   2.0,  25.0,  5.393,  4.321,  0.024,4409355.5,  1,  21.4,   0.8, 0.100
2025-10-27 10:34:17,        0,  29.9,   2.8,  25.0,  1.829,  0.329,  0.001,4409866.4,  1,  21.4,   0.9, 0.100
2025-10-27 10:34:18,        0,  29.8,   2.5,  24.9,  3.044,  1.629,  0.007,4412247.7,  1,  21.4,   0.9, 0.100
2025-10-27 10:34:19,        0,  29.7,   2.0,  25.0,  1.366,  0.020,  0.000,4412288.7,  1,  21.4,   0.9, 0.100
2025-10-27 10:34:20,        0,  29.4,   1.2,  25.0,  1.217, -0.008,  0.000,4412282.0,  1,  21.4,   0.9, 0.100
2025-10-27 10:34:21,        0,  29.8,   2.5,  25.0,  1.173, -0.010,  0.000,4412272.4,  1,  21.4,   0.9, 0.100
2025-10-27 10:34:22,        0,  30.1,   3.2,  25.0,  1.137, -0.011,  0.000,4413573.7,  1,  21.4,   0.9, 0.100
2025-10-27 10:34:23,        0,  29.7,   2.0,  25.0,  5.477,  4.427,  0.024,4417935.2,  1,  21.4,   1.0, 0.100
2025-10-27 10:34:24,        0,  29.7,   2.0,  25.0,  1.587,  2.919,  0.014,4419650.1,  1,  21.4,   1.0, 0.100
2025-10-27 10:34:25,        0,  29.6,   1.7,  25.0,  1.407,  0.035,  0.000,4419772.1,  1,  21.3,   1.0, 0.100
2025-10-27 10:34:26,        0,  29.9,   2.7,  25.0,  1.256, -0.003,  0.000,4419769.6,  1,  21.4,   1.0, 0.100
2025-10-27 10:34:27,        0,  29.8,   2.4,  25.0,  2.872,  1.559,  0.007,4420483.3,  1,  21.4,   1.0, 0.100
2025-10-27 10:34:28,        0,  29.7,   2.0,  25.0,  3.956,  2.808,  0.015,4422627.0,  1,  21.3,   1.0, 0.100
2025-10-27 10:34:29,        0,  29.8,   2.5,  25.0,  1.457,  0.060,  0.000,4423187.3,  1,  21.3,   1.0, 0.100
2025-10-27 10:34:30,        0,  29.8,   2.4,  25.0,  1.263, -0.001,  0.000,4423190.2,  1,  21.4,   1.0, 0.100
2025-10-27 10:34:31,        0,  29.9,   2.7,  25.0,  2.112,  0.960,  0.005,4424809.6,  1,  21.4,   1.0, 0.100
2025-10-27 10:34:32,        0,  30.1,   3.2,  25.0,  5.420,  4.371,  0.024,77727001190.2,  1,  21.4,   1.0, 0.100
2025-10-27 10:34:33,        0,  29.6,   1.7,  25.0,  3.398,  2.042,  0.009,4431741.0,  1,  21.4,   1.0, 0.100
2025-10-27 10:34:34,        0,  29.7,   2.0,  25.0,  1.289,  0.003,  0.000,4431757.0,  1,  21.4,   1.0, 0.100
2025-10-27 10:34:35,        0,  29.3,   1.0,  25.0,  1.210, -0.007,  0.000,4431750.7,  1,  21.3,   1.0, 0.100
2025-10-27 10:34:36,        0,  29.7,   2.0,  25.0,  1.161, -0.009,  0.000,4431741.0,  1,  21.4,   1.0, 0.100
2025-10-27 10:34:37,        0,  29.8,   2.5,  25.0,  1.107, -0.011,  0.000,4431728.9,  1,  21.4,   1.0, 0.100
2025-10-27 10:34:38,        0,  29.7,   2.2,  25.0,  1.076, -0.011,  0.000,4431718.4,  1,  21.3,   1.0, 0.100
2025-10-27 10:34:39,        0,  29.7,   2.2,  25.0,  1.033, -0.011,  0.000,4431707.9,  1,  21.4,   1.0, 0.100
2025-10-27 10:34:40,        0,  29.6,   1.9,  25.0,  1.008, -0.011,  0.000,4431697.0,  1,  21.4,   1.0, 0.100
2025-10-27 10:34:41,        0,  29.8,   2.5,  25.0,  4.029,  2.796,  0.013,4433756.5,  1,  21.4,   1.0, 0.100
2025-10-27 10:34:42,        0,  29.7,   2.0,  25.0,  1.379,  0.030,  0.000,4434780.3,  1,  21.4,   1.0, 0.100
2025-10-27 10:34:43,        0,  29.8,   2.4,  25.0,  1.917,  0.445,  0.001,4436197.7,  1,  21.3,   1.0, 0.100
2025-10-27 10:34:44,        0,  29.5,   1.4,  25.0,  4.878,  3.780,  0.019,4438344.3,  1,  21.4,   1.0, 0.100
2025-10-27 10:34:45,        0,  29.7,   2.2,  25.0,  1.418,  0.050,  0.000,4438450.7,  1,  21.4,   1.0, 0.100
2025-10-27 10:34:46,        0,  29.6,   1.9,  25.0,  1.204, -0.006,  0.000,4438447.0,  1,  21.3,   1.0, 0.100
2025-10-27 10:34:47,        0,  29.7,   2.2,  25.0,  1.150, -0.009,  0.000,4439226.5,  1,  21.4,   1.0, 0.100
2025-10-27 10:34:48,        0,  30.0,   3.0,  25.0,  5.096,  4.070,  0.022,4441616.6,  1,  21.4,   1.0, 0.100
2025-10-27 10:34:49,        0,  29.6,   1.9,  25.0,  2.372,  0.929,  0.003,4443759.4,  1,  21.4,   0.9, 0.100
2025-10-27 10:34:50,        0,  28.8,   0.0,  25.0,  1.245,  0.001,  0.000,4443780.8,  1,  21.3,   1.0, 0.100
2025-10-27 10:34:51,        0,  29.7,   2.0,  25.0,  1.170, -0.007,  0.000,4443775.4,  1,  21.4,   0.9, 0.100
2025-10-27 10:34:52,        0,  29.7,   2.0,  25.0,  1.120, -0.009,  0.000,4443766.1,  1,  21.4,   0.9, 0.100
2025-10-27 10:34:53,        0,  29.8,   2.5,  24.9,  1.063, -0.009,  0.000,4443756.5,  1,  21.3,   0.9, 0.100
2025-10-27 10:34:54,        0,  29.8,   2.4,  25.0,  1.028, -0.010,  0.000,4444414.1,  1,  21.4,   0.9, 0.100
2025-10-27 10:34:55,        0,  29.8,   2.4,  25.0,  1.482,  0.100,  0.000,4445260.2,  1,  21.4,   0.9, 0.100
2025-10-27 10:34:56,        0,  29.7,   2.0,  25.0,  1.227,  0.002,  0.000,4445265.2,  1,  21.4,   0.9, 0.100
2025-10-27 10:34:57,        0,  30.0,   3.0,  25.0,  1.146, -0.006,  0.000,4445258.9,  1,  21.3,   0.9, 0.100
2025-10-27 10:34:58,        0,  29.9,   2.6,  25.0,  4.538,  3.439,  0.017,4448754.6,  1,  21.4,   0.9, 0.100
2025-10-27 10:34:59,        0,  29.7,   2.2,  24.9,  1.362,  0.042,  0.000,4448866.1,  1,  21.3,   0.9, 0.100
2025-10-27 10:35:00,        0,  29.6,   1.7,  25.0,  1.158, -0.005,  0.000,4448861.9,  1,  21.4,   0.9, 0.100
2025-10-27 10:35:01,        0,  29.8,   2.4,  25.0,  1.103, -0.008,  0.000,4448854.4,  1,  21.4,   0.9, 0.100
2025-10-27 10:35:02,        0,  29.7,   2.2,  25.0,  1.060, -0.009,  0.000,4448846.4,  1,  21.4,   0.9, 0.100
2025-10-27 10:35:03,        0,  29.7,   2.0,  25.0,  1.004, -0.009,  0.000,4448835.5,  1,  21.4,   0.9, 0.100
2025-10-27 10:35:04,        0,  29.7,   2.0,  25.0,  0.956, -0.010,  0.000,4448826.3,  1,  21.4,   1.0, 0.100
2025-10-27 10:35:05,        0,  29.8,   2.4,  25.0,  0.929, -0.010,  0.000,4448816.6,  1,  21.4,   1.0, 0.100
2025-10-27 10:35:06,        0,  29.8,   2.4,  25.0,  0.906, -0.010,  0.000,4448809.1,  1,  21.4,   1.0, 0.100
2025-10-27 10:35:07,        0,  29.9,   2.7,  25.0,  0.885, -0.010,  0.000,4449592.0,  1,  21.4,   1.0, 0.100
2025-10-27 10:35:08,        0,  29.8,   2.4,  25.0,  5.283,  4.378,  0.023,4453765.7,  1,  21.4,   1.0, 0.100
2025-10-27 10:35:09,        0,  29.7,   2.2,  25.0,  3.476,  2.271,  0.010,4456215.4,  1,  21.4,   1.0, 0.100
2025-10-27 10:35:10,        0,  29.3,   1.0,  25.0,  1.283,  0.027,  0.000,4456280.7,  1,  21.4,   1.0, 0.100
2025-10-27 10:35:11,        0,  29.5,   1.5,  25.0,  1.148, -0.002,  0.000,4456279.5,  1,  21.4,   1.0, 0.100
2025-10-27 10:35:12,        0,  29.7,   2.0,  25.0,  1.061, -0.008,  0.000,4456270.7,  1,  21.4,   1.0, 0.100
2025-10-27 10:35:13,        0,  29.7,   2.0,  25.0,  1.020, -0.009,  0.000,4456262.3,  1,  21.4,   1.0, 0.100
2025-10-27 10:35:14,        0,  29.8,   2.4,  25.0,  0.966, -0.008,  0.000,4456253.5,  1,  21.4,   1.0, 0.100
2025-10-27 10:35:15,        0,  29.7,   2.2,  25.0,  0.934, -0.009,  0.000,4456245.5,  1,  21.4,   1.0, 0.100
2025-10-27 10:35:16,        0,  29.7,   2.0,  25.0,  0.894, -0.010,  0.000,4456234.6,  1,  21.4,   1.0, 0.100
2025-10-27 10:35:17,        0,  28.5,   0.0,  25.0,  0.871, -0.010,  0.000,4456225.4,  1,  21.4,   1.0, 0.100
2025-10-27 10:35:18,        0,  29.7,   2.0,  25.0,  0.851, -0.010,  0.000,4456215.8,  1,  21.4,   1.0, 0.100
2025-10-27 10:35:19,        0,  29.7,   2.0,  24.9,  0.825, -0.010,  0.000,4456206.1,  1,  21.4,   1.0, 0.100
2025-10-27 10:35:20,        0,  29.6,   1.9,  25.0,  0.809, -0.009,  0.000,4456194.8,  1,  21.4,   1.0, 0.100
2025-10-27 10:35:21,        0,  29.7,   2.2,  25.0,  0.788, -0.010,  0.000,4456186.0,  1,  21.4,   1.0, 0.100
2025-10-27 10:35:22,        0,  29.7,   2.2,  25.0,  0.775, -0.010,  0.000,4456176.4,  1,  21.4,   1.0, 0.100
2025-10-27 10:35:23,        0,  29.8,   2.5,  25.0,  0.762, -0.010,  0.000,4456167.2,  1,  21.4,   0.9, 0.100
2025-10-27 10:35:24,        0,  29.9,   2.7,  24.9,  0.744, -0.009,  0.000,4456158.4,  1,  21.4,   0.9, 0.100
2025-10-27 10:35:25,        0,  29.8,   2.5,  25.0,  5.222,  4.378,  0.023,4460296.9,  1,  21.3,   1.0, 0.100
2025-10-27 10:35:26,        0,  29.7,   2.0,  25.0,  2.190,  0.876,  0.002,4462324.1,  1,  21.4,   1.0, 0.100
2025-10-27 10:35:27,        0,  29.6,   1.9,  25.0,  1.191,  0.016,  0.000,4462344.6,  1,  21.4,   0.9, 0.100
2025-10-27 10:35:28,        0,  29.5,   1.5,  24.9,  1.082, -0.005,  0.000,4462341.3,  1,  21.4,   0.9, 0.100
2025-10-27 10:35:29,        0,  29.6,   1.7,  25.0,  1.002, -0.008,  0.000,4462332.9,  1,  21.4,   0.9, 0.100
2025-10-27 10:35:30,        0,  29.6,   1.9,  24.9,  0.945, -0.008,  0.000,4462324.5,  1,  21.3,   0.9, 0.100
2025-10-27 10:35:31,        0,  29.6,   1.9,  25.0,  0.911, -0.008,  0.000,4462317.0,  1,  21.4,   0.9, 0.100
2025-10-27 10:35:32,        0,  29.7,   2.0,  25.0,  0.882, -0.008,  0.000,4462309.0,  1,  21.4,   1.0, 0.100
2025-10-27 10:35:33,        0,  29.7,   2.0,  25.0,  0.843, -0.009,  0.000,4462298.5,  1,  21.4,   0.9, 0.100
2025-10-27 10:35:34,        0,  29.7,   2.0,  25.0,  0.820, -0.009,  0.000,4462289.7,  1,  21.4,   0.9, 0.100
2025-10-27 10:35:35,        0,  29.7,   2.2,  25.0,  0.791, -0.009,  0.000,4462281.8,  1,  21.4,   0.9, 0.100
2025-10-27 10:35:36,        0,  29.7,   2.2,  24.9,  0.774, -0.009,  0.000,4462272.5,  1,  21.4,   0.9, 0.100
2025-10-27 10:35:37,        0,  29.7,   2.0,  24.9,  0.758, -0.009,  0.000,4462264.6,  1,  21.4,   0.9, 0.100
2025-10-27 10:35:38,        0,  29.6,   1.9,  25.0,  0.737, -0.009,  0.000,4462254.1,  1,  21.4,   0.9, 0.100
2025-10-27 10:35:39,        0,  29.7,   2.2,  25.0,  0.724, -0.009,  0.000,4462246.1,  1,  21.4,   0.9, 0.100
2025-10-27 10:35:40,        0,  29.8,   2.4,  24.9,  0.705, -0.009,  0.000,4462237.3,  1,  21.4,   0.9, 0.100
2025-10-27 10:35:41,        0,  29.8,   2.4,  25.0,  0.694, -0.009,  0.000,4462228.9,  1,  21.4,   0.9, 0.100
2025-10-27 10:35:42,        0,  29.7,   2.2,  24.9,  0.678, -0.009,  0.000,4462218.9,  1,  21.4,   0.9, 0.100
2025-10-27 10:35:43,        0,  29.7,   2.2,  25.0,  0.667, -0.008,  0.000,4462210.5,  1,  21.4,   0.9, 0.100
2025-10-27 10:35:44,        0,  29.7,   2.2,  25.0,  0.653, -0.009,  0.000,4462202.5,  1,  21.4,   0.9, 0.100
2025-10-27 10:35:45,        0,  29.9,   2.7,  25.0,  0.645, -0.009,  0.000,4462194.6,  1,  21.4,   0.9, 0.100
2025-10-27 10:35:46,        0,  29.7,   2.0,  24.9,  1.302,  0.081,  0.000,4463009.3,  1,  21.4,   0.9, 0.100
2025-10-27 10:35:47,        0,  29.9,   2.7,  25.0,  1.072,  0.003,  0.000,4463016.0,  1,  21.4,   0.9, 0.100
2025-10-27 10:35:48,        0,  29.8,   2.5,  24.9,  4.618,  3.723,  0.018,4465506.3,  1,  21.4,   1.0, 0.100
2025-10-27 10:35:49,        0,  29.7,   2.0,  24.9,  1.237,  0.049,  0.000,4465547.8,  1,  21.3,   1.0, 0.100
2025-10-27 10:35:50,        0,  29.7,   2.2,  25.0,  1.023, -0.004,  0.000,4465544.8,  1,  21.4,   1.0, 0.100
2025-10-27 10:35:51,        0,  29.7,   2.0,  24.9,  0.946, -0.007,  0.000,4465538.5,  1,  21.4,   1.0, 0.100
2025-10-27 10:35:52,        0,  29.7,   2.2,  25.0,  0.908, -0.007,  0.000,4465531.4,  1,  21.4,   1.0, 0.100
2025-10-27 10:35:53,        0,  29.7,   2.0,  24.9,  0.873, -0.007,  0.000,4465524.3,  1,  21.4,   1.0, 0.100
2025-10-27 10:35:54,        0,  29.7,   2.0,  24.9,  0.828, -0.008,  0.000,4465514.7,  1,  21.4,   1.0, 0.100
2025-10-27 10:35:55,        0,  29.8,   2.4,  24.9,  0.802, -0.008,  0.000,4465507.1,  1,  21.4,   1.0, 0.100
2025-10-27 10:35:56,        0,  29.7,   2.0,  24.9,  0.770, -0.009,  0.000,4465498.7,  1,  21.4,   1.0, 0.100
2025-10-27 10:35:57,        0,  29.8,   2.4,  24.9,  0.751, -0.009,  0.000,4465491.2,  1,  21.4,   1.0, 0.100
2025-10-27 10:35:58,        0,  29.7,   2.2,  24.9,  0.735, -0.009,  0.000,4465482.8,  1,  21.4,   1.0, 0.100
2025-10-27 10:35:59,        0,  29.7,   2.2,  24.9,  0.712, -0.008,  0.000,4465472.7,  1,  21.4,   1.0, 0.100
2025-10-27 10:36:00,        0,  29.8,   2.5,  24.9,  0.700, -0.009,  0.000,4465464.8,  1,  21.4,   1.0, 0.100
2025-10-27 10:36:01,        0,  29.7,   2.2,  24.9,  0.681, -0.009,  0.000,4465456.4,  1,  21.4,   1.0, 0.100
2025-10-27 10:36:02,        0,  29.7,   2.2,  25.0,  0.670, -0.008,  0.000,4465448.4,  1,  21.4,   1.0, 0.100
2025-10-27 10:36:03,        0,  29.7,   2.2,  24.9,  0.654, -0.008,  0.000,4465438.8,  1,  21.4,   1.0, 0.100
2025-10-27 10:36:04,        0,  29.8,   2.5,  24.9,  0.644, -0.008,  0.000,4465431.3,  1,  21.4,   1.0, 0.100
2025-10-27 10:36:05,        0,  29.8,   2.4,  24.9,  0.634, -0.009,  0.000,4465423.3,  1,  21.4,   1.0, 0.100
2025-10-27 10:36:06,        0,  29.7,   2.2,  24.9,  0.621, -0.008,  0.000,4465415.3,  1,  21.4,   1.0, 0.100
2025-10-27 10:36:07,        0,  29.8,   2.4,  24.9,  0.608, -0.009,  0.000,4465406.1,  1,  21.4,   1.0, 0.100
2025-10-27 10:36:08,        0,  29.8,   2.4,  24.9,  0.600, -0.008,  0.000,4465399.0,  1,  21.4,   0.9, 0.100
2025-10-27 10:36:09,        0,  29.8,   2.5,  25.0,  0.593, -0.008,  0.000,4465391.0,  1,  21.4,   1.0, 0.100
2025-10-27 10:36:10,        0,  29.8,   2.5,  24.9,  0.586, -0.008,  0.000,4465383.1,  1,  21.4,   1.0, 0.100
2025-10-27 10:36:11,        0,  29.8,   2.4,  24.9,  0.576, -0.008,  0.000,4465373.8,  1,  21.4,   1.0, 0.100
2025-10-27 10:36:12,        0,  29.9,   2.7,  24.9,  0.567, -0.008,  0.000,4465406.9,  1,  21.4,   0.9, 0.100
2025-10-27 10:36:13,        0,  29.9,   2.7,  25.0,  5.158,  4.375,  0.023,4469584.9,  1,  21.4,   1.0, 0.100
2025-10-27 10:36:14,        0,  29.6,   1.9,  24.9,  4.561,  3.662,  0.018,4472343.4,  1,  21.4,   1.0, 0.100
2025-10-27 10:36:15,        0,  29.4,   1.2,  24.9,  1.105,  0.012,  0.000,4472386.6,  1,  21.4,   0.9, 0.100
2025-10-27 10:36:16,        0,  29.5,   1.4,  24.9,  1.010, -0.004,  0.000,4472383.6,  1,  21.4,   1.0, 0.100
2025-10-27 10:36:17,        0,  29.5,   1.4,  24.9,  0.935, -0.007,  0.000,4472376.9,  1,  21.4,   1.0, 0.100
2025-10-27 10:36:18,        0,  29.5,   1.5,  24.9,  0.898, -0.008,  0.000,4472369.8,  1,  21.4,   0.9, 0.100
2025-10-27 10:36:19,        0,  29.5,   1.4,  24.9,  0.864, -0.007,  0.000,4472362.7,  1,  21.4,   0.9, 0.100
2025-10-27 10:36:20,        0,  29.5,   1.4,  25.0,  0.819, -0.008,  0.000,4472353.9,  1,  21.4,   0.9, 0.100
2025-10-27 10:36:21,        0,  29.5,   1.5,  24.9,  0.793, -0.008,  0.000,4472346.3,  1,  21.4,   0.9, 0.100
2025-10-27 10:36:22,        0,  29.5,   1.5,  24.9,  0.761, -0.009,  0.000,4472338.4,  1,  21.4,   0.9, 0.100
2025-10-27 10:36:23,        0,  29.5,   1.4,  25.0,  0.743, -0.008,  0.000,4472330.4,  1,  21.4,   1.0, 0.100
2025-10-27 10:36:24,        0,  29.6,   1.7,  25.0,  0.727, -0.008,  0.000,4472322.4,  1,  21.4,   1.0, 0.100
2025-10-27 10:36:25,        0,  29.5,   1.5,  24.9,  0.705, -0.008,  0.000,4472312.8,  1,  21.4,   0.9, 0.100
2025-10-27 10:36:26,        0,  29.6,   1.7,  24.9,  0.691, -0.009,  0.000,4472304.8,  1,  21.4,   1.0, 0.100
2025-10-27 10:36:27,        0,  29.4,   1.2,  24.9,  0.672, -0.009,  0.000,4472296.9,  1,  21.4,   1.0, 0.100
2025-10-27 10:36:28,        0,  29.6,   1.7,  25.0,  0.661, -0.008,  0.000,4472288.9,  1,  21.4,   1.0, 0.100
2025-10-27 10:36:29,        0,  29.5,   1.4,  25.0,  0.644, -0.008,  0.000,4472279.7,  1,  21.4,   1.0, 0.100
2025-10-27 10:36:30,        0,  29.6,   1.7,  24.9,  0.633, -0.008,  0.000,4472271.7,  1,  21.4,   1.0, 0.100
2025-10-27 10:36:31,        0,  29.5,   1.5,  24.9,  0.620, -0.008,  0.000,4472264.2,  1,  21.4,   1.0, 0.100
2025-10-27 10:36:32,        0,  29.5,   1.5,  24.9,  0.610, -0.008,  0.000,4472256.6,  1,  21.4,   0.9, 0.100
2025-10-27 10:36:33,        0,  29.6,   1.7,  24.9,  0.597, -0.008,  0.000,4472247.4,  1,  21.4,   0.9, 0.100
2025-10-27 10:36:34,        0,  29.6,   1.7,  24.9,  0.589, -0.008,  0.000,4472240.3,  1,  21.4,   0.9, 0.100
2025-10-27 10:36:35,        0,  29.5,   1.5,  24.9,  0.583, -0.007,  0.000,4472233.2,  1,  21.4,   0.9, 0.100
2025-10-27 10:36:36,        0,  29.5,   1.4,  24.9,  0.571, -0.007,  0.000,4472226.0,  1,  21.4,   1.0, 0.100
2025-10-27 10:36:37,        0,  29.6,   1.7,  24.9,  0.565, -0.007,  0.000,4472218.9,  1,  21.4,   1.0, 0.100
2025-10-27 10:36:38,        0,  29.6,   1.7,  24.9,  0.555, -0.007,  0.000,4472210.5,  1,  21.4,   0.9, 0.100
2025-10-27 10:36:39,        0,  29.6,   1.9,  24.9,  0.548, -0.007,  0.000,4472203.4,  1,  21.4,   1.0, 0.100
2025-10-27 10:36:40,        0,  29.6,   1.9,  24.9,  0.542, -0.007,  0.000,4472195.5,  1,  21.4,   0.9, 0.100
2025-10-27 10:36:41,        0,  29.6,   1.9,  24.9,  0.534, -0.007,  0.000,4472188.7,  1,  21.4,   0.9, 0.100
2025-10-27 10:36:42,        0,  29.6,   1.7,  24.9,  0.529, -0.007,  0.000,4472180.4,  1,  21.4,   0.9, 0.100
2025-10-27 10:36:43,        0,  29.6,   1.7,  24.9,  0.521, -0.007,  0.000,4472173.2,  1,  21.4,   1.0, 0.100
2025-10-27 10:36:44,        0,  29.6,   1.7,  24.9,  0.517, -0.007,  0.000,4472166.5,  1,  21.4,   0.9, 0.100
2025-10-27 10:36:45,        0,  29.6,   1.9,  25.0,  0.511, -0.007,  0.000,4472159.8,  1,  21.4,   1.0, 0.100
2025-10-27 10:36:46,        0,  29.6,   1.7,  24.9,  0.505, -0.007,  0.000,4472153.1,  1,  21.4,   0.9, 0.100
2025-10-27 10:36:47,        0,  29.6,   1.7,  24.9,  0.498, -0.007,  0.000,4472145.2,  1,  21.4,   0.9, 0.100
2025-10-27 10:36:48,        0,  29.7,   2.0,  24.9,  0.494, -0.007,  0.000,4472138.5,  1,  21.4,   0.9, 0.100
2025-10-27 10:36:49,        0,  29.6,   1.7,  24.9,  0.490, -0.007,  0.000,4472132.2,  1,  21.4,   1.0, 0.100
2025-10-27 10:36:50,        0,  29.6,   1.9,  24.9,  0.486, -0.007,  0.000,4472125.5,  1,  21.4,   0.9, 0.100
2025-10-27 10:36:51,        0,  29.6,   1.9,  24.9,  0.480, -0.007,  0.000,4472117.9,  1,  21.4,   1.0, 0.100
2025-10-27 10:36:52,        0,  29.6,   1.9,  25.0,  0.475, -0.007,  0.000,4472111.6,  1,  21.4,   1.0, 0.100
2025-10-27 10:36:53,        0,  29.6,   1.9,  24.9,  0.472, -0.007,  0.000,4472104.9,  1,  21.4,   1.0, 0.100
2025-10-27 10:36:54,        0,  29.6,   1.9,  24.9,  0.468, -0.007,  0.000,4472098.6,  1,  21.4,   1.0, 0.100
2025-10-27 10:36:55,        0,  29.6,   1.9,  24.9,  0.463, -0.007,  0.000,4472092.8,  1,  21.3,   1.0, 0.100
2025-10-27 10:36:56,        0,  29.6,   1.9,  24.9,  0.460, -0.006,  0.000,4472085.6,  1,  21.4,   1.0, 0.100
2025-10-27 10:36:57,        0,  29.6,   1.9,  25.0,  0.455, -0.007,  0.000,4472079.4,  1,  21.4,   1.0, 0.100
2025-10-27 10:36:58,        0,  29.7,   2.0,  24.9,  0.452, -0.007,  0.000,4472073.1,  1,  21.4,   1.0, 0.100
2025-10-27 10:36:59,        0,  29.6,   1.9,  24.9,  0.449, -0.007,  0.000,4472066.8,  1,  21.4,   1.0, 0.100
2025-10-27 10:37:00,        0,  29.6,   1.9,  24.9,  0.444, -0.006,  0.000,4472059.7,  1,  21.4,   1.0, 0.100
2025-10-27 10:37:01,        0,  29.7,   2.0,  24.9,  0.441, -0.006,  0.000,4472053.4,  1,  21.4,   1.0, 0.100
2025-10-27 10:37:02,        0,  29.6,   1.9,  24.9,  0.437, -0.006,  0.000,4472047.9,  1,  21.4,   1.0, 0.100
2025-10-27 10:37:03,        0,  29.7,   2.0,  24.9,  0.435, -0.006,  0.000,4472041.6,  1,  21.4,   1.0, 0.100
2025-10-27 10:37:04,        0,  29.6,   1.9,  24.9,  0.431, -0.006,  0.000,4472035.8,  1,  21.4,   1.0, 0.100
2025-10-27 10:37:05,        0,  29.6,   1.9,  24.9,  0.428, -0.006,  0.000,4472028.7,  1,  21.4,   1.0, 0.100
2025-10-27 10:37:06,        0,  29.6,   1.7,  24.9,  0.424, -0.006,  0.000,4472023.2,  1,  21.4,   1.0, 0.100
2025-10-27 10:37:07,        0,  29.6,   1.9,  24.9,  0.421, -0.006,  0.000,4472017.3,  1,  21.4,   1.0, 0.100
2025-10-27 10:37:08,        0,  29.6,   1.9,  24.9,  0.419, -0.006,  0.000,4472011.5,  1,  21.4,   1.0, 0.100
2025-10-27 10:37:09,        0,  29.6,   1.9,  24.9,  0.415, -0.005,  0.000,4472004.8,  1,  21.4,   1.0, 0.100
2025-10-27 10:37:10,        0,  29.7,   2.0,  24.9,  0.412, -0.006,  0.000,4471999.7,  1,  21.4,   1.0, 0.100
2025-10-27 10:37:11,        0,  29.6,   1.9,  24.9,  0.409, -0.006,  0.000,4471993.9,  1,  21.4,   1.0, 0.100
2025-10-27 10:37:12,        0,  29.7,   2.0,  24.9,  0.406, -0.006,  0.000,4471988.8,  1,  21.4,   1.0, 0.100
2025-10-27 10:37:13,        0,  29.6,   1.9,  24.9,  0.403, -0.006,  0.000,4471982.1,  1,  21.4,   1.0, 0.100
2025-10-27 10:37:14,        0,  29.7,   2.0,  24.9,  0.401, -0.005,  0.000,4471976.3,  1,  21.4,   1.0, 0.100
2025-10-27 10:37:15,        0,  29.7,   2.0,  24.9,  0.398, -0.005,  0.000,4471971.2,  1,  21.4,   1.0, 0.100
2025-10-27 10:37:16,        0,  29.7,   2.2,  24.9,  0.396, -0.005,  0.000,4471965.8,  1,  21.4,   1.0, 0.100
2025-10-27 10:37:17,        0,  29.6,   1.7,  24.9,  0.393, -0.006,  0.000,4471959.9,  1,  21.4,   1.0, 0.100
2025-10-27 10:37:18,        0,  29.7,   2.0,  24.9,  0.390, -0.005,  0.000,4471954.1,  1,  21.4,   1.0, 0.100
2025-10-27 10:37:19,        0,  29.7,   2.0,  24.9,  0.387, -0.005,  0.000,4471948.6,  1,  21.4,   1.0, 0.100
2025-10-27 10:37:20,        0,  29.7,   2.0,  24.9,  0.385, -0.005,  0.000,4471943.6,  1,  21.4,   1.0, 0.100
2025-10-27 10:37:21,        0,  29.6,   1.9,  24.9,  0.383, -0.005,  0.000,4471937.3,  1,  21.4,   1.0, 0.100
2025-10-27 10:37:22,        0,  29.7,   2.0,  24.9,  0.380, -0.005,  0.000,4471931.8,  1,  21.4,   1.0, 0.100
2025-10-27 10:37:23,        0,  29.7,   2.2,  24.9,  0.377, -0.005,  0.000,4471927.2,  1,  21.4,   1.0, 0.100
2025-10-27 10:37:24,        0,  29.7,   2.0,  24.9,  0.375, -0.006,  0.000,4471921.4,  1,  21.4,   1.0, 0.100
2025-10-27 10:37:25,        0,  29.7,   2.0,  24.9,  0.373, -0.005,  0.000,4471916.8,  1,  21.4,   1.0, 0.100
2025-10-27 10:37:26,        0,  29.7,   2.0,  24.9,  0.371, -0.005,  0.000,4471910.5,  1,  21.4,   1.0, 0.100
2025-10-27 10:37:27,        0,  29.7,   2.0,  24.9,  0.368, -0.005,  0.000,4471905.9,  1,  21.4,   1.0, 0.100
2025-10-27 10:37:28,        0,  29.6,   1.9,  24.9,  0.365, -0.005,  0.000,4471900.8,  1,  21.4,   1.0, 0.100
2025-10-27 10:37:29,        0,  29.7,   2.0,  24.8,  0.363, -0.005,  0.000,4471896.2,  1,  21.3,   1.0, 0.100
2025-10-27 10:37:30,        0,  29.7,   2.0,  24.9,  0.361, -0.005,  0.000,4471890.3,  1,  21.4,   1.0, 0.100
2025-10-27 10:37:31,        0,  29.7,   2.2,  24.9,  0.359, -0.005,  0.000,4471885.7,  1,  21.4,   1.0, 0.100
2025-10-27 10:37:32,        0,  29.6,   1.9,  24.9,  0.356, -0.005,  0.000,4471880.3,  1,  21.4,   1.0, 0.100
2025-10-27 10:37:33,        0,  29.7,   2.0,  24.9,  0.354, -0.005,  0.000,4471875.7,  1,  21.4,   0.9, 0.100
2025-10-27 10:37:34,        0,  29.7,   2.0,  24.9,  0.351, -0.005,  0.000,4471869.8,  1,  21.4,   1.0, 0.100
2025-10-27 10:37:35,        0,  29.7,   2.0,  24.9,  0.349, -0.005,  0.000,4471865.2,  1,  21.4,   1.0, 0.100
2025-10-27 10:37:36,        0,  29.6,   1.9,  24.9,  0.347, -0.005,  0.000,4471860.6,  1,  21.4,   1.0, 0.100
2025-10-27 10:37:37,        0,  29.7,   2.2,  24.9,  0.344, -0.005,  0.000,4471856.0,  1,  21.4,   1.0, 0.100
2025-10-27 10:37:38,        0,  29.7,   2.0,  24.9,  0.342, -0.005,  0.000,4471850.5,  1,  21.4,   1.0, 0.100
2025-10-27 10:37:39,        0,  29.7,   2.2,  24.9,  0.340, -0.005,  0.000,4471845.9,  1,  21.4,   1.0, 0.100
2025-10-27 10:37:40,        0,  29.7,   2.2,  24.9,  0.339, -0.005,  0.000,4471841.3,  1,  21.4,   1.0, 0.100
2025-10-27 10:37:41,        0,  29.7,   2.2,  24.9,  0.337, -0.005,  0.000,4471836.3,  1,  21.4,   1.0, 0.100
2025-10-27 10:37:42,        0,  29.7,   2.2,  24.9,  0.334, -0.004,  0.000,4471830.8,  1,  21.4,   1.0, 0.100
2025-10-27 10:37:43,        0,  29.7,   2.2,  24.9,  0.332, -0.004,  0.000,4471826.6,  1,  21.4,   1.0, 0.100
2025-10-27 10:37:44,        0,  29.7,   2.2,  24.9,  0.330, -0.005,  0.000,4471822.5,  1,  21.4,   1.0, 0.100
2025-10-27 10:37:45,        0,  29.7,   2.2,  24.9,  0.328, -0.005,  0.000,4471817.4,  1,  21.4,   1.0, 0.100
2025-10-27 10:37:46,        0,  29.7,   2.2,  24.9,  0.326, -0.005,  0.000,4471813.2,  1,  21.4,   1.0, 0.100
2025-10-27 10:37:47,        0,  29.7,   2.2,  24.9,  0.324, -0.005,  0.000,4471807.8,  1,  21.4,   1.0, 0.100
2025-10-27 10:37:48,        0,  29.7,   2.2,  24.9,  0.322, -0.005,  0.000,4471803.6,  1,  21.4,   1.0, 0.100
2025-10-27 10:37:49,        0,  29.7,   2.2,  24.9,  0.320, -0.004,  0.000,4471799.4,  1,  21.4,   1.0, 0.100
2025-10-27 10:37:50,        0,  29.7,   2.2,  24.9,  0.317, -0.005,  0.000,4471794.8,  1,  21.4,   1.0, 0.100
2025-10-27 10:37:51,        0,  29.7,   2.2,  24.9,  0.315, -0.005,  0.000,4471789.3,  1,  21.4,   1.0, 0.100
2025-10-27 10:37:52,        0,  29.7,   2.2,  24.9,  0.314, -0.005,  0.000,4471785.2,  1,  21.4,   1.0, 0.100
2025-10-27 10:37:53,        0,  29.7,   2.2,  24.9,  0.311, -0.005,  0.000,4471781.0,  1,  21.4,   1.0, 0.100
2025-10-27 10:37:54,        0,  29.7,   2.2,  24.9,  0.310, -0.004,  0.000,4471776.8,  1,  21.4,   1.0, 0.100
2025-10-27 10:37:55,        0,  29.7,   2.2,  24.9,  0.307, -0.005,  0.000,4471771.7,  1,  21.3,   1.0, 0.100
2025-10-27 10:37:56,        0,  29.7,   2.2,  24.9,  0.306, -0.004,  0.000,4471767.6,  1,  21.4,   1.0, 0.100
2025-10-27 10:37:57,        0,  29.7,   2.2,  24.9,  0.304, -0.005,  0.000,4471763.8,  1,  21.4,   1.0, 0.100
2025-10-27 10:37:58,        0,  29.7,   2.2,  24.8,  0.302, -0.004,  0.000,4471759.6,  1,  21.4,   1.0, 0.100
2025-10-27 10:37:59,        0,  29.7,   2.2,  24.9,  0.300, -0.004,  0.000,4471755.4,  1,  21.4,   1.0, 0.100
2025-10-27 10:38:00,        0,  29.7,   2.2,  24.9,  0.297, -0.004,  0.000,4471750.4,  1,  21.3,   0.9, 0.100
2025-10-27 10:38:01,        0,  29.7,   2.0,  24.9,  0.296, -0.004,  0.000,4471746.6,  1,  21.4,   0.9, 0.100
2025-10-27 10:38:02,        0,  29.7,   2.2,  24.9,  0.294, -0.004,  0.000,4471742.8,  1,  21.4,   0.9, 0.100
2025-10-27 10:38:03,        0,  29.7,   2.2,  24.9,  0.292, -0.004,  0.000,4471738.6,  1,  21.4,   0.9, 0.100
2025-10-27 10:38:04,        0,  29.7,   2.2,  24.8,  0.291, -0.005,  0.000,4471734.0,  1,  21.4,   0.9, 0.100
2025-10-27 10:38:05,        0,  29.8,   2.4,  24.9,  0.289, -0.004,  0.000,4471730.3,  1,  21.4,   0.9, 0.100
2025-10-27 10:38:06,        0,  29.7,   2.2,  24.9,  0.287, -0.004,  0.000,4471726.5,  1,  21.4,   0.9, 0.100
2025-10-27 10:38:07,        0,  29.7,   2.2,  24.9,  0.286, -0.004,  0.000,4471722.7,  1,  21.4,   0.9, 0.100
2025-10-27 10:38:08,        0,  29.7,   2.0,  24.9,  0.283, -0.004,  0.000,4471718.5,  1,  21.4,   0.9, 0.100
2025-10-27 10:38:09,        0,  29.7,   2.2,  24.9,  0.281, -0.004,  0.000,4471713.9,  1,  21.4,   0.9, 0.100
2025-10-27 10:38:10,        0,  29.8,   2.4,  24.9,  0.280, -0.004,  0.000,4471709.7,  1,  21.4,   0.9, 0.100
2025-10-27 10:38:11,        0,  29.8,   2.4,  24.9,  0.278, -0.004,  0.000,4471705.9,  1,  21.4,   0.9, 0.100
2025-10-27 10:38:12,        0,  29.8,   2.4,  24.9,  0.277, -0.004,  0.000,4471702.2,  1,  21.4,   0.9, 0.100
2025-10-27 10:38:13,        0,  29.7,   2.0,  24.9,  0.274, -0.004,  0.000,4471697.1,  1,  21.4,   0.9, 0.100
2025-10-27 10:38:14,        0,  29.8,   2.4,  24.9,  0.273, -0.004,  0.000,4471693.8,  1,  21.4,   0.9, 0.100
2025-10-27 10:38:15,        0,  29.8,   2.4,  24.9,  0.271, -0.004,  0.000,4471690.0,  1,  21.4,   0.9, 0.100
2025-10-27 10:38:16,        0,  29.7,   2.2,  24.9,  0.269, -0.004,  0.000,4471686.2,  1,  21.4,   0.9, 0.100
2025-10-27 10:38:17,        0,  29.7,   2.2,  24.8,  0.268, -0.004,  0.000,4471681.6,  1,  21.4,   0.9, 0.100
2025-10-27 10:38:18,        0,  29.7,   2.2,  24.8,  0.266, -0.004,  0.000,4471678.3,  1,  21.4,   0.9, 0.100
2025-10-27 10:38:19,        0,  29.7,   2.2,  24.9,  0.264, -0.004,  0.000,4471674.5,  1,  21.4,   1.0, 0.100
2025-10-27 10:38:20,        0,  29.8,   2.4,  24.9,  0.263, -0.004,  0.000,4471671.2,  1,  21.4,   1.0, 0.100
2025-10-27 10:38:21,        0,  29.8,   2.4,  24.9,  0.261, -0.004,  0.000,4471667.0,  1,  21.4,   1.0, 0.100
2025-10-27 10:38:22,        0,  29.8,   2.4,  24.9,  0.260, -0.004,  0.000,4471663.2,  1,  21.4,   1.0, 0.100
2025-10-27 10:38:23,        0,  29.7,   2.2,  24.9,  0.258, -0.004,  0.000,4471659.8,  1,  21.4,   0.9, 0.100
2025-10-27 10:38:24,        0,  29.8,   2.4,  24.9,  0.257, -0.004,  0.000,4471655.7,  1,  21.4,   1.0, 0.100
2025-10-27 10:38:25,        0,  29.7,   2.2,  24.8,  0.255, -0.003,  0.000,4471653.1,  1,  21.4,   1.0, 0.100
2025-10-27 10:38:26,        0,  29.8,   2.4,  24.8,  0.254, -0.003,  0.000,4471648.5,  1,  21.4,   1.0, 0.100
2025-10-27 10:38:27,        0,  29.7,   2.2,  24.9,  0.252, -0.003,  0.000,4471645.2,  1,  21.4,   1.0, 0.100
2025-10-27 10:38:28,        0,  29.8,   2.4,  24.8,  0.251, -0.003,  0.000,4471641.8,  1,  21.4,   1.0, 0.100
2025-10-27 10:38:29,        0,  29.8,   2.4,  24.9,  0.250, -0.004,  0.000,4471638.5,  1,  21.4,   1.0, 0.100
2025-10-27 10:38:30,        0,  29.8,   2.4,  24.9,  0.248, -0.003,  0.000,4471634.3,  1,  21.4,   1.0, 0.100
2025-10-27 10:38:31,        0,  29.8,   2.4,  24.8,  0.247, -0.004,  0.000,4471631.3,  1,  21.4,   1.0, 0.100
2025-10-27 10:38:32,        0,  29.8,   2.4,  24.8,  0.245, -0.003,  0.000,4471628.0,  1,  21.4,   1.0, 0.100
2025-10-27 10:38:33,        0,  29.7,   2.2,  24.9,  0.245, -0.004,  0.000,4471625.5,  1,  21.4,   1.0, 0.100
2025-10-27 10:38:34,        0,  29.8,   2.4,  24.9,  0.243, -0.003,  0.000,4471620.9,  1,  21.4,   1.0, 0.100
2025-10-27 10:38:35,        0,  29.8,   2.4,  24.9,  0.241, -0.003,  0.000,4471617.5,  1,  21.4,   1.0, 0.100
2025-10-27 10:38:36,        0,  29.8,   2.4,  24.9,  0.240, -0.003,  0.000,4471614.2,  1,  21.4,   1.0, 0.100
2025-10-27 10:38:37,        0,  29.8,   2.4,  24.9,  0.239, -0.003,  0.000,4471611.7,  1,  21.3,   1.0, 0.100
2025-10-27 10:38:38,        0,  29.8,   2.4,  24.9,  0.237, -0.003,  0.000,4471608.3,  1,  21.4,   1.0, 0.100
2025-10-27 10:38:39,        0,  29.8,   2.4,  24.9,  0.236, -0.003,  0.000,4471604.5,  1,  21.4,   1.0, 0.100
2025-10-27 10:38:40,        0,  29.8,   2.4,  24.9,  0.235, -0.003,  0.000,4471601.6,  1,  21.4,   1.0, 0.100
2025-10-27 10:38:41,        0,  29.8,   2.4,  24.9,  0.234, -0.003,  0.000,4471598.2,  1,  21.4,   1.0, 0.100
2025-10-27 10:38:42,        0,  29.8,   2.4,  24.9,  0.233, -0.003,  0.000,4471595.3,  1,  21.4,   1.0, 0.100
2025-10-27 10:38:43,        0,  29.8,   2.4,  24.9,  0.232, -0.003,  0.000,4471591.1,  1,  21.4,   1.0, 0.100
