Time, Cnts,  %T, set_Cell[mA], Cell[°C], Cell[Volt], Cell[mA], Cell[W], Cell[uAs], Cell_ON, Env[°C], TEC[°C], N2Flow[slpm]
2025-11-11 12:44:23,        0,  29.5,   1.6,  25.0,  0.460, -0.006,  0.000,     -2.3,  1,  22.4,   1.0, 0.100
2025-11-11 12:44:24,        0,  29.5,   1.6,  25.0,  0.450, -0.005,  0.000,     -7.4,  1,  22.4,   1.0, 0.100
2025-11-11 12:44:26,        0,  29.5,   1.6,  25.0,  0.444, -0.006,  0.000,    -14.3,  1,  22.4,   1.0, 0.100
2025-11-11 12:44:26,        0,  29.5,   1.6,  25.0,  0.435, -0.005,  0.000,    -19.7,  1,  22.5,   1.1, 0.100
2025-11-11 12:44:27,        0,  29.6,   1.8,  25.0,  0.429, -0.005,  0.000,    -25.2,  1,  22.5,   1.1, 0.100
2025-11-11 12:44:28,        0,  29.6,   1.8,  25.0,  0.423, -0.005,  0.000,    -30.3,  1,  22.4,   1.0, 0.100
2025-11-11 12:44:30,        0,  29.6,   1.8,  25.0,  0.414, -0.005,  0.000,    -36.6,  1,  22.5,   1.0, 0.100
2025-11-11 12:44:30,        0,  29.6,   1.8,  25.0,  0.409, -0.005,  0.000,    -41.8,  1,  22.5,   1.0, 0.099
2025-11-11 12:44:31,        0,  29.6,   1.8,  25.0,  0.402, -0.005,  0.000,    -46.9,  1,  22.5,   1.0, 0.099
2025-11-11 12:44:32,        0,  29.5,   1.6,  25.0,  0.397, -0.005,  0.000,    -51.8,  1,  22.4,   1.0, 0.099
2025-11-11 12:44:34,        0,  29.6,   1.8,  25.0,  0.390, -0.005,  0.000,    -57.8,  1,  22.5,   1.0, 0.099
2025-11-11 12:44:34,        0,  29.7,   2.0,  25.0,  0.384, -0.005,  0.000,    -62.7,  1,  22.4,   1.0, 0.099
2025-11-11 12:44:35,        0,  29.7,   2.0,  25.0,  0.380, -0.005,  0.000,    -67.5,  1,  22.5,   1.0, 0.099
2025-11-11 12:44:36,        0,  29.7,   2.0,  25.0,  0.373, -0.005,  0.000,    -72.4,  1,  22.4,   1.0, 0.099
2025-11-11 12:44:38,        0,  29.7,   2.0,  25.0,  0.367, -0.005,  0.000,    -78.1,  1,  22.4,   1.0, 0.099
2025-11-11 12:44:38,        0,  29.6,   1.8,  25.0,  0.364, -0.005,  0.000,    -82.7,  1,  22.5,   1.0, 0.099
2025-11-11 12:44:39,        0,  29.7,   2.1,  25.0,  0.359, -0.005,  0.000,    -87.0,  1,  22.5,   0.9, 0.099
2025-11-11 12:44:40,        0,  29.7,   2.1,  25.0,  0.356, -0.004,  0.000,    -91.6,  1,  22.5,   0.9, 0.099
2025-11-11 12:44:41,        0,  29.7,   2.1,  25.0,  0.350, -0.005,  0.000,    -96.4,  1,  22.5,   0.9, 0.099
2025-11-11 12:44:42,        0,  29.9,   2.6,  25.0,  0.345, -0.005,  0.000,   -101.9,  1,  22.5,   0.9, 0.099
2025-11-11 12:44:43,        0,  30.0,   3.0,  25.0,  6.196,  4.229,  0.027,   2273.1,  1,  22.5,   0.9, 0.099
2025-11-11 12:44:44,        0,  30.0,   3.1,  25.0,  7.099,  4.927,  0.035,   6748.3,  1,  22.5,   0.9, 0.099
2025-11-11 12:44:45,        0,  30.3,   3.8,  25.0,  6.959,  4.803,  0.033,  11312.8,  1,  22.5,   0.9, 0.099
2025-11-11 12:44:46,        0,  30.6,   4.8,  25.0,  7.694,  5.454,  0.042,  17691.4,  1,  22.4,   0.9, 0.100
2025-11-11 12:44:47,        0,  31.5,   7.6,  25.0, 10.581,  8.024,  0.086,  24501.8,  1,  22.4,   0.8, 0.103
2025-11-11 12:44:48,        0,  32.3,   9.9,  25.0, 12.921, 10.114,  0.134,  34141.2,  1,  22.4,   0.9, 0.121
2025-11-11 12:44:49,        0,  33.8,  14.3,  25.0, 13.579, 10.716,  0.147,  45036.2,  1,  22.4,   0.8, 0.103
2025-11-11 12:44:51,        0,  33.5,  13.5,  25.0, 19.290, 15.865,  0.307,  63769.9,  1,  22.4,   0.8, 0.100
2025-11-11 12:44:51,        0,  34.3,  15.8,  25.0, 23.153, 19.377,  0.454,  80789.6,  1,  22.4,   0.8, 0.099
2025-11-11 12:44:52,        0,  35.4,  19.3,  25.0, 26.826, 22.758,  0.615, 100689.1,  1,  22.4,   0.8, 0.099
2025-11-11 12:44:53,        0,  37.3,  24.8,  25.0, 29.891, 25.636,  0.766, 124069.4,  1,  22.4,   0.8, 0.099
2025-11-11 12:44:55,        0,  37.6,  25.9,  25.0, 33.047, 28.665,  0.948, 155346.7,  1,  22.4,   0.9, 0.099
2025-11-11 12:44:55,        0,  38.2,  27.7,  25.0, 35.007, 30.591,  1.073, 183165.6,  1,  22.4,   0.9, 0.099
2025-11-11 12:44:56,        0,  39.7,  32.2,  25.0, 37.595, 33.115,  1.247, 215563.5,  1,  22.4,   0.9, 0.099
2025-11-11 12:44:57,        0,  40.2,  33.5,  25.0, 36.302, 32.213,  1.190, 248254.7,  1,  22.4,   0.9, 0.099
2025-11-11 12:44:59,        0,  39.9,  32.8,  25.0, 40.578, 36.345,  1.476, 290501.7,  1,  22.4,   0.9, 0.099
2025-11-11 12:44:59,        0,  39.4,  31.3,  25.0, 49.840, 45.523,  2.269, 330825.2,  1,  22.4,   0.9, 0.099
2025-11-11 12:45:00,        0,  39.8,  32.5,  25.0, 43.822, 40.025,  1.774, 367653.2,  1,  22.4,   0.9, 0.099
2025-11-11 12:45:01,        0,  42.7,  41.1,  25.0, 46.540, 42.765,  1.999, 406060.4,  1,  22.4,   0.9, 0.099
2025-11-11 12:45:03,        0,  41.6,  37.9,  25.0, 44.919, 41.512,  1.879, 456905.1,  1,  22.4,   0.9, 0.099
2025-11-11 12:45:03,        0,  42.6,  40.9,  25.1, 48.899, 45.605,  2.235, 501383.4,  1,  22.6,   1.0, 0.100
2025-11-11 12:45:04,        0,  44.5,  46.5,  25.0, 44.252, 41.361,  1.840, 544031.0,  1,  22.4,   1.0, 0.104
2025-11-11 12:45:05,        0,  42.6,  40.7,  25.0, 52.036, 49.309,  2.567, 591392.9,  1,  22.4,   1.0, 0.103
2025-11-11 12:45:07,        0,  42.6,  40.9,  25.0, 41.593, 39.100,  1.626, 639672.1,  1,  22.4,   1.0, 0.101
2025-11-11 12:45:07,        0,  42.9,  41.7,  25.0, 48.343, 45.852,  2.217, 684160.2,  1,  22.4,   1.0, 0.100
2025-11-11 12:45:08,        0,  42.5,  40.6,  25.0, 48.557, 46.226,  2.248, 725176.6,  1,  22.4,   1.0, 0.100
2025-11-11 12:45:09,        0,  39.1,  30.2,  25.0, 48.417, 46.136,  2.236, 768507.1,  1,  22.4,   1.0, 0.100
2025-11-11 12:45:11,        0,  35.9,  20.6,  25.0, 41.068, 38.758,  1.605, 811430.8,  1,  22.4,   1.0, 0.100
2025-11-11 12:45:11,        0,  39.2,  30.5,  25.0, 44.864, 42.428,  1.917, 845056.9,  1,  22.4,   1.0, 0.100
2025-11-11 12:45:12,        0,  37.6,  25.7,  25.0, 43.033, 40.595,  1.750, 879982.1,  1,  22.4,   1.0, 0.100
2025-11-11 12:45:13,        0,  40.2,  33.5,  25.0, 29.361, 26.980,  0.797, 909444.6,  1,  22.4,   1.0, 0.100
2025-11-11 12:45:15,        0,  34.8,  17.5,  25.0, 37.928, 35.358,  1.351, 950108.8,  1,  22.4,   1.0, 0.100
2025-11-11 12:45:15,        0,  39.5,  31.5,  25.0, 40.802, 38.096,  1.557, 980695.1,  1,  22.4,   1.0, 0.100
2025-11-11 12:45:16,        0,  42.3,  39.9,  25.0, 38.079, 35.427,  1.353,1014204.6,  1,  22.4,   1.0, 0.100
2025-11-11 12:45:17,        0,  38.0,  26.9,  25.0, 33.747, 31.225,  1.060,1045766.6,  1,  22.4,   1.0, 0.100
2025-11-11 12:45:19,        0,  39.1,  30.2,  25.1, 35.532, 32.839,  1.169,1083816.1,  1,  22.4,   1.0, 0.100
2025-11-11 12:45:19,        0,  38.2,  27.5,  25.1, 29.859, 27.299,  0.828,1111148.7,  1,  22.4,   1.0, 0.100
2025-11-11 12:45:20,        0,  38.3,  28.0,  25.0, 30.679, 27.956,  0.858,1138996.7,  1,  22.4,   0.9, 0.100
2025-11-11 12:45:21,        0,  36.8,  23.4,  25.1, 34.398, 31.576,  1.086,1168839.2,  1,  22.4,   1.0, 0.100
2025-11-11 12:45:23,        0,  38.6,  28.9,  25.1, 31.593, 28.779,  0.909,1201065.2,  1,  22.4,   0.9, 0.100
2025-11-11 12:45:23,        0,  36.4,  22.1,  25.1, 31.270, 28.424,  0.891,1228378.5,  1,  22.4,   0.9, 0.100
2025-11-11 12:45:24,        0,  35.9,  20.8,  25.0, 32.543, 29.589,  0.969,1255130.5,  1,  22.4,   0.9, 0.100
2025-11-11 12:45:25,        0,  35.2,  18.6,  25.1, 27.503, 24.636,  0.678,1277778.6,  1,  22.4,   0.9, 0.100
2025-11-11 12:45:27,        0,  36.4,  22.3,  25.1, 32.852, 29.757,  0.980,1308721.5,  1,  22.4,   0.9, 0.100
2025-11-11 12:45:27,        0,  37.5,  25.4,  25.1, 28.823, 25.822,  0.747,1332851.4,  1,  22.4,   0.8, 0.100
2025-11-11 12:45:28,        0,  37.5,  25.6,  25.1, 28.936, 25.912,  0.751,1358998.3,  1,  22.4,   0.8, 0.100
2025-11-11 12:45:29,        0,  33.4,  13.3,  25.1, 34.622, 31.386,  1.088,1387395.3,  1,  22.4,   0.8, 0.100
2025-11-11 12:45:31,        0,  37.9,  26.7,  25.1, 27.083, 24.076,  0.656,1413907.9,  1,  22.4,   0.8, 0.100
2025-11-11 12:45:31,        0,  37.7,  26.2,  25.1, 35.117, 31.802,  1.118,1444265.0,  1,  22.4,   0.8, 0.100
2025-11-11 12:45:32,        0,  38.9,  29.7,  25.1, 30.742, 27.636,  0.852,1471825.0,  1,  22.4,   0.8, 0.100
2025-11-11 12:45:33,        0,  38.9,  29.8,  25.1, 35.010, 31.815,  1.122,1501229.1,  1,  22.4,   0.8, 0.100
2025-11-11 12:45:35,        0,  38.9,  29.7,  25.1, 34.348, 31.212,  1.079,1539587.8,  1,  22.4,   0.8, 0.100
2025-11-11 12:45:35,        0,  38.5,  28.5,  25.1, 37.307, 34.111,  1.273,1572610.9,  1,  22.4,   0.8, 0.100
2025-11-11 12:45:36,        0,  39.8,  32.3,  25.1, 38.485, 35.300,  1.366,1604792.5,  1,  22.4,   0.8, 0.100
2025-11-11 12:45:37,        0,  38.5,  28.5,  25.1, 36.642, 33.626,  1.256,1637030.5,  1,  22.4,   0.8, 0.100
2025-11-11 12:45:38,        0,  39.8,  32.3,  25.1, 36.068, 33.079,  1.195,1667942.4,  1,  22.4,   0.8, 0.100
2025-11-11 12:45:40,        0,  38.1,  27.2,  25.1, 39.047, 36.038,  1.409,1708466.8,  1,  22.4,   0.8, 0.100
2025-11-11 12:45:40,        0,  37.9,  26.6,  25.1, 35.589, 32.693,  1.189,1739517.8,  1,  22.4,   0.7, 0.100
2025-11-11 12:45:41,        0,  39.7,  32.0,  25.1, 40.023, 37.047,  1.484,1773915.4,  1,  22.4,   0.8, 0.100
2025-11-11 12:45:42,        0,  39.3,  31.0,  25.1, 33.018, 30.211,  1.000,1804530.3,  1,  22.4,   0.8, 0.100
2025-11-11 12:45:44,        0,  40.3,  33.8,  25.1, 41.745, 38.882,  1.625,1849360.7,  1,  22.4,   0.7, 0.100
2025-11-11 12:45:44,        0,  40.7,  35.1,  25.1, 40.534, 37.825,  1.557,1886184.7,  1,  22.4,   0.8, 0.100
2025-11-11 12:45:45,        0,  39.3,  31.0,  25.1, 42.336, 39.673,  1.680,1923765.4,  1,  22.4,   0.8, 0.100
2025-11-11 12:45:46,        0,  40.9,  35.8,  25.1, 44.745, 42.179,  1.889,1962267.2,  1,  22.4,   0.8, 0.100
2025-11-11 12:45:48,        0,  37.7,  26.2,  25.1, 43.625, 41.160,  1.805,2008333.1,  1,  22.4,   0.7, 0.100
2025-11-11 12:45:48,        0,  42.6,  40.7,  25.2, 50.928, 48.454,  2.472,2046975.6,  1,  22.4,   0.8, 0.100
2025-11-11 12:45:49,        0,  42.0,  38.9,  25.2, 43.972, 41.764,  1.843,2087258.0,  1,  22.4,   0.7, 0.100
2025-11-11 12:45:50,        0,  41.8,  38.4,  25.1, 42.070, 39.889,  1.680,2126277.2,  1,  22.4,   0.7, 0.100
2025-11-11 12:45:52,        0,  41.8,  38.4,  25.1, 46.326, 44.225,  2.061,2176407.3,  1,  22.4,   0.8, 0.100
2025-11-11 12:45:52,        0,  39.9,  32.6,  25.2, 46.234, 44.271,  2.048,2216838.4,  1,  22.4,   0.8, 0.100
2025-11-11 12:45:53,        0,  39.2,  30.5,  25.2, 40.475, 38.469,  1.561,2250783.9,  1,  22.4,   0.8, 0.100
2025-11-11 12:45:54,        0,  40.5,  34.6,  25.2, 31.686, 29.573,  0.943,2281755.8,  1,  22.4,   0.8, 0.100
2025-11-11 12:45:56,        0,  34.9,  17.6,  25.2, 42.300, 40.233,  1.705,2329093.9,  1,  22.4,   0.8, 0.100
2025-11-11 12:45:56,        0,  39.7,  32.0,  25.2, 40.419, 38.207,  1.552,2360283.2,  1,  22.4,   0.8, 0.100
2025-11-11 12:45:57,        0,  40.7,  35.1,  25.2, 38.414, 36.210,  1.392,2395285.4,  1,  22.4,   0.8, 0.100
2025-11-11 12:45:58,        0,  42.4,  40.1,  25.2, 43.479, 41.313,  1.806,2434136.5,  1,  22.4,   0.8, 0.100
2025-11-11 12:46:00,        0,  41.5,  37.6,  25.2, 36.646, 34.586,  1.275,2476939.8,  1,  22.4,   0.8, 0.100
2025-11-11 12:46:00,        0,  40.7,  35.1,  25.2, 44.829, 42.752,  1.928,2516017.5,  1,  22.4,   0.8, 0.100
2025-11-11 12:46:01,        0,  40.7,  35.0,  25.2, 38.045, 36.023,  1.371,2550804.9,  1,  22.4,   0.8, 0.100
2025-11-11 12:46:02,        0,  40.8,  35.5,  25.2, 43.782, 41.714,  1.832,2591580.3,  1,  22.4,   0.8, 0.100
2025-11-11 12:46:04,        0,  41.1,  36.4,  25.2, 38.964, 37.009,  1.443,2637058.6,  1,  22.4,   0.8, 0.100
2025-11-11 12:46:04,        0,  41.0,  35.9,  25.3, 37.944, 35.982,  1.378,2672090.4,  1,  22.4,   0.8, 0.100
2025-11-11 12:46:05,        0,  36.6,  22.7,  25.2, 34.657, 32.598,  1.152,2705178.6,  1,  22.4,   0.8, 0.100
2025-11-11 12:46:06,        0,  41.0,  35.9,  25.2, 30.040, 27.846,  0.837,2733479.0,  1,  22.4,   0.8, 0.100
2025-11-11 12:46:08,        0,  38.8,  29.5,  25.2, 37.519, 35.309,  1.328,2775580.5,  1,  22.4,   0.9, 0.100
2025-11-11 12:46:08,        0,  40.5,  34.5,  25.3, 31.993, 29.760,  0.953,2805538.9,  1,  22.4,   0.9, 0.100
2025-11-11 12:46:09,        0,  39.7,  32.0,  25.3, 30.732, 28.457,  0.878,2836825.6,  1,  22.4,   0.9, 0.100
2025-11-11 12:46:10,        0,  39.4,  31.2,  25.3, 33.483, 31.129,  1.046,2867778.3,  1,  22.4,   0.9, 0.100
2025-11-11 12:46:12,        0,  38.5,  28.5,  25.3, 38.330, 36.007,  1.383,2909487.3,  1,  22.4,   0.9, 0.100
2025-11-11 12:46:12,        0,  39.9,  32.7,  25.3, 30.052, 27.732,  0.837,2938097.2,  1,  22.4,   1.0, 0.100
2025-11-11 12:46:13,        0,  38.8,  29.3,  25.3, 38.008, 35.589,  1.353,2971452.6,  1,  22.4,   0.9, 0.100
2025-11-11 12:46:14,        0,  39.6,  31.8,  25.3, 34.711, 32.298,  1.121,3002814.9,  1,  22.4,   0.9, 0.100
2025-11-11 12:46:16,        0,  38.7,  29.2,  25.3, 30.676, 28.314,  0.888,3038895.5,  1,  22.4,   1.0, 0.100
2025-11-11 12:46:16,        0,  39.0,  30.0,  25.3, 32.364, 29.913,  0.971,3069656.4,  1,  22.4,   1.0, 0.100
2025-11-11 12:46:17,        0,  34.8,  17.3,  25.3, 34.602, 32.129,  1.117,3098623.4,  1,  22.4,   1.0, 0.100
2025-11-11 12:46:18,        0,  38.0,  27.0,  25.3, 25.897, 23.420,  0.610,3121933.1,  1,  22.4,   0.9, 0.100
2025-11-11 12:46:20,        0,  36.5,  22.4,  25.3, 31.659, 29.066,  0.924,3155498.2,  1,  22.4,   0.9, 0.100
2025-11-11 12:46:20,        0,  38.2,  27.5,  25.3, 26.041, 23.465,  0.613,3180353.7,  1,  22.4,   0.9, 0.100
2025-11-11 12:46:21,        0,  37.6,  25.7,  25.3, 35.681, 32.972,  1.180,3211184.2,  1,  22.4,   0.9, 0.100
2025-11-11 12:46:22,        0,  37.2,  24.7,  25.3, 24.916, 22.424,  0.560,3234813.9,  1,  22.4,   0.9, 0.100
2025-11-11 12:46:23,        0,  36.7,  23.2,  25.3, 31.086, 28.347,  0.886,3261955.9,  1,  22.4,   0.9, 0.100
2025-11-11 12:46:25,        0,  37.2,  24.6,  25.3, 29.470, 26.713,  0.789,3291910.7,  1,  22.4,   0.9, 0.100
2025-11-11 12:46:25,        0,  36.6,  22.9,  25.3, 24.057, 21.460,  0.535,3314241.4,  1,  22.4,   0.9, 0.100
2025-11-11 12:46:26,        0,  35.8,  20.3,  25.3, 24.098, 21.445,  0.520,3336665.9,  1,  22.4,   0.9, 0.100
2025-11-11 12:46:27,        0,  37.4,  25.2,  25.3, 27.851, 25.017,  0.699,3360818.6,  1,  22.4,   0.9, 0.100
2025-11-11 12:46:29,        0,  34.3,  16.0,  25.3, 28.382, 25.515,  0.725,3390468.9,  1,  22.4,   0.9, 0.100
2025-11-11 12:46:29,        0,  35.2,  18.6,  25.3, 26.338, 23.489,  0.623,3411032.9,  1,  22.4,   1.0, 0.100
2025-11-11 12:46:30,        0,  34.1,  15.2,  25.3, 25.197, 22.331,  0.564,3431663.5,  1,  22.4,   1.0, 0.100
2025-11-11 12:46:31,        0,  33.7,  14.0,  25.3, 20.776, 18.029,  0.378,3449270.1,  1,  22.4,   1.0, 0.100
2025-11-11 12:46:32,        0,  36.1,  21.4,  25.3, 27.531, 24.462,  0.675,3470311.0,  1,  22.4,   1.0, 0.100
2025-11-11 12:46:33,        0,  35.4,  19.1,  25.3, 25.482, 22.502,  0.574,3496357.7,  1,  22.4,   1.0, 0.100
2025-11-11 12:46:34,        0,  34.3,  15.8,  25.3, 23.744, 20.831,  0.500,3515555.6,  1,  22.4,   1.0, 0.100
2025-11-11 12:46:35,        0,  34.8,  17.5,  25.3, 18.093, 15.415,  0.314,3532742.9,  1,  22.4,   1.0, 0.100
2025-11-11 12:46:36,        0,  34.7,  17.1,  25.3, 20.259, 17.411,  0.356,3550163.9,  1,  22.4,   1.0, 0.100
2025-11-11 12:46:38,        0,  33.2,  12.7,  25.3, 22.776, 19.786,  0.457,3573211.6,  1,  22.4,   1.0, 0.100
2025-11-11 12:46:38,        0,  35.5,  19.5,  25.3, 23.403, 20.348,  0.476,3591176.1,  1,  22.4,   1.0, 0.100
2025-11-11 12:46:39,        0,  33.6,  13.7,  25.3, 24.562, 21.462,  0.529,3609991.8,  1,  22.4,   1.0, 0.100
2025-11-11 12:46:40,        0,  34.3,  16.0,  25.3, 23.037, 19.957,  0.463,3627349.9,  1,  22.4,   0.9, 0.100
2025-11-11 12:46:42,        0,  32.8,  11.4,  25.3, 15.403, 12.740,  0.197,3644890.7,  1,  22.4,   0.9, 0.100
2025-11-11 12:46:42,        0,  32.7,  11.2,  25.3, 21.084, 18.057,  0.381,3660279.5,  1,  22.4,   0.9, 0.100
2025-11-11 12:46:43,        0,  33.4,  13.3,  25.3, 15.154, 12.449,  0.189,3673344.3,  1,  22.4,   0.9, 0.100
2025-11-11 12:46:44,        0,  34.2,  15.6,  25.3, 20.348, 17.329,  0.353,3689853.3,  1,  22.4,   0.8, 0.100
2025-11-11 12:46:45,        0,  33.2,  12.7,  25.3, 18.017, 15.130,  0.273,3705504.9,  1,  22.4,   0.9, 0.100
2025-11-11 12:46:46,        0,  33.3,  13.0,  25.3, 19.073, 16.099,  0.308,3723344.9,  1,  22.4,   0.8, 0.100
2025-11-11 12:46:47,        0,  33.2,  12.5,  25.3, 14.476, 11.770,  0.175,3735730.0,  1,  22.4,   0.8, 0.100
2025-11-11 12:46:48,        0,  32.7,  11.2,  25.3, 17.180, 14.292,  0.246,3749773.5,  1,  22.4,   0.8, 0.100
2025-11-11 12:46:49,        0,  32.0,   9.0,  25.3, 13.916, 11.228,  0.159,3762476.2,  1,  22.4,   0.8, 0.100
2025-11-11 12:46:51,        0,  34.2,  15.5,  25.3, 14.799, 12.024,  0.180,3777143.3,  1,  22.4,   0.8, 0.100
2025-11-11 12:46:51,        0,  33.0,  11.9,  25.3, 17.374, 14.427,  0.251,3791715.3,  1,  22.4,   0.8, 0.100
2025-11-11 12:46:52,        0,  32.1,   9.2,  25.3, 12.756, 10.121,  0.130,3802818.3,  1,  22.4,   0.8, 0.100
2025-11-11 12:46:53,        0,  32.8,  11.4,  25.3, 15.129, 12.304,  0.186,3814249.2,  1,  22.4,   0.8, 0.100
2025-11-11 12:46:54,        0,  32.7,  11.0,  25.3, 15.720, 12.848,  0.203,3826697.5,  1,  22.4,   0.8, 0.100
2025-11-11 12:46:55,        0,  33.0,  11.9,  25.3, 17.226, 14.248,  0.246,3842758.1,  1,  22.4,   0.8, 0.100
2025-11-11 12:46:56,        0,  32.8,  11.4,  25.3, 13.488, 10.774,  0.153,3854363.7,  1,  22.4,   0.8, 0.100
2025-11-11 12:46:57,        0,  32.2,   9.5,  25.3, 15.647, 12.769,  0.202,3866270.6,  1,  22.4,   0.8, 0.100
2025-11-11 12:46:58,        0,  32.4,  10.2,  25.3, 12.395,  9.747,  0.123,3876532.6,  1,  22.4,   0.8, 0.100
2025-11-11 12:47:00,        0,  31.3,   6.9,  25.3, 14.222, 11.419,  0.163,3889784.8,  1,  22.4,   0.8, 0.100
2025-11-11 12:47:00,        0,  31.3,   6.9,  25.3, 11.660,  9.050,  0.106,3898661.2,  1,  22.4,   0.8, 0.100
2025-11-11 12:47:01,        0,  31.8,   8.4,  25.3, 12.909, 10.191,  0.132,3908204.0,  1,  22.4,   0.8, 0.100
2025-11-11 12:47:02,        0,  31.8,   8.4,  25.3, 13.279, 10.527,  0.140,3918319.3,  1,  22.4,   0.8, 0.100
2025-11-11 12:47:04,        0,  31.6,   7.9,  25.3, 11.388,  8.784,  0.101,3929697.7,  1,  22.4,   0.8, 0.100
2025-11-11 12:47:04,        0,  30.9,   5.8,  25.3, 12.721, 10.007,  0.127,3938388.1,  1,  22.4,   0.8, 0.100
2025-11-11 12:47:05,        0,  31.1,   6.4,  25.3, 10.088,  7.587,  0.077,3945812.4,  1,  22.4,   0.8, 0.100
2025-11-11 12:47:06,        0,  30.8,   5.3,  25.3, 12.457,  9.749,  0.122,3954635.6,  1,  22.4,   0.8, 0.100
2025-11-11 12:47:07,        0,  31.6,   7.9,  25.3, 12.096,  9.418,  0.114,3963075.3,  1,  22.4,   0.8, 0.100
2025-11-11 12:47:09,        0,  30.4,   4.1,  25.3, 10.449,  7.909,  0.084,3972645.3,  1,  22.4,   0.8, 0.100
2025-11-11 12:47:09,        0,  30.8,   5.3,  25.3, 10.672,  8.113,  0.087,3980068.8,  1,  22.4,   0.8, 0.100
2025-11-11 12:47:10,        0,  31.6,   7.9,  25.3,  9.675,  7.760,  0.080,3987143.9,  1,  22.4,   0.8, 0.100
2025-11-11 12:47:11,        0,  31.7,   8.1,  25.3, 11.212,  8.603,  0.097,3995613.8,  1,  22.4,   0.8, 0.100
2025-11-11 12:47:13,        0,  31.5,   7.4,  25.3, 12.651,  9.913,  0.125,4006118.9,  1,  22.4,   0.8, 0.100
2025-11-11 12:47:13,        0,  31.7,   8.2,  25.3, 10.265,  7.735,  0.080,4014323.1,  1,  22.4,   0.8, 0.100
2025-11-11 12:47:14,        0,  30.6,   4.8,  25.3, 11.128,  8.525,  0.095,4021892.0,  1,  22.4,   0.8, 0.100
2025-11-11 12:47:15,        0,  30.3,   3.8,  25.3,  6.990,  4.770,  0.034,4026851.1,  1,  22.4,   0.8, 0.100
2025-11-11 12:47:17,        0,  31.2,   6.6,  25.3,  8.447,  6.091,  0.052,4033805.6,  1,  22.4,   0.8, 0.100
2025-11-11 12:47:17,        0,  30.8,   5.4,  25.3,  9.158,  6.734,  0.062,4040727.3,  1,  22.4,   0.8, 0.100
2025-11-11 12:47:18,        0,  30.8,   5.4,  25.3,  8.162,  5.832,  0.048,4046601.0,  1,  22.4,   0.8, 0.100
2025-11-11 12:47:19,        0,  30.3,   3.9,  25.3,  7.473,  5.212,  0.040,4052153.1,  1,  22.4,   0.8, 0.100
2025-11-11 12:47:21,        0,  30.6,   4.9,  25.3,  7.467,  5.211,  0.040,4058778.6,  1,  22.4,   0.8, 0.100
2025-11-11 12:47:21,        0,  31.0,   5.9,  25.3,  9.310,  6.873,  0.064,4065319.4,  1,  22.4,   0.8, 0.100
2025-11-11 12:47:22,        0,  30.4,   4.1,  25.3,  8.049,  5.730,  0.047,4071229.1,  1,  22.4,   0.8, 0.100
2025-11-11 12:47:23,        0,  30.6,   4.8,  25.3,  7.526,  5.263,  0.040,4076257.4,  1,  22.4,   0.9, 0.100
2025-11-11 12:47:25,        0,  30.0,   2.9,  25.3,  8.676,  6.304,  0.055,4083554.7,  1,  22.4,   0.8, 0.100
2025-11-11 12:47:25,        0,  30.0,   2.9,  25.3,  9.707,  7.240,  0.070,4089495.4,  1,  22.4,   0.8, 0.100
2025-11-11 12:47:26,        0,  30.1,   3.4,  25.3,  6.898,  4.700,  0.032,4093967.1,  1,  22.4,   0.8, 0.100
2025-11-11 12:47:27,        0,  30.5,   4.6,  25.3,  9.981,  7.491,  0.075,4100284.5,  1,  22.4,   0.8, 0.100
2025-11-11 12:47:28,        0,  30.4,   4.3,  25.3,  8.890,  6.497,  0.058,4106338.4,  1,  22.4,   0.9, 0.100
2025-11-11 12:47:29,        0,  30.6,   4.9,  25.3,  8.974,  6.578,  0.060,4113303.7,  1,  22.4,   0.9, 0.100
2025-11-11 12:47:30,        0,  29.6,   1.8,  25.3,  5.055,  3.063,  0.018,4116468.3,  1,  22.4,   0.8, 0.100
2025-11-11 12:47:31,        0,  29.9,   2.6,  25.3,  6.416,  4.366,  0.038,4119941.8,  1,  22.4,   0.9, 0.100
2025-11-11 12:47:32,        0,  31.1,   6.2,  25.3,  1.434,  0.073,  0.000,4120517.6,  1,  22.4,   0.8, 0.100
2025-11-11 12:47:34,        0,  30.6,   4.8,  25.3,  8.246,  5.931,  0.049,4128256.6,  1,  22.4,   0.9, 0.100
2025-11-11 12:47:34,        0,  30.6,   4.9,  25.3,  8.048,  5.747,  0.046,4133985.2,  1,  22.4,   0.9, 0.100
2025-11-11 12:47:35,        0,  30.6,   4.9,  25.3,  6.277,  4.158,  0.028,4137797.7,  1,  22.4,   0.9, 0.100
2025-11-11 12:47:36,        0,  30.1,   3.4,  25.3,  9.055,  6.665,  0.061,4143974.4,  1,  22.4,   0.9, 0.100
2025-11-11 12:47:38,        0,  29.9,   2.6,  25.3,  8.753,  6.389,  0.056,4150392.0,  1,  22.4,   0.9, 0.100
2025-11-11 12:47:38,        0,  30.0,   3.1,  25.3,  8.004,  5.712,  0.046,4155153.7,  1,  22.4,   0.9, 0.100
2025-11-11 12:47:39,        0,  30.0,   3.1,  25.3,  5.136,  3.150,  0.019,4158804.5,  1,  22.4,   0.9, 0.100
2025-11-11 12:47:40,        0,  30.4,   4.1,  25.3,  5.918,  3.843,  0.024,4162051.6,  1,  22.4,   0.8, 0.100
2025-11-11 12:47:42,        0,  29.5,   1.5,  25.3,  2.077,  0.511,  0.001,4164471.5,  1,  22.4,   0.8, 0.100
2025-11-11 12:47:42,        0,  30.1,   3.3,  25.3,  4.890,  3.042,  0.021,4167579.1,  1,  22.4,   0.8, 0.100
2025-11-11 12:47:43,        0,  30.4,   4.1,  25.3,  7.026,  4.838,  0.034,4172316.1,  1,  22.4,   0.8, 0.100
2025-11-11 12:47:44,        0,  30.5,   4.6,  25.3,  7.456,  5.224,  0.039,4177706.1,  1,  22.4,   0.9, 0.100
2025-11-11 12:47:45,        0,  30.0,   3.1,  25.3,  7.672,  5.420,  0.042,4183086.8,  1,  22.4,   0.9, 0.100
2025-11-11 12:47:47,        0,  30.4,   4.3,  25.3,  2.003,  0.453,  0.001,4185278.7,  1,  22.4,   0.8, 0.100
2025-11-11 12:47:47,        0,  29.4,   1.3,  25.3,  7.134,  4.941,  0.036,4189341.0,  1,  22.4,   0.8, 0.100
2025-11-11 12:47:48,        0,  29.5,   1.6,  25.3,  1.386,  0.058,  0.000,4189527.1,  1,  22.4,   0.8, 0.100
2025-11-11 12:47:49,        0,  30.1,   3.4,  25.3,  1.569,  0.308,  0.002,4190840.1,  1,  22.4,   0.8, 0.100
2025-11-11 12:47:51,        0,  30.4,   4.3,  25.3,  7.109,  4.921,  0.035,4196891.0,  1,  22.4,   0.8, 0.100
2025-11-11 12:47:51,        0,  30.0,   3.1,  25.3,  7.404,  5.186,  0.039,4201745.4,  1,  22.4,   0.8, 0.100
2025-11-11 12:47:52,        0,  28.4,   0.0,  25.3,  4.848,  2.903,  0.016,4203683.3,  1,  22.4,   0.8, 0.100
2025-11-11 12:47:53,        0,  30.5,   4.4,  25.3,  4.371,  2.602,  0.017,4205391.5,  1,  22.4,   0.8, 0.100
2025-11-11 12:47:54,        0,  28.7,   0.0,  25.3,  7.116,  4.931,  0.035,4210169.2,  1,  22.4,   0.8, 0.100
2025-11-11 12:47:56,        0,  29.7,   2.0,  25.3,  4.952,  2.999,  0.017,4212895.4,  1,  22.4,   0.8, 0.100
2025-11-11 12:47:56,        0,  29.9,   2.6,  25.3,  4.068,  2.350,  0.019,4215604.9,  1,  22.4,   0.8, 0.100
2025-11-11 12:47:57,        0,  30.2,   3.6,  25.3,  2.399,  0.801,  0.004,4217842.4,  1,  22.4,   0.8, 0.100
2025-11-11 12:47:58,        0,  30.0,   2.9,  25.3,  6.349,  4.243,  0.028,4221833.9,  1,  22.4,   0.8, 0.100
2025-11-11 12:48:00,        0,  29.7,   2.0,  25.3,  5.443,  3.434,  0.020,4226300.2,  1,  22.4,   0.8, 0.100
2025-11-11 12:48:00,        0,  30.1,   3.3,  25.3,  1.420,  0.078,  0.000,4226526.1,  1,  22.4,   0.8, 0.100
2025-11-11 12:48:01,        0,  30.0,   2.9,  25.3,  4.467,  2.577,  0.014,4229289.6,  1,  22.4,   0.8, 0.100
2025-11-11 12:48:02,        0,  29.8,   2.3,  25.3,  3.163,  1.434,  0.006,4232014.5,  1,  22.4,   0.8, 0.100
2025-11-11 12:48:04,        0,  30.0,   2.9,  25.3,  1.313,  0.035,  0.000,4233207.7,  1,  22.4,   0.8, 0.100
2025-11-11 12:48:04,        0,  29.8,   2.4,  25.3,  6.875,  4.720,  0.033,4237335.8,  1,  22.4,   0.8, 0.100
2025-11-11 12:48:05,        0,  29.6,   1.8,  25.3,  4.847,  2.925,  0.017,4238897.7,  1,  22.4,   0.8, 0.100
2025-11-11 12:48:06,        0,  29.6,   1.8,  25.3,  1.405,  0.072,  0.000,4239966.4,  1,  22.4,   0.8, 0.100
2025-11-11 12:48:07,        0,  29.9,   2.8,  25.3,  5.108,  3.191,  0.021,4242209.9,  1,  22.4,   0.8, 0.100
2025-11-11 12:48:09,        0,  29.4,   1.1,  25.3,  6.316,  4.221,  0.027,4247348.8,  1,  22.4,   0.8, 0.100
2025-11-11 12:48:09,        0,  30.0,   2.9,  25.3,  2.194,  0.702,  0.004,4248659.3,  1,  22.4,   0.8, 0.100
2025-11-11 12:48:10,        0,  29.5,   1.5,  25.3,  3.264,  1.529,  0.006,4251332.7,  1,  22.4,   0.8, 0.100
2025-11-11 12:48:11,        0,  28.8,   0.0,  25.3,  2.954,  1.283,  0.006,4253842.7,  1,  22.4,   0.8, 0.100
2025-11-11 12:48:13,        0,  29.9,   2.6,  25.3,  1.484,  0.119,  0.000,4254339.3,  1,  22.4,   0.8, 0.100
2025-11-11 12:48:13,        0,  29.8,   2.4,  25.3,  1.142, -0.003,  0.000,4254342.2,  1,  22.4,   0.8, 0.100
2025-11-11 12:48:14,        0,  30.2,   3.6,  25.3,  1.404,  0.257,  0.002,4255129.7,  1,  22.4,   0.8, 0.100
2025-11-11 12:48:15,        0,  30.0,   2.9,  25.3,  5.522,  3.525,  0.021,4258669.8,  1,  22.4,   0.9, 0.100
2025-11-11 12:48:17,        0,  29.8,   2.3,  25.3,  6.616,  4.498,  0.030,4263562.3,  1,  22.4,   0.8, 0.100
2025-11-11 12:48:17,        0,  29.6,   1.8,  25.3,  1.563,  0.166,  0.000,4263799.1,  1,  22.4,   0.9, 0.100
2025-11-11 12:48:18,        0,  29.0,   0.0,  25.3,  5.875,  3.898,  0.025,4265506.1,  1,  22.4,   0.8, 0.100
2025-11-11 12:48:19,        0,  30.0,   2.9,  25.3,  1.529,  0.148,  0.000,4266011.1,  1,  22.4,   0.8, 0.100
2025-11-11 12:48:21,        0,  29.7,   2.1,  25.3,  2.445,  0.839,  0.002,4269117.9,  1,  22.4,   0.8, 0.100
2025-11-11 12:48:21,        0,  29.5,   1.5,  25.3,  1.260,  0.027,  0.000,4269159.8,  1,  22.4,   0.9, 0.100
2025-11-11 12:48:22,        0,  30.0,   3.1,  25.3,  1.128, -0.002,  0.000,4269505.9,  1,  22.4,   0.8, 0.100
2025-11-11 12:48:23,        0,  30.0,   2.9,  25.3,  5.310,  3.345,  0.019,4273131.5,  1,  22.4,   0.9, 0.100
2025-11-11 12:48:24,        0,  30.1,   3.3,  25.3,  6.528,  4.428,  0.029,4276821.7,  1,  22.4,   0.8, 0.100
2025-11-11 12:48:25,        0,  29.6,   1.8,  25.3,  3.478,  1.730,  0.008,4280433.9,  1,  22.4,   0.8, 0.100
2025-11-11 12:48:26,        0,  29.4,   1.3,  25.3,  1.298,  0.041,  0.000,4280498.4,  1,  22.4,   0.9, 0.100
2025-11-11 12:48:27,        0,  29.9,   2.6,  25.3,  1.137,  0.001,  0.000,4280498.8,  1,  22.4,   0.9, 0.100
2025-11-11 12:48:29,        0,  29.5,   1.6,  25.3,  1.050, -0.008,  0.000,4280490.8,  1,  22.4,   0.9, 0.100
2025-11-11 12:48:29,        0,  29.9,   2.6,  25.3,  1.014, -0.008,  0.000,4280482.9,  1,  22.4,   0.9, 0.100
2025-11-11 12:48:30,        0,  30.0,   2.9,  25.3,  0.969, -0.009,  0.000,4280473.7,  1,  22.4,   0.9, 0.100
2025-11-11 12:48:31,        0,  29.8,   2.4,  25.3,  6.549,  4.461,  0.030,4284303.8,  1,  22.4,   0.9, 0.100
2025-11-11 12:48:33,        0,  29.7,   2.0,  25.3,  4.653,  2.777,  0.015,4286715.7,  1,  22.4,   1.0, 0.100
2025-11-11 12:48:33,        0,  30.0,   2.9,  25.3,  1.331,  0.056,  0.000,4286803.3,  1,  22.4,   1.0, 0.100
2025-11-11 12:48:34,        0,  29.4,   1.3,  25.3,  6.458,  4.382,  0.028,4290468.2,  1,  22.4,   1.0, 0.100
2025-11-11 12:48:35,        0,  29.3,   1.0,  25.3,  1.359,  0.070,  0.000,4290737.7,  1,  22.4,   1.0, 0.100
2025-11-11 12:48:37,        0,  29.8,   2.3,  25.3,  1.097, -0.002,  0.000,4290743.2,  1,  22.4,   1.0, 0.100
2025-11-11 12:48:37,        0,  29.7,   2.1,  25.3,  1.041, -0.007,  0.000,4290737.3,  1,  22.4,   1.0, 0.100
2025-11-11 12:48:38,        0,  29.9,   2.8,  25.3,  2.984,  1.598,  0.010,4292503.4,  1,  22.4,   1.0, 0.100
2025-11-11 12:48:39,        0,  30.0,   2.9,  25.3,  6.422,  4.354,  0.028,4296665.8,  1,  22.4,   1.0, 0.100
2025-11-11 12:48:41,        0,  29.7,   2.0,  25.3,  2.665,  1.052,  0.004,4299561.8,  1,  22.4,   1.0, 0.100
2025-11-11 12:48:41,        0,  30.0,   2.9,  25.3,  5.161,  3.295,  0.021,4301113.7,  1,  22.4,   1.0, 0.100
2025-11-11 12:48:42,        0,  29.5,   1.5,  25.3,  2.759,  1.128,  0.004,4303317.7,  1,  22.4,   1.0, 0.100
2025-11-11 12:48:43,        0,  29.2,   0.6,  25.3,  1.256,  0.032,  0.000,4303359.6,  1,  22.4,   1.0, 0.100
2025-11-11 12:48:44,        0,  29.6,   1.8,  25.3,  1.110,  0.001,  0.000,4303358.4,  1,  22.4,   0.9, 0.100
2025-11-11 12:48:45,        0,  29.5,   1.5,  25.3,  1.024, -0.007,  0.000,4303350.4,  1,  22.4,   0.9, 0.100
2025-11-11 12:48:46,        0,  29.7,   2.0,  25.3,  0.967, -0.009,  0.000,4303342.8,  1,  22.4,   0.9, 0.100
2025-11-11 12:48:47,        0,  29.7,   2.0,  25.3,  0.937, -0.009,  0.000,4303334.9,  1,  22.4,   0.9, 0.100
2025-11-11 12:48:48,        0,  29.8,   2.3,  25.3,  0.909, -0.009,  0.000,4303326.1,  1,  22.4,   0.9, 0.100
2025-11-11 12:48:50,        0,  29.9,   2.6,  25.3,  0.872, -0.009,  0.000,4303315.6,  1,  22.4,   0.9, 0.100
2025-11-11 12:48:50,        0,  29.9,   2.8,  25.3,  0.851, -0.009,  0.000,4303307.2,  1,  22.4,   0.9, 0.100
2025-11-11 12:48:51,        0,  30.0,   3.1,  25.3,  2.250,  0.722,  0.002,4304934.6,  1,  22.4,   0.9, 0.100
2025-11-11 12:48:52,        0,  30.0,   2.9,  25.3,  6.403,  4.358,  0.028,4309106.2,  1,  22.4,   0.9, 0.100
2025-11-11 12:48:54,        0,  29.8,   2.3,  25.3,  1.693,  0.287,  0.001,4311262.5,  1,  22.4,   0.8, 0.100
2025-11-11 12:48:54,        0,  29.6,   1.8,  25.3,  1.168,  0.015,  0.000,4311283.4,  1,  22.4,   0.8, 0.100
2025-11-11 12:48:55,        0,  29.9,   2.8,  25.3,  1.063, -0.002,  0.000,4311281.3,  1,  22.4,   0.8, 0.100
2025-11-11 12:48:56,        0,  29.7,   2.0,  25.3,  2.172,  0.666,  0.002,4312511.0,  1,  22.4,   0.8, 0.100
2025-11-11 12:48:57,        0,  29.6,   1.8,  25.3,  1.191,  0.023,  0.000,4312546.2,  1,  22.4,   0.8, 0.100
2025-11-11 12:48:58,        0,  29.8,   2.3,  25.3,  1.028, -0.004,  0.000,4312543.7,  1,  22.4,   0.8, 0.100
2025-11-11 12:48:59,        0,  29.6,   1.8,  25.3,  0.978, -0.007,  0.000,4312537.4,  1,  22.4,   0.8, 0.100
2025-11-11 12:49:00,        0,  29.9,   2.8,  25.3,  0.938, -0.007,  0.000,4314062.5,  1,  22.4,   0.8, 0.100
2025-11-11 12:49:01,        0,  29.9,   2.8,  25.3,  6.390,  4.360,  0.028,4318216.1,  1,  22.4,   0.8, 0.100
2025-11-11 12:49:03,        0,  29.4,   1.3,  25.3,  1.530,  0.187,  0.000,4320331.7,  1,  22.4,   0.8, 0.100
2025-11-11 12:49:03,        0,  28.9,   0.0,  25.3,  3.614,  2.044,  0.012,4321424.3,  1,  22.4,   0.8, 0.100
2025-11-11 12:49:04,        0,  29.7,   2.1,  25.3,  1.393,  0.110,  0.000,4321606.6,  1,  22.4,   0.8, 0.100
2025-11-11 12:49:05,        0,  29.4,   1.1,  25.3,  1.105,  0.007,  0.000,4321612.0,  1,  22.4,   0.8, 0.100
2025-11-11 12:49:07,        0,  29.6,   1.8,  25.3,  0.990, -0.005,  0.000,4321606.2,  1,  22.4,   0.8, 0.100
2025-11-11 12:49:07,        0,  29.8,   2.3,  25.3,  0.927, -0.007,  0.000,4321599.5,  1,  22.4,   0.8, 0.100
2025-11-11 12:49:08,        0,  29.7,   2.0,  25.3,  0.894, -0.007,  0.000,4321591.9,  1,  22.4,   0.8, 0.100
2025-11-11 12:49:09,        0,  29.8,   2.4,  25.3,  0.863, -0.008,  0.000,4321584.4,  1,  22.4,   0.8, 0.100
2025-11-11 12:49:11,        0,  29.8,   2.4,  25.2,  0.823, -0.008,  0.000,4321574.7,  1,  22.4,   0.8, 0.100
2025-11-11 12:49:11,        0,  29.8,   2.3,  25.3,  2.352,  1.228,  0.008,4323512.2,  1,  22.4,   0.8, 0.100
2025-11-11 12:49:12,        0,  30.0,   3.1,  25.3,  1.339,  0.090,  0.000,4323958.6,  1,  22.4,   0.8, 0.100
2025-11-11 12:49:13,        0,  29.6,   1.8,  25.3,  3.489,  1.819,  0.008,4326260.2,  1,  22.4,   0.8, 0.100
2025-11-11 12:49:14,        0,  29.7,   2.1,  25.3,  1.211,  0.041,  0.000,4326306.3,  1,  22.4,   0.8, 0.100
2025-11-11 12:49:16,        0,  29.8,   2.3,  25.3,  5.800,  3.858,  0.023,4328592.9,  1,  22.4,   0.8, 0.100
2025-11-11 12:49:16,        0,  29.6,   1.8,  25.3,  1.341,  0.095,  0.000,4328693.1,  1,  22.4,   0.8, 0.100
2025-11-11 12:49:17,        0,  29.5,   1.5,  25.3,  1.026,  0.000,  0.000,4328696.4,  1,  22.4,   0.8, 0.100
2025-11-11 12:49:18,        0,  29.6,   1.8,  25.3,  0.962, -0.006,  0.000,4328691.4,  1,  22.4,   0.8, 0.100
2025-11-11 12:49:20,        0,  29.9,   2.6,  25.3,  0.899, -0.007,  0.000,4328683.4,  1,  22.4,   0.8, 0.100
2025-11-11 12:49:20,        0,  29.8,   2.4,  25.3,  0.865, -0.007,  0.000,4328676.3,  1,  22.4,   0.8, 0.100
2025-11-11 12:49:21,        0,  29.9,   2.8,  25.3,  0.836, -0.008,  0.000,4328669.2,  1,  22.4,   0.8, 0.100
2025-11-11 12:49:22,        0,  29.9,   2.8,  25.3,  2.301,  0.807,  0.002,4329960.4,  1,  22.4,   0.8, 0.100
2025-11-11 12:49:23,        0,  29.8,   2.3,  25.3,  6.358,  4.356,  0.028,4333475.0,  1,  22.4,   0.8, 0.100
2025-11-11 12:49:24,        0,  29.4,   1.1,  25.3,  1.320,  0.089,  0.000,4334189.1,  1,  22.4,   0.8, 0.100
2025-11-11 12:49:25,        0,  29.7,   2.0,  25.3,  1.068,  0.006,  0.000,4334195.8,  1,  22.4,   0.8, 0.100
2025-11-11 12:49:26,        0,  29.8,   2.3,  25.3,  0.961, -0.005,  0.000,4334191.2,  1,  22.4,   0.8, 0.100
2025-11-11 12:49:27,        0,  29.8,   2.3,  25.3,  0.918, -0.007,  0.000,4334185.3,  1,  22.4,   0.8, 0.100
2025-11-11 12:49:29,        0,  29.7,   2.1,  25.3,  0.866, -0.007,  0.000,4334176.5,  1,  22.4,   0.8, 0.100
2025-11-11 12:49:29,        0,  29.8,   2.4,  25.3,  0.836, -0.007,  0.000,4334169.8,  1,  22.4,   0.8, 0.100
2025-11-11 12:49:30,        0,  29.7,   2.1,  25.3,  0.808, -0.008,  0.000,4334162.7,  1,  22.4,   0.8, 0.100
2025-11-11 12:49:31,        0,  29.9,   2.6,  25.3,  0.774, -0.008,  0.000,4334155.1,  1,  22.4,   0.8, 0.100
2025-11-11 12:49:33,        0,  29.8,   2.4,  25.3,  0.756, -0.008,  0.000,4334145.5,  1,  22.4,   0.8, 0.100
2025-11-11 12:49:33,        0,  30.0,   2.9,  25.3,  0.730, -0.008,  0.000,4334137.5,  1,  22.4,   0.9, 0.100
2025-11-11 12:49:34,        0,  29.9,   2.6,  25.3,  6.358,  4.357,  0.028,4338130.7,  1,  22.4,   0.8, 0.100
2025-11-11 12:49:35,        0,  29.9,   2.8,  25.3,  6.364,  4.358,  0.028,4341916.4,  1,  22.4,   0.8, 0.100
2025-11-11 12:49:37,        0,  29.6,   1.8,  25.3,  1.799,  0.403,  0.001,4343091.1,  1,  22.4,   0.8, 0.100
2025-11-11 12:49:37,        0,  29.3,   1.0,  25.3,  1.125,  0.019,  0.000,4343108.3,  1,  22.4,   0.8, 0.100
2025-11-11 12:49:38,        0,  29.7,   2.0,  25.3,  0.976, -0.003,  0.000,4343105.8,  1,  22.4,   0.8, 0.100
2025-11-11 12:49:39,        0,  29.5,   1.5,  25.3,  0.928, -0.007,  0.000,4343099.9,  1,  22.4,   0.8, 0.100
2025-11-11 12:49:41,        0,  29.7,   2.0,  25.3,  0.876, -0.008,  0.000,4343091.5,  1,  22.4,   0.8, 0.100
2025-11-11 12:49:41,        0,  29.7,   2.0,  25.2,  0.845, -0.008,  0.000,4343084.4,  1,  22.4,   0.8, 0.100
2025-11-11 12:49:42,        0,  29.6,   1.8,  25.3,  0.816, -0.007,  0.000,4343077.7,  1,  22.4,   0.8, 0.100
2025-11-11 12:49:43,        0,  29.7,   2.0,  25.3,  0.778, -0.008,  0.000,4343070.1,  1,  22.4,   0.8, 0.100
2025-11-11 12:49:44,        0,  29.7,   2.1,  25.3,  0.757, -0.009,  0.000,4343062.6,  1,  22.4,   0.8, 0.100
2025-11-11 12:49:46,        0,  29.7,   2.0,  25.3,  0.730, -0.009,  0.000,4343052.5,  1,  22.5,   0.8, 0.100
2025-11-11 12:49:46,        0,  29.7,   2.1,  25.3,  0.715, -0.008,  0.000,4343044.2,  1,  22.4,   0.8, 0.100
2025-11-11 12:49:47,        0,  29.6,   1.8,  25.3,  0.694, -0.008,  0.000,4343036.6,  1,  22.4,   0.8, 0.100
2025-11-11 12:49:48,        0,  29.7,   2.1,  25.3,  0.681, -0.008,  0.000,4343028.6,  1,  22.4,   0.8, 0.100
2025-11-11 12:49:50,        0,  29.8,   2.3,  25.3,  0.664, -0.008,  0.000,4343018.6,  1,  22.4,   0.8, 0.100
2025-11-11 12:49:50,        0,  29.8,   2.4,  25.3,  0.653, -0.008,  0.000,4343011.0,  1,  22.4,   0.8, 0.100
2025-11-11 12:49:51,        0,  29.8,   2.4,  25.2,  0.642, -0.008,  0.000,4343003.1,  1,  22.5,   0.8, 0.100
2025-11-11 12:49:52,        0,  29.9,   2.8,  25.3,  0.628, -0.008,  0.000,4342995.5,  1,  22.4,   0.8, 0.100
2025-11-11 12:49:53,        0,  29.8,   2.4,  25.3,  6.362,  4.358,  0.028,4346476.5,  1,  22.4,   0.8, 0.100
2025-11-11 12:49:54,        0,  29.8,   2.3,  25.3,  1.328,  0.092,  0.000,4347615.2,  1,  22.4,   0.8, 0.100
2025-11-11 12:49:55,        0,  29.7,   2.0,  25.3,  1.068,  0.007,  0.000,4347624.9,  1,  22.4,   0.8, 0.100
2025-11-11 12:49:56,        0,  29.7,   2.0,  25.3,  0.982, -0.003,  0.000,4347621.9,  1,  22.5,   0.8, 0.100
2025-11-11 12:49:57,        0,  29.8,   2.3,  25.3,  0.907, -0.007,  0.000,4347616.1,  1,  22.5,   0.9, 0.100
2025-11-11 12:49:59,        0,  29.7,   2.0,  25.2,  0.868, -0.007,  0.000,4347608.5,  1,  22.5,   0.9, 0.100
2025-11-11 12:49:59,        0,  29.8,   2.3,  25.3,  0.816, -0.007,  0.000,4347601.8,  1,  22.5,   0.9, 0.100
2025-11-11 12:50:00,        0,  29.8,   2.3,  25.3,  0.786, -0.007,  0.000,4347594.7,  1,  22.4,   0.9, 0.100
2025-11-11 12:50:01,        0,  29.8,   2.3,  25.3,  0.760, -0.007,  0.000,4347588.0,  1,  22.5,   0.9, 0.100
2025-11-11 12:50:03,        0,  29.8,   2.4,  25.3,  0.727, -0.007,  0.000,4347579.2,  1,  22.5,   0.9, 0.100
2025-11-11 12:50:03,        0,  29.8,   2.4,  25.3,  0.701, -0.008,  0.000,4347572.1,  1,  22.4,   0.9, 0.100
2025-11-11 12:50:04,        0,  29.9,   2.8,  25.2,  3.077,  1.820,  0.010,4348847.4,  1,  22.5,   0.9, 0.100
2025-11-11 12:50:05,        0,  29.8,   2.4,  25.2,  6.368,  4.361,  0.028,4352993.9,  1,  22.4,   1.0, 0.100
2025-11-11 12:50:06,        0,  29.7,   2.1,  25.3,  2.846,  1.269,  0.004,4354128.4,  1,  22.5,   1.0, 0.100
2025-11-11 12:50:08,        0,  29.6,   1.8,  25.3,  1.080,  0.011,  0.000,4354149.3,  1,  22.5,   1.0, 0.100
2025-11-11 12:50:08,        0,  29.3,   1.0,  25.2,  0.956, -0.004,  0.000,4354146.0,  1,  22.5,   0.9, 0.100
2025-11-11 12:50:09,        0,  29.4,   1.1,  25.3,  0.908, -0.006,  0.000,4354141.0,  1,  22.5,   0.9, 0.100
2025-11-11 12:50:10,        0,  29.6,   1.8,  25.3,  0.870, -0.007,  0.000,4354134.2,  1,  22.5,   0.9, 0.100
2025-11-11 12:50:12,        0,  29.6,   1.8,  25.2,  0.823, -0.007,  0.000,4354125.9,  1,  22.5,   0.9, 0.100
2025-11-11 12:50:12,        0,  29.7,   2.1,  25.2,  0.793, -0.007,  0.000,4354119.6,  1,  22.4,   0.9, 0.100
2025-11-11 12:50:13,        0,  29.7,   2.1,  25.3,  0.754, -0.008,  0.000,4354112.0,  1,  22.5,   0.9, 0.100
2025-11-11 12:50:14,        0,  29.7,   2.1,  25.2,  0.732, -0.008,  0.000,4354104.9,  1,  22.5,   0.9, 0.100
2025-11-11 12:50:16,        0,  29.7,   2.0,  25.2,  0.704, -0.008,  0.000,4354096.5,  1,  22.5,   0.9, 0.100
2025-11-11 12:50:16,        0,  29.7,   2.1,  25.3,  0.689, -0.008,  0.000,4354089.0,  1,  22.5,   0.9, 0.100
2025-11-11 12:50:17,        0,  29.8,   2.3,  25.3,  0.674, -0.008,  0.000,4354081.4,  1,  22.5,   0.9, 0.100
2025-11-11 12:50:18,        0,  29.7,   2.1,  25.3,  0.655, -0.008,  0.000,4354073.5,  1,  22.5,   0.8, 0.100
2025-11-11 12:50:20,        0,  29.7,   2.1,  25.3,  0.643, -0.008,  0.000,4354064.3,  1,  22.5,   0.8, 0.100
2025-11-11 12:50:20,        0,  29.8,   2.4,  25.2,  0.628, -0.008,  0.000,4354056.3,  1,  22.5,   0.8, 0.100
2025-11-11 12:50:21,        0,  29.8,   2.4,  25.2,  0.617, -0.007,  0.000,4354049.2,  1,  22.5,   0.8, 0.100
2025-11-11 12:50:22,        0,  29.8,   2.4,  25.3,  0.608, -0.008,  0.000,4354042.0,  1,  22.5,   0.9, 0.100
2025-11-11 12:50:24,        0,  29.8,   2.4,  25.3,  0.595, -0.007,  0.000,4354032.8,  1,  22.5,   0.9, 0.100
2025-11-11 12:50:24,        0,  29.8,   2.4,  25.2,  0.588, -0.008,  0.000,4354025.7,  1,  22.5,   0.9, 0.100
2025-11-11 12:50:25,        0,  29.9,   2.6,  25.2,  0.577, -0.008,  0.000,4354018.6,  1,  22.5,   0.9, 0.100
2025-11-11 12:50:26,        0,  29.9,   2.6,  25.2,  3.740,  2.415,  0.015,4356070.5,  1,  22.4,   0.9, 0.100
2025-11-11 12:50:28,        0,  29.8,   2.4,  25.3,  2.212,  0.735,  0.002,4358727.5,  1,  22.5,   0.9, 0.100
2025-11-11 12:50:28,        0,  29.5,   1.6,  25.3,  1.147,  0.027,  0.000,4358756.9,  1,  22.5,   0.9, 0.100
2025-11-11 12:50:29,        0,  29.7,   2.1,  25.3,  0.972, -0.003,  0.000,4358756.4,  1,  22.5,   0.9, 0.100
2025-11-11 12:50:30,        0,  29.6,   1.8,  25.2,  0.916, -0.005,  0.000,4358752.3,  1,  22.5,   0.9, 0.100
2025-11-11 12:50:31,        0,  29.8,   2.3,  25.3,  0.874, -0.006,  0.000,4358746.0,  1,  22.5,   1.0, 0.100
2025-11-11 12:50:33,        0,  29.7,   2.0,  25.3,  0.822, -0.007,  0.000,4358738.0,  1,  22.5,   0.9, 0.100
2025-11-11 12:50:33,        0,  29.7,   2.1,  25.2,  0.791, -0.007,  0.000,4358731.3,  1,  22.5,   0.9, 0.100
2025-11-11 12:50:34,        0,  29.7,   2.1,  25.2,  0.751, -0.007,  0.000,4358725.0,  1,  22.5,   1.0, 0.100
2025-11-11 12:50:35,        0,  29.8,   2.4,  25.2,  0.728, -0.007,  0.000,4358718.3,  1,  22.4,   1.0, 0.100
2025-11-11 12:50:37,        0,  29.8,   2.3,  25.2,  0.698, -0.007,  0.000,4358709.5,  1,  22.5,   1.0, 0.100
2025-11-11 12:50:37,        0,  29.9,   2.6,  25.2,  0.681, -0.007,  0.000,4358702.4,  1,  22.5,   1.0, 0.100
2025-11-11 12:50:38,        0,  29.8,   2.4,  25.2,  0.666, -0.008,  0.000,4358694.8,  1,  22.4,   1.0, 0.100
2025-11-11 12:50:39,        0,  29.8,   2.4,  25.2,  0.644, -0.007,  0.000,4358687.7,  1,  22.5,   1.0, 0.100
2025-11-11 12:50:41,        0,  29.8,   2.4,  25.2,  0.632, -0.008,  0.000,4358678.9,  1,  22.5,   1.0, 0.100
2025-11-11 12:50:41,        0,  29.9,   2.6,  25.3,  3.245,  2.016,  0.013,4359872.9,  1,  22.5,   1.0, 0.100
2025-11-11 12:50:42,        0,  29.9,   2.8,  25.2,  6.182,  4.191,  0.026,4363752.5,  1,  22.5,   1.0, 0.100
2025-11-11 12:50:43,        0,  29.7,   2.1,  25.3,  6.372,  4.357,  0.028,4367120.8,  1,  22.5,   1.0, 0.100
2025-11-11 12:50:45,        0,  29.7,   2.0,  25.2,  1.203,  0.042,  0.000,4367263.2,  1,  22.5,   1.0, 0.100
2025-11-11 12:50:45,        0,  29.5,   1.6,  25.3,  1.034,  0.003,  0.000,4367265.3,  1,  22.5,   1.0, 0.100
2025-11-11 12:50:46,        0,  29.4,   1.3,  25.2,  0.932, -0.005,  0.000,4367262.0,  1,  22.4,   1.0, 0.100
2025-11-11 12:50:47,        0,  29.5,   1.6,  25.2,  0.889, -0.007,  0.000,4367255.7,  1,  22.5,   1.0, 0.100
2025-11-11 12:50:49,        0,  29.5,   1.5,  25.2,  0.838, -0.007,  0.000,4367247.7,  1,  22.5,   1.0, 0.100
2025-11-11 12:50:49,        0,  29.5,   1.5,  25.2,  0.807, -0.007,  0.000,4367241.4,  1,  22.5,   1.0, 0.100
2025-11-11 12:50:50,        0,  29.5,   1.6,  25.2,  0.779, -0.007,  0.000,4367234.3,  1,  22.5,   1.0, 0.100
2025-11-11 12:50:51,        0,  29.5,   1.6,  25.2,  0.742, -0.008,  0.000,4367227.2,  1,  22.5,   1.0, 0.100
2025-11-11 12:50:53,        0,  29.5,   1.5,  25.2,  0.712, -0.008,  0.000,4367218.4,  1,  22.5,   1.0, 0.100
2025-11-11 12:50:53,        0,  29.5,   1.6,  25.2,  0.694, -0.008,  0.000,4367211.3,  1,  22.5,   1.0, 0.100
2025-11-11 12:50:54,        0,  29.6,   1.8,  25.2,  0.677, -0.008,  0.000,4367203.7,  1,  22.5,   1.0, 0.100
2025-11-11 12:50:55,        0,  29.6,   1.8,  25.2,  0.663, -0.008,  0.000,4367196.2,  1,  22.5,   1.0, 0.100
2025-11-11 12:50:57,        0,  29.5,   1.6,  25.2,  0.643, -0.008,  0.000,77727001190.2,  1,  22.5,   1.0, 0.100
2025-11-11 12:50:57,        0,  29.5,   1.6,  25.3,  0.626, -0.008,  0.000,4367179.8,  1,  22.5,   1.0, 0.100
2025-11-11 12:50:58,        0,  29.6,   1.8,  25.2,  0.615, -0.007,  0.000,4367172.7,  1,  22.5,   1.0, 0.100
2025-11-11 12:50:59,        0,  29.7,   2.0,  25.2,  0.605, -0.007,  0.000,4367165.6,  1,  22.5,   1.0, 0.100
2025-11-11 12:51:00,        0,  29.6,   1.8,  25.2,  0.591, -0.007,  0.000,4367158.5,  1,  22.4,   1.0, 0.100
2025-11-11 12:51:02,        0,  29.7,   2.1,  25.2,  0.583, -0.007,  0.000,4367149.2,  1,  22.5,   1.0, 0.100
2025-11-11 12:51:02,        0,  29.7,   2.0,  25.2,  0.570, -0.007,  0.000,4367142.1,  1,  22.5,   1.0, 0.100
2025-11-11 12:51:03,        0,  29.7,   2.1,  25.2,  0.563, -0.007,  0.000,4367135.4,  1,  22.5,   1.0, 0.100
2025-11-11 12:51:04,        0,  29.7,   2.1,  25.2,  0.556, -0.007,  0.000,4367127.9,  1,  22.5,   0.9, 0.100
2025-11-11 12:51:06,        0,  29.7,   2.1,  25.2,  0.546, -0.007,  0.000,4367119.9,  1,  22.5,   1.0, 0.100
2025-11-11 12:51:06,        0,  29.7,   2.1,  25.2,  0.540, -0.007,  0.000,4367113.2,  1,  22.5,   1.0, 0.100
2025-11-11 12:51:07,        0,  29.8,   2.3,  25.3,  0.531, -0.007,  0.000,4367106.5,  1,  22.5,   1.0, 0.100
2025-11-11 12:51:08,        0,  29.7,   2.1,  25.2,  0.526, -0.007,  0.000,4367099.4,  1,  22.5,   0.9, 0.100
2025-11-11 12:51:09,        0,  29.8,   2.3,  25.2,  0.520, -0.007,  0.000,4367092.7,  1,  22.5,   1.0, 0.100
2025-11-11 12:51:10,        0,  29.8,   2.3,  25.2,  0.513, -0.007,  0.000,4367084.7,  1,  22.5,   0.9, 0.100
2025-11-11 12:51:11,        0,  29.8,   2.4,  25.2,  0.508, -0.007,  0.000,4367078.0,  1,  22.5,   0.9, 0.100
2025-11-11 12:51:12,        0,  29.8,   2.4,  25.2,  0.502, -0.007,  0.000,4367071.3,  1,  22.5,   0.9, 0.100
2025-11-11 12:51:13,        0,  29.8,   2.3,  25.2,  0.497, -0.007,  0.000,4367064.6,  1,  22.5,   0.9, 0.100
2025-11-11 12:51:15,        0,  29.8,   2.4,  25.3,  0.492, -0.007,  0.000,4367056.2,  1,  22.5,   0.9, 0.100
2025-11-11 12:51:15,        0,  29.9,   2.6,  25.2,  0.488, -0.007,  0.000,4367049.5,  1,  22.5,   1.0, 0.100
2025-11-11 12:51:16,        0,  29.9,   2.6,  25.2,  0.482, -0.007,  0.000,4367043.6,  1,  22.5,   0.9, 0.100
2025-11-11 12:51:17,        0,  29.9,   2.6,  25.2,  0.478, -0.007,  0.000,4367036.9,  1,  22.5,   1.0, 0.100
2025-11-11 12:51:19,        0,  29.9,   2.6,  25.2,  0.473, -0.006,  0.000,4367029.4,  1,  22.5,   0.9, 0.100
2025-11-11 12:51:19,        0,  29.9,   2.6,  25.2,  5.535,  3.782,  0.024,4369445.5,  1,  22.5,   0.9, 0.100
2025-11-11 12:51:20,        0,  29.9,   2.8,  25.2,  6.381,  4.360,  0.028,4373613.0,  1,  22.5,   0.9, 0.100
2025-11-11 12:51:21,        0,  29.7,   2.1,  25.2,  3.977,  2.242,  0.011,4376731.4,  1,  22.5,   0.9, 0.100
2025-11-11 12:51:22,        0,  29.2,   0.6,  25.2,  1.222,  0.051,  0.000,4376836.2,  1,  22.5,   0.9, 0.100
2025-11-11 12:51:24,        0,  29.2,   0.5,  25.2,  0.992, -0.001,  0.000,4376840.0,  1,  22.5,   0.9, 0.100
2025-11-11 12:51:24,        0,  29.3,   0.8,  25.2,  0.932, -0.004,  0.000,4376835.8,  1,  22.5,   0.9, 0.100
2025-11-11 12:51:25,        0,  29.4,   1.3,  25.2,  0.889, -0.006,  0.000,4376829.5,  1,  22.5,   0.9, 0.100
2025-11-11 12:51:26,        0,  29.4,   1.3,  25.2,  0.835, -0.007,  0.000,4376823.2,  1,  22.5,   0.9, 0.100
2025-11-11 12:51:28,        0,  29.4,   1.3,  25.2,  0.806, -0.007,  0.000,4376815.3,  1,  22.5,   0.9, 0.100
2025-11-11 12:51:28,        0,  29.4,   1.3,  25.2,  0.765, -0.007,  0.000,4376808.6,  1,  22.5,   0.9, 0.100
2025-11-11 12:51:29,        0,  29.4,   1.3,  25.2,  0.740, -0.007,  0.000,4376801.4,  1,  22.5,   0.9, 0.100
2025-11-11 12:51:30,        0,  29.5,   1.5,  25.2,  0.719, -0.008,  0.000,4376794.3,  1,  22.5,   0.9, 0.100
2025-11-11 12:51:31,        0,  29.5,   1.6,  25.2,  0.692, -0.007,  0.000,4376787.2,  1,  22.5,   0.9, 0.100
2025-11-11 12:51:32,        0,  29.5,   1.6,  25.2,  0.667, -0.007,  0.000,4376778.8,  1,  22.5,   0.9, 0.100
2025-11-11 12:51:33,        0,  29.5,   1.6,  25.2,  0.652, -0.008,  0.000,4376770.8,  1,  22.5,   0.9, 0.100
2025-11-11 12:51:34,        0,  29.5,   1.6,  25.2,  0.638, -0.007,  0.000,4376764.1,  1,  22.5,   0.9, 0.100
2025-11-11 12:51:35,        0,  29.5,   1.6,  25.2,  0.626, -0.008,  0.000,4376757.0,  1,  22.5,   0.9, 0.100
2025-11-11 12:51:37,        0,  29.5,   1.6,  25.2,  0.609, -0.008,  0.000,4376748.2,  1,  22.5,   0.9, 0.100
2025-11-11 12:51:37,        0,  29.6,   1.8,  25.2,  0.593, -0.007,  0.000,4376741.1,  1,  22.5,   0.9, 0.100
2025-11-11 12:51:38,        0,  29.5,   1.6,  25.2,  0.583, -0.007,  0.000,4376734.4,  1,  22.5,   0.9, 0.100
2025-11-11 12:51:39,        0,  29.6,   1.8,  25.2,  0.574, -0.007,  0.000,4376727.7,  1,  22.5,   0.9, 0.100
2025-11-11 12:51:41,        0,  29.6,   1.8,  25.2,  0.561, -0.007,  0.000,4376719.3,  1,  22.4,   0.9, 0.100
2025-11-11 12:51:41,        0,  29.6,   1.8,  25.2,  0.553, -0.007,  0.000,4376713.0,  1,  22.5,   0.9, 0.100
2025-11-11 12:51:42,        0,  29.6,   1.8,  25.2,  0.542, -0.007,  0.000,4376705.5,  1,  22.5,   0.9, 0.100
2025-11-11 12:51:43,        0,  29.7,   2.0,  25.2,  0.534, -0.007,  0.000,4376699.6,  1,  22.5,   0.9, 0.100
2025-11-11 12:51:45,        0,  29.7,   2.0,  25.2,  0.525, -0.007,  0.000,4376691.2,  1,  22.5,   0.9, 0.100
2025-11-11 12:51:45,        0,  29.7,   2.0,  25.2,  0.519, -0.007,  0.000,4376684.1,  1,  22.5,   0.9, 0.100
2025-11-11 12:51:46,        0,  29.7,   2.0,  25.2,  0.513, -0.006,  0.000,4376677.8,  1,  22.5,   0.9, 0.100
2025-11-11 12:51:47,        0,  29.7,   2.0,  25.2,  0.504, -0.007,  0.000,4376671.9,  1,  22.5,   0.9, 0.100
2025-11-11 12:51:48,        0,  29.7,   2.0,  25.2,  0.498, -0.007,  0.000,4376665.2,  1,  22.5,   0.9, 0.100
2025-11-11 12:51:49,        0,  29.7,   2.0,  25.2,  0.492, -0.006,  0.000,4376657.7,  1,  22.5,   0.9, 0.100
2025-11-11 12:51:50,        0,  29.7,   2.1,  25.2,  0.487, -0.007,  0.000,4376651.4,  1,  22.5,   0.9, 0.100
2025-11-11 12:51:51,        0,  29.7,   2.1,  25.1,  0.482, -0.007,  0.000,4376645.1,  1,  22.5,   0.9, 0.100
2025-11-11 12:51:52,        0,  29.8,   2.3,  25.2,  0.476, -0.007,  0.000,4376638.4,  1,  22.5,   0.9, 0.100
2025-11-11 12:51:54,        0,  29.7,   2.1,  25.2,  0.470, -0.006,  0.000,4376630.9,  1,  22.5,   0.9, 0.100
2025-11-11 12:51:54,        0,  29.8,   2.3,  25.2,  0.466, -0.007,  0.000,4376625.0,  1,  22.5,   0.9, 0.100
2025-11-11 12:51:55,        0,  29.7,   2.1,  25.2,  0.462, -0.007,  0.000,4376618.3,  1,  22.5,   0.9, 0.100
2025-11-11 12:51:56,        0,  29.8,   2.3,  25.1,  0.456, -0.007,  0.000,4376612.0,  1,  22.5,   0.9, 0.100
2025-11-11 12:51:57,        0,  29.7,   2.1,  25.2,  0.453, -0.007,  0.000,4376606.1,  1,  22.5,   0.9, 0.100
2025-11-11 12:51:58,        0,  29.7,   2.1,  25.2,  0.448, -0.006,  0.000,4376599.0,  1,  22.5,   0.9, 0.100
2025-11-11 12:51:59,        0,  29.8,   2.4,  25.2,  0.444, -0.007,  0.000,4376592.7,  1,  22.5,   0.9, 0.100
2025-11-11 12:52:00,        0,  29.8,   2.4,  25.2,  0.441, -0.007,  0.000,4376586.4,  1,  22.5,   0.8, 0.100
2025-11-11 12:52:01,        0,  29.8,   2.4,  25.2,  0.437, -0.006,  0.000,4376580.6,  1,  22.5,   0.8, 0.100
2025-11-11 12:52:03,        0,  29.8,   2.4,  25.2,  0.434, -0.006,  0.000,4376573.4,  1,  22.5,   0.8, 0.100
2025-11-11 12:52:03,        0,  29.9,   2.6,  25.2,  0.429, -0.006,  0.000,4376568.0,  1,  22.5,   0.8, 0.100
2025-11-11 12:52:04,        0,  29.8,   2.5,  25.2,  0.426, -0.005,  0.000,4376562.1,  1,  22.5,   0.8, 0.100
2025-11-11 12:52:05,        0,  29.9,   2.6,  25.2,  0.424, -0.006,  0.000,4376556.3,  1,  22.5,   0.8, 0.100
2025-11-11 12:52:07,        0,  29.9,   2.6,  25.2,  0.420, -0.006,  0.000,4376549.1,  1,  22.5,   0.9, 0.100
2025-11-11 12:52:07,        0,  29.9,   2.6,  25.2,  0.417, -0.006,  0.000,4376543.7,  1,  22.5,   0.8, 0.100
2025-11-11 12:52:08,        0,  29.9,   2.6,  25.2,  0.413, -0.006,  0.000,4376537.8,  1,  22.5,   0.8, 0.100
2025-11-11 12:52:09,        0,  29.9,   2.8,  25.2,  1.080,  0.534,  0.003,4377798.5,  1,  22.5,   0.8, 0.100
2025-11-11 12:52:10,        0,  29.8,   2.3,  25.2,  6.391,  4.361,  0.028,4381966.8,  1,  22.5,   0.8, 0.100
2025-11-11 12:52:12,        0,  29.3,   1.0,  25.1,  1.436,  0.154,  0.000,4382755.1,  1,  22.5,   0.9, 0.100
2025-11-11 12:52:12,        0,  29.8,   2.3,  25.2,  1.015,  0.004,  0.000,4382764.7,  1,  22.5,   0.8, 0.100
2025-11-11 12:52:13,        0,  29.6,   1.8,  25.2,  0.941, -0.004,  0.000,4382762.6,  1,  22.5,   0.9, 0.100
2025-11-11 12:52:14,        0,  29.6,   1.8,  25.2,  0.894, -0.006,  0.000,4382756.8,  1,  22.5,   0.8, 0.100
2025-11-11 12:52:16,        0,  29.6,   1.8,  25.2,  0.836, -0.006,  0.000,4382749.2,  1,  22.5,   0.8, 0.100
2025-11-11 12:52:16,        0,  29.7,   2.0,  25.2,  0.801, -0.007,  0.000,4382743.4,  1,  22.5,   0.9, 0.100
2025-11-11 12:52:17,        0,  29.6,   1.8,  25.2,  0.757, -0.007,  0.000,4382736.7,  1,  22.5,   0.8, 0.100
2025-11-11 12:52:18,        0,  29.7,   2.0,  25.2,  0.731, -0.007,  0.000,4382729.9,  1,  22.5,   0.8, 0.100
2025-11-11 12:52:19,        0,  29.7,   2.1,  25.2,  0.708, -0.007,  0.000,4382723.2,  1,  22.5,   0.9, 0.100
2025-11-11 12:52:21,        0,  29.7,   2.0,  25.2,  0.680, -0.007,  0.000,4382714.9,  1,  22.5,   0.8, 0.100
2025-11-11 12:52:21,        0,  29.7,   2.1,  25.2,  0.662, -0.008,  0.000,4382708.2,  1,  22.5,   0.8, 0.100
2025-11-11 12:52:22,        0,  29.7,   2.1,  25.1,  0.639, -0.007,  0.000,4382701.0,  1,  22.5,   0.9, 0.100
2025-11-11 12:52:23,        0,  29.7,   2.0,  25.2,  0.625, -0.007,  0.000,4382693.9,  1,  22.5,   0.9, 0.100
2025-11-11 12:52:25,        0,  29.7,   2.0,  25.2,  0.606, -0.007,  0.000,4382685.5,  1,  22.5,   0.9, 0.100
2025-11-11 12:52:25,        0,  29.7,   2.1,  25.1,  0.594, -0.007,  0.000,4382678.8,  1,  22.5,   1.0, 0.100
2025-11-11 12:52:26,        0,  29.7,   2.1,  25.1,  0.583, -0.007,  0.000,4382672.1,  1,  22.5,   1.0, 0.100
2025-11-11 12:52:27,        0,  29.7,   2.1,  25.2,  0.567, -0.007,  0.000,4382665.8,  1,  22.5,   1.0, 0.100
2025-11-11 12:52:28,        0,  29.8,   2.3,  25.2,  0.557, -0.007,  0.000,4382659.1,  1,  22.5,   1.0, 0.100
2025-11-11 12:52:30,        0,  29.8,   2.3,  25.1,  0.544, -0.007,  0.000,4382650.7,  1,  22.5,   1.0, 0.100
2025-11-11 12:52:30,        0,  29.8,   2.3,  25.2,  0.536, -0.006,  0.000,4382644.5,  1,  22.5,   0.9, 0.100
2025-11-11 12:52:31,        0,  29.8,   2.3,  25.1,  0.524, -0.007,  0.000,4382638.2,  1,  22.5,   1.0, 0.100
2025-11-11 12:52:32,        0,  29.8,   2.4,  25.2,  0.516, -0.007,  0.000,4382631.9,  1,  22.5,   1.0, 0.100
2025-11-11 12:52:34,        0,  29.8,   2.4,  25.2,  0.505, -0.007,  0.000,4382624.3,  1,  22.5,   0.9, 0.100
2025-11-11 12:52:34,        0,  29.8,   2.4,  25.1,  0.499, -0.007,  0.000,4382617.6,  1,  22.5,   0.9, 0.100
2025-11-11 12:52:35,        0,  29.8,   2.4,  25.1,  0.493, -0.006,  0.000,4382611.8,  1,  22.5,   0.9, 0.100
2025-11-11 12:52:36,        0,  29.8,   2.4,  25.1,  0.484, -0.007,  0.000,4382605.1,  1,  22.5,   0.9, 0.100
2025-11-11 12:52:38,        0,  29.9,   2.6,  25.1,  0.479, -0.007,  0.000,4382597.9,  1,  22.5,   0.9, 0.100
2025-11-11 12:52:39,        0,  29.8,   2.4,  25.1,  0.471, -0.006,  0.000,4382591.6,  1,  22.5,   0.9, 0.100
2025-11-11 12:52:39,        0,  29.8,   2.4,  25.1,  0.466, -0.007,  0.000,4382585.4,  1,  22.5,   0.8, 0.100
2025-11-11 12:52:40,        0,  29.9,   2.6,  25.2,  0.461, -0.006,  0.000,4382579.9,  1,  22.6,   0.8, 0.100
2025-11-11 12:52:41,        0,  29.9,   2.6,  25.1,  3.474,  2.259,  0.014,4383789.4,  1,  22.6,   0.9, 0.100
2025-11-11 12:52:43,        0,  29.9,   2.6,  25.1,  6.392,  4.357,  0.028,4388776.7,  1,  22.5,   0.8, 0.100
2025-11-11 12:52:43,        0,  29.5,   1.5,  25.1,  2.071,  0.614,  0.001,4390697.8,  1,  22.5,   0.8, 0.100
2025-11-11 12:52:44,        0,  29.6,   1.8,  25.2,  1.140,  0.026,  0.000,4390734.2,  1,  22.5,   0.8, 0.100
2025-11-11 12:52:45,        0,  29.3,   1.0,  25.2,  1.005,  0.001,  0.000,4390734.7,  1,  22.5,   0.8, 0.100
2025-11-11 12:52:46,        0,  29.6,   1.8,  25.1,  0.915, -0.005,  0.000,4390729.2,  1,  22.5,   0.8, 0.100
2025-11-11 12:52:47,        0,  29.4,   1.1,  25.1,  0.872, -0.006,  0.000,4390723.4,  1,  22.5,   0.8, 0.100
2025-11-11 12:52:48,        0,  29.5,   1.6,  25.2,  0.820, -0.007,  0.000,4390717.1,  1,  22.5,   0.8, 0.100
2025-11-11 12:52:50,        0,  29.4,   1.1,  25.1,  0.773, -0.007,  0.000,4390709.5,  1,  22.5,   0.8, 0.100
2025-11-11 12:52:51,        0,  29.5,   1.6,  25.2,  0.747, -0.007,  0.000,4390702.4,  1,  22.5,   0.8, 0.100
2025-11-11 12:52:51,        0,  29.5,   1.5,  25.2,  0.723, -0.007,  0.000,4390695.7,  1,  22.5,   0.8, 0.100
2025-11-11 12:52:52,        0,  29.5,   1.6,  25.2,  0.702, -0.007,  0.000,4390689.0,  1,  22.5,   0.8, 0.100
2025-11-11 12:52:53,        0,  29.5,   1.6,  25.1,  0.674, -0.007,  0.000,4390681.9,  1,  22.5,   0.8, 0.100
2025-11-11 12:52:55,        0,  29.5,   1.6,  25.1,  0.650, -0.007,  0.000,4390673.1,  1,  22.5,   0.8, 0.100
2025-11-11 12:52:55,        0,  29.5,   1.5,  25.2,  0.636, -0.007,  0.000,4390666.8,  1,  22.5,   0.8, 0.100
2025-11-11 12:52:56,        0,  29.5,   1.6,  25.1,  0.622, -0.007,  0.000,4390659.6,  1,  22.5,   0.8, 0.100
2025-11-11 12:52:57,        0,  29.5,   1.6,  25.1,  0.609, -0.007,  0.000,4390652.9,  1,  22.5,   0.8, 0.100
2025-11-11 12:52:59,        0,  29.6,   1.8,  25.2,  0.592, -0.007,  0.000,4390644.6,  1,  22.5,   0.8, 0.100
2025-11-11 12:52:59,        0,  29.5,   1.6,  25.1,  0.576, -0.007,  0.000,4390637.9,  1,  22.5,   0.8, 0.100
2025-11-11 12:53:00,        0,  29.6,   1.8,  25.1,  0.565, -0.007,  0.000,4390631.6,  1,  22.5,   0.8, 0.100
2025-11-11 12:53:01,        0,  29.7,   2.0,  25.1,  0.556, -0.007,  0.000,4390625.3,  1,  22.5,   0.8, 0.100
2025-11-11 12:53:03,        0,  29.6,   1.8,  25.2,  0.542, -0.007,  0.000,4390617.3,  1,  22.5,   0.8, 0.100
2025-11-11 12:53:03,        0,  29.6,   1.8,  25.1,  0.534, -0.007,  0.000,4390611.0,  1,  22.5,   0.8, 0.100
2025-11-11 12:53:04,        0,  29.6,   1.8,  25.1,  0.522, -0.007,  0.000,4390604.3,  1,  22.5,   0.8, 0.100
2025-11-11 12:53:05,        0,  29.6,   1.8,  25.1,  0.514, -0.007,  0.000,4390597.6,  1,  22.5,   0.8, 0.100
2025-11-11 12:53:07,        0,  29.7,   2.0,  25.1,  0.504, -0.007,  0.000,4390590.1,  1,  22.5,   0.8, 0.100
2025-11-11 12:53:07,        0,  29.6,   1.8,  25.2,  0.497, -0.007,  0.000,4390583.8,  1,  22.5,   0.8, 0.100
2025-11-11 12:53:08,        0,  29.7,   2.0,  25.1,  0.491, -0.006,  0.000,4390578.3,  1,  22.5,   0.8, 0.100
2025-11-11 12:53:09,        0,  29.7,   2.0,  25.2,  0.482, -0.007,  0.000,4390571.6,  1,  22.5,   0.8, 0.100
2025-11-11 12:53:11,        0,  29.7,   2.1,  25.1,  0.477, -0.006,  0.000,4390564.5,  1,  22.5,   0.8, 0.100
2025-11-11 12:53:11,        0,  29.7,   2.1,  25.1,  0.469, -0.006,  0.000,4390558.6,  1,  22.5,   0.8, 0.100
2025-11-11 12:53:12,        0,  29.7,   2.1,  25.1,  0.463, -0.006,  0.000,4390552.4,  1,  22.5,   0.8, 0.100
2025-11-11 12:53:13,        0,  29.7,   2.0,  25.1,  0.458, -0.006,  0.000,4390546.9,  1,  22.5,   0.8, 0.100
2025-11-11 12:53:14,        0,  29.8,   2.3,  25.1,  0.452, -0.006,  0.000,4390541.0,  1,  22.5,   0.8, 0.100
2025-11-11 12:53:16,        0,  29.7,   2.1,  25.1,  0.445, -0.006,  0.000,4390533.9,  1,  22.5,   0.8, 0.100
2025-11-11 12:53:16,        0,  29.7,   2.1,  25.1,  0.440, -0.006,  0.000,4390527.6,  1,  22.5,   0.8, 0.100
2025-11-11 12:53:17,        0,  29.8,   2.3,  25.1,  0.436, -0.006,  0.000,4390522.2,  1,  22.5,   0.8, 0.100
2025-11-11 12:53:18,        0,  29.8,   2.3,  25.1,  0.432, -0.006,  0.000,4390516.3,  1,  22.5,   0.8, 0.100
2025-11-11 12:53:20,        0,  29.7,   2.1,  25.1,  0.427, -0.006,  0.000,4390509.6,  1,  22.4,   0.9, 0.100
2025-11-11 12:53:20,        0,  29.8,   2.3,  25.1,  0.421, -0.006,  0.000,4390503.7,  1,  22.5,   0.8, 0.100
2025-11-11 12:53:21,        0,  29.8,   2.3,  25.1,  0.418, -0.006,  0.000,4390498.3,  1,  22.5,   0.8, 0.100
2025-11-11 12:53:22,        0,  29.8,   2.3,  25.1,  0.414, -0.005,  0.000,4390492.8,  1,  22.5,   0.8, 0.100
2025-11-11 12:53:23,        0,  29.8,   2.4,  25.1,  0.409, -0.005,  0.000,4390487.4,  1,  22.5,   0.8, 0.100
2025-11-11 12:53:24,        0,  29.8,   2.4,  25.2,  0.406, -0.006,  0.000,4390481.5,  1,  22.5,   0.9, 0.100
2025-11-11 12:53:25,        0,  29.8,   2.4,  25.1,  0.400, -0.005,  0.000,4390475.7,  1,  22.4,   0.8, 0.100
2025-11-11 12:53:26,        0,  29.8,   2.4,  25.1,  0.398, -0.005,  0.000,4390471.1,  1,  22.4,   0.9, 0.100
2025-11-11 12:53:27,        0,  29.8,   2.4,  25.1,  0.395, -0.005,  0.000,4390465.2,  1,  22.5,   0.9, 0.100
2025-11-11 12:53:29,        0,  29.9,   2.6,  25.1,  0.390, -0.005,  0.000,4390458.9,  1,  22.5,   0.9, 0.100
2025-11-11 12:53:29,        0,  29.8,   2.4,  25.1,  0.388, -0.005,  0.000,4390453.9,  1,  22.4,   0.9, 0.100
2025-11-11 12:53:30,        0,  29.9,   2.6,  25.1,  0.383, -0.005,  0.000,4390448.4,  1,  22.5,   0.9, 0.100
2025-11-11 12:53:31,        0,  29.9,   2.6,  25.1,  0.380, -0.005,  0.000,4390443.8,  1,  22.4,   0.9, 0.100
2025-11-11 12:53:33,        0,  29.9,   2.6,  25.1,  0.376, -0.005,  0.000,4390437.5,  1,  22.4,   0.9, 0.100
2025-11-11 12:53:33,        0,  29.9,   2.6,  25.1,  0.373, -0.005,  0.000,4390432.5,  1,  22.5,   0.9, 0.100
2025-11-11 12:53:34,        0,  29.9,   2.6,  25.1,  0.371, -0.005,  0.000,4390427.9,  1,  22.4,   0.9, 0.100
2025-11-11 12:53:35,        0,  29.9,   2.6,  25.1,  0.367, -0.005,  0.000,4390754.8,  1,  22.5,   0.9, 0.100
2025-11-11 12:53:36,        0,  29.9,   2.6,  25.1,  6.401,  4.360,  0.028,4394927.3,  1,  22.4,   0.9, 0.100
2025-11-11 12:53:38,        0,  29.8,   2.4,  25.1,  3.817,  2.093,  0.010,4398373.5,  1,  22.4,   0.9, 0.100
2025-11-11 12:53:38,        0,  29.5,   1.6,  25.1,  1.221,  0.049,  0.000,4398434.3,  1,  22.5,   0.9, 0.100
2025-11-11 12:53:39,        0,  29.7,   2.0,  25.1,  0.987, -0.000,  0.000,4398437.6,  1,  22.4,   0.9, 0.100
2025-11-11 12:53:40,        0,  29.3,   1.0,  25.1,  0.926, -0.005,  0.000,4398433.0,  1,  22.4,   0.9, 0.100
2025-11-11 12:53:42,        0,  29.5,   1.5,  25.1,  0.863, -0.007,  0.000,4398425.9,  1,  22.4,   0.9, 0.100
2025-11-11 12:53:42,        0,  29.5,   1.5,  25.1,  0.826, -0.007,  0.000,4398419.2,  1,  22.5,   0.9, 0.100
2025-11-11 12:53:43,        0,  29.5,   1.5,  25.1,  0.794, -0.007,  0.000,4398413.3,  1,  22.4,   1.0, 0.100
2025-11-11 12:53:44,        0,  29.5,   1.5,  25.1,  0.751, -0.007,  0.000,4398407.0,  1,  22.4,   0.9, 0.100
2025-11-11 12:53:46,        0,  29.5,   1.6,  25.1,  0.727, -0.007,  0.000,4398399.1,  1,  22.4,   1.0, 0.100
2025-11-11 12:53:46,        0,  29.5,   1.6,  25.1,  0.694, -0.007,  0.000,4398391.5,  1,  22.4,   1.0, 0.100
2025-11-11 12:53:47,        0,  29.5,   1.6,  25.1,  0.676, -0.007,  0.000,4398384.4,  1,  22.5,   1.0, 0.100
2025-11-11 12:53:48,        0,  29.5,   1.5,  25.1,  0.659, -0.007,  0.000,4398377.7,  1,  22.4,   0.9, 0.100
2025-11-11 12:53:50,        0,  29.5,   1.6,  25.1,  0.636, -0.008,  0.000,4398369.3,  1,  22.4,   1.0, 0.100
2025-11-11 12:53:50,        0,  29.6,   1.8,  25.1,  0.622, -0.007,  0.000,4398362.2,  1,  22.5,   0.9, 0.100
2025-11-11 12:53:51,        0,  29.5,   1.6,  25.1,  0.602, -0.007,  0.000,4398355.5,  1,  22.4,   1.0, 0.100
2025-11-11 12:53:52,        0,  29.5,   1.6,  25.1,  0.589, -0.007,  0.000,4398348.8,  1,  22.4,   0.9, 0.100
2025-11-11 12:53:54,        0,  29.6,   1.8,  25.1,  0.573, -0.007,  0.000,4398340.8,  1,  22.4,   0.9, 0.100
2025-11-11 12:53:54,        0,  29.5,   1.6,  25.1,  0.562, -0.007,  0.000,4398333.7,  1,  22.4,   0.9, 0.100
2025-11-11 12:53:55,        0,  29.6,   1.8,  25.1,  0.552, -0.006,  0.000,4398327.4,  1,  22.5,   0.9, 0.100
2025-11-11 12:53:56,        0,  29.6,   1.8,  25.1,  0.538, -0.007,  0.000,4398320.7,  1,  22.4,   0.9, 0.100
2025-11-11 12:53:57,        0,  29.6,   1.8,  25.1,  0.529, -0.007,  0.000,4398314.4,  1,  22.5,   0.9, 0.100
2025-11-11 12:53:59,        0,  29.7,   2.0,  25.1,  0.517, -0.006,  0.000,4398307.3,  1,  22.5,   0.9, 0.100
2025-11-11 12:53:59,        0,  29.7,   2.0,  25.1,  0.509, -0.006,  0.000,4398300.6,  1,  22.4,   0.9, 0.100
2025-11-11 12:54:00,        0,  29.7,   2.0,  25.1,  0.497, -0.006,  0.000,4398294.3,  1,  22.4,   0.9, 0.100
2025-11-11 12:54:01,        0,  29.6,   1.8,  25.1,  0.490, -0.006,  0.000,4398288.9,  1,  22.4,   0.9, 0.100
2025-11-11 12:54:03,        0,  29.7,   2.0,  25.1,  0.480, -0.006,  0.000,4398280.9,  1,  22.4,   0.8, 0.100
2025-11-11 12:54:03,        0,  29.7,   2.0,  25.1,  0.474, -0.006,  0.000,4398275.4,  1,  22.5,   0.8, 0.100
2025-11-11 12:54:04,        0,  29.7,   2.0,  25.1,  0.468, -0.006,  0.000,4398269.6,  1,  22.5,   0.9, 0.100
2025-11-11 12:54:05,        0,  29.6,   1.8,  25.1,  0.460, -0.006,  0.000,4398263.3,  1,  22.4,   0.9, 0.100
2025-11-11 12:54:06,        0,  29.7,   2.0,  25.2,  0.454, -0.006,  0.000,4398257.8,  1,  22.4,   0.9, 0.100
2025-11-11 12:54:07,        0,  29.7,   2.0,  25.1,  0.446, -0.006,  0.000,4398250.7,  1,  22.4,   0.9, 0.100
2025-11-11 12:54:08,        0,  29.7,   2.0,  25.1,  0.441, -0.006,  0.000,4398245.3,  1,  22.4,   0.9, 0.100
2025-11-11 12:54:09,        0,  29.7,   2.1,  25.1,  0.436, -0.006,  0.000,4398239.4,  1,  22.4,   0.9, 0.100
2025-11-11 12:54:10,        0,  29.7,   2.0,  25.1,  0.429, -0.006,  0.000,4398234.4,  1,  22.4,   0.9, 0.100
2025-11-11 12:54:12,        0,  29.7,   2.1,  25.1,  0.425, -0.006,  0.000,4398227.7,  1,  22.4,   0.9, 0.100
2025-11-11 12:54:12,        0,  29.7,   2.1,  25.1,  0.418, -0.006,  0.000,4398221.8,  1,  22.4,   0.9, 0.100
2025-11-11 12:54:13,        0,  29.7,   2.1,  25.1,  0.414, -0.006,  0.000,4398216.4,  1,  22.5,   0.9, 0.100
2025-11-11 12:54:14,        0,  29.8,   2.3,  25.1,  0.410, -0.005,  0.000,4398211.3,  1,  22.5,   0.9, 0.100
2025-11-11 12:54:16,        0,  29.7,   2.1,  25.1,  0.404, -0.005,  0.000,4398205.5,  1,  22.5,   0.9, 0.100
2025-11-11 12:54:16,        0,  29.7,   2.1,  25.1,  0.399, -0.005,  0.000,4398200.4,  1,  22.5,   0.9, 0.100
2025-11-11 12:54:17,        0,  29.7,   2.1,  25.1,  0.395, -0.005,  0.000,4398195.0,  1,  22.5,   0.9, 0.100
2025-11-11 12:54:18,        0,  29.7,   2.1,  25.1,  0.391, -0.005,  0.000,4398190.0,  1,  22.4,   0.9, 0.100
2025-11-11 12:54:19,        0,  29.8,   2.3,  25.1,  0.389, -0.005,  0.000,4398184.9,  1,  22.5,   0.9, 0.100
2025-11-11 12:54:21,        0,  29.8,   2.3,  25.1,  0.383, -0.005,  0.000,4398178.6,  1,  22.4,   0.9, 0.100
2025-11-11 12:54:21,        0,  29.8,   2.3,  25.1,  0.378, -0.005,  0.000,4398173.2,  1,  22.5,   0.9, 0.100
2025-11-11 12:54:22,        0,  29.8,   2.3,  25.1,  0.375, -0.005,  0.000,4398168.6,  1,  22.4,   0.9, 0.100
2025-11-11 12:54:23,        0,  29.8,   2.4,  25.1,  0.372, -0.005,  0.000,4398164.0,  1,  22.5,   0.9, 0.100
2025-11-11 12:54:25,        0,  29.8,   2.3,  25.1,  0.367, -0.005,  0.000,4398158.1,  1,  22.5,   0.9, 0.100
2025-11-11 12:54:25,        0,  29.8,   2.4,  25.1,  0.364, -0.005,  0.000,4398152.7,  1,  22.4,   0.9, 0.100
2025-11-11 12:54:26,        0,  29.8,   2.3,  25.1,  0.360, -0.005,  0.000,4398148.5,  1,  22.4,   0.9, 0.100
2025-11-11 12:54:27,        0,  29.8,   2.4,  25.1,  0.358, -0.005,  0.000,4398143.4,  1,  22.4,   0.9, 0.100
2025-11-11 12:54:28,        0,  29.8,   2.4,  25.1,  0.354, -0.005,  0.000,4398138.8,  1,  22.5,   0.9, 0.100
2025-11-11 12:54:30,        0,  29.8,   2.4,  25.1,  0.351, -0.005,  0.000,4398133.4,  1,  22.4,   0.9, 0.100
2025-11-11 12:54:30,        0,  29.8,   2.4,  25.1,  0.348, -0.005,  0.000,4398128.3,  1,  22.5,   0.9, 0.100
2025-11-11 12:54:31,        0,  29.9,   2.6,  25.1,  0.344, -0.005,  0.000,4398123.7,  1,  22.4,   0.9, 0.100
2025-11-11 12:54:32,        0,  29.9,   2.6,  25.1,  0.342, -0.005,  0.000,4398119.1,  1,  22.5,   0.9, 0.100
2025-11-11 12:54:34,        0,  29.9,   2.8,  25.1,  0.338, -0.004,  0.000,4398114.1,  1,  22.5,   0.9, 0.100
2025-11-11 12:54:34,        0,  29.9,   2.6,  25.1,  6.413,  4.363,  0.028,4401726.7,  1,  22.5,   0.9, 0.100
2025-11-11 12:54:35,        0,  29.8,   2.3,  25.1,  6.411,  4.361,  0.028,4405084.1,  1,  22.5,   0.9, 0.100
2025-11-11 12:54:36,        0,  29.5,   1.5,  25.1,  1.231,  0.050,  0.000,4405217.3,  1,  22.5,   0.9, 0.100
2025-11-11 12:54:38,        0,  29.8,   2.3,  25.1,  0.993, -0.000,  0.000,4405224.0,  1,  22.5,   0.8, 0.100
2025-11-11 12:54:38,        0,  29.4,   1.1,  25.1,  0.930, -0.004,  0.000,4405219.9,  1,  22.5,   0.9, 0.100
2025-11-11 12:54:39,        0,  29.6,   1.8,  25.1,  0.883, -0.006,  0.000,4405214.4,  1,  22.5,   0.8, 0.100
2025-11-11 12:54:40,        0,  29.5,   1.5,  25.1,  0.844, -0.006,  0.000,4405207.7,  1,  22.5,   0.8, 0.100
2025-11-11 12:54:42,        0,  29.6,   1.8,  25.1,  0.794, -0.007,  0.000,4405200.2,  1,  22.4,   0.8, 0.100
2025-11-11 12:54:42,        0,  29.6,   1.8,  25.1,  0.750, -0.007,  0.000,4405193.9,  1,  22.5,   0.8, 0.100
2025-11-11 12:54:43,        0,  29.6,   1.8,  25.1,  0.725, -0.007,  0.000,4405187.2,  1,  22.5,   0.8, 0.100
2025-11-11 12:54:44,        0,  29.6,   1.8,  25.1,  0.702, -0.007,  0.000,4405180.5,  1,  22.5,   0.8, 0.100
2025-11-11 12:54:46,        0,  29.6,   1.8,  25.1,  0.673, -0.007,  0.000,4405172.1,  1,  22.5,   0.8, 0.100
2025-11-11 12:54:46,        0,  29.6,   1.8,  25.1,  0.655, -0.007,  0.000,4405165.4,  1,  22.5,   0.8, 0.100
2025-11-11 12:54:47,        0,  29.6,   1.8,  25.1,  0.632, -0.007,  0.000,4405158.7,  1,  22.5,   0.8, 0.100
2025-11-11 12:54:48,        0,  29.7,   2.0,  25.1,  0.618, -0.007,  0.000,4405151.5,  1,  22.5,   0.8, 0.100
2025-11-11 12:54:50,        0,  29.6,   1.8,  25.1,  0.598, -0.007,  0.000,4405143.6,  1,  22.5,   0.8, 0.100
2025-11-11 12:54:50,        0,  29.7,   2.0,  25.1,  0.585, -0.007,  0.000,4405136.9,  1,  22.4,   0.8, 0.100
2025-11-11 12:54:51,        0,  29.7,   2.0,  25.1,  0.574, -0.007,  0.000,4405131.0,  1,  22.5,   0.8, 0.100
2025-11-11 12:54:52,        0,  29.7,   2.0,  25.1,  0.558, -0.007,  0.000,4405124.3,  1,  22.5,   0.8, 0.100
2025-11-11 12:54:54,        0,  29.6,   1.8,  25.1,  0.547, -0.007,  0.000,4405116.8,  1,  22.5,   0.8, 0.100
2025-11-11 12:54:54,        0,  29.7,   2.0,  25.1,  0.533, -0.007,  0.000,4405110.0,  1,  22.5,   0.8, 0.100
2025-11-11 12:54:55,        0,  29.7,   2.0,  25.1,  0.524, -0.007,  0.000,4405103.8,  1,  22.5,   0.8, 0.100
2025-11-11 12:54:56,        0,  29.7,   2.0,  25.1,  0.514, -0.006,  0.000,4405097.9,  1,  22.5,   0.8, 0.100
2025-11-11 12:54:58,        0,  29.7,   2.0,  25.1,  0.502, -0.007,  0.000,4405090.8,  1,  22.5,   0.8, 0.100
2025-11-11 12:54:59,        0,  29.7,   2.0,  25.1,  0.495, -0.006,  0.000,4405084.5,  1,  22.5,   0.8, 0.100
2025-11-11 12:54:59,        0,  29.7,   2.0,  25.0,  0.484, -0.006,  0.000,4405078.6,  1,  22.4,   0.8, 0.100
2025-11-11 12:55:00,        0,  29.7,   2.1,  25.1,  0.477, -0.006,  0.000,4405072.3,  1,  22.5,   0.8, 0.100
2025-11-11 12:55:01,        0,  29.7,   2.1,  25.1,  0.470, -0.006,  0.000,4405066.5,  1,  22.5,   0.8, 0.100
2025-11-11 12:55:03,        0,  29.7,   2.1,  25.1,  0.461, -0.006,  0.000,4405059.8,  1,  22.4,   0.9, 0.101
2025-11-11 12:55:03,        0,  29.7,   2.1,  25.1,  0.452, -0.006,  0.000,4405053.9,  1,  22.5,   0.9, 0.100
2025-11-11 12:55:04,        0,  29.7,   2.1,  25.1,  0.446, -0.006,  0.000,4405048.9,  1,  22.5,   0.9, 0.100
2025-11-11 12:55:05,        0,  29.8,   2.3,  25.1,  0.441, -0.006,  0.000,4405043.0,  1,  22.5,   0.9, 0.100
2025-11-11 12:55:06,        0,  29.7,   2.1,  25.1,  0.432, -0.006,  0.000,4405038.0,  1,  22.5,   0.9, 0.100
2025-11-11 12:55:08,        0,  29.8,   2.3,  25.1,  0.427, -0.006,  0.000,4405030.8,  1,  22.5,   0.9, 0.100
2025-11-11 12:55:08,        0,  29.7,   2.1,  25.1,  0.420, -0.006,  0.000,4405025.4,  1,  22.5,   0.9, 0.100
2025-11-11 12:55:09,        0,  29.8,   2.3,  25.1,  0.416, -0.006,  0.000,4405019.9,  1,  22.4,   0.9, 0.100
2025-11-11 12:55:10,        0,  29.8,   2.4,  25.1,  0.412, -0.006,  0.000,4405014.1,  1,  22.5,   0.9, 0.100
2025-11-11 12:55:12,        0,  29.8,   2.3,  25.0,  0.405, -0.005,  0.000,4405008.2,  1,  22.5,   1.0, 0.100
2025-11-11 12:55:12,        0,  29.8,   2.4,  25.1,  0.400, -0.005,  0.000,4405003.2,  1,  22.4,   1.0, 0.100
2025-11-11 12:55:13,        0,  29.8,   2.3,  25.1,  0.394, -0.005,  0.000,4404997.7,  1,  22.5,   0.9, 0.100
2025-11-11 12:55:14,        0,  29.8,   2.4,  25.1,  0.390, -0.005,  0.000,4404992.7,  1,  22.5,   0.9, 0.100
2025-11-11 12:55:15,        0,  29.8,   2.4,  25.1,  0.386, -0.005,  0.000,4404987.7,  1,  22.4,   1.0, 0.100
2025-11-11 12:55:17,        0,  29.8,   2.4,  25.1,  0.381, -0.005,  0.000,4404981.8,  1,  22.5,   1.0, 0.100
2025-11-11 12:55:17,        0,  29.8,   2.4,  25.1,  0.377, -0.005,  0.000,4404976.8,  1,  22.5,   1.0, 0.100
2025-11-11 12:55:18,        0,  29.8,   2.3,  25.0,  0.372, -0.005,  0.000,4404972.2,  1,  22.5,   1.0, 0.100
2025-11-11 12:55:19,        0,  29.8,   2.4,  25.0,  0.369, -0.005,  0.000,4404966.7,  1,  22.5,   1.0, 0.100
2025-11-11 12:55:21,        0,  29.9,   2.6,  25.0,  0.364, -0.005,  0.000,4404961.3,  1,  22.5,   0.9, 0.100
2025-11-11 12:55:21,        0,  29.9,   2.6,  25.1,  0.361, -0.005,  0.000,4404956.2,  1,  22.5,   1.0, 0.100
2025-11-11 12:55:22,        0,  29.8,   2.4,  25.1,  0.356, -0.005,  0.000,4404951.2,  1,  22.5,   1.0, 0.100
2025-11-11 12:55:23,        0,  29.9,   2.6,  25.0,  0.353, -0.005,  0.000,4404946.2,  1,  22.5,   1.0, 0.100
2025-11-11 12:55:25,        0,  29.9,   2.6,  25.0,  6.418,  4.360,  0.028,4407998.5,  1,  22.5,   0.9, 0.100
2025-11-11 12:55:25,        0,  29.8,   2.4,  25.1,  6.420,  4.360,  0.028,4412173.9,  1,  22.5,   1.0, 0.100
2025-11-11 12:55:26,        0,  29.0,   0.1,  25.1,  2.279,  0.775,  0.002,4413321.8,  1,  22.5,   1.0, 0.100
2025-11-11 12:55:27,        0,  29.6,   1.8,  25.1,  1.068,  0.010,  0.000,4413344.0,  1,  22.5,   1.0, 0.100
2025-11-11 12:55:28,        0,  29.5,   1.6,  25.1,  0.973, -0.002,  0.000,4413342.8,  1,  22.5,   1.0, 0.100
2025-11-11 12:55:30,        0,  29.4,   1.3,  25.0,  0.893, -0.005,  0.000,4413337.3,  1,  22.5,   1.0, 0.100
2025-11-11 12:55:30,        0,  29.4,   1.3,  25.0,  0.852, -0.006,  0.000,4413331.0,  1,  22.5,   1.0, 0.100
2025-11-11 12:55:31,        0,  29.4,   1.3,  25.1,  0.816, -0.007,  0.000,4413324.7,  1,  22.5,   1.0, 0.100
2025-11-11 12:55:32,        0,  29.4,   1.3,  25.1,  0.770, -0.006,  0.000,4413318.0,  1,  22.5,   1.0, 0.100
2025-11-11 12:55:34,        0,  29.5,   1.5,  25.0,  0.743, -0.007,  0.000,4413310.5,  1,  22.5,   1.0, 0.100
2025-11-11 12:55:34,        0,  29.5,   1.5,  25.0,  0.708, -0.007,  0.000,4413303.8,  1,  22.5,   1.0, 0.100
2025-11-11 12:55:35,        0,  29.5,   1.5,  25.1,  0.687, -0.007,  0.000,4413297.5,  1,  22.5,   1.0, 0.100
2025-11-11 12:55:36,        0,  29.5,   1.5,  25.0,  0.668, -0.008,  0.000,4413290.4,  1,  22.5,   1.0, 0.100
2025-11-11 12:55:37,        0,  29.5,   1.6,  25.0,  0.643, -0.007,  0.000,4413283.2,  1,  22.5,   0.9, 0.100
2025-11-11 12:55:39,        0,  29.5,   1.6,  25.1,  0.621, -0.007,  0.000,4413275.7,  1,  22.5,   0.9, 0.100
2025-11-11 12:55:39,        0,  29.5,   1.6,  25.1,  0.607, -0.007,  0.000,4413269.0,  1,  22.5,   0.9, 0.100
2025-11-11 12:55:40,        0,  29.5,   1.5,  25.0,  0.594, -0.007,  0.000,4413262.3,  1,  22.5,   1.0, 0.100
2025-11-11 12:55:41,        0,  29.5,   1.6,  25.0,  0.583, -0.007,  0.000,4413255.2,  1,  22.5,   0.9, 0.100
2025-11-11 12:55:43,        0,  29.5,   1.6,  25.0,  0.565, -0.007,  0.000,4413247.6,  1,  22.5,   0.9, 0.100
2025-11-11 12:55:43,        0,  29.5,   1.6,  25.0,  0.550, -0.007,  0.000,4413240.9,  1,  22.5,   0.9, 0.100
2025-11-11 12:55:44,        0,  29.5,   1.6,  25.0,  0.539, -0.006,  0.000,4413234.6,  1,  22.5,   0.9, 0.100
2025-11-11 12:55:45,        0,  29.6,   1.8,  25.0,  0.530, -0.007,  0.000,4413227.9,  1,  22.5,   0.8, 0.100
2025-11-11 12:55:47,        0,  29.6,   1.8,  25.1,  0.517, -0.006,  0.000,4413221.2,  1,  22.5,   0.8, 0.100
2025-11-11 12:55:47,        0,  29.5,   1.6,  25.0,  0.508, -0.006,  0.000,4413215.4,  1,  22.5,   0.8, 0.100
2025-11-11 12:55:48,        0,  29.6,   1.8,  25.0,  0.495, -0.006,  0.000,4413209.5,  1,  22.5,   0.8, 0.100
2025-11-11 12:55:49,        0,  29.6,   1.8,  25.1,  0.488, -0.006,  0.000,4413203.2,  1,  22.5,   0.8, 0.100
2025-11-11 12:55:50,        0,  29.6,   1.8,  25.0,  0.481, -0.007,  0.000,4413197.3,  1,  22.5,   0.8, 0.100
2025-11-11 12:55:52,        0,  29.5,   1.6,  25.1,  0.471, -0.006,  0.000,4413190.2,  1,  22.5,   0.8, 0.100
2025-11-11 12:55:52,        0,  29.6,   1.8,  25.0,  0.464, -0.006,  0.000,4413185.2,  1,  22.5,   0.8, 0.100
2025-11-11 12:55:53,        0,  29.7,   2.0,  25.0,  0.455, -0.006,  0.000,4413179.3,  1,  22.5,   0.8, 0.100
2025-11-11 12:55:54,        0,  29.6,   1.8,  25.1,  0.449, -0.006,  0.000,4413173.9,  1,  22.5,   0.8, 0.100
2025-11-11 12:55:56,        0,  29.6,   1.8,  25.0,  0.441, -0.006,  0.000,4413167.2,  1,  22.5,   0.8, 0.100
2025-11-11 12:55:56,        0,  29.7,   2.0,  25.0,  0.435, -0.006,  0.000,4413161.7,  1,  22.5,   0.8, 0.100
2025-11-11 12:55:57,        0,  29.6,   1.8,  25.1,  0.429, -0.006,  0.000,4413155.4,  1,  22.5,   0.8, 0.100
2025-11-11 12:55:58,        0,  29.6,   1.8,  25.0,  0.422, -0.005,  0.000,4413150.4,  1,  22.5,   0.8, 0.100
2025-11-11 12:56:00,        0,  29.7,   2.0,  25.0,  0.415, -0.005,  0.000,4413143.7,  1,  22.5,   0.8, 0.100
2025-11-11 12:56:00,        0,  29.7,   2.1,  25.0,  0.410, -0.006,  0.000,4413138.2,  1,  22.5,   0.8, 0.100
2025-11-11 12:56:01,        0,  29.7,   2.1,  25.0,  0.406, -0.005,  0.000,4413133.2,  1,  22.5,   0.8, 0.100
2025-11-11 12:56:02,        0,  29.7,   2.1,  25.0,  0.402, -0.005,  0.000,4413127.8,  1,  22.5,   0.8, 0.100
2025-11-11 12:56:04,        0,  29.7,   2.1,  25.0,  0.395, -0.005,  0.000,4413122.3,  1,  22.5,   0.8, 0.100
2025-11-11 12:56:04,        0,  29.7,   2.1,  25.0,  0.389, -0.005,  0.000,4413116.4,  1,  22.5,   0.8, 0.100
2025-11-11 12:56:05,        0,  29.7,   2.1,  25.1,  0.385, -0.005,  0.000,4413111.8,  1,  22.5,   0.8, 0.100
2025-11-11 12:56:06,        0,  29.7,   2.1,  25.1,  0.381, -0.005,  0.000,4413106.4,  1,  22.5,   0.8, 0.100
2025-11-11 12:56:07,        0,  29.7,   2.1,  25.0,  0.375, -0.005,  0.000,4413101.8,  1,  22.5,   0.8, 0.100
2025-11-11 12:56:09,        0,  29.8,   2.3,  25.1,  0.372, -0.005,  0.000,4413095.9,  1,  22.5,   0.8, 0.100
2025-11-11 12:56:09,        0,  29.8,   2.3,  25.0,  0.366, -0.005,  0.000,4413091.7,  1,  22.5,   0.8, 0.100
2025-11-11 12:56:10,        0,  29.7,   2.1,  25.0,  0.363, -0.005,  0.000,4413086.7,  1,  22.5,   0.8, 0.100
2025-11-11 12:56:11,        0,  29.8,   2.3,  25.0,  0.360, -0.005,  0.000,4413082.1,  1,  22.5,   0.8, 0.100
2025-11-11 12:56:13,        0,  29.8,   2.3,  25.0,  0.355, -0.005,  0.000,4413076.2,  1,  22.5,   0.8, 0.100
2025-11-11 12:56:13,        0,  29.8,   2.3,  25.0,  0.352, -0.004,  0.000,4413072.0,  1,  22.4,   0.8, 0.100
2025-11-11 12:56:14,        0,  29.8,   2.4,  25.0,  0.347, -0.004,  0.000,4413067.8,  1,  22.5,   0.8, 0.100
2025-11-11 12:56:15,        0,  29.8,   2.4,  25.0,  0.345, -0.005,  0.000,4413063.2,  1,  22.5,   0.8, 0.100
2025-11-11 12:56:17,        0,  29.8,   2.3,  25.0,  0.340, -0.005,  0.000,4413057.8,  1,  22.5,   0.8, 0.100
2025-11-11 12:56:17,        0,  29.8,   2.3,  25.0,  0.338, -0.005,  0.000,4413053.2,  1,  22.5,   0.8, 0.100
2025-11-11 12:56:18,        0,  29.8,   2.4,  25.0,  0.335, -0.004,  0.000,4413049.4,  1,  22.4,   0.8, 0.100
2025-11-11 12:56:19,        0,  29.8,   2.4,  25.0,  0.330, -0.004,  0.000,4413044.8,  1,  22.5,   0.8, 0.100
2025-11-11 12:56:20,        0,  29.8,   2.4,  25.0,  0.328, -0.004,  0.000,4413040.6,  1,  22.5,   0.8, 0.100
2025-11-11 12:56:22,        0,  29.8,   2.4,  25.0,  0.324, -0.004,  0.000,4413035.6,  1,  22.5,   0.8, 0.100
2025-11-11 12:56:22,        0,  29.8,   2.4,  25.0,  0.322, -0.004,  0.000,4413031.8,  1,  22.5,   0.8, 0.100
