Time, Cnts,  %T, set_Cell[mA], Cell[°C], Cell[Volt], Cell[mA], Cell[W], Cell[uAs], Cell_ON, Env[°C], TEC[°C], N2Flow[slpm]
2025-10-17 12:45:04,        0,  29.7,   2.2,  25.3,  0.160, -0.002,  0.000,     -1.4,  1,  21.9,   1.0, 0.100
2025-10-17 12:45:05,        0,  29.8,   2.3,  25.3,  0.160, -0.002,  0.000,     -3.7,  1,  21.9,   1.0, 0.100
2025-10-17 12:45:06,        0,  29.7,   2.1,  25.4,  0.160, -0.002,  0.000,     -6.0,  1,  21.8,   1.0, 0.100
2025-10-17 12:45:07,        0,  29.8,   2.4,  25.4,  0.159, -0.002,  0.000,     -8.0,  1,  21.9,   1.1, 0.100
2025-10-17 12:45:08,        0,  29.8,   2.4,  25.4,  0.160, -0.002,  0.000,    -10.9,  1,  21.9,   1.0, 0.098
2025-10-17 12:45:09,        0,  29.8,   2.4,  25.4,  0.159, -0.002,  0.000,    -12.9,  1,  21.9,   1.0, 0.098
2025-10-17 12:45:10,        0,  29.8,   2.4,  25.4,  0.159, -0.002,  0.000,    -15.2,  1,  21.9,   1.0, 0.097
2025-10-17 12:45:11,        0,  29.8,   2.4,  25.4,  0.159, -0.002,  0.000,    -17.5,  1,  21.9,   1.0, 0.097
2025-10-17 12:45:12,        0,  29.8,   2.4,  25.4,  0.159, -0.002,  0.000,    -19.7,  1,  21.9,   1.0, 0.097
2025-10-17 12:45:13,        0,  29.8,   2.4,  25.4,  0.159, -0.002,  0.000,    -22.0,  1,  21.9,   1.0, 0.097
2025-10-17 12:45:14,        0,  29.8,   2.4,  25.4,  0.158, -0.002,  0.000,    -24.3,  1,  21.9,   1.0, 0.097
2025-10-17 12:45:15,        0,  29.8,   2.4,  25.4,  0.159, -0.002,  0.000,    -26.3,  1,  21.9,   1.0, 0.098
2025-10-17 12:45:16,        0,  29.8,   2.4,  25.4,  0.159, -0.002,  0.000,    -28.9,  1,  21.9,   1.0, 0.098
2025-10-17 12:45:17,        0,  29.8,   2.4,  25.4,  0.159, -0.002,  0.000,    -30.9,  1,  21.9,   1.0, 0.098
2025-10-17 12:45:18,        0,  29.8,   2.4,  25.4,  0.158, -0.002,  0.000,    -33.2,  1,  21.9,   1.0, 0.098
2025-10-17 12:45:19,        0,  29.9,   2.8,  25.3,  0.158, -0.002,  0.000,    574.5,  1,  21.9,   1.0, 0.098
2025-10-17 12:45:20,        0,  30.3,   3.8,  25.4,  7.114,  4.956,  0.035,   5987.0,  1,  21.9,   0.9, 0.099
2025-10-17 12:45:21,        0,  30.6,   4.9,  25.4,  7.686,  5.473,  0.042,  11247.5,  1,  21.9,   1.0, 0.099
2025-10-17 12:45:22,        0,  31.0,   5.9,  25.4,  7.767,  5.540,  0.043,  17159.6,  1,  21.9,   1.0, 0.099
2025-10-17 12:45:23,        0,  31.6,   7.7,  25.4, 10.787,  8.267,  0.089,  24780.2,  1,  21.9,   0.9, 0.099
2025-10-17 12:45:24,        0,  33.1,  12.2,  25.4, 11.124,  8.553,  0.096,  34831.5,  1,  21.9,   0.9, 0.099
2025-10-17 12:45:25,        0,  33.1,  12.4,  25.4, 15.142, 12.162,  0.186,  47567.1,  1,  21.9,   1.0, 0.099
2025-10-17 12:45:26,        0,  32.2,   9.7,  25.4, 17.291, 14.101,  0.244,  60808.8,  1,  21.9,   0.9, 0.099
2025-10-17 12:45:27,        0,  35.0,  17.9,  25.4, 15.931, 12.833,  0.205,  74927.9,  1,  21.9,   0.9, 0.100
2025-10-17 12:45:28,        0,  36.4,  22.3,  25.3, 20.616, 17.136,  0.357,  96647.1,  1,  21.8,   0.9, 0.103
2025-10-17 12:45:29,        0,  37.3,  24.9,  25.4, 26.202, 22.308,  0.589, 119196.2,  1,  21.9,   1.0, 0.151
2025-10-17 12:45:30,        0,  35.0,  17.9,  25.3, 22.136, 18.589,  0.415, 140007.0,  1,  21.9,   0.9, 0.107
2025-10-17 12:45:31,        0,  36.8,  23.3,  25.3, 28.794, 24.765,  0.713, 162970.5,  1,  21.8,   0.9, 0.099
2025-10-17 12:45:32,        0,  37.0,  24.0,  25.3, 34.381, 29.957,  1.031, 196624.4,  1,  21.8,   1.0, 0.098
2025-10-17 12:45:33,        0,  43.4,  43.3,  25.3, 41.074, 36.078,  1.490, 231025.3,  1,  21.8,   1.0, 0.098
2025-10-17 12:45:34,        0,  42.6,  40.9,  25.3, 53.196, 46.525,  2.476, 275395.8,  1,  21.8,   1.0, 0.099
2025-10-17 12:45:35,        0,  43.8,  44.5,  25.3, 52.849, 45.032,  2.380, 318584.4,  1,  21.8,   1.0, 0.099
2025-10-17 12:45:36,        0,  42.3,  40.0,  25.3, 55.895, 46.664,  2.610, 373494.5,  1,  21.8,   1.0, 0.099
2025-10-17 12:45:37,        0,  42.6,  40.7,  25.4, 65.359, 54.386,  3.558, 421582.0,  1,  21.9,   1.0, 0.100
2025-10-17 12:45:38,        0,  44.3,  45.9,  25.3, 47.174, 38.391,  1.831, 461684.1,  1,  21.8,   1.0, 0.100
2025-10-17 12:45:39,        0,  42.4,  40.3,  25.4, 67.062, 55.139,  3.710, 512316.8,  1,  21.9,   1.0, 0.100
2025-10-17 12:45:40,        0,  41.6,  37.7,  25.4, 54.944, 44.549,  2.454, 564998.8,  1,  21.8,   1.0, 0.100
2025-10-17 12:45:41,        0,  43.3,  43.0,  25.3, 71.730, 58.632,  4.210, 615714.8,  1,  21.8,   1.0, 0.100
2025-10-17 12:45:42,        0,  46.2,  51.5,  25.4, 62.298, 50.313,  3.191, 663734.7,  1,  21.9,   1.0, 0.100
2025-10-17 12:45:43,        0,  41.9,  38.8,  25.4, 66.641, 53.887,  3.600, 714874.1,  1,  21.8,   1.0, 0.100
2025-10-17 12:45:44,        0,  40.7,  35.0,  25.5, 55.707, 44.467,  2.529, 759869.7,  1,  21.9,   1.0, 0.106
2025-10-17 12:45:45,        0,  48.0,  57.1,  25.4, 71.028, 57.136,  4.069, 822771.9,  1,  21.9,   1.0, 0.113
2025-10-17 12:45:46,        0,  47.8,  56.4,  25.4, 70.840, 57.143,  4.049, 879277.4,  1,  21.9,   1.0, 0.104
2025-10-17 12:45:47,        0,  43.8,  44.5,  25.4, 63.271, 50.842,  3.321, 930065.7,  1,  21.9,   0.9, 0.096
2025-10-17 12:45:48,        0,  43.3,  42.8,  25.4, 53.652, 42.399,  2.288, 971882.1,  1,  21.9,   0.9, 0.094
2025-10-17 12:45:49,        0,  43.5,  43.5,  25.4, 59.406, 46.638,  2.774,1025801.2,  1,  21.9,   0.9, 0.095
2025-10-17 12:45:50,        0,  39.7,  32.0,  25.4, 60.345, 47.154,  2.846,1070973.1,  1,  21.8,   0.9, 0.095
2025-10-17 12:45:51,        0,  40.8,  35.3,  25.4, 46.249, 35.608,  1.656,1106303.2,  1,  21.9,   0.9, 0.096
2025-10-17 12:45:52,        0,  42.2,  39.5,  25.5, 55.842, 43.219,  2.414,1146619.3,  1,  21.9,   0.9, 0.096
2025-10-17 12:45:53,        0,  41.8,  38.3,  25.5, 52.009, 39.740,  2.080,1194062.2,  1,  21.8,   0.8, 0.097
2025-10-17 12:45:54,        0,  43.0,  41.9,  25.4, 49.671, 37.677,  1.882,1233064.9,  1,  21.8,   0.9, 0.097
2025-10-17 12:45:55,        0,  39.0,  30.1,  25.5, 59.553, 45.515,  2.714,1271683.8,  1,  21.9,   0.9, 0.098
2025-10-17 12:45:56,        0,  40.8,  35.5,  25.4, 53.836, 40.794,  2.197,1307899.8,  1,  21.8,   0.9, 0.098
2025-10-17 12:45:57,        0,  42.6,  40.9,  25.5, 57.955, 43.733,  2.541,1356941.3,  1,  21.8,   0.9, 0.098
2025-10-17 12:45:58,        0,  41.2,  36.7,  25.5, 56.590, 42.493,  2.405,1397985.9,  1,  21.9,   0.8, 0.099
2025-10-17 12:45:59,        0,  41.2,  36.7,  25.5, 45.102, 33.474,  1.557,1432602.6,  1,  21.9,   0.8, 0.099
2025-10-17 12:46:00,        0,  38.7,  29.0,  25.5, 53.452, 39.826,  2.144,1467474.5,  1,  21.9,   0.9, 0.099
2025-10-17 12:46:01,        0,  42.9,  41.6,  25.5, 38.052, 27.773,  1.122,1505554.2,  1,  21.8,   0.9, 0.099
2025-10-17 12:46:02,        0,  40.2,  33.6,  25.5, 59.728, 44.699,  2.672,1548579.7,  1,  21.9,   0.8, 0.099
2025-10-17 12:46:03,        0,  35.8,  20.5,  25.5, 57.898, 43.095,  2.501,1586789.5,  1,  21.9,   0.8, 0.100
2025-10-17 12:46:04,        0,  42.1,  39.2,  25.5, 51.566, 38.151,  1.973,1618437.3,  1,  21.9,   0.9, 0.100
2025-10-17 12:46:05,        0,  41.6,  37.9,  25.5, 56.305, 41.445,  2.336,1667008.5,  1,  21.9,   0.9, 0.100
2025-10-17 12:46:06,        0,  41.3,  36.9,  25.5, 60.862, 44.909,  2.735,1708607.0,  1,  21.9,   0.9, 0.100
2025-10-17 12:46:07,        0,  42.7,  41.2,  25.5, 51.413, 37.612,  1.947,1745076.4,  1,  21.9,   0.9, 0.100
2025-10-17 12:46:08,        0,  41.4,  37.1,  25.5, 59.668, 43.871,  2.629,1787089.9,  1,  21.9,   0.9, 0.100
2025-10-17 12:46:09,        0,  43.3,  42.8,  25.5, 60.205, 44.118,  2.657,1837058.2,  1,  21.9,   0.9, 0.100
2025-10-17 12:46:10,        0,  41.9,  38.8,  25.5, 45.649, 32.995,  1.513,1872581.3,  1,  21.9,   1.0, 0.100
2025-10-17 12:46:11,        0,  41.7,  38.1,  25.5, 64.344, 47.148,  3.035,1915376.6,  1,  21.9,   1.0, 0.100
2025-10-17 12:46:12,        0,  42.7,  41.1,  25.5, 63.487, 46.369,  2.946,1967524.2,  1,  21.9,   1.0, 0.100
2025-10-17 12:46:13,        0,  46.4,  52.2,  25.5, 67.199, 49.293,  3.323,2012487.6,  1,  21.9,   1.0, 0.100
2025-10-17 12:46:14,        0,  45.3,  48.9,  25.5, 67.724, 49.953,  3.390,2061843.4,  1,  21.9,   1.0, 0.100
2025-10-17 12:46:15,        0,  43.2,  42.6,  25.5, 65.846, 48.527,  3.210,2110329.6,  1,  21.9,   1.0, 0.100
2025-10-17 12:46:16,        0,  38.4,  28.2,  25.5, 62.001, 45.284,  2.809,2163089.7,  1,  21.9,   1.0, 0.100
2025-10-17 12:46:17,        0,  43.4,  43.2,  25.5, 54.266, 39.262,  2.160,2199953.1,  1,  21.9,   1.0, 0.100
2025-10-17 12:46:18,        0,  44.3,  45.8,  25.5, 70.151, 51.465,  3.615,2249522.6,  1,  21.9,   1.0, 0.100
2025-10-17 12:46:19,        0,  43.8,  44.3,  25.5, 70.814, 52.215,  3.700,2300454.6,  1,  21.9,   1.0, 0.100
2025-10-17 12:46:20,        0,  43.1,  42.4,  25.5, 73.949, 54.567,  4.056,2359768.3,  1,  21.9,   1.0, 0.100
2025-10-17 12:46:21,        0,  45.3,  48.9,  25.5, 83.337, 62.055,  5.172,2412897.8,  1,  21.9,   1.0, 0.100
2025-10-17 12:46:22,        0,  47.7,  56.2,  25.5, 81.789, 60.911,  4.984,2468684.2,  1,  21.9,   1.0, 0.100
2025-10-17 12:46:23,        0,  47.4,  55.3,  25.5, 82.596, 61.961,  5.118,2527019.5,  1,  21.9,   0.9, 0.100
2025-10-17 12:46:24,        0,  44.0,  45.1,  25.5, 82.104, 61.573,  5.057,2585256.8,  1,  21.9,   0.9, 0.100
2025-10-17 12:46:25,        0,  45.6,  49.9,  25.5, 61.256, 45.012,  2.846,2641177.5,  1,  21.9,   0.9, 0.100
2025-10-17 12:46:26,        0,  44.8,  47.5,  25.6, 61.393, 44.871,  2.791,2689754.0,  1,  21.9,   0.9, 0.100
2025-10-17 12:46:27,        0,  42.3,  39.8,  25.6, 73.128, 53.692,  3.932,2738941.1,  1,  21.8,   0.9, 0.100
2025-10-17 12:46:28,        0,  48.4,  58.1,  25.6, 70.364, 51.417,  3.639,2788696.7,  1,  21.9,   0.9, 0.100
2025-10-17 12:46:29,        0,  46.1,  51.3,  25.6, 85.319, 63.670,  5.433,2861449.9,  1,  21.9,   0.9, 0.100
2025-10-17 12:46:30,        0,  48.5,  58.6,  25.6, 76.204, 56.250,  4.287,2917180.6,  1,  21.8,   0.9, 0.100
2025-10-17 12:46:31,        0,  45.3,  49.0,  25.6, 89.307, 66.854,  6.001,2979279.0,  1,  21.9,   0.9, 0.100
2025-10-17 12:46:32,        0,  47.8,  56.5,  25.6, 65.143, 47.769,  3.114,3029489.3,  1,  21.9,   0.9, 0.100
2025-10-17 12:46:33,        0,  49.1,  60.4,  25.6, 86.318, 64.582,  5.575,3103997.1,  1,  21.8,   0.9, 0.100
2025-10-17 12:46:34,        0,  42.7,  41.0,  25.6, 70.617, 52.240,  3.714,3155813.4,  1,  21.9,   0.9, 0.100
2025-10-17 12:46:35,        0,  45.4,  49.2,  25.6, 83.438, 62.062,  5.182,3208320.5,  1,  21.9,   0.9, 0.100
2025-10-17 12:46:36,        0,  50.3,  64.0,  25.6, 76.075, 55.998,  4.293,3263002.2,  1,  21.9,   0.9, 0.100
2025-10-17 12:46:37,        0,  45.7,  50.1,  25.7, 85.201, 63.759,  5.450,3324564.8,  1,  21.9,   0.9, 0.100
2025-10-17 12:46:38,        0,  49.5,  61.4,  25.7, 81.328, 60.672,  4.946,3396066.4,  1,  21.8,   0.9, 0.100
2025-10-17 12:46:39,        0,  47.0,  53.9,  25.7, 89.831, 67.779,  6.100,3456102.6,  1,  21.9,   0.8, 0.100
2025-10-17 12:46:40,        0,  49.0,  60.0,  25.7, 83.240, 61.879,  5.152,3512577.8,  1,  21.9,   0.8, 0.100
2025-10-17 12:46:41,        0,  48.1,  57.4,  25.7, 85.318, 63.778,  5.453,3574145.4,  1,  21.8,   0.8, 0.100
2025-10-17 12:46:42,        0,  45.9,  50.8,  25.7, 70.423, 51.686,  3.682,3636780.0,  1,  21.9,   0.8, 0.100
2025-10-17 12:46:43,        0,  47.5,  55.5,  25.7, 77.354, 57.242,  4.448,3690962.3,  1,  21.8,   0.8, 0.100
2025-10-17 12:46:44,        0,  45.3,  48.9,  25.7, 68.798, 50.329,  3.500,3741066.8,  1,  21.9,   0.9, 0.100
2025-10-17 12:46:45,        0,  48.0,  57.0,  25.7, 76.476, 56.021,  4.292,3792964.6,  1,  21.9,   0.8, 0.100
2025-10-17 12:46:46,        0,  43.2,  42.6,  25.8, 63.812, 46.190,  2.959,3848284.3,  1,  21.9,   0.8, 0.100
2025-10-17 12:46:47,        0,  46.2,  51.5,  25.8, 65.930, 47.144,  3.147,3893047.4,  1,  21.9,   0.9, 0.100
2025-10-17 12:46:48,        0,  44.9,  47.8,  25.8, 75.051, 54.448,  4.093,3944179.1,  1,  21.9,   0.9, 0.100
2025-10-17 12:46:49,        0,  37.8,  26.3,  25.8, 72.261, 52.186,  3.801,3986877.4,  1,  21.9,   0.8, 0.100
2025-10-17 12:46:50,        0,  42.0,  39.0,  25.8, 57.505, 40.576,  2.342,4021511.0,  1,  21.9,   0.9, 0.100
2025-10-17 12:46:51,        0,  43.9,  44.7,  25.8, 72.366, 52.923,  3.841,4079059.9,  1,  21.8,   0.9, 0.100
2025-10-17 12:46:52,        0,  44.8,  47.3,  25.8, 54.797, 40.549,  2.278,4122802.9,  1,  21.9,   0.9, 0.100
2025-10-17 12:46:53,        0,  42.1,  39.3,  25.8, 66.062, 49.761,  3.289,4168791.9,  1,  21.9,   0.9, 0.100
2025-10-17 12:46:54,        0,  41.9,  38.8,  25.8, 58.419, 43.540,  2.544,4209362.9,  1,  21.9,   0.9, 0.100
2025-10-17 12:46:55,        0,  43.4,  43.1,  25.8, 57.847, 43.939,  2.552,4260216.3,  1,  21.8,   1.0, 0.100
2025-10-17 12:46:56,        0,  39.6,  31.8,  25.8, 54.586, 40.594,  2.218,4300605.7,  1,  21.9,   1.0, 0.100
2025-10-17 12:46:57,        0,  36.6,  22.8,  25.8, 56.574, 41.749,  2.371,4338973.9,  1,  21.9,   1.0, 0.100
2025-10-17 12:46:58,        0,  42.4,  40.2,  25.8, 43.053, 31.050,  1.341,4369691.1,  1,  21.9,   1.0, 0.100
2025-10-17 12:46:59,        0,  40.3,  33.9,  25.8, 54.058, 38.856,  2.114,4414388.0,  1,  21.9,   1.0, 0.100
2025-10-17 12:47:00,        0,  38.9,  29.6,  25.8, 57.275, 40.770,  2.338,4452225.1,  1,  21.9,   1.0, 0.100
2025-10-17 12:47:01,        0,  41.8,  38.3,  25.8, 46.283, 32.150,  1.528,4484317.4,  1,  21.9,   1.0, 0.100
2025-10-17 12:47:02,        0,  38.5,  28.4,  25.8, 58.214, 40.835,  2.378,4523171.3,  1,  21.9,   1.0, 0.100
2025-10-17 12:47:03,        0,  36.2,  21.7,  25.8, 36.826, 24.916,  0.934,4550516.0,  1,  21.9,   1.0, 0.100
2025-10-17 12:47:04,        0,  37.3,  25.0,  25.8, 49.946, 34.135,  1.707,4585794.5,  1,  21.9,   1.0, 0.100
2025-10-17 12:47:05,        0,  39.0,  29.9,  25.8, 44.689, 30.193,  1.351,4614871.4,  1,  21.9,   1.0, 0.100
2025-10-17 12:47:06,        0,  39.4,  31.1,  25.8, 59.137, 40.855,  2.419,4651403.5,  1,  21.9,   1.0, 0.100
2025-10-17 12:47:07,        0,  39.1,  30.4,  25.8, 44.086, 29.742,  1.312,4681146.2,  1,  21.9,   1.0, 0.100
2025-10-17 12:47:08,        0,  35.3,  18.9,  25.8, 48.948, 33.011,  1.626,4719706.3,  1,  21.9,   1.0, 0.100
2025-10-17 12:47:09,        0,  38.0,  27.1,  25.8, 46.311, 30.929,  1.441,4746832.7,  1,  21.9,   1.0, 0.100
2025-10-17 12:47:10,        0,  37.2,  24.5,  25.8, 50.510, 33.940,  1.722,4777892.7,  1,  21.9,   1.0, 0.100
2025-10-17 12:47:11,        0,  36.4,  22.3,  25.8, 42.797, 28.335,  1.213,4804520.7,  1,  21.9,   1.0, 0.100
2025-10-17 12:47:12,        0,  37.3,  24.9,  25.8, 45.645, 30.189,  1.381,4836932.3,  1,  21.9,   1.0, 0.100
2025-10-17 12:47:13,        0,  33.9,  14.8,  25.8, 26.896, 17.138,  0.467,4856248.4,  1,  21.9,   1.0, 0.100
2025-10-17 12:47:14,        0,  35.7,  20.0,  25.8, 39.097, 25.500,  1.002,4877220.3,  1,  21.9,   1.0, 0.100
2025-10-17 12:47:15,        0,  36.6,  22.9,  25.8, 34.632, 22.301,  0.773,4898367.9,  1,  21.9,   1.0, 0.100
2025-10-17 12:47:16,        0,  36.6,  22.8,  25.8, 36.615, 23.646,  0.866,4921614.2,  1,  21.9,   0.9, 0.100
2025-10-17 12:47:17,        0,  35.8,  20.4,  25.8, 33.219, 21.176,  0.708,4946433.9,  1,  21.9,   1.0, 0.100
2025-10-17 12:47:18,        0,  35.6,  19.8,  25.8, 33.779, 21.486,  0.726,4967552.1,  1,  21.9,   0.9, 0.100
2025-10-17 12:47:19,        0,  35.8,  20.5,  25.8, 33.598, 21.229,  0.717,4987984.7,  1,  21.9,   0.9, 0.100
2025-10-17 12:47:20,        0,  32.0,   8.9,  25.8, 33.249, 20.769,  0.695,5008526.2,  1,  21.9,   1.0, 0.100
2025-10-17 12:47:21,        0,  34.9,  17.6,  25.8, 36.383, 22.809,  0.836,5029351.9,  1,  21.9,   0.9, 0.100
2025-10-17 12:47:22,        0,  34.3,  15.8,  25.9, 28.794, 17.669,  0.516,5047047.3,  1,  21.9,   0.9, 0.100
2025-10-17 12:47:23,        0,  31.8,   8.5,  25.8, 23.570, 14.137,  0.351,5062637.2,  1,  21.9,   0.9, 0.100
2025-10-17 12:47:24,        0,  33.9,  14.6,  25.8, 24.203, 14.484,  0.355,5075308.2,  1,  21.9,   0.9, 0.100
2025-10-17 12:47:25,        0,  32.6,  10.8,  25.8, 30.960, 18.834,  0.588,5095672.4,  1,  21.9,   0.9, 0.100
2025-10-17 12:47:26,        0,  34.6,  16.7,  25.9, 24.795, 14.745,  0.369,5110720.5,  1,  21.9,   0.9, 0.100
2025-10-17 12:47:27,        0,  33.9,  14.6,  25.8, 19.437, 11.256,  0.236,5124611.8,  1,  21.9,   0.9, 0.100
2025-10-17 12:47:28,        0,  33.2,  12.7,  25.8, 27.073, 16.163,  0.438,5139527.0,  1,  21.9,   0.9, 0.100
2025-10-17 12:47:29,        0,  32.9,  11.6,  25.8, 28.733, 17.183,  0.496,5155002.5,  1,  21.9,   0.9, 0.100
2025-10-17 12:47:30,        0,  33.9,  14.6,  25.9, 24.277, 14.250,  0.367,5171846.3,  1,  21.9,   0.9, 0.100
2025-10-17 12:47:31,        0,  33.0,  12.0,  25.9, 22.705, 13.212,  0.313,5186044.4,  1,  21.9,   0.9, 0.100
2025-10-17 12:47:32,        0,  33.6,  13.9,  25.9, 20.323, 11.629,  0.240,5197997.4,  1,  21.9,   0.9, 0.100
2025-10-17 12:47:33,        0,  34.5,  16.5,  25.8, 24.111, 14.031,  0.339,5211419.0,  1,  21.9,   0.9, 0.100
2025-10-17 12:47:34,        0,  33.4,  13.1,  25.8, 21.522, 12.324,  0.267,5228386.0,  1,  21.9,   0.9, 0.100
2025-10-17 12:47:35,        0,  32.2,   9.6,  25.8, 23.253, 13.386,  0.312,5241341.5,  1,  21.9,   0.9, 0.100
2025-10-17 12:47:36,        0,  31.5,   7.5,  25.9, 20.225, 11.421,  0.233,5252094.2,  1,  21.9,   0.9, 0.100
2025-10-17 12:47:37,        0,  33.1,  12.2,  25.9, 12.686,  6.676,  0.089,5259440.6,  1,  21.9,   0.9, 0.100
2025-10-17 12:47:38,        0,  30.0,   3.1,  25.8, 17.592,  9.717,  0.176,5270832.0,  1,  21.9,   0.9, 0.100
2025-10-17 12:47:39,        0,  31.4,   7.3,  25.8, 15.465,  8.395,  0.133,5277733.6,  1,  21.9,   0.9, 0.100
2025-10-17 12:47:40,        0,  32.2,   9.7,  25.9, 16.830,  9.241,  0.156,5286373.3,  1,  21.9,   0.9, 0.100
2025-10-17 12:47:41,        0,  31.4,   7.3,  25.9, 15.470,  8.372,  0.132,5295910.6,  1,  21.9,   0.9, 0.100
2025-10-17 12:47:42,        0,  31.9,   8.7,  25.9, 10.457,  5.254,  0.056,5302364.3,  1,  21.9,   0.9, 0.100
2025-10-17 12:47:43,        0,  31.0,   6.1,  25.8, 17.845,  9.832,  0.175,5313668.1,  1,  21.9,   0.9, 0.100
2025-10-17 12:47:44,        0,  31.2,   6.6,  25.9, 15.290,  8.219,  0.126,5321887.8,  1,  21.9,   0.9, 0.100
2025-10-17 12:47:45,        0,  31.7,   8.0,  25.8, 12.491,  6.479,  0.082,5328901.4,  1,  21.9,   0.9, 0.100
2025-10-17 12:47:46,        0,  31.1,   6.4,  25.8, 11.981,  6.149,  0.079,5337507.1,  1,  21.9,   0.9, 0.100
2025-10-17 12:47:47,        0,  30.3,   4.0,  25.8, 15.627,  8.378,  0.131,5344985.0,  1,  21.9,   0.9, 0.100
2025-10-17 12:47:48,        0,  30.2,   3.6,  25.8, 16.706,  9.022,  0.152,5352216.9,  1,  21.9,   0.9, 0.100
2025-10-17 12:47:49,        0,  30.9,   5.6,  25.9, 14.266,  7.499,  0.107,5358651.7,  1,  21.9,   0.9, 0.100
2025-10-17 12:47:50,        0,  30.7,   5.2,  25.8,  8.327,  3.878,  0.038,5363043.8,  1,  21.9,   0.9, 0.100
2025-10-17 12:47:51,        0,  30.4,   4.2,  25.8, 14.629,  7.696,  0.113,5371807.5,  1,  21.9,   0.9, 0.100
2025-10-17 12:47:52,        0,  29.7,   2.2,  25.9, 13.949,  7.253,  0.103,5378837.4,  1,  21.9,   0.9, 0.100
2025-10-17 12:47:53,        0,  30.6,   4.9,  25.9, 16.094,  8.543,  0.138,5385314.1,  1,  21.9,   0.9, 0.100
2025-10-17 12:47:54,        0,  30.5,   4.5,  25.8, 10.931,  5.406,  0.065,5390808.0,  1,  21.9,   0.9, 0.100
2025-10-17 12:47:55,        0,  31.3,   6.8,  25.8, 10.464,  5.095,  0.057,5397805.2,  1,  21.9,   0.9, 0.100
2025-10-17 12:47:56,        0,  30.7,   5.0,  25.8, 14.001,  7.231,  0.101,5404401.8,  1,  21.9,   0.9, 0.100
2025-10-17 12:47:57,        0,  31.0,   5.9,  25.8, 11.370,  5.627,  0.065,5409673.6,  1,  21.9,   0.9, 0.100
2025-10-17 12:47:58,        0,  30.0,   3.1,  25.8, 15.534,  8.132,  0.127,5416934.8,  1,  21.9,   0.9, 0.100
2025-10-17 12:47:59,        0,  30.7,   5.0,  25.9, 12.006,  6.012,  0.072,5424019.6,  1,  21.9,   0.9, 0.100
2025-10-17 12:48:00,        0,  30.4,   4.3,  25.8,  9.133,  4.288,  0.041,5428810.3,  1,  21.9,   0.9, 0.100
2025-10-17 12:48:01,        0,  30.0,   3.0,  25.8, 12.589,  6.358,  0.080,5434521.3,  1,  21.9,   0.9, 0.100
2025-10-17 12:48:02,        0,  28.6,   0.0,  25.9, 10.398,  5.042,  0.053,5438877.0,  1,  21.9,   0.9, 0.100
2025-10-17 12:48:03,        0,  30.3,   4.0,  25.8,  4.242,  1.458,  0.013,5441919.2,  1,  21.9,   1.0, 0.100
2025-10-17 12:48:04,        0,  28.5,   0.0,  25.8,  7.033,  3.082,  0.025,5445710.3,  1,  21.9,   1.0, 0.100
2025-10-17 12:48:05,        0,  30.5,   4.5,  25.9, 12.654,  6.544,  0.083,5450355.6,  1,  21.9,   1.0, 0.100
2025-10-17 12:48:06,        0,  29.8,   2.3,  25.8, 12.991,  6.736,  0.088,5455803.0,  1,  21.9,   1.0, 0.100
2025-10-17 12:48:07,        0,  30.3,   4.0,  25.9, 11.585,  5.879,  0.068,5460479.7,  1,  21.9,   1.0, 0.100
2025-10-17 12:48:08,        0,  30.5,   4.5,  25.9, 11.036,  5.537,  0.062,5465894.4,  1,  21.9,   1.0, 0.100
2025-10-17 12:48:09,        0,  30.0,   3.1,  25.9, 11.740,  5.952,  0.070,5471631.4,  1,  21.9,   0.9, 0.100
2025-10-17 12:48:10,        0,  30.2,   3.6,  25.9,  5.211,  1.981,  0.013,5474959.0,  1,  21.9,   1.0, 0.100
2025-10-17 12:48:11,        0,  29.2,   0.7,  25.8, 10.958,  5.464,  0.061,5481219.0,  1,  21.9,   1.0, 0.100
2025-10-17 12:48:12,        0,  30.2,   3.5,  25.9,  2.636,  0.447,  0.001,5482045.5,  1,  21.9,   0.9, 0.100
2025-10-17 12:48:13,        0,  30.0,   2.9,  25.8,  9.652,  4.696,  0.046,5486591.8,  1,  21.9,   1.0, 0.100
2025-10-17 12:48:14,        0,  29.9,   2.8,  25.8,  5.916,  2.403,  0.016,5489711.6,  1,  21.9,   1.0, 0.100
2025-10-17 12:48:15,        0,  30.3,   4.0,  25.8, 10.984,  5.515,  0.061,5494885.3,  1,  21.9,   1.0, 0.100
2025-10-17 12:48:16,        0,  29.7,   2.1,  25.8,  9.582,  4.650,  0.045,5499658.8,  1,  21.9,   1.0, 0.100
2025-10-17 12:48:17,        0,  30.0,   2.9,  25.8,  8.605,  4.054,  0.037,5502847.3,  1,  21.9,   1.0, 0.100
2025-10-17 12:48:18,        0,  30.0,   3.1,  25.9,  9.091,  4.354,  0.040,5507035.3,  1,  21.9,   1.0, 0.100
2025-10-17 12:48:19,        0,  29.9,   2.8,  25.8,  9.061,  4.339,  0.039,5511184.3,  1,  21.9,   1.0, 0.100
2025-10-17 12:48:20,        0,  29.1,   0.2,  25.9,  2.902,  0.596,  0.002,5514076.1,  1,  21.9,   1.0, 0.100
2025-10-17 12:48:21,        0,  29.7,   2.1,  25.8,  4.737,  1.776,  0.010,5514944.9,  1,  21.9,   1.0, 0.100
2025-10-17 12:48:22,        0,  29.7,   2.1,  25.8,  1.946,  0.087,  0.000,5515069.3,  1,  21.9,   1.0, 0.100
2025-10-17 12:48:23,        0,  29.8,   2.4,  25.8,  1.665,  0.003,  0.000,5515071.8,  1,  21.9,   1.0, 0.100
2025-10-17 12:48:24,        0,  30.1,   3.3,  25.8,  5.844,  2.625,  0.018,5517393.2,  1,  21.9,   1.0, 0.100
2025-10-17 12:48:25,        0,  30.2,   3.5,  25.8, 10.485,  5.518,  0.058,5522196.5,  1,  21.9,   1.0, 0.100
2025-10-17 12:48:26,        0,  30.1,   3.3,  25.8,  8.750,  4.338,  0.038,5526503.1,  1,  21.9,   1.0, 0.100
2025-10-17 12:48:27,        0,  30.3,   3.8,  25.8,  8.936,  4.454,  0.040,5530958.1,  1,  21.9,   1.0, 0.100
2025-10-17 12:48:28,        0,  29.9,   2.6,  25.9,  6.802,  3.075,  0.023,5534997.3,  1,  21.9,   1.0, 0.100
2025-10-17 12:48:29,        0,  30.2,   3.5,  25.8,  2.038,  0.120,  0.000,5535955.8,  1,  21.9,   1.0, 0.100
2025-10-17 12:48:30,        0,  29.9,   2.6,  25.8,  6.191,  2.736,  0.019,5539188.7,  1,  21.9,   1.0, 0.100
2025-10-17 12:48:31,        0,  29.6,   1.9,  25.8,  2.105,  0.150,  0.000,5539947.7,  1,  21.9,   1.0, 0.100
2025-10-17 12:48:32,        0,  29.9,   2.6,  25.8,  2.638,  0.454,  0.001,5540612.8,  1,  21.9,   1.0, 0.100
2025-10-17 12:48:33,        0,  30.0,   2.9,  25.8,  7.549,  3.807,  0.030,5543529.2,  1,  21.9,   1.0, 0.100
2025-10-17 12:48:34,        0,  29.7,   2.2,  25.8,  8.052,  4.129,  0.034,5546722.3,  1,  21.9,   1.0, 0.100
2025-10-17 12:48:35,        0,  29.8,   2.4,  25.8,  2.244,  0.222,  0.001,5547636.0,  1,  21.9,   1.0, 0.100
2025-10-17 12:48:36,        0,  29.9,   2.6,  25.8,  4.919,  2.242,  0.017,5549032.4,  1,  21.9,   1.0, 0.100
2025-10-17 12:48:37,        0,  29.3,   0.9,  25.8,  1.848,  0.054,  0.000,5549330.8,  1,  21.9,   1.0, 0.100
2025-10-17 12:48:38,        0,  29.9,   2.8,  25.8,  1.592,  0.009,  0.000,5550092.7,  1,  21.9,   1.0, 0.100
2025-10-17 12:48:39,        0,  29.8,   2.4,  25.8,  7.855,  4.332,  0.034,5553859.1,  1,  21.9,   1.0, 0.100
2025-10-17 12:48:40,        0,  29.8,   2.4,  25.8,  1.969,  0.098,  0.000,5554165.9,  1,  21.9,   1.0, 0.100
2025-10-17 12:48:41,        0,  29.7,   2.2,  25.9,  1.531,  0.006,  0.000,5554185.6,  1,  21.9,   1.0, 0.100
2025-10-17 12:48:42,        0,  29.7,   2.2,  25.8,  4.959,  2.566,  0.019,5555550.1,  1,  21.9,   1.0, 0.100
2025-10-17 12:48:43,        0,  29.9,   2.8,  25.8,  2.038,  0.179,  0.000,5555838.9,  1,  21.9,   1.0, 0.100
2025-10-17 12:48:44,        0,  29.8,   2.4,  25.8,  5.964,  3.200,  0.021,5558433.5,  1,  21.9,   1.0, 0.100
2025-10-17 12:48:45,        0,  30.0,   2.9,  25.8,  7.733,  4.453,  0.034,5562141.3,  1,  21.9,   1.0, 0.100
2025-10-17 12:48:46,        0,  30.1,   3.3,  25.8,  7.773,  4.340,  0.034,5567172.9,  1,  21.9,   1.0, 0.100
2025-10-17 12:48:47,        0,  29.7,   2.2,  25.8,  3.610,  1.189,  0.005,5569282.6,  1,  21.9,   1.0, 0.100
2025-10-17 12:48:48,        0,  29.1,   0.3,  25.8,  1.801,  0.050,  0.000,5569338.4,  1,  21.9,   1.0, 0.100
2025-10-17 12:48:49,        0,  29.6,   1.9,  25.8,  1.476, -0.000,  0.000,5569344.7,  1,  21.9,   1.0, 0.100
2025-10-17 12:48:50,        0,  29.5,   1.6,  25.8,  1.393, -0.009,  0.000,5569335.0,  1,  21.9,   1.0, 0.100
2025-10-17 12:48:51,        0,  29.5,   1.4,  25.8,  1.324, -0.013,  0.000,5569323.7,  1,  21.9,   1.0, 0.100
2025-10-17 12:48:52,        0,  29.6,   1.7,  25.8,  1.292, -0.013,  0.000,5569310.3,  1,  21.9,   1.0, 0.100
2025-10-17 12:48:53,        0,  29.6,   1.9,  25.8,  1.265, -0.014,  0.000,5569296.9,  1,  21.9,   1.0, 0.100
2025-10-17 12:48:54,        0,  29.7,   2.1,  25.8,  1.232, -0.015,  0.000,5569282.6,  1,  21.9,   1.0, 0.100
2025-10-17 12:48:55,        0,  29.8,   2.3,  25.8,  1.211, -0.015,  0.000,5569265.9,  1,  21.9,   1.0, 0.100
2025-10-17 12:48:56,        0,  29.9,   2.8,  25.8,  1.181, -0.014,  0.000,5569252.0,  1,  21.9,   1.0, 0.100
2025-10-17 12:48:57,        0,  29.8,   2.4,  25.8,  7.108,  4.349,  0.031,5572826.5,  1,  21.9,   1.0, 0.100
2025-10-17 12:48:58,        0,  29.9,   2.6,  25.8,  2.195,  0.361,  0.001,5574484.0,  1,  21.9,   1.0, 0.100
2025-10-17 12:48:59,        0,  29.6,   1.7,  25.8,  2.530,  0.591,  0.002,5576440.8,  1,  21.9,   1.0, 0.100
2025-10-17 12:49:00,        0,  29.9,   2.6,  25.8,  1.562,  0.023,  0.000,5577159.5,  1,  21.9,   1.0, 0.100
2025-10-17 12:49:01,        0,  29.7,   2.1,  25.8,  1.651,  0.055,  0.000,5577318.4,  1,  21.9,   1.0, 0.100
2025-10-17 12:49:02,        0,  29.6,   1.9,  25.8,  1.438, -0.001,  0.000,5577319.6,  1,  21.9,   1.0, 0.100
2025-10-17 12:49:03,        0,  29.6,   1.9,  25.8,  1.333, -0.011,  0.000,5577306.6,  1,  21.9,   1.0, 0.100
2025-10-17 12:49:04,        0,  29.7,   2.2,  25.8,  1.291, -0.013,  0.000,5577294.9,  1,  21.9,   1.0, 0.100
2025-10-17 12:49:05,        0,  29.8,   2.4,  25.8,  1.247, -0.014,  0.000,5577281.1,  1,  21.9,   1.0, 0.100
2025-10-17 12:49:06,        0,  29.7,   2.2,  25.8,  1.222, -0.014,  0.000,5577268.1,  1,  21.9,   1.0, 0.100
2025-10-17 12:49:07,        0,  29.9,   2.6,  25.8,  1.199, -0.014,  0.000,5577254.2,  1,  21.9,   1.0, 0.100
2025-10-17 12:49:08,        0,  29.8,   2.4,  25.8,  1.167, -0.014,  0.000,5577237.9,  1,  21.9,   1.0, 0.100
2025-10-17 12:49:09,        0,  29.8,   2.4,  25.8,  1.145, -0.014,  0.000,5577224.9,  1,  21.9,   1.0, 0.100
2025-10-17 12:49:10,        0,  29.9,   2.6,  25.8,  6.866,  4.349,  0.030,5579434.4,  1,  22.0,   1.0, 0.100
2025-10-17 12:49:11,        0,  30.0,   3.0,  25.8,  5.710,  3.268,  0.021,5583138.8,  1,  21.9,   1.0, 0.100
2025-10-17 12:49:12,        0,  29.8,   2.4,  25.8,  2.520,  0.625,  0.002,5585879.6,  1,  21.9,   1.0, 0.100
2025-10-17 12:49:13,        0,  29.6,   1.9,  25.8,  1.550,  0.023,  0.000,5585911.9,  1,  21.9,   1.0, 0.100
2025-10-17 12:49:14,        0,  29.6,   1.9,  25.8,  1.408, -0.004,  0.000,5585908.1,  1,  21.9,   1.0, 0.100
2025-10-17 12:49:15,        0,  29.6,   1.9,  25.8,  1.316, -0.012,  0.000,5585897.2,  1,  21.9,   1.0, 0.100
2025-10-17 12:49:16,        0,  29.6,   1.7,  25.8,  1.278, -0.013,  0.000,5585885.1,  1,  21.9,   1.0, 0.100
2025-10-17 12:49:17,        0,  29.7,   2.1,  25.8,  1.234, -0.015,  0.000,5585868.7,  1,  21.9,   1.0, 0.100
2025-10-17 12:49:18,        0,  29.6,   1.9,  25.8,  1.209, -0.015,  0.000,5585854.9,  1,  22.0,   1.0, 0.100
2025-10-17 12:49:19,        0,  29.7,   2.1,  25.8,  1.186, -0.014,  0.000,5585841.1,  1,  21.9,   1.0, 0.100
2025-10-17 12:49:20,        0,  29.7,   2.1,  25.8,  1.154, -0.014,  0.000,5585828.1,  1,  22.0,   1.0, 0.100
2025-10-17 12:49:21,        0,  29.7,   2.1,  25.8,  1.121, -0.014,  0.000,5585812.2,  1,  21.9,   1.0, 0.100
2025-10-17 12:49:22,        0,  29.8,   2.3,  25.8,  1.101, -0.014,  0.000,5585799.6,  1,  21.9,   1.0, 0.100
2025-10-17 12:49:23,        0,  29.7,   2.2,  25.8,  1.081, -0.013,  0.000,5585787.0,  1,  21.9,   1.0, 0.100
2025-10-17 12:49:24,        0,  29.7,   2.2,  25.8,  1.054, -0.013,  0.000,5585774.5,  1,  21.9,   1.0, 0.100
2025-10-17 12:49:25,        0,  29.7,   2.1,  25.8,  1.037, -0.013,  0.000,5585759.8,  1,  21.9,   1.0, 0.100
2025-10-17 12:49:26,        0,  29.7,   2.2,  25.8,  1.012, -0.013,  0.000,5585747.6,  1,  21.9,   1.0, 0.100
2025-10-17 12:49:27,        0,  29.8,   2.4,  25.8,  0.997, -0.013,  0.000,5585735.5,  1,  21.9,   1.0, 0.100
2025-10-17 12:49:28,        0,  29.8,   2.4,  25.8,  0.983, -0.013,  0.000,5585723.3,  1,  21.9,   1.0, 0.100
2025-10-17 12:49:29,        0,  29.9,   2.6,  25.8,  0.962, -0.013,  0.000,5585711.6,  1,  22.0,   1.0, 0.100
2025-10-17 12:49:30,        0,  29.8,   2.4,  25.8,  0.950, -0.012,  0.000,5585697.3,  1,  21.9,   1.0, 0.100
2025-10-17 12:49:31,        0,  29.8,   2.4,  25.8,  0.931, -0.012,  0.000,5585685.2,  1,  22.0,   1.0, 0.100
2025-10-17 12:49:32,        0,  29.9,   2.8,  25.8,  0.921, -0.012,  0.000,5585673.9,  1,  22.0,   1.0, 0.100
2025-10-17 12:49:33,        0,  29.9,   2.6,  25.8,  6.836,  4.348,  0.030,5588897.6,  1,  21.9,   1.0, 0.100
2025-10-17 12:49:34,        0,  29.9,   2.6,  25.8,  6.873,  4.353,  0.030,5593938.8,  1,  21.9,   1.0, 0.100
2025-10-17 12:49:35,        0,  29.7,   2.1,  25.8,  6.935,  4.350,  0.030,5597606.8,  1,  22.0,   0.9, 0.100
2025-10-17 12:49:36,        0,  29.5,   1.4,  25.8,  1.681,  0.068,  0.000,5597818.8,  1,  22.0,   1.0, 0.100
2025-10-17 12:49:37,        0,  29.7,   2.1,  25.8,  1.445,  0.003,  0.000,5597824.3,  1,  21.9,   1.0, 0.100
2025-10-17 12:49:38,        0,  29.1,   0.2,  25.8,  1.328, -0.010,  0.000,5597813.8,  1,  22.0,   1.0, 0.100
2025-10-17 12:49:39,        0,  29.3,   1.0,  25.8,  1.283, -0.012,  0.000,5597801.2,  1,  21.9,   1.0, 0.100
2025-10-17 12:49:40,        0,  29.3,   1.0,  25.8,  1.234, -0.013,  0.000,5597788.2,  1,  22.0,   1.0, 0.100
2025-10-17 12:49:41,        0,  29.3,   1.0,  25.8,  1.206, -0.014,  0.000,5597776.1,  1,  22.0,   1.0, 0.100
2025-10-17 12:49:42,        0,  29.3,   1.0,  25.8,  1.168, -0.013,  0.000,5597759.7,  1,  22.0,   1.0, 0.100
2025-10-17 12:49:43,        0,  29.5,   1.4,  25.8,  1.144, -0.013,  0.000,5597747.2,  1,  22.0,   1.0, 0.100
2025-10-17 12:49:44,        0,  29.3,   0.9,  25.8,  1.121, -0.013,  0.000,5597734.6,  1,  21.9,   1.0, 0.100
2025-10-17 12:49:45,        0,  29.4,   1.2,  25.8,  1.099, -0.013,  0.000,5597722.0,  1,  22.0,   1.0, 0.100
2025-10-17 12:49:46,        0,  29.4,   1.2,  25.8,  1.066, -0.013,  0.000,5597707.3,  1,  22.0,   1.0, 0.100
2025-10-17 12:49:47,        0,  29.5,   1.4,  25.8,  1.037, -0.013,  0.000,5597695.2,  1,  22.0,   1.0, 0.100
2025-10-17 12:49:48,        0,  29.4,   1.2,  25.8,  1.018, -0.013,  0.000,5597683.0,  1,  22.0,   1.0, 0.100
2025-10-17 12:49:49,        0,  29.4,   1.2,  25.8,  1.001, -0.013,  0.000,5597671.3,  1,  22.0,   1.0, 0.100
2025-10-17 12:49:50,        0,  29.4,   1.2,  25.8,  0.977, -0.013,  0.000,5597659.6,  1,  22.0,   1.0, 0.100
2025-10-17 12:49:51,        0,  29.4,   1.2,  25.8,  0.962, -0.011,  0.000,5597645.3,  1,  21.9,   1.0, 0.100
2025-10-17 12:49:52,        0,  29.4,   1.2,  25.8,  0.941, -0.000,  0.000,5597634.0,  1,  21.9,   1.0, 0.100
2025-10-17 12:49:53,        0,  29.4,   1.2,  25.8,  0.928, -0.012,  0.000,5597622.3,  1,  22.0,   1.0, 0.100
2025-10-17 12:49:54,        0,  29.3,   1.0,  25.8,  0.915, -0.012,  0.000,5597611.0,  1,  22.0,   1.0, 0.100
2025-10-17 12:49:55,        0,  29.5,   1.6,  25.8,  0.898, -0.011,  0.000,5597597.1,  1,  22.0,   1.0, 0.100
2025-10-17 12:49:56,        0,  29.4,   1.2,  25.8,  0.888, -0.012,  0.000,5597586.7,  1,  22.0,   1.0, 0.100
2025-10-17 12:49:57,        0,  29.4,   1.2,  25.8,  0.872, -0.012,  0.000,5597575.3,  1,  21.9,   1.0, 0.100
2025-10-17 12:49:58,        0,  29.4,   1.2,  25.8,  0.862, -0.011,  0.000,5597564.0,  1,  22.0,   1.0, 0.100
2025-10-17 12:49:59,        0,  29.5,   1.4,  25.8,  0.848, -0.011,  0.000,5597550.2,  1,  22.0,   1.0, 0.100
2025-10-17 12:50:00,        0,  29.5,   1.4,  25.8,  0.840, -0.011,  0.000,5597539.7,  1,  22.0,   1.0, 0.100
2025-10-17 12:50:01,        0,  29.5,   1.4,  25.8,  0.831, -0.011,  0.000,5597529.2,  1,  22.0,   1.0, 0.100
2025-10-17 12:50:02,        0,  29.5,   1.6,  25.8,  0.819, -0.011,  0.000,5597518.3,  1,  21.9,   1.0, 0.100
2025-10-17 12:50:03,        0,  29.5,   1.4,  25.8,  0.808, -0.011,  0.000,77727001190.2,  1,  22.0,   1.0, 0.100
2025-10-17 12:50:04,        0,  29.5,   1.4,  25.8,  0.801, -0.011,  0.000,5597495.3,  1,  21.9,   1.0, 0.100
2025-10-17 12:50:05,        0,  29.5,   1.4,  25.8,  0.795, -0.011,  0.000,5597484.4,  1,  22.0,   1.0, 0.100
2025-10-17 12:50:06,        0,  29.5,   1.4,  25.8,  0.787, -0.011,  0.000,5597473.5,  1,  22.0,   1.0, 0.100
2025-10-17 12:50:07,        0,  29.5,   1.6,  25.8,  0.778, -0.011,  0.000,5597463.4,  1,  21.9,   1.0, 0.100
2025-10-17 12:50:08,        0,  29.5,   1.6,  25.8,  0.769, -0.010,  0.000,5597451.3,  1,  22.0,   1.0, 0.100
2025-10-17 12:50:09,        0,  29.5,   1.6,  25.8,  0.762, -0.011,  0.000,5597441.2,  1,  22.0,   1.0, 0.100
2025-10-17 12:50:10,        0,  29.5,   1.6,  25.8,  0.757, -0.011,  0.000,5597430.3,  1,  22.0,   1.0, 0.100
2025-10-17 12:50:11,        0,  29.5,   1.6,  25.8,  0.748, -0.010,  0.000,5597420.7,  1,  22.0,   1.0, 0.100
2025-10-17 12:50:12,        0,  29.5,   1.6,  25.8,  0.742, -0.011,  0.000,5597408.1,  1,  22.0,   1.0, 0.100
2025-10-17 12:50:13,        0,  29.4,   1.2,  25.8,  0.734, -0.011,  0.000,5597398.5,  1,  22.0,   1.0, 0.100
2025-10-17 12:50:14,        0,  29.5,   1.6,  25.8,  0.730, -0.010,  0.000,5597389.3,  1,  22.0,   1.0, 0.100
2025-10-17 12:50:15,        0,  29.5,   1.6,  25.8,  0.725, -0.010,  0.000,5597379.2,  1,  21.9,   1.0, 0.100
2025-10-17 12:50:16,        0,  29.5,   1.6,  25.8,  0.718, -0.010,  0.000,5597369.6,  1,  21.9,   0.9, 0.100
2025-10-17 12:50:17,        0,  29.5,   1.6,  25.8,  0.713, -0.010,  0.000,5597357.8,  1,  22.0,   1.0, 0.100
2025-10-17 12:50:18,        0,  29.6,   1.7,  25.8,  0.705, -0.010,  0.000,5597347.8,  1,  22.0,   1.0, 0.100
2025-10-17 12:50:19,        0,  29.5,   1.6,  25.8,  0.701, -0.010,  0.000,5597338.5,  1,  22.0,   0.9, 0.100
2025-10-17 12:50:20,        0,  29.6,   1.7,  25.8,  0.696, -0.010,  0.000,5597329.3,  1,  22.0,   1.0, 0.100
2025-10-17 12:50:21,        0,  29.5,   1.6,  25.8,  0.690, -0.009,  0.000,5597317.6,  1,  21.9,   1.0, 0.100
2025-10-17 12:50:22,        0,  29.6,   1.7,  25.8,  0.686, -0.009,  0.000,5597308.0,  1,  22.0,   1.0, 0.100
2025-10-17 12:50:23,        0,  29.5,   1.6,  25.8,  0.679, -0.010,  0.000,5597298.7,  1,  21.9,   1.0, 0.100
2025-10-17 12:50:24,        0,  29.5,   1.6,  25.7,  0.675, -0.010,  0.000,5597289.5,  1,  22.0,   1.0, 0.100
2025-10-17 12:50:25,        0,  29.6,   1.7,  25.8,  0.668, -0.009,  0.000,5597278.6,  1,  22.0,   1.0, 0.100
2025-10-17 12:50:26,        0,  29.5,   1.6,  25.8,  0.664, -0.009,  0.000,5597269.8,  1,  22.0,   1.0, 0.100
2025-10-17 12:50:27,        0,  29.6,   1.7,  25.8,  0.658, -0.009,  0.000,5597261.0,  1,  22.0,   1.0, 0.100
2025-10-17 12:50:28,        0,  29.6,   1.7,  25.8,  0.654, -0.009,  0.000,5597251.8,  1,  22.0,   0.9, 0.100
2025-10-17 12:50:29,        0,  29.5,   1.6,  25.8,  0.650, -0.009,  0.000,5597242.2,  1,  21.9,   1.0, 0.100
2025-10-17 12:50:30,        0,  29.6,   1.7,  25.8,  0.645, -0.010,  0.000,5597230.8,  1,  22.0,   1.0, 0.100
2025-10-17 12:50:31,        0,  29.6,   1.7,  25.8,  0.641, -0.009,  0.000,5597222.5,  1,  21.9,   1.0, 0.100
2025-10-17 12:50:32,        0,  29.6,   1.9,  25.8,  0.635, -0.009,  0.000,5597213.7,  1,  21.9,   1.0, 0.100
2025-10-17 12:50:33,        0,  29.6,   1.7,  25.8,  0.631, -0.009,  0.000,5597205.3,  1,  22.0,   0.9, 0.100
2025-10-17 12:50:34,        0,  29.6,   1.9,  25.8,  0.626, -0.009,  0.000,5597195.2,  1,  21.9,   1.0, 0.100
2025-10-17 12:50:35,        0,  29.6,   1.7,  25.8,  0.622, -0.009,  0.000,5597186.4,  1,  21.9,   1.0, 0.100
2025-10-17 12:50:36,        0,  29.6,   1.7,  25.8,  0.618, -0.009,  0.000,5597177.6,  1,  21.9,   0.9, 0.100
2025-10-17 12:50:37,        0,  29.6,   1.7,  25.8,  0.613, -0.009,  0.000,5597169.2,  1,  21.9,   1.0, 0.100
2025-10-17 12:50:38,        0,  29.6,   1.7,  25.8,  0.610, -0.009,  0.000,5597161.3,  1,  21.9,   1.0, 0.100
2025-10-17 12:50:39,        0,  29.6,   1.7,  25.8,  0.604, -0.009,  0.000,5597150.8,  1,  22.0,   0.9, 0.100
2025-10-17 12:50:40,        0,  29.6,   1.7,  25.8,  0.601, -0.008,  0.000,5597142.4,  1,  22.0,   0.9, 0.100
2025-10-17 12:50:41,        0,  29.6,   1.7,  25.7,  0.597, -0.008,  0.000,5597134.4,  1,  21.9,   0.9, 0.100
2025-10-17 12:50:42,        0,  29.6,   1.7,  25.8,  0.592, -0.009,  0.000,5597126.5,  1,  22.0,   0.9, 0.100
2025-10-17 12:50:43,        0,  29.6,   1.7,  25.8,  0.586, -0.008,  0.000,5597116.4,  1,  22.0,   1.0, 0.100
2025-10-17 12:50:44,        0,  29.6,   1.9,  25.8,  0.583, -0.009,  0.000,5597108.9,  1,  22.0,   0.9, 0.100
2025-10-17 12:50:45,        0,  29.6,   1.7,  25.8,  0.579, -0.008,  0.000,5597100.9,  1,  21.9,   1.0, 0.100
2025-10-17 12:50:46,        0,  29.6,   1.9,  25.8,  0.575, -0.009,  0.000,5597092.5,  1,  22.0,   1.0, 0.100
2025-10-17 12:50:47,        0,  29.6,   1.7,  25.8,  0.571, -0.008,  0.000,5597083.7,  1,  22.0,   1.0, 0.100
2025-10-17 12:50:48,        0,  29.6,   1.7,  25.8,  0.565, -0.008,  0.000,5597075.8,  1,  22.0,   1.0, 0.100
2025-10-17 12:50:49,        0,  29.6,   1.7,  25.8,  0.563, -0.009,  0.000,5597067.8,  1,  21.9,   1.0, 0.100
2025-10-17 12:50:50,        0,  29.6,   1.7,  25.7,  0.559, -0.008,  0.000,5597060.7,  1,  22.0,   1.0, 0.100
2025-10-17 12:50:51,        0,  29.6,   1.7,  25.7,  0.554, -0.008,  0.000,5597052.7,  1,  22.0,   1.0, 0.100
2025-10-17 12:50:52,        0,  29.6,   1.7,  25.8,  0.550, -0.007,  0.000,5597044.3,  1,  22.0,   1.0, 0.100
2025-10-17 12:50:53,        0,  29.6,   1.7,  25.8,  0.545, -0.008,  0.000,5597036.4,  1,  21.9,   1.0, 0.100
2025-10-17 12:50:54,        0,  29.6,   1.7,  25.8,  0.542, -0.007,  0.000,5597029.7,  1,  22.0,   1.0, 0.100
2025-10-17 12:50:55,        0,  29.6,   1.7,  25.8,  0.538, -0.007,  0.000,5597023.0,  1,  22.0,   1.0, 0.100
2025-10-17 12:50:56,        0,  29.6,   1.7,  25.8,  0.532, -0.007,  0.000,5597013.3,  1,  22.0,   1.0, 0.100
2025-10-17 12:50:57,        0,  29.6,   1.7,  25.8,  0.529, -0.008,  0.000,5597006.2,  1,  21.9,   1.0, 0.100
2025-10-17 12:50:58,        0,  29.6,   1.9,  25.8,  0.525, -0.007,  0.000,5596998.7,  1,  21.9,   1.0, 0.100
2025-10-17 12:50:59,        0,  29.6,   1.7,  25.8,  0.521, -0.007,  0.000,5596992.0,  1,  21.9,   1.0, 0.100
2025-10-17 12:51:00,        0,  29.6,   1.7,  25.7,  0.518, -0.007,  0.000,5596984.8,  1,  21.9,   1.0, 0.100
2025-10-17 12:51:01,        0,  29.6,   1.9,  25.8,  0.513, -0.007,  0.000,5596975.6,  1,  21.9,   1.0, 0.100
2025-10-17 12:51:02,        0,  29.6,   1.9,  25.8,  0.508, -0.007,  0.000,5596969.3,  1,  21.9,   1.0, 0.100
2025-10-17 12:51:03,        0,  29.6,   1.7,  25.8,  0.505, -0.007,  0.000,5596961.8,  1,  21.9,   1.0, 0.100
2025-10-17 12:51:04,        0,  29.6,   1.7,  25.8,  0.501, -0.007,  0.000,5596955.9,  1,  21.9,   1.0, 0.100
2025-10-17 12:51:05,        0,  29.6,   1.9,  25.7,  0.497, -0.007,  0.000,5596947.1,  1,  21.9,   1.0, 0.100
2025-10-17 12:51:06,        0,  29.6,   1.9,  25.8,  0.493, -0.007,  0.000,5596940.8,  1,  21.9,   1.0, 0.100
2025-10-17 12:51:07,        0,  29.6,   1.9,  25.8,  0.488, -0.007,  0.000,5596934.1,  1,  21.9,   1.0, 0.100
2025-10-17 12:51:08,        0,  29.6,   1.9,  25.8,  0.486, -0.007,  0.000,5596927.8,  1,  21.9,   1.0, 0.100
2025-10-17 12:51:09,        0,  29.6,   1.9,  25.8,  0.482, -0.007,  0.000,5596921.1,  1,  22.0,   1.0, 0.100
2025-10-17 12:51:10,        0,  29.6,   1.7,  25.8,  0.478, -0.007,  0.000,5596912.7,  1,  22.0,   1.0, 0.100
2025-10-17 12:51:11,        0,  29.6,   1.9,  25.8,  0.474, -0.006,  0.000,5596906.5,  1,  21.9,   1.0, 0.100
2025-10-17 12:51:12,        0,  29.6,   1.9,  25.8,  0.470, -0.006,  0.000,5596900.6,  1,  21.9,   1.0, 0.100
2025-10-17 12:51:13,        0,  29.6,   1.9,  25.8,  0.466, -0.007,  0.000,5596894.7,  1,  21.9,   1.0, 0.100
2025-10-17 12:51:14,        0,  29.6,   1.9,  25.7,  0.462, -0.006,  0.000,5596886.8,  1,  21.9,   0.9, 0.100
2025-10-17 12:51:15,        0,  29.6,   1.7,  25.8,  0.459, -0.007,  0.000,5596880.5,  1,  21.9,   1.0, 0.100
2025-10-17 12:51:16,        0,  29.6,   1.9,  25.7,  0.457, -0.006,  0.000,5596874.2,  1,  21.9,   0.9, 0.100
2025-10-17 12:51:17,        0,  29.6,   1.9,  25.7,  0.452, -0.006,  0.000,5596868.3,  1,  21.9,   0.9, 0.100
2025-10-17 12:51:18,        0,  29.6,   1.9,  25.7,  0.449, -0.006,  0.000,5596862.9,  1,  21.9,   0.9, 0.100
2025-10-17 12:51:19,        0,  29.6,   1.7,  25.7,  0.444, -0.006,  0.000,5596855.7,  1,  21.9,   0.9, 0.100
2025-10-17 12:51:20,        0,  29.6,   1.9,  25.7,  0.442, -0.007,  0.000,5596849.0,  1,  21.9,   0.9, 0.100
2025-10-17 12:51:21,        0,  29.6,   1.9,  25.7,  0.437, -0.006,  0.000,5596843.2,  1,  21.9,   0.9, 0.100
2025-10-17 12:51:22,        0,  29.6,   1.7,  25.8,  0.435, -0.006,  0.000,5596837.7,  1,  21.9,   0.9, 0.100
2025-10-17 12:51:23,        0,  29.6,   1.9,  25.7,  0.430, -0.006,  0.000,5596830.2,  1,  21.9,   0.9, 0.100
2025-10-17 12:51:24,        0,  29.6,   1.7,  25.8,  0.427, -0.006,  0.000,5596824.7,  1,  21.9,   0.9, 0.100
2025-10-17 12:51:25,        0,  29.6,   1.9,  25.8,  0.424, -0.006,  0.000,5596818.9,  1,  21.9,   0.9, 0.100
2025-10-17 12:51:26,        0,  29.6,   1.7,  25.7,  0.420, -0.005,  0.000,5596813.0,  1,  21.9,   0.9, 0.100
2025-10-17 12:51:27,        0,  29.6,   1.9,  25.8,  0.418, -0.006,  0.000,5596806.7,  1,  21.9,   0.9, 0.100
2025-10-17 12:51:28,        0,  29.6,   1.9,  25.7,  0.414, -0.005,  0.000,5596801.7,  1,  21.9,   0.9, 0.100
2025-10-17 12:51:29,        0,  29.6,   1.7,  25.7,  0.411, -0.005,  0.000,5596796.2,  1,  21.9,   0.9, 0.100
2025-10-17 12:51:30,        0,  29.6,   1.9,  25.8,  0.409, -0.006,  0.000,5596791.2,  1,  21.9,   0.9, 0.100
2025-10-17 12:51:31,        0,  29.6,   1.7,  25.7,  0.405, -0.005,  0.000,5596784.5,  1,  21.9,   1.0, 0.100
2025-10-17 12:51:32,        0,  29.6,   1.7,  25.8,  0.403, -0.006,  0.000,5596779.1,  1,  21.9,   0.9, 0.100
2025-10-17 12:51:33,        0,  29.6,   1.9,  25.7,  0.399, -0.006,  0.000,5596774.0,  1,  21.9,   0.9, 0.100
2025-10-17 12:51:34,        0,  29.6,   1.9,  25.7,  0.396, -0.005,  0.000,5596769.0,  1,  21.9,   0.9, 0.100
2025-10-17 12:51:35,        0,  29.6,   1.9,  25.7,  0.393, -0.005,  0.000,5596761.9,  1,  21.9,   1.0, 0.100
2025-10-17 12:51:36,        0,  29.6,   1.9,  25.7,  0.391, -0.005,  0.000,5596757.3,  1,  21.9,   0.9, 0.100
2025-10-17 12:51:37,        0,  29.6,   1.9,  25.8,  0.390, -0.005,  0.000,5596752.2,  1,  21.9,   0.9, 0.100
2025-10-17 12:51:38,        0,  29.6,   1.9,  25.7,  0.386, -0.005,8005.878,5596746.8,  1,  21.9,   0.9, 0.100
2025-10-17 12:51:39,        0,  29.6,   1.7,  25.8,  0.384, -0.005,  0.000,5596742.6,  1,  21.9,   0.9, 0.100
2025-10-17 12:51:40,        0,  29.6,   1.9,  25.7,  0.381, -0.005,  0.000,5596735.5,  1,  21.9,   0.9, 0.100
2025-10-17 12:51:41,        0,  29.6,   1.9,  25.7,  0.379, -0.005,  0.000,5596731.3,  1,  21.9,   0.9, 0.100
2025-10-17 12:51:42,        0,  29.6,   1.7,  25.7,  0.376, -0.005,  0.000,5596725.4,  1,  21.9,   0.9, 0.100
2025-10-17 12:51:43,        0,  29.6,   1.9,  25.7,  0.374, -0.005,  0.000,5596720.8,  1,  21.9,   0.9, 0.100
2025-10-17 12:51:44,        0,  29.6,   1.7,  25.8,  0.371, -0.005,  0.000,5596714.5,  1,  21.9,   0.9, 0.100
2025-10-17 12:51:45,        0,  29.6,   1.9,  25.7,  0.369, -0.005,  0.000,5596709.1,  1,  21.9,   0.9, 0.100
2025-10-17 12:51:46,        0,  29.6,   1.7,  25.8,  0.367, -0.005,  0.000,5596704.5,  1,  21.9,   0.9, 0.100
2025-10-17 12:51:47,        0,  29.6,   1.9,  25.8,  0.366, -0.005,  0.000,5596699.8,  1,  21.9,   0.9, 0.100
2025-10-17 12:51:48,        0,  29.6,   1.7,  25.7,  0.363, -0.005,  0.000,5596693.1,  1,  21.9,   0.9, 0.100
2025-10-17 12:51:49,        0,  29.6,   1.9,  25.8,  0.361, -0.005,  0.000,5596688.9,  1,  21.9,   0.9, 0.100
2025-10-17 12:51:50,        0,  29.6,   1.9,  25.7,  0.359, -0.005,  0.000,5596683.5,  1,  21.9,   0.9, 0.100
2025-10-17 12:51:51,        0,  29.6,   1.9,  25.8,  0.358, -0.005,  0.000,5596678.1,  1,  21.9,   0.9, 0.100
2025-10-17 12:51:52,        0,  29.6,   1.9,  25.7,  0.356, -0.005,  0.000,5596672.6,  1,  21.9,   0.9, 0.100
2025-10-17 12:51:53,        0,  29.6,   1.9,  25.7,  0.354, -0.006,  0.000,5596666.7,  1,  21.9,   0.9, 0.100
2025-10-17 12:51:54,        0,  29.6,   1.9,  25.7,  0.352, -0.005,  0.000,5596662.5,  1,  21.9,   0.9, 0.100
2025-10-17 12:51:55,        0,  29.6,   1.9,  25.7,  0.351, -0.005,  0.000,5596657.9,  1,  21.9,   0.9, 0.100
2025-10-17 12:51:56,        0,  29.6,   1.7,  25.7,  0.349, -0.005,  0.000,5596651.6,  1,  21.9,   1.0, 0.100
2025-10-17 12:51:57,        0,  29.6,   1.9,  25.7,  0.347, -0.005,  0.000,5596646.6,  1,  21.9,   0.9, 0.100
2025-10-17 12:51:58,        0,  29.5,   1.4,  25.7,  0.346, -0.005,  0.000,5596642.4,  1,  21.9,   0.9, 0.100
2025-10-17 12:51:59,        0,  29.6,   1.9,  25.7,  0.344, -0.005,  0.000,5596637.4,  1,  21.9,   0.9, 0.100
2025-10-17 12:52:00,        0,  29.6,   1.9,  25.7,  0.342, -0.004,  0.000,5596632.8,  1,  21.9,   0.9, 0.100
2025-10-17 12:52:01,        0,  29.6,   1.7,  25.7,  0.341, -0.005,  0.000,5596627.3,  1,  21.9,   0.9, 0.100
2025-10-17 12:52:02,        0,  29.6,   1.9,  25.7,  0.340, -0.005,  0.000,5596623.2,  1,  21.9,   0.9, 0.100
2025-10-17 12:52:03,        0,  29.6,   1.7,  25.8,  0.339, -0.005,  0.000,5596617.7,  1,  21.9,   0.9, 0.100
2025-10-17 12:52:04,        0,  29.5,   1.6,  25.7,  0.336, -0.005,  0.000,5596613.1,  1,  21.9,   0.9, 0.100
2025-10-17 12:52:05,        0,  29.6,   1.9,  25.7,  0.334, -0.005,  0.000,5596607.2,  1,  21.9,   0.9, 0.100
2025-10-17 12:52:06,        0,  29.6,   1.9,  25.7,  0.333, -0.005,  0.000,5596603.0,  1,  21.9,   0.9, 0.100
2025-10-17 12:52:07,        0,  29.6,   1.9,  25.7,  0.332, -0.005,  0.000,5596598.0,  1,  21.9,   0.9, 0.100
2025-10-17 12:52:08,        0,  29.6,   1.9,  25.7,  0.331, -0.005,  0.000,5596593.8,  1,  21.9,   0.9, 0.100
2025-10-17 12:52:09,        0,  29.6,   1.9,  25.7,  0.330, -0.005,  0.000,5596589.2,  1,  21.9,   0.9, 0.100
2025-10-17 12:52:10,        0,  29.6,   1.9,  25.8,  0.328, -0.004,  0.000,5596583.3,  1,  21.9,   1.0, 0.100
2025-10-17 12:52:11,        0,  29.6,   1.7,  25.7,  0.327, -0.004,  0.000,5596578.7,  1,  21.9,   1.0, 0.100
2025-10-17 12:52:12,        0,  29.7,   2.1,  25.7,  0.326, -0.005,  0.000,5596574.1,  1,  21.9,   1.0, 0.100
2025-10-17 12:52:13,        0,  29.7,   2.1,  25.7,  0.325, -0.005,  0.000,5596569.5,  1,  21.9,   1.0, 0.100
2025-10-17 12:52:14,        0,  29.6,   1.9,  25.7,  0.324, -0.004,  0.000,5596564.5,  1,  21.9,   1.0, 0.100
2025-10-17 12:52:15,        0,  29.7,   2.1,  25.7,  0.322, -0.005,  0.000,5596560.3,  1,  21.9,   1.0, 0.100
2025-10-17 12:52:16,        0,  29.6,   1.9,  25.7,  0.321, -0.004,  0.000,5596555.7,  1,  21.9,   1.0, 0.100
2025-10-17 12:52:17,        0,  29.7,   2.1,  25.7,  0.320, -0.004,  0.000,5596551.5,  1,  21.9,   1.0, 0.100
2025-10-17 12:52:18,        0,  29.6,   1.9,  25.7,  0.319, -0.005,  0.000,5596545.6,  1,  21.9,   1.0, 0.100
2025-10-17 12:52:19,        0,  29.6,   1.9,  25.7,  0.317, -0.005,  0.000,5596541.0,  1,  21.9,   1.0, 0.100
2025-10-17 12:52:20,        0,  29.6,   1.9,  25.7,  0.316, -0.005,  0.000,5596537.2,  1,  21.9,   1.0, 0.100
2025-10-17 12:52:21,        0,  29.6,   1.9,  25.7,  0.316, -0.005,  0.000,5596532.6,  1,  21.9,   1.0, 0.100
2025-10-17 12:52:22,        0,  29.6,   1.9,  25.7,  0.314, -0.005,  0.000,5596528.4,  1,  21.9,   1.0, 0.100
2025-10-17 12:52:23,        0,  29.6,   1.9,  25.7,  0.313, -0.004,  0.000,5596523.8,  1,  21.9,   1.0, 0.100
2025-10-17 12:52:24,        0,  29.6,   1.9,  25.7,  0.311, -0.004,  0.000,5596519.6,  1,  21.9,   1.0, 0.100
2025-10-17 12:52:25,        0,  29.6,   1.9,  25.7,  0.310, -0.004,  0.000,5596515.9,  1,  21.9,   1.0, 0.100
2025-10-17 12:52:26,        0,  29.6,   1.9,  25.7,  0.309, -0.004,  0.000,5596511.3,  1,  21.9,   1.0, 0.100
2025-10-17 12:52:27,        0,  29.7,   2.1,  25.7,  0.307, -0.005,  0.000,5596506.6,  1,  21.9,   1.0, 0.100
2025-10-17 12:52:28,        0,  29.6,   1.9,  25.7,  0.307, -0.005,  0.000,5596502.5,  1,  21.9,   1.0, 0.100
2025-10-17 12:52:29,        0,  29.7,   2.1,  25.7,  0.305, -0.005,  0.000,5596497.4,  1,  21.9,   1.0, 0.100
2025-10-17 12:52:30,        0,  29.6,   1.9,  25.7,  0.304, -0.004,  0.000,5596493.7,  1,  21.9,   1.0, 0.100
2025-10-17 12:52:31,        0,  29.7,   2.1,  25.7,  0.302, -0.004,  0.000,5596488.6,  1,  21.9,   1.0, 0.100
2025-10-17 12:52:32,        0,  29.6,   1.9,  25.7,  0.301, -0.004,  0.000,5596484.0,  1,  21.9,   1.0, 0.100
2025-10-17 12:52:33,        0,  29.6,   1.9,  25.7,  0.301, -0.004,  0.000,5596480.2,  1,  21.9,   1.0, 0.100
2025-10-17 12:52:34,        0,  29.6,   1.9,  25.7,  0.299, -0.004,  0.000,5596476.5,  1,  21.9,   1.0, 0.100
2025-10-17 12:52:35,        0,  29.6,   1.9,  25.7,  0.297, -0.004,  0.000,5596472.3,  1,  21.9,   1.0, 0.100
2025-10-17 12:52:36,        0,  29.6,   1.9,  25.7,  0.296, -0.004,  0.000,5596468.1,  1,  21.9,   0.9, 0.100
2025-10-17 12:52:37,        0,  29.6,   1.9,  25.7,  0.295, -0.004,  0.000,5596464.3,  1,  21.9,   1.0, 0.100
2025-10-17 12:52:38,        0,  29.6,   1.9,  25.7,  0.293, -0.004,  0.000,5596460.5,  1,  21.9,   0.9, 0.100
2025-10-17 12:52:39,        0,  29.6,   1.9,  25.7,  0.290, -0.004,  0.000,5596456.4,  1,  21.9,   1.0, 0.100
2025-10-17 12:52:40,        0,  29.6,   1.9,  25.7,  0.288, -0.004,  0.000,5596451.7,  1,  21.9,   1.0, 0.100
2025-10-17 12:52:41,        0,  29.6,   1.9,  25.7,  0.287, -0.003,  0.000,5596448.0,  1,  21.9,   0.9, 0.100
2025-10-17 12:52:42,        0,  29.6,   1.9,  25.7,  0.284, -0.004,  0.000,5596444.2,  1,  21.9,   0.9, 0.100
2025-10-17 12:52:43,        0,  29.7,   2.1,  25.7,  0.283, -0.004,  0.000,5596440.8,  1,  21.9,   0.9, 0.100
2025-10-17 12:52:44,        0,  29.6,   1.9,  25.7,  0.281, -0.003,  0.000,5596437.1,  1,  21.9,   0.9, 0.100
2025-10-17 12:52:45,        0,  28.6,   0.0,  25.6,  0.278, -0.004,  0.000,5596433.7,  1,  21.9,   0.9, 0.100
2025-10-17 12:52:46,        0,  29.6,   1.9,  25.7,  0.277, -0.004,  0.000,5596429.9,  1,  21.9,   0.9, 0.100
2025-10-17 12:52:47,        0,  29.7,   2.1,  25.7,  0.274, -0.003,  0.000,5596426.6,  1,  21.9,   0.9, 0.100
2025-10-17 12:52:48,        0,  29.6,   1.9,  25.7,  0.273, -0.004,  0.000,5596423.2,  1,  21.9,   0.9, 0.100
2025-10-17 12:52:49,        0,  29.6,   1.9,  25.7,  0.271, -0.004,  0.000,5596418.2,  1,  21.9,   0.9, 0.100
2025-10-17 12:52:50,        0,  29.6,   1.9,  25.7,  0.268, -0.003,  0.000,5596414.9,  1,  22.0,   0.9, 0.100
2025-10-17 12:52:51,        0,  29.6,   1.9,  25.7,  0.267, -0.004,  0.000,5596411.5,  1,  22.0,   0.9, 0.100
2025-10-17 12:52:52,        0,  29.7,   2.1,  25.7,  0.265, -0.003,  0.000,5596408.6,  1,  21.9,   0.9, 0.100
2025-10-17 12:52:53,        0,  29.7,   2.1,  25.7,  0.263, -0.003,  0.000,5596404.0,  1,  21.9,   1.0, 0.100
2025-10-17 12:52:54,        0,  29.6,   1.9,  25.7,  0.262, -0.004,  0.000,5596400.6,  1,  21.9,   1.0, 0.100
2025-10-17 12:52:55,        0,  29.6,   1.7,  25.7,  0.260, -0.004,  0.000,5596397.3,  1,  22.0,   1.0, 0.100
2025-10-17 12:52:56,        0,  29.6,   1.9,  25.6,  0.259, -0.004,  0.000,5596393.5,  1,  21.9,   1.0, 0.100
2025-10-17 12:52:57,        0,  29.7,   2.1,  25.7,  0.256, -0.004,  0.000,5596389.7,  1,  21.9,   1.0, 0.100
2025-10-17 12:52:58,        0,  29.6,   1.9,  25.7,  0.255, -0.003,  0.000,5596386.4,  1,  21.9,   1.0, 0.100
2025-10-17 12:52:59,        0,  29.7,   2.1,  25.7,  0.254, -0.003,  0.000,5596383.0,  1,  21.9,   1.0, 0.100
2025-10-17 12:53:00,        0,  29.7,   2.1,  25.7,  0.252, -0.003,  0.000,5596379.7,  1,  21.9,   1.0, 0.100
2025-10-17 12:53:01,        0,  29.7,   2.1,  25.6,  0.251, -0.003,  0.000,5596376.3,  1,  21.9,   1.0, 0.100
2025-10-17 12:53:02,        0,  29.7,   2.1,  25.7,  0.250, -0.004,  0.000,5596372.5,  1,  21.9,   1.0, 0.100
2025-10-17 12:53:03,        0,  29.7,   2.1,  25.7,  0.248, -0.003,  0.000,5596369.2,  1,  22.0,   1.0, 0.100
