Time, Cnts,  %T, set_Cell[mA], Cell[°C], Cell[Volt], Cell[mA], Cell[W], Cell[uAs], Cell_ON, Env[°C], TEC[°C], N2Flow[slpm]
2025-11-05 11:49:42,        0,  29.5,   1.4,  24.7,  0.729, -0.007,  0.000,     -2.6,  1,  21.7,   0.9, 0.100
2025-11-05 11:49:43,        0,  29.5,   1.4,  24.8,  0.707, -0.007,  0.000,     -9.7,  1,  21.7,   0.9, 0.100
2025-11-05 11:49:44,        0,  29.5,   1.4,  24.8,  0.676, -0.007,  0.000,    -16.3,  1,  21.7,   0.9, 0.100
2025-11-05 11:49:46,        0,  29.5,   1.6,  24.8,  0.658, -0.007,  0.000,    -24.6,  1,  21.7,   1.0, 0.100
2025-11-05 11:49:46,        0,  29.5,   1.6,  24.9,  0.633, -0.007,  0.000,    -31.5,  1,  21.7,   1.0, 0.100
2025-11-05 11:49:47,        0,  29.5,   1.6,  24.8,  0.618, -0.007,  0.000,    -37.8,  1,  21.7,   1.0, 0.101
2025-11-05 11:49:48,        0,  29.5,   1.6,  24.8,  0.603, -0.007,  0.000,    -44.3,  1,  21.7,   1.0, 0.101
2025-11-05 11:49:49,        0,  29.5,   1.6,  24.9,  0.582, -0.007,  0.000,    -50.6,  1,  21.7,   1.0, 0.100
2025-11-05 11:49:50,        0,  29.5,   1.6,  24.8,  0.570, -0.007,  0.000,    -58.4,  1,  21.7,   1.0, 0.100
2025-11-05 11:49:51,        0,  29.5,   1.6,  24.8,  0.551, -0.007,  0.000,    -64.4,  1,  21.7,   1.0, 0.100
2025-11-05 11:49:52,        0,  29.5,   1.6,  24.8,  0.540, -0.006,  0.000,    -70.4,  1,  21.7,   1.0, 0.100
2025-11-05 11:49:54,        0,  29.5,   1.6,  24.8,  0.523, -0.006,  0.000,    -77.5,  1,  21.7,   1.0, 0.100
2025-11-05 11:49:54,        0,  29.5,   1.4,  24.8,  0.512, -0.006,  0.000,    -83.0,  1,  21.7,   1.0, 0.100
2025-11-05 11:49:55,        0,  29.5,   1.4,  24.8,  0.502, -0.006,  0.000,    -89.0,  1,  21.7,   1.0, 0.100
2025-11-05 11:49:56,        0,  29.5,   1.6,  24.8,  0.488, -0.005,  0.000,    -94.4,  1,  21.7,   1.0, 0.100
2025-11-05 11:49:58,        0,  29.5,   1.6,  24.8,  0.479, -0.006,  0.000,   -101.3,  1,  21.7,   1.0, 0.100
2025-11-05 11:49:58,        0,  29.5,   1.4,  24.8,  0.465, -0.006,  0.000,   -106.7,  1,  21.7,   1.0, 0.100
2025-11-05 11:49:59,        0,  29.5,   1.6,  24.8,  0.457, -0.006,  0.000,   -111.9,  1,  21.7,   1.0, 0.100
2025-11-05 11:50:00,        0,  29.5,   1.6,  24.8,  0.449, -0.005,  0.000,   -117.3,  1,  21.7,   1.0, 0.100
2025-11-05 11:50:02,        0,  29.6,   1.9,  24.9,  0.437, -0.005,  0.000,   -123.3,  1,  21.7,   1.0, 0.100
2025-11-05 11:50:02,        0,  29.7,   2.1,  24.8,  0.426, -0.005,  0.000,   -128.5,  1,  21.7,   1.0, 0.100
2025-11-05 11:50:03,        0,  30.0,   3.0,  24.8,  0.420, -0.005,  0.000,    297.5,  1,  21.7,   0.9, 0.100
2025-11-05 11:50:04,        0,  30.2,   3.6,  24.8,  5.655,  4.353,  0.025,   4412.6,  1,  21.7,   1.0, 0.100
2025-11-05 11:50:06,        0,  30.0,   3.0,  24.8,  5.887,  4.596,  0.027,   9841.3,  1,  21.7,   0.9, 0.100
2025-11-05 11:50:06,        0,  30.4,   4.1,  24.7,  6.526,  5.265,  0.035,  14727.1,  1,  21.7,   0.9, 0.100
2025-11-05 11:50:07,        0,  30.4,   4.3,  24.8,  6.263,  4.987,  0.031,  19511.6,  1,  21.7,   0.9, 0.086
2025-11-05 11:50:08,        0,  31.5,   7.5,  24.8,  7.798,  6.606,  0.052,  25625.0,  1,  21.7,   0.9, 0.094
2025-11-05 11:50:10,        0,  31.6,   7.8,  24.7, 10.154,  9.109,  0.093,  36055.5,  1,  21.7,   0.9, 0.098
2165-165-165 45:165:85,        0,  32.8,  11.5,  24.7, 11.970, 11.035,  0.132,  46174.6,  1,  21.7,   0.8, 0.099
2025-11-05 11:50:11,        0,  32.7,  11.1,  24.8, 13.677, 12.865,  0.178,  58498.8,  1,  21.7,   0.8, 0.099
2025-11-05 11:50:12,        0,  31.8,   8.5,  24.7, 15.861, 15.210,  0.243,  71817.4,  1,  21.7,   0.8, 0.099
2025-11-05 11:50:14,        0,  32.9,  11.8,  24.8, 17.444, 16.887,  0.295,  89933.1,  1,  21.7,   0.8, 0.099
2025-11-05 11:50:14,        0,  34.5,  16.5,  24.8, 17.343, 16.802,  0.292, 105464.2,  1,  21.7,   0.8, 0.099
2025-11-05 11:50:15,        0,  34.4,  16.3,  24.8, 21.817, 21.631,  0.474, 124520.6,  1,  21.7,   0.8, 0.099
2025-11-05 11:50:16,        0,  35.7,  20.2,  24.7, 20.701, 20.433,  0.423, 144847.3,  1,  21.7,   0.8, 0.099
2025-11-05 11:50:17,        0,  34.5,  16.5,  24.7, 20.548, 20.295,  0.420, 169553.4,  1,  21.7,   0.8, 0.100
2025-11-05 11:50:18,        0,  36.3,  21.9,  24.7, 21.891, 21.755,  0.477, 190133.9,  1,  21.7,   0.8, 0.100
2025-11-05 11:50:19,        0,  36.5,  22.5,  24.7, 23.531, 23.576,  0.556, 213795.7,  1,  21.7,   0.8, 0.100
2025-11-05 11:50:20,        0,  39.3,  30.9,  24.7, 27.913, 28.332,  0.795, 239838.1,  1,  21.7,   0.8, 0.100
2025-11-05 11:50:21,        0,  38.6,  28.9,  24.8, 30.210, 30.924,  0.934, 274857.9,  1,  21.7,   0.8, 0.100
2025-11-05 11:50:22,        0,  38.5,  28.4,  24.8, 28.361, 28.946,  0.822, 303665.6,  1,  21.8,   0.9, 0.101
2025-11-05 11:50:23,        0,  36.7,  23.1,  24.8, 30.469, 31.268,  0.958, 333768.1,  1,  21.7,   0.8, 0.105
2025-11-05 11:50:24,        0,  38.7,  29.2,  24.7, 28.669, 29.337,  0.846, 360706.1,  1,  21.7,   0.8, 0.105
2025-11-05 11:50:25,        0,  40.3,  33.9,  24.8, 30.872, 31.785,  0.982, 398930.8,  1,  21.7,   0.8, 0.103
2025-11-05 11:50:26,        0,  36.1,  21.4,  24.8, 23.299, 23.534,  0.549, 425276.8,  1,  21.7,   0.8, 0.101
2025-11-05 11:50:27,        0,  36.0,  20.9,  24.8, 26.314, 26.835,  0.714, 448788.7,  1,  21.7,   0.8, 0.101
2025-11-05 11:50:28,        0,  34.4,  16.2,  24.8, 21.906, 21.967,  0.496, 471966.6,  1,  21.7,   0.8, 0.100
2025-11-05 11:50:29,        0,  31.2,   6.6,  24.7, 25.156, 25.504,  0.643, 498351.6,  1,  21.7,   0.8, 0.100
2025-11-05 11:50:30,        0,  35.9,  20.7,  24.7, 13.457, 12.722,  0.177, 511573.0,  1,  21.7,   0.8, 0.100
2025-11-05 11:50:31,        0,  33.8,  14.3,  24.7, 25.621, 25.965,  0.666, 535510.5,  1,  21.7,   0.8, 0.100
2025-11-05 11:50:32,        0,  33.3,  13.0,  24.7, 19.969, 19.775,  0.400, 553350.7,  1,  21.7,   0.9, 0.100
2025-11-05 11:50:33,        0,  32.9,  11.8,  24.7, 19.372, 19.091,  0.384, 576360.3,  1,  21.7,   0.9, 0.100
2025-11-05 11:50:34,        0,  35.6,  19.7,  24.8, 26.460, 26.809,  0.713, 596756.5,  1,  21.7,   0.9, 0.100
2025-11-05 11:50:35,        0,  36.2,  21.5,  24.8, 23.291, 23.345,  0.544, 617367.9,  1,  21.7,   0.9, 0.100
2025-11-05 11:50:36,        0,  34.6,  16.9,  24.8, 21.745, 21.669,  0.503, 636387.7,  1,  21.7,   1.0, 0.100
2025-11-05 11:50:38,        0,  33.2,  12.6,  24.8, 20.061, 19.830,  0.404, 659392.8,  1,  21.7,   0.9, 0.100
2025-11-05 11:50:38,        0,  35.8,  20.5,  24.8, 20.563, 20.353,  0.419, 677183.5,  1,  21.7,   0.9, 0.100
2025-11-05 11:50:39,        0,  34.1,  15.2,  24.8, 19.583, 19.276,  0.380, 696104.1,  1,  21.7,   0.9, 0.100
2025-11-05 11:50:40,        0,  33.8,  14.3,  24.8, 21.098, 20.917,  0.444, 715807.1,  1,  21.7,   0.9, 0.100
2025-11-05 11:50:42,        0,  33.5,  13.5,  24.8, 19.314, 18.975,  0.373, 736770.4,  1,  21.7,   1.0, 0.100
2025-11-05 11:50:42,        0,  36.2,  21.5,  24.8, 18.377, 17.932,  0.332, 755245.2,  1,  21.7,   0.9, 0.100
2025-11-05 11:50:43,        0,  31.9,   8.6,  24.8, 15.522, 14.854,  0.236, 771972.1,  1,  21.7,   0.9, 0.100
2025-11-05 11:50:44,        0,  35.6,  19.7,  24.8, 19.093, 18.717,  0.358, 787717.5,  1,  21.7,   1.0, 0.100
2025-11-05 11:50:46,        0,  33.8,  14.3,  24.8, 18.631, 18.197,  0.342, 810408.8,  1,  21.7,   1.0, 0.100
2025-11-05 11:50:46,        0,  34.7,  17.2,  24.7, 16.026, 15.379,  0.247, 826261.5,  1,  21.7,   1.0, 0.100
2025-11-05 11:50:47,        0,  33.0,  12.1,  24.8, 18.000, 17.508,  0.316, 843693.4,  1,  21.7,   1.0, 0.100
2025-11-05 11:50:48,        0,  32.3,  10.0,  24.8, 19.884, 19.526,  0.391, 860497.6,  1,  21.7,   1.0, 0.100
2025-11-05 11:50:50,        0,  34.4,  16.2,  24.8, 12.871, 11.956,  0.155, 877898.3,  1,  21.7,   0.9, 0.100
2025-11-05 11:50:50,        0,  33.7,  14.2,  24.8, 16.834, 16.231,  0.277, 894417.4,  1,  21.7,   0.9, 0.100
2025-11-05 11:50:51,        0,  33.6,  13.8,  24.8, 16.832, 16.209,  0.274, 909636.0,  1,  21.7,   1.0, 0.100
2025-11-05 11:50:52,        0,  34.3,  16.0,  24.8, 20.572, 20.227,  0.417, 926903.3,  1,  21.7,   1.0, 0.100
2025-11-05 11:50:54,        0,  35.4,  19.2,  24.8, 15.943, 15.249,  0.245, 945365.2,  1,  21.7,   0.9, 0.100
2025-11-05 11:50:54,        0,  33.6,  13.7,  24.8, 19.524, 19.107,  0.377, 963275.0,  1,  21.7,   0.9, 0.100
2025-11-05 11:50:55,        0,  36.0,  20.9,  24.8, 22.810, 22.647,  0.521, 981893.1,  1,  21.7,   0.9, 0.100
2025-11-05 11:50:56,        0,  33.3,  13.0,  24.8, 26.804, 26.984,  0.725,1006348.9,  1,  21.7,   0.8, 0.100
2025-11-05 11:50:57,        0,  37.0,  23.9,  24.8, 25.303, 25.398,  0.649,1028209.1,  1,  21.7,   0.9, 0.100
2025-11-05 11:50:58,        0,  36.7,  23.0,  24.8, 20.978, 20.700,  0.438,1055369.4,  1,  21.7,   0.8, 0.100
2025-11-05 11:50:59,        0,  36.3,  21.9,  24.8, 28.735, 29.168,  0.838,1082037.2,  1,  21.7,   0.9, 0.100
2025-11-05 11:51:00,        0,  36.7,  23.0,  24.8, 27.480, 27.826,  0.766,1107132.1,  1,  21.7,   0.8, 0.100
2025-11-05 11:51:01,        0,  36.1,  21.4,  24.8, 28.573, 29.014,  0.833,1133767.7,  1,  21.7,   0.8, 0.100
2025-11-05 11:51:02,        0,  39.1,  30.4,  24.8, 29.798, 30.414,  0.915,1166836.8,  1,  21.7,   0.8, 0.100
2025-11-05 11:51:03,        0,  34.4,  16.3,  24.8, 28.608, 29.159,  0.844,1192032.1,  1,  21.7,   0.8, 0.100
2025-11-05 11:51:04,        0,  38.8,  29.3,  24.8, 33.402, 34.356,  1.153,1219762.8,  1,  21.7,   0.8, 0.100
2025-11-05 11:51:05,        0,  34.1,  15.3,  24.8, 32.031, 32.934,  1.056,1249923.8,  1,  21.7,   0.9, 0.100
2025-11-05 11:51:07,        0,  39.2,  30.7,  24.8, 26.860, 27.287,  0.742,1280153.8,  1,  21.7,   0.8, 0.100
2025-11-05 11:51:07,        0,  39.5,  31.4,  24.8, 29.620, 30.310,  0.899,1310353.4,  1,  21.7,   0.8, 0.100
2025-11-05 11:51:08,        0,  37.2,  24.5,  24.8, 32.759, 29.525,  0.870,1341048.8,  1,  21.7,   0.9, 0.100
2025-11-05 11:51:09,        0,  40.9,  35.8,  24.8, 33.275, 34.394,  1.148,1371892.0,  1,  21.7,   0.9, 0.100
2025-11-05 11:51:11,        0,  36.5,  22.5,  24.8, 31.840, 32.968,  1.055,1413288.1,  1,  21.7,   0.9, 0.100
2025-11-05 11:51:11,        0,  38.0,  26.9,  24.8, 26.746, 27.267,  0.738,1439353.0,  1,  21.7,   0.9, 0.100
2025-11-05 11:51:12,        0,  36.2,  21.7,  24.8, 35.222, 36.658,  1.299,1471725.7,  1,  21.7,   0.9, 0.100
2025-11-05 11:51:13,        0,  39.8,  32.4,  24.8, 34.093, 35.428,  1.208,1501052.6,  1,  21.7,   0.9, 0.100
2025-11-05 11:51:14,        0,  36.8,  23.5,  24.8, 34.587, 35.991,  1.255,1534257.1,  1,  21.7,   0.9, 0.100
2025-11-05 11:51:15,        0,  40.5,  34.4,  24.8, 29.639, 30.517,  0.927,1571771.8,  1,  21.7,   0.9, 0.100
2025-11-05 11:51:16,        0,  39.7,  32.2,  24.8, 33.161, 34.480,  1.145,1605127.9,  1,  21.7,   1.0, 0.100
2025-11-05 11:51:17,        0,  38.8,  29.4,  24.8, 31.133, 32.237,  1.006,1636679.1,  1,  21.7,   0.9, 0.100
2025-11-05 11:51:18,        0,  38.5,  28.6,  24.9, 36.029, 37.654,  1.357,1670806.6,  1,  21.7,   0.9, 0.100
2025-11-05 11:51:20,        0,  38.6,  28.7,  24.9, 26.274, 26.840,  0.711,1703636.0,  1,  21.7,   0.9, 0.100
2025-11-05 11:51:20,        0,  40.0,  33.1,  24.9, 27.422, 28.069,  0.788,1732523.7,  1,  21.7,   0.9, 0.100
2025-11-05 11:51:21,        0,  39.1,  30.4,  24.9, 34.141, 35.529,  1.220,1765692.3,  1,  21.7,   0.9, 0.100
2025-11-05 11:51:22,        0,  36.9,  23.7,  24.9, 27.309, 27.994,  0.778,1793561.5,  1,  21.7,   0.9, 0.100
2025-11-05 11:51:24,        0,  40.4,  34.3,  24.8, 32.829, 34.061,  1.120,1830036.8,  1,  21.7,   0.9, 0.100
2025-11-05 11:51:24,        0,  41.0,  35.9,  24.9, 34.845, 36.310,  1.269,1864731.2,  1,  21.7,   0.8, 0.100
2025-11-05 11:51:25,        0,  39.8,  32.4,  24.9, 31.029, 32.185,  1.003,1898738.3,  1,  21.7,   0.8, 0.100
2025-11-05 11:51:26,        0,  40.7,  35.1,  24.9, 19.239, 19.082,  0.381,1923034.7,  1,  21.7,   0.8, 0.100
2025-11-05 11:51:27,        0,  38.9,  29.6,  24.9, 35.465, 37.051,  1.323,1957328.8,  1,  21.7,   0.8, 0.100
2025-11-05 11:51:28,        0,  39.8,  32.3,  24.9, 30.649, 31.689,  0.980,1994102.8,  1,  21.7,   0.8, 0.100
2025-11-05 11:51:29,        0,  38.2,  27.6,  24.9, 29.642, 30.584,  0.908,2024098.4,  1,  21.7,   0.8, 0.100
2025-11-05 11:51:30,        0,  41.0,  35.9,  24.9, 34.901, 36.358,  1.275,2056720.2,  1,  21.7,   0.8, 0.100
2025-11-05 11:51:31,        0,  36.9,  23.7,  24.9, 28.213, 29.002,  0.822,2086718.2,  1,  21.7,   0.8, 0.100
2025-11-05 11:51:33,        0,  37.7,  26.2,  24.9, 32.227, 33.398,  1.079,2124273.3,  1,  21.7,   0.8, 0.100
2025-11-05 11:51:33,        0,  36.7,  23.0,  24.9, 30.698, 31.660,  0.978,2154008.1,  1,  21.7,   0.8, 0.100
2025-11-05 11:51:34,        0,  38.7,  29.1,  24.9, 28.112, 28.815,  0.819,2181177.4,  1,  21.7,   0.8, 0.100
2025-11-05 11:51:35,        0,  39.1,  30.2,  24.9, 30.153, 31.082,  0.943,2211696.5,  1,  21.7,   0.8, 0.100
2025-11-05 11:51:37,        0,  34.7,  17.0,  24.9, 23.657, 23.877,  0.571,2244898.5,  1,  21.7,   0.8, 0.100
2025-11-05 11:51:37,        0,  32.9,  11.6,  24.9, 32.875, 33.989,  1.118,2272949.2,  1,  21.7,   0.8, 0.100
2025-11-05 11:51:38,        0,  34.8,  17.5,  24.9, 27.482, 28.032,  0.809,2298239.1,  1,  21.7,   0.8, 0.100
2025-11-05 11:51:39,        0,  38.1,  27.4,  24.9, 29.190, 29.917,  0.881,2323501.1,  1,  21.7,   0.8, 0.100
2025-11-05 11:51:40,        0,  38.0,  26.9,  24.9, 29.551, 30.277,  0.901,2353151.8,  1,  21.7,   0.8, 0.100
2025-11-05 11:51:41,        0,  36.2,  21.5,  24.9, 28.603, 29.236,  0.851,2386001.1,  1,  21.7,   0.9, 0.100
2025-11-05 11:51:42,        0,  38.5,  28.4,  24.9, 28.863, 29.520,  0.857,2413844.2,  1,  21.7,   0.9, 0.100
2025-11-05 11:51:43,        0,  40.1,  33.4,  24.9, 25.267, 25.585,  0.660,2441260.1,  1,  21.7,   0.9, 0.100
2025-11-05 11:51:44,        0,  36.6,  22.9,  24.9, 20.616, 20.473,  0.428,2467818.0,  1,  21.7,   0.9, 0.100
2025-11-05 11:51:46,        0,  35.7,  20.2,  24.9, 29.415, 30.123,  0.888,2501352.3,  1,  21.7,   0.9, 0.100
2025-11-05 11:51:46,        0,  37.5,  25.4,  24.9, 23.987, 24.096,  0.579,2524512.7,  1,  21.7,   0.9, 0.100
2025-11-05 11:51:47,        0,  40.1,  33.2,  24.9, 30.293, 31.025,  0.940,2553458.0,  1,  21.7,   0.9, 0.100
2025-11-05 11:51:48,        0,  38.1,  27.4,  25.0, 31.675, 32.553,  1.040,2583199.9,  1,  21.7,   0.9, 0.100
2025-11-05 11:51:50,        0,  36.5,  22.4,  25.0, 18.256, 17.804,  0.327,2608763.4,  1,  21.7,   0.9, 0.100
2025-11-05 11:51:50,        0,  36.9,  23.6,  24.9, 25.878, 26.122,  0.688,2634431.1,  1,  21.7,   0.9, 0.100
2025-11-05 11:51:51,        0,  35.5,  19.5,  24.9, 24.015, 24.073,  0.582,2657635.0,  1,  21.7,   0.9, 0.100
2025-11-05 11:51:52,        0,  36.6,  22.7,  24.9, 22.184, 22.042,  0.490,2679201.8,  1,  21.7,   0.9, 0.100
2025-11-05 11:51:54,        0,  36.5,  22.5,  24.9, 23.091, 23.003,  0.535,2706692.1,  1,  21.7,   0.9, 0.100
2025-11-05 11:51:54,        0,  36.7,  23.0,  24.9, 27.157, 27.466,  0.748,2731410.8,  1,  21.7,   0.9, 0.100
2025-11-05 11:51:55,        0,  35.5,  19.5,  24.9, 24.863, 24.942,  0.620,2755676.8,  1,  21.7,   0.9, 0.100
2025-11-05 11:51:56,        0,  35.2,  18.5,  25.0, 20.982, 20.661,  0.436,2775688.2,  1,  21.7,   0.9, 0.100
2025-11-05 11:51:58,        0,  36.3,  21.9,  24.9, 26.981, 27.175,  0.733,2804561.3,  1,  21.7,   0.9, 0.100
2025-11-05 11:51:58,        0,  34.1,  15.3,  25.0, 26.284, 26.446,  0.700,2828545.5,  1,  21.7,   0.9, 0.100
2025-11-05 11:51:59,        0,  33.4,  13.1,  25.0, 16.298, 15.548,  0.260,2845356.9,  1,  21.7,   0.9, 0.100
2025-11-05 11:52:00,        0,  36.1,  21.2,  25.0, 23.822, 23.671,  0.564,2865251.1,  1,  21.7,   0.9, 0.100
2025-11-05 11:52:02,        0,  34.7,  17.2,  24.9, 24.407, 24.314,  0.594,2891948.1,  1,  21.7,   0.9, 0.100
2025-11-05 11:52:02,        0,  32.9,  11.8,  25.0, 20.530, 20.097,  0.418,2910891.9,  1,  21.7,   0.9, 0.100
2025-11-05 11:52:03,        0,  35.2,  18.5,  25.0, 20.845, 20.409,  0.428,2927321.2,  1,  21.7,   0.9, 0.100
2025-11-05 11:52:04,        0,  35.0,  18.0,  25.0, 20.495, 20.013,  0.416,2946928.8,  1,  21.7,   1.0, 0.100
2025-11-05 11:52:06,        0,  35.8,  20.5,  25.0, 19.387, 18.811,  0.367,2970647.3,  1,  21.7,   0.9, 0.100
2025-11-05 11:52:06,        0,  34.3,  16.0,  24.9, 17.658, 16.964,  0.315,2988749.5,  1,  21.7,   0.9, 0.100
2025-11-05 11:52:07,        0,  34.8,  17.3,  25.0, 22.591, 22.250,  0.507,3007358.8,  1,  21.6,   0.9, 0.100
2025-11-05 11:52:08,        0,  34.9,  17.8,  25.0, 19.538, 18.936,  0.375,3025635.7,  1,  21.7,   0.9, 0.100
2025-11-05 11:52:09,        0,  35.2,  18.7,  25.0, 18.186, 17.502,  0.328,3043285.7,  1,  21.7,   0.9, 0.100
2025-11-05 11:52:10,        0,  32.3,   9.8,  25.0, 19.282, 18.671,  0.362,3065642.5,  1,  21.7,   0.9, 0.100
2025-11-05 11:52:11,        0,  34.1,  15.3,  25.0, 17.508, 16.710,  0.305,3082309.1,  1,  21.7,   0.9, 0.100
2025-11-05 11:52:12,        0,  33.9,  14.8,  25.0, 17.808, 17.046,  0.305,3099415.5,  1,  21.7,   0.9, 0.100
2025-11-05 11:52:13,        0,  33.5,  13.5,  24.9, 16.695, 15.848,  0.268,3114944.3,  1,  21.7,   0.9, 0.100
2025-11-05 11:52:14,        0,  35.7,  20.0,  25.0, 19.537, 18.883,  0.372,3136949.5,  1,  21.7,   0.9, 0.100
2025-11-05 11:52:15,        0,  35.2,  18.5,  25.0, 12.471, 11.334,  0.148,3152559.5,  1,  21.7,   0.9, 0.100
2025-11-05 11:52:16,        0,  35.3,  18.8,  25.0, 19.538, 18.880,  0.374,3169459.5,  1,  21.7,   0.9, 0.100
2025-11-05 11:52:17,        0,  34.4,  16.3,  25.0, 21.546, 21.019,  0.453,3189527.7,  1,  21.7,   0.9, 0.100
2025-11-05 11:52:18,        0,  30.8,   5.4,  25.0, 15.892, 14.966,  0.240,3207778.4,  1,  21.7,   0.9, 0.100
2025-11-05 11:52:19,        0,  33.8,  14.3,  25.0, 13.832, 12.757,  0.177,3218286.4,  1,  21.7,   0.9, 0.100
2025-11-05 11:52:20,        0,  32.3,  10.0,  25.0, 19.211, 18.486,  0.355,3234016.9,  1,  21.7,   0.9, 0.100
2025-11-05 11:52:21,        0,  33.4,  13.3,  25.0, 13.418, 12.296,  0.165,3247632.5,  1,  21.7,   0.9, 0.100
2025-11-05 11:52:23,        0,  32.3,   9.8,  25.0, 18.206, 17.405,  0.319,3266611.9,  1,  21.7,   0.9, 0.100
2025-11-05 11:52:23,        0,  33.9,  14.8,  25.0, 15.342, 14.348,  0.220,3279661.0,  1,  21.7,   0.9, 0.100
2025-11-05 11:52:24,        0,  32.5,  10.5,  25.0,  9.945,  8.616,  0.087,3291035.7,  1,  21.7,   0.9, 0.100
2025-11-05 11:52:25,        0,  33.8,  14.5,  25.0, 15.209, 14.188,  0.216,3305180.8,  1,  21.7,   0.9, 0.100
2025-11-05 11:52:27,        0,  29.6,   1.9,  25.0, 18.079, 17.247,  0.312,3323374.1,  1,  21.7,   0.9, 0.100
2025-11-05 11:52:27,        0,  32.3,   9.8,  25.0, 12.048, 10.870,  0.160,3334379.3,  1,  21.7,   0.9, 0.100
2025-11-05 11:52:28,        0,  32.6,  10.8,  24.9, 17.811, 16.946,  0.303,3348600.7,  1,  21.7,   0.9, 0.100
2025-11-05 11:52:29,        0,  33.3,  12.8,  25.0, 15.914, 14.943,  0.238,3362205.4,  1,  21.7,   0.9, 0.100
2025-11-05 11:52:30,        0,  32.9,  11.6,  25.0, 13.719, 12.606,  0.176,3374148.3,  1,  21.7,   0.9, 0.100
2025-11-05 11:52:32,        0,  32.5,  10.6,  25.0, 14.172, 13.075,  0.188,3389638.9,  1,  21.7,   0.9, 0.100
2025-11-05 11:52:32,        0,  32.1,   9.3,  25.0, 14.195, 13.110,  0.187,3401697.1,  1,  21.7,   0.9, 0.100
2025-11-05 11:52:33,        0,  32.9,  11.8,  25.0, 16.526, 15.573,  0.258,3415162.0,  1,  21.7,   0.9, 0.100
2025-11-05 11:52:34,        0,  31.8,   8.3,  25.0, 12.795, 11.615,  0.149,3427540.8,  1,  21.7,   0.9, 0.100
2025-11-05 11:52:36,        0,  31.8,   8.5,  25.0, 12.204, 11.006,  0.141,3439389.9,  1,  21.7,   0.9, 0.100
2025-11-05 11:52:36,        0,  31.4,   7.1,  25.0, 13.450, 12.313,  0.169,3450484.2,  1,  21.7,   0.9, 0.100
2025-11-05 11:52:37,        0,  31.3,   6.8,  25.0, 11.164,  9.900,  0.117,3459519.5,  1,  21.7,   0.9, 0.100
2025-11-05 11:52:38,        0,  33.6,  13.7,  25.0, 10.429,  9.130,  0.100,3468437.2,  1,  21.7,   0.9, 0.100
2025-11-05 11:52:39,        0,  32.3,   9.8,  25.0, 14.280, 13.185,  0.193,3482046.5,  1,  21.7,   0.9, 0.100
2025-11-05 11:52:40,        0,  31.2,   6.6,  25.0, 11.684, 10.449,  0.123,3494785.7,  1,  21.7,   0.9, 0.100
2025-11-05 11:52:41,        0,  32.4,  10.3,  25.0, 14.079, 12.977,  0.185,3505882.7,  1,  21.7,   0.9, 0.100
2025-11-05 11:52:42,        0,  33.3,  13.0,  25.0, 13.505, 12.358,  0.168,3517391.1,  1,  21.7,   0.9, 0.100
2025-11-05 11:52:43,        0,  30.8,   5.4,  25.0, 10.670,  9.382,  0.103,3528245.6,  1,  21.7,   0.9, 0.100
2025-11-05 11:52:45,        0,  31.0,   6.1,  25.0, 10.803,  9.521,  0.104,3538850.0,  1,  21.7,   0.9, 0.100
2025-11-05 11:52:45,        0,  31.0,   6.1,  25.0, 10.115,  8.802,  0.089,3547281.8,  1,  21.7,   0.9, 0.100
2025-11-05 11:52:46,        0,  31.5,   7.6,  25.0,  6.374,  4.911,  0.035,3553305.4,  1,  21.7,   0.9, 0.100
2025-11-05 11:52:47,        0,  32.8,  11.3,  25.0, 12.291, 11.078,  0.136,3563059.9,  1,  21.7,   0.9, 0.100
2025-11-05 11:52:49,        0,  30.4,   4.3,  25.0, 11.818, 10.600,  0.132,3574396.0,  1,  21.7,   0.9, 0.100
2025-11-05 11:52:49,        0,  32.0,   9.0,  25.0, 11.395, 10.161,  0.117,3583052.4,  1,  21.7,   0.9, 0.100
2025-11-05 11:52:50,        0,  32.5,  10.5,  25.0, 10.607,  9.314,  0.101,3592638.3,  1,  21.7,   0.9, 0.100
2025-11-05 11:52:51,        0,  30.8,   5.4,  25.0, 12.352, 11.160,  0.145,3601599.9,  1,  21.7,   0.9, 0.100
2025-11-05 11:52:53,        0,  32.0,   9.1,  24.9, 11.668, 10.448,  0.122,3612301.0,  1,  21.7,   0.9, 0.100
2025-11-05 11:52:53,        0,  31.9,   8.6,  25.0, 10.667,  9.382,  0.101,3622025.3,  1,  21.7,   0.8, 0.100
2025-11-05 11:52:54,        0,  30.7,   5.1,  25.0, 11.315, 10.067,  0.114,3631908.8,  1,  21.7,   0.8, 0.100
2025-11-05 11:52:55,        0,  31.1,   6.4,  25.0,  8.550,  7.176,  0.062,3639473.5,  1,  21.7,   0.8, 0.100
2025-11-05 11:52:56,        0,  30.2,   3.6,  25.0, 11.493, 10.255,  0.119,3648252.7,  1,  21.7,   0.9, 0.100
2025-11-05 11:52:57,        0,  31.5,   7.5,  25.0,  7.580,  6.170,  0.049,3656638.8,  1,  21.7,   0.9, 0.100
2025-11-05 11:52:58,        0,  30.0,   2.9,  25.0, 10.809, 10.394,  0.122,3666088.5,  1,  21.7,   0.8, 0.100
2025-11-05 11:52:59,        0,  31.7,   8.1,  25.0,  8.855,  7.500,  0.068,3672647.0,  1,  21.7,   0.8, 0.100
2025-11-05 11:53:00,        0,  30.4,   4.1,  25.0,  9.892,  8.593,  0.087,3680491.2,  1,  21.7,   0.8, 0.100
2025-11-05 11:53:02,        0,  31.2,   6.6,  24.9, 10.719,  9.455,  0.102,3690021.8,  1,  21.7,   0.9, 0.100
2025-11-05 11:53:02,        0,  30.9,   5.6,  25.0, 10.490,  9.212,  0.097,3698666.5,  1,  21.7,   0.8, 0.100
2025-11-05 11:53:03,        0,  31.3,   7.0,  24.9,  7.551,  6.151,  0.048,3704091.7,  1,  21.7,   0.8, 0.100
2025-11-05 11:53:04,        0,  30.8,   5.3,  25.0,  9.393,  8.077,  0.077,3711758.6,  1,  21.7,   0.8, 0.100
2025-11-05 11:53:05,        0,  30.9,   5.8,  25.0,  8.354,  6.986,  0.058,3718424.7,  1,  21.7,   0.8, 0.100
2025-11-05 11:53:06,        0,  30.9,   5.6,  25.0,  9.716,  8.411,  0.082,3726946.6,  1,  21.7,   0.8, 0.100
2025-11-05 11:53:07,        0,  30.5,   4.6,  25.0,  6.787,  5.362,  0.037,3732358.8,  1,  21.7,   0.9, 0.100
2025-11-05 11:53:08,        0,  31.5,   7.5,  25.0,  8.002,  6.632,  0.054,3738184.6,  1,  21.7,   0.9, 0.100
2025-11-05 11:53:09,        0,  30.6,   4.9,  25.0,  7.912,  6.529,  0.052,3745331.9,  1,  21.7,   0.8, 0.100
2025-11-05 11:53:10,        0,  30.5,   4.6,  25.0,  8.129,  6.763,  0.056,3752713.0,  1,  21.7,   0.8, 0.100
2025-11-05 11:53:11,        0,  29.8,   2.5,  25.0,  8.640,  7.298,  0.063,3759136.1,  1,  21.7,   0.9, 0.100
2025-11-05 11:53:12,        0,  30.1,   3.4,  25.0,  4.676,  3.199,  0.018,3762313.2,  1,  21.7,   0.9, 0.100
2025-11-05 11:53:13,        0,  31.0,   6.1,  25.0,  9.415,  8.107,  0.076,3768875.8,  1,  21.7,   0.9, 0.100
2025-11-05 11:53:15,        0,  29.9,   2.8,  25.0,  7.796,  6.422,  0.050,3776011.8,  1,  21.7,   0.9, 0.100
2025-11-05 11:53:15,        0,  30.7,   5.1,  25.0,  7.500,  6.114,  0.046,3781473.0,  1,  21.7,   0.9, 0.100
2025-11-05 11:53:16,        0,  30.3,   3.8,  25.0,  7.384,  5.991,  0.044,3787834.0,  1,  21.7,   0.9, 0.100
2025-11-05 11:53:17,        0,  30.5,   4.4,  25.0,  7.629,  6.252,  0.048,3793867.3,  1,  21.7,   0.9, 0.100
2025-11-05 11:53:19,        0,  29.6,   1.8,  25.0,  7.902,  6.537,  0.052,3800638.6,  1,  21.7,   0.9, 0.100
2025-11-05 11:53:19,        0,  30.5,   4.6,  25.0,  6.351,  4.925,  0.032,3804753.7,  1,  21.7,   0.9, 0.100
2025-11-05 11:53:20,        0,  30.2,   3.5,  25.0,  6.950,  5.552,  0.039,3810162.1,  1,  21.7,   0.9, 0.100
2025-11-05 11:53:21,        0,  29.8,   2.3,  25.0,  7.146,  5.753,  0.042,3815010.2,  1,  21.7,   1.0, 0.100
2025-11-05 11:53:22,        0,  30.7,   5.0,  25.0,  2.276,  0.835,  0.002,3817262.9,  1,  21.7,   0.9, 0.100
2025-11-05 11:53:23,        0,  30.9,   5.8,  25.0,  6.977,  5.587,  0.040,3824250.0,  1,  21.7,   1.0, 0.100
2025-11-05 11:53:24,        0,  30.6,   4.8,  24.9,  7.546,  6.177,  0.047,3830515.9,  1,  21.7,   1.0, 0.100
2025-11-05 11:53:25,        0,  30.5,   4.6,  25.0,  6.285,  4.866,  0.031,3835246.7,  1,  21.7,   1.0, 0.100
2025-11-05 11:53:26,        0,  30.0,   3.1,  25.0,  6.294,  4.882,  0.032,3838987.9,  1,  21.7,   1.0, 0.100
2025-11-05 11:53:28,        0,  30.6,   4.9,  25.0,  6.310,  4.895,  0.031,3845393.4,  1,  21.7,   1.0, 0.100
2025-11-05 11:53:28,        0,  30.1,   3.3,  25.0,  6.694,  5.294,  0.036,3850333.7,  1,  21.7,   1.0, 0.100
2025-11-05 11:53:29,        0,  30.1,   3.3,  25.0,  3.600,  2.182,  0.012,3853335.2,  1,  21.7,   1.0, 0.100
2025-11-05 11:53:30,        0,  30.4,   4.1,  25.0,  6.335,  4.928,  0.031,3857935.2,  1,  21.7,   1.0, 0.100
2025-11-05 11:53:31,        0,  30.3,   3.8,  25.0,  7.070,  5.686,  0.040,3863065.4,  1,  21.7,   1.0, 0.100
2025-11-05 11:53:32,        0,  30.1,   3.3,  25.0,  2.220,  0.793,  0.002,3866418.5,  1,  21.7,   1.0, 0.100
2025-11-05 11:53:33,        0,  29.9,   2.6,  25.0,  6.365,  4.968,  0.032,3871056.7,  1,  21.7,   1.0, 0.100
2025-11-05 11:53:34,        0,  30.3,   3.8,  25.0,  3.910,  2.493,  0.015,3874264.8,  1,  21.7,   1.0, 0.100
2025-11-05 11:53:35,        0,  30.2,   3.6,  24.9,  4.651,  3.209,  0.017,3878413.0,  1,  21.7,   1.0, 0.100
2025-11-05 11:53:37,        0,  29.8,   2.4,  25.0,  6.300,  4.897,  0.031,3884133.7,  1,  21.7,   0.9, 0.100
2025-11-05 11:53:37,        0,  30.3,   3.8,  25.0,  5.024,  3.593,  0.020,3886862.0,  1,  21.7,   1.0, 0.100
2025-11-05 11:53:38,        0,  29.8,   2.4,  25.0,  6.355,  4.961,  0.032,3891084.8,  1,  21.7,   0.9, 0.100
2025-11-05 11:53:39,        0,  30.1,   3.3,  25.0,  6.573,  5.192,  0.034,3895416.6,  1,  21.7,   0.9, 0.100
2025-11-05 11:53:41,        0,  30.3,   3.9,  25.0,  2.729,  1.293,  0.004,3899555.6,  1,  21.7,   0.9, 0.100
2025-11-05 11:53:41,        0,  30.1,   3.3,  25.0,  2.648,  1.217,  0.004,3901913.8,  1,  21.7,   0.9, 0.100
2025-11-05 11:53:42,        0,  30.1,   3.4,  25.0,  6.026,  4.626,  0.028,3906229.7,  1,  21.7,   0.9, 0.100
2025-11-05 11:53:43,        0,  29.9,   2.8,  24.9,  4.889,  3.465,  0.019,3910302.4,  1,  21.7,   0.9, 0.100
2025-11-05 11:53:45,        0,  29.9,   2.6,  24.9,  2.204,  0.805,  0.003,3913709.2,  1,  21.7,   0.9, 0.100
2025-11-05 11:53:45,        0,  29.3,   0.9,  25.0,  6.014,  4.615,  0.028,3918025.1,  1,  21.7,   0.9, 0.100
2025-11-05 11:53:46,        0,  30.4,   4.3,  25.0,  1.658,  0.363,  0.002,3919559.0,  1,  21.7,   0.8, 0.100
2025-11-05 11:53:47,        0,  29.7,   2.1,  25.0,  6.354,  4.974,  0.032,3924055.9,  1,  21.7,   0.9, 0.100
2025-11-05 11:53:48,        0,  30.0,   3.1,  25.0,  1.264,  0.052,  0.000,3924314.4,  1,  21.7,   0.9, 0.100
2025-11-05 11:53:49,        0,  29.5,   1.6,  25.0,  5.484,  4.087,  0.023,3927884.7,  1,  21.7,   0.8, 0.100
2025-11-05 11:53:50,        0,  29.6,   1.9,  25.0,  1.171,  0.019,  0.000,3927936.7,  1,  21.7,   0.9, 0.100
2025-11-05 11:53:51,        0,  30.1,   3.4,  25.0,  5.850,  4.502,  0.027,3930786.5,  1,  21.7,   0.8, 0.100
2025-11-05 11:53:52,        0,  29.5,   1.6,  24.9,  6.303,  4.938,  0.031,3935276.3,  1,  21.7,   0.8, 0.100
2025-11-05 11:53:53,        0,  29.2,   0.6,  24.9,  6.387,  5.027,  0.032,3938615.6,  1,  21.7,   0.8, 0.100
2025-11-05 11:53:54,        0,  30.0,   3.1,  24.9,  1.424,  0.146,  0.000,3940503.3,  1,  21.7,   0.9, 0.100
2025-11-05 11:53:55,        0,  29.4,   1.3,  25.0,  6.367,  5.009,  0.032,3945052.5,  1,  21.7,   0.9, 0.100
2025-11-05 11:53:56,        0,  30.1,   3.4,  24.9,  2.348,  1.031,  0.005,3946807.3,  1,  21.7,   0.9, 0.100
2025-11-05 11:53:58,        0,  30.1,   3.4,  24.9,  5.825,  4.442,  0.026,3952274.0,  1,  21.7,   0.9, 0.100
2025-11-05 11:53:58,        0,  29.5,   1.6,  25.0,  4.814,  3.410,  0.018,3955146.4,  1,  21.7,   0.9, 0.100
2025-11-05 11:53:59,        0,  30.1,   3.3,  25.0,  1.259,  0.058,  0.000,3955224.0,  1,  21.7,   0.9, 0.100
2025-11-05 11:54:00,        0,  29.7,   2.1,  25.0,  4.714,  3.312,  0.017,3958712.1,  1,  21.7,   0.9, 0.100
2025-11-05 11:54:02,        0,  29.8,   2.3,  25.0,  1.144,  0.016,  0.000,3958871.4,  1,  21.7,   0.9, 0.100
2025-11-05 11:54:02,        0,  30.0,   3.1,  24.9,  5.894,  4.537,  0.027,3961613.1,  1,  21.7,   0.9, 0.100
2025-11-05 11:54:03,        0,  29.8,   2.3,  24.9,  5.877,  4.508,  0.027,3965842.6,  1,  21.7,   0.9, 0.100
2025-11-05 11:54:04,        0,  30.0,   3.1,  24.9,  2.039,  0.664,  0.002,3966644.7,  1,  21.7,   0.9, 0.100
2025-11-05 11:54:06,        0,  29.9,   2.8,  24.9,  2.441,  1.051,  0.003,3968718.4,  1,  21.7,   0.9, 0.100
2025-11-05 11:54:06,        0,  29.8,   2.4,  25.0,  4.689,  3.300,  0.017,3971707.4,  1,  21.7,   0.9, 0.100
2025-11-05 11:54:07,        0,  29.5,   1.4,  25.0,  5.446,  4.068,  0.023,3974839.7,  1,  21.7,   1.0, 0.100
2025-11-05 11:54:08,        0,  30.3,   3.8,  25.0,  1.307,  0.087,  0.000,3975112.1,  1,  21.7,   0.9, 0.100
2025-11-05 11:54:10,        0,  29.5,   1.6,  24.9,  5.899,  4.537,  0.027,3980578.4,  1,  21.7,   0.9, 0.100
2025-11-05 11:54:10,        0,  29.4,   1.1,  24.9,  1.625,  0.307,  0.001,3981075.9,  1,  21.7,   0.9, 0.100
2025-11-05 11:54:11,        0,  29.8,   2.5,  24.9,  1.065,  0.001,  0.000,3981083.0,  1,  21.7,   0.9, 0.100
2025-11-05 11:54:12,        0,  30.0,   2.9,  25.0,  3.000,  1.691,  0.007,3982489.0,  1,  21.7,   0.9, 0.100
2025-11-05 11:54:13,        0,  29.7,   2.1,  24.9,  5.745,  4.385,  0.025,3986656.9,  1,  21.7,   0.9, 0.100
2025-11-05 11:54:14,        0,  29.6,   1.9,  24.9,  1.281,  0.076,  0.000,3987231.5,  1,  21.7,   0.9, 0.100
2025-11-05 11:54:15,        0,  29.5,   1.4,  24.9,  1.072,  0.003,  0.000,3987234.0,  1,  21.7,   0.9, 0.100
2025-11-05 11:54:16,        0,  30.0,   2.9,  24.9,  5.700,  4.350,  0.025,3989549.5,  1,  21.7,   0.9, 0.100
2025-11-05 11:54:17,        0,  29.3,   0.9,  25.0,  3.147,  1.759,  0.007,3991806.4,  1,  21.7,   0.9, 0.100
2025-11-05 11:54:19,        0,  29.6,   1.9,  24.9,  3.314,  1.930,  0.008,3993515.9,  1,  21.7,   0.9, 0.100
2025-11-05 11:54:19,        0,  29.9,   2.8,  24.9,  4.828,  3.485,  0.019,3995406.4,  1,  21.7,   0.9, 0.100
2025-11-05 11:54:20,        0,  30.0,   3.1,  25.0,  4.035,  2.650,  0.013,3997320.4,  1,  21.7,   0.9, 0.100
2025-11-05 11:54:21,        0,  29.5,   1.6,  25.0,  3.928,  2.547,  0.013,4000186.6,  1,  21.7,   0.8, 0.100
2025-11-05 11:54:23,        0,  29.6,   1.8,  24.9,  1.129,  0.019,  0.000,4000371.0,  1,  21.7,   0.8, 0.100
2025-11-05 11:54:23,        0,  29.9,   2.8,  24.9,  1.025, -0.002,  0.000,4000370.6,  1,  21.7,   0.8, 0.100
2025-11-05 11:54:24,        0,  29.9,   2.6,  24.9,  4.760,  3.394,  0.018,4002506.7,  1,  21.7,   0.8, 0.100
2025-11-05 11:54:25,        0,  29.8,   2.4,  24.9,  1.231,  0.056,  0.000,4002557.0,  1,  21.7,   0.8, 0.100
2025-11-05 11:54:26,        0,  29.9,   2.8,  24.9,  5.267,  3.959,  0.023,4004710.7,  1,  21.7,   0.8, 0.100
2025-11-05 11:54:27,        0,  30.0,   3.1,  24.9,  3.365,  1.983,  0.009,4008614.6,  1,  21.7,   0.8, 0.100
2025-11-05 11:54:28,        0,  29.8,   2.4,  24.9,  2.145,  0.784,  0.002,4010419.6,  1,  21.7,   0.8, 0.100
2025-11-05 11:54:29,        0,  29.1,   0.4,  24.9,  1.135,  0.019,  0.000,4010443.1,  1,  21.7,   0.8, 0.100
2025-11-05 11:54:30,        0,  29.8,   2.4,  24.9,  0.996, -0.005,  0.000,4010439.8,  1,  21.7,   0.8, 0.100
2025-11-05 11:54:32,        0,  29.8,   2.4,  25.0,  0.952, -0.007,  0.000,4010910.0,  1,  21.7,   0.8, 0.100
2025-11-05 11:54:32,        0,  29.6,   1.8,  24.9,  4.625,  3.309,  0.019,4013016.4,  1,  21.7,   0.8, 0.100
2025-11-05 11:54:33,        0,  30.0,   3.1,  24.9,  1.341,  0.116,  0.000,4013394.4,  1,  21.7,   0.8, 0.100
2025-11-05 11:54:34,        0,  29.8,   2.4,  25.0,  3.883,  2.512,  0.012,4015426.6,  1,  21.7,   0.8, 0.100
2025-11-05 11:54:36,        0,  29.6,   1.9,  25.0,  1.082,  0.010,  0.000,4015455.9,  1,  21.7,   0.8, 0.100
2025-11-05 11:54:36,        0,  29.9,   2.8,  24.9,  1.414,  0.396,  0.002,4016936.2,  1,  21.7,   0.8, 0.100
2025-11-05 11:54:37,        0,  30.0,   2.9,  24.9,  4.731,  3.369,  0.018,4020456.1,  1,  21.7,   0.8, 0.100
2025-11-05 11:54:38,        0,  29.8,   2.3,  24.9,  2.368,  1.004,  0.003,4022769.5,  1,  21.7,   0.8, 0.100
2025-11-05 11:54:39,        0,  29.8,   2.3,  25.0,  1.700,  0.391,  0.001,4023373.5,  1,  21.7,   0.8, 0.100
2025-11-05 11:54:40,        0,  29.6,   1.9,  24.9,  1.039,  0.002,  0.000,4023380.6,  1,  21.7,   0.8, 0.100
2025-11-05 11:54:41,        0,  29.8,   2.4,  25.0,  0.972, -0.005,  0.000,4023376.0,  1,  21.7,   0.8, 0.100
2025-11-05 11:54:42,        0,  29.8,   2.3,  25.0,  0.911, -0.007,  0.000,4023369.3,  1,  21.7,   0.8, 0.100
2025-11-05 11:54:43,        0,  29.9,   2.6,  24.9,  0.878, -0.008,  0.000,4023362.1,  1,  21.7,   0.8, 0.100
2025-11-05 11:54:45,        0,  29.9,   2.6,  24.9,  2.768,  1.413,  0.005,4025418.6,  1,  21.7,   0.8, 0.100
2025-11-05 11:54:45,        0,  29.8,   2.5,  24.9,  5.438,  4.095,  0.023,4028473.0,  1,  21.7,   0.8, 0.100
2025-11-05 11:54:46,        0,  29.6,   1.9,  24.9,  1.113,  0.021,  0.000,4028548.9,  1,  21.7,   0.8, 0.100
2025-11-05 11:54:47,        0,  29.6,   1.8,  24.9,  1.000, -0.002,  0.000,4028549.3,  1,  21.7,   0.8, 0.100
2025-11-05 11:54:49,        0,  29.8,   2.3,  24.9,  0.923, -0.006,  0.000,4028543.0,  1,  21.7,   0.8, 0.100
2025-11-05 11:54:49,        0,  29.9,   2.8,  24.9,  0.885, -0.007,  0.000,4028536.3,  1,  21.7,   0.8, 0.100
2025-11-05 11:54:50,        0,  29.9,   2.8,  24.9,  5.678,  4.351,  0.025,4032089.8,  1,  21.7,   0.8, 0.100
2025-11-05 11:54:51,        0,  29.6,   1.9,  24.9,  1.746,  0.437,  0.001,4034114.9,  1,  21.7,   0.8, 0.100
2025-11-05 11:54:52,        0,  29.6,   1.9,  24.9,  1.092,  0.015,  0.000,4034142.9,  1,  21.7,   0.8, 0.100
2025-11-05 11:54:53,        0,  29.7,   2.1,  24.9,  0.962, -0.004,  0.000,4034140.4,  1,  21.7,   0.8, 0.100
2025-11-05 11:54:54,        0,  29.9,   2.6,  24.9,  0.917, -0.007,  0.000,4034133.7,  1,  21.7,   0.8, 0.100
2025-11-05 11:54:55,        0,  29.8,   2.3,  24.9,  0.881, -0.007,  0.000,4034127.9,  1,  21.7,   0.8, 0.100
2025-11-05 11:54:56,        0,  29.9,   2.6,  24.9,  0.833, -0.007,  0.000,4034120.7,  1,  21.7,   0.8, 0.100
2025-11-05 11:54:58,        0,  29.9,   2.6,  24.9,  0.807, -0.008,  0.000,4034111.5,  1,  21.7,   0.8, 0.100
2025-11-05 11:54:58,        0,  29.9,   2.6,  25.0,  1.459,  0.625,  0.004,4034828.2,  1,  21.7,   0.8, 0.100
2025-11-05 11:54:59,        0,  29.7,   2.1,  24.9,  5.681,  4.354,  0.025,4039193.5,  1,  21.7,   0.8, 0.100
2025-11-05 11:55:00,        0,  29.9,   2.6,  24.9,  1.249,  0.076,  0.000,4039839.3,  1,  21.7,   0.8, 0.100
2025-11-05 11:55:01,        0,  29.6,   1.8,  24.9,  1.032,  0.004,  0.000,4039848.5,  1,  21.7,   0.8, 0.100
2025-11-05 11:55:03,        0,  29.8,   2.3,  24.9,  0.936, -0.006,  0.000,4039843.1,  1,  21.7,   0.8, 0.100
2025-11-05 11:55:03,        0,  29.7,   2.1,  24.9,  0.896, -0.006,  0.000,4039836.8,  1,  21.7,   0.8, 0.100
2025-11-05 11:55:04,        0,  29.8,   2.3,  24.9,  0.860, -0.007,  0.000,4039830.1,  1,  21.7,   0.8, 0.100
2025-11-05 11:55:05,        0,  29.8,   2.4,  24.9,  0.814, -0.007,  0.000,4039823.4,  1,  21.7,   0.8, 0.100
2025-11-05 11:55:06,        0,  29.9,   2.8,  24.9,  0.788, -0.007,  0.000,4039816.2,  1,  21.7,   0.8, 0.100
2025-11-05 11:55:07,        0,  29.8,   2.4,  24.9,  2.693,  1.339,  0.005,4042778.8,  1,  21.7,   0.8, 0.100
2025-11-05 11:55:08,        0,  29.3,   0.8,  24.9,  1.120,  0.027,  0.000,4042825.8,  1,  21.7,   0.8, 0.100
2025-11-05 11:55:09,        0,  29.8,   2.3,  24.9,  0.993, -0.000,  0.000,4042825.3,  1,  21.7,   0.8, 0.100
2025-11-05 11:55:10,        0,  29.8,   2.4,  24.9,  0.912, -0.006,  0.000,4042819.9,  1,  21.7,   0.8, 0.100
2025-11-05 11:55:11,        0,  29.7,   2.1,  24.9,  0.872, -0.007,  0.000,4042812.3,  1,  21.7,   0.8, 0.100
2025-11-05 11:55:12,        0,  29.8,   2.4,  24.9,  0.821, -0.007,  0.000,4042805.2,  1,  21.7,   0.8, 0.100
2025-11-05 11:55:13,        0,  29.8,   2.4,  24.9,  0.792, -0.007,  0.000,4042798.5,  1,  21.7,   0.8, 0.100
2025-11-05 11:55:14,        0,  30.0,   2.9,  24.9,  0.767, -0.000,  0.000,4042863.9,  1,  21.7,   0.8, 0.100
2025-11-05 11:55:16,        0,  29.7,   2.1,  24.9,  5.678,  4.354,  0.025,4047955.1,  1,  21.7,   0.8, 0.100
2025-11-05 11:55:16,        0,  29.4,   1.3,  24.9,  1.838,  0.522,  0.001,4048564.8,  1,  21.7,   0.9, 0.100
2025-11-05 11:55:17,        0,  29.4,   1.3,  24.9,  1.027,  0.004,  0.000,4048574.5,  1,  21.7,   0.9, 0.100
2025-11-05 11:55:18,        0,  29.7,   2.1,  24.9,  0.954, -0.004,  0.000,4048570.7,  1,  21.7,   0.9, 0.100
2025-11-05 11:55:20,        0,  29.6,   1.9,  24.9,  0.889, -0.007,  0.000,4048563.2,  1,  21.7,   0.9, 0.100
2025-11-05 11:55:20,        0,  29.8,   2.3,  24.9,  0.854, -0.007,  0.000,4048556.5,  1,  21.7,   0.9, 0.100
2025-11-05 11:55:21,        0,  29.7,   2.1,  24.9,  0.822, -0.007,  0.000,4048550.2,  1,  21.7,   0.9, 0.100
2025-11-05 11:55:22,        0,  29.7,   2.1,  24.9,  0.780, -0.007,  0.000,4048543.1,  1,  21.7,   1.0, 0.100
2025-11-05 11:55:24,        0,  29.7,   2.1,  24.9,  0.747, -0.009,  0.000,4048533.8,  1,  21.7,   1.0, 0.100
2025-11-05 11:55:24,        0,  29.6,   1.9,  24.9,  0.728, -0.008,  0.000,4048526.3,  1,  21.7,   0.9, 0.100
2025-11-05 11:55:25,        0,  29.8,   2.3,  24.9,  0.711, -0.008,  0.000,4048518.7,  1,  21.7,   0.9, 0.100
2025-11-05 11:55:26,        0,  29.8,   2.4,  24.9,  0.697, -0.008,  0.000,4048510.4,  1,  21.7,   1.0, 0.100
2025-11-05 11:55:28,        0,  29.8,   2.4,  24.9,  0.678, -0.008,  0.000,4048501.6,  1,  21.7,   1.0, 0.100
2025-11-05 11:55:28,        0,  29.9,   2.6,  25.0,  0.660, -0.009,  0.000,4048493.2,  1,  21.7,   1.0, 0.100
2025-11-05 11:55:29,        0,  29.9,   2.8,  24.9,  3.886,  2.830,  0.016,4050276.0,  1,  21.7,   1.0, 0.100
2025-11-05 11:55:30,        0,  29.6,   1.9,  24.9,  5.620,  4.286,  0.024,4053608.2,  1,  21.7,   1.0, 0.100
2025-11-05 11:55:32,        0,  29.7,   2.1,  24.9,  1.112,  0.024,  0.000,4053717.2,  1,  21.7,   1.0, 0.100
2025-11-05 11:55:32,        0,  29.6,   1.9,  24.9,  0.991, -0.001,  0.000,4053716.4,  1,  21.7,   1.0, 0.100
2025-11-05 11:55:33,        0,  29.7,   2.1,  24.9,  0.909, -0.006,  0.000,4053710.9,  1,  21.7,   1.0, 0.100
2025-11-05 11:55:34,        0,  29.8,   2.3,  24.9,  0.871, -0.007,  0.000,4053704.6,  1,  21.7,   1.0, 0.100
2025-11-05 11:55:36,        0,  29.7,   2.1,  24.9,  0.819, -0.007,  0.000,4053697.1,  1,  21.7,   1.0, 0.100
2025-11-05 11:55:36,        0,  29.7,   2.1,  24.9,  0.789, -0.007,  0.000,4053690.0,  1,  21.7,   1.0, 0.100
2025-11-05 11:55:37,        0,  29.8,   2.3,  24.9,  0.763, -0.007,  0.000,4053682.8,  1,  21.7,   1.0, 0.100
2025-11-05 11:55:38,        0,  29.8,   2.4,  24.9,  0.731, -0.008,  0.000,4053675.7,  1,  21.7,   1.0, 0.100
2025-11-05 11:55:39,        0,  29.8,   2.4,  24.9,  0.713, -0.008,  0.000,4053667.7,  1,  21.7,   1.0, 0.100
2025-11-05 11:55:40,        0,  29.8,   2.4,  24.9,  0.690, -0.008,  0.000,4053658.9,  1,  21.7,   1.0, 0.100
2025-11-05 11:55:41,        0,  29.8,   2.4,  24.9,  0.676, -0.008,  0.000,4053651.4,  1,  21.7,   1.0, 0.100
2025-11-05 11:55:42,        0,  29.9,   2.6,  24.9,  0.663, -0.008,  0.000,4053644.3,  1,  21.7,   1.0, 0.100
2025-11-05 11:55:43,        0,  29.8,   2.3,  24.9,  0.645, -0.008,  0.000,4053636.7,  1,  21.7,   1.0, 0.100
2025-11-05 11:55:45,        0,  29.8,   2.4,  24.9,  0.629, -0.008,  0.000,4053627.5,  1,  21.7,   1.0, 0.100
2025-11-05 11:55:45,        0,  29.9,   2.8,  24.9,  0.619, -0.008,  0.000,4053969.9,  1,  21.7,   1.0, 0.100
2025-11-05 11:55:46,        0,  29.9,   2.6,  24.9,  5.677,  4.351,  0.025,4058121.9,  1,  21.7,   1.0, 0.100
2025-11-05 11:55:47,        0,  29.4,   1.1,  24.9,  4.401,  3.048,  0.015,4060167.9,  1,  21.7,   1.0, 0.100
2025-11-05 11:55:49,        0,  29.1,   0.3,  24.9,  1.071,  0.014,  0.000,4060197.2,  1,  21.7,   1.0, 0.100
2025-11-05 11:55:49,        0,  29.5,   1.4,  24.9,  0.942, -0.004,  0.000,4060195.2,  1,  21.7,   1.0, 0.100
2025-11-05 11:55:50,        0,  29.6,   1.9,  24.9,  0.897, -0.006,  0.000,4060188.9,  1,  21.7,   1.0, 0.100
2025-11-05 11:55:51,        0,  29.6,   1.8,  24.9,  0.859, -0.006,  0.000,4060183.0,  1,  21.7,   0.9, 0.100
2025-11-05 11:55:52,        0,  29.6,   1.8,  24.9,  0.810, -0.007,  0.000,4060175.9,  1,  21.7,   0.9, 0.100
2025-11-05 11:55:54,        0,  29.5,   1.6,  24.9,  0.781, -0.007,  0.000,4060167.9,  1,  21.7,   0.9, 0.100
2025-11-05 11:55:54,        0,  29.6,   1.9,  24.9,  0.744, -0.007,  0.000,4060161.2,  1,  21.7,   0.9, 0.100
2025-11-05 11:55:55,        0,  29.6,   1.9,  24.9,  0.725, -0.008,  0.000,4060153.7,  1,  21.7,   0.9, 0.100
2025-11-05 11:55:56,        0,  29.6,   1.9,  24.9,  0.707, -0.009,  0.000,4060145.7,  1,  21.7,   0.8, 0.100
2025-11-05 11:55:57,        0,  29.6,   1.9,  24.9,  0.683, -0.008,  0.000,4060138.2,  1,  21.7,   0.8, 0.100
2025-11-05 11:55:58,        0,  29.7,   2.1,  24.9,  0.669, -0.008,  0.000,4060129.4,  1,  21.7,   0.8, 0.100
2025-11-05 11:55:59,        0,  29.7,   2.1,  24.9,  0.649, -0.008,  0.000,4060121.4,  1,  21.7,   0.8, 0.100
2025-11-05 11:56:00,        0,  29.6,   1.8,  24.9,  0.637, -0.007,  0.000,4060114.3,  1,  21.7,   0.8, 0.100
2025-11-05 11:56:01,        0,  29.7,   2.1,  24.9,  0.626, -0.008,  0.000,4060106.7,  1,  21.7,   0.8, 0.100
2025-11-05 11:56:03,        0,  29.7,   2.1,  24.9,  0.610, -0.007,  0.000,4060097.5,  1,  21.7,   0.8, 0.100
2025-11-05 11:56:03,        0,  29.7,   2.1,  24.9,  0.596, -0.007,  0.000,4060091.2,  1,  21.7,   0.8, 0.100
2025-11-05 11:56:04,        0,  29.7,   2.1,  24.9,  0.588, -0.007,  0.000,4060083.7,  1,  21.7,   0.8, 0.100
2025-11-05 11:56:05,        0,  29.8,   2.3,  24.9,  0.579, -0.007,  0.000,4060077.4,  1,  21.7,   0.8, 0.100
2025-11-05 11:56:07,        0,  29.8,   2.3,  24.9,  0.567, -0.007,  0.000,4060068.6,  1,  21.7,   0.9, 0.100
2025-11-05 11:56:07,        0,  29.8,   2.3,  24.9,  0.559, -0.007,  0.000,4060061.9,  1,  21.7,   0.8, 0.100
2025-11-05 11:56:08,        0,  29.8,   2.3,  24.9,  0.547, -0.007,  0.000,4060054.8,  1,  21.7,   0.9, 0.100
2025-11-05 11:56:09,        0,  29.8,   2.3,  24.8,  0.540, -0.007,  0.000,4060048.5,  1,  21.7,   0.8, 0.100
2025-11-05 11:56:10,        0,  29.8,   2.4,  24.9,  0.533, -0.007,  0.000,4060041.8,  1,  21.7,   0.8, 0.100
2025-11-05 11:56:11,        0,  29.8,   2.3,  24.9,  0.523, -0.007,  0.000,4060033.8,  1,  21.7,   0.9, 0.100
2025-11-05 11:56:12,        0,  29.8,   2.4,  24.9,  0.517, -0.007,  0.000,4060027.5,  1,  21.7,   0.8, 0.100
2025-11-05 11:56:13,        0,  29.8,   2.4,  24.9,  0.508, -0.007,  0.000,4060021.2,  1,  21.7,   0.9, 0.100
2025-11-05 11:56:14,        0,  29.8,   2.3,  24.9,  0.501, -0.007,  0.000,4060014.5,  1,  21.7,   0.9, 0.100
2025-11-05 11:56:16,        0,  29.8,   2.4,  24.9,  0.493, -0.007,  0.000,4060007.0,  1,  21.7,   0.9, 0.100
2025-11-05 11:56:16,        0,  29.8,   2.4,  24.9,  0.488, -0.006,  0.000,4060000.3,  1,  21.7,   0.9, 0.100
2025-11-05 11:56:17,        0,  29.8,   2.4,  24.8,  0.482, -0.006,  0.000,4059994.8,  1,  21.7,   0.9, 0.100
2025-11-05 11:56:18,        0,  29.8,   2.4,  24.8,  0.475, -0.007,  0.000,4059988.5,  1,  21.7,   0.9, 0.100
2025-11-05 11:56:20,        0,  29.9,   2.6,  24.9,  0.469, -0.006,  0.000,4059981.0,  1,  21.7,   1.0, 0.100
2025-11-05 11:56:20,        0,  29.9,   2.6,  24.9,  0.462, -0.007,  0.000,4059974.7,  1,  21.7,   1.0, 0.100
2025-11-05 11:56:21,        0,  29.9,   2.6,  24.8,  2.185,  1.483,  0.008,4061693.8,  1,  21.7,   1.0, 0.100
2025-11-05 11:56:22,        0,  29.6,   1.8,  24.9,  5.680,  4.352,  0.025,4065764.9,  1,  21.7,   0.9, 0.100
2025-11-05 11:56:23,        0,  29.2,   0.6,  24.9,  1.254,  0.083,  0.000,4066157.2,  1,  21.7,   1.0, 0.100
2025-11-05 11:56:24,        0,  29.6,   1.8,  24.9,  0.976, -0.001,  0.000,4066164.3,  1,  21.7,   1.0, 0.100
2025-11-05 11:56:25,        0,  29.5,   1.6,  24.9,  0.921, -0.005,  0.000,4066160.1,  1,  21.7,   1.0, 0.100
2025-11-05 11:56:26,        0,  29.5,   1.4,  24.9,  0.878, -0.006,  0.000,4066153.8,  1,  21.7,   1.0, 0.100
2025-11-05 11:56:27,        0,  29.5,   1.6,  24.9,  0.840, -0.006,  0.000,4066148.4,  1,  21.7,   1.0, 0.100
2025-11-05 11:56:29,        0,  29.6,   1.8,  24.9,  0.792, -0.007,  0.000,4066140.0,  1,  21.7,   0.9, 0.100
2025-11-05 11:56:29,        0,  29.6,   1.8,  24.9,  0.751, -0.007,  0.000,4066134.2,  1,  21.7,   0.9, 0.100
2025-11-05 11:56:30,        0,  29.5,   1.6,  24.9,  0.729, -0.007,  0.000,4066127.0,  1,  21.7,   0.9, 0.100
2025-11-05 11:56:31,        0,  29.6,   1.8,  24.9,  0.709, -0.007,  0.000,4066119.5,  1,  21.7,   0.9, 0.100
2025-11-05 11:56:33,        0,  29.6,   1.8,  24.9,  0.684, -0.008,  0.000,4066110.7,  1,  21.7,   0.9, 0.100
2025-11-05 11:56:33,        0,  29.5,   1.6,  24.9,  0.667, -0.007,  0.000,4066103.1,  1,  21.7,   0.9, 0.100
2025-11-05 11:56:34,        0,  29.6,   1.8,  24.9,  0.647, -0.007,  0.000,4066096.0,  1,  21.7,   0.9, 0.100
2025-11-05 11:56:35,        0,  29.6,   1.8,  24.8,  0.632, -0.007,  0.000,4066089.3,  1,  21.7,   0.9, 0.100
2025-11-05 11:56:36,        0,  29.6,   1.8,  24.8,  0.619, -0.008,  0.000,4066082.2,  1,  21.7,   0.9, 0.100
2025-11-05 11:56:37,        0,  29.6,   1.9,  24.9,  0.603, -0.007,  0.000,4066073.4,  1,  21.7,   0.9, 0.100
2025-11-05 11:56:38,        0,  29.6,   1.8,  24.8,  0.592, -0.007,  0.000,4066066.3,  1,  21.7,   0.9, 0.100
2025-11-05 11:56:39,        0,  29.6,   1.8,  24.9,  0.577, -0.007,  0.000,4066059.6,  1,  21.7,   1.0, 0.100
2025-11-05 11:56:40,        0,  29.6,   1.8,  24.8,  0.567, -0.007,  0.000,4066052.4,  1,  21.7,   0.9, 0.100
2025-11-05 11:56:42,        0,  29.6,   1.9,  24.9,  0.553, -0.007,  0.000,4066044.5,  1,  21.7,   0.9, 0.100
2025-11-05 11:56:42,        0,  29.6,   1.8,  24.8,  0.545, -0.007,  0.000,4066037.8,  1,  21.7,   1.0, 0.100
2025-11-05 11:56:43,        0,  29.6,   1.9,  24.8,  0.537, -0.007,  0.000,4066031.5,  1,  21.7,   0.9, 0.100
2025-11-05 11:56:44,        0,  29.6,   1.8,  24.8,  0.524, -0.007,  0.000,4066025.2,  1,  21.7,   0.9, 0.100
2025-11-05 11:56:45,        0,  29.6,   1.9,  24.9,  0.517, -0.007,  0.000,4066018.5,  1,  21.7,   1.0, 0.100
2025-11-05 11:56:46,        0,  29.6,   1.9,  24.8,  0.506, -0.007,  0.000,4066010.9,  1,  21.7,   1.0, 0.100
2025-11-05 11:56:47,        0,  29.6,   1.9,  24.9,  0.499, -0.007,  0.000,4066004.7,  1,  21.7,   1.0, 0.100
2025-11-05 11:56:48,        0,  29.6,   1.9,  24.9,  0.490, -0.006,  0.000,4065998.4,  1,  21.7,   1.0, 0.100
2025-11-05 11:56:49,        0,  29.6,   1.9,  24.9,  0.483, -0.006,  0.000,4065992.9,  1,  21.7,   1.0, 0.100
2025-11-05 11:56:51,        0,  29.6,   1.9,  24.8,  0.475, -0.006,  0.000,4065985.8,  1,  21.7,   0.9, 0.100
2025-11-05 11:56:51,        0,  29.7,   2.1,  24.9,  0.468, -0.007,  0.000,4065979.5,  1,  21.7,   1.0, 0.100
2025-11-05 11:56:52,        0,  29.6,   1.9,  24.9,  0.462, -0.006,  0.000,4065973.6,  1,  21.7,   0.9, 0.100
2025-11-05 11:56:53,        0,  29.6,   1.9,  24.9,  0.455, -0.006,  0.000,4065968.2,  1,  21.7,   0.9, 0.100
2025-11-05 11:56:55,        0,  29.6,   1.9,  24.9,  0.449, -0.006,  0.000,4065961.1,  1,  21.7,   0.9, 0.100
2025-11-05 11:56:55,        0,  29.6,   1.9,  24.9,  0.443, -0.006,  0.000,4065955.2,  1,  21.7,   0.9, 0.100
2025-11-05 11:56:56,        0,  29.7,   2.1,  24.9,  0.438, -0.006,  0.000,4065949.7,  1,  21.7,   0.9, 0.100
2025-11-05 11:56:57,        0,  29.7,   2.1,  24.9,  0.433, -0.006,  0.000,4065944.3,  1,  21.7,   0.9, 0.100
2025-11-05 11:56:58,        0,  29.7,   2.1,  24.9,  0.426, -0.005,  0.000,4065938.9,  1,  21.7,   0.9, 0.100
2025-11-05 11:56:59,        0,  29.6,   1.9,  24.8,  0.422, -0.005,  0.000,4065932.6,  1,  21.7,   0.9, 0.100
2025-11-05 11:57:00,        0,  29.8,   2.3,  24.8,  0.415, -0.005,  0.000,4065927.5,  1,  21.7,   0.9, 0.100
2025-11-05 11:57:01,        0,  29.7,   2.1,  24.8,  0.411, -0.005,  0.000,4065922.1,  1,  21.7,   0.9, 0.100
2025-11-05 11:57:02,        0,  29.7,   2.1,  24.8,  0.406, -0.006,  0.000,4065917.1,  1,  21.7,   0.9, 0.100
2025-11-05 11:57:03,        0,  29.7,   2.1,  24.8,  0.401, -0.005,  0.000,4065910.8,  1,  21.7,   0.8, 0.100
2025-11-05 11:57:04,        0,  29.7,   2.1,  24.8,  0.396, -0.005,  0.000,4065904.9,  1,  21.7,   0.9,-1.000
2025-11-05 11:57:05,        0,  29.8,   2.3,  24.9,  0.391, -0.006,  0.000,4065899.9,  1,  21.7,   0.8, 0.100
2025-11-05 11:57:06,        0,  29.7,   2.1,  24.9,  0.388, -0.005,  0.000,4065895.3,  1,  21.7,   0.8, 0.100
2025-11-05 11:57:08,        0,  29.7,   2.1,  24.8,  0.383, -0.005,  0.000,4065889.0,  1,  21.7,   0.8, 0.100
2025-11-05 11:57:08,        0,  29.7,   2.1,  24.9,  0.380, -0.005,  0.000,4065884.0,  1,  21.7,   0.9, 0.100
2025-11-05 11:57:09,        0,  29.6,   1.9,  24.8,  0.375, -0.005,  0.000,4065879.3,  1,  21.7,   0.9, 0.100
2025-11-05 11:57:10,        0,  29.8,   2.3,  24.8,  0.371, -0.005,  0.000,4065873.9,  1,  21.7,   0.9, 0.100
2025-11-05 11:57:12,        0,  29.8,   2.3,  24.8,  0.367, -0.005,  0.000,4065868.9,  1,  21.7,   0.8, 0.100
2025-11-05 11:57:12,        0,  29.8,   2.3,  24.8,  0.363, -0.005,  0.000,4065864.3,  1,  21.7,   0.9, 0.100
2025-11-05 11:57:13,        0,  29.7,   2.1,  24.8,  0.361, -0.005,  0.000,4065859.2,  1,  21.7,   0.9, 0.100
2025-11-05 11:57:14,        0,  29.7,   2.1,  24.9,  0.356, -0.005,  0.000,4065854.6,  1,  21.7,   0.9, 0.100
2025-11-05 11:57:16,        0,  29.7,   2.1,  24.8,  0.354, -0.005,  0.000,4065848.7,  1,  21.7,   0.9, 0.100
2025-11-05 11:57:16,        0,  29.8,   2.3,  24.8,  0.349, -0.005,  0.000,4065844.1,  1,  21.7,   0.9, 0.100
2025-11-05 11:57:17,        0,  29.8,   2.3,  24.8,  0.346, -0.005,  0.000,4065839.9,  1,  21.7,   0.8, 0.100
2025-11-05 11:57:18,        0,  29.8,   2.3,  24.8,  0.344, -0.005,  0.000,4065835.3,  1,  21.7,   0.9, 0.100
2025-11-05 11:57:20,        0,  29.8,   2.3,  24.9,  0.339, -0.005,  0.000,4065829.9,  1,  21.7,   0.9, 0.100
2025-11-05 11:57:20,        0,  29.8,   2.3,  24.8,  0.337, -0.005,  0.000,4065824.9,  1,  21.7,   0.9, 0.100
2025-11-05 11:57:21,        0,  29.8,   2.3,  24.8,  0.333, -0.005,  0.000,4065820.7,  1,  21.7,   0.9, 0.100
2025-11-05 11:57:22,        0,  29.8,   2.4,  24.8,  0.330, -0.005,  0.000,4065816.5,  1,  21.7,   0.9, 0.100
2025-11-05 11:57:24,        0,  29.8,   2.3,  24.9,  0.326, -0.005,  0.000,4065810.6,  1,  21.7,   0.9, 0.100
2025-11-05 11:57:24,        0,  29.8,   2.3,  24.8,  0.324, -0.005,  0.000,4065806.4,  1,  21.7,   0.9, 0.100
2025-11-05 11:57:25,        0,  29.8,   2.4,  24.8,  0.322, -0.005,  0.000,4065802.2,  1,  21.7,   0.9, 0.100
2025-11-05 11:57:26,        0,  29.8,   2.3,  24.9,  0.319, -0.004,  0.000,4065797.6,  1,  21.7,   0.9, 0.100
2025-11-05 11:57:28,        0,  29.8,   2.3,  24.8,  0.315, -0.004,  0.000,4065792.6,  1,  21.7,   0.9, 0.100
2025-11-05 11:57:28,        0,  29.8,   2.3,  24.8,  0.313, -0.005,  0.000,4065788.4,  1,  21.7,   0.9, 0.100
2025-11-05 11:57:29,        0,  29.8,   2.3,  24.8,  0.311, -0.005,  0.000,4065783.8,  1,  21.7,   0.9, 0.100
2025-11-05 11:57:30,        0,  29.8,   2.4,  24.8,  0.309, -0.004,  0.000,4065779.6,  1,  21.7,   0.9, 0.100
2025-11-05 11:57:31,        0,  29.8,   2.3,  24.8,  0.306, -0.004,  0.000,4065775.8,  1,  21.7,   1.0, 0.100
2025-11-05 11:57:32,        0,  29.8,   2.4,  24.8,  0.302, -0.004,  0.000,4065771.2,  1,  21.7,   0.9, 0.100
2025-11-05 11:57:33,        0,  29.8,   2.4,  24.8,  0.301, -0.004,  0.000,4065767.4,  1,  21.7,   1.0, 0.100
2025-11-05 11:57:34,        0,  29.8,   2.3,  24.8,  0.299, -0.004,  0.000,4065763.7,  1,  21.7,   1.0, 0.100
2025-11-05 11:57:35,        0,  29.8,   2.3,  24.9,  0.297, -0.004,  0.000,4065759.5,  1,  21.7,   1.0, 0.100
2025-11-05 11:57:37,        0,  29.8,   2.3,  24.8,  0.294, -0.004,  0.000,4065754.9,  1,  21.7,   1.0, 0.100
2025-11-05 11:57:37,        0,  29.8,   2.4,  24.8,  0.291, -0.004,  0.000,4065750.7,  1,  21.7,   1.0, 0.100
2025-11-05 11:57:38,        0,  29.8,   2.5,  24.8,  0.289, -0.004,  0.000,4065746.9,  1,  21.7,   1.0, 0.100
2025-11-05 11:57:39,        0,  29.8,   2.3,  24.8,  0.288, -0.004,  0.000,4065743.6,  1,  21.7,   1.0, 0.100
2025-11-05 11:57:41,        0,  29.8,   2.4,  24.8,  0.285, -0.004,  0.000,4065738.5,  1,  21.7,   1.0, 0.100
2025-11-05 11:57:41,        0,  29.8,   2.4,  24.8,  0.284, -0.004,  0.000,4065734.8,  1,  21.7,   1.0, 0.100
2025-11-05 11:57:42,        0,  29.8,   2.4,  24.8,  0.281, -0.004,  0.000,4065731.0,  1,  21.7,   1.0, 0.100
