Time, Cnts,  %T, set_Cell[mA], Cell[°C], Cell[Volt], Cell[mA], Cell[W], Cell[uAs], Cell_ON, Env[°C], TEC[°C], N2Flow[slpm]
2025-09-18 10:25:11,        0,  29.7,   2.2,  30.5,  0.588, -0.009,  0.000,     -5.4,  1,  22.0,   1.1, 0.100
2025-09-18 10:25:12,        0,  29.8,   2.5,  30.5,  0.587, -0.009,  0.000,    -14.6,  1,  22.0,   1.2, 0.100
2025-09-18 10:25:13,        0,  29.8,   2.5,  30.5,  0.587, -0.009,  0.000,    -23.2,  1,  22.0,   1.1, 0.100
2025-09-18 10:25:14,        0,  29.9,   2.7,  30.6,  0.587, -0.009,  0.000,    -31.8,  1,  22.1,   1.2, 0.100
2025-09-18 10:25:15,        0,  29.8,   2.5,  30.6,  5.057,  4.377,  0.022,   4676.6,  1,  22.1,   1.2, 0.100
2025-09-18 10:25:16,        0,  29.6,   1.7,  30.5,  3.703,  2.857,  0.012,   7086.5,  1,  22.1,   1.2, 0.099
2025-09-18 10:25:17,        0,  29.0,   0.0,  30.6,  1.016,  0.019,  0.000,   7104.2,  1,  22.1,   1.2, 0.100
2025-09-18 10:25:18,        0,  29.4,   1.1,  30.6,  0.910, -0.005,  0.000,   7099.6,  1,  22.0,   1.2, 0.099
2025-09-18 10:25:19,        0,  29.3,   1.0,  30.6,  0.853, -0.007,  0.000,   7091.9,  1,  22.0,   1.2, 0.099
2025-09-18 10:25:20,        0,  29.3,   1.0,  30.6,  0.822, -0.007,  0.000,   7085.3,  1,  22.1,   1.2, 0.100
2025-09-18 10:25:21,        0,  29.4,   1.1,  30.6,  0.790, -0.007,  0.000,   7079.3,  1,  22.1,   1.3, 0.100
2025-09-18 10:25:22,        0,  29.4,   1.1,  30.6,  0.756, -0.006,  0.000,   7073.9,  1,  22.1,   1.2, 0.100
2025-09-18 10:25:23,        0,  29.3,   1.0,  30.5,  0.711, -0.006,  0.000,   7066.7,  1,  22.0,   1.3, 0.100
2025-09-18 10:25:24,        0,  29.3,   0.9,  30.6,  0.688, -0.007,  0.000,   7059.9,  1,  22.1,   1.3, 0.100
2025-09-18 10:25:25,        0,  29.3,   1.0,  30.5,  0.664, -0.008,  0.000,   7052.1,  1,  22.1,   1.2, 0.100
2025-09-18 10:25:26,        0,  29.4,   1.2,  30.6,  0.653, -0.009,  0.000,   7043.8,  1,  22.0,   1.3, 0.100
2025-09-18 10:25:27,        0,  29.5,   1.5,  30.6,  0.642, -0.009,  0.000,   7033.5,  1,  22.1,   1.2, 0.100
2025-09-18 10:25:28,        0,  29.5,   1.5,  30.6,  0.637, -0.009,  0.000,   7025.0,  1,  22.1,   1.2, 0.100
2025-09-18 10:25:29,        0,  29.6,   1.8,  30.6,  0.632, -0.009,  0.000,   7016.4,  1,  22.0,   1.2, 0.100
2025-09-18 10:25:30,        0,  29.9,   2.7,  30.6,  0.626, -0.009,  0.000,   7007.8,  1,  22.0,   1.2, 0.100
2025-09-18 10:25:31,        0,  30.3,   3.8,  30.5,  5.742,  5.149,  0.030,  11429.8,  1,  22.1,   1.2, 0.100
2025-09-18 10:25:32,        0,  30.6,   4.9,  30.6,  6.585,  6.111,  0.041,  16972.4,  1,  22.0,   1.2, 0.100
2025-09-18 10:25:33,        0,  30.9,   5.6,  30.6,  6.596,  6.117,  0.040,  23133.1,  1,  22.1,   1.2, 0.100
2025-09-18 10:25:34,        0,  30.7,   5.1,  30.6,  7.457,  7.098,  0.053,  29895.1,  1,  22.0,   1.2, 0.101
2025-09-18 10:25:35,        0,  31.2,   6.5,  30.5,  6.431,  5.925,  0.039,  37632.8,  1,  22.0,   1.1, 0.101
2025-09-18 10:25:36,        0,  31.4,   7.2,  30.6,  9.289,  9.205,  0.087,  46023.6,  1,  22.0,   1.2, 0.091
2025-09-18 10:25:37,        0,  32.1,   9.3,  30.5, 11.048, 11.230,  0.127,  56844.0,  1,  22.0,   1.2, 0.095
2025-09-18 10:25:38,        0,  34.1,  15.4,  30.5, 13.623, 14.204,  0.195,  69803.5,  1,  21.9,   1.1, 0.097
2025-09-18 10:25:39,        0,  34.7,  17.2,  30.5, 19.584, 21.138,  0.414,  93012.1,  1,  22.0,   1.2, 0.098
2025-09-18 10:25:40,        0,  34.7,  17.1,  30.5, 16.468, 17.517,  0.291, 109556.0,  1,  22.0,   1.2, 0.099
2025-09-18 10:25:41,        0,  34.2,  15.7,  30.5, 19.985, 21.625,  0.432, 129356.9,  1,  22.0,   1.2, 0.099
2025-09-18 10:25:42,        0,  35.5,  19.4,  30.5, 22.993, 25.164,  0.579, 151002.8,  1,  22.0,   1.1, 0.099
2025-09-18 10:25:43,        0,  35.5,  19.6,  30.5, 23.599, 25.901,  0.613, 177221.5,  1,  22.0,   1.2, 0.100
2025-09-18 10:25:44,        0,  35.6,  19.7,  30.5, 23.670, 25.995,  0.618, 200911.9,  1,  22.0,   1.2, 0.100
2025-09-18 10:25:45,        0,  37.2,  24.7,  30.5, 23.084, 25.320,  0.587, 225965.6,  1,  22.0,   1.2, 0.100
2025-09-18 10:25:46,        0,  36.9,  23.8,  30.5, 26.788, 29.714,  0.799, 253345.0,  1,  22.0,   1.2, 0.100
2025-09-18 10:25:47,        0,  38.6,  28.8,  30.5, 23.240, 25.548,  0.596, 279431.3,  1,  22.0,   1.2, 0.100
2025-09-18 10:25:48,        0,  37.3,  24.9,  30.5, 21.944, 24.035,  0.533, 310750.9,  1,  21.9,   1.2, 0.100
2025-09-18 10:25:49,        0,  37.9,  26.7,  30.5, 28.250, 31.516,  0.891, 339508.4,  1,  22.0,   1.2, 0.100
2025-09-18 10:25:50,        0,  37.3,  25.0,  30.5, 28.004, 31.239,  0.875, 369634.2,  1,  21.9,   1.2, 0.100
2025-09-18 10:25:51,        0,  38.6,  28.8,  30.6, 28.414, 31.783,  0.929, 399576.8,  1,  22.1,   1.3, 0.103
2025-09-18 10:25:52,        0,  37.4,  25.2,  30.5, 25.196, 27.960,  0.709, 434642.0,  1,  22.0,   1.3, 0.109
2025-09-18 10:25:53,        0,  38.2,  27.5,  30.5, 25.780, 28.664,  0.741, 462611.1,  1,  21.9,   1.2, 0.106
2025-09-18 10:25:54,        0,  37.5,  25.6,  30.5, 26.392, 29.412,  0.784, 490368.7,  1,  22.0,   1.2, 0.102
2025-09-18 10:25:55,        0,  36.6,  22.9,  30.5, 24.104, 26.670,  0.643, 516143.1,  1,  21.9,   1.2, 0.101
2025-09-18 10:25:56,        0,  37.9,  26.7,  30.5, 21.386, 23.429,  0.501, 545268.7,  1,  22.0,   1.2, 0.100
2025-09-18 10:25:57,        0,  33.4,  13.3,  30.5, 21.247, 23.237,  0.494, 568769.7,  1,  22.0,   1.2, 0.100
2025-09-18 10:25:58,        0,  34.7,  17.1,  30.5, 20.397, 22.222,  0.458, 587254.5,  1,  21.9,   1.2, 0.100
2025-09-18 10:25:59,        0,  35.0,  17.9,  30.5, 18.852, 20.391,  0.386, 606955.8,  1,  22.0,   1.2, 0.100
2025-09-18 10:26:00,        0,  35.5,  19.4,  30.5, 21.575, 23.586,  0.516, 633055.1,  1,  22.0,   1.2, 0.100
2025-09-18 10:26:01,        0,  35.8,  20.4,  30.5, 17.564, 18.826,  0.343, 653678.2,  1,  21.9,   1.2, 0.100
2025-09-18 10:26:02,        0,  35.3,  18.9,  30.5, 22.904, 25.141,  0.577, 677588.1,  1,  22.0,   1.2, 0.100
2025-09-18 10:26:03,        0,  37.5,  25.4,  30.5, 21.267, 23.191,  0.498, 700502.1,  1,  21.9,   1.1, 0.100
2025-09-18 10:26:04,        0,  36.3,  22.0,  30.5, 24.868, 27.483,  0.684, 732488.6,  1,  21.9,   1.2, 0.100
2025-09-18 10:26:05,        0,  37.2,  24.7,  30.5, 23.970, 26.416,  0.634, 757599.2,  1,  22.0,   1.2, 0.100
2025-09-18 10:26:06,        0,  36.7,  23.0,  30.5, 26.621, 29.591,  0.788, 785012.4,  1,  21.9,   1.2, 0.100
2025-09-18 10:26:07,        0,  36.2,  21.5,  30.5, 26.085, 28.968,  0.757, 811366.4,  1,  21.9,   1.1, 0.100
2025-09-18 10:26:08,        0,  37.1,  24.4,  30.5, 29.042, 32.501,  0.954, 843722.0,  1,  22.0,   1.2, 0.100
2025-09-18 10:26:09,        0,  37.7,  26.0,  30.5, 27.480, 30.666,  0.846, 872335.1,  1,  21.9,   1.2, 0.100
2025-09-18 10:26:10,        0,  38.0,  27.0,  30.5, 25.223, 27.994,  0.707, 898923.5,  1,  21.9,   1.2, 0.100
2025-09-18 10:26:11,        0,  37.8,  26.5,  30.5, 28.108, 31.455,  0.885, 927889.3,  1,  21.9,   1.2, 0.100
2025-09-18 10:26:12,        0,  37.7,  26.0,  30.5, 25.398, 28.243,  0.720, 961510.0,  1,  22.0,   1.1, 0.100
2025-09-18 10:26:13,        0,  40.7,  35.1,  30.5, 27.974, 31.304,  0.877, 992235.8,  1,  21.9,   1.2, 0.100
2025-09-18 10:26:14,        0,  37.1,  24.3,  30.5, 19.828, 21.580,  0.435,1019612.8,  1,  21.9,   1.1, 0.100
2025-09-18 10:26:15,        0,  38.5,  28.5,  30.5, 30.644, 34.535,  1.059,1055062.0,  1,  21.9,   1.2, 0.100
2025-09-18 10:26:16,        0,  39.5,  31.5,  30.5, 30.807, 34.767,  1.072,1086830.6,  1,  21.9,   1.2, 0.100
2025-09-18 10:26:17,        0,  38.5,  28.6,  30.5, 35.213, 40.108,  1.422,1123304.3,  1,  21.9,   1.2, 0.100
2025-09-18 10:26:18,        0,  38.2,  27.6,  30.5, 31.838, 36.080,  1.152,1156902.8,  1,  21.9,   1.2, 0.100
2025-09-18 10:26:19,        0,  40.4,  34.2,  30.6, 32.704, 37.119,  1.219,1197558.1,  1,  21.9,   1.2, 0.100
2025-09-18 10:26:20,        0,  39.1,  30.2,  30.5, 33.018, 37.554,  1.240,1233262.9,  1,  21.9,   1.2, 0.100
2025-09-18 10:26:21,        0,  41.1,  36.4,  30.6, 34.622, 39.536,  1.369,1269457.4,  1,  21.9,   1.2, 0.100
2025-09-18 10:26:22,        0,  42.4,  40.1,  30.5, 35.129, 40.183,  1.420,1307638.6,  1,  21.9,   1.2, 0.100
2025-09-18 10:26:23,        0,  41.5,  37.5,  30.5, 34.602, 39.708,  1.387,1358372.0,  1,  21.9,   1.2, 0.100
2025-09-18 10:26:24,        0,  38.9,  29.6,  30.6, 30.615, 34.868,  1.071,1395748.6,  1,  22.0,   1.2, 0.100
2025-09-18 10:26:25,        0,  43.3,  42.8,  30.5, 36.492, 42.032,  1.570,1434213.6,  1,  21.9,   1.2, 0.100
2025-09-18 10:26:26,        0,  44.6,  46.8,  30.6, 41.650, 48.497,  2.022,1480830.1,  1,  21.9,   1.2, 0.100
2025-09-18 10:26:27,        0,  45.2,  48.6,  30.6, 42.866, 50.145,  2.152,1529701.8,  1,  22.0,   1.2, 0.100
2025-09-18 10:26:28,        0,  47.9,  56.8,  30.5, 46.362, 54.693,  2.539,1594152.4,  1,  21.9,   1.2, 0.100
2025-09-18 10:26:29,        0,  45.3,  48.8,  30.6, 49.635, 58.930,  2.935,1651457.2,  1,  22.0,   1.2, 0.100
2025-09-18 10:26:30,        0,  47.0,  54.1,  30.6, 44.565, 52.703,  2.350,1701892.5,  1,  21.9,   1.2, 0.100
2025-09-18 10:26:31,        0,  46.4,  52.3,  30.6, 47.385, 56.345,  2.672,1756380.9,  1,  22.0,   1.3, 0.100
2025-09-18 10:26:32,        0,  47.5,  55.4,  30.6, 55.698, 66.769,  3.723,1827588.3,  1,  22.0,   1.3, 0.100
2025-09-18 10:26:33,        0,  47.4,  55.2,  30.6, 48.840, 58.572,  2.877,1886035.9,  1,  22.0,   1.2, 0.100
2025-09-18 10:26:34,        0,  47.6,  55.7,  30.6, 47.024, 56.528,  2.665,1943041.2,  1,  22.0,   1.3, 0.100
2025-09-18 10:26:35,        0,  44.8,  47.3,  30.6, 49.017, 59.147,  2.902,2000483.1,  1,  21.9,   1.2, 0.100
2025-09-18 10:26:36,        0,  44.5,  46.5,  30.6, 42.279, 50.647,  2.150,2058688.7,  1,  22.0,   1.3, 0.100
2025-09-18 10:26:37,        0,  47.1,  54.3,  30.6, 54.459, 65.977,  3.596,2117372.9,  1,  21.9,   1.2, 0.100
2025-09-18 10:26:38,        0,  46.3,  52.0,  30.7, 42.041, 50.522,  2.127,2170598.0,  1,  21.9,   1.2, 0.100
2025-09-18 10:26:39,        0,  48.8,  59.3,  30.6, 47.694, 57.665,  2.758,2225038.0,  1,  21.9,   1.3, 0.100
2025-09-18 10:26:40,        0,  51.2,  66.5,  30.7, 52.720, 64.124,  3.382,2287393.1,  1,  22.0,   1.2, 0.100
2025-09-18 10:26:41,        0,  51.3,  66.8,  30.7, 47.521, 57.633,  2.741,2361988.5,  1,  22.0,   1.2, 0.100
2025-09-18 10:26:42,        0,  49.3,  61.0,  30.7, 47.782, 58.035,  2.780,2421964.3,  1,  21.9,   1.2, 0.100
2025-09-18 10:26:43,        0,  45.5,  49.6,  30.7, 40.634, 48.982,  2.010,2472607.6,  1,  21.9,   1.2, 0.100
2025-09-18 10:26:44,        0,  47.1,  54.3,  30.7, 47.316, 57.218,  2.716,2527630.8,  1,  22.0,   1.2, 0.100
2025-09-18 10:26:45,        0,  41.8,  38.3,  30.7, 47.606, 57.627,  2.747,2593455.8,  1,  22.0,   1.2, 0.100
2025-09-18 10:26:46,        0,  47.2,  54.5,  30.7, 53.723, 65.273,  3.514,2648575.8,  1,  22.0,   1.2, 0.100
2025-09-18 10:26:47,        0,  45.5,  49.4,  30.7, 38.431, 45.981,  1.791,2698565.0,  1,  21.9,   1.2, 0.100
2025-09-18 10:26:48,        0,  45.5,  49.4,  30.7, 48.636, 58.724,  2.857,2751353.2,  1,  21.9,   1.2, 0.100
2025-09-18 10:26:49,        0,  39.6,  31.8,  30.7, 44.440, 53.525,  2.386,2803166.8,  1,  21.9,   1.2, 0.100
2025-09-18 10:26:50,        0,  42.8,  41.5,  30.7, 45.701, 55.100,  2.519,2861782.1,  1,  22.0,   1.2, 0.100
2025-09-18 10:26:51,        0,  46.9,  53.8,  30.7, 52.089, 63.263,  3.302,2916116.9,  1,  21.9,   1.2, 0.100
2025-09-18 10:26:52,        0,  43.2,  42.5,  30.7, 40.554, 48.793,  2.021,2965545.6,  1,  22.0,   1.2, 0.100
2025-09-18 10:26:53,        0,  46.9,  53.8,  30.7, 41.019, 49.244,  2.026,3014492.2,  1,  22.0,   1.2, 0.100
2025-09-18 10:26:54,        0,  44.4,  46.2,  30.7, 33.767, 40.137,  1.376,3069614.1,  1,  22.0,   1.2, 0.100
2025-09-18 10:26:55,        0,  42.7,  41.2,  30.7, 42.555, 51.134,  2.176,3117558.6,  1,  21.9,   1.2, 0.100
2025-09-18 10:26:56,        0,  37.9,  26.8,  30.7, 35.430, 42.014,  1.489,3158887.2,  1,  22.0,   1.2, 0.100
2025-09-18 10:26:57,        0,  40.6,  34.9,  30.7, 36.684, 43.391,  1.600,3196496.2,  1,  21.9,   1.2, 0.100
2025-09-18 10:26:58,        0,  44.3,  45.9,  30.7, 37.417, 44.162,  1.656,3246635.1,  1,  22.0,   1.2, 0.100
2025-09-18 10:26:59,        0,  42.1,  39.4,  30.7, 33.295, 39.034,  1.312,3289002.4,  1,  21.9,   1.2, 0.100
2025-09-18 10:27:00,        0,  41.8,  38.5,  30.7, 40.765, 48.276,  1.976,3331384.7,  1,  22.0,   1.2, 0.100
2025-09-18 10:27:01,        0,  37.3,  24.9,  30.8, 32.437, 37.934,  1.274,3370128.4,  1,  22.0,   1.2, 0.100
2025-09-18 10:27:02,        0,  42.0,  39.1,  30.7, 32.007, 37.226,  1.193,3404403.4,  1,  22.0,   1.2, 0.100
2025-09-18 10:27:03,        0,  39.7,  32.2,  30.7, 30.951, 35.905,  1.135,3447882.9,  1,  21.9,   1.2, 0.100
2025-09-18 10:27:04,        0,  40.0,  33.1,  30.7, 33.384, 38.796,  1.297,3483363.9,  1,  22.0,   1.2, 0.100
2025-09-18 10:27:05,        0,  40.5,  34.6,  30.7, 33.784, 39.259,  1.333,3517608.6,  1,  22.0,   1.2, 0.100
2025-09-18 10:27:06,        0,  40.2,  33.7,  30.7, 28.245, 32.375,  0.917,3550379.7,  1,  22.0,   1.2, 0.100
2025-09-18 10:27:07,        0,  38.3,  27.8,  30.8, 27.784, 31.712,  0.890,3590389.5,  1,  22.0,   1.2, 0.100
2025-09-18 10:27:08,        0,  37.7,  26.2,  30.8, 24.713, 27.904,  0.692,3618278.2,  1,  22.0,   1.2, 0.100
2025-09-18 10:27:09,        0,  38.5,  28.4,  30.8, 29.010, 33.049,  0.969,3646234.7,  1,  22.0,   1.2, 0.100
2025-09-18 10:27:10,        0,  36.4,  22.2,  30.8, 22.862, 25.513,  0.585,3674192.2,  1,  22.0,   1.3, 0.100
2025-09-18 10:27:11,        0,  36.9,  23.8,  30.8, 22.151, 24.524,  0.555,3703862.8,  1,  22.0,   1.3, 0.100
2025-09-18 10:27:12,        0,  34.9,  17.7,  30.8, 20.312, 22.298,  0.457,3726655.8,  1,  22.0,   1.3, 0.100
2025-09-18 10:27:13,        0,  35.5,  19.4,  30.8, 22.702, 25.083,  0.571,3748626.8,  1,  22.0,   1.3, 0.100
2025-09-18 10:27:14,        0,  34.8,  17.3,  30.8, 22.191, 24.437,  0.543,3772656.1,  1,  22.0,   1.3, 0.100
2025-09-18 10:27:15,        0,  35.3,  18.9,  30.8, 28.029, 31.395,  0.892,3798007.1,  1,  22.0,   1.3, 0.100
2025-09-18 10:27:16,        0,  35.0,  17.9,  30.8, 21.254, 23.274,  0.497,3824695.9,  1,  22.0,   1.3, 0.100
2025-09-18 10:27:17,        0,  33.3,  13.0,  30.8, 15.920, 16.865,  0.269,3842290.0,  1,  22.0,   1.3, 0.100
2025-09-18 10:27:18,        0,  34.5,  16.4,  30.7, 20.845, 22.656,  0.473,3861761.1,  1,  22.0,   1.3, 0.100
2025-09-18 10:27:19,        0,  35.4,  19.3,  30.8, 20.739, 22.522,  0.469,3882061.7,  1,  22.0,   1.3, 0.100
2025-09-18 10:27:20,        0,  35.6,  19.7,  30.8, 17.383, 18.520,  0.328,3906021.8,  1,  22.0,   1.3, 0.100
2025-09-18 10:27:21,        0,  34.3,  16.0,  30.8, 20.415, 22.094,  0.451,3927289.6,  1,  21.9,   1.3, 0.100
2025-09-18 10:27:22,        0,  32.5,  10.6,  30.8, 14.704, 15.332,  0.233,3943626.3,  1,  22.0,   1.3, 0.100
2025-09-18 10:27:23,        0,  32.4,  10.2,  30.8, 17.199, 18.193,  0.314,3958996.7,  1,  22.0,   1.3, 0.100
2025-09-18 10:27:24,        0,  34.7,  17.2,  30.8, 11.984, 12.041,  0.146,3972222.5,  1,  22.0,   1.3, 0.100
2025-09-18 10:27:25,        0,  32.5,  10.6,  30.8, 13.131, 13.379,  0.180,3990468.6,  1,  22.0,   1.3, 0.100
2025-09-18 10:27:26,        0,  32.8,  11.5,  30.8, 13.623, 13.925,  0.190,4003549.4,  1,  22.0,   1.3, 0.100
2025-09-18 10:27:27,        0,  31.3,   7.0,  30.8, 11.482, 11.395,  0.131,4015021.7,  1,  22.0,   1.3, 0.100
2025-09-18 10:27:28,        0,  31.5,   7.5,  30.8,  8.916,  8.431,  0.088,4022455.2,  1,  22.0,   1.3, 0.100
2025-09-18 10:27:29,        0,  31.9,   8.8,  30.8, 13.795, 14.056,  0.195,4036491.6,  1,  22.0,   1.2, 0.100
2025-09-18 10:27:30,        0,  31.6,   7.7,  30.8, 11.416, 11.278,  0.130,4047121.5,  1,  22.0,   1.2, 0.100
2025-09-18 10:27:31,        0,  33.1,  12.3,  30.8,  9.939,  9.543,  0.095,4056508.0,  1,  22.0,   1.2, 0.100
2025-09-18 10:27:32,        0,  31.2,   6.5,  30.8, 10.830, 10.588,  0.118,4067755.6,  1,  22.0,   1.2, 0.100
2025-09-18 10:27:33,        0,  32.4,  10.2,  30.8,  6.183,  5.249,  0.037,4076802.6,  1,  22.0,   1.2, 0.100
2025-09-18 10:27:34,        0,  31.3,   6.8,  30.8,  7.519,  6.756,  0.056,4084578.1,  1,  22.0,   1.2, 0.100
2025-09-18 10:27:35,        0,  32.0,   8.9,  30.8,  9.684,  9.211,  0.089,4093248.4,  1,  22.0,   1.2, 0.100
2025-09-18 10:27:36,        0,  31.7,   8.1,  30.8, 11.746, 11.591,  0.136,4103725.3,  1,  22.0,   1.2, 0.100
2025-09-18 10:27:37,        0,  31.4,   7.3,  30.8,  9.946,  9.508,  0.095,4112850.7,  1,  22.0,   1.2, 0.100
2025-09-18 10:27:38,        0,  31.7,   8.1,  30.8,  5.208,  4.154,  0.026,4120560.8,  1,  22.0,   1.2, 0.100
2025-09-18 10:27:39,        0,  32.1,   9.3,  30.8,  8.396,  7.713,  0.065,4128960.7,  1,  22.0,   1.2, 0.100
2025-09-18 10:27:40,        0,  30.9,   5.6,  30.8,  6.996,  6.164,  0.054,4136038.8,  1,  22.0,   1.2, 0.100
2025-09-18 10:27:41,        0,  29.7,   2.2,  30.8,  7.158,  6.307,  0.046,4142394.4,  1,  22.0,   1.2, 0.100
2025-09-18 10:27:42,        0,  30.9,   5.7,  30.8,  5.891,  4.900,  0.029,4147760.9,  1,  22.0,   1.2, 0.100
2025-09-18 10:27:43,        0,  30.7,   5.2,  30.8,  7.883,  7.127,  0.057,4154641.6,  1,  22.0,   1.2, 0.100
2025-09-18 10:27:44,        0,  31.0,   5.9,  30.8,  6.691,  5.777,  0.040,4160516.9,  1,  22.0,   1.2, 0.100
2025-09-18 10:27:45,        0,  31.4,   7.3,  30.8,  7.951,  7.199,  0.057,4167024.2,  1,  22.0,   1.2, 0.100
2025-09-18 10:27:46,        0,  30.3,   3.9,  30.8,  6.105,  5.115,  0.032,4174219.6,  1,  22.0,   1.2, 0.100
2025-09-18 10:27:47,        0,  30.6,   4.9,  30.8,  6.287,  5.325,  0.034,4179561.0,  1,  22.0,   1.3, 0.100
2025-09-18 10:27:48,        0,  30.4,   4.3,  30.8,  5.074,  3.988,  0.026,4184000.5,  1,  22.0,   1.2, 0.100
2025-09-18 10:27:49,        0,  30.5,   4.6,  30.8,  3.945,  2.752,  0.013,4188265.6,  1,  22.0,   1.2, 0.100
2025-09-18 10:27:50,        0,  30.4,   4.3,  30.8,  3.326,  2.065,  0.009,4192646.4,  1,  22.0,   1.3, 0.100
2025-09-18 10:27:51,        0,  30.3,   3.9,  30.8,  8.395,  7.702,  0.066,4200193.1,  1,  21.9,   1.2, 0.100
2025-09-18 10:27:52,        0,  29.9,   2.8,  30.8,  7.335,  6.489,  0.048,4206288.8,  1,  22.0,   1.3, 0.100
2025-09-18 10:27:53,        0,  28.0,   0.0,  30.8,  7.519,  6.696,  0.051,4211900.1,  1,  22.0,   1.2, 0.100
2025-09-18 10:27:54,        0,  29.4,   1.3,  30.8,  4.993,  3.922,  0.023,4215365.6,  1,  22.0,   1.2, 0.100
2025-09-18 10:27:55,        0,  29.0,   0.0,  30.8,  6.441,  5.502,  0.036,4220291.6,  1,  22.0,   1.3, 0.100
2025-09-18 10:27:56,        0,  30.3,   3.9,  30.7,  5.046,  3.995,  0.026,4223955.7,  1,  22.0,   1.3, 0.100
2025-09-18 10:27:57,        0,  30.3,   3.8,  30.8,  4.777,  3.662,  0.020,4228294.2,  1,  22.0,   1.2, 0.100
2025-09-18 10:27:58,        0,  29.9,   2.8,  30.8,  4.395,  3.238,  0.017,4231422.3,  1,  22.0,   1.3, 0.100
2025-09-18 10:27:59,        0,  29.5,   1.5,  30.8,  3.873,  2.677,  0.013,4234928.1,  1,  22.0,   1.3, 0.100
2025-09-18 10:28:00,        0,  28.5,   0.0,  30.8,  3.435,  2.288,  0.013,4236928.0,  1,  22.0,   1.3, 0.100
2025-09-18 10:28:01,        0,  29.7,   2.0,  30.8,  3.670,  2.503,  0.014,4239796.7,  1,  22.0,   1.3, 0.100
2025-09-18 10:28:02,        0,  30.2,   3.5,  30.8,  5.741,  4.748,  0.027,4243219.9,  1,  22.0,   1.3, 0.100
2025-09-18 10:28:03,        0,  29.8,   2.5,  30.8,  2.479,  1.166,  0.004,4247154.3,  1,  22.0,   1.3, 0.100
2025-09-18 10:28:04,        0,  28.7,   0.0,  30.8,  4.835,  3.754,  0.019,4249232.2,  1,  22.0,   1.3, 0.100
2025-09-18 10:28:05,        0,  29.1,   0.4,  30.8,  3.601,  2.474,  0.015,4251199.9,  1,  22.0,   1.2, 0.100
2025-09-18 10:28:06,        0,  29.9,   2.7,  30.8,  2.689,  1.462,8005.878,4252878.8,  1,  22.0,   1.2, 0.100
2025-09-18 10:28:07,        0,  29.0,   0.0,  30.8,  5.105,  4.059,  0.021,4255281.0,  1,  22.0,   1.2, 0.100
2025-09-18 10:28:08,        0,  30.0,   3.1,  30.8,  5.608,  4.615,  0.026,4258753.6,  1,  22.0,   1.2, 0.100
2025-09-18 10:28:09,        0,  29.7,   2.0,  30.8,  5.438,  4.409,  0.024,4262924.5,  1,  22.0,   1.2, 0.100
2025-09-18 10:28:10,        0,  29.5,   1.5,  30.8,  4.601,  3.511,  0.020,4265993.9,  1,  22.0,   1.2, 0.100
2025-09-18 10:28:11,        0,  29.6,   1.7,  30.8,  5.281,  4.236,  0.023,4269237.7,  1,  22.0,   1.2, 0.100
2025-09-18 10:28:12,        0,  29.7,   2.0,  30.8,  1.377,  0.050,  0.000,4269592.7,  1,  22.0,   1.2, 0.100
2025-09-18 10:28:13,        0,  29.7,   2.2,  30.8,  1.244, -0.011,  0.000,4269584.3,  1,  22.0,   1.2, 0.100
2025-09-18 10:28:14,        0,  29.8,   2.5,  30.8,  1.215, -0.013,  0.000,4269571.7,  1,  22.0,   1.2, 0.100
2025-09-18 10:28:15,        0,  29.8,   2.3,  30.7,  3.574,  2.522,  0.015,4271367.1,  1,  22.0,   1.2, 0.100
2025-09-18 10:28:16,        0,  30.0,   3.1,  30.7,  3.428,  2.306,  0.013,4273411.9,  1,  22.0,   1.2, 0.100
2025-09-18 10:28:17,        0,  29.6,   1.8,  30.8,  5.693,  4.727,  0.027,4277448.6,  1,  22.0,   1.2, 0.100
2025-09-18 10:28:18,        0,  30.0,   3.1,  30.8,  2.201,  0.969,  0.006,4278299.0,  1,  22.0,   1.2, 0.100
2025-09-18 10:28:19,        0,  29.7,   2.0,  30.8,  4.119,  2.974,  0.014,4281158.5,  1,  22.0,   1.2, 0.100
2025-09-18 10:28:20,        0,  29.8,   2.5,  30.8,  1.271, -0.006,  0.000,4281181.5,  1,  22.0,   1.2, 0.100
2025-09-18 10:28:21,        0,  29.7,   2.0,  30.8,  1.228, -0.011,  0.000,4281171.0,  1,  22.0,   1.2, 0.100
2025-09-18 10:28:22,        0,  29.9,   2.8,  30.8,  1.197, -0.012,  0.000,4281158.9,  1,  22.0,   1.1, 0.100
2025-09-18 10:28:23,        0,  29.8,   2.5,  30.8,  4.490,  3.408,  0.018,4284086.3,  1,  22.0,   1.2, 0.100
2025-09-18 10:28:24,        0,  29.8,   2.3,  30.7,  4.410,  3.352,  0.019,4286540.9,  1,  22.0,   1.1, 0.100
2025-09-18 10:28:25,        0,  29.9,   2.6,  30.8,  1.337,  0.027,  0.000,4287374.1,  1,  22.0,   1.2, 0.100
2025-09-18 10:28:26,        0,  29.7,   2.0,  30.7,  1.250, -0.010,  0.000,4287364.4,  1,  22.0,   1.2, 0.100
2025-09-18 10:28:27,        0,  29.9,   2.7,  30.7,  1.213, -0.011,  0.000,4287353.5,  1,  22.0,   1.2, 0.100
2025-09-18 10:28:28,        0,  29.8,   2.5,  30.8,  4.036,  3.009,  0.017,4289111.2,  1,  22.0,   1.2, 0.100
2025-09-18 10:28:29,        0,  29.8,   2.5,  30.8,  1.313,  0.019,  0.000,4290170.3,  1,  22.0,   1.1, 0.100
2025-09-18 10:28:30,        0,  29.7,   2.2,  30.8,  1.227, -0.010,  0.000,4290627.5,  1,  22.0,   1.2, 0.100
2025-09-18 10:28:31,        0,  29.9,   2.6,  30.8,  1.537,  0.228,  0.000,4291210.0,  1,  22.0,   1.1, 0.100
2025-09-18 10:28:32,        0,  30.0,   3.0,  30.7,  5.399,  4.424,  0.024,4293779.5,  1,  22.0,   1.2, 0.100
2025-09-18 10:28:33,        0,  29.8,   2.5,  30.8,  2.504,  1.226,  0.004,4296053.1,  1,  22.0,   1.1, 0.100
2025-09-18 10:28:34,        0,  29.8,   2.5,  30.8,  3.071,  1.913,  0.010,4296894.7,  1,  22.0,   1.2, 0.100
2025-09-18 10:28:35,        0,  29.8,   2.3,  30.7,  1.296,  0.016,  0.000,4296981.8,  1,  22.0,   1.2, 0.100
2025-09-18 10:28:36,        0,  29.6,   1.8,  30.7,  3.052,  1.943,  0.011,4298689.6,  1,  22.0,   1.2, 0.100
2025-09-18 10:28:37,        0,  29.9,   2.8,  30.8,  1.324,  0.033,  0.000,4299171.6,  1,  22.0,   1.2, 0.100
2025-09-18 10:28:38,        0,  29.4,   1.2,  30.7,  3.683,  2.533,  0.012,4301482.1,  1,  22.0,   1.2, 0.100
2025-09-18 10:28:39,        0,  29.7,   2.0,  30.7,  1.265, -0.005,  0.000,4301496.3,  1,  22.0,   1.2, 0.100
2025-09-18 10:28:40,        0,  29.5,   1.4,  30.7,  1.218, -0.012,  0.000,4301485.4,  1,  22.0,   1.1, 0.100
2025-09-18 10:28:41,        0,  29.6,   1.7,  30.7,  1.183, -0.012,  0.000,4301474.5,  1,  22.0,   1.1, 0.100
2025-09-18 10:28:42,        0,  29.6,   1.8,  30.7,  1.139, -0.012,  0.000,4301459.9,  1,  22.0,   1.2, 0.100
2025-09-18 10:28:43,        0,  29.7,   2.0,  30.7,  1.110, -0.011,  0.000,4301449.0,  1,  22.0,   1.1, 0.100
2025-09-18 10:28:44,        0,  29.8,   2.3,  30.7,  1.066, -0.011,  0.000,4301438.5,  1,  22.0,   1.1, 0.100
2025-09-18 10:28:45,        0,  29.8,   2.5,  30.8,  4.934,  3.988,  0.022,4303859.6,  1,  22.0,   1.2, 0.100
2025-09-18 10:28:46,        0,  29.8,   2.5,  30.8,  1.434,  0.128,  0.000,4304032.7,  1,  22.0,   1.1, 0.100
2025-09-18 10:28:47,        0,  29.9,   2.8,  30.8,  3.934,  2.894,  0.016,4306557.3,  1,  22.0,   1.1, 0.100
2025-09-18 10:28:48,        0,  29.4,   1.2,  30.7,  1.551,  0.237,  0.000,4308363.6,  1,  22.0,   1.2, 0.100
2025-09-18 10:28:49,        0,  29.0,   0.1,  30.7,  1.245, -0.006,  0.000,4308364.0,  1,  22.0,   1.2, 0.100
2025-09-18 10:28:50,        0,  29.6,   1.7,  30.7,  1.195, -0.011,  0.000,4308354.0,  1,  22.0,   1.2, 0.100
2025-09-18 10:28:51,        0,  29.6,   1.8,  30.7,  1.150, -0.013,  0.000,4308338.5,  1,  22.0,   1.2, 0.100
2025-09-18 10:28:52,        0,  29.7,   2.0,  30.7,  1.125, -0.013,  0.000,4308326.7,  1,  22.0,   1.2, 0.100
2025-09-18 10:28:53,        0,  29.7,   2.2,  30.7,  1.082, -0.011,  0.000,4308315.4,  1,  22.0,   1.2, 0.100
2025-09-18 10:28:54,        0,  29.8,   2.3,  30.7,  1.053, -0.011,  0.000,4308305.4,  1,  22.0,   1.2, 0.100
2025-09-18 10:28:55,        0,  29.8,   2.3,  30.7,  1.023, -0.011,  0.000,4308294.9,  1,  22.0,   1.2, 0.100
2025-09-18 10:28:56,        0,  29.8,   2.3,  30.7,  0.990, -0.012,  0.000,4308281.5,  1,  22.0,   1.2, 0.100
2025-09-18 10:28:57,        0,  29.9,   2.8,  30.7,  0.975, -0.012,  0.000,4308268.9,  1,  22.0,   1.2, 0.100
2025-09-18 10:28:58,        0,  29.9,   2.6,  30.8,  5.321,  4.376,  0.023,4311941.4,  1,  22.0,   1.2, 0.100
2025-09-18 10:28:59,        0,  29.8,   2.5,  30.8,  4.370,  3.307,  0.016,4314825.6,  1,  22.0,   1.3, 0.100
2025-09-18 10:29:00,        0,  29.7,   2.0,  30.7,  1.249, -0.005,  0.000,4314849.5,  1,  22.1,   1.2, 0.100
2025-09-18 10:29:01,        0,  29.6,   1.7,  30.8,  1.200, -0.011,  0.000,4314839.5,  1,  22.0,   1.3, 0.100
2025-09-18 10:29:02,        0,  29.5,   1.5,  30.7,  1.165, -0.012,  0.000,4314827.7,  1,  22.0,   1.3, 0.100
2025-09-18 10:29:03,        0,  29.5,   1.5,  30.8,  1.118, -0.011,  0.000,4314816.8,  1,  22.1,   1.3, 0.100
2025-09-18 10:29:04,        0,  29.6,   1.7,  30.7,  1.072, -0.011,  0.000,4314804.3,  1,  22.1,   1.3, 0.100
2025-09-18 10:29:05,        0,  29.6,   1.7,  30.7,  1.040, -0.010,  0.000,4314794.6,  1,  22.0,   1.3, 0.100
2025-09-18 10:29:06,        0,  29.6,   1.8,  30.7,  1.007, -0.010,  0.000,4314785.4,  1,  22.0,   1.3, 0.100
2025-09-18 10:29:07,        0,  29.7,   2.0,  30.7,  0.969, -0.012,  0.000,4314774.5,  1,  22.1,   1.3, 0.100
2025-09-18 10:29:08,        0,  29.6,   1.8,  30.7,  0.952, -0.012,  0.000,4314763.2,  1,  22.0,   1.3, 0.100
2025-09-18 10:29:09,        0,  29.7,   2.2,  30.7,  0.936, -0.013,  0.000,4314748.1,  1,  22.1,   1.3, 0.100
2025-09-18 10:29:10,        0,  29.7,   2.2,  30.7,  0.928, -0.013,  0.000,4314735.5,  1,  22.1,   1.3, 0.100
2025-09-18 10:29:11,        0,  29.8,   2.3,  30.7,  0.923, -0.014,  0.000,4314722.5,  1,  22.1,   1.3, 0.100
2025-09-18 10:29:12,        0,  29.8,   2.3,  30.7,  0.916, -0.013,  0.000,4314709.5,  1,  22.0,   1.3, 0.100
2025-09-18 10:29:13,        0,  29.8,   2.3,  30.7,  0.912, -0.014,  0.000,4314694.0,  1,  22.1,   1.2, 0.100
2025-09-18 10:29:14,        0,  29.7,   2.2,  30.7,  0.907, -0.013,  0.000,4314681.0,  1,  22.1,   1.2, 0.100
2025-09-18 10:29:15,        0,  29.8,   2.5,  30.7,  0.903, -0.014,  0.000,4314668.1,  1,  22.1,   1.2, 0.100
2025-09-18 10:29:16,        0,  29.8,   2.3,  30.7,  0.900, -0.014,  0.000,4314655.5,  1,  22.1,   1.2, 0.100
2025-09-18 10:29:17,        0,  29.8,   2.3,  30.7,  0.894, -0.013,  0.000,4314642.5,  1,  22.1,   1.3, 0.100
2025-09-18 10:29:18,        0,  29.8,   2.3,  30.7,  2.940,  1.938,  0.009,4315521.3,  1,  22.1,   1.2, 0.100
2025-09-18 10:29:19,        0,  29.8,   2.3,  30.7,  1.137, -0.006,  0.000,4315522.2,  1,  22.1,   1.2, 0.100
2025-09-18 10:29:20,        0,  29.9,   2.7,  30.7,  1.087, -0.009,  0.000,4315513.8,  1,  22.1,   1.2, 0.100
2025-09-18 10:29:21,        0,  29.9,   2.7,  30.7,  3.314,  2.309,  0.012,4316563.2,  1,  22.1,   1.2, 0.100
2025-09-18 10:29:22,        0,  29.7,   2.0,  30.7,  3.784,  2.770,  0.015,4317768.9,  1,  22.1,   1.2, 0.100
2025-09-18 10:29:23,        0,  29.7,   2.1,  30.7,  1.142, -0.006,  0.000,4317772.7,  1,  22.0,   1.2, 0.100
2025-09-18 10:29:24,        0,  29.8,   2.5,  30.7,  1.094, -0.010,  0.000,4317763.9,  1,  22.1,   1.2, 0.100
2025-09-18 10:29:25,        0,  29.7,   2.0,  30.7,  1.057, -0.011,  0.000,4317753.9,  1,  22.1,   1.2, 0.100
2025-09-18 10:29:26,        0,  29.7,   2.1,  30.7,  1.007, -0.009,  0.000,4317745.1,  1,  22.1,   1.2, 0.100
2025-09-18 10:29:27,        0,  29.7,   2.2,  30.7,  0.969, -0.008,  0.000,4317735.8,  1,  22.0,   1.2, 0.100
2025-09-18 10:29:28,        0,  29.9,   2.6,  30.7,  0.918, -0.009,  0.000,4317727.0,  1,  22.1,   1.2, 0.100
2025-09-18 10:29:29,        0,  29.7,   2.1,  30.7,  0.895, -0.010,  0.000,4317717.4,  1,  22.1,   1.2, 0.100
2025-09-18 10:29:30,        0,  29.8,   2.5,  30.7,  0.878, -0.011,  0.000,4317706.5,  1,  22.1,   1.2, 0.100
2025-09-18 10:29:31,        0,  29.8,   2.5,  30.7,  0.862, -0.012,  0.000,4317692.7,  1,  22.0,   1.2, 0.100
2025-09-18 10:29:32,        0,  29.8,   2.5,  30.7,  0.855, -0.012,  0.000,4317681.4,  1,  22.0,   1.2, 0.100
2025-09-18 10:29:33,        0,  29.8,   2.3,  30.7,  0.846, -0.012,  0.000,4317669.2,  1,  22.1,   1.1, 0.100
2025-09-18 10:29:34,        0,  29.8,   2.5,  30.7,  0.842, -0.012,  0.000,4317657.5,  1,  22.1,   1.2, 0.100
2025-09-18 10:29:35,        0,  29.8,   2.3,  30.7,  0.838, -0.013,  0.000,4317645.7,  1,  22.1,   1.2, 0.100
2025-09-18 10:29:36,        0,  29.8,   2.5,  30.7,  0.833, -0.012,  0.000,4317630.6,  1,  22.1,   1.2, 0.100
2025-09-18 10:29:37,        0,  29.9,   2.7,  30.7,  0.830, -0.012,  0.000,4317619.3,  1,  22.1,   1.2, 0.100
2025-09-18 10:29:38,        0,  29.9,   2.8,  30.7,  0.826, -0.012,  0.000,4318004.5,  1,  22.0,   1.1, 0.100
2025-09-18 10:29:39,        0,  29.9,   2.7,  30.7,  5.188,  4.377,  0.023,4322198.4,  1,  22.1,   1.1, 0.100
2025-09-18 10:29:40,        0,  29.8,   2.3,  30.7,  1.504,  0.320,  0.001,4324392.7,  1,  22.0,   1.1, 0.100
2025-09-18 10:29:41,        0,  29.2,   0.7,  30.7,  1.119, -0.002,  0.000,4324392.3,  1,  22.1,   1.1, 0.100
2025-09-18 10:29:42,        0,  29.6,   1.7,  30.7,  1.047, -0.009,  0.000,4324383.9,  1,  22.1,   1.1, 0.100
2025-09-18 10:29:43,        0,  29.7,   2.0,  30.7,  1.015, -0.009,  0.000,4324374.7,  1,  22.1,   1.1, 0.100
2025-09-18 10:29:44,        0,  29.5,   1.5,  30.7,  0.988, -0.011,  0.000,4324364.2,  1,  22.1,   1.2, 0.100
2025-09-18 10:29:45,        0,  29.5,   1.5,  30.7,  0.947, -0.009,  0.000,4324353.3,  1,  22.1,   1.1, 0.100
2025-09-18 10:29:46,        0,  29.5,   1.5,  30.7,  0.914, -0.008,  0.000,4324345.4,  1,  22.1,   1.1, 0.100
2025-09-18 10:29:47,        0,  29.5,   1.5,  30.7,  0.865, -0.008,  0.000,4324338.3,  1,  22.1,   1.1, 0.100
2025-09-18 10:29:48,        0,  29.5,   1.5,  30.7,  0.838, -0.009,  0.000,4324330.3,  1,  22.1,   1.1, 0.100
2025-09-18 10:29:49,        0,  29.5,   1.4,  30.7,  0.811, -0.010,  0.000,4324319.0,  1,  22.1,   1.1, 0.100
2025-09-18 10:29:50,        0,  29.5,   1.4,  30.7,  0.798, -0.011,  0.000,4324308.9,  1,  22.1,   1.1, 0.100
2025-09-18 10:29:51,        0,  29.6,   1.7,  30.7,  0.790, -0.011,  0.000,4324298.9,  1,  22.1,   1.1, 0.100
2025-09-18 10:29:52,        0,  29.6,   1.8,  30.7,  0.780, -0.011,  0.000,4324288.4,  1,  22.1,   1.1, 0.100
2025-09-18 10:29:53,        0,  29.5,   1.4,  30.7,  0.775, -0.011,  0.000,4324275.4,  1,  22.1,   1.0, 0.100
2025-09-18 10:29:54,        0,  29.6,   1.7,  30.7,  0.770, -0.011,  0.000,4324264.5,  1,  22.1,   1.1, 0.100
2025-09-18 10:29:55,        0,  29.6,   1.8,  30.7,  0.766, -0.012,  0.000,4324254.0,  1,  22.1,   1.1, 0.100
2025-09-18 10:29:56,        0,  29.5,   1.5,  30.7,106745.037, -0.011,  0.000,4324243.1,  1,  22.1,   1.1, 0.100
2025-09-18 10:29:57,        0,  29.6,   1.8,  30.7,  0.759, -0.012,  0.000,4324229.7,  1,  22.1,   1.0, 0.100
2165-165-165 45:165:85,        0,  29.6,   1.7,  30.7,  0.757, -0.011,  0.000,4324218.8,  1,  22.1,   1.0, 0.100
2025-09-18 10:29:59,        0,  29.6,   1.7,  30.7,  0.754, -0.012,  0.000,4324207.9,  1,  22.1,   1.0, 0.100
2025-09-18 10:30:00,        0,  29.6,   1.8,  30.7,  0.752, -0.011,  0.000,4324197.4,  1,  22.0,   1.0, 0.100
2025-09-18 10:30:01,        0,  29.6,   1.7,  30.7,  0.749, -0.011,  0.000,4324184.0,  1,  22.1,   1.0, 0.100
2025-09-18 10:30:02,        0,  29.6,   1.7,  30.7,  0.748, -0.012,  0.000,4324173.1,  1,  22.1,   1.0, 0.100
2025-09-18 10:30:03,        0,  29.6,   1.7,  30.7,  0.746, -0.011,  0.000,4324161.8,  1,  22.1,   1.0, 0.100
2025-09-18 10:30:04,        0,  29.5,   1.5,  30.7,  0.744, -0.011,  0.000,4324151.3,  1,  22.0,   1.0, 0.100
2025-09-18 10:30:05,        0,  29.6,   1.8,  30.7,  0.741, -0.012,  0.000,4324138.4,  1,  22.1,   1.0, 0.100
2025-09-18 10:30:06,        0,  29.6,   1.8,  30.7,  0.740, -0.011,  0.000,4324128.3,  1,  22.1,   1.0, 0.100
2025-09-18 10:30:07,        0,  29.7,   2.0,  30.7,  0.738, -0.011,  0.000,4324117.0,  1,  22.0,   1.0, 0.100
2025-09-18 10:30:08,        0,  29.6,   1.8,  30.7,  0.736, -0.012,  0.000,4324106.1,  1,  22.0,   1.0, 0.100
2025-09-18 10:30:09,        0,  29.6,   1.8,  30.7,  0.734, -0.011,  0.000,4324093.9,  1,  22.1,   1.0, 0.100
2025-09-18 10:30:10,        0,  29.7,   2.0,  30.7,  0.731, -0.000,  0.000,4324083.0,  1,  22.1,   1.0, 0.100
2025-09-18 10:30:11,        0,  29.7,   2.0,  30.7,  0.729, -0.011,  0.000,4324072.6,  1,  22.1,   1.1, 0.100
2025-09-18 10:30:12,        0,  29.7,   2.0,  30.7,  0.728, -0.011,  0.000,4324061.2,  1,  22.1,   1.0, 0.100
2025-09-18 10:30:13,        0,  29.7,   2.0,  30.7,  0.725, -0.011,  0.000,4324048.7,  1,  22.1,   1.0, 0.100
2025-09-18 10:30:14,        0,  29.6,   1.8,  30.7,  0.723, -0.011,  0.000,4324038.6,  1,  22.0,   1.0, 0.100
2025-09-18 10:30:15,        0,  29.7,   2.0,  30.7,  0.722, -0.011,  0.000,4324027.7,  1,  22.1,   1.1, 0.100
2025-09-18 10:30:16,        0,  29.7,   2.0,  30.7,  0.720, -0.011,  0.000,4324017.2,  1,  22.1,   1.1, 0.100
2025-09-18 10:30:17,        0,  29.7,   2.0,  30.7,  0.719, -0.011,  0.000,4324006.8,  1,  22.1,   1.1, 0.100
2025-09-18 10:30:18,        0,  29.7,   2.0,  30.7,  0.717, -0.011,  0.000,4323993.8,  1,  22.1,   1.1, 0.100
2025-09-18 10:30:19,        0,  29.7,   2.0,  30.7,  0.716, -0.011,  0.000,4323983.3,  1,  22.1,   1.1, 0.100
2025-09-18 10:30:20,        0,  29.7,   2.1,  30.7,  0.715, -0.011,  0.000,4323972.4,  1,  22.1,   1.1, 0.100
2025-09-18 10:30:21,        0,  29.7,   2.0,  30.7,  0.714, -0.011,  0.000,4323961.1,  1,  22.1,   1.1, 0.100
2025-09-18 10:30:22,        0,  29.7,   2.2,  30.7,  0.712, -0.011,  0.000,4323948.5,  1,  22.1,   1.1, 0.100
2025-09-18 10:30:23,        0,  29.7,   2.1,  30.7,  0.711, -0.011,  0.000,4323938.0,  1,  22.0,   1.2, 0.100
2025-09-18 10:30:24,        0,  29.7,   2.1,  30.7,  0.710, -0.011,  0.000,4323927.5,  1,  22.0,   1.2, 0.100
2025-09-18 10:30:25,        0,  29.7,   2.0,  30.7,  0.709, -0.011,  0.000,4323917.1,  1,  22.0,   1.2, 0.100
2025-09-18 10:30:26,        0,  29.7,   2.0,  30.7,  0.708, -0.011,  0.000,4323906.6,  1,  22.0,   1.2, 0.100
2025-09-18 10:30:27,        0,  29.7,   2.0,  30.7,  0.707, -0.011,  0.000,4323894.0,  1,  22.0,   1.2, 0.100
2025-09-18 10:30:28,        0,  29.7,   2.0,  30.7,  0.706, -0.011,  0.000,4323883.5,  1,  22.0,   1.2, 0.100
2025-09-18 10:30:29,        0,  29.7,   2.0,  30.7,  0.705, -0.011,  0.000,4323872.6,  1,  22.0,   1.2, 0.100
2025-09-18 10:30:30,        0,  29.7,   2.2,  30.7,  0.703, -0.011,  0.000,4323862.2,  1,  22.0,   1.2, 0.100
2025-09-18 10:30:31,        0,  29.7,   2.2,  30.7,  0.703, -0.011,  0.000,4323849.2,  1,  22.0,   1.2, 0.100
2025-09-18 10:30:32,        0,  29.7,   2.2,  30.7,  0.701, -0.011,  0.000,4323839.1,  1,  22.1,   1.1, 0.100
2025-09-18 10:30:33,        0,  29.7,   2.2,  30.7,  0.701, -0.011,  0.000,4323828.6,  1,  22.0,   1.2, 0.100
2025-09-18 10:30:34,        0,  29.8,   2.3,  30.7,  0.700, -0.011,  0.000,4323818.2,  1,  22.0,   1.1, 0.100
2025-09-18 10:30:35,        0,  29.8,   2.5,  30.7,  0.699, -0.011,  0.000,4323807.7,  1,  22.1,   1.2, 0.100
2025-09-18 10:30:36,        0,  29.7,   2.2,  30.7,  0.698, -0.011,  0.000,4323795.1,  1,  22.0,   1.2, 0.100
2025-09-18 10:30:37,        0,  29.7,   2.1,  30.7,  0.697, -0.011,  0.000,4323784.6,  1,  22.0,   1.2, 0.100
2025-09-18 10:30:38,        0,  29.7,   2.1,  30.7,  0.697, -0.011,  0.000,4323775.0,  1,  22.0,   1.2, 0.100
2025-09-18 10:30:39,        0,  29.8,   2.3,  30.7,  0.696, -0.011,  0.000,4323764.9,  1,  22.0,   1.1, 0.100
2025-09-18 10:30:40,        0,  29.7,   2.2,  30.7,  0.694, -0.010,  0.000,4323751.9,  1,  22.0,   1.2, 0.100
2025-09-18 10:30:41,        0,  29.8,   2.3,  30.7,  0.694, -0.011,  0.000,4323741.9,  1,  22.1,   1.1, 0.100
2025-09-18 10:30:42,        0,  29.8,   2.3,  30.7,  0.694, -0.011,  0.000,4323731.0,  1,  22.1,   1.1, 0.100
2025-09-18 10:30:43,        0,  29.8,   2.3,  30.7,  0.693, -0.011,  0.000,4323720.9,  1,  22.0,   1.2, 0.100
2025-09-18 10:30:44,        0,  29.8,   2.5,  30.7,  0.693, -0.011,  0.000,4323708.4,  1,  22.0,   1.1, 0.100
2025-09-18 10:30:45,        0,  29.8,   2.5,  30.7,  0.692, -0.011,  0.000,4323697.9,  1,  22.0,   1.1, 0.100
2025-09-18 10:30:46,        0,  29.8,   2.5,  30.7,  0.691, -0.010,  0.000,4323687.8,  1,  22.0,   1.1, 0.100
2025-09-18 10:30:47,        0,  29.8,   2.5,  30.7,  0.690, -0.011,  0.000,4323677.3,  1,  22.0,   1.1, 0.100
2025-09-18 10:30:48,        0,  29.8,   2.5,  30.7,  0.690, -0.011,  0.000,4323667.7,  1,  22.0,   1.2, 0.100
2025-09-18 10:30:49,        0,  29.8,   2.5,  30.7,  0.690, -0.011,  0.000,4323654.7,  1,  22.0,   1.1, 0.100
2025-09-18 10:30:50,        0,  29.8,   2.5,  30.7,  0.690, -0.011,  0.000,4323644.2,  1,  22.0,   1.2, 0.100
2025-09-18 10:30:51,        0,  29.8,   2.5,  30.7,  0.688, -0.011,  0.000,4323633.8,  1,  22.1,   1.2, 0.100
2025-09-18 10:30:52,        0,  29.8,   2.5,  30.7,  0.688, -0.010,  0.000,4323623.7,  1,  22.0,   1.2, 0.100
2025-09-18 10:30:53,        0,  29.8,   2.3,  30.7,  0.687, -0.011,  0.000,4323611.1,  1,  22.1,   1.2, 0.100
2025-09-18 10:30:54,        0,  29.8,   2.3,  30.7,  0.686, -0.011,  0.000,4323600.7,  1,  22.1,   1.2, 0.100
2025-09-18 10:30:55,        0,  29.8,   2.5,  30.7,  0.686, -0.011,  0.000,4323590.6,  1,  22.0,   1.1, 0.100
2025-09-18 10:30:56,        0,  29.8,   2.5,  30.7,  0.685, -0.011,  0.000,4323580.5,  1,  22.1,   1.2, 0.100
2025-09-18 10:30:57,        0,  29.8,   2.5,  30.7,  0.685, -0.010,  0.000,4323568.4,  1,  22.1,   1.2, 0.100
2025-09-18 10:30:58,        0,  29.9,   2.7,  30.7,  0.684, -0.011,  0.000,4323558.3,  1,  22.1,   1.2, 0.100
2025-09-18 10:30:59,        0,  29.8,   2.5,  30.7,  4.952,  4.225,  0.021,4327660.8,  1,  22.1,   1.2, 0.100
2025-09-18 10:31:00,        0,  29.3,   0.9,  30.7,  1.247,  0.188,  0.000,4328952.5,  1,  22.1,   1.2, 0.100
2025-09-18 10:31:01,        0,  29.5,   1.5,  30.7,  0.992, -0.003,  0.000,4328951.7,  1,  22.1,   1.2, 0.100
2025-09-18 10:31:02,        0,  29.6,   1.7,  30.7,  0.929, -0.008,  0.000,4328943.3,  1,  22.0,   1.2, 0.100
2025-09-18 10:31:03,        0,  29.5,   1.5,  30.7,  0.898, -0.009,  0.000,4328934.5,  1,  22.0,   1.2, 0.100
2025-09-18 10:31:04,        0,  29.6,   1.7,  30.7,  0.857, -0.009,  0.000,4328926.5,  1,  22.0,   1.2, 0.100
2025-09-18 10:31:05,        0,  29.5,   1.5,  30.7,  0.831, -0.008,  0.000,4328918.6,  1,  22.1,   1.2, 0.100
2025-09-18 10:31:06,        0,  29.5,   1.5,  30.7,  0.789, -0.007,  0.000,4328910.2,  1,  22.0,   1.2, 0.100
2025-09-18 10:31:07,        0,  29.5,   1.5,  30.7,  0.761, -0.007,  0.000,4328903.0,  1,  22.0,   1.2, 0.100
2025-09-18 10:31:08,        0,  29.5,   1.5,  30.7,  0.736, -0.008,  0.000,4328895.1,  1,  22.1,   1.2, 0.100
2025-09-18 10:31:09,        0,  29.5,   1.5,  30.7,  0.714, -0.009,  0.000,4328887.1,  1,  22.0,   1.1, 0.100
2025-09-18 10:31:10,        0,  29.5,   1.5,  30.7,  0.705, -0.009,  0.000,4328877.9,  1,  22.1,   1.2, 0.100
2025-09-18 10:31:11,        0,  29.6,   1.7,  30.7,  0.696, -0.010,  0.000,4328866.2,  1,  22.0,   1.2, 0.100
2025-09-18 10:31:12,        0,  29.6,   1.7,  30.7,  0.692, -0.010,  0.000,4328856.1,  1,  22.1,   1.2, 0.100
2025-09-18 10:31:13,        0,  29.6,   1.7,  30.7,  0.689, -0.010,  0.000,4328846.5,  1,  22.0,   1.1, 0.100
2025-09-18 10:31:14,        0,  29.6,   1.7,  30.7,  0.687, -0.010,  0.000,4328836.4,  1,  22.1,   1.1, 0.100
2025-09-18 10:31:15,        0,  29.5,   1.5,  30.7,  0.685, -0.010,  0.000,4328823.4,  1,  22.0,   1.1, 0.100
2025-09-18 10:31:16,        0,  29.6,   1.7,  30.7,  0.684, -0.010,  0.000,4328814.2,  1,  22.0,   1.2, 0.100
2025-09-18 10:31:17,        0,  29.6,   1.7,  30.7,  0.682, -0.011,  0.000,4328804.1,  1,  22.1,   1.2, 0.100
2025-09-18 10:31:18,        0,  29.6,   1.7,  30.7,  0.682, -0.010,  0.000,4328793.7,  1,  22.1,   1.2, 0.100
2025-09-18 10:31:19,        0,  29.6,   1.7,  30.7,  0.680, -0.011,  0.000,4328783.6,  1,  22.1,   1.2, 0.100
2025-09-18 10:31:20,        0,  29.6,   1.7,  30.7,  0.680, -0.010,  0.000,4328771.4,  1,  22.1,   1.1, 0.100
2025-09-18 10:31:21,        0,  29.6,   1.7,  30.7,  0.679, -0.011,  0.000,4328761.0,  1,  22.0,   1.1, 0.100
2025-09-18 10:31:22,        0,  29.5,   1.5,  30.7,  0.678, -0.010,  0.000,4328750.9,  1,  22.1,   1.1, 0.100
2025-09-18 10:31:23,        0,  29.6,   1.7,  30.7,  0.678, -0.010,  0.000,4328741.3,  1,  22.0,   1.1, 0.100
2025-09-18 10:31:24,        0,  29.5,   1.5,  30.7,  0.677, -0.010,  0.000,4328729.1,  1,  22.0,   1.1, 0.100
2025-09-18 10:31:25,        0,  29.6,   1.7,  30.7,  0.676, -0.011,  0.000,4328719.1,  1,  22.0,   1.2, 0.100
2025-09-18 10:31:26,        0,  29.6,   1.7,  30.7,  0.675, -0.010,  0.000,4328709.0,  1,  22.0,   1.2, 0.100
2025-09-18 10:31:27,        0,  29.6,   1.7,  30.7,  0.675, -0.010,  0.000,4328698.9,  1,  22.1,   1.1, 0.100
2025-09-18 10:31:28,        0,  29.6,   1.7,  30.7,  0.674, -0.011,  0.000,4328689.3,  1,  22.0,   1.2, 0.100
2025-09-18 10:31:29,        0,  29.6,   1.7,  30.7,  0.674, -0.010,  0.000,4328676.7,  1,  22.1,   1.1, 0.100
2025-09-18 10:31:30,        0,  29.6,   1.7,  30.7,  0.673, -0.011,  0.000,4328666.7,  1,  22.0,   1.2, 0.100
2025-09-18 10:31:31,        0,  29.6,   1.7,  30.7,  0.672, -0.011,  0.000,4328656.6,  1,  22.1,   1.2, 0.100
2025-09-18 10:31:32,        0,  29.5,   1.5,  30.7,  0.672, -0.011,  0.000,4328646.6,  1,  22.1,   1.2, 0.100
2025-09-18 10:31:33,        0,  29.6,   1.7,  30.7,  0.671, -0.011,  0.000,4328634.4,  1,  22.0,   1.2, 0.100
2025-09-18 10:31:34,        0,  29.6,   1.7,  30.7,  0.671, -0.010,  0.000,4328624.3,  1,  22.0,   1.2, 0.100
2025-09-18 10:31:35,        0,  29.6,   1.8,  30.7,  0.670, -0.010,  0.000,4328614.3,  1,  22.0,   1.2, 0.100
2025-09-18 10:31:36,        0,  29.6,   1.7,  30.7,  0.670, -0.011,  0.000,4328604.2,  1,  22.1,   1.2, 0.100
2025-09-18 10:31:37,        0,  29.6,   1.7,  30.7,  0.669, -0.011,  0.000,4328594.2,  1,  22.0,   1.2, 0.100
2025-09-18 10:31:38,        0,  29.6,   1.8,  30.7,  0.669, -0.011,  0.000,4328582.4,  1,  22.0,   1.2, 0.100
2025-09-18 10:31:39,        0,  29.6,   1.7,  30.7,  0.668, -0.010,  0.000,4328572.4,  1,  22.0,   1.2, 0.100
2025-09-18 10:31:40,        0,  29.6,   1.7,  30.7,  0.668, -0.011,  0.000,4328562.3,  1,  22.0,   1.2, 0.100
2025-09-18 10:31:41,        0,  29.6,   1.8,  30.7,  0.668, -0.011,  0.000,4328552.7,  1,  22.0,   1.2, 0.100
2025-09-18 10:31:42,        0,  29.6,   1.7,  30.7,  0.668, -0.011,  0.000,4328540.5,  1,  22.0,   1.2, 0.100
2025-09-18 10:31:43,        0,  29.6,   1.8,  30.7,  0.667, -0.010,  0.000,4328530.5,  1,  22.0,   1.2, 0.100
2025-09-18 10:31:44,        0,  29.6,   1.7,  30.7,  0.666, -0.010,  0.000,4328520.4,  1,  22.0,   1.2, 0.100
2025-09-18 10:31:45,        0,  29.6,   1.7,  30.7,  0.666, -0.010,  0.000,4328511.2,  1,  22.0,   1.2, 0.100
2025-09-18 10:31:46,        0,  29.6,   1.7,  30.7,  0.665, -0.010,  0.000,4328499.0,  1,  22.1,   1.3, 0.100
2025-09-18 10:31:47,        0,  29.6,   1.8,  30.7,  0.664, -0.010,  0.000,4328489.0,  1,  22.0,   1.3, 0.100
2025-09-18 10:31:48,        0,  29.6,   1.7,  30.7,  0.664, -0.010,  0.000,4328479.3,  1,  22.1,   1.3, 0.100
2025-09-18 10:31:49,        0,  29.6,   1.7,  30.7,  0.664, -0.010,  0.000,4328469.3,  1,  22.1,   1.3, 0.100
2025-09-18 10:31:50,        0,  29.6,   1.8,  30.7,  0.663, -0.010,  0.000,4328457.5,  1,  22.1,   1.3, 0.100
2025-09-18 10:31:51,        0,  29.6,   1.8,  30.7,  0.663, -0.010,  0.000,4328447.5,  1,  22.1,   1.3, 0.100
2025-09-18 10:31:52,        0,  29.6,   1.8,  30.7,  0.663, -0.011,  0.000,4328437.4,  1,  22.1,   1.3, 0.100
2025-09-18 10:31:53,        0,  29.6,   1.8,  30.7,  0.662, -0.010,  0.000,4328428.2,  1,  22.0,   1.3, 0.100
2025-09-18 10:31:54,        0,  29.6,   1.7,  30.7,  0.662, -0.010,  0.000,4328416.1,  1,  22.1,   1.3, 0.100
2025-09-18 10:31:55,        0,  29.6,   1.8,  30.7,  0.661, -0.011,  0.000,4328406.0,  1,  22.0,   1.3, 0.100
2025-09-18 10:31:56,        0,  29.6,   1.8,  30.7,  0.661, -0.010,  0.000,4328395.9,  1,  22.1,   1.2, 0.100
2025-09-18 10:31:57,        0,  29.6,   1.8,  30.7,  0.661, -0.010,  0.000,4328385.9,  1,  22.1,   1.3, 0.100
2025-09-18 10:31:58,        0,  29.6,   1.8,  30.7,  0.661, -0.011,  0.000,4328375.8,  1,  22.0,   1.3, 0.100
2025-09-18 10:31:59,        0,  29.6,   1.8,  30.7,  0.661, -0.010,  0.000,4328364.1,  1,  22.1,   1.3, 0.100
2025-09-18 10:32:00,        0,  29.6,   1.8,  30.7,  0.660, -0.010,  0.000,4328354.0,  1,  22.1,   1.3, 0.100
2025-09-18 10:32:01,        0,  29.6,   1.8,  30.7,  0.659, -0.010,  0.000,4328344.0,  1,  22.1,   1.3, 0.100
2025-09-18 10:32:02,        0,  29.6,   1.8,  30.7,  0.660, -0.010,  0.000,4328334.3,  1,  22.0,   1.3, 0.100
2025-09-18 10:32:03,        0,  29.6,   1.8,  30.7,  0.659, -0.010,  0.000,4328322.6,  1,  22.0,   1.3, 0.100
2025-09-18 10:32:04,        0,  29.6,   1.8,  30.7,  0.659, -0.010,  0.000,4328312.5,  1,  22.1,   1.3, 0.100
2025-09-18 10:32:05,        0,  29.6,   1.8,  30.7,  0.658, -0.011,  0.000,4328302.5,  1,  22.1,   1.2, 0.100
2025-09-18 10:32:06,        0,  29.6,   1.8,  30.7,  0.658, -0.011,  0.000,4328292.4,  1,  22.0,   1.3, 0.100
2025-09-18 10:32:07,        0,  29.7,   2.0,  30.7,  0.657, -0.010,  0.000,4328280.3,  1,  22.1,   1.2, 0.100
2025-09-18 10:32:08,        0,  29.6,   1.8,  30.7,  0.657, -0.010,  0.000,4328271.0,  1,  22.1,   1.3, 0.100
2025-09-18 10:32:09,        0,  29.6,   1.8,  30.7,  0.657, -0.010,  0.000,4328261.0,  1,  22.0,   1.2, 0.100
2025-09-18 10:32:10,        0,  29.6,   1.8,  30.7,  0.657, -0.010,  0.000,4328250.9,  1,  22.1,   1.2, 0.100
2025-09-18 10:32:11,        0,  29.6,   1.8,  30.7,  0.657, -0.010,  0.000,4328241.3,  1,  22.1,   1.2, 0.100
2025-09-18 10:32:12,        0,  29.6,   1.8,  30.7,  0.657, -0.010,  0.000,4328229.6,  1,  22.1,   1.2, 0.100
2025-09-18 10:32:13,        0,  29.6,   1.8,  30.7,  0.655, -0.010,  0.000,4328219.9,  1,  22.1,   1.2, 0.100
2025-09-18 10:32:14,        0,  29.6,   1.8,  30.7,  0.655, -0.010,  0.000,4328210.3,  1,  22.1,   1.2, 0.100
2025-09-18 10:32:15,        0,  29.6,   1.8,  30.7,  0.654, -0.010,  0.000,4328200.6,  1,  22.1,   1.2, 0.100
2025-09-18 10:32:16,        0,  29.6,   1.8,  30.7,  0.654, -0.011,  0.000,4328188.5,  1,  22.1,   1.2, 0.100
2025-09-18 10:32:17,        0,  29.6,   1.8,  30.6,  0.654, -0.010,  0.000,4328178.8,  1,  22.1,   1.2, 0.100
2025-09-18 10:32:18,        0,  29.7,   2.0,  30.6,  0.655, -0.010,  0.000,4328168.8,  1,  22.1,   1.2, 0.100
2025-09-18 10:32:19,        0,  29.7,   2.0,  30.7,  0.654, -0.010,  0.000,4328159.1,  1,  22.0,   1.2, 0.100
2025-09-18 10:32:20,        0,  29.6,   1.8,  30.7,  0.654, -0.010,  0.000,4328149.5,  1,  22.1,   1.1, 0.100
2025-09-18 10:32:21,        0,  29.7,   2.0,  30.7,  0.653, -0.010,  0.000,4328137.8,  1,  22.1,   1.1, 0.100
2025-09-18 10:32:22,        0,  29.7,   2.0,  30.7,  0.653, -0.010,  0.000,4328127.7,  1,  22.1,   1.2, 0.100
2025-09-18 10:32:23,        0,  29.7,   2.0,  30.7,  0.653, -0.010,  0.000,4328117.7,  1,  22.1,   1.2, 0.100
2025-09-18 10:32:24,        0,  29.6,   1.8,  30.7,  0.652, -0.010,  0.000,4328108.4,  1,  22.1,   1.1, 0.100
2025-09-18 10:32:25,        0,  29.6,   1.8,  30.7,  0.652, -0.010,  0.000,4328096.3,  1,  22.1,   1.1, 0.100
2025-09-18 10:32:26,        0,  29.6,   1.7,  30.7,  0.651, -0.010,  0.000,4328086.6,  1,  22.1,   1.1, 0.100
2025-09-18 10:32:27,        0,  29.7,   2.0,  30.7,  0.651, -0.010,  0.000,4328077.0,  1,  22.1,   1.1, 0.100
2025-09-18 10:32:28,        0,  29.6,   1.8,  30.7,  0.651, -0.009,  0.000,4328067.8,  1,  22.1,   1.1, 0.100
2025-09-18 10:32:29,        0,  29.7,   2.0,  30.7,  0.650, -0.010,  0.000,4328057.7,  1,  22.1,   1.1, 0.100
2025-09-18 10:32:30,        0,  29.7,   2.0,  30.7,  0.650, -0.010,  0.000,4328046.4,  1,  22.1,   1.1, 0.100
2025-09-18 10:32:31,        0,  29.7,   2.0,  30.7,  0.650, -0.010,  0.000,4328036.8,  1,  22.1,   1.1, 0.100
2025-09-18 10:32:32,        0,  29.7,   2.0,  30.7,  0.650, -0.010,  0.000,4328026.7,  1,  22.1,   1.1, 0.100
2025-09-18 10:32:33,        0,  29.7,   2.0,  30.7,  0.650, -0.011,  0.000,4328016.7,  1,  22.1,   1.1, 0.100
2025-09-18 10:32:34,        0,  29.7,   2.0,  30.7,  0.649, -0.010,  0.000,4328004.9,  1,  22.1,   1.1, 0.100
2025-09-18 10:32:35,        0,  29.7,   2.2,  30.6,  0.649, -0.010,  0.000,4327995.3,  1,  22.1,   1.1, 0.100
2025-09-18 10:32:36,        0,  29.7,   2.2,  30.7,  0.648, -0.010,  0.000,4327986.1,  1,  22.1,   1.1, 0.100
2025-09-18 10:32:37,        0,  29.7,   2.0,  30.7,  0.649, -0.010,  0.000,4327976.4,  1,  22.1,   1.1, 0.100
2025-09-18 10:32:38,        0,  29.7,   2.0,  30.7,  0.648, -0.010,  0.000,4327964.7,  1,  22.1,   1.2, 0.100
2025-09-18 10:32:39,        0,  29.7,   2.0,  30.7,  0.648, -0.011,  0.000,4327954.6,  1,  22.1,   1.1, 0.100
2025-09-18 10:32:40,        0,  29.7,   2.0,  30.7,  0.647, -0.010,  0.000,4327944.6,  1,  22.0,   1.1, 0.100
2025-09-18 10:32:41,        0,  29.7,   2.0,  30.7,  0.647, -0.010,  0.000,4327935.4,  1,  22.1,   1.1, 0.100
2025-09-18 10:32:42,        0,  29.7,   2.0,  30.6,  0.647, -0.010,  0.000,4327925.7,  1,  22.1,   1.2, 0.100
2025-09-18 10:32:43,        0,  29.7,   2.0,  30.6,  0.647, -0.010,  0.000,4327914.4,  1,  22.1,   1.1, 0.100
2025-09-18 10:32:44,        0,  29.7,   2.0,  30.6,  0.646, -0.010,  0.000,4327904.3,  1,  22.1,   1.1, 0.100
2025-09-18 10:32:45,        0,  29.6,   1.8,  30.7,  0.646, -0.010,  0.000,4327894.7,  1,  22.1,   1.2, 0.100
2025-09-18 10:32:46,        0,  29.7,   2.0,  30.7,  0.645, -0.010,  0.000,4327885.1,  1,  22.0,   1.2, 0.100
2025-09-18 10:32:47,        0,  29.7,   2.0,  30.6,  0.645, -0.010,  0.000,4327873.3,  1,  22.0,   1.2, 0.100
2025-09-18 10:32:48,        0,  29.7,   2.0,  30.7,  0.645, -0.010,  0.000,4327863.3,  1,  22.1,   1.2, 0.100
2025-09-18 10:32:49,        0,  29.7,   2.0,  30.7,  0.645, -0.010,  0.000,4327854.0,  1,  22.1,   1.2, 0.100
2025-09-18 10:32:50,        0,  29.5,   1.5,  30.6,  0.644, -0.010,  0.000,4327844.8,  1,  22.1,   1.2, 0.100
2025-09-18 10:32:51,        0,  29.6,   1.7,  30.7,  0.644, -0.010,  0.000,4327835.2,  1,  22.1,   1.2, 0.100
2025-09-18 10:32:52,        0,  29.7,   2.0,  30.6,  0.643, -0.010,  0.000,4327823.5,  1,  22.1,   1.2, 0.100
2025-09-18 10:32:53,        0,  29.7,   2.0,  30.7,  0.644, -0.010,  0.000,4327814.2,  1,  22.1,   1.2, 0.100
2025-09-18 10:32:54,        0,  29.6,   1.8,  30.7,  0.644, -0.010,  0.000,4327804.6,  1,  22.0,   1.2, 0.100
2025-09-18 10:32:55,        0,  29.7,   2.0,  30.7,  0.643, -0.010,  0.000,4327794.5,  1,  22.0,   1.2, 0.100
2025-09-18 10:32:56,        0,  29.7,   2.0,  30.6,  0.642, -0.010,  0.000,4327783.2,  1,  22.1,   1.2, 0.100
2025-09-18 10:32:57,        0,  29.7,   2.0,  30.6,  0.642, -0.010,  0.000,4327773.2,  1,  22.1,   1.3, 0.100
2025-09-18 10:32:58,        0,  29.7,   2.0,  30.6,  0.643, -0.010,  0.000,4327763.5,  1,  22.1,   1.3, 0.100
2025-09-18 10:32:59,        0,  29.7,   2.2,  30.6,  0.641, -0.011,  0.000,4327753.9,  1,  22.1,   1.3, 0.100
2025-09-18 10:33:00,        0,  29.7,   2.2,  30.6,  0.641, -0.010,  0.000,4327744.7,  1,  22.1,   1.3, 0.100
2025-09-18 10:33:01,        0,  29.7,   2.0,  30.7,  0.641, -0.010,  0.000,4327732.9,  1,  22.1,   1.2, 0.100
2025-09-18 10:33:02,        0,  29.7,   2.0,  30.6,  0.641, -0.010,  0.000,4327723.7,  1,  22.1,   1.2, 0.100
2025-09-18 10:33:03,        0,  29.7,   2.2,  30.7,  0.640, -0.010,  0.000,4327714.1,  1,  22.1,   1.2, 0.100
2025-09-18 10:33:04,        0,  29.7,   2.2,  30.7,  0.640, -0.010,  0.000,4327704.4,  1,  22.1,   1.3, 0.100
2025-09-18 10:33:05,        0,  29.7,   2.0,  30.6,  0.640, -0.010,  0.000,4327693.1,  1,  22.1,   1.3, 0.100
2025-09-18 10:33:06,        0,  29.7,   2.0,  30.6,  0.640, -0.009,  0.000,4327683.5,  1,  22.1,   1.3, 0.100
2025-09-18 10:33:07,        0,  29.7,   2.0,  30.6,  0.639, -0.009,  0.000,4327674.3,  1,  22.1,   1.3, 0.100
2025-09-18 10:33:08,        0,  29.7,   2.2,  30.6,  0.639, -0.011,  0.000,4327664.2,  1,  22.0,   1.3, 0.100
2025-09-18 10:33:09,        0,  29.7,   2.1,  30.6,  0.638, -0.010,  0.000,4327655.0,  1,  22.0,   1.2, 0.100
2025-09-18 10:33:10,        0,  29.7,   2.0,  30.6,  0.639, -0.010,  0.000,4327643.2,  1,  22.1,   1.2, 0.100
