Time, Cnts,  %T, set_Cell[mA], Cell[°C], Cell[Volt], Cell[mA], Cell[W], Cell[uAs], Cell_ON, Env[°C], TEC[°C], N2Flow[slpm]
2025-11-13 13:44:20,        0,  29.7,   2.1,  25.5,  0.342, -0.003,  0.000,     -1.1,  1,  22.2,   0.9, 0.100
2025-11-13 13:44:20,        0,  29.8,   2.5,  25.5,  0.332, -0.003,  0.000,     -4.3,  1,  22.3,   1.0, 0.100
2025-11-13 13:44:21,        0,  29.8,   2.5,  25.5,  0.316, -0.003,  0.000,     -7.2,  1,  22.3,   0.9, 0.100
2025-11-13 13:44:23,        0,  29.8,   2.5,  25.6,  0.300, -0.003,  0.000,    -10.3,  1,  22.3,   1.0, 0.100
2025-11-13 13:44:24,        0,  29.9,   2.6,  25.6,  0.291, -0.003,  0.000,    -12.9,  1,  22.3,   1.0, 0.100
2025-11-13 13:44:24,        0,  29.8,   2.5,  25.6,  0.282, -0.003,  0.000,    -15.4,  1,  22.3,   1.0, 0.100
2025-11-13 13:44:25,        0,  29.8,   2.5,  25.6,  0.269, -0.002,  0.000,    -17.7,  1,  22.3,   1.0, 0.100
2025-11-13 13:44:27,        0,  29.8,   2.5,  25.5,  0.261, -0.003,  0.000,    -20.6,  1,  22.3,   1.0, 0.099
2025-11-13 13:44:28,        0,  29.8,   2.3,  25.6,  0.249, -0.002,  0.000,    -22.9,  1,  22.3,   1.0, 0.100
2025-11-13 13:44:28,        0,  29.8,   2.5,  25.6,  0.241, -0.002,  0.000,    -24.9,  1,  22.3,   1.0, 0.100
2025-11-13 13:44:29,        0,  29.9,   2.6,  25.6,  0.233, -0.002,  0.000,    -26.9,  1,  22.3,   1.0, 0.099
2025-11-13 13:44:30,        0,  29.9,   2.6,  25.6,  3.277,  1.526,  0.006,   1891.4,  1,  22.3,   1.0, 0.100
2025-11-13 13:44:32,        0,  29.8,   2.3,  25.5,  1.247,  0.041,  0.000,   1977.0,  1,  22.3,   1.0, 0.100
2025-11-13 13:44:32,        0,  29.7,   2.1,  25.6,  0.995,  0.001,  0.000,   1980.7,  1,  22.3,   1.0, 0.100
2025-11-13 13:44:33,        0,  29.8,   2.3,  25.5,  0.918, -0.003,  0.000,   1978.4,  1,  22.3,   1.0, 0.100
2025-11-13 13:44:34,        0,  29.8,   2.5,  25.6,  0.862, -0.004,  0.000,   1974.4,  1,  22.3,   1.0, 0.100
2025-11-13 13:44:36,        0,  29.8,   2.5,  25.6,  0.791, -0.005,  0.000,   1969.2,  1,  22.3,   1.0, 0.100
2025-11-13 13:44:37,        0,  30.0,   3.0,  25.6,  0.749, -0.004,  0.000,   1986.7,  1,  22.3,   1.0, 0.100
2025-11-13 13:44:37,        0,  30.2,   3.5,  25.6,  6.990,  4.656,  0.033,   6293.4,  1,  22.3,   1.0, 0.100
2025-11-13 13:44:38,        0,  30.3,   4.0,  25.6,  7.074,  4.732,  0.034,  11049.3,  1,  22.3,   1.0, 0.100
2025-11-13 13:44:40,        0,  30.8,   5.4,  25.6,  8.393,  5.870,  0.049,  17416.8,  1,  22.3,   1.0, 0.100
2025-11-13 13:44:41,        0,  31.3,   7.0,  25.6,  9.654,  6.955,  0.067,  24722.7,  1,  22.3,   1.0, 0.100
2025-11-13 13:44:41,        0,  31.4,   7.2,  25.6, 13.420, 10.218,  0.138,  34400.9,  1,  22.3,   1.0, 0.100
2025-11-13 13:44:42,        0,  32.9,  11.7,  25.6, 14.308, 11.000,  0.159,  44494.6,  1,  22.3,   1.0, 0.101
2025-11-13 13:44:44,        0,  34.2,  15.5,  25.5, 18.423, 14.585,  0.270,  60607.1,  1,  22.2,   0.9, 0.102
2025-11-13 13:44:45,        0,  34.1,  15.3,  25.5, 25.229, 20.567,  0.520,  79655.2,  1,  22.2,   1.0, 0.100
2025-11-13 13:44:45,        0,  36.2,  21.6,  25.5, 23.369, 18.979,  0.444,  97977.2,  1,  22.2,   0.9, 0.098
2025-11-13 13:44:46,        0,  37.2,  24.6,  25.5, 30.520, 25.305,  0.773, 121975.4,  1,  22.2,   0.9, 0.098
2025-11-13 13:44:48,        0,  39.2,  30.7,  25.5, 35.325, 29.740,  1.055, 156018.7,  1,  22.2,   0.9, 0.098
2025-11-13 13:44:49,        0,  38.2,  27.5,  25.5, 38.342, 32.780,  1.257, 187991.5,  1,  22.2,   0.9, 0.099
2025-11-13 13:44:49,        0,  37.8,  26.3,  25.5, 43.686, 37.817,  1.656, 221868.1,  1,  22.2,   0.9, 0.099
2025-11-13 13:44:50,        0,  41.2,  36.6,  25.5, 42.659, 37.049,  1.582, 255992.6,  1,  22.2,   1.0, 0.102
2025-11-13 13:44:52,        0,  40.6,  34.7,  25.5, 41.121, 35.994,  1.480, 299650.1,  1,  22.2,   0.9, 0.103
2025-11-13 13:44:53,        0,  42.4,  40.1,  25.5, 53.565, 47.755,  2.566, 342322.8,  1,  22.2,   0.9, 0.101
2025-11-13 13:44:53,        0,  38.2,  27.7,  25.5, 50.014, 45.053,  2.284, 385930.8,  1,  22.2,   0.9, 0.101
2025-11-13 13:44:54,        0,  42.7,  41.1,  25.5, 40.175, 35.859,  1.455, 420231.4,  1,  22.2,   1.0, 0.100
2025-11-13 13:44:56,        0,  41.0,  35.9,  25.5, 46.323, 41.983,  1.946, 471850.5,  1,  22.2,   1.0, 0.100
2025-11-13 13:44:57,        0,  43.6,  43.7,  25.5, 35.793, 32.039,  1.153, 506277.5,  1,  22.2,   1.0, 0.100
2025-11-13 13:44:57,        0,  41.2,  36.6,  25.5, 51.214, 46.805,  2.408, 548924.8,  1,  22.2,   1.0, 0.100
2025-11-13 13:44:58,        0,  43.9,  44.8,  25.5, 44.016, 40.024,  1.765, 586257.9,  1,  22.2,   1.0, 0.100
2025-11-13 13:45:00,        0,  40.2,  33.6,  25.5, 50.942, 46.948,  2.399, 639786.8,  1,  22.2,   1.0, 0.100
2025-11-13 13:45:01,        0,  41.5,  37.4,  25.5, 52.518, 48.619,  2.555, 681929.4,  1,  22.2,   1.0, 0.100
2025-11-13 13:45:01,        0,  42.8,  41.4,  25.5, 30.144, 27.097,  0.834, 714389.5,  1,  22.2,   1.0, 0.100
2025-11-13 13:45:02,        0,  41.5,  37.6,  25.6, 51.798, 48.095,  2.492, 759288.6,  1,  22.2,   1.0, 0.100
2025-11-13 13:45:04,        0,  42.1,  39.2,  25.6, 42.949, 39.633,  1.707, 805148.2,  1,  22.2,   1.0, 0.100
2025-11-13 13:45:05,        0,  43.8,  44.4,  25.6, 48.390, 44.798,  2.169, 846955.0,  1,  22.2,   1.0, 0.100
2025-11-13 13:45:05,        0,  40.7,  35.0,  25.6, 47.192, 43.807,  2.072, 890032.8,  1,  22.2,   1.0, 0.100
2025-11-13 13:45:06,        0,  39.7,  32.0,  25.5, 52.276, 48.907,  2.566, 932331.9,  1,  22.2,   1.0, 0.100
2025-11-13 13:45:08,        0,  41.5,  37.4,  25.6, 46.209, 43.114,  2.007, 979959.1,  1,  22.2,   1.0, 0.100
2025-11-13 13:45:09,        0,  45.5,  49.5,  25.6, 49.903, 46.795,  2.340,1022256.4,  1,  22.2,   1.0, 0.100
2025-11-13 13:45:09,        0,  42.6,  40.9,  25.6, 50.159, 47.241,  2.388,1068181.3,  1,  22.2,   1.0, 0.100
2025-11-13 13:45:10,        0,  39.3,  31.0,  25.6, 49.938, 47.167,  2.359,1111872.2,  1,  22.2,   1.1, 0.100
2025-11-13 13:45:12,        0,  41.8,  38.3,  25.6, 45.223, 42.483,  1.921,1159049.4,  1,  22.2,   1.0, 0.100
2025-11-13 13:45:13,        0,  43.1,  42.3,  25.6, 49.354, 46.587,  2.302,1202006.2,  1,  22.2,   1.0, 0.100
2025-11-13 13:45:13,        0,  40.8,  35.4,  25.6, 54.838, 52.245,  2.874,1247056.5,  1,  22.2,   1.0, 0.100
2025-11-13 13:45:14,        0,  43.9,  44.6,  25.6, 44.470, 41.947,  1.868,1287010.3,  1,  22.2,   1.0, 0.100
2025-11-13 13:45:16,        0,  42.6,  40.8,  25.6, 51.615, 49.105,  2.535,1342481.2,  1,  22.2,   1.0, 0.100
2025-11-13 13:45:17,        0,  43.0,  42.0,  25.7, 43.340, 40.937,  1.780,1384125.5,  1,  22.2,   1.0, 0.100
2025-11-13 13:45:17,        0,  44.6,  46.8,  25.6, 48.610, 46.191,  2.271,1427170.4,  1,  22.2,   1.0, 0.100
2025-11-13 13:45:18,        0,  43.9,  44.8,  25.6, 54.239, 51.992,  2.829,1476978.8,  1,  22.2,   1.0, 0.100
2025-11-13 13:45:20,        0,  45.0,  48.1,  25.7, 52.931, 50.863,  2.694,1533334.1,  1,  22.2,   1.0, 0.100
2025-11-13 13:45:21,        0,  42.9,  41.8,  25.6, 51.485, 49.536,  2.553,1581211.9,  1,  22.2,   1.0, 0.100
2025-11-13 13:45:21,        0,  43.2,  42.6,  25.6, 45.398, 43.419,  1.972,1624474.9,  1,  22.2,   1.0, 0.100
2025-11-13 13:45:22,        0,  39.5,  31.5,  25.7, 52.510, 50.626,  2.690,1672468.3,  1,  22.2,   1.0, 0.100
2025-11-13 13:45:24,        0,  43.6,  43.7,  25.6, 53.460, 51.613,  2.761,1725871.2,  1,  22.2,   1.0, 0.100
2025-11-13 13:45:25,        0,  40.9,  35.7,  25.6, 49.256, 47.370,  2.339,1770272.0,  1,  22.2,   1.0, 0.100
2025-11-13 13:45:25,        0,  46.2,  51.5,  25.6, 44.365, 42.356,  1.890,1814423.0,  1,  22.2,   1.0, 0.100
2025-11-13 13:45:26,        0,  46.2,  51.5,  25.7, 52.780, 51.107,  2.704,1864882.9,  1,  22.2,   0.9, 0.100
2025-11-13 13:45:27,        0,  43.4,  43.2,  25.7, 49.873, 48.351,  2.414,1913779.0,  1,  22.2,   1.0, 0.100
2025-11-13 13:45:29,        0,  44.6,  46.8,  25.7, 47.135, 45.699,  2.155,1968933.4,  1,  22.2,   0.9, 0.100
2025-11-13 13:45:30,        0,  41.7,  38.1,  25.8, 48.813, 47.451,  2.336,2014953.8,  1,  22.2,   0.9, 0.100
2025-11-13 13:45:30,        0,  40.9,  35.7,  25.7, 53.579, 52.186,  2.821,2063286.8,  1,  22.2,   0.9, 0.100
2025-11-13 13:45:31,        0,  44.3,  46.0,  25.8, 50.740, 49.404,  2.507,2107826.3,  1,  22.2,   0.9, 0.100
2025-11-13 13:45:33,        0,  41.7,  38.0,  25.8, 45.907, 44.526,  2.071,2161943.4,  1,  22.2,   0.9, 0.100
2025-11-13 13:45:34,        0,  45.8,  50.3,  25.7, 48.653, 47.038,  2.295,2205280.6,  1,  22.2,   0.9, 0.100
2025-11-13 13:45:34,        0,  44.0,  45.1,  25.7, 49.707, 48.184,  2.398,2251926.9,  1,  22.2,   0.9, 0.100
2025-11-13 13:45:35,        0,  46.8,  53.5,  25.8, 52.998, 51.660,  2.740,2301144.2,  1,  22.2,   0.9, 0.100
2025-11-13 13:45:37,        0,  46.9,  53.6,  25.8, 53.008, 51.899,  2.751,2361940.5,  1,  22.2,   1.0, 0.100
2025-11-13 13:45:38,        0,  43.2,  42.5,  25.8, 44.827, 43.544,  1.957,2407490.3,  1,  22.2,   0.9, 0.100
2025-11-13 13:45:39,        0,  44.0,  44.9,  25.8, 51.780, 50.623,  2.631,2454416.8,  1,  22.2,   0.9, 0.100
2025-11-13 13:45:39,        0,  43.9,  44.8,  25.8, 46.065, 44.834,  2.071,2499474.9,  1,  22.2,   0.9, 0.100
2025-11-13 13:45:40,        0,  44.1,  45.3,  25.8, 52.079, 50.930,  2.653,2546912.5,  1,  22.2,   0.9, 0.100
2025-11-13 13:45:42,        0,  43.9,  44.6,  25.8, 45.035, 43.716,  1.970,2598175.0,  1,  22.2,   0.9, 0.100
2025-11-13 13:45:43,        0,  44.4,  46.3,  25.8, 52.493, 51.263,  2.691,2645747.9,  1,  22.2,   1.0, 0.100
2025-11-13 13:45:43,        0,  41.3,  36.9,  25.8, 49.390, 48.084,  2.381,2692086.0,  1,  22.2,   1.0, 0.100
2025-11-13 13:45:45,        0,  41.1,  36.2,  25.8, 45.771, 44.226,  2.026,2740689.3,  1,  22.2,   1.0, 0.100
2025-11-13 13:45:46,        0,  43.9,  44.8,  25.8, 44.920, 43.297,  1.947,2782044.2,  1,  22.2,   1.0, 0.100
2025-11-13 13:45:47,        0,  41.2,  36.7,  25.8, 47.871, 46.310,  2.222,2823338.7,  1,  22.2,   1.0, 0.100
2025-11-13 13:45:47,        0,  43.9,  44.8,  25.8, 50.620, 49.068,  2.484,2867222.1,  1,  22.2,   1.0, 0.100
2025-11-13 13:45:49,        0,  41.5,  37.4,  25.8, 44.936, 43.315,  1.948,2920892.1,  1,  22.2,   1.0, 0.100
2025-11-13 13:45:50,        0,  41.4,  37.3,  25.8, 45.155, 43.431,  1.966,2960899.5,  1,  22.2,   1.0, 0.100
2025-11-13 13:45:50,        0,  44.0,  45.1,  25.8, 49.742, 48.031,  2.391,3004851.5,  1,  22.2,   1.0, 0.100
2025-11-13 13:45:51,        0,  41.7,  38.0,  25.8, 43.313, 41.574,  1.818,3043444.1,  1,  22.2,   1.0, 0.100
2025-11-13 13:45:53,        0,  38.2,  27.5,  25.8, 49.622, 47.755,  2.371,3095810.3,  1,  22.2,   1.0, 0.100
2025-11-13 13:45:54,        0,  42.8,  41.3,  25.8, 30.137, 28.080,  0.855,3127377.6,  1,  22.2,   1.0, 0.100
2025-11-13 13:45:54,        0,  39.4,  31.2,  25.9, 34.561, 32.392,  1.126,3161900.7,  1,  22.2,   1.0, 0.100
2025-11-13 13:45:55,        0,  41.0,  35.9,  25.8, 40.648, 38.284,  1.557,3197139.3,  1,  22.2,   1.0, 0.100
2025-11-13 13:45:57,        0,  42.0,  39.0,  25.9, 40.344, 37.872,  1.530,3241270.2,  1,  22.2,   1.0, 0.100
2025-11-13 13:45:58,        0,  40.3,  34.0,  25.8, 48.685, 46.201,  2.256,3282824.1,  1,  22.2,   1.0, 0.100
2025-11-13 13:45:58,        0,  34.3,  15.9,  25.9, 42.896, 40.443,  1.741,3317625.6,  1,  22.2,   1.0, 0.100
2025-11-13 13:45:59,        0,  39.7,  32.2,  25.9, 38.291, 35.616,  1.378,3343780.3,  1,  22.2,   1.0, 0.100
2025-11-13 13:46:01,        0,  37.8,  26.3,  25.9, 37.292, 34.600,  1.292,3384273.9,  1,  22.2,   1.0, 0.100
2025-11-13 13:46:02,        0,  39.2,  30.7,  25.8, 40.224, 37.336,  1.506,3417688.5,  1,  22.2,   1.0, 0.100
2025-11-13 13:46:03,        0,  38.8,  29.4,  25.9, 37.094, 34.306,  1.273,3450168.4,  1,  22.2,   1.0, 0.100
2025-11-13 13:46:03,        0,  39.6,  31.7,  25.9, 34.799, 31.959,  1.114,3480159.5,  1,  22.2,   1.0, 0.100
2025-11-13 13:46:04,        0,  38.3,  28.0,  25.9, 40.707, 37.592,  1.531,3515055.2,  1,  22.2,   1.0, 0.100
2025-11-13 13:46:06,        0,  39.5,  31.4,  25.9, 37.320, 34.180,  1.276,3553642.8,  1,  22.2,   1.0, 0.100
2025-11-13 13:46:07,        0,  37.8,  26.5,  25.9, 32.737, 29.715,  0.973,3583611.9,  1,  22.2,   1.0, 0.100
2025-11-13 13:46:07,        0,  35.8,  20.4,  25.9, 35.564, 32.354,  1.151,3612129.6,  1,  22.2,   1.0, 0.100
2025-11-13 13:46:08,        0,  39.0,  30.0,  25.9, 17.984, 15.363,  0.320,3632379.5,  1,  22.2,   1.0, 0.100
2025-11-13 13:46:10,        0,  35.1,  18.3,  25.9, 31.859, 28.554,  0.915,3666224.3,  1,  22.2,   1.0, 0.100
2025-11-13 13:46:11,        0,  36.7,  23.2,  25.9, 22.454, 19.443,  0.463,3686433.5,  1,  22.2,   1.0, 0.100
2025-11-13 13:46:11,        0,  36.0,  21.1,  25.9, 31.466, 27.994,  0.882,3712576.7,  1,  22.2,   1.0, 0.100
2025-11-13 13:46:12,        0,  35.7,  20.2,  25.9, 30.124, 26.640,  0.803,3736030.1,  1,  22.2,   0.9, 0.100
2025-11-13 13:46:14,        0,  38.2,  27.5,  25.9, 26.359, 22.951,  0.620,3762893.2,  1,  22.2,   0.9, 0.100
2025-11-13 13:46:15,        0,  35.5,  19.5,  25.9, 29.466, 25.916,  0.782,3787078.0,  1,  22.2,   0.9, 0.100
2025-11-13 13:46:15,        0,  37.6,  25.8,  25.9, 26.227, 22.720,  0.598,3808375.5,  1,  22.2,   0.9, 0.100
2025-11-13 13:46:16,        0,  36.0,  20.9,  25.9, 23.139, 19.821,  0.472,3830566.6,  1,  22.2,   0.9, 0.100
2025-11-13 13:46:17,        0,  37.4,  25.1,  25.9, 26.281, 22.724,  0.599,3852769.0,  1,  22.2,   0.9, 0.100
2025-11-13 13:46:19,        0,  33.0,  11.9,  25.9, 29.431, 25.702,  0.757,3882431.8,  1,  22.2,   0.9, 0.100
2025-11-13 13:46:20,        0,  34.7,  17.1,  25.9, 18.737, 15.627,  0.294,3898289.5,  1,  22.2,   0.9, 0.100
2025-11-13 13:46:20,        0,  32.4,  10.3,  26.0, 19.503, 16.259,  0.320,3914314.8,  1,  22.2,   0.9, 0.100
2025-11-13 13:46:21,        0,  35.0,  18.1,  26.0, 23.756, 20.154,  0.481,3930917.7,  1,  22.2,   0.9, 0.100
2025-11-13 13:46:23,        0,  35.2,  18.5,  25.9, 21.045, 17.589,  0.375,3951821.8,  1,  22.2,   0.9, 0.100
2025-11-13 13:46:24,        0,  34.0,  15.0,  25.9, 20.170, 16.793,  0.339,3969492.5,  1,  22.2,   0.9, 0.100
2025-11-13 13:46:24,        0,  34.5,  16.6,  26.0, 23.591, 19.926,  0.473,3987841.7,  1,  22.2,   0.9, 0.100
2025-11-13 13:46:25,        0,  34.0,  15.0,  26.0, 19.839, 16.393,  0.332,4004004.6,  1,  22.2,   0.9, 0.100
2025-11-13 13:46:27,        0,  34.2,  15.7,  26.0, 22.741, 19.047,  0.433,4025513.4,  1,  22.2,   0.9, 0.100
2025-11-13 13:46:28,        0,  34.3,  15.9,  25.9, 22.837, 19.121,  0.438,4043464.5,  1,  22.2,   0.9, 0.100
2025-11-13 13:46:28,        0,  31.6,   7.7,  26.0, 23.016, 19.274,  0.447,4060538.0,  1,  22.2,   0.9, 0.100
2025-11-13 13:46:29,        0,  33.8,  14.5,  25.9, 11.601,  8.778,  0.102,4070714.9,  1,  22.2,   0.9, 0.100
2025-11-13 13:46:30,        0,  33.8,  14.5,  25.9, 19.811, 16.249,  0.323,4086158.9,  1,  22.2,   0.9, 0.100
2025-11-13 13:46:32,        0,  32.0,   9.1,  26.0, 16.096, 12.839,  0.208,4102543.9,  1,  22.2,   0.9, 0.100
2025-11-13 13:46:33,        0,  33.6,  13.8,  26.0, 17.126, 13.741,  0.236,4115133.1,  1,  22.2,   0.8, 0.100
2025-11-13 13:46:33,        0,  32.9,  11.7,  26.0, 17.810, 14.356,  0.256,4129456.9,  1,  22.2,   0.8, 0.100
2025-11-13 13:46:34,        0,  33.4,  13.2,  25.9, 18.900, 15.332,  0.290,4143676.4,  1,  22.2,   0.9, 0.100
2025-11-13 13:46:36,        0,  34.3,  16.0,  26.0, 20.014, 16.331,  0.327,4161874.3,  1,  22.2,   0.8, 0.100
2025-11-13 13:46:37,        0,  32.1,   9.4,  26.0, 18.609, 15.064,  0.281,4177088.8,  1,  22.2,   0.8, 0.100
2025-11-13 13:46:37,        0,  31.4,   7.2,  26.0, 17.102, 13.667,  0.234,4189530.9,  1,  22.2,   0.8, 0.100
2025-11-13 13:46:38,        0,  31.6,   7.9,  26.0, 15.194, 11.924,  0.182,4200135.6,  1,  22.2,   0.8, 0.100
2025-11-13 13:46:40,        0,  33.1,  12.4,  25.9, 16.212, 12.835,  0.208,4214318.2,  1,  22.2,   0.8, 0.100
2025-11-13 13:46:41,        0,  32.1,   9.4,  26.0, 16.210, 12.822,  0.209,4225428.0,  1,  22.2,   0.8, 0.100
2025-11-13 13:46:41,        0,  30.2,   3.5,  26.0, 15.134, 11.832,  0.189,4235904.2,  1,  22.2,   0.8, 0.100
2025-11-13 13:46:42,        0,  31.6,   7.7,  26.0, 13.793, 10.616,  0.148,4244789.0,  1,  22.2,   0.8, 0.100
2025-11-13 13:46:43,        0,  32.1,   9.4,  25.9, 13.892, 10.689,  0.149,4254773.1,  1,  22.2,   0.8, 0.100
2025-11-13 13:46:45,        0,  32.5,  10.6,  26.0, 13.200, 10.069,  0.140,4267112.9,  1,  22.2,   0.8, 0.100
2025-11-13 13:46:46,        0,  32.0,   8.9,  25.9, 11.656,  8.685,  0.110,4275022.1,  1,  22.2,   0.8, 0.100
2025-11-13 13:46:46,        0,  30.9,   5.6,  25.9, 14.784, 11.474,  0.172,4285325.5,  1,  22.2,   0.8, 0.100
2025-11-13 13:46:47,        0,  31.9,   8.7,  26.0, 12.428,  9.354,  0.116,4293873.0,  1,  22.2,   0.8, 0.100
2025-11-13 13:46:49,        0,  31.0,   6.1,  25.9, 12.122,  9.078,  0.110,4304481.9,  1,  22.2,   0.8, 0.100
2025-11-13 13:46:50,        0,  31.2,   6.6,  26.0, 11.587,  8.594,  0.100,4312660.2,  1,  22.2,   0.7, 0.100
2025-11-13 13:46:50,        0,  31.8,   8.4,  25.9, 11.914,  8.884,  0.110,4321507.3,  1,  22.2,   0.8, 0.100
2025-11-13 13:46:51,        0,  30.3,   3.8,  26.0, 12.158,  9.093,  0.111,4330314.1,  1,  22.2,   0.8, 0.100
2025-11-13 13:46:53,        0,  31.3,   6.8,  25.9,  9.409,  6.656,  0.063,4337951.7,  1,  22.2,   0.8, 0.100
2025-11-13 13:46:54,        0,  31.2,   6.5,  26.0, 10.086,  7.254,  0.075,4345559.1,  1,  22.2,   0.8, 0.100
2025-11-13 13:46:54,        0,  30.7,   5.2,  26.0, 10.819,  7.901,  0.090,4352374.9,  1,  22.2,   0.8, 0.100
2025-11-13 13:46:55,        0,  31.5,   7.5,  25.9, 11.928,  8.873,  0.106,4360433.7,  1,  22.2,   0.8, 0.100
2025-11-13 13:46:57,        0,  31.6,   7.9,  26.0,  9.177,  6.437,  0.059,4368466.0,  1,  22.2,   0.8, 0.100
2025-11-13 13:46:58,        0,  30.8,   5.4,  26.0, 11.243,  8.259,  0.096,4376765.4,  1,  22.2,   0.8, 0.100
2025-11-13 13:46:58,        0,  31.3,   7.0,  26.0, 11.325,  8.330,  0.095,4384421.4,  1,  22.2,   0.8, 0.100
2025-11-13 13:46:59,        0,  30.7,   5.2,  26.0, 11.081,  8.111,  0.090,4392074.9,  1,  22.2,   0.8, 0.100
2025-11-13 13:47:01,        0,  31.1,   6.3,  25.9,  9.341,  6.576,  0.062,4400614.4,  1,  22.2,   0.8, 0.100
2025-11-13 13:47:02,        0,  30.9,   5.8,  26.0,  8.608,  5.938,  0.053,4406091.2,  1,  22.2,   0.8, 0.100
2025-11-13 13:47:02,        0,  30.2,   3.5,  26.0,  8.602,  5.950,  0.053,4411912.8,  1,  22.2,   0.8, 0.100
2025-11-13 13:47:03,        0,  30.7,   5.1,  26.0,  8.769,  6.092,  0.054,4417249.1,  1,  22.2,   0.8, 0.100
2025-11-13 13:47:05,        0,  30.3,   3.9,  26.0,  9.026,  6.310,  0.057,4425080.8,  1,  22.2,   0.8, 0.100
2025-11-13 13:47:06,        0,  30.4,   4.2,  26.0, 10.401,  7.522,  0.078,4431328.2,  1,  22.2,   0.8, 0.100
2025-11-13 13:47:06,        0,  27.9,   0.0,  26.0,  7.134,  4.657,  0.035,4435445.4,  1,  22.2,   0.8, 0.100
2025-11-13 13:47:07,        0,  30.5,   4.4,  26.0,  9.081,  6.392,  0.059,4439660.7,  1,  22.2,   0.8, 0.100
2025-11-13 13:47:09,        0,  30.5,   4.4,  26.0,  7.778,  5.231,  0.041,4446227.5,  1,  22.2,   0.8, 0.100
2025-11-13 13:47:10,        0,  29.7,   2.1,  26.0,  8.973,  6.275,  0.058,4451968.2,  1,  22.2,   0.8, 0.100
2025-11-13 13:47:10,        0,  30.5,   4.5,  26.0,  9.315,  6.588,  0.061,4456893.4,  1,  22.2,   0.8, 0.100
2025-11-13 13:47:11,        0,  30.7,   5.1,  26.0,  9.121,  6.404,  0.059,4462963.6,  1,  22.2,   0.8, 0.100
2025-11-13 13:47:13,        0,  30.7,   5.1,  26.0,  7.677,  5.132,  0.040,4469622.6,  1,  22.2,   0.8, 0.100
2025-11-13 13:47:14,        0,  30.4,   4.2,  25.9,  8.175,  5.570,  0.046,4474761.6,  1,  22.2,   0.9, 0.100
2025-11-13 13:47:14,        0,  29.9,   2.8,  26.0,  7.475,  4.961,  0.037,4479566.1,  1,  22.2,   0.9, 0.100
2025-11-13 13:47:15,        0,  30.2,   3.7,  25.9,  3.943,  1.917,  0.010,4482957.8,  1,  22.2,   0.9, 0.100
2025-11-13 13:47:17,        0,  30.2,   3.5,  26.0,  5.310,  3.084,  0.019,4488134.9,  1,  22.2,   0.9, 0.100
2025-11-13 13:47:18,        0,  30.4,   4.2,  25.9,  7.832,  5.280,  0.041,4493161.1,  1,  22.2,   0.9, 0.100
2025-11-13 13:47:18,        0,  29.8,   2.5,  25.9,  7.874,  5.311,  0.042,4498031.0,  1,  22.2,   0.9, 0.100
2025-11-13 13:47:19,        0,  30.1,   3.2,  25.9,  7.591,  5.064,  0.039,4502420.6,  1,  22.2,   0.9, 0.100
2025-11-13 13:47:21,        0,  30.2,   3.5,  25.9,  4.014,  1.976,  0.010,4506631.7,  1,  22.2,   0.9, 0.100
2025-11-13 13:47:22,        0,  29.5,   1.4,  25.9,  6.892,  4.454,  0.031,4510934.9,  1,  22.2,   0.9, 0.100
2025-11-13 13:47:22,        0,  30.0,   3.0,  26.0,  3.215,  1.357,  0.008,4513215.6,  1,  22.2,   0.9, 0.100
2025-11-13 13:47:23,        0,  29.8,   2.3,  25.9,  7.108,  4.649,  0.033,4517483.7,  1,  22.2,   0.9, 0.100
2025-11-13 13:47:25,        0,  29.6,   1.9,  25.9,  7.109,  4.643,  0.033,4522186.0,  1,  22.2,   1.0, 0.100
2025-11-13 13:47:26,        0,  30.4,   4.2,  25.9,  7.753,  5.206,  0.040,4526070.6,  1,  22.2,   0.9, 0.100
2025-11-13 13:47:27,        0,  30.3,   4.0,  26.0,  6.839,  4.400,  0.030,4530769.9,  1,  22.2,   0.9, 0.100
2025-11-13 13:47:27,        0,  30.0,   3.0,  26.0,  6.956,  4.500,  0.031,4534708.1,  1,  22.2,   0.9, 0.100
2025-11-13 13:47:28,        0,  30.1,   3.2,  25.9,  2.365,  0.615,  0.002,4536672.4,  1,  22.2,   0.9, 0.100
2025-11-13 13:47:30,        0,  29.8,   2.5,  25.9,  4.452,  2.353,  0.013,4539410.8,  1,  22.3,   0.9, 0.100
2025-11-13 13:47:31,        0,  29.9,   2.8,  25.9,  1.385,  0.010,  0.000,4539441.8,  1,  22.2,   0.9, 0.100
2025-11-13 13:47:31,        0,  29.8,   2.5,  26.0,  6.245,  3.905,  0.026,4543031.3,  1,  22.2,   0.9, 0.100
2025-11-13 13:47:32,        0,  29.5,   1.4,  26.0,  6.528,  4.146,  0.029,4546925.1,  1,  22.2,   0.9, 0.100
2025-11-13 13:47:34,        0,  29.5,   1.6,  26.0,  1.620,  0.098,  0.000,4547419.7,  1,  22.2,   0.9, 0.100
2025-11-13 13:47:35,        0,  29.4,   1.2,  26.0,  4.607,  2.636,  0.019,4549710.5,  1,  22.2,   0.9, 0.100
2025-11-13 13:47:35,        0,  30.0,   3.0,  26.0,  2.862,  1.140,  0.008,4550803.0,  1,  22.2,   0.9, 0.100
2025-11-13 13:47:36,        0,  30.0,   3.0,  25.9,  5.907,  3.602,  0.022,4554566.5,  1,  22.2,   0.9, 0.100
2025-11-13 13:47:37,        0,  29.9,   2.6,  26.0,  6.775,  4.351,  0.029,4558410.0,  1,  22.2,   0.9, 0.100
2025-11-13 13:47:39,        0,  30.0,   3.0,  26.0,  4.539,  2.426,  0.013,4561294.7,  1,  22.2,   0.9, 0.100
2025-11-13 13:47:40,        0,  30.1,   3.2,  25.9,  6.926,  4.478,  0.031,4564435.8,  1,  22.2,   0.9, 0.100
2025-11-13 13:47:40,        0,  29.8,   2.5,  26.0,  6.902,  4.453,  0.031,4568338.8,  1,  22.2,   0.9, 0.100
2025-11-13 13:47:41,        0,  28.8,   0.0,  25.9,  1.745,  0.166,  0.000,4568661.5,  1,  22.2,   0.9, 0.100
2025-11-13 13:47:43,        0,  29.6,   1.9,  25.9,  1.317, -0.002,  0.000,4568666.5,  1,  22.2,   0.8, 0.100
2025-11-13 13:47:44,        0,  29.9,   2.6,  25.9,  4.004,  2.132,  0.013,4569805.6,  1,  22.2,   0.9, 0.100
2025-11-13 13:47:44,        0,  29.9,   2.8,  25.9,  3.484,  1.535,  0.007,4571347.9,  1,  22.2,   0.9, 0.100
2025-11-13 13:47:45,        0,  29.7,   2.1,  25.9,  6.903,  4.466,  0.031,4575105.9,  1,  22.2,   0.9, 0.100
2025-11-13 13:47:47,        0,  29.8,   2.3,  25.9,  4.148,  2.093,  0.011,4577130.2,  1,  22.2,   0.9, 0.100
2025-11-13 13:47:48,        0,  29.6,   1.9,  25.9,  1.500,  0.045,  0.000,4577216.1,  1,  22.2,   0.9, 0.100
2025-11-13 13:47:48,        0,  29.4,   1.2,  25.9,  1.321, -0.000,  0.000,4577888.3,  1,  22.2,   0.9, 0.100
2025-11-13 13:47:49,        0,  30.1,   3.2,  25.9,  1.614,  0.098,  0.000,4578442.8,  1,  22.2,   0.9, 0.100
2025-11-13 13:47:50,        0,  30.0,   3.0,  26.0,  6.766,  4.350,  0.029,4582573.0,  1,  22.3,   0.9, 0.100
2025-11-13 13:47:52,        0,  30.0,   3.0,  26.0,  6.838,  4.404,  0.030,4587680.5,  1,  22.2,   0.9, 0.100
2025-11-13 13:47:53,        0,  29.8,   2.5,  25.9,  3.703,  1.710,  0.008,4589832.9,  1,  22.2,   0.9, 0.100
2025-11-13 13:47:53,        0,  29.8,   2.3,  26.0,  4.337,  2.346,  0.015,4591186.2,  1,  22.2,   0.9, 0.100
2025-11-13 13:47:54,        0,  29.6,   1.8,  25.9,  3.712,  1.731,  0.008,4592086.0,  1,  22.2,   0.9, 0.100
2025-11-13 13:47:56,        0,  29.6,   1.9,  25.9,  1.475,  0.038,  0.000,4592156.8,  1,  22.2,   0.9, 0.100
2025-11-13 13:47:57,        0,  29.8,   2.5,  25.9,  1.267, -0.006,  0.000,4592153.1,  1,  22.2,   0.9, 0.100
2025-11-13 13:47:57,        0,  29.9,   2.8,  25.9,  1.213, -0.009,  0.000,4592144.7,  1,  22.2,   0.9, 0.100
2025-11-13 13:47:58,        0,  29.9,   2.8,  25.9,  6.749,  4.344,  0.029,4595820.1,  1,  22.2,   0.9, 0.100
2025-11-13 13:48:00,        0,  29.9,   2.6,  25.9,  3.581,  1.614,  0.007,4599667.0,  1,  22.2,   0.9, 0.100
2025-11-13 13:48:01,        0,  29.0,   0.0,  25.9,  5.242,  3.027,  0.018,4601645.1,  1,  22.2,   0.9, 0.100
2025-11-13 13:48:01,        0,  29.9,   2.8,  25.9,  1.400,  0.018,  0.000,4601682.0,  1,  22.2,   0.9, 0.100
2025-11-13 13:48:02,        0,  29.8,   2.3,  25.9,  3.854,  1.855,  0.009,4603192.0,  1,  22.3,   0.9, 0.100
2025-11-13 13:48:04,        0,  29.6,   1.9,  26.0,  1.362,  0.009,  0.000,4603228.9,  1,  22.2,   0.9, 0.100
2025-11-13 13:48:05,        0,  29.8,   2.5,  26.0,  1.259, -0.006,  0.000,4603223.9,  1,  22.2,   0.9, 0.100
2025-11-13 13:48:05,        0,  29.8,   2.3,  25.9,  1.477,  0.218,  0.001,4603341.6,  1,  22.2,   0.9, 0.100
2025-11-13 13:48:06,        0,  29.8,   2.5,  25.9,  4.356,  2.366,  0.016,4604875.9,  1,  22.2,   0.9, 0.100
2025-11-13 13:48:07,        0,  29.8,   2.5,  25.9,  1.708,  0.152,  0.000,4605145.8,  1,  22.2,   0.9, 0.100
2025-11-13 13:48:09,        0,  29.9,   2.6,  25.9,  3.198,  1.310,  0.005,4606213.3,  1,  22.2,   0.9, 0.100
2025-11-13 13:48:10,        0,  29.9,   2.6,  25.9,  1.445,  0.031,  0.000,4606835.6,  1,  22.2,   0.9, 0.100
2025-11-13 13:48:10,        0,  29.9,   2.6,  25.9,  6.751,  4.347,  0.029,4610983.0,  1,  22.2,   0.9, 0.100
2025-11-13 13:48:11,        0,  29.7,   2.1,  25.9,  5.109,  2.925,  0.017,4613888.6,  1,  22.2,   0.9, 0.100
2025-11-13 13:48:13,        0,  29.2,   0.7,  25.9,  1.385,  0.018,  0.000,4613974.9,  1,  22.2,   0.9, 0.100
2025-11-13 13:48:14,        0,  29.8,   2.5,  25.9,  1.263, -0.003,  0.000,4614456.5,  1,  22.2,   0.9, 0.100
2025-11-13 13:48:14,        0,  29.6,   1.9,  25.9,  2.238,  0.532,  0.001,4615174.8,  1,  22.2,   0.9, 0.100
2025-11-13 13:48:15,        0,  29.6,   1.8,  25.9,  1.305,  0.003,  0.000,4615186.1,  1,  22.2,   0.9, 0.100
2025-11-13 13:48:17,        0,  29.8,   2.4,  25.9,  1.220, -0.007,  0.000,4615179.0,  1,  22.2,   0.9, 0.100
2025-11-13 13:48:18,        0,  29.6,   1.9,  25.9,  1.144, -0.009,  0.000,4615170.2,  1,  22.2,   0.9, 0.100
2025-11-13 13:48:18,        0,  29.8,   2.3,  25.9,  1.107, -0.011,  0.000,4615160.1,  1,  22.2,   0.9, 0.100
2025-11-13 13:48:19,        0,  29.8,   2.5,  25.9,  1.074, -0.011,  0.000,4615150.1,  1,  22.2,   0.9, 0.100
2025-11-13 13:48:20,        0,  29.9,   2.6,  25.9,  4.268,  2.256,  0.012,4616151.3,  1,  22.2,   1.0, 0.100
2025-11-13 13:48:22,        0,  29.8,   2.5,  25.9,  5.829,  3.635,  0.024,4617804.2,  1,  22.2,   0.9, 0.100
2025-11-13 13:48:23,        0,  29.8,   2.3,  25.9,  3.602,  1.738,  0.011,4619662.9,  1,  22.2,   1.0, 0.100
2025-11-13 13:48:23,        0,  29.8,   2.5,  25.9,  3.723,  1.790,  0.009,4621699.3,  1,  22.2,   1.0, 0.100
2025-11-13 13:48:24,        0,  29.8,   2.5,  25.9,  4.620,  2.539,  0.014,4625035.3,  1,  22.2,   1.0, 0.100
2025-11-13 13:48:26,        0,  29.8,   2.5,  25.9,  1.962,  0.336,  0.001,4627237.6,  1,  22.2,   0.9, 0.100
2025-11-13 13:48:27,        0,  29.7,   2.1,  25.9,  1.464,  0.052,  0.000,4627443.8,  1,  22.2,   1.0, 0.100
2025-11-13 13:48:27,        0,  29.7,   2.1,  25.9,  1.264,  0.002,  0.000,4627448.8,  1,  22.2,   1.0, 0.100
2025-11-13 13:48:28,        0,  29.5,   1.6,  25.9,  1.185, -0.006,  0.000,4627443.4,  1,  22.2,   1.0, 0.100
2025-11-13 13:48:30,        0,  29.4,   1.2,  25.9,  1.110, -0.009,  0.000,4627432.9,  1,  22.2,   1.0, 0.100
2025-11-13 13:48:31,        0,  29.5,   1.6,  25.9,  1.072, -0.009,  0.000,4627423.7,  1,  22.2,   1.0, 0.100
2025-11-13 13:48:31,        0,  29.6,   1.8,  25.9,  1.022, -0.010,  0.000,4627414.0,  1,  22.2,   1.0, 0.100
2025-11-13 13:48:32,        0,  29.6,   1.9,  25.9,  0.990, -0.009,  0.000,4627405.7,  1,  22.2,   1.0, 0.100
2025-11-13 13:48:34,        0,  29.6,   1.8,  25.9,  0.947, -0.010,  0.000,4627394.4,  1,  22.2,   1.0, 0.100
2025-11-13 13:48:35,        0,  29.7,   2.1,  25.9,  0.922, -0.010,  0.000,4627385.1,  1,  22.2,   1.0, 0.100
2025-11-13 13:48:35,        0,  29.6,   1.9,  25.9,  0.898, -0.010,  0.000,4627375.5,  1,  22.2,   1.0, 0.100
2025-11-13 13:48:36,        0,  29.8,   2.3,  25.9,  0.866, -0.009,  0.000,4627367.1,  1,  22.2,   1.0, 0.100
2025-11-13 13:48:38,        0,  29.6,   1.9,  25.9,  0.846, -0.010,  0.000,4627355.4,  1,  22.2,   1.0, 0.100
2025-11-13 13:48:39,        0,  29.8,   2.3,  25.9,  0.820, -0.010,  0.000,4627346.6,  1,  22.2,   1.0, 0.100
2025-11-13 13:48:40,        0,  29.9,   2.6,  25.9,  0.804, -0.009,  0.000,4627337.4,  1,  22.2,   1.0, 0.100
2025-11-13 13:48:40,        0,  29.9,   2.6,  25.9,  0.787, -0.009,  0.000,4627328.6,  1,  22.3,   0.9, 0.100
2025-11-13 13:48:41,        0,  29.9,   2.6,  25.9,  0.765, -0.009,  0.000,4627319.8,  1,  22.2,   1.0, 0.100
2025-11-13 13:48:43,        0,  29.9,   2.6,  25.9,  1.719,  0.745,  0.005,4627676.0,  1,  22.2,   1.0, 0.100
2025-11-13 13:48:44,        0,  29.9,   2.6,  25.9,  6.626,  4.350,  0.029,4631833.4,  1,  22.2,   1.0, 0.100
2025-11-13 13:48:44,        0,  29.9,   2.6,  25.9,  6.625,  4.349,  0.029,4635991.7,  1,  22.2,   1.0, 0.100
2025-11-13 13:48:45,        0,  29.4,   1.2,  25.9,  6.116,  3.908,  0.025,4638518.8,  1,  22.2,   1.0, 0.100
2025-11-13 13:48:47,        0,  29.4,   1.2,  25.9,  1.294,  0.029,  0.000,4638580.4,  1,  22.2,   1.0, 0.100
2025-11-13 13:48:48,        0,  29.4,   1.2,  25.9,  1.106, -0.003,  0.000,4638579.2,  1,  22.2,   1.0, 0.100
2025-11-13 13:48:49,        0,  29.3,   0.9,  25.9,  1.046, -0.007,  0.000,4638573.7,  1,  22.2,   1.0, 0.100
2025-11-13 13:48:49,        0,  29.5,   1.6,  25.9,  1.001, -0.007,  0.000,4638566.6,  1,  22.2,   1.0, 0.100
2025-11-13 13:48:50,        0,  29.4,   1.2,  25.9,  0.943, -0.008,  0.000,4638559.5,  1,  22.2,   0.9, 0.100
2025-11-13 13:48:52,        0,  29.5,   1.4,  25.9,  0.910, -0.008,  0.000,4638550.2,  1,  22.2,   0.9, 0.100
2025-11-13 13:48:53,        0,  29.5,   1.4,  25.9,  0.864, -0.007,  0.000,4638543.1,  1,  22.2,   0.9, 0.100
2025-11-13 13:48:53,        0,  29.5,   1.4,  25.9,  0.835, -0.008,  0.000,4638536.0,  1,  22.2,   0.9, 0.100
2025-11-13 13:48:54,        0,  29.5,   1.6,  25.9,  0.808, -0.008,  0.000,4638528.5,  1,  22.2,   0.9, 0.100
2025-11-13 13:48:56,        0,  29.5,   1.4,  25.9,  0.775, -0.008,  0.000,4638518.8,  1,  22.2,   0.8, 0.100
2025-11-13 13:48:57,        0,  29.5,   1.6,  25.9,  0.755, -0.008,  0.000,4638511.3,  1,  22.2,   0.8, 0.100
2025-11-13 13:48:57,        0,  29.6,   1.8,  25.9,  0.729, -0.008,  0.000,4638503.7,  1,  22.2,   0.8, 0.100
2025-11-13 13:48:58,        0,  29.6,   1.8,  25.9,  0.713, -0.008,  0.000,4638495.8,  1,  22.2,   0.8, 0.100
2025-11-13 13:49:00,        0,  29.6,   1.9,  25.9,  0.690, -0.008,  0.000,4638487.0,  1,  22.2,   0.8, 0.100
2025-11-13 13:49:01,        0,  29.6,   1.9,  25.9,  0.677, -0.007,  0.000,4638479.4,  1,  22.2,   0.8, 0.100
2025-11-13 13:49:01,        0,  29.6,   1.8,  25.9,  0.664, -0.008,  0.000,4638471.9,  1,  22.2,   0.8, 0.100
2025-11-13 13:49:02,        0,  29.6,   1.9,  25.9,  0.646, -0.008,  0.000,4638464.3,  1,  22.2,   0.8, 0.100
2025-11-13 13:49:04,        0,  29.6,   1.9,  25.9,  0.630, -0.008,  0.000,4638455.5,  1,  22.2,   0.8, 0.100
2025-11-13 13:49:05,        0,  29.7,   2.1,  25.9,  0.619, -0.007,  0.000,4638448.8,  1,  22.2,   0.8, 0.100
2025-11-13 13:49:05,        0,  29.7,   2.1,  25.9,  0.609, -0.008,  0.000,4638441.7,  1,  22.2,   0.8, 0.100
2025-11-13 13:49:06,        0,  29.7,   2.1,  25.9,  0.601, -0.008,  0.000,4638434.6,  1,  22.2,   0.8, 0.100
2025-11-13 13:49:08,        0,  29.7,   2.1,  25.9,  0.587, -0.007,  0.000,4638425.8,  1,  22.2,   0.8, 0.100
2025-11-13 13:49:09,        0,  29.8,   2.3,  25.9,  0.579, -0.007,  0.000,4638418.6,  1,  22.2,   0.8, 0.100
2025-11-13 13:49:09,        0,  29.8,   2.5,  25.8,  0.568, -0.007,  0.000,4638411.5,  1,  22.2,   0.8, 0.100
2025-11-13 13:49:10,        0,  29.8,   2.3,  25.9,  0.560, -0.007,  0.000,4638404.8,  1,  22.2,   0.8, 0.100
2025-11-13 13:49:12,        0,  29.8,   2.3,  25.9,  0.550, -0.007,  0.000,4638396.4,  1,  22.2,   0.8, 0.100
2025-11-13 13:49:13,        0,  29.8,   2.5,  25.9,  0.544, -0.007,  0.000,4638389.7,  1,  22.2,   0.8, 0.100
2025-11-13 13:49:13,        0,  29.8,   2.3,  25.9,  0.535, -0.007,  0.000,4638383.0,  1,  22.2,   0.8, 0.100
2025-11-13 13:49:14,        0,  29.8,   2.3,  25.9,  0.530, -0.007,  0.000,4638375.9,  1,  22.2,   0.8, 0.100
2025-11-13 13:49:15,        0,  29.8,   2.5,  25.9,  0.524, -0.007,  0.000,4638369.2,  1,  22.2,   0.8, 0.100
2025-11-13 13:49:17,        0,  29.9,   2.6,  25.9,  0.515, -0.007,  0.000,4638361.7,  1,  22.2,   0.8, 0.100
2025-11-13 13:49:18,        0,  29.8,   2.5,  25.9,  0.511, -0.007,  0.000,4638355.4,  1,  22.2,   0.8, 0.100
2025-11-13 13:49:18,        0,  29.8,   2.3,  25.9,  0.503, -0.006,  0.000,4638348.7,  1,  22.2,   0.8, 0.100
2025-11-13 13:49:19,        0,  29.8,   2.5,  25.9,  0.498, -0.006,  0.000,4638342.8,  1,  22.2,   0.8, 0.100
2025-11-13 13:49:21,        0,  29.9,   2.6,  25.9,  0.492, -0.007,  0.000,4638334.8,  1,  22.2,   0.8, 0.100
2025-11-13 13:49:22,        0,  29.9,   2.6,  25.9,  5.815,  3.869,  0.025,4640812.1,  1,  22.2,   0.8, 0.100
2025-11-13 13:49:22,        0,  29.8,   2.5,  25.9,  3.575,  1.847,  0.011,4643412.6,  1,  22.2,   0.8, 0.100
2025-11-13 13:49:23,        0,  29.4,   1.2,  25.8,  1.659,  0.262,  0.000,4644650.2,  1,  22.2,   0.8, 0.100
2025-11-13 13:49:24,        0,  29.9,   2.6,  25.9,  1.148,  0.017,  0.000,4644672.8,  1,  22.2,   0.8, 0.100
2025-11-13 13:49:26,        0,  29.6,   1.9,  25.8,  0.998, -0.004,  0.000,4644671.1,  1,  22.2,   0.8, 0.100
2025-11-13 13:49:27,        0,  29.5,   1.6,  25.9,  0.946, -0.006,  0.000,4644665.3,  1,  22.2,   0.8, 0.100
2025-11-13 13:49:27,        0,  29.6,   1.8,  25.9,  0.905, -0.007,  0.000,4644659.0,  1,  22.2,   0.8, 0.100
2025-11-13 13:49:28,        0,  29.5,   1.6,  25.9,  0.849, -0.007,  0.000,4644652.3,  1,  22.2,   0.9, 0.100
2025-11-13 13:49:30,        0,  29.7,   2.1,  25.9,  0.802, -0.007,  0.000,4644644.3,  1,  22.2,   0.8, 0.100
2025-11-13 13:49:31,        0,  29.6,   1.8,  25.8,  0.773, -0.007,  0.000,4644637.6,  1,  22.2,   0.8, 0.100
2025-11-13 13:49:31,        0,  29.6,   1.9,  25.8,  0.748, -0.007,  0.000,4644630.5,  1,  22.2,   0.8, 0.100
2025-11-13 13:49:32,        0,  29.7,   2.1,  25.8,  0.715, -0.007,  0.000,4644623.8,  1,  22.2,   0.9, 0.100
2025-11-13 13:49:34,        0,  29.6,   1.9,  25.9,  0.696, -0.007,  0.000,4644615.8,  1,  22.2,   0.9, 0.100
2025-11-13 13:49:35,        0,  29.7,   2.1,  25.9,  0.669, -0.007,  0.000,4644608.7,  1,  22.2,   0.9, 0.100
2025-11-13 13:49:35,        0,  29.6,   1.9,  25.9,  0.653, -0.007,  0.000,4644601.1,  1,  22.2,   0.9, 0.100
2025-11-13 13:49:36,        0,  29.7,   2.1,  25.9,  0.639, -0.007,  0.000,4644594.9,  1,  22.2,   0.9, 0.100
2025-11-13 13:49:37,        0,  29.6,   1.9,  25.9,  0.618, -0.007,  0.000,4644587.3,  1,  22.2,   0.9, 0.100
2025-11-13 13:49:39,        0,  29.7,   2.1,  25.9,  0.606, -0.007,  0.000,4644579.3,  1,  22.2,   0.9, 0.100
2025-11-13 13:49:40,        0,  29.6,   1.9,  25.9,  0.589, -0.007,  0.000,4644572.6,  1,  22.2,   0.9, 0.100
2025-11-13 13:49:40,        0,  29.7,   2.1,  25.8,  0.580, -0.007,  0.000,4644565.9,  1,  22.2,   0.8, 0.100
2025-11-13 13:49:41,        0,  29.6,   1.9,  25.8,  0.570, -0.007,  0.000,4644558.8,  1,  22.2,   0.8, 0.100
2025-11-13 13:49:43,        0,  29.7,   2.1,  25.9,  0.557, -0.007,  0.000,4644550.8,  1,  22.2,   0.8, 0.100
2025-11-13 13:49:44,        0,  29.7,   2.1,  25.8,  0.549, -0.007,  0.000,4644544.1,  1,  22.2,   0.8, 0.100
2025-11-13 13:49:44,        0,  29.7,   2.1,  25.9,  0.537, -0.007,  0.000,4644537.4,  1,  22.2,   0.8, 0.100
2025-11-13 13:49:45,        0,  29.8,   2.3,  25.9,  0.529, -0.007,  0.000,4644531.2,  1,  22.2,   0.8, 0.100
2025-11-13 13:49:46,        0,  29.7,   2.1,  25.8,  0.522, -0.007,  0.000,4644524.4,  1,  22.2,   0.8, 0.100
2025-11-13 13:49:48,        0,  29.6,   1.9,  25.8,  0.513, -0.007,  0.000,4644516.9,  1,  22.2,   0.8, 0.100
2025-11-13 13:49:49,        0,  29.8,   2.3,  25.8,  0.503, -0.007,  0.000,4644510.6,  1,  22.2,   0.8, 0.100
2025-11-13 13:49:49,        0,  29.8,   2.5,  25.8,  0.497, -0.007,  0.000,4644504.7,  1,  22.2,   0.8, 0.100
2025-11-13 13:49:50,        0,  29.8,   2.3,  25.8,  0.491, -0.007,  0.000,4644498.5,  1,  22.2,   0.9, 0.100
2025-11-13 13:49:52,        0,  29.8,   2.3,  25.8,  0.483, -0.006,  0.000,4644490.9,  1,  22.2,   0.8, 0.100
2025-11-13 13:49:53,        0,  29.8,   2.3,  25.9,  0.478, -0.007,  0.000,4644484.6,  1,  22.2,   0.9, 0.100
2025-11-13 13:49:53,        0,  29.8,   2.5,  25.8,  0.471, -0.007,  0.000,4644478.3,  1,  22.2,   0.8, 0.100
2025-11-13 13:49:54,        0,  29.8,   2.5,  25.9,  0.466, -0.006,  0.000,4644472.5,  1,  22.2,   0.8, 0.100
2025-11-13 13:49:56,        0,  29.8,   2.5,  25.9,  0.460, -0.006,  0.000,4644465.4,  1,  22.2,   0.8, 0.100
2025-11-13 13:49:57,        0,  29.8,   2.3,  25.8,  0.455, -0.006,  0.000,4644459.9,  1,  22.2,   0.8, 0.100
2025-11-13 13:49:58,        0,  29.8,   2.5,  25.8,  0.451, -0.006,  0.000,4644453.6,  1,  22.2,   0.9, 0.100
2025-11-13 13:49:58,        0,  29.8,   2.5,  25.8,  0.445, -0.006,  0.000,4644447.8,  1,  22.2,   0.9, 0.100
2025-11-13 13:49:59,        0,  29.8,   2.5,  25.8,  0.441, -0.006,  0.000,4644441.5,  1,  22.2,   0.9, 0.100
2025-11-13 13:50:01,        0,  29.8,   2.3,  25.9,  0.436, -0.006,  0.000,4644435.6,  1,  22.2,   0.9, 0.100
2025-11-13 13:50:02,        0,  29.9,   2.6,  25.9,  0.432, -0.006,  0.000,4644429.7,  1,  22.2,   0.9, 0.100
2025-11-13 13:50:02,        0,  29.8,   2.5,  25.8,  0.428, -0.006,  0.000,4644423.9,  1,  22.2,   0.9, 0.100
2025-11-13 13:50:03,        0,  29.9,   2.6,  25.8,  0.423, -0.005,  0.000,4644418.4,  1,  22.2,   0.9, 0.100
2025-11-13 13:50:05,        0,  29.8,   2.3,  25.9,  0.418, -0.005,  0.000,4644412.1,  1,  22.2,   0.9, 0.100
2025-11-13 13:50:06,        0,  29.9,   2.6,  25.8,  0.414, -0.005,  0.000,4644406.3,  1,  22.2,   0.9, 0.100
2025-11-13 13:50:06,        0,  29.8,   2.5,  25.8,  0.412, -0.006,  0.000,4644401.2,  1,  22.2,   0.9, 0.100
2025-11-13 13:50:07,        0,  29.9,   2.6,  25.9,  0.406, -0.006,  0.000,4644395.8,  1,  22.2,   0.9, 0.100
2025-11-13 13:50:08,        0,  29.8,   2.5,  25.8,  0.403, -0.005,  0.000,4644390.8,  1,  22.2,   0.9, 0.100
2025-11-13 13:50:10,        0,  29.9,   2.6,  25.9,  0.398, -0.006,  0.000,4644384.0,  1,  22.2,   0.9, 0.100
2025-11-13 13:50:10,        0,  29.9,   2.6,  25.9,  6.528,  4.336,  0.028,4647165.2,  1,  22.2,   1.0, 0.100
2025-11-13 13:50:11,        0,  29.8,   2.5,  25.8,  6.539,  4.347,  0.028,4651257.6,  1,  22.2,   1.0, 0.100
2025-11-13 13:50:13,        0,  29.3,   0.9,  25.9,  1.484,  0.155,  0.000,4652408.9,  1,  22.2,   1.0, 0.100
2025-11-13 13:50:14,        0,  29.6,   1.8,  25.8,  1.116,  0.013,  0.000,4652421.9,  1,  22.2,   1.0, 0.100
2025-11-13 13:50:14,        0,  29.6,   1.8,  25.8,  0.974, -0.003,  0.000,4652420.6,  1,  22.2,   1.0, 0.100
2025-11-13 13:50:15,        0,  29.5,   1.6,  25.8,  0.924, -0.006,  0.000,4652414.8,  1,  22.2,   1.0, 0.100
2025-11-13 13:50:17,        0,  29.5,   1.6,  25.8,  0.865, -0.007,  0.000,4652406.8,  1,  22.2,   1.0, 0.100
2025-11-13 13:50:18,        0,  29.6,   1.8,  25.8,  0.829, -0.007,  0.000,4652400.5,  1,  22.2,   1.0, 0.100
2025-11-13 13:50:18,        0,  29.5,   1.6,  25.8,  0.797, -0.006,  0.000,4652394.6,  1,  22.2,   1.0, 0.100
2025-11-13 13:50:19,        0,  29.5,   1.6,  25.9,  0.753, -0.006,  0.000,4652387.9,  1,  22.2,   1.0, 0.100
2025-11-13 13:50:21,        0,  29.5,   1.6,  25.8,  0.728, -0.007,  0.000,4652380.4,  1,  22.2,   1.0, 0.100
2025-11-13 13:50:22,        0,  29.5,   1.6,  25.8,  0.695, -0.007,  0.000,4652373.3,  1,  22.2,   1.0, 0.100
2025-11-13 13:50:22,        0,  29.6,   1.8,  25.9,  0.676, -0.007,  0.000,4652366.6,  1,  22.2,   1.0, 0.100
2025-11-13 13:50:23,        0,  29.6,   1.8,  25.8,  0.659, -0.007,  0.000,4652359.4,  1,  22.2,   0.9, 0.100
2025-11-13 13:50:24,        0,  29.6,   1.8,  25.9,  0.635, -0.007,  0.000,4652352.7,  1,  22.2,   0.9, 0.100
2025-11-13 13:50:26,        0,  29.5,   1.6,  25.8,  0.621, -0.007,  0.000,4652344.8,  1,  22.2,   0.9, 0.100
2025-11-13 13:50:27,        0,  29.6,   1.8,  25.8,  0.601, -0.007,  0.000,4652338.1,  1,  22.2,   0.9, 0.100
2025-11-13 13:50:27,        0,  29.6,   1.8,  25.8,  0.590, -0.007,  0.000,4652330.9,  1,  22.2,   0.9, 0.100
2025-11-13 13:50:28,        0,  29.5,   1.4,  25.9,  0.578, -0.007,  0.000,4652324.6,  1,  22.2,   1.0, 0.100
2025-11-13 13:50:30,        0,  29.5,   1.6,  25.9,  0.562, -0.007,  0.000,4652316.7,  1,  22.2,   0.9, 0.100
2025-11-13 13:50:31,        0,  29.6,   1.8,  25.8,  0.547, -0.007,  0.000,4652310.4,  1,  22.2,   0.9, 0.100
2025-11-13 13:50:31,        0,  29.5,   1.6,  25.8,  0.538, -0.006,  0.000,4652303.7,  1,  22.2,   0.9, 0.100
2025-11-13 13:50:32,        0,  29.6,   1.8,  25.8,  0.529, -0.007,  0.000,4652297.4,  1,  22.2,   0.9, 0.100
2025-11-13 13:50:33,        0,  29.6,   1.8,  25.8,  0.521, -0.006,  0.000,4652291.1,  1,  22.2,   1.0, 0.100
2025-11-13 13:50:35,        0,  29.6,   1.8,  25.8,  0.509, -0.006,  0.000,4652283.6,  1,  22.2,   1.0, 0.100
2025-11-13 13:50:36,        0,  29.5,   1.6,  25.8,  0.497, -0.007,  0.000,4652278.1,  1,  22.2,   1.0, 0.100
2025-11-13 13:50:36,        0,  29.6,   1.8,  25.8,  0.491, -0.006,  0.000,4652271.8,  1,  22.2,   1.0, 0.100
2025-11-13 13:50:37,        0,  29.6,   1.7,  25.8,  0.485, -0.007,  0.000,4652266.0,  1,  22.2,   1.0, 0.100
2025-11-13 13:50:39,        0,  29.6,   1.9,  25.8,  0.475, -0.006,  0.000,4652258.8,  1,  22.2,   0.9, 0.100
2025-11-13 13:50:40,        0,  29.6,   1.8,  25.8,  0.469, -0.006,  0.000,4652252.6,  1,  22.2,   1.0, 0.100
2025-11-13 13:50:40,        0,  29.6,   1.8,  25.8,  0.460, -0.006,  0.000,4652247.5,  1,  22.2,   1.0, 0.100
2025-11-13 13:50:41,        0,  29.6,   1.9,  25.8,  0.455, -0.006,  0.000,4652241.7,  1,  22.2,   0.9, 0.100
2025-11-13 13:50:43,        0,  29.6,   1.9,  25.8,  0.447, -0.006,  0.000,4652234.5,  1,  22.2,   0.9, 0.100
2025-11-13 13:50:44,        0,  29.6,   1.8,  25.8,  0.442, -0.006,  0.000,4652228.7,  1,  22.2,   0.9, 0.100
2025-11-13 13:50:45,        0,  29.6,   1.8,  25.8,  0.437, -0.006,  0.000,4652223.6,  1,  22.2,   0.9, 0.100
2025-11-13 13:50:45,        0,  29.7,   2.1,  25.8,  0.430, -0.006,  0.000,4652217.8,  1,  22.2,   0.9, 0.100
2025-11-13 13:50:46,        0,  29.5,   1.6,  25.8,  0.425, -0.005,  0.000,4652212.3,  1,  22.2,   0.9, 0.100
2025-11-13 13:50:48,        0,  29.6,   1.9,  25.8,  0.419, -0.006,  0.000,4652206.0,  1,  22.2,   0.8, 0.100
2025-11-13 13:50:49,        0,  29.6,   1.9,  25.8,  0.415, -0.005,  0.000,4652200.6,  1,  22.2,   0.9, 0.100
2025-11-13 13:50:49,        0,  29.7,   2.1,  25.8,  0.410, -0.005,  0.000,4652196.0,  1,  22.2,   0.8, 0.100
2025-11-13 13:50:50,        0,  29.6,   1.9,  25.8,  0.404, -0.005,  0.000,4652190.5,  1,  22.2,   0.8, 0.100
2025-11-13 13:50:52,        0,  29.6,   1.9,  25.8,  0.399, -0.005,  0.000,4652184.7,  1,  22.2,   0.9, 0.100
2025-11-13 13:50:53,        0,  29.6,   1.9,  25.8,  0.395, -0.005,  0.000,4652179.2,  1,  22.2,   0.8, 0.100
2025-11-13 13:50:53,        0,  29.7,   2.1,  25.8,  0.392, -0.005,  0.000,4652174.6,  1,  22.2,   0.9, 0.100
2025-11-13 13:50:54,        0,  29.7,   2.1,  25.8,  0.387, -0.005,  0.000,4652169.2,  1,  22.2,   0.8, 0.100
2025-11-13 13:50:55,        0,  29.7,   2.1,  25.8,  0.383, -0.005,  0.000,4652164.1,  1,  22.2,   0.8, 0.100
2025-11-13 13:50:57,        0,  29.7,   2.1,  25.8,  0.377, -0.005,  0.000,4652158.3,  1,  22.2,   0.8, 0.100
2025-11-13 13:50:58,        0,  29.7,   2.1,  25.8,  0.375, -0.005,  0.000,4652153.7,  1,  22.2,   0.8, 0.100
2025-11-13 13:50:58,        0,  29.6,   1.9,  25.8,  0.371, -0.005,  0.000,4652148.6,  1,  22.2,   0.8, 0.100
2025-11-13 13:50:59,        0,  29.7,   2.1,  25.8,  0.367, -0.005,  0.000,4652143.6,  1,  22.2,   0.8, 0.100
2025-11-13 13:51:01,        0,  29.8,   2.3,  25.8,  0.364, -0.005,  0.000,4652137.7,  1,  22.2,   0.8, 0.100
2025-11-13 13:51:02,        0,  29.8,   2.3,  25.8,  0.359, -0.005,  0.000,4652133.1,  1,  22.2,   0.8, 0.100
2025-11-13 13:51:02,        0,  29.8,   2.3,  25.8,  0.356, -0.005,  0.000,4652128.5,  1,  22.2,   0.8, 0.100
2025-11-13 13:51:03,        0,  29.7,   2.1,  25.8,  0.354, -0.005,  0.000,4652124.3,  1,  22.2,   0.8, 0.100
2025-11-13 13:51:05,        0,  29.7,   2.1,  25.8,  0.349, -0.005,  0.000,4652118.9,  1,  22.2,   0.8, 0.100
2025-11-13 13:51:06,        0,  29.8,   2.3,  25.8,  0.346, -0.005,  0.000,4652113.8,  1,  22.2,   0.8, 0.100
2025-11-13 13:51:06,        0,  29.7,   2.1,  25.8,  0.342, -0.005,  0.000,4652109.2,  1,  22.2,   0.8, 0.100
2025-11-13 13:51:07,        0,  29.7,   2.1,  25.8,  0.339, -0.004,  0.000,4652105.0,  1,  22.2,   0.9, 0.100
2025-11-13 13:51:08,        0,  29.7,   2.1,  25.8,  0.336, -0.004,  0.000,4652100.4,  1,  22.2,   0.8, 0.100
2025-11-13 13:51:10,        0,  29.7,   2.1,  25.8,  0.332, -0.005,  0.000,4652095.4,  1,  22.2,   0.9, 0.100
2025-11-13 13:51:10,        0,  29.8,   2.3,  25.8,  0.328, -0.005,  0.000,4652091.2,  1,  22.2,   0.9, 0.100
2025-11-13 13:51:11,        0,  29.7,   2.1,  25.8,  0.326, -0.004,  0.000,4652087.0,  1,  22.2,   0.9, 0.100
2025-11-13 13:51:13,        0,  29.6,   1.9,  25.8,  0.322, -0.004,  0.000,4652081.6,  1,  22.2,   0.9, 0.100
2025-11-13 13:51:14,        0,  29.8,   2.3,  25.8,  0.319, -0.004,  0.000,4652077.8,  1,  22.2,   0.9, 0.100
2025-11-13 13:51:15,        0,  29.8,   2.3,  25.8,  0.318, -0.005,  0.000,4652072.8,  1,  22.2,   0.9, 0.100
2025-11-13 13:51:15,        0,  29.8,   2.3,  25.8,  0.315, -0.004,  0.000,4652069.0,  1,  22.2,   1.0, 0.100
2025-11-13 13:51:16,        0,  29.8,   2.3,  25.8,  0.312, -0.004,  0.000,4652064.8,  1,  22.2,   0.9, 0.100
2025-11-13 13:51:18,        0,  29.8,   2.3,  25.8,  0.308, -0.004,  0.000,4652060.2,  1,  22.2,   1.0, 0.100
2025-11-13 13:51:19,        0,  29.8,   2.3,  25.8,  0.306, -0.004,  0.000,4652055.6,  1,  22.2,   0.9, 0.100
2025-11-13 13:51:19,        0,  29.7,   2.1,  25.8,  0.304, -0.004,  0.000,4652051.8,  1,  22.2,   1.0, 0.100
2025-11-13 13:51:20,        0,  29.8,   2.3,  25.8,  0.301, -0.004,  0.000,4652048.0,  1,  22.2,   1.0, 0.100
2025-11-13 13:51:22,        0,  29.7,   2.1,  25.8,  0.299, -0.004,  0.000,4652043.4,  1,  22.2,   1.0, 0.100
2025-11-13 13:51:23,        0,  29.8,   2.3,  25.8,  0.295, -0.004,  0.000,4652039.2,  1,  22.2,   1.0, 0.100
2025-11-13 13:51:23,        0,  29.8,   2.3,  25.8,  0.293, -0.004,  0.000,4652035.1,  1,  22.2,   1.0, 0.100
2025-11-13 13:51:24,        0,  29.8,   2.5,  25.8,  0.291, -0.004,  0.000,4652031.3,  1,  22.2,   1.0, 0.100
2025-11-13 13:51:25,        0,  29.8,   2.3,  25.8,  0.288, -0.004,  0.000,4652027.5,  1,  22.2,   1.0, 0.100
2025-11-13 13:51:27,        0,  29.8,   2.3,  25.8,  0.287, -0.004,  0.000,4652023.3,  1,  22.2,   1.0, 0.100
2025-11-13 13:51:28,        0,  29.8,   2.3,  25.8,  0.284, -0.004,  0.000,4652019.1,  1,  22.2,   1.0, 0.100
2025-11-13 13:51:28,        0,  29.8,   2.5,  25.8,  0.282, -0.004,  0.000,4652015.8,  1,  22.2,   1.0, 0.100
2025-11-13 13:51:29,        0,  29.8,   2.3,  25.8,  0.280, -0.004,  0.000,4652012.0,  1,  22.2,   1.0, 0.100
2025-11-13 13:51:31,        0,  29.9,   2.6,  25.8,  0.278, -0.003,  0.000,4652007.4,  1,  22.2,   0.9, 0.100
2025-11-13 13:51:32,        0,  29.8,   2.5,  25.8,  0.275, -0.004,  0.000,4652004.0,  1,  22.2,   1.0, 0.100
2025-11-13 13:51:32,        0,  29.8,   2.5,  25.8,  0.273, -0.004,  0.000,4652001.1,  1,  22.2,   1.0, 0.100
2025-11-13 13:51:33,        0,  29.8,   2.5,  25.8,  0.272, -0.004,  0.000,4651996.9,  1,  22.2,   1.0, 0.100
2025-11-13 13:51:35,        0,  29.8,   2.5,  25.8,  0.269, -0.004,  0.000,4651992.7,  1,  22.2,   1.0, 0.100
2025-11-13 13:51:36,        0,  29.7,   2.1,  25.8,  0.268, -0.003,  0.000,4651988.9,  1,  22.3,   1.0, 0.100
2025-11-13 13:51:37,        0,  29.9,   2.6,  25.8,  0.265, -0.003,  0.000,4651985.6,  1,  22.2,   1.0, 0.100
2025-11-13 13:51:37,        0,  29.8,   2.5,  25.8,  0.264, -0.004,  0.000,4651982.2,  1,  22.2,   1.0, 0.100
2025-11-13 13:51:38,        0,  29.8,   2.3,  25.8,  0.262, -0.004,  0.000,4651978.9,  1,  22.2,   1.0, 0.100
2025-11-13 13:51:40,        0,  29.9,   2.6,  25.8,  0.260, -0.004,  0.000,4651974.7,  1,  22.2,   1.0, 0.100
2025-11-13 13:51:41,        0,  29.8,   2.5,  25.8,  0.258, -0.004,  0.000,4651971.3,  1,  22.2,   0.9, 0.100
2025-11-13 13:51:41,        0,  29.8,   2.5,  25.8,  0.256, -0.003,  0.000,4651967.6,  1,  22.2,   0.9, 0.100
2025-11-13 13:51:42,        0,  29.8,   2.4,  25.8,  0.255, -0.003,  0.000,4651964.6,  1,  22.2,   1.0, 0.100
2025-11-13 13:51:44,        0,  29.9,   2.6,  25.8,  0.253, -0.003,  0.000,4651960.5,  1,  22.2,   1.0, 0.100
2025-11-13 13:51:45,        0,  29.9,   2.6,  25.8,  0.251, -0.003,  0.000,4651957.1,  1,  22.2,   0.9, 0.100
2025-11-13 13:51:45,        0,  29.9,   2.6,  25.8,  0.250, -0.003,  0.000,4651954.2,  1,  22.2,   0.9, 0.100
2025-11-13 13:51:46,        0,  29.8,   2.4,  25.8,  0.248, -0.004,  0.000,4651950.4,  1,  22.2,   0.9, 0.100
2025-11-13 13:51:48,        0,  29.8,   2.5,  25.8,  0.246, -0.003,  0.000,4651946.2,  1,  22.3,   0.9, 0.100
2025-11-13 13:51:49,        0,  29.9,   2.6,  25.8,  0.245, -0.003,  0.000,4651943.3,  1,  22.2,   0.9, 0.100
2025-11-13 13:51:49,        0,  29.9,   2.6,  25.8,  0.244, -0.003,  0.000,4651940.3,  1,  22.2,   0.9, 0.100
2025-11-13 13:51:50,        0,  29.9,   2.6,  25.8,  0.243, -0.003,  0.000,4651937.0,  1,  22.2,   0.8, 0.100
2025-11-13 13:51:52,        0,  29.9,   2.6,  25.8,  0.241, -0.003,  0.000,4651933.2,  1,  22.2,   0.8, 0.100
2025-11-13 13:51:53,        0,  29.9,   2.6,  25.8,  0.240, -0.003,  0.000,4651929.9,  1,  22.2,   0.8, 0.100
2025-11-13 13:51:53,        0,  29.8,   2.3,  25.8,  0.239, -0.003,  0.000,4651926.9,  1,  22.2,   0.8, 0.100
2025-11-13 13:51:54,        0,  29.9,   2.8,  25.8,  0.237, -0.003,  0.000,4651923.6,  1,  22.3,   0.8, 0.100
2025-11-13 13:51:56,        0,  29.9,   2.6,  25.8,  4.871,  2.898,  0.016,4656171.5,  1,  22.2,   0.8, 0.100
2025-11-13 13:51:57,        0,  29.7,   2.1,  25.8,  6.559,  4.347,  0.029,4660264.4,  1,  22.2,   0.8, 0.100
2025-11-13 13:51:57,        0,  29.7,   2.1,  25.8,  1.387,  0.103,  0.000,4660897.7,  1,  22.2,   0.8, 0.100
2025-11-13 13:51:58,        0,  29.6,   1.8,  25.8,  1.094,  0.011,  0.000,4660914.8,  1,  22.2,   0.8, 0.100
2025-11-13 13:52:00,        0,  29.4,   1.2,  25.8,  0.962, -0.003,  0.000,4660913.6,  1,  22.3,   0.8, 0.100
2025-11-13 13:52:01,        0,  29.4,   1.2,  25.8,  0.911, -0.005,  0.000,4660908.1,  1,  22.3,   0.8, 0.100
2025-11-13 13:52:01,        0,  29.4,   1.2,  25.8,  0.869, -0.006,  0.000,4660902.7,  1,  22.2,   0.8, 0.100
2025-11-13 13:52:02,        0,  29.4,   1.2,  25.8,  0.813, -0.006,  0.000,4660896.4,  1,  22.2,   0.8, 0.100
2025-11-13 13:52:04,        0,  29.4,   1.2,  25.8,  0.780, -0.006,  0.000,4660889.3,  1,  22.2,   0.8, 0.100
2025-11-13 13:52:05,        0,  29.4,   1.2,  25.8,  0.739, -0.007,  0.000,4660882.6,  1,  22.3,   0.8, 0.100
2025-11-13 13:52:05,        0,  29.5,   1.4,  25.8,  0.714, -0.007,  0.000,4660875.9,  1,  22.3,   0.8, 0.100
2025-11-13 13:52:06,        0,  29.4,   1.2,  25.8,  0.692, -0.007,  0.000,4660869.2,  1,  22.2,   0.8, 0.100
2025-11-13 13:52:08,        0,  29.4,   1.2,  25.8,  0.662, -0.007,  0.000,4660861.2,  1,  22.3,   0.8, 0.100
2025-11-13 13:52:09,        0,  29.4,   1.2,  25.8,  0.645, -0.007,  0.000,4660854.5,  1,  22.3,   0.8, 0.100
2025-11-13 13:52:10,        0,  29.5,   1.4,  25.8,  0.621, -0.007,  0.000,4660848.2,  1,  22.3,   0.8, 0.100
2025-11-13 13:52:10,        0,  29.5,   1.4,  25.8,  0.606, -0.007,  0.000,4660841.5,  1,  22.3,   0.9, 0.100
2025-11-13 13:52:11,        0,  29.4,   1.2,  25.8,  0.593, -0.007,  0.000,4660834.8,  1,  22.2,   0.8, 0.100
2025-11-13 13:52:13,        0,  29.4,   1.2,  25.8,  0.574, -0.006,  0.000,4660827.2,  1,  22.2,   0.8, 0.100
2025-11-13 13:52:14,        0,  29.4,   1.2,  25.8,  0.563, -0.007,  0.000,4660821.0,  1,  22.3,   0.8, 0.100
2025-11-13 13:52:14,        0,  29.4,   1.2,  25.8,  0.546, -0.007,  0.000,4660814.7,  1,  22.3,   0.8, 0.100
2025-11-13 13:52:15,        0,  29.4,   1.2,  25.8,  0.536, -0.007,  0.000,4660808.0,  1,  22.3,   0.9, 0.100
2025-11-13 13:52:17,        0,  29.4,   1.2,  25.8,  0.521, -0.006,  0.000,4660800.4,  1,  22.3,   0.9, 0.100
2025-11-13 13:52:18,        0,  29.5,   1.4,  25.8,  0.512, -0.007,  0.000,4660794.6,  1,  22.3,   0.9, 0.100
2025-11-13 13:52:18,        0,  29.5,   1.4,  25.8,  0.503, -0.006,  0.000,4660789.1,  1,  22.3,   0.8, 0.100
2025-11-13 13:52:19,        0,  29.5,   1.6,  25.8,  0.491, -0.006,  0.000,4660783.2,  1,  22.2,   0.9, 0.100
2025-11-13 13:52:21,        0,  29.5,   1.6,  25.8,  0.479, -0.006,  0.000,4660776.5,  1,  22.3,   0.8, 0.100
2025-11-13 13:52:22,        0,  29.5,   1.6,  25.8,  0.471, -0.006,  0.000,4660770.3,  1,  22.3,   0.9, 0.100
2025-11-13 13:52:22,        0,  29.5,   1.4,  25.8,  0.464, -0.006,  0.000,4660765.2,  1,  22.3,   0.9, 0.100
2025-11-13 13:52:23,        0,  29.5,   1.4,  25.8,  0.453, -0.005,  0.000,4660759.4,  1,  22.3,   0.9, 0.100
2025-11-13 13:52:24,        0,  29.4,   1.2,  25.8,  0.447, -0.006,  0.000,4660754.3,  1,  22.3,   0.9, 0.100
2025-11-13 13:52:26,        0,  29.5,   1.4,  25.8,  0.437, -0.005,  0.000,4660747.6,  1,  22.3,   0.9, 0.100
2025-11-13 13:52:27,        0,  29.5,   1.4,  25.8,  0.431, -0.005,  0.000,4660742.2,  1,  22.3,   0.9, 0.100
2025-11-13 13:52:27,        0,  29.5,   1.6,  25.8,  0.425, -0.005,  0.000,4660737.6,  1,  22.3,   1.0, 0.100
2025-11-13 13:52:28,        0,  29.5,   1.6,  25.8,  0.416, -0.005,  0.000,4660731.7,  1,  22.2,   0.9, 0.100
2025-11-13 13:52:30,        0,  29.5,   1.6,  25.8,  0.411, -0.005,  0.000,4660726.2,  1,  22.3,   0.9, 0.100
2025-11-13 13:52:31,        0,  29.6,   1.8,  25.8,  0.402, -0.005,  0.000,4660720.4,  1,  22.3,   0.9, 0.100
2025-11-13 13:52:31,        0,  29.6,   1.8,  25.8,  0.397, -0.005,  0.000,4660715.8,  1,  22.3,   1.0, 0.100
2025-11-13 13:52:32,        0,  29.5,   1.6,  25.8,  0.392, -0.005,  0.000,4660710.7,  1,  22.3,   1.0, 0.100
2025-11-13 13:52:33,        0,  29.5,   1.6,  25.8,  0.385, -0.005,  0.000,4660706.1,  1,  22.3,   1.0, 0.100
2025-11-13 13:52:35,        0,  29.5,   1.6,  25.8,  0.377, -0.005,  0.000,4660700.7,  1,  22.3,   1.0, 0.100
2025-11-13 13:52:36,        0,  29.5,   1.6,  25.8,  0.373, -0.005,  0.000,4660696.1,  1,  22.2,   1.0, 0.100
2025-11-13 13:52:36,        0,  29.5,   1.6,  25.8,  0.369, -0.004,  0.000,4660691.9,  1,  22.3,   1.0, 0.100
2025-11-13 13:52:37,        0,  29.4,   1.2,  25.8,  0.364, -0.005,  0.000,4660686.9,  1,  22.3,   1.0, 0.100
2025-11-13 13:52:39,        0,  29.5,   1.4,  25.8,  0.358, -0.005,  0.000,4660681.8,  1,  22.3,   1.0, 0.100
2025-11-13 13:52:40,        0,  29.5,   1.6,  25.8,  0.352, -0.005,  0.000,4660676.8,  1,  22.3,   1.0, 0.100
2025-11-13 13:52:40,        0,  29.5,   1.6,  25.8,  0.348, -0.005,  0.000,4660672.6,  1,  22.3,   1.0, 0.100
2025-11-13 13:52:41,        0,  29.5,   1.6,  25.8,  0.344, -0.004,  0.000,4660668.4,  1,  22.3,   1.0, 0.100
2025-11-13 13:52:42,        0,  29.5,   1.6,  25.8,  0.338, -0.005,  0.000,4660664.2,  1,  22.3,   1.0, 0.100
2025-11-13 13:52:44,        0,  29.6,   1.8,  25.8,  0.335, -0.005,  0.000,4660658.8,  1,  22.3,   1.0, 0.100
2025-11-13 13:52:45,        0,  29.5,   1.4,  25.8,  0.330, -0.005,  0.000,4660654.6,  1,  22.3,   1.0, 0.100
2025-11-13 13:52:45,        0,  29.5,   1.6,  25.8,  0.326, -0.004,  0.000,4660650.8,  1,  22.3,   1.0, 0.100
2025-11-13 13:52:46,        0,  29.5,   1.6,  25.8,  0.322, -0.004,  0.000,4660647.0,  1,  22.3,   1.0, 0.100
2025-11-13 13:52:48,        0,  29.6,   1.8,  25.8,  0.317, -0.004,  0.000,4660642.0,  1,  22.3,   0.9, 0.100
2025-11-13 13:52:49,        0,  29.6,   1.8,  25.8,  0.315, -0.004,  0.000,4660638.2,  1,  22.3,   1.0, 0.100
2025-11-13 13:52:49,        0,  29.6,   1.7,  25.8,  0.310, -0.004,  0.000,4660634.0,  1,  22.2,   0.9, 0.100
2025-11-13 13:52:50,        0,  29.5,   1.6,  25.8,  0.307, -0.004,  0.000,4660630.3,  1,  22.3,   0.9, 0.100
2025-11-13 13:52:51,        0,  29.5,   1.4,  25.8,  0.304, -0.004,  0.000,4660626.1,  1,  22.3,   0.9, 0.100
2025-11-13 13:52:53,        0,  29.5,   1.6,  25.8,  0.300, -0.004,  0.000,4660621.5,  1,  22.2,   0.8, 0.100
2025-11-13 13:52:54,        0,  29.6,   1.8,  25.8,  0.297, -0.004,  0.000,4660617.7,  1,  22.3,   0.8, 0.100
2025-11-13 13:52:54,        0,  29.5,   1.6,  25.8,  0.293, -0.004,  0.000,4660613.5,  1,  22.3,   0.9, 0.100
2025-11-13 13:52:55,        0,  29.5,   1.6,  25.8,  0.290, -0.004,  0.000,4660610.2,  1,  22.3,   0.8, 0.100
2025-11-13 13:52:57,        0,  29.6,   1.8,  25.8,  0.287, -0.004,  0.000,4660606.0,  1,  22.3,   0.8, 0.100
2025-11-13 13:52:58,        0,  29.6,   1.8,  25.8,  0.284, -0.004,  0.000,4660602.2,  1,  22.2,   0.8, 0.100
2025-11-13 13:52:58,        0,  29.6,   1.8,  25.8,  0.281, -0.003,  0.000,4660598.8,  1,  22.3,   0.8, 0.100
2025-11-13 13:52:59,        0,  29.5,   1.6,  25.8,  0.278, -0.003,  0.000,4660595.1,  1,  22.3,   0.8, 0.100
2025-11-13 13:53:01,        0,  29.6,   1.8,  25.8,  0.274, -0.004,  0.000,4660590.5,  1,  22.3,   0.8, 0.100
2025-11-13 13:53:02,        0,  29.5,   1.6,  25.8,  0.273, -0.003,  0.000,4660587.1,  1,  22.2,   0.8, 0.100
2025-11-13 13:53:03,        0,  29.6,   1.8,  25.8,  0.270, -0.003,  0.000,4660583.3,  1,  22.3,   0.8, 0.100
2025-11-13 13:53:03,        0,  29.6,   1.8,  25.8,  0.267, -0.003,  0.000,4660580.8,  1,  22.3,   0.8, 0.100
2025-11-13 13:53:04,        0,  29.6,   1.8,  25.8,  0.265, -0.003,  0.000,4660577.5,  1,  22.3,   0.8, 0.100
2025-11-13 13:53:06,        0,  29.6,   1.8,  25.8,  0.263, -0.004,  0.000,4660572.9,  1,  22.3,   0.9, 0.100
2025-11-13 13:53:07,        0,  29.6,   1.8,  25.8,  0.260, -0.004,  0.000,4660569.5,  1,  22.3,   0.8, 0.100
2025-11-13 13:53:07,        0,  29.6,   1.8,  25.8,  0.259, -0.003,  0.000,4660566.2,  1,  22.3,   0.8, 0.100
2025-11-13 13:53:09,        0,  29.6,   1.9,  25.8,  0.256, -0.003,  0.000,4660562.0,  1,  22.2,   0.9, 0.100
2025-11-13 13:53:10,        0,  29.6,   1.8,  25.8,  0.254, -0.003,  0.000,4660559.0,  1,  22.3,   0.9, 0.100
2025-11-13 13:53:11,        0,  29.5,   1.6,  25.8,  0.252, -0.004,  0.000,4660555.7,  1,  22.3,   0.9, 0.100
2025-11-13 13:53:11,        0,  29.5,   1.6,  25.8,  0.250, -0.003,  0.000,4660551.9,  1,  22.3,   0.9, 0.100
2025-11-13 13:53:12,        0,  29.6,   1.8,  25.8,  0.248, -0.003,  0.000,4660549.0,  1,  22.3,   0.9, 0.100
2025-11-13 13:53:14,        0,  29.6,   1.8,  25.8,  0.246, -0.003,  0.000,4660545.2,  1,  22.3,   0.9, 0.100
2025-11-13 13:53:15,        0,  29.5,   1.6,  25.8,  0.245, -0.003,  0.000,4660541.8,  1,  22.3,   0.9, 0.100
2025-11-13 13:53:15,        0,  29.6,   1.8,  25.8,  0.243, -0.003,  0.000,4660539.3,  1,  22.3,   1.0, 0.100
2025-11-13 13:53:17,        0,  29.6,   1.8,  25.8,  0.240, -0.003,  0.000,4660535.1,  1,  22.3,   1.0, 0.100
2025-11-13 13:53:18,        0,  29.6,   1.9,  25.8,  0.239, -0.003,  0.000,4660532.2,  1,  22.3,   1.0, 0.100
2025-11-13 13:53:18,        0,  29.5,   1.6,  25.8,  0.238, -0.003,  0.000,4660528.9,  1,  22.3,   1.0, 0.100
2025-11-13 13:53:19,        0,  29.6,   1.9,  25.8,  0.236, -0.003,  0.000,4660525.9,  1,  22.3,   1.0, 0.100
2025-11-13 13:53:21,        0,  29.6,   1.8,  25.8,  0.234, -0.003,  0.000,4660522.6,  1,  22.3,   1.0, 0.100
2025-11-13 13:53:22,        0,  29.6,   1.8,  25.8,  0.232, -0.003,  0.000,4660519.2,  1,  22.3,   0.9, 0.100
2025-11-13 13:53:22,        0,  29.6,   1.8,  25.8,  0.231, -0.003,  0.000,4660516.3,  1,  22.3,   0.9, 0.100
2025-11-13 13:53:23,        0,  29.6,   1.9,  25.8,  0.230, -0.003,  0.000,4660512.9,  1,  22.3,   0.9, 0.100
2025-11-13 13:53:24,        0,  29.7,   2.1,  25.8,  0.229, -0.003,  0.000,4660510.0,  1,  22.3,   0.9, 0.100
2025-11-13 13:53:26,        0,  29.6,   1.9,  25.8,  0.227, -0.003,  0.000,4660506.2,  1,  22.3,   0.9, 0.100
2025-11-13 13:53:27,        0,  29.6,   1.8,  25.8,  0.225, -0.003,  0.000,4660502.9,  1,  22.3,   0.9, 0.100
2025-11-13 13:53:27,        0,  29.6,   1.8,  25.8,  0.224, -0.004,  0.000,4660499.9,  1,  22.3,   0.9, 0.100
2025-11-13 13:53:28,        0,  29.5,   1.6,  25.8,  0.223, -0.003,  0.000,4660496.6,  1,  22.3,   0.8, 0.100
2025-11-13 13:53:30,        0,  29.6,   1.7,  25.8,  0.222, -0.003,  0.000,4660493.2,  1,  22.3,   0.8, 0.100
2025-11-13 13:53:31,        0,  29.7,   2.1,  25.8,  0.221, -0.003,  0.000,4660490.7,  1,  22.4,   0.9, 0.100
2025-11-13 13:53:31,        0,  29.6,   1.9,  25.8,  0.219, -0.003,  0.000,4660487.8,  1,  22.3,   0.8, 0.100
2025-11-13 13:53:32,        0,  29.6,   1.9,  25.8,  0.218, -0.003,  0.000,4660484.8,  1,  22.3,   0.8, 0.100
2025-11-13 13:53:34,        0,  29.7,   2.1,  25.8,  0.218, -0.003,  0.000,4660481.5,  1,  22.3,   0.8, 0.100
2025-11-13 13:53:35,        0,  29.6,   1.9,  25.8,  0.217, -0.003,  0.000,4660478.6,  1,  22.3,   0.8, 0.100
2025-11-13 13:53:35,        0,  29.6,   1.9,  25.8,  0.216, -0.003,  0.000,4660475.2,  1,  22.3,   0.8, 0.100
2025-11-13 13:53:36,        0,  29.7,   2.1,  25.8,  0.214, -0.003,  0.000,4660472.3,  1,  22.3,   0.8, 0.100
2025-11-13 13:53:37,        0,  29.6,   1.9,  25.8,  0.213, -0.003,  0.000,4660468.9,  1,  22.3,   0.8, 0.100
2025-11-13 13:53:39,        0,  29.6,   1.9,  25.8,  0.212, -0.003,  0.000,4660466.0,  1,  22.3,   0.8, 0.100
2025-11-13 13:53:40,        0,  29.7,   2.1,  25.8,  0.212, -0.003,  0.000,4660463.1,  1,  22.3,   0.8, 0.100
2025-11-13 13:53:40,        0,  29.6,   1.9,  25.8,  0.212, -0.004,  0.000,4660460.1,  1,  22.3,   0.8, 0.100
2025-11-13 13:53:41,        0,  29.6,   1.9,  25.8,  0.210, -0.003,  0.000,4660457.6,  1,  22.3,   0.8, 0.100
2025-11-13 13:53:43,        0,  29.7,   2.1,  25.8,  0.209, -0.003,  0.000,4660454.3,  1,  22.4,   0.9, 0.100
2025-11-13 13:53:44,        0,  29.6,   1.9,  25.8,  0.208, -0.003,  0.000,4660451.3,  1,  22.3,   0.9, 0.100
2025-11-13 13:53:44,        0,  29.6,   1.9,  25.8,  0.208, -0.003,  0.000,4660448.4,  1,  22.3,   0.9, 0.100
2025-11-13 13:53:45,        0,  29.7,   2.1,  25.8,  0.206, -0.003,  0.000,4660446.3,  1,  22.3,   0.8, 0.100
2025-11-13 13:53:47,        0,  29.8,   2.3,  25.8,  0.206, -0.003,  0.000,4660442.9,  1,  22.3,   0.9, 0.100
2025-11-13 13:53:48,        0,  29.6,   1.9,  25.8,  0.205, -0.003,  0.000,4660440.0,  1,  22.3,   0.9, 0.100
2025-11-13 13:53:49,        0,  29.7,   2.1,  25.8,  0.204, -0.003,  0.000,4660437.1,  1,  22.3,   0.8, 0.100
2025-11-13 13:53:49,        0,  29.7,   2.1,  25.8,  0.204, -0.003,  0.000,4660434.1,  1,  22.4,   0.9, 0.100
2025-11-13 13:53:50,        0,  29.5,   1.6,  25.8,  0.203, -0.004,  0.000,4660431.2,  1,  22.3,   0.9, 0.100
2025-11-13 13:53:52,        0,  29.7,   2.1,  25.8,  0.202, -0.003,  0.000,4660428.7,  1,  22.3,   0.9, 0.100
2025-11-13 13:53:53,        0,  29.7,   2.1,  25.8,  0.202, -0.003,  0.000,4660425.8,  1,  22.3,   0.9, 0.100
2025-11-13 13:53:53,        0,  29.6,   1.7,  25.8,  0.201, -0.003,  0.000,4660422.8,  1,  22.3,   0.9, 0.100
2025-11-13 13:53:54,        0,  29.7,   2.1,  25.8,  0.201, -0.003,  0.000,4660419.9,  1,  22.3,   0.9, 0.100
2025-11-13 13:53:56,        0,  29.6,   1.9,  25.8,  0.200, -0.003,  0.000,4660416.5,  1,  22.3,   0.9, 0.100
2025-11-13 13:53:57,        0,  29.7,   2.1,  25.8,  0.199, -0.002,  0.000,4660414.0,  1,  22.3,   0.9, 0.100
2025-11-13 13:53:57,        0,  29.7,   2.1,  25.8,  0.198, -0.003,  0.000,4660411.9,  1,  22.4,   0.9, 0.100
2025-11-13 13:53:58,        0,  29.7,   2.1,  25.8,  0.198, -0.003,  0.000,4660409.0,  1,  22.3,   0.9, 0.100
2025-11-13 13:54:00,        0,  29.7,   2.1,  25.8,  0.197, -0.003,  0.000,4660405.6,  1,  22.3,   0.9, 0.100
2025-11-13 13:54:01,        0,  29.7,   2.1,  25.7,  0.196, -0.003,  0.000,4660402.7,  1,  22.3,   0.9, 0.100
2025-11-13 13:54:02,        0,  29.6,   1.9,  25.8,  0.197, -0.003,  0.000,4660400.2,  1,  22.3,   0.9, 0.100
2025-11-13 13:54:02,        0,  29.7,   2.1,  25.8,  0.196, -0.003,  0.000,4660397.7,  1,  22.3,   0.9, 0.100
2025-11-13 13:54:03,        0,  29.8,   2.3,  25.8,  0.195, -0.003,  0.000,4660395.2,  1,  22.3,   0.9, 0.100
2025-11-13 13:54:05,        0,  29.8,   2.3,  25.8,  0.194, -0.003,  0.000,4660391.8,  1,  22.3,   0.9, 0.100
2025-11-13 13:54:06,        0,  29.8,   2.3,  25.8,  0.194, -0.003,  0.000,4660389.3,  1,  22.3,   0.9, 0.100
2025-11-13 13:54:06,        0,  29.6,   1.9,  25.7,  0.193, -0.003,  0.000,4660386.4,  1,  22.4,   0.9, 0.100
2025-11-13 13:54:07,        0,  29.8,   2.3,  25.8,  0.193, -0.003,  0.000,4660384.3,  1,  22.4,   0.9, 0.100
2025-11-13 13:54:09,        0,  29.7,   2.1,  25.8,  0.193, -0.003,  0.000,4660380.9,  1,  22.4,   0.9, 0.100
2025-11-13 13:54:10,        0,  29.7,   2.1,  25.8,  0.192, -0.003,  0.000,4660378.4,  1,  22.4,   0.9, 0.100
2025-11-13 13:54:11,        0,  29.8,   2.3,  25.8,  0.192, -0.003,  0.000,4660375.5,  1,  22.4,   0.9, 0.100
2025-11-13 13:54:11,        0,  29.8,   2.3,  25.8,  0.191, -0.002,  0.000,4660373.4,  1,  22.3,   0.9, 0.100
2025-11-13 13:54:12,        0,  29.8,   2.3,  25.8,  0.190, -0.003,  0.000,4660370.4,  1,  22.4,   0.9, 0.100
2025-11-13 13:54:14,        0,  29.7,   2.1,  25.8,  0.190, -0.002,  0.000,4660367.5,  1,  22.4,   0.9, 0.100
2025-11-13 13:54:15,        0,  29.8,   2.3,  25.8,  0.189, -0.003,  0.000,4660364.6,  1,  22.4,   0.9, 0.100
2025-11-13 13:54:15,        0,  29.8,   2.3,  25.7,  0.190, -0.003,  0.000,4660361.6,  1,  22.3,   0.9, 0.100
2025-11-13 13:54:16,        0,  29.8,   2.3,  25.8,  0.188, -0.003,  0.000,4660360.0,  1,  22.4,   0.9, 0.100
2025-11-13 13:54:18,        0,  29.8,   2.3,  25.8,  0.188, -0.003,  0.000,4660357.0,  1,  22.4,   0.9, 0.100
2025-11-13 13:54:19,        0,  29.8,   2.3,  25.8,  0.188, -0.003,  0.000,4660354.1,  1,  22.4,   0.9, 0.100
2025-11-13 13:54:19,        0,  29.7,   2.1,  25.8,  0.188, -0.003,  0.000,4660351.6,  1,  22.4,   0.9, 0.100
2025-11-13 13:54:20,        0,  29.8,   2.3,  25.7,  0.187, -0.003,  0.000,4660349.1,  1,  22.4,   0.9, 0.100
2025-11-13 13:54:22,        0,  29.7,   2.1,  25.8,  0.187, -0.003,  0.000,4660346.1,  1,  22.4,   0.9, 0.100
2025-11-13 13:54:23,        0,  29.8,   2.3,  25.8,  0.187, -0.003,  0.000,4660343.2,  1,  22.4,   0.9, 0.100
2025-11-13 13:54:23,        0,  29.6,   1.9,  25.8,  0.186, -0.003,  0.000,4660340.3,  1,  22.4,   0.9, 0.100
2025-11-13 13:54:24,        0,  29.8,   2.3,  25.8,  0.186, -0.003,  0.000,4660337.3,  1,  22.3,   0.9, 0.100
2025-11-13 13:54:26,        0,  29.8,   2.3,  25.7,  0.186, -0.003,  0.000,4660334.4,  1,  22.4,   0.9, 0.100
2025-11-13 13:54:27,        0,  29.8,   2.3,  25.7,  0.185, -0.003,  0.000,4660331.9,  1,  22.3,   0.9, 0.100
2025-11-13 13:54:27,        0,  29.8,   2.3,  25.8,  0.184, -0.002,  0.000,4660329.8,  1,  22.4,   0.9, 0.100
2025-11-13 13:54:28,        0,  29.8,   2.3,  25.8,  0.185, -0.003,  0.000,4660326.8,  1,  22.4,   0.9, 0.100
2025-11-13 13:54:30,        0,  29.8,   2.3,  25.7,  0.184, -0.002,  0.000,4660324.8,  1,  22.4,   0.9, 0.100
2025-11-13 13:54:31,        0,  29.8,   2.3,  25.8,  0.184, -0.003,  0.000,4660321.8,  1,  22.4,   0.9, 0.100
2025-11-13 13:54:32,        0,  29.8,   2.3,  25.8,  0.184, -0.003,  0.000,4660319.7,  1,  22.3,   0.9, 0.100
2025-11-13 13:54:32,        0,  29.8,   2.3,  25.8,  0.183, -0.003,  0.000,4660316.8,  1,  22.4,   0.9, 0.100
2025-11-13 13:54:33,        0,  29.8,   2.3,  25.8,  0.183, -0.003,  0.000,4660314.7,  1,  22.4,   0.9, 0.100
2025-11-13 13:54:35,        0,  29.8,   2.3,  25.8,  0.182, -0.003,  0.000,4660311.8,  1,  22.4,   0.9, 0.100
2025-11-13 13:54:36,        0,  29.8,   2.4,  25.8,  0.183, -0.003,  0.000,4660309.2,  1,  22.4,   0.9, 0.100
2025-11-13 13:54:36,        0,  29.8,   2.3,  25.8,  0.182, -0.003,  0.000,4660306.7,  1,  22.4,   0.9, 0.100
2025-11-13 13:54:37,        0,  29.8,   2.3,  25.8,  0.182, -0.003,  0.000,4660304.2,  1,  22.4,   0.9, 0.100
2025-11-13 13:54:39,        0,  29.8,   2.5,  25.8,  0.182, -0.002,  0.000,4660301.3,  1,  22.4,   0.8, 0.100
2025-11-13 13:54:40,        0,  29.8,   2.3,  25.8,  0.181, -0.002,  0.000,4660298.8,  1,  22.4,   0.9, 0.100
2025-11-13 13:54:40,        0,  29.7,   2.1,  25.8,  0.181, -0.002,  0.000,4660296.3,  1,  22.4,   0.9, 0.100
2025-11-13 13:54:41,        0,  29.6,   1.9,  25.8,  0.181, -0.003,  0.000,4660293.7,  1,  22.4,   0.9, 0.100
2025-11-13 13:54:43,        0,  29.7,   2.1,  25.8,  0.181, -0.003,  0.000,4660290.8,  1,  22.4,   0.8, 0.100
2025-11-13 13:54:44,        0,  29.8,   2.3,  25.8,  0.180, -0.002,  0.000,4660288.3,  1,  22.4,   0.8, 0.100
2025-11-13 13:54:44,        0,  29.8,   2.5,  25.8,  0.180, -0.003,  0.000,4660285.8,  1,  22.4,   0.8, 0.100
2025-11-13 13:54:45,        0,  29.8,   2.5,  25.8,  0.180, -0.002,  0.000,4660283.3,  1,  22.4,   0.8, 0.100
2025-11-13 13:54:46,        0,  29.8,   2.5,  25.8,  0.179, -0.003,  0.000,4660280.7,  1,  22.4,   0.8, 0.100
2025-11-13 13:54:48,        0,  29.8,   2.3,  25.8,  0.179, -0.003,  0.000,4660277.8,  1,  22.4,   0.8, 0.100
2025-11-13 13:54:49,        0,  29.8,   2.5,  25.8,  0.179, -0.003,  0.000,4660275.3,  1,  22.4,   0.8, 0.100
2025-11-13 13:54:49,        0,  29.8,   2.3,  25.7,  0.179, -0.002,  0.000,4660273.2,  1,  22.4,   0.8, 0.100
2025-11-13 13:54:50,        0,  29.8,   2.3,  25.8,  0.178, -0.003,  0.000,4660270.7,  1,  22.4,   0.8, 0.100
2025-11-13 13:54:52,        0,  29.8,   2.5,  25.8,  0.178, -0.002,  0.000,4660267.3,  1,  22.4,   0.8, 0.100
2025-11-13 13:54:53,        0,  29.8,   2.5,  25.8,  0.177, -0.003,  0.000,4660264.8,  1,  22.4,   0.8, 0.100
2025-11-13 13:54:53,        0,  29.8,   2.4,  25.7,  0.177, -0.002,  0.000,4660262.7,  1,  22.4,   0.8, 0.100
2025-11-13 13:54:54,        0,  29.8,   2.5,  25.7,  0.177, -0.003,  0.000,4660260.2,  1,  22.4,   0.8, 0.100
2025-11-13 13:54:56,        0,  29.8,   2.5,  25.7,  0.177, -0.002,  0.000,4660256.9,  1,  22.4,   0.8, 0.100
2025-11-13 13:54:57,        0,  29.8,   2.5,  25.7,  0.177, -0.002,  0.000,4660254.8,  1,  22.4,   0.8, 0.100
2025-11-13 13:54:57,        0,  29.8,   2.5,  25.7,  0.177, -0.002,  0.000,4660252.7,  1,  22.4,   0.8, 0.100
2025-11-13 13:54:58,        0,  29.8,   2.5,  25.8,  0.176, -0.003,  0.000,4660249.7,  1,  22.4,   0.8, 0.100
2025-11-13 13:55:00,        0,  29.7,   2.1,  25.8,  0.177, -0.003,  0.000,4660246.8,  1,  22.4,   0.8, 0.100
2025-11-13 13:55:01,        0,  29.8,   2.3,  25.7,  0.176, -0.002,  0.000,4660244.3,  1,  22.4,   0.8, 0.100
2025-11-13 13:55:01,        0,  29.8,   2.3,  25.7,  0.176, -0.002,  0.000,4660242.6,  1,  22.4,   0.8, 0.100
2025-11-13 13:55:02,        0,  29.8,   2.3,  25.7,  0.175, -0.002,  0.000,4660240.1,  1,  22.4,   0.8, 0.100
2025-11-13 13:55:04,        0,  29.8,   2.3,  25.7,  0.175, -0.003,  0.000,4660237.2,  1,  22.4,   0.8, 0.100
2025-11-13 13:55:05,        0,  29.8,   2.5,  25.7,  0.175, -0.002,  0.000,4660235.1,  1,  22.4,   0.8, 0.100
2025-11-13 13:55:06,        0,  29.8,   2.3,  25.8,  0.175, -0.003,  0.000,4660232.1,  1,  22.4,   0.8, 0.100
2025-11-13 13:55:06,        0,  29.8,   2.5,  25.8,  0.175, -0.003,  0.000,4660229.6,  1,  22.4,   0.8, 0.100
2025-11-13 13:55:07,        0,  29.8,   2.3,  25.8,  0.174, -0.003,  0.000,4660227.1,  1,  22.4,   0.8, 0.100
2025-11-13 13:55:09,        0,  29.8,   2.3,  25.8,  0.174, -0.002,  0.000,4660224.6,  1,  22.4,   0.8, 0.100
2025-11-13 13:55:10,        0,  29.8,   2.5,  25.7,  0.174, -0.002,  0.000,4660222.5,  1,  22.4,   0.8, 0.100
2025-11-13 13:55:10,        0,  29.8,   2.3,  25.7,  0.174, -0.003,  0.000,4660219.6,  1,  22.4,   0.8, 0.100
2025-11-13 13:55:11,        0,  29.9,   2.6,  25.7,  0.174, -0.003,  0.000,4660217.5,  1,  22.4,   0.8, 0.100
2025-11-13 13:55:13,        0,  29.9,   2.6,  25.8,  0.173, -0.003,  0.000,4660214.1,  1,  22.4,   0.8, 0.100
2025-11-13 13:55:14,        0,  29.8,   2.5,  25.7,  0.173, -0.002,  0.000,4660211.6,  1,  22.4,   0.8, 0.100
2025-11-13 13:55:15,        0,  29.8,   2.4,  25.7,  0.173, -0.003,  0.000,4660209.1,  1,  22.4,   0.8, 0.100
2025-11-13 13:55:15,        0,  29.8,   2.5,  25.8,  0.173, -0.003,  0.000,4660207.0,  1,  22.4,   0.8, 0.100
2025-11-13 13:55:16,        0,  29.8,   2.5,  25.7,  0.173, -0.003,  0.000,4660204.5,  1,  22.4,   0.8, 0.100
2025-11-13 13:55:18,        0,  29.9,   2.6,  25.7,  0.173, -0.002,  0.000,4660201.5,  1,  22.4,   0.8, 0.100
2025-11-13 13:55:19,        0,  29.8,   2.3,  25.7,  0.173, -0.002,  0.000,4660199.4,  1,  22.4,   0.9, 0.100
2025-11-13 13:55:19,        0,  29.9,   2.6,  25.8,  0.173, -0.003,  0.000,4660196.9,  1,  22.4,   0.8, 0.100
2025-11-13 13:55:20,        0,  29.8,   2.4,  25.7,  0.172, -0.003,  0.000,4660194.4,  1,  22.4,   0.8, 0.100
2025-11-13 13:55:22,        0,  29.8,   2.5,  25.7,  0.171, -0.002,  0.000,4660191.5,  1,  22.4,   0.8, 0.100
2025-11-13 13:55:23,        0,  29.8,   2.5,  25.7,  0.172, -0.003,  0.000,4660189.0,  1,  22.4,   0.9, 0.100
2025-11-13 13:55:23,        0,  29.8,   2.5,  25.7,  0.172, -0.003,  0.000,4660186.9,  1,  22.4,   0.9, 0.100
2025-11-13 13:55:24,        0,  29.9,   2.6,  25.7,  0.171, -0.003,  0.000,4660184.4,  1,  22.4,   0.8, 0.100
2025-11-13 13:55:26,        0,  29.8,   2.3,  25.7,  0.171, -0.003,  0.000,4660181.4,  1,  22.4,   0.9, 0.100
2025-11-13 13:55:27,        0,  29.8,   2.5,  25.7,  0.171, -0.002,  0.000,4660179.7,  1,  22.4,   0.8, 0.100
2025-11-13 13:55:27,        0,  29.8,   2.5,  25.8,  0.171, -0.003,  0.000,4660177.2,  1,  22.4,   0.8, 0.100
2025-11-13 13:55:29,        0,  29.8,   2.5,  25.7,  0.171, -0.003,  0.000,4660174.3,  1,  22.4,   0.9, 0.100
2025-11-13 13:55:30,        0,  29.8,   2.3,  25.7,  0.171, -0.003,  0.000,4660171.8,  1,  22.4,   0.9, 0.100
2025-11-13 13:55:30,        0,  29.9,   2.6,  25.7,  0.171, -0.003,  0.000,4660169.7,  1,  22.4,   0.9, 0.100
2025-11-13 13:55:31,        0,  29.9,   2.6,  25.7,  0.171, -0.002,  0.000,4660167.2,  1,  22.4,   0.9, 0.100
2025-11-13 13:55:32,        0,  29.9,   2.6,  25.7,  0.170, -0.003,  0.000,4660165.5,  1,  22.4,   0.9, 0.100
2025-11-13 13:55:34,        0,  29.9,   2.6,  25.7,  0.170, -0.002,  0.000,4660162.6,  1,  22.4,   0.9, 0.100
2025-11-13 13:55:35,        0,  29.9,   2.6,  25.7,  0.170, -0.003,  0.000,4660160.0,  1,  22.4,   0.9, 0.100
2025-11-13 13:55:35,        0,  29.9,   2.6,  25.7,  0.169, -0.002,  0.000,4660158.0,  1,  22.4,   1.0, 0.100
2025-11-13 13:55:36,        0,  29.8,   2.5,  25.7,  5.870,  3.943,  0.025,4662417.3,  1,  22.4,   0.9, 0.100
2025-11-13 13:55:38,        0,  29.9,   2.6,  25.7,  1.302,  0.062,  0.000,4663099.2,  1,  22.4,   0.9, 0.100
2025-11-13 13:55:39,        0,  29.6,   1.9,  25.7,  1.072,  0.008,  0.000,4663109.2,  1,  22.4,   0.9, 0.100
2025-11-13 13:55:39,        0,  29.8,   2.3,  25.7,  0.976, -0.002,  0.000,4663107.5,  1,  22.4,   0.9, 0.100
2025-11-13 13:55:40,        0,  29.8,   2.3,  25.7,  0.891, -0.006,  0.000,4663102.5,  1,  22.4,   0.9, 0.100
2025-11-13 13:55:41,        0,  29.8,   2.3,  25.7,  0.847, -0.006,  0.000,4663097.1,  1,  22.4,   0.9, 0.100
2025-11-13 13:55:43,        0,  29.8,   2.3,  25.7,  0.791, -0.006,  0.000,4663089.1,  1,  22.4,   0.9, 0.100
2025-11-13 13:55:44,        0,  29.8,   2.3,  25.7,  0.757, -0.007,  0.000,4663083.7,  1,  22.4,   0.9, 0.100
2025-11-13 13:55:44,        0,  29.7,   2.1,  25.7,  0.728, -0.007,  0.000,4663077.4,  1,  22.4,   0.9, 0.100
2025-11-13 13:55:45,        0,  29.8,   2.3,  25.8,  0.690, -0.007,  0.000,4663071.1,  1,  22.4,   0.9, 0.100
2025-11-13 13:55:47,        0,  29.7,   2.1,  25.7,  0.669, -0.007,  0.000,4663063.1,  1,  22.4,   0.9, 0.100
2025-11-13 13:55:48,        0,  29.6,   1.9,  25.7,  0.639, -0.007,  0.000,4663056.8,  1,  22.4,   0.9, 0.100
2025-11-13 13:55:48,        0,  29.8,   2.3,  25.7,  0.622, -0.007,  0.000,4663050.1,  1,  22.4,   0.8, 0.100
2025-11-13 13:55:49,        0,  29.8,   2.3,  25.7,  0.606, -0.007,  0.000,4663043.8,  1,  22.4,   0.8, 0.100
2025-11-13 13:55:51,        0,  29.8,   2.3,  25.7,  0.583, -0.006,  0.000,4663036.3,  1,  22.4,   0.9, 0.100
2025-11-13 13:55:52,        0,  29.8,   2.3,  25.7,  0.563, -0.006,  0.000,4663030.4,  1,  22.4,   0.9, 0.100
2025-11-13 13:55:53,        0,  29.8,   2.3,  25.7,  0.550, -0.006,  0.000,4663025.0,  1,  22.4,   0.9, 0.100
2025-11-13 13:55:53,        0,  29.8,   2.3,  25.7,  0.538, -0.007,  0.000,4663018.3,  1,  22.4,   0.8, 0.100
2025-11-13 13:55:54,        0,  29.8,   2.3,  25.7,  0.521, -0.006,  0.000,4663012.4,  1,  22.4,   0.8, 0.100
2025-11-13 13:55:56,        0,  29.8,   2.3,  25.7,  0.511, -0.006,  0.000,4663005.7,  1,  22.4,   0.8, 0.100
2025-11-13 13:55:57,        0,  29.8,   2.3,  25.7,  0.495, -0.006,  0.000,4663000.3,  1,  22.4,   0.8, 0.100
2025-11-13 13:55:57,        0,  29.7,   2.1,  25.7,  0.486, -0.006,  0.000,4662994.4,  1,  22.4,   0.8, 0.100
2025-11-13 13:55:58,        0,  29.8,   2.3,  25.7,  0.477, -0.006,  0.000,4662988.9,  1,  22.4,   0.8, 0.100
2025-11-13 13:56:00,        0,  29.8,   2.3,  25.7,  0.465, -0.006,  0.000,4662982.7,  1,  22.4,   0.9, 0.100
2025-11-13 13:56:01,        0,  29.8,   2.3,  25.7,  0.457, -0.006,  0.000,4662976.8,  1,  22.4,   0.9, 0.100
2025-11-13 13:56:01,        0,  29.8,   2.3,  25.7,  0.445, -0.005,  0.000,4662972.2,  1,  22.4,   0.8, 0.100
2025-11-13 13:56:02,        0,  29.8,   2.3,  25.7,  0.438, -0.005,  0.000,4662966.7,  1,  22.4,   0.9, 0.100
2025-11-13 13:56:04,        0,  29.8,   2.3,  25.7,  0.428, -0.006,  0.000,4662960.4,  1,  22.4,   0.8, 0.100
2025-11-13 13:56:05,        0,  29.8,   2.5,  25.7,  0.421, -0.005,  0.000,4662955.4,  1,  22.4,   0.9, 0.100
2025-11-13 13:56:05,        0,  29.8,   2.3,  25.7,  0.414, -0.005,  0.000,4662950.4,  1,  22.4,   0.8, 0.100
2025-11-13 13:56:06,        0,  29.7,   2.1,  25.7,  0.405, -0.005,  0.000,4662945.4,  1,  22.4,   0.9, 0.100
2025-11-13 13:56:08,        0,  29.8,   2.5,  25.7,  0.396, -0.005,  0.000,4662939.9,  1,  22.4,   0.8, 0.100
2025-11-13 13:56:09,        0,  29.8,   2.3,  25.7,  0.390, -0.005,  0.000,4662935.3,  1,  22.4,   0.8, 0.100
2025-11-13 13:56:10,        0,  29.8,   2.3,  25.7,  0.385, -0.005,  0.000,4662930.7,  1,  22.4,   0.8, 0.100
2025-11-13 13:56:10,        0,  29.7,   2.1,  25.7,  0.379, -0.005,  0.000,4662925.7,  1,  22.4,   0.8, 0.100
2025-11-13 13:56:11,        0,  29.8,   2.5,  25.7,  0.371, -0.005,  0.000,4662921.0,  1,  22.4,   0.9, 0.100
2025-11-13 13:56:13,        0,  29.8,   2.5,  25.7,  0.364, -0.005,  0.000,4662915.2,  1,  22.4,   0.9, 0.100
2025-11-13 13:56:14,        0,  29.8,   2.3,  25.7,  0.359, -0.005,  0.000,4662911.0,  1,  22.4,   0.9, 0.100
2025-11-13 13:56:14,        0,  29.8,   2.5,  25.7,  0.355, -0.005,  0.000,4662906.4,  1,  22.4,   0.9, 0.100
2025-11-13 13:56:15,        0,  29.8,   2.5,  25.7,  0.350, -0.005,  0.000,4662901.8,  1,  22.4,   0.9, 0.100
2025-11-13 13:56:17,        0,  29.8,   2.3,  25.7,  0.343, -0.005,  0.000,4662896.7,  1,  22.4,   0.9, 0.100
2025-11-13 13:56:18,        0,  29.8,   2.5,  25.7,  0.336, -0.004,  0.000,4662892.5,  1,  22.4,   0.9, 0.100
2025-11-13 13:56:18,        0,  29.8,   2.3,  25.7,  0.333, -0.004,  0.000,4662888.4,  1,  22.4,   0.9, 0.100
2025-11-13 13:56:19,        0,  29.8,   2.5,  25.7,  0.328, -0.004,  0.000,4662884.6,  1,  22.4,   0.9, 0.100
