Time, Cnts,  %T, set_Cell[mA], Cell[°C], Cell[Volt], Cell[mA], Cell[W], Cell[uAs], Cell_ON, Env[°C], TEC[°C], N2Flow[slpm]
2025-10-30 13:35:46,        0,  29.5,   1.6,  25.0,  0.360, -0.005,  0.000,     -1.7,  1,  21.7,   1.0, 0.101
2025-10-30 13:35:47,        0,  29.5,   1.6,  25.0,  0.355, -0.005,  0.000,     -6.3,  1,  21.7,   1.0, 0.100
2025-10-30 13:35:49,        0,  29.5,   1.6,  24.9,  0.348, -0.004,  0.000,    -11.4,  1,  21.6,   1.0, 0.100
2025-10-30 13:35:50,        0,  29.6,   1.8,  25.0,  0.344, -0.004,  0.000,    -15.7,  1,  21.7,   1.0, 0.099
2025-10-30 13:35:51,        0,  29.6,   1.8,  25.0,  0.337, -0.005,  0.000,    -19.7,  1,  21.7,   1.0, 0.098
2025-10-30 13:35:51,        0,  29.5,   1.6,  25.0,  0.333, -0.005,  0.000,    -24.0,  1,  21.7,   1.0, 0.096
2025-10-30 13:35:52,        0,  29.6,   1.8,  25.0,  0.328, -0.005,  0.000,    -28.0,  1,  21.7,   1.0, 0.096
2025-10-30 13:35:54,        0,  29.5,   1.6,  25.0,  0.322, -0.004,  0.000,    -32.9,  1,  21.7,   1.0, 0.095
2025-10-30 13:35:55,        0,  29.5,   1.6,  25.0,  0.316, -0.004,  0.000,    -36.9,  1,  21.7,   1.0, 0.095
2025-10-30 13:35:56,        0,  29.5,   1.6,  25.0,  0.312, -0.004,  0.000,    -40.6,  1,  21.7,   1.0, 0.095
2025-10-30 13:35:56,        0,  29.6,   1.8,  25.0,  0.308, -0.004,  0.000,    -44.3,  1,  21.7,   1.0, 0.094
2025-10-30 13:35:58,        0,  29.5,   1.6,  25.0,  0.303, -0.004,  0.000,    -48.9,  1,  21.7,   1.0, 0.094
2025-10-30 13:35:59,        0,  29.5,   1.6,  25.0,  0.299, -0.004,  0.000,    -52.4,  1,  21.7,   1.0, 0.094
2025-10-30 13:35:59,        0,  29.5,   1.6,  25.0,  0.296, -0.003,  0.000,    -55.8,  1,  21.7,   1.0, 0.094
2025-10-30 13:36:00,        0,  29.6,   1.8,  25.0,  0.291, -0.004,  0.000,    -59.2,  1,  21.7,   1.0, 0.094
2025-10-30 13:36:02,        0,  29.6,   1.8,  25.0,  0.286, -0.004,  0.000,    -63.5,  1,  21.7,   1.0, 0.094
2025-10-30 13:36:03,        0,  29.5,   1.6,  25.0,  0.282, -0.003,  0.000,    -66.9,  1,  21.7,   1.0, 0.094
2025-10-30 13:36:03,        0,  29.5,   1.6,  25.0,  0.280, -0.004,  0.000,    -70.4,  1,  21.7,   1.0, 0.094
2025-10-30 13:36:04,        0,  29.7,   2.1,  25.0,  0.276, -0.004,  0.000,    -73.8,  1,  21.7,   1.0, 0.095
2025-10-30 13:36:06,        0,  30.1,   3.2,  25.0,  2.954,  1.451,  0.006,    827.1,  1,  21.7,   1.0, 0.096
2025-10-30 13:36:07,        0,  30.2,   3.5,  25.0,  7.146,  5.013,  0.036,   5334.1,  1,  21.7,   1.0, 0.096
2025-10-30 13:36:07,        0,  30.3,   3.8,  25.0,  8.247,  6.002,  0.050,  10565.5,  1,  21.7,   1.0, 0.097
2025-10-30 13:36:09,        0,  31.1,   6.4,  25.0,  8.744,  6.450,  0.057,  17279.4,  1,  21.7,   1.0, 0.098
2025-10-30 13:36:10,        0,  31.9,   8.6,  25.0, 10.498,  8.033,  0.086,  24836.5,  1,  21.7,   1.0, 0.103
2025-10-30 13:36:10,        0,  32.4,  10.1,  25.0, 14.320, 11.504,  0.165,  35494.1,  1,  21.6,   0.9, 0.113
2025-10-30 13:36:11,        0,  33.2,  12.7,  25.0, 15.550, 12.625,  0.196,  47641.5,  1,  21.7,   1.0, 0.214
2025-10-30 13:36:13,        0,  34.0,  15.1,  25.0, 17.967, 14.847,  0.267,  65070.5,  1,  21.7,   1.0, 0.109
2025-10-30 13:36:14,        0,  34.4,  16.2,  24.9, 19.649, 16.397,  0.324,  81102.6,  1,  21.7,   1.0, 0.099
2025-10-30 13:36:14,        0,  37.8,  26.4,  24.9, 25.512, 21.800,  0.557, 101226.4,  1,  21.7,   1.0, 0.099
2025-10-30 13:36:15,        0,  36.4,  22.3,  24.9, 29.715, 25.772,  0.768, 126687.0,  1,  21.7,   1.0, 0.098
2025-10-30 13:36:17,        0,  39.0,  30.1,  24.9, 26.491, 22.874,  0.607, 155089.8,  1,  21.7,   1.0, 0.099
2025-10-30 13:36:18,        0,  39.5,  31.5,  25.0, 35.276, 31.153,  1.100, 185724.5,  1,  21.6,   1.0, 0.099
2025-10-30 13:36:18,        0,  38.6,  28.9,  25.0, 37.736, 33.733,  1.274, 219338.9,  1,  21.7,   1.0, 0.099
2025-10-30 13:36:19,        0,  39.6,  31.7,  24.9, 36.382, 32.589,  1.194, 249923.5,  1,  21.7,   1.0, 0.099
2025-10-30 13:36:21,        0,  40.5,  34.4,  25.0, 42.297, 38.484,  1.629, 293565.0,  1,  21.7,   1.0, 0.099
2025-10-30 13:36:22,        0,  40.7,  35.1,  24.9, 35.465, 32.069,  1.149, 326897.1,  1,  21.7,   1.0, 0.099
2025-10-30 13:36:22,        0,  39.8,  32.5,  24.9, 39.941, 36.496,  1.461, 361610.2,  1,  21.7,   1.0, 0.099
2025-10-30 13:36:23,        0,  41.1,  36.3,  24.9, 48.072, 44.556,  2.144, 399676.9,  1,  21.7,   1.0, 0.100
2025-10-30 13:36:25,        0,  41.7,  38.2,  24.9, 46.680, 43.478,  2.035, 447383.9,  1,  21.7,   1.0, 0.100
2025-10-30 13:36:26,        0,  43.3,  42.9,  24.9, 42.986, 40.073,  1.723, 486050.6,  1,  21.7,   1.0, 0.100
2025-10-30 13:36:26,        0,  42.7,  41.2,  25.0, 44.516, 41.804,  1.865, 528789.8,  1,  21.7,   1.1, 0.105
2025-10-30 13:36:27,        0,  39.3,  30.8,  25.0, 47.443, 44.860,  2.138, 569706.9,  1,  21.7,   1.1, 0.106
2025-10-30 13:36:28,        0,  43.1,  42.4,  25.0, 45.436, 42.791,  1.959, 606595.5,  1,  21.7,   1.0, 0.096
2025-10-30 13:36:30,        0,  42.3,  39.8,  25.0, 46.875, 44.412,  2.083, 656735.8,  1,  21.7,   1.0, 0.100
2025-10-30 13:36:31,        0,  39.0,  30.1,  24.9, 39.093, 36.775,  1.446, 693976.6,  1,  21.7,   1.0, 0.100
2025-10-30 13:36:31,        0,  40.9,  35.8,  25.0, 32.961, 30.646,  1.014, 725406.9,  1,  21.7,   1.0, 0.100
2025-10-30 13:36:32,        0,  40.4,  34.1,  25.0, 41.439, 39.098,  1.621, 763823.3,  1,  21.7,   1.0, 0.100
2025-10-30 13:36:34,        0,  39.5,  31.5,  25.0, 31.641, 29.378,  0.939, 802314.1,  1,  21.7,   1.0, 0.100
2025-10-30 13:36:35,        0,  39.0,  29.9,  25.0, 39.855, 37.474,  1.494, 836944.5,  1,  21.7,   1.0, 0.100
2025-10-30 13:36:35,        0,  41.5,  37.4,  25.0, 34.990, 32.611,  1.156, 868266.2,  1,  21.7,   1.0, 0.100
2025-10-30 13:36:36,        0,  37.6,  25.8,  25.0, 40.126, 37.788,  1.518, 904099.8,  1,  21.7,   1.0, 0.100
2025-10-30 13:36:38,        0,  38.3,  27.8,  25.0, 32.535, 30.202,  0.987, 939811.5,  1,  21.7,   1.0, 0.100
2025-10-30 13:36:39,        0,  37.3,  24.9,  25.0, 34.052, 31.614,  1.083, 970027.3,  1,  21.7,   1.0, 0.100
2025-10-30 13:36:39,        0,  41.8,  38.4,  25.0, 42.240, 39.660,  1.680,1002823.8,  1,  21.7,   1.0, 0.100
2025-10-30 13:36:40,        0,  36.9,  23.7,  25.0, 39.982, 37.544,  1.510,1039595.6,  1,  21.7,   1.0, 0.100
2025-10-30 13:36:42,        0,  40.1,  33.2,  25.0, 34.552, 32.068,  1.109,1073538.3,  1,  21.7,   1.0, 0.101
2025-10-30 13:36:43,        0,  37.9,  26.8,  25.0, 36.363, 33.905,  1.241,1107169.3,  1,  21.7,   1.0, 0.100
2025-10-30 13:36:43,        0,  40.0,  33.0,  25.0, 36.094, 33.604,  1.214,1140458.7,  1,  21.7,   1.0, 0.100
2025-10-30 13:36:44,        0,  38.2,  27.6,  25.0, 38.671, 36.224,  1.402,1175099.3,  1,  21.7,   1.0, 0.100
2025-10-30 13:36:46,        0,  39.7,  32.0,  25.0, 35.348, 32.891,  1.164,1213417.6,  1,  21.7,   1.0, 0.100
2025-10-30 13:36:47,        0,  38.5,  28.5,  25.0, 37.966, 35.508,  1.350,1246971.1,  1,  21.7,   1.0, 0.100
2025-10-30 13:36:47,        0,  37.9,  26.6,  25.0, 38.410, 35.980,  1.382,1280248.9,  1,  21.7,   1.0, 0.100
2025-10-30 13:36:48,        0,  38.8,  29.5,  25.0, 31.245, 28.862,  0.902,1308397.7,  1,  21.7,   1.0, 0.100
2025-10-30 13:36:50,        0,  38.2,  27.6,  25.0, 37.854, 35.409,  1.347,1348239.4,  1,  21.7,   1.0, 0.100
2025-10-30 13:36:51,        0,  39.5,  31.6,  25.0, 35.249, 32.795,  1.168,1377578.6,  1,  21.7,   1.0, 0.100
2025-10-30 13:36:51,        0,  36.6,  22.8,  25.0, 28.723, 26.277,  0.759,1405744.0,  1,  21.7,   1.0, 0.100
2025-10-30 13:36:52,        0,  36.8,  23.5,  25.0, 33.526, 30.991,  1.051,1433485.5,  1,  21.7,   1.0, 0.100
2025-10-30 13:36:54,        0,  37.2,  24.5,  25.0, 34.300, 31.673,  1.089,1468554.3,  1,  21.7,   1.0, 0.100
2025-10-30 13:36:55,        0,  39.3,  30.8,  25.0, 35.128, 32.470,  1.143,1499152.9,  1,  21.7,   1.0, 0.100
2025-10-30 13:36:55,        0,  36.4,  22.1,  25.0, 34.666, 32.052,  1.114,1529080.9,  1,  21.7,   1.0, 0.100
2025-10-30 13:36:56,        0,  40.1,  33.2,  25.0, 38.507, 35.859,  1.381,1560354.5,  1,  21.7,   1.0, 0.100
2025-10-30 13:36:58,        0,  38.4,  28.2,  25.0, 32.660, 30.109,  0.999,1599084.5,  1,  21.7,   1.0, 0.100
2025-10-30 13:36:59,        0,  37.4,  25.2,  25.0, 35.925, 33.364,  1.205,1630231.9,  1,  21.7,   1.0, 0.100
2025-10-30 13:36:59,        0,  39.7,  32.0,  25.0, 25.660, 23.211,  0.598,1657593.2,  1,  21.7,   1.0, 0.100
2025-10-30 13:37:00,        0,  41.0,  36.0,  25.0, 41.952, 39.343,  1.657,1695826.1,  1,  21.7,   1.0, 0.100
2025-10-30 13:37:01,        0,  38.7,  29.0,  25.0, 35.673, 33.248,  1.187,1730036.0,  1,  21.7,   1.0, 0.100
2025-10-30 13:37:03,        0,  40.1,  33.2,  25.0, 43.896, 41.408,  1.818,1772683.3,  1,  21.7,   1.0, 0.100
2025-10-30 13:37:04,        0,  41.5,  37.5,  25.0, 43.051, 40.685,  1.757,1810840.8,  1,  21.7,   1.0, 0.100
2025-10-30 13:37:04,        0,  42.2,  39.6,  25.0, 47.334, 45.089,  2.144,1853327.0,  1,  21.7,   1.0, 0.100
2025-10-30 13:37:05,        0,  39.0,  29.9,  25.0, 36.434, 34.331,  1.253,1891270.4,  1,  21.7,   1.0, 0.100
2025-10-30 13:37:07,        0,  41.9,  38.6,  25.1, 49.946, 47.897,  2.394,1941418.7,  1,  21.7,   1.0, 0.100
2025-10-30 13:37:08,        0,  42.3,  39.8,  25.0, 44.471, 42.623,  1.896,1982437.7,  1,  21.7,   1.0, 0.100
2025-10-30 13:37:08,        0,  40.1,  33.2,  25.1, 47.731, 46.013,  2.209,2025494.0,  1,  21.7,   1.0, 0.100
2025-10-30 13:37:09,        0,  41.9,  38.6,  25.1, 47.164, 45.534,  2.154,2066963.3,  1,  21.7,   1.0, 0.100
2025-10-30 13:37:11,        0,  38.7,  29.0,  25.1, 42.097, 40.426,  1.710,2115041.0,  1,  21.7,   1.0, 0.100
2025-10-30 13:37:12,        0,  39.9,  32.8,  25.1, 39.040, 37.275,  1.462,2151067.1,  1,  21.7,   1.0, 0.100
2025-10-30 13:37:12,        0,  43.0,  41.9,  25.1, 51.137, 49.654,  2.551,2194664.9,  1,  21.7,   1.0, 0.100
2025-10-30 13:37:13,        0,  42.1,  39.3,  25.1, 51.389, 50.076,  2.575,2241286.5,  1,  21.7,   1.0, 0.100
2025-10-30 13:37:15,        0,  40.5,  34.6,  25.1, 39.859, 38.525,  1.552,2289901.8,  1,  21.7,   1.0, 0.100
2025-10-30 13:37:16,        0,  43.9,  44.7,  25.1, 48.966, 47.773,  2.341,2333090.6,  1,  21.7,   1.0, 0.100
2025-10-30 13:37:17,        0,  43.6,  43.8,  25.1, 50.076, 48.911,  2.451,2379453.6,  1,  21.7,   1.0, 0.100
2025-10-30 13:37:17,        0,  42.6,  40.8,  25.1, 49.811, 48.714,  2.447,2423100.9,  1,  21.7,   1.0, 0.100
2025-10-30 13:37:18,        0,  45.1,  48.3,  25.1, 42.033, 40.878,  1.721,2464186.7,  1,  21.7,   1.0, 0.100
2025-10-30 13:37:20,        0,  43.5,  43.4,  25.2, 51.637, 51.006,  2.635,2523669.1,  1,  21.7,   1.0, 0.100
2025-10-30 13:37:21,        0,  42.0,  38.9,  25.1, 35.749, 34.665,  1.244,2561853.9,  1,  21.7,   1.0, 0.100
2025-10-30 13:37:21,        0,  43.4,  43.1,  25.1, 51.666, 50.995,  2.658,2608957.7,  1,  21.7,   1.0, 0.100
2025-10-30 13:37:22,        0,  45.9,  50.7,  25.2, 46.380, 45.812,  2.132,2653953.0,  1,  21.7,   1.0, 0.100
2025-10-30 13:37:24,        0,  44.5,  46.4,  25.1, 50.904, 50.542,  2.586,2713203.6,  1,  21.7,   1.0, 0.100
2025-10-30 13:37:25,        0,  42.5,  40.5,  25.2, 45.597, 45.047,  2.055,2758043.2,  1,  21.7,   1.0, 0.100
2025-10-30 13:37:25,        0,  42.8,  41.5,  25.2, 48.613, 48.019,  2.335,2803383.9,  1,  21.7,   1.0, 0.100
2025-10-30 13:37:26,        0,  42.2,  39.6,  25.2, 44.917, 44.151,  1.990,2845513.0,  1,  21.7,   1.0, 0.100
2025-10-30 13:37:28,        0,  42.7,  41.0,  25.2, 50.207, 49.568,  2.491,2899722.3,  1,  21.7,   1.0, 0.100
2025-10-30 13:37:29,        0,  41.7,  38.2,  25.2, 49.037, 48.384,  2.382,2944535.8,  1,  21.7,   1.0, 0.100
2025-10-30 13:37:29,        0,  43.5,  43.4,  25.2, 47.508, 46.872,  2.230,2988390.9,  1,  21.7,   1.0, 0.100
2025-10-30 13:37:30,        0,  41.5,  37.5,  25.2, 46.872, 46.270,  2.171,3032378.7,  1,  21.7,   1.0, 0.100
2025-10-30 13:37:31,        0,  42.1,  39.4,  25.2, 46.686, 46.128,  2.158,3074765.0,  1,  21.7,   1.0, 0.100
2025-10-30 13:37:33,        0,  40.4,  34.1,  25.2, 50.305, 49.941,  2.515,3129334.5,  1,  21.7,   1.0, 0.100
2025-10-30 13:37:34,        0,  42.3,  39.8,  25.2, 39.461, 38.648,  1.529,3167635.0,  1,  21.7,   1.0, 0.100
2025-10-30 13:37:34,        0,  42.1,  39.4,  25.2, 50.099, 49.609,  2.487,3212644.3,  1,  21.7,   1.0, 0.100
2025-10-30 13:37:35,        0,  42.0,  38.9,  25.3, 45.764, 45.129,  2.076,3252363.9,  1,  21.7,   1.0, 0.100
2025-10-30 13:37:37,        0,  39.1,  30.4,  25.2, 29.918, 28.671,  0.862,3291442.6,  1,  21.7,   1.0, 0.100
2025-10-30 13:37:38,        0,  37.9,  26.8,  25.3, 39.201, 38.064,  1.499,3326283.7,  1,  21.7,   1.0, 0.100
2025-10-30 13:37:38,        0,  41.6,  37.7,  25.3, 33.184, 31.748,  1.060,3357223.6,  1,  21.7,   1.0, 0.100
2025-10-30 13:37:39,        0,  40.6,  34.8,  25.3, 41.961, 40.649,  1.707,3395353.1,  1,  21.7,   1.0, 0.100
2025-10-30 13:37:41,        0,  38.9,  29.7,  25.3, 38.610, 37.188,  1.497,3437953.0,  1,  21.7,   1.0, 0.100
2025-10-30 13:37:42,        0,  41.5,  37.6,  25.3, 43.382, 41.900,  1.823,3474111.3,  1,  21.7,   1.0, 0.100
2025-10-30 13:37:43,        0,  41.3,  36.8,  25.3, 38.043, 36.546,  1.391,3510865.1,  1,  21.7,   1.0, 0.100
2025-10-30 13:37:43,        0,  40.5,  34.6,  25.3, 31.813, 30.179,  0.964,3542522.1,  1,  21.7,   1.0, 0.100
2025-10-30 13:37:45,        0,  37.1,  24.3,  25.3, 30.157, 28.336,  0.860,3580860.9,  1,  21.7,   1.0, 0.100
2025-10-30 13:37:46,        0,  39.9,  32.8,  25.3, 38.536, 36.716,  1.423,3613918.7,  1,  21.7,   0.9, 0.100
2025-10-30 13:37:47,        0,  37.5,  25.6,  25.3, 37.409, 35.595,  1.333,3646780.4,  1,  21.7,   1.0, 0.100
2025-10-30 13:37:47,        0,  35.1,  18.4,  25.3, 30.325, 28.333,  0.862,3674252.5,  1,  21.7,   1.0, 0.100
2025-10-30 13:37:48,        0,  40.3,  33.9,  25.3, 36.057, 33.935,  1.230,3702388.9,  1,  21.7,   1.0, 0.100
2025-10-30 13:37:50,        0,  40.5,  34.6,  25.3, 35.976, 33.851,  1.218,3743889.8,  1,  21.7,   1.0, 0.100
2025-10-30 13:37:51,        0,  38.8,  29.4,  25.3, 27.231, 25.098,  0.688,3772877.8,  1,  21.7,   1.0, 0.100
2025-10-30 13:37:51,        0,  37.1,  24.3,  25.3, 24.709, 22.526,  0.575,3798892.3,  1,  21.7,   1.0, 0.100
2025-10-30 13:37:52,        0,  38.6,  28.9,  25.3, 29.851, 27.510,  0.822,3824558.9,  1,  21.7,   1.0, 0.100
2025-10-30 13:37:54,        0,  37.7,  26.1,  25.3, 33.964, 31.569,  1.077,3860368.9,  1,  21.7,   1.0, 0.100
2025-10-30 13:37:54,        0,  37.1,  24.2,  25.3, 28.666, 26.272,  0.756,3885472.7,  1,  21.7,   1.0, 0.100
2025-10-30 13:37:55,        0,  37.9,  26.6,  25.3, 33.331, 30.799,  1.027,3913679.9,  1,  21.7,   1.0, 0.100
2025-10-30 13:37:56,        0,  37.0,  24.0,  25.3, 20.361, 18.008,  0.422,3937003.0,  1,  21.7,   1.0, 0.100
2025-10-30 13:37:58,        0,  38.0,  27.1,  25.3, 32.529, 29.874,  0.972,3970366.3,  1,  21.7,   1.0, 0.100
2025-10-30 13:37:59,        0,  35.8,  20.3,  25.3, 27.327, 24.761,  0.685,3993529.3,  1,  21.7,   1.0, 0.100
2025-10-30 13:37:59,        0,  36.5,  22.5,  25.3, 29.064, 26.333,  0.766,4017569.4,  1,  21.7,   1.0, 0.100
2025-10-30 13:38:00,        0,  37.1,  24.2,  25.3, 27.887, 25.152,  0.702,4042077.7,  1,  21.7,   1.0, 0.100
2025-10-30 13:38:02,        0,  34.3,  16.0,  25.3, 27.467, 24.708,  0.682,4072299.5,  1,  21.7,   1.0, 0.100
2025-10-30 13:38:03,        0,  34.1,  15.3,  25.3, 20.820, 18.198,  0.383,4089541.5,  1,  21.7,   1.0, 0.100
2025-10-30 13:38:03,        0,  34.0,  15.0,  25.3, 22.146, 19.383,  0.431,4109209.6,  1,  21.7,   1.0, 0.100
2025-10-30 13:38:04,        0,  36.0,  20.9,  25.3, 29.034, 26.003,  0.755,4131570.4,  1,  21.7,   1.0, 0.100
2025-10-30 13:38:06,        0,  36.4,  22.3,  25.3, 24.378, 21.431,  0.525,4153542.3,  1,  21.7,   1.0, 0.100
2025-10-30 13:38:07,        0,  36.1,  21.4,  25.3, 24.544, 21.597,  0.530,4175463.5,  1,  21.7,   1.0, 0.100
2025-10-30 13:38:07,        0,  35.4,  19.1,  25.3, 25.757, 22.744,  0.586,4196536.4,  1,  21.7,   1.0, 0.100
2025-10-30 13:38:08,        0,  36.3,  21.9,  25.3, 21.751, 18.877,  0.417,4214405.0,  1,  21.7,   1.0, 0.100
2025-10-30 13:38:09,        0,  34.9,  17.6,  25.3, 22.674, 19.729,  0.455,4234894.6,  1,  21.7,   1.0, 0.100
2025-10-30 13:38:11,        0,  33.8,  14.3,  25.3, 17.707, 14.947,  0.278,4255541.7,  1,  21.7,   1.0, 0.100
2025-10-30 13:38:12,        0,  34.0,  15.1,  25.3, 21.400, 18.420,  0.399,4271703.3,  1,  21.7,   1.0, 0.100
2025-10-30 13:38:12,        0,  32.2,   9.6,  25.3, 23.833, 20.688,  0.494,4290006.0,  1,  21.7,   1.0, 0.100
2025-10-30 13:38:13,        0,  34.6,  16.9,  25.3, 21.083, 17.995,  0.380,4304649.2,  1,  21.7,   1.0, 0.100
2025-10-30 13:38:15,        0,  33.2,  12.5,  25.3, 22.742, 19.562,  0.445,4326500.4,  1,  21.7,   1.0, 0.100
2025-10-30 13:38:16,        0,  33.8,  14.4,  25.3, 12.440,  9.814,  0.124,4338011.2,  1,  21.7,   1.0, 0.100
2025-10-30 13:38:16,        0,  34.1,  15.3,  25.3, 19.238, 16.178,  0.311,4353335.0,  1,  21.7,   1.0, 0.100
2025-10-30 13:38:17,        0,  32.4,  10.3,  25.3, 18.672, 15.645,  0.293,4368833.6,  1,  21.7,   1.0, 0.100
2025-10-30 13:38:19,        0,  31.1,   6.3,  25.3, 13.797, 11.040,  0.153,4382740.0,  1,  21.7,   1.0, 0.100
2025-10-30 13:38:20,        0,  33.3,  12.9,  25.3, 12.581,  9.876,  0.126,4392111.0,  1,  21.7,   1.0, 0.100
2025-10-30 13:38:20,        0,  34.6,  16.9,  25.3, 19.971, 16.778,  0.335,4408001.8,  1,  21.7,   1.0, 0.100
2025-10-30 13:38:21,        0,  32.0,   8.9,  25.3, 21.668, 18.383,  0.404,4424271.9,  1,  21.7,   1.0, 0.100
2025-10-30 13:38:22,        0,  33.9,  14.8,  25.3, 16.327, 13.342,  0.219,4437085.8,  1,  21.7,   1.0, 0.100
2025-10-30 13:38:24,        0,  32.1,   9.4,  25.3, 13.261, 10.496,  0.140,4452417.1,  1,  21.7,   1.0, 0.100
2025-10-30 13:38:25,        0,  31.8,   8.4,  25.3, 16.036, 13.035,  0.210,4464570.0,  1,  21.7,   1.0, 0.100
2025-10-30 13:38:25,        0,  32.7,  11.1,  25.3, 17.436, 14.304,  0.254,4477027.6,  1,  21.7,   1.0, 0.100
2025-10-30 13:38:26,        0,  33.4,  13.2,  25.3,  9.399,  6.878,  0.065,4486234.3,  1,  21.7,   1.0, 0.100
2025-10-30 13:38:28,        0,  31.6,   7.8,  25.3, 14.652, 11.716,  0.174,4501103.4,  1,  21.7,   1.0, 0.100
2025-10-30 13:38:29,        0,  32.7,  11.0,  25.3, 15.813, 12.768,  0.204,4512715.7,  1,  21.7,   1.0, 0.100
2025-10-30 13:38:29,        0,  32.7,  11.0,  25.3, 15.007, 12.010,  0.184,4524904.6,  1,  21.7,   1.0, 0.100
2025-10-30 13:38:30,        0,  31.0,   5.9,  25.3, 13.936, 11.010,  0.155,4535661.5,  1,  21.7,   1.0, 0.100
2025-10-30 13:38:32,        0,  33.0,  12.0,  25.3, 15.985, 12.888,  0.207,4549494.2,  1,  21.7,   1.0, 0.100
2025-10-30 13:38:33,        0,  32.4,  10.1,  25.3, 13.137, 10.266,  0.136,4560758.2,  1,  21.7,   1.0, 0.100
2025-10-30 13:38:33,        0,  32.5,  10.6,  25.3, 16.923, 13.738,  0.233,4573340.3,  1,  21.7,   1.0, 0.100
2025-10-30 13:38:34,        0,  33.8,  14.3,  25.3, 15.381, 12.299,  0.190,4584660.5,  1,  21.7,   1.0, 0.100
2025-10-30 13:38:35,        0,  33.1,  12.2,  25.3, 15.459, 12.369,  0.199,4597869.9,  1,  21.7,   1.0, 0.100
2025-10-30 13:38:37,        0,  31.7,   8.0,  25.3, 13.920, 10.950,  0.153,4611232.8,  1,  21.7,   1.0, 0.100
2025-10-30 13:38:38,        0,  31.0,   5.9,  25.3, 14.734, 11.682,  0.172,4621783.1,  1,  21.7,   1.0, 0.100
2025-10-30 13:38:38,        0,  31.4,   7.1,  25.3, 13.832, 10.847,  0.152,4630956.2,  1,  21.7,   1.0, 0.100
2025-10-30 13:38:39,        0,  31.8,   8.5,  25.3, 10.019,  7.367,  0.074,4638832.7,  1,  21.7,   1.0, 0.100
2025-10-30 13:38:41,        0,  31.5,   7.5,  25.3, 12.627,  9.739,  0.127,4650164.6,  1,  21.7,   1.0, 0.100
2025-10-30 13:38:42,        0,  32.3,   9.9,  25.3, 10.631,  7.911,  0.086,4658732.6,  1,  21.7,   1.0, 0.100
2025-10-30 13:38:42,        0,  31.9,   8.7,  25.4, 14.911, 11.814,  0.176,4669602.7,  1,  21.7,   1.0, 0.100
2025-10-30 13:38:43,        0,  32.1,   9.2,  25.3, 11.644,  8.833,  0.107,4678207.5,  1,  21.7,   1.0, 0.100
2025-10-30 13:38:45,        0,  29.9,   2.6,  25.3, 11.963,  9.115,  0.111,4688844.2,  1,  21.7,   1.0, 0.100
2025-10-30 13:38:46,        0,  31.6,   7.7,  25.3, 10.171,  7.494,  0.082,4696066.9,  1,  21.7,   1.0, 0.100
2025-10-30 13:38:46,        0,  30.9,   5.6,  25.3, 13.584, 10.576,  0.144,4705560.6,  1,  21.7,   1.0, 0.100
2025-10-30 13:38:47,        0,  31.4,   7.3,  25.3,  8.204,  5.711,  0.053,4711783.8,  1,  21.7,   1.0, 0.100
2025-10-30 13:38:49,        0,  31.3,   6.8,  25.3, 13.761, 10.726,  0.148,4723185.3,  1,  21.7,   1.0, 0.100
2025-10-30 13:38:50,        0,  32.4,  10.1,  25.3, 10.194,  7.490,  0.077,4730875.7,  1,  21.7,   1.0, 0.100
2025-10-30 13:38:50,        0,  29.2,   0.5,  25.3, 12.924,  9.960,  0.132,4739203.5,  1,  21.7,   1.0, 0.100
2025-10-30 13:38:51,        0,  31.5,   7.5,  25.4,  9.714,  7.092,  0.072,4744283.3,  1,  21.7,   1.0, 0.100
2025-10-30 13:38:53,        0,  30.5,   4.5,  25.3,  9.570,  6.920,  0.068,4753984.1,  1,  21.7,   1.0, 0.100
2025-10-30 13:38:54,        0,  31.7,   8.0,  25.3,  9.637,  6.987,  0.068,4760627.6,  1,  21.7,   1.0, 0.100
2025-10-30 13:38:54,        0,  30.8,   5.3,  25.3, 13.481, 10.447,  0.143,4769727.0,  1,  21.7,   1.0, 0.100
2025-10-30 13:38:55,        0,  31.0,   5.9,  25.3,  8.529,  5.981,  0.052,4775811.9,  1,  21.7,   1.0, 0.100
2025-10-30 13:38:57,        0,  31.1,   6.4,  25.4,  8.033,  5.544,  0.048,4782523.3,  1,  21.7,   1.0, 0.100
2025-10-30 13:38:58,        0,  31.5,   7.5,  25.3, 11.874,  8.985,  0.107,4790396.4,  1,  21.7,   1.0, 0.100
2025-10-30 13:38:58,        0,  31.1,   6.3,  25.3,  9.425,  6.778,  0.064,4797428.8,  1,  21.7,   1.0, 0.100
2025-10-30 13:38:59,        0,  31.8,   8.4,  25.3,  9.470,  6.820,  0.065,4804853.1,  1,  21.7,   1.0, 0.100
2025-10-30 13:39:01,        0,  31.1,   6.3,  25.3, 10.701,  7.922,  0.085,4814250.4,  1,  21.7,   1.0, 0.100
2025-10-30 13:39:02,        0,  31.8,   8.5,  25.3,  8.705,  6.133,  0.055,4820438.4,  1,  21.7,   1.0, 0.100
2025-10-30 13:39:02,        0,  31.2,   6.6,  25.3, 11.030,  8.216,  0.093,4828825.3,  1,  21.7,   0.9, 0.100
2025-10-30 13:39:03,        0,  28.9,   0.0,  25.3,  7.663,  5.200,  0.041,4834794.9,  1,  21.7,   0.9, 0.100
2025-10-30 13:39:05,        0,  30.5,   4.5,  25.3, 10.652,  7.901,  0.085,4841149.6,  1,  21.7,   0.9, 0.100
2025-10-30 13:39:06,        0,  30.6,   4.7,  25.3,  9.538,  6.884,  0.067,4847462.1,  1,  21.7,   0.9, 0.100
2025-10-30 13:39:06,        0,  27.2,   0.0,  25.3,  8.556,  6.004,  0.051,4853171.4,  1,  21.7,   0.9, 0.100
2025-10-30 13:39:07,        0,  30.6,   4.9,  25.3,  7.376,  4.998,  0.037,4856064.8,  1,  21.7,   0.9, 0.100
2025-10-30 13:39:09,        0,  30.9,   5.8,  25.3, 11.006,  8.219,  0.093,4864557.4,  1,  21.7,   0.9, 0.100
2025-10-30 13:39:10,        0,  30.3,   3.8,  25.3,  7.833,  5.363,  0.043,4870620.8,  1,  21.7,   0.8, 0.100
2025-10-30 13:39:10,        0,  30.7,   5.1,  25.3,  9.948,  7.260,  0.072,4876982.3,  1,  21.7,   0.8, 0.100
2025-10-30 13:39:11,        0,  30.5,   4.5,  25.4,  5.495,  3.307,  0.023,4881058.8,  1,  21.7,   0.8, 0.100
2025-10-30 13:39:12,        0,  31.4,   7.3,  25.3, 11.034,  8.239,  0.092,4888172.1,  1,  21.7,   0.8, 0.100
2025-10-30 13:39:14,        0,  30.2,   3.5,  25.3, 10.439,  7.684,  0.081,4896852.4,  1,  21.7,   0.8, 0.100
2025-10-30 13:39:15,        0,  30.4,   4.2,  25.3,  2.527,  0.761,  0.002,4899067.8,  1,  21.7,   0.8, 0.100
2025-10-30 13:39:15,        0,  30.2,   3.7,  25.3,  9.615,  6.993,  0.067,4904891.1,  1,  21.7,   0.8, 0.100
2025-10-30 13:39:16,        0,  30.2,   3.5,  25.3,  7.641,  5.209,  0.040,4909808.7,  1,  21.7,   0.8, 0.100
2025-10-30 13:39:18,        0,  31.1,   6.4,  25.3,  8.820,  6.260,  0.055,4916965.6,  1,  21.7,   0.8, 0.100
2025-10-30 13:39:19,        0,  30.6,   4.7,  25.3,  8.431,  5.902,  0.050,4923330.0,  1,  21.7,   0.8, 0.100
2025-10-30 13:39:19,        0,  29.2,   0.7,  25.3,  8.297,  5.782,  0.048,4928748.5,  1,  21.7,   0.8, 0.100
2025-10-30 13:39:20,        0,  29.6,   1.8,  25.3,  7.193,  4.832,  0.037,4932781.0,  1,  21.7,   0.8, 0.100
2025-10-30 13:39:22,        0,  30.6,   4.7,  25.3,  6.847,  4.520,  0.034,4937461.1,  1,  21.7,   0.8, 0.100
2025-10-30 13:39:23,        0,  30.2,   3.5,  25.3,  8.217,  5.726,  0.048,4942732.9,  1,  21.7,   0.8, 0.100
2025-10-30 13:39:23,        0,  29.8,   2.3,  25.3,  6.520,  4.221,  0.031,4947170.2,  1,  21.7,   0.8, 0.100
2025-10-30 13:39:24,        0,  30.2,   3.5,  25.3,  8.439,  5.943,  0.050,4951129.0,  1,  21.7,   0.8, 0.100
2025-10-30 13:39:25,        0,  29.8,   2.5,  25.3,  5.921,  3.687,  0.023,4954101.7,  1,  21.7,   0.8, 0.100
2025-10-30 13:39:27,        0,  30.6,   4.9,  25.3,  9.364,  6.794,  0.064,4958464.0,  1,  21.7,   0.9, 0.100
2025-10-30 13:39:28,        0,  30.3,   4.0,  25.3,  7.250,  4.872,  0.036,4963364.9,  1,  21.7,   0.9, 0.100
2025-10-30 13:39:28,        0,  30.2,   3.5,  25.3,  8.643,  6.107,  0.053,4968891.1,  1,  21.7,   0.9, 0.100
2025-10-30 13:39:29,        0,  29.6,   1.8,  25.3,  3.021,  1.174,  0.004,4971068.7,  1,  21.7,   0.9, 0.100
2025-10-30 13:39:31,        0,  30.0,   3.0,  25.3,  4.335,  2.319,  0.013,4973790.3,  1,  21.7,   0.9, 0.100
2025-10-30 13:39:32,        0,  30.2,   3.7,  25.3,  7.157,  4.805,  0.037,4977571.4,  1,  21.7,   1.0, 0.100
2025-10-30 13:39:32,        0,  30.5,   4.4,  25.3,  5.559,  3.385,  0.022,4982155.9,  1,  21.7,   0.9, 0.100
2025-10-30 13:39:33,        0,  30.2,   3.5,  25.3,  7.776,  5.338,  0.043,4987068.5,  1,  21.7,   1.0, 0.100
2025-10-30 13:39:35,        0,  30.1,   3.3,  25.3,  6.857,  4.518,  0.031,4992542.3,  1,  21.7,   1.0, 0.100
2025-10-30 13:39:36,        0,  29.4,   1.3,  25.3,  6.669,  4.349,  0.029,4996755.9,  1,  21.7,   1.0, 0.100
2025-10-30 13:39:36,        0,  29.8,   2.5,  25.3,  2.380,  0.705,  0.004,4998600.8,  1,  21.7,   1.0, 0.100
2025-10-30 13:39:37,        0,  29.8,   2.3,  25.3,  4.717,  2.653,  0.016,5001922.5,  1,  21.7,   1.0, 0.100
2025-10-30 13:39:39,        0,  30.2,   3.7,  25.3,  5.045,  2.934,  0.017,5006102.6,  1,  21.7,   1.0, 0.100
2025-10-30 13:39:40,        0,  30.1,   3.2,  25.3,  6.965,  4.617,  0.032,5010587.7,  1,  21.7,   1.0, 0.100
2025-10-30 13:39:40,        0,  29.5,   1.4,  25.3,  6.669,  4.351,  0.029,5014748.5,  1,  21.7,   1.0, 0.100
2025-10-30 13:39:41,        0,  30.0,   3.0,  25.3,  3.936,  2.020,  0.013,5017288.6,  1,  21.7,   1.0, 0.100
2025-10-30 13:39:42,        0,  28.9,   0.0,  25.3,  6.819,  4.489,  0.031,5020931.4,  1,  21.7,   1.0, 0.100
2025-10-30 13:39:44,        0,  29.8,   2.5,  25.3,  4.545,  2.567,  0.016,5022440.2,  1,  21.7,   1.0, 0.100
2025-10-30 13:39:45,        0,  30.0,   3.0,  25.3,  1.404,  0.021,  0.000,5022514.3,  1,  21.7,   1.0, 0.100
2025-10-30 13:39:45,        0,  30.2,   3.7,  25.3,  5.272,  3.142,  0.019,5025836.9,  1,  21.7,   1.0, 0.100
2025-10-30 13:39:46,        0,  30.2,   3.5,  25.3,  6.722,  4.415,  0.030,5030183.4,  1,  21.7,   1.0, 0.100
2025-10-30 13:39:48,        0,  30.0,   3.0,  25.3,  5.200,  3.066,  0.018,5034043.2,  1,  21.7,   1.0, 0.100
2025-10-30 13:39:49,        0,  30.0,   3.1,  25.3,  6.652,  4.351,  0.029,5037433.3,  1,  21.7,   1.0, 0.100
2025-10-30 13:39:49,        0,  29.9,   2.8,  25.3,  2.314,  0.602,  0.002,5039510.3,  1,  21.7,   1.0, 0.100
2025-10-30 13:39:50,        0,  29.6,   1.8,  25.3,  2.981,  1.158,  0.004,5040875.7,  1,  21.7,   1.0, 0.100
2025-10-30 13:39:52,        0,  29.7,   2.0,  25.3,  1.336,  0.003,  0.000,5040907.6,  1,  21.7,   1.0, 0.100
2025-10-30 13:39:53,        0,  30.0,   3.0,  25.3,  1.259, -0.008,  0.000,5041974.2,  1,  21.7,   1.0, 0.100
2025-10-30 13:39:53,        0,  30.1,   3.3,  25.3,  5.536,  3.380,  0.020,5044425.9,  1,  21.7,   1.0, 0.100
2025-10-30 13:39:54,        0,  29.8,   2.3,  25.3,  7.035,  4.700,  0.033,5048877.1,  1,  21.7,   1.0, 0.100
2025-10-30 13:39:55,        0,  29.9,   2.8,  25.3,  2.022,  0.380,  0.001,5049924.0,  1,  21.7,   1.0, 0.100
2025-10-30 13:39:57,        0,  29.5,   1.6,  25.3,  6.683,  4.388,  0.029,5054239.0,  1,  21.7,   1.0, 0.100
2025-10-30 13:39:58,        0,  30.2,   3.5,  25.3,  1.861,  0.266,  0.001,5054812.3,  1,  21.7,   1.0, 0.100
2025-10-30 13:39:58,        0,  30.1,   3.3,  25.3,  6.053,  3.834,  0.025,5057676.4,  1,  21.7,   1.0, 0.100
2025-10-30 13:39:59,        0,  28.8,   0.0,  25.3,  2.442,  0.709,  0.002,5059767.3,  1,  21.7,   1.0, 0.100
2025-10-30 13:40:01,        0,  29.8,   2.3,  25.3,  2.292,  0.595,  0.002,5061194.3,  1,  21.7,   1.0, 0.100
2025-10-30 13:40:02,        0,  29.7,   2.0,  25.3,  3.566,  1.820,  0.012,5062651.5,  1,  21.7,   1.0, 0.100
2025-10-30 13:40:02,        0,  29.7,   2.1,  25.3,  2.733,  1.000,  0.005,5064834.6,  1,  21.7,   1.0, 0.100
2025-10-30 13:40:03,        0,  29.5,   1.4,  25.3,  3.398,  1.610,  0.010,5066283.8,  1,  21.7,   1.0, 0.100
2025-10-30 13:40:05,        0,  29.5,   1.6,  25.3,  3.176,  1.422,  0.010,5068848.2,  1,  21.7,   1.0, 0.100
2025-10-30 13:40:06,        0,  29.8,   2.3,  25.3,  4.551,  2.520,  0.014,5070948.3,  1,  21.7,   1.0, 0.100
2025-10-30 13:40:06,        0,  29.9,   2.6,  25.3,  1.894,  0.292,  0.001,5071903.9,  1,  21.7,   1.0, 0.100
2025-10-30 13:40:07,        0,  30.1,   3.3,  25.3,  4.760,  2.813,  0.019,5074445.7,  1,  21.7,   1.0, 0.100
2025-10-30 13:40:08,        0,  29.7,   2.1,  25.3,  6.644,  4.355,  0.029,5078694.5,  1,  21.7,   1.0, 0.100
2025-10-30 13:40:10,        0,  29.7,   2.1,  25.3,  1.773,  0.210,  0.000,5079464.8,  1,  21.7,   1.0, 0.100
2025-10-30 13:40:11,        0,  29.4,   1.2,  25.3,  1.293, -0.002,  0.000,5079468.1,  1,  21.7,   1.0, 0.100
2025-10-30 13:40:11,        0,  29.8,   2.5,  25.3,  1.230, -0.009,  0.000,5079460.1,  1,  21.7,   1.0, 0.100
2025-10-30 13:40:12,        0,  29.8,   2.3,  25.3,  1.188, -0.011,  0.000,5079450.1,  1,  21.7,   1.0, 0.100
2025-10-30 13:40:14,        0,  29.9,   2.8,  25.3,  5.489,  3.484,  0.024,5082028.4,  1,  21.7,   1.0, 0.100
2025-10-30 13:40:15,        0,  29.8,   2.3,  25.3,  6.688,  4.407,  0.029,5085943.1,  1,  21.7,   1.0, 0.100
2025-10-30 13:40:15,        0,  30.0,   3.0,  25.3,  1.543,  0.082,  0.000,5086246.6,  1,  21.7,   1.0, 0.100
2025-10-30 13:40:16,        0,  29.7,   2.1,  25.3,  4.198,  2.224,  0.011,5088535.2,  1,  21.7,   1.0, 0.100
2025-10-30 13:40:18,        0,  29.5,   1.6,  25.3,  1.340,  0.009,  0.000,5088580.1,  1,  21.7,   1.0, 0.100
2025-10-30 13:40:19,        0,  29.6,   1.9,  25.3,  4.751,  2.848,  0.019,5090985.7,  1,  21.7,   1.0, 0.100
2025-10-30 13:40:20,        0,  29.9,   2.6,  25.3,  2.336,  0.643,  0.000,5091607.2,  1,  21.7,   1.0, 0.100
2025-10-30 13:40:20,        0,  29.8,   2.5,  25.3,  1.300,  0.002,  0.000,5091616.0,  1,  21.7,   0.9, 0.100
2025-10-30 13:40:21,        0,  29.9,   2.6,  25.3,  3.755,  1.996,  0.011,5093355.7,  1,  21.7,   1.0, 0.100
2025-10-30 13:40:23,        0,  29.9,   2.8,  25.3,  1.947,  0.345,  0.001,5095394.6,  1,  21.7,   1.0, 0.100
2025-10-30 13:40:24,        0,  29.9,   2.6,  25.3,  4.474,  2.478,  0.013,5096877.7,  1,  21.7,   1.0, 0.100
2025-10-30 13:40:24,        0,  29.9,   2.6,  25.3,  1.331,  0.010,  0.000,5096914.2,  1,  21.7,   1.0, 0.100
2025-10-30 13:40:25,        0,  29.8,   2.3,  25.3,  1.232, -0.006,  0.000,5096910.4,  1,  21.7,   1.0, 0.100
2025-10-30 13:40:27,        0,  29.6,   1.8,  25.3,  1.157, -0.010,  0.000,5096899.1,  1,  21.7,   0.9, 0.100
2025-10-30 13:40:28,        0,  29.9,   2.6,  25.3,  1.117, -0.010,  0.000,5096889.5,  1,  21.7,   1.0, 0.100
2025-10-30 13:40:28,        0,  30.1,   3.3,  25.3,  5.705,  3.669,  0.024,5099748.5,  1,  21.7,   1.0, 0.100
2025-10-30 13:40:29,        0,  30.0,   3.0,  25.3,  6.598,  4.353,  0.029,5103960.9,  1,  21.7,   1.0, 0.100
2025-10-30 13:40:31,        0,  29.6,   1.8,  25.3,  5.387,  3.282,  0.020,5107579.8,  1,  21.7,   1.0, 0.100
2025-10-30 13:40:32,        0,  29.6,   1.9,  25.3,  1.402,  0.034,  0.000,5107689.6,  1,  21.7,   1.0, 0.100
2025-10-30 13:40:32,        0,  29.5,   1.4,  25.3,  1.252, -0.001,  0.000,5107690.8,  1,  21.7,   1.0, 0.100
2025-10-30 13:40:34,        0,  29.4,   1.2,  25.3,  1.160, -0.008,  0.000,5107681.2,  1,  21.7,   1.0, 0.100
2025-10-30 13:40:35,        0,  29.7,   2.1,  25.3,  1.119, -0.009,  0.000,5107672.8,  1,  21.7,   1.0, 0.100
2025-10-30 13:40:36,        0,  29.8,   2.3,  25.3,  1.080, -0.010,  0.000,5107663.2,  1,  21.7,   1.0, 0.100
2025-10-30 13:40:36,        0,  29.8,   2.5,  25.3,  1.029, -0.010,  0.000,5107653.9,  1,  21.7,   1.0, 0.100
2025-10-30 13:40:37,        0,  29.8,   2.3,  25.3,  0.999, -0.011,  0.000,5107643.5,  1,  21.7,   1.0, 0.100
2025-10-30 13:40:39,        0,  29.7,   2.1,  25.3,  0.962, -0.010,  0.000,5107631.7,  1,  21.7,   1.0, 0.100
2025-10-30 13:40:40,        0,  29.8,   2.5,  25.3,  0.940, -0.011,  0.000,5107622.1,  1,  21.7,   1.0, 0.100
2025-10-30 13:40:40,        0,  29.9,   2.6,  25.3,  3.043,  1.660,  0.011,5109812.3,  1,  21.7,   1.0, 0.100
2025-10-30 13:40:41,        0,  29.8,   2.5,  25.3,  6.438,  4.256,  0.028,5113820.9,  1,  21.7,   0.9, 0.100
2025-10-30 13:40:43,        0,  29.5,   1.4,  25.3,  1.564,  0.129,  0.000,5114156.6,  1,  21.7,   0.9, 0.100
2025-10-30 13:40:44,        0,  29.8,   2.3,  25.3,  1.197, -0.002,  0.000,5114157.9,  1,  21.7,   0.9, 0.100
2025-10-30 13:40:44,        0,  29.7,   2.1,  25.3,  1.131, -0.007,  0.000,5114151.6,  1,  21.7,   1.0, 0.100
2025-10-30 13:40:45,        0,  29.7,   2.1,  25.3,  1.083, -0.009,  0.000,5114142.8,  1,  21.7,   1.0, 0.100
2025-10-30 13:40:47,        0,  29.8,   2.3,  25.3,  1.021, -0.008,  0.000,5114134.0,  1,  21.7,   1.0, 0.100
2025-10-30 13:40:48,        0,  29.9,   2.6,  25.3,  0.968, -0.009,  0.000,5114124.3,  1,  21.7,   1.0, 0.100
2025-10-30 13:40:48,        0,  29.9,   2.6,  25.3,  3.091,  1.668,  0.010,5115017.9,  1,  21.7,   1.0, 0.100
2025-10-30 13:40:49,        0,  29.8,   2.3,  25.3,  1.474,  0.104,  0.000,5115909.7,  1,  21.7,   1.0, 0.100
2025-10-30 13:40:51,        0,  29.6,   1.9,  25.3,  1.476,  0.107,  0.000,5116832.5,  1,  21.7,   1.0, 0.100
2025-10-30 13:40:52,        0,  29.8,   2.5,  25.3,  1.194,  0.005,  0.000,5116838.0,  1,  21.7,   1.0, 0.100
2025-10-30 13:40:53,        0,  29.7,   2.1,  25.3,  1.080, -0.007,  0.000,5116832.1,  1,  21.7,   1.0, 0.100
2025-10-30 13:40:53,        0,  29.9,   2.8,  25.3,  1.031, -0.008,  0.000,5117253.7,  1,  21.7,   1.0, 0.100
2025-10-30 13:40:54,        0,  29.8,   2.5,  25.3,  6.471,  4.354,  0.028,5121436.3,  1,  21.7,   1.0, 0.100
2025-10-30 13:40:56,        0,  29.9,   2.8,  25.3,  3.493,  1.737,  0.008,5124344.0,  1,  21.7,   1.0, 0.100
2025-10-30 13:40:57,        0,  29.6,   1.9,  25.3,  4.316,  2.461,  0.013,5125662.0,  1,  21.7,   1.0, 0.100
2025-10-30 13:40:57,        0,  29.7,   2.0,  25.3,  1.206,  0.012,  0.000,5125693.5,  1,  21.7,   1.0, 0.100
2025-10-30 13:40:58,        0,  29.5,   1.6,  25.3,  1.105, -0.003,  0.000,5125692.2,  1,  21.7,   1.0, 0.100
2025-10-30 13:41:00,        0,  29.6,   1.8,  25.3,  1.023, -0.007,  0.000,5125684.2,  1,  21.7,   1.0, 0.100
2025-10-30 13:41:01,        0,  29.5,   1.6,  25.3,  0.982, -0.008,  0.000,5125676.3,  1,  21.7,   1.0, 0.100
2025-10-30 13:41:01,        0,  29.5,   1.4,  25.3,  0.945, -0.007,  0.000,5125669.6,  1,  21.7,   1.0, 0.100
2025-10-30 13:41:02,        0,  29.6,   1.9,  25.3,  0.896, -0.008,  0.000,5125662.0,  1,  21.7,   1.0, 0.100
2025-10-30 13:41:03,        0,  29.8,   2.3,  25.3,  0.868, -0.008,  0.000,5125653.7,  1,  21.7,   1.0, 0.100
2025-10-30 13:41:05,        0,  29.8,   2.3,  25.3,  0.833, -0.009,  0.000,5125642.8,  1,  21.7,   1.0, 0.100
2025-10-30 13:41:06,        0,  29.6,   1.8,  25.3,  0.813, -0.009,  0.000,5125635.2,  1,  21.7,   1.0, 0.100
2025-10-30 13:41:06,        0,  29.8,   2.3,  25.3,  0.795, -0.009,  0.000,5125625.6,  1,  21.7,   1.0, 0.100
2025-10-30 13:41:07,        0,  29.7,   2.1,  25.3,  0.771, -0.009,  0.000,5125618.0,  1,  21.6,   1.0, 0.100
2025-10-30 13:41:09,        0,  29.8,   2.5,  25.3,  0.749, -0.009,  0.000,5125607.1,  1,  21.7,   1.0, 0.100
2025-10-30 13:41:10,        0,  29.9,   2.8,  25.3,  0.736, -0.009,  0.000,5125598.3,  1,  21.7,   1.0, 0.100
2025-10-30 13:41:10,        0,  29.8,   2.5,  25.3,  6.400,  4.352,  0.028,5129230.2,  1,  21.7,   1.0, 0.100
2025-10-30 13:41:11,        0,  29.7,   2.1,  25.3,  2.724,  1.136,  0.004,5130491.3,  1,  21.7,   1.0, 0.100
2025-10-30 13:41:12,        0,  29.7,   2.0,  25.3,  1.204,  0.030,  0.000,5130554.1,  1,  21.7,   1.0, 0.100
2025-10-30 13:41:14,        0,  29.7,   2.1,  25.3,  1.026, -0.004,  0.000,5130553.7,  1,  21.7,   1.0, 0.100
2025-10-30 13:41:15,        0,  29.8,   2.3,  25.3,  0.973, -0.006,  0.000,5130547.8,  1,  21.7,   1.0, 0.100
2025-10-30 13:41:15,        0,  29.7,   2.1,  25.3,  0.931, -0.007,  0.000,5130540.7,  1,  21.7,   1.0, 0.100
2025-10-30 13:41:16,        0,  29.8,   2.3,  25.3,  0.879, -0.007,  0.000,5130534.0,  1,  21.7,   1.0, 0.100
2025-10-30 13:41:18,        0,  29.9,   2.6,  25.3,  0.848, -0.007,  0.000,5130525.2,  1,  21.7,   1.0, 0.100
2025-10-30 13:41:19,        0,  29.8,   2.5,  25.3,  0.810, -0.008,  0.000,5130516.8,  1,  21.7,   1.0, 0.100
2025-10-30 13:41:19,        0,  29.9,   2.6,  25.3,  0.789, -0.008,  0.000,5130509.3,  1,  21.7,   1.0, 0.100
2025-10-30 13:41:20,        0,  29.7,   2.1,  25.3,  0.769, -0.008,  0.000,5130500.9,  1,  21.7,   1.0, 0.100
2025-10-30 13:41:22,        0,  29.9,   2.8,  25.3,  0.746, -0.009,  0.000,5130490.8,  1,  21.7,   1.0, 0.100
2025-10-30 13:41:23,        0,  29.7,   2.1,  25.3,  6.260,  4.243,  0.027,5134095.5,  1,  21.7,   1.0, 0.100
2025-10-30 13:41:23,        0,  29.7,   2.1,  25.3,  1.416,  0.133,  0.000,5134605.9,  1,  21.7,   1.0, 0.100
2025-10-30 13:41:24,        0,  29.7,   2.1,  25.3,  1.098,  0.008,  0.000,5134616.4,  1,  21.6,   1.0, 0.100
2025-10-30 13:41:25,        0,  29.7,   2.1,  25.3,  1.010, -0.003,  0.000,5134612.2,  1,  21.7,   1.0, 0.100
2025-10-30 13:41:27,        0,  29.8,   2.3,  25.3,  0.936, -0.007,  0.000,5134605.1,  1,  21.7,   1.1, 0.100
2025-10-30 13:41:28,        0,  29.7,   2.1,  25.3,  0.880, -0.007,  0.000,5134598.0,  1,  21.7,   1.0, 0.100
2025-10-30 13:41:28,        0,  29.7,   2.1,  25.3,  0.847, -0.007,  0.000,5134590.4,  1,  21.7,   1.1, 0.100
2025-10-30 13:41:29,        0,  29.6,   1.9,  25.3,  0.819, -0.008,  0.000,5134582.9,  1,  21.7,   1.0, 0.100
2025-10-30 13:41:31,        0,  29.6,   1.9,  25.3,  0.784, -0.009,  0.000,5134573.3,  1,  21.7,   1.0, 0.100
2025-10-30 13:41:32,        0,  29.7,   2.1,  25.3,  0.765, -0.009,  0.000,5134564.9,  1,  21.6,   1.0, 0.100
2025-10-30 13:41:32,        0,  29.8,   2.3,  25.3,  0.740, -0.009,  0.000,5134556.9,  1,  21.6,   1.0, 0.100
2025-10-30 13:41:33,        0,  29.7,   2.1,  25.3,  0.725, -0.008,  0.000,5134548.5,  1,  21.7,   1.0, 0.100
2025-10-30 13:41:35,        0,  29.8,   2.3,  25.3,  0.704, -0.008,  0.000,5134539.3,  1,  21.6,   1.0, 0.100
2025-10-30 13:41:36,        0,  29.8,   2.3,  25.3,  0.692, -0.009,  0.000,5134530.5,  1,  21.6,   1.0, 0.100
2025-10-30 13:41:37,        0,  29.8,   2.5,  25.3,  0.681, -0.009,  0.000,5134522.5,  1,  21.6,   1.0, 0.100
2025-10-30 13:41:37,        0,  29.8,   2.5,  25.3,  0.665, -0.009,  0.000,5134514.2,  1,  21.6,   1.0, 0.100
2025-10-30 13:41:38,        0,  29.8,   2.5,  25.3,  0.654, -0.009,  0.000,5134506.2,  1,  21.6,   1.0, 0.100
2025-10-30 13:41:40,        0,  29.8,   2.5,  25.3,  0.640, -0.008,  0.000,5134496.6,  1,  21.7,   1.0, 0.100
2025-10-30 13:41:41,        0,  29.8,   2.5,  25.3,  0.631, -0.008,  0.000,5134489.0,  1,  21.7,   1.0, 0.100
2025-10-30 13:41:41,        0,  29.9,   2.8,  25.3,  2.638,  1.546,  0.010,5136815.8,  1,  21.7,   1.0, 0.100
2025-10-30 13:41:42,        0,  29.9,   2.6,  25.3,  4.471,  2.669,  0.014,5139877.7,  1,  21.7,   1.0, 0.100
2025-10-30 13:41:44,        0,  29.7,   2.1,  25.3,  1.121,  0.015,  0.000,5139975.0,  1,  21.6,   1.0, 0.100
2025-10-30 13:41:45,        0,  29.7,   2.1,  25.3,  1.016, -0.002,  0.000,5139974.6,  1,  21.7,   1.0, 0.100
2025-10-30 13:41:45,        0,  29.6,   1.9,  25.3,  0.959, -0.006,  0.000,5139969.5,  1,  21.7,   1.0, 0.100
2025-10-30 13:41:46,        0,  29.6,   1.9,  25.3,  0.914, -0.006,  0.000,5139963.2,  1,  21.6,   1.0, 0.100
2025-10-30 13:41:47,        0,  29.6,   1.8,  25.3,  0.859, -0.007,  0.000,5139956.1,  1,  21.6,   1.0, 0.100
2025-10-30 13:41:49,        0,  29.6,   1.9,  25.3,  0.815, -0.008,  0.000,5139946.9,  1,  21.7,   1.0, 0.100
2025-10-30 13:41:50,        0,  29.6,   1.9,  25.3,  0.789, -0.008,  0.000,5139940.2,  1,  21.7,   1.0, 0.100
2025-10-30 13:41:50,        0,  29.6,   1.9,  25.3,  0.767, -0.008,  0.000,5139932.2,  1,  21.7,   1.0, 0.100
2025-10-30 13:41:51,        0,  29.7,   2.1,  25.3,  0.740, -0.008,  0.000,5139923.8,  1,  21.7,   1.0, 0.100
2025-10-30 13:41:53,        0,  29.7,   2.1,  25.3,  0.724, -0.009,  0.000,5139915.0,  1,  21.6,   1.0, 0.100
2025-10-30 13:41:54,        0,  29.7,   2.1,  25.3,  0.702, -0.008,  0.000,5139907.1,  1,  21.6,   1.0, 0.100
2025-10-30 13:41:54,        0,  29.6,   1.8,  25.3,  0.689, -0.008,  0.000,5139898.7,  1,  21.6,   1.0, 0.100
2025-10-30 13:41:55,        0,  29.6,   1.9,  25.3,  0.676, -0.009,  0.000,5139890.7,  1,  21.7,   1.0, 0.100
2025-10-30 13:41:57,        0,  29.7,   2.1,  25.3,  0.660, -0.009,  0.000,5139881.1,  1,  21.7,   1.0, 0.100
2025-10-30 13:41:58,        0,  29.7,   2.1,  25.3,  0.649, -0.008,  0.000,5139873.5,  1,  21.7,   1.0, 0.100
2025-10-30 13:41:58,        0,  29.7,   2.0,  25.3,  0.633, -0.008,  0.000,5139866.0,  1,  21.6,   1.0, 0.100
2025-10-30 13:41:59,        0,  29.7,   2.1,  25.3,  0.624, -0.008,  0.000,5139857.6,  1,  21.7,   1.0, 0.100
2025-10-30 13:42:00,        0,  29.7,   2.1,  25.3,  0.614, -0.008,  0.000,5139850.1,  1,  21.6,   1.0, 0.100
2025-10-30 13:42:02,        0,  29.8,   2.3,  25.3,  0.601, -0.007,  0.000,5139841.7,  1,  21.7,   1.0, 0.100
2025-10-30 13:42:03,        0,  29.8,   2.3,  25.3,  0.590, -0.007,  0.000,5139834.6,  1,  21.6,   1.0, 0.100
2025-10-30 13:42:03,        0,  29.8,   2.3,  25.3,  0.582, -0.007,  0.000,5139826.6,  1,  21.7,   1.0, 0.100
2025-10-30 13:42:04,        0,  29.8,   2.3,  25.3,  0.574, -0.007,  0.000,5139819.9,  1,  21.7,   1.0, 0.100
2025-10-30 13:42:06,        0,  29.8,   2.3,  25.3,  0.563, -0.007,  0.000,5139811.9,  1,  21.6,   1.0, 0.100
2025-10-30 13:42:07,        0,  29.8,   2.5,  25.3,  0.556, -0.008,  0.000,5139804.0,  1,  21.7,   1.0, 0.100
2025-10-30 13:42:07,        0,  29.8,   2.3,  25.3,  0.546, -0.007,  0.000,5139797.3,  1,  21.6,   1.0, 0.100
2025-10-30 13:42:08,        0,  29.8,   2.3,  25.3,  0.540, -0.007,  0.000,5139790.1,  1,  21.7,   1.0, 0.100
2025-10-30 13:42:09,        0,  29.2,   0.5,  25.3,  0.534, -0.007,  0.000,5139783.4,  1,  21.6,   0.9, 0.100
2025-10-30 13:42:11,        0,  29.8,   2.5,  25.3,  0.525, -0.007,  0.000,5139775.5,  1,  21.7,   0.9, 0.100
2025-10-30 13:42:12,        0,  29.9,   2.6,  25.3,  0.519, -0.007,  0.000,5139768.8,  1,  21.7,   0.9, 0.100
2025-10-30 13:42:12,        0,  29.8,   2.5,  25.3,  0.511, -0.007,  0.000,5139762.1,  1,  21.7,   0.9, 0.100
2025-10-30 13:42:13,        0,  29.7,   2.1,  25.3,  0.505, -0.007,  0.000,5139755.8,  1,  21.7,   0.9, 0.100
2025-10-30 13:42:15,        0,  29.9,   2.6,  25.2,  0.498, -0.007,  0.000,5139747.8,  1,  21.6,   0.9, 0.100
2025-10-30 13:42:16,        0,  29.8,   2.5,  25.3,  0.493, -0.007,  0.000,5139741.5,  1,  21.6,   1.0, 0.100
2025-10-30 13:42:16,        0,  29.8,   2.5,  25.3,  0.488, -0.007,  0.000,5139735.2,  1,  21.6,   1.0, 0.100
2025-10-30 13:42:17,        0,  29.9,   2.8,  25.3,  0.481, -0.006,  0.000,5139729.0,  1,  21.6,   1.0, 0.100
2025-10-30 13:42:19,        0,  29.9,   2.6,  25.3,  4.983,  3.120,  0.017,5144176.4,  1,  21.6,   1.0, 0.100
2025-10-30 13:42:20,        0,  29.4,   1.1,  25.3,  1.268,  0.067,  0.000,5144366.7,  1,  21.6,   1.0, 0.100
2025-10-30 13:42:21,        0,  29.7,   2.1,  25.3,  1.053,  0.004,  0.000,5144372.5,  1,  21.7,   1.0, 0.100
2025-10-30 13:42:21,        0,  29.6,   1.9,  25.3,  0.975, -0.004,  0.000,5144367.5,  1,  21.7,   1.0, 0.100
2025-10-30 13:42:22,        0,  29.7,   2.1,  25.3,  0.905, -0.006,  0.000,5144362.1,  1,  21.7,   1.0, 0.100
2025-10-30 13:42:24,        0,  29.6,   1.8,  25.3,  0.849, -0.007,  0.000,5144353.7,  1,  21.7,   1.0, 0.100
2025-10-30 13:42:25,        0,  29.6,   1.9,  25.3,  0.818, -0.008,  0.000,5144346.1,  1,  21.7,   1.0, 0.100
2025-10-30 13:42:25,        0,  29.6,   1.9,  25.3,  0.791, -0.008,  0.000,5144339.0,  1,  21.7,   1.0, 0.100
2025-10-30 13:42:26,        0,  29.5,   1.6,  25.3,  0.756, -0.008,  0.000,5144331.9,  1,  21.7,   1.0, 0.100
2025-10-30 13:42:28,        0,  29.6,   1.9,  25.3,  0.736, -0.008,  0.000,5144321.8,  1,  21.6,   1.0, 0.100
2025-10-30 13:42:29,        0,  29.7,   2.1,  25.3,  0.711, -0.008,  0.000,5144314.7,  1,  21.7,   1.0, 0.100
2025-10-30 13:42:29,        0,  29.7,   2.0,  25.3,  0.696, -0.008,  0.000,5144307.2,  1,  21.6,   1.0, 0.100
2025-10-30 13:42:30,        0,  29.7,   2.1,  25.3,  0.681, -0.008,  0.000,5144299.2,  1,  21.7,   1.0, 0.100
2025-10-30 13:42:32,        0,  29.6,   1.9,  25.3,  0.661, -0.008,  0.000,5144290.0,  1,  21.7,   1.0, 0.100
2025-10-30 13:42:33,        0,  29.6,   1.9,  25.3,  0.648, -0.008,  0.000,5144282.4,  1,  21.6,   1.0, 0.100
2025-10-30 13:42:34,        0,  29.7,   2.1,  25.3,  0.631, -0.008,  0.000,5144275.3,  1,  21.6,   1.0, 0.100
2025-10-30 13:42:34,        0,  29.7,   2.1,  25.3,  0.620, -0.008,  0.000,5144268.2,  1,  21.7,   1.0, 0.100
2025-10-30 13:42:35,        0,  29.6,   1.9,  25.3,  0.610, -0.007,  0.000,5144261.1,  1,  21.7,   1.0, 0.100
2025-10-30 13:42:37,        0,  29.7,   2.1,  25.3,  0.595, -0.008,  0.000,5144252.3,  1,  21.7,   1.0, 0.100
2025-10-30 13:42:38,        0,  29.7,   2.1,  25.3,  0.586, -0.008,  0.000,5144245.1,  1,  21.7,   1.0, 0.100
2025-10-30 13:42:38,        0,  29.7,   2.1,  25.3,  0.572, -0.007,  0.000,5144238.4,  1,  21.7,   1.0, 0.100
2025-10-30 13:42:39,        0,  29.7,   2.1,  25.3,  0.563, -0.007,  0.000,5144230.9,  1,  21.7,   1.0, 0.100
2025-10-30 13:42:41,        0,  29.8,   2.3,  25.3,  0.552, -0.007,  0.000,5144223.3,  1,  21.7,   1.0, 0.100
2025-10-30 13:42:42,        0,  29.6,   1.9,  25.3,  0.544, -0.007,  0.000,5144216.2,  1,  21.7,   1.0, 0.100
2025-10-30 13:42:43,        0,  29.7,   2.1,  25.2,  0.533, -0.007,  0.000,5144209.9,  1,  21.7,   1.0, 0.100
2025-10-30 13:42:43,        0,  29.7,   2.1,  25.3,  0.526, -0.007,  0.000,5144203.2,  1,  21.6,   1.0, 0.100
2025-10-30 13:42:44,        0,  29.7,   2.1,  25.2,  0.519, -0.007,  0.000,5144196.1,  1,  21.7,   1.0, 0.100
2025-10-30 13:42:46,        0,  29.7,   2.1,  25.3,  0.509, -0.007,  0.000,5144188.1,  1,  21.7,   1.0, 0.100
2025-10-30 13:42:47,        0,  29.8,   2.3,  25.2,  0.503, -0.007,  0.000,5144181.8,  1,  21.7,   1.0, 0.100
2025-10-30 13:42:47,        0,  29.8,   2.3,  25.3,  0.495, -0.007,  0.000,5144175.6,  1,  21.7,   1.0, 0.100
2025-10-30 13:42:48,        0,  29.7,   2.1,  25.3,  0.489, -0.007,  0.000,5144168.9,  1,  21.7,   1.0, 0.100
2025-10-30 13:42:50,        0,  29.8,   2.3,  25.3,  0.481, -0.007,  0.000,5144161.7,  1,  21.7,   1.0, 0.100
2025-10-30 13:42:51,        0,  29.8,   2.3,  25.3,  0.476, -0.006,  0.000,5144155.4,  1,  21.7,   1.0, 0.100
2025-10-30 13:42:51,        0,  29.6,   1.8,  25.3,  0.470, -0.007,  0.000,5144149.2,  1,  21.7,   1.0, 0.100
2025-10-30 13:42:52,        0,  29.8,   2.3,  25.3,  0.463, -0.006,  0.000,5144143.7,  1,  21.7,   0.9, 0.100
2025-10-30 13:42:53,        0,  29.7,   2.1,  25.2,  0.458, -0.006,  0.000,5144137.8,  1,  21.7,   0.9, 0.100
2025-10-30 13:42:55,        0,  29.8,   2.5,  25.3,  0.452, -0.006,  0.000,5144130.7,  1,  21.7,   0.9, 0.100
2025-10-30 13:42:56,        0,  29.8,   2.3,  25.2,  0.447, -0.006,  0.000,5144124.9,  1,  21.7,   0.9, 0.100
2025-10-30 13:42:56,        0,  29.8,   2.3,  25.3,  0.443, -0.006,  0.000,5144119.4,  1,  21.7,   0.9, 0.100
2025-10-30 13:42:57,        0,  29.8,   2.3,  25.3,  0.436, -0.006,  0.000,5144113.5,  1,  21.7,   0.9, 0.100
2025-10-30 13:42:59,        0,  29.8,   2.3,  25.2,  0.430, -0.006,  0.000,5144106.8,  1,  21.7,   0.9, 0.100
2025-10-30 13:43:00,        0,  29.7,   2.1,  25.3,  0.425, -0.005,  0.000,5144101.0,  1,  21.7,   0.8, 0.100
2025-10-30 13:43:00,        0,  29.8,   2.5,  25.2,  0.422, -0.006,  0.000,5144095.5,  1,  21.7,   0.8, 0.100
2025-10-30 13:43:01,        0,  29.8,   2.5,  25.3,  0.416, -0.006,  0.000,5144089.6,  1,  21.7,   0.8, 0.100
2025-10-30 13:43:02,        0,  29.8,   2.5,  25.2,  0.413, -0.006,  0.000,5144084.6,  1,  21.7,   0.8, 0.100
2025-10-30 13:43:04,        0,  29.8,   2.3,  25.3,  0.408, -0.006,  0.000,5144077.9,  1,  21.7,   0.8, 0.100
2025-10-30 13:43:05,        0,  29.8,   2.5,  25.3,  0.404, -0.006,  0.000,5144072.5,  1,  21.7,   0.8, 0.100
2025-10-30 13:43:05,        0,  29.8,   2.3,  25.3,  0.400, -0.005,  0.000,5144067.0,  1,  21.7,   0.9, 0.100
2025-10-30 13:43:06,        0,  29.8,   2.3,  25.3,  0.395, -0.005,  0.000,5144062.0,  1,  21.7,   0.9, 0.100
2025-10-30 13:43:08,        0,  29.8,   2.3,  25.3,  0.392, -0.005,  0.000,5144055.7,  1,  21.7,   0.9, 0.100
2025-10-30 13:43:09,        0,  29.8,   2.3,  25.2,  0.388, -0.005,  0.000,5144050.7,  1,  21.7,   0.9, 0.100
2025-10-30 13:43:10,        0,  29.8,   2.5,  25.2,  0.384, -0.005,  0.000,5144044.8,  1,  21.7,   0.9, 0.100
2025-10-30 13:43:10,        0,  29.8,   2.3,  25.3,  0.381, -0.005,  0.000,5144040.6,  1,  21.7,   0.9, 0.100
2025-10-30 13:43:12,        0,  29.8,   2.3,  25.3,  0.377, -0.005,  0.000,5144034.7,  1,  21.7,   0.9, 0.100
2025-10-30 13:43:13,        0,  29.8,   2.5,  25.2,  0.374, -0.005,  0.000,5144029.3,  1,  21.7,   1.0, 0.100
2025-10-30 13:43:13,        0,  29.8,   2.5,  25.3,  0.370, -0.005,  0.000,5144024.3,  1,  21.6,   1.0, 0.100
2025-10-30 13:43:14,        0,  29.8,   2.5,  25.3,  0.367, -0.005,  0.000,5144020.1,  1,  21.7,   1.0, 0.100
2025-10-30 13:43:16,        0,  29.8,   2.3,  25.3,  0.363, -0.005,  0.000,5144014.2,  1,  21.7,   1.0, 0.100
2025-10-30 13:43:17,        0,  29.8,   2.3,  25.3,  0.360, -0.005,  0.000,5144009.6,  1,  21.7,   1.0, 0.100
2025-10-30 13:43:18,        0,  29.8,   2.3,  25.3,  0.357, -0.005,  0.000,5144005.0,  1,  21.7,   1.0, 0.100
2025-10-30 13:43:18,        0,  29.8,   2.5,  25.2,  0.354, -0.005,  0.000,5144000.4,  1,  21.6,   1.0, 0.100
2025-10-30 13:43:19,        0,  29.8,   2.5,  25.3,  0.351, -0.005,  0.000,5143995.4,  1,  21.7,   1.0, 0.100
2025-10-30 13:43:21,        0,  29.8,   2.3,  25.2,  0.348, -0.005,  0.000,5143989.9,  1,  21.7,   1.0, 0.100
2025-10-30 13:43:22,        0,  29.8,   2.5,  25.3,  0.345, -0.004,  0.000,5143985.7,  1,  21.7,   1.0, 0.100
2025-10-30 13:43:22,        0,  29.8,   2.5,  25.2,  0.341, -0.004,  0.000,5143981.1,  1,  21.7,   1.0, 0.100
2025-10-30 13:43:23,        0,  29.8,   2.3,  25.3,  0.339, -0.005,  0.000,5143976.1,  1,  21.7,   1.0, 0.100
2025-10-30 13:43:25,        0,  29.8,   2.5,  25.3,  0.335, -0.005,  0.000,5143971.5,  1,  21.6,   1.0, 0.100
2025-10-30 13:43:26,        0,  29.8,   2.5,  25.3,  0.333, -0.005,  0.000,5143966.9,  1,  21.6,   1.0, 0.100
2025-10-30 13:43:26,        0,  29.9,   2.6,  25.3,  0.330, -0.005,  0.000,5143962.7,  1,  21.7,   1.0, 0.100
2025-10-30 13:43:27,        0,  29.8,   2.5,  25.3,  0.328, -0.005,  0.000,5143958.1,  1,  21.7,   1.0, 0.100
2025-10-30 13:43:29,        0,  29.8,   2.5,  25.2,  0.325, -0.004,  0.000,5143952.2,  1,  21.7,   1.0, 0.100
2025-10-30 13:43:30,        0,  29.8,   2.5,  25.2,  0.323, -0.005,  0.000,5143948.4,  1,  21.7,   1.0, 0.100
2025-10-30 13:43:30,        0,  29.8,   2.5,  25.3,  0.320, -0.004,  0.000,5143944.2,  1,  21.7,   1.0, 0.100
2025-10-30 13:43:31,        0,  29.8,   2.5,  25.3,  0.319, -0.005,  0.000,5143940.0,  1,  21.7,   1.0, 0.100
2025-10-30 13:43:33,        0,  29.8,   2.5,  25.2,  0.315, -0.004,  0.000,5143935.0,  1,  21.6,   1.0, 0.100
2025-10-30 13:43:34,        0,  29.8,   2.5,  25.3,  0.314, -0.005,  0.000,5143930.4,  1,  21.6,   1.0, 0.100
2025-10-30 13:43:34,        0,  29.9,   2.6,  25.3,  0.310, -0.004,  0.000,5143926.6,  1,  21.7,   1.0, 0.100
2025-10-30 13:43:35,        0,  29.8,   2.5,  25.2,  0.309, -0.004,  0.000,5143922.8,  1,  21.7,   1.0, 0.100
2025-10-30 13:43:36,        0,  29.9,   2.6,  25.2,  0.307, -0.004,  0.000,5143918.2,  1,  21.7,   1.0, 0.100
2025-10-30 13:43:38,        0,  29.8,   2.5,  25.3,  0.304, -0.005,  0.000,5143913.2,  1,  21.7,   1.0, 0.100
2025-10-30 13:43:39,        0,  29.9,   2.6,  25.3,  0.303, -0.004,  0.000,5143909.0,  1,  21.7,   1.0, 0.100
2025-10-30 13:43:39,        0,  29.9,   2.6,  25.3,  0.300, -0.004,  0.000,5143905.7,  1,  21.7,   1.0, 0.100
2025-10-30 13:43:40,        0,  29.8,   2.3,  25.3,  0.298, -0.004,  0.000,5143901.5,  1,  21.7,   1.0, 0.100
2025-10-30 13:43:42,        0,  29.9,   2.6,  25.3,  0.295, -0.004,  0.000,5143896.0,  1,  21.7,   1.0, 0.100
2025-10-30 13:43:43,        0,  29.9,   2.8,  25.2,  0.294, -0.004,  0.000,5143892.7,  1,  21.7,   1.0, 0.100
2025-10-30 13:43:43,        0,  29.8,   2.5,  25.3,  3.003,  1.392,  0.005,5146623.5,  1,  21.7,   1.0, 0.100
2025-10-30 13:43:44,        0,  29.6,   1.8,  25.3,  1.182,  0.036,  0.000,5146701.4,  1,  21.6,   1.0, 0.100
2025-10-30 13:43:46,        0,  29.7,   2.1,  25.3,  0.978, -0.003,  0.000,5146702.3,  1,  21.7,   1.0, 0.100
