Time, Cnts,  %T, set_Cell[mA], Cell[°C], Cell[Volt], Cell[mA], Cell[W], Cell[uAs], Cell_ON, Env[°C], TEC[°C], N2Flow[slpm]
2025-10-29 11:37:38,        0,  29.8,   2.3,  25.0,  0.142, -0.002,  0.000,     -0.6,  1,  21.4,   1.0, 0.100
2025-10-29 11:37:39,        0,  29.8,   2.5,  25.1,  0.143, -0.002,  0.000,     -2.6,  1,  21.4,   1.0, 0.100
2025-10-29 11:37:40,        0,  29.7,   2.2,  25.0,  0.142, -0.002,  0.000,     -4.3,  1,  21.4,   1.0, 0.100
2025-10-29 11:37:41,        0,  29.8,   2.5,  25.1,  0.142, -0.001,  0.000,     -6.0,  1,  21.4,   1.0, 0.100
2025-10-29 11:37:42,        0,  29.8,   2.3,  25.1,  0.142, -0.002,  0.000,     -8.6,  1,  21.4,   1.0, 0.098
2025-10-29 11:37:43,        0,  29.8,   2.3,  25.1,  0.142, -0.002,  0.000,    -10.6,  1,  21.4,   1.0, 0.097
2025-10-29 11:37:44,        0,  29.8,   2.3,  25.0,  0.142, -0.002,  0.000,    -12.6,  1,  21.4,   1.0, 0.097
2025-10-29 11:37:45,        0,  29.8,   2.3,  25.1,  0.141, -0.002,  0.000,    -14.3,  1,  21.4,   1.0, 0.097
2025-10-29 11:37:46,        0,  29.8,   2.3,  25.1,  0.141, -0.002,  0.000,    -16.9,  1,  21.4,   1.0, 0.097
2025-10-29 11:37:47,        0,  29.8,   2.5,  25.1,  0.141, -0.001,  0.000,    -18.6,  1,  21.4,   1.0, 0.097
2025-10-29 11:37:48,        0,  29.8,   2.3,  25.1,  0.141, -0.002,  0.000,    -20.6,  1,  21.4,   1.0, 0.097
2025-10-29 11:37:49,        0,  29.8,   2.3,  25.1,  0.141, -0.002,  0.000,    -22.6,  1,  21.4,   1.0, 0.097
2025-10-29 11:37:50,        0,  29.8,   2.3,  25.1,  0.141, -0.002,  0.000,    -25.2,  1,  21.4,   1.0, 0.098
2025-10-29 11:37:51,        0,  29.7,   2.2,  25.1,  0.141, -0.002,  0.000,    -26.9,  1,  21.4,   1.0, 0.098
2025-10-29 11:37:52,        0,  29.8,   2.3,  25.1,  0.140, -0.002,  0.000,    -28.6,  1,  21.4,   1.0, 0.098
2025-10-29 11:37:53,        0,  29.8,   2.5,  25.1,  0.140, -0.002,  0.000,    -30.6,  1,  21.4,   1.0, 0.098
2025-10-29 11:37:54,        0,  29.8,   2.5,  25.1,  0.140, -0.002,  0.000,    664.3,  1,  21.4,   1.0, 0.099
2025-10-29 11:37:55,        0,  30.0,   3.0,  25.1,  5.667,  3.717,  0.023,   4434.0,  1,  21.5,   1.0, 0.099
2025-10-29 11:37:56,        0,  30.4,   4.2,  25.1,  5.004,  3.135,  0.017,   8045.8,  1,  21.4,   1.0, 0.099
2025-10-29 11:37:57,        0,  30.1,   3.2,  25.1,  7.043,  4.967,  0.035,  13056.3,  1,  21.4,   1.0, 0.099
2025-10-29 11:37:58,        0,  30.7,   5.2,  25.1,  7.295,  5.204,  0.039,  18771.2,  1,  21.4,   1.0, 0.100
2025-10-29 11:37:59,        0,  31.4,   7.2,  25.1, 10.685,  8.304,  0.089,  25906.6,  1,  21.4,   1.0, 0.100
2025-10-29 11:38:00,        0,  31.1,   6.4,  25.1, 14.019, 11.369,  0.161,  36018.0,  1,  21.4,   1.0, 0.100
2025-10-29 11:38:01,        0,  33.6,  13.7,  25.1, 15.511, 12.746,  0.199,  46474.5,  1,  21.4,   1.0, 0.102
2025-10-29 11:38:02,        0,  34.8,  17.3,  25.0, 17.914, 14.987,  0.270,  65265.9,  1,  21.4,   1.0, 0.109
2025-10-29 11:38:03,        0,  34.5,  16.5,  25.1, 20.359, 17.290,  0.357,  83075.0,  1,  21.4,   1.0, 0.128
2025-10-29 11:38:04,        0,  35.9,  20.7,  25.0, 25.558, 22.165,  0.571, 102908.1,  1,  21.4,   1.0, 0.103
2025-10-29 11:38:05,        0,  37.8,  26.4,  25.0, 26.592, 23.208,  0.617, 124282.3,  1,  21.4,   1.0, 0.098
2025-10-29 11:38:06,        0,  36.6,  22.7,  25.0, 34.270, 30.573,  1.048, 157928.2,  1,  21.4,   1.0, 0.098
2025-10-29 11:38:07,        0,  38.9,  29.7,  25.0, 33.687, 30.141,  1.026, 188431.8,  1,  21.4,   1.0, 0.099
2025-10-29 11:38:08,        0,  40.2,  33.6,  25.0, 39.905, 36.401,  1.455, 221491.2,  1,  21.4,   1.0, 0.099
2025-10-29 11:38:09,        0,  40.7,  35.1,  25.0, 40.644, 37.331,  1.518, 256287.9,  1,  21.4,   1.0, 0.099
2025-10-29 11:38:10,        0,  41.9,  38.6,  25.0, 34.972, 32.033,  1.142, 296233.8,  1,  21.4,   1.0, 0.099
2025-10-29 11:38:11,        0,  41.2,  36.7,  25.0, 39.541, 36.693,  1.471, 331600.9,  1,  21.4,   1.0, 0.099
2025-10-29 11:38:12,        0,  41.4,  37.1,  25.0, 41.428, 38.656,  1.604, 369621.0,  1,  21.4,   1.1, 0.099
2025-10-29 11:38:13,        0,  41.6,  37.8,  25.0, 41.114, 38.655,  1.604, 407160.8,  1,  21.4,   1.0, 0.100
2025-10-29 11:38:14,        0,  44.0,  45.1,  25.0, 41.645, 39.452,  1.648, 455324.1,  1,  21.4,   1.0, 0.100
2025-10-29 11:38:15,        0,  42.7,  41.1,  25.0, 45.542, 43.650,  1.994, 498859.1,  1,  21.4,   1.1, 0.100
2025-10-29 11:38:16,        0,  40.5,  34.4,  25.0, 40.535, 38.797,  1.578, 536441.3,  1,  21.4,   1.1, 0.100
2025-10-29 11:38:17,        0,  41.2,  36.6,  25.0, 38.732, 36.990,  1.434, 572796.6,  1,  21.4,   1.0, 0.100
2025-10-29 11:38:18,        0,  41.4,  37.1,  25.2, 44.776, 43.258,  1.937, 622038.2,  1,  21.4,   1.1, 0.108
2025-10-29 11:38:19,        0,  39.5,  31.4,  25.0, 45.478, 44.191,  2.018, 663526.2,  1,  21.4,   1.1, 0.110
2025-10-29 11:38:20,        0,  42.5,  40.6,  25.1, 39.227, 37.861,  1.486, 699558.5,  1,  21.4,   1.1, 0.098
2025-10-29 11:38:21,        0,  41.5,  37.6,  25.1, 42.533, 41.341,  1.759, 740171.9,  1,  21.4,   1.0, 0.101
2025-10-29 11:38:22,        0,  40.9,  35.8,  25.0, 42.288, 41.196,  1.748, 788574.1,  1,  21.4,   1.0, 0.100
2025-10-29 11:38:23,        0,  41.4,  37.3,  25.1, 44.093, 43.073,  1.901, 828648.1,  1,  21.4,   1.0, 0.100
2025-10-29 11:38:24,        0,  41.2,  36.7,  25.1, 41.428, 40.421,  1.675, 866513.2,  1,  21.4,   1.0, 0.100
2025-10-29 11:38:25,        0,  41.1,  36.3,  25.0, 38.662, 37.611,  1.454, 903367.5,  1,  21.4,   1.0, 0.100
2025-10-29 11:38:26,        0,  37.4,  25.3,  25.1, 39.494, 38.428,  1.518, 948355.7,  1,  21.4,   1.0, 0.100
2025-10-29 11:38:27,        0,  39.7,  32.2,  25.1, 34.185, 32.855,  1.135, 979603.1,  1,  21.4,   1.0, 0.100
2025-10-29 11:38:28,        0,  40.0,  33.1,  25.1, 36.359, 35.076,  1.286,1010196.7,  1,  21.4,   1.0, 0.100
2025-10-29 11:38:29,        0,  40.1,  33.2,  25.1, 39.532, 38.255,  1.514,1045629.2,  1,  21.4,   1.0, 0.100
2025-10-29 11:38:30,        0,  41.6,  37.9,  25.1, 35.091, 33.745,  1.188,1086925.5,  1,  21.4,   1.0, 0.100
2025-10-29 11:38:31,        0,  40.9,  35.6,  25.1, 41.559, 40.437,  1.681,1125066.7,  1,  21.3,   1.0, 0.100
2025-10-29 11:38:32,        0,  41.8,  38.3,  25.1, 37.562, 36.364,  1.369,1160236.3,  1,  21.4,   1.0, 0.100
2025-10-29 11:38:33,        0,  38.5,  28.4,  25.1, 37.166, 35.962,  1.348,1195535.2,  1,  21.4,   1.0, 0.100
2025-10-29 11:38:34,        0,  38.6,  28.7,  25.1, 44.591, 43.556,  1.945,1238556.4,  1,  21.4,   1.0, 0.100
2025-10-29 11:38:35,        0,  39.4,  31.1,  25.1, 34.686, 33.360,  1.159,1269691.4,  1,  21.4,   0.9, 0.100
2025-10-29 11:38:36,        0,  40.3,  33.8,  25.2, 29.110, 27.576,  0.817,1299853.5,  1,  21.4,   1.0, 0.100
2025-10-29 11:38:37,        0,  37.6,  25.7,  25.1, 27.166, 25.553,  0.697,1326720.7,  1,  21.4,   1.0, 0.100
2025-10-29 11:38:38,        0,  38.7,  29.2,  25.2, 39.119, 37.638,  1.479,1367498.4,  1,  21.4,   0.9, 0.100
2025-10-29 11:38:39,        0,  40.8,  35.4,  25.1, 38.079, 36.629,  1.398,1401747.2,  1,  21.4,   0.9, 0.100
2025-10-29 11:38:40,        0,  36.9,  23.8,  25.2, 35.322, 33.859,  1.208,1434332.1,  1,  21.4,   0.9, 0.100
2025-10-29 11:38:41,        0,  38.2,  27.7,  25.2, 38.652, 37.182,  1.437,1466495.5,  1,  21.3,   0.9, 0.100
2025-10-29 11:38:42,        0,  38.0,  27.0,  25.1, 33.971, 32.423,  1.115,1501337.9,  1,  21.3,   0.9, 0.100
2025-10-29 11:38:43,        0,  39.5,  31.4,  25.2, 38.317, 36.795,  1.411,1534010.6,  1,  21.4,   0.9, 0.100
2025-10-29 11:38:44,        0,  36.6,  22.8,  25.2, 35.941, 34.434,  1.242,1567245.0,  1,  21.4,   0.9, 0.100
2025-10-29 11:38:45,        0,  41.1,  36.2,  25.2, 34.537, 32.959,  1.158,1599791.4,  1,  21.4,   0.8, 0.100
2025-10-29 11:38:46,        0,  39.8,  32.5,  25.2, 35.472, 33.982,  1.207,1641623.3,  1,  21.4,   0.8, 0.100
2025-10-29 11:38:47,        0,  38.2,  27.7,  25.2, 34.080, 32.586,  1.114,1675269.7,  1,  21.4,   0.8, 0.100
2025-10-29 11:38:48,        0,  39.8,  32.4,  25.2, 32.567, 30.988,  1.010,1705182.6,  1,  21.4,   0.8, 0.100
2025-10-29 11:38:49,        0,  41.8,  38.4,  25.2, 36.017, 34.507,  1.243,1739601.9,  1,  21.3,   0.8, 0.100
2025-10-29 11:38:50,        0,  38.9,  29.7,  25.2, 36.209, 34.791,  1.261,1782855.5,  1,  21.3,   0.8, 0.100
2025-10-29 11:38:51,        0,  40.9,  35.8,  25.2, 37.662, 36.290,  1.376,1818292.5,  1,  21.4,   0.8, 0.100
2025-10-29 11:38:52,        0,  41.7,  38.1,  25.2, 41.269, 40.073,  1.657,1855036.3,  1,  21.3,   0.8, 0.100
2025-10-29 11:38:53,        0,  38.6,  28.9,  25.2, 39.075, 37.919,  1.482,1892140.9,  1,  21.3,   0.8, 0.100
2025-10-29 11:38:54,        0,  40.9,  35.6,  25.2, 40.946, 39.797,  1.631,1928128.4,  1,  21.3,   0.8, 0.100
2025-10-29 11:38:55,        0,  41.8,  38.3,  25.2, 33.690, 32.371,  1.098,1970428.3,  1,  21.3,   0.8, 0.100
2025-10-29 11:38:56,        0,  37.9,  26.8,  25.2, 40.724, 39.642,  1.617,2008438.5,  1,  21.4,   0.8, 0.100
2025-10-29 11:38:57,        0,  39.6,  31.7,  25.2, 41.769, 40.650,  1.698,2044235.8,  1,  21.4,   0.8, 0.100
2025-10-29 11:38:58,        0,  41.4,  37.3,  25.2, 43.069, 42.005,  1.810,2082226.1,  1,  21.4,   0.8, 0.100
2025-10-29 11:38:59,        0,  41.2,  36.6,  25.2, 39.671, 38.627,  1.548,2127213.5,  1,  21.3,   0.8, 0.100
2025-10-29 11:39:00,        0,  39.8,  32.4,  25.2, 42.416, 41.574,  1.767,2164793.9,  1,  21.3,   0.8, 0.100
2025-10-29 11:39:01,        0,  40.7,  35.1,  25.2, 37.598, 36.570,  1.377,2198826.1,  1,  21.4,   0.8, 0.100
2025-10-29 11:39:02,        0,  40.4,  34.2,  25.3, 38.340, 37.298,  1.450,2235534.7,  1,  21.4,   0.8, 0.100
2025-10-29 11:39:03,        0,  40.4,  34.3,  25.3, 40.381, 39.456,  1.594,2278642.4,  1,  21.3,   0.9, 0.100
2025-10-29 11:39:04,        0,  40.1,  33.4,  25.3, 36.233, 35.097,  1.276,2312557.7,  1,  21.4,   0.9, 0.100
2025-10-29 11:39:05,        0,  39.5,  31.4,  25.3, 38.687, 37.620,  1.456,2347530.1,  1,  21.4,   0.9, 0.100
2025-10-29 11:39:06,        0,  40.7,  35.1,  25.3, 37.470, 36.325,  1.361,2382258.6,  1,  21.3,   0.9, 0.100
2025-10-29 11:39:07,        0,  40.5,  34.4,  25.2, 39.506, 38.390,  1.519,2427612.3,  1,  21.3,   0.9, 0.100
2025-10-29 11:39:08,        0,  42.0,  39.0,  25.3, 41.707, 40.671,  1.698,2464293.2,  1,  21.3,   0.9, 0.100
2025-10-29 11:39:09,        0,  40.0,  32.9,  25.3, 39.219, 38.206,  1.499,2502001.4,  1,  21.4,   0.9, 0.100
2025-10-29 11:39:10,        0,  40.1,  33.2,  25.3, 34.756, 33.587,  1.168,2534736.1,  1,  21.4,   1.0, 0.100
2025-10-29 11:39:11,        0,  39.5,  31.4,  25.3, 39.686, 38.593,  1.533,2570721.3,  1,  21.4,   0.9, 0.100
2025-10-29 11:39:12,        0,  35.1,  18.3,  25.3, 33.909, 32.674,  1.108,2608060.0,  1,  21.4,   1.0, 0.100
2025-10-29 11:39:13,        0,  40.3,  33.8,  25.3, 34.039, 32.673,  1.115,2635899.8,  1,  21.4,   1.0, 0.100
2025-10-29 11:39:14,        0,  40.5,  34.4,  25.3, 36.884, 35.610,  1.315,2670928.4,  1,  21.4,   1.0, 0.100
2025-10-29 11:39:15,        0,  39.4,  31.2,  25.3, 37.394, 36.182,  1.354,2704087.2,  1,  21.4,   1.0, 0.100
2025-10-29 11:39:16,        0,  38.0,  26.9,  25.3, 35.500, 34.129,  1.212,2743667.2,  1,  21.4,   1.0, 0.100
2025-10-29 11:39:17,        0,  38.1,  27.4,  25.3, 36.105, 34.684,  1.255,2773787.2,  1,  21.3,   1.0, 0.100
2025-10-29 11:39:18,        0,  35.9,  20.7,  25.3, 33.501, 31.947,  1.073,2802624.7,  1,  21.4,   1.0, 0.100
2025-10-29 11:39:19,        0,  37.0,  24.0,  25.3, 27.899, 26.194,  0.738,2826376.7,  1,  21.4,   1.0, 0.100
2025-10-29 11:39:20,        0,  37.2,  24.7,  25.3, 36.791, 35.127,  1.294,2863434.6,  1,  21.4,   1.0, 0.100
2025-10-29 11:39:21,        0,  36.5,  22.5,  25.3, 33.550, 31.839,  1.074,2892620.8,  1,  21.4,   1.0, 0.100
2025-10-29 11:39:22,        0,  35.7,  20.1,  25.3, 26.118, 24.288,  0.639,2916479.0,  1,  21.4,   1.0, 0.100
2025-10-29 11:39:23,        0,  37.8,  26.3,  25.3, 33.640, 31.759,  1.069,2943233.6,  1,  21.4,   1.0, 0.100
2025-10-29 11:39:24,        0,  34.9,  17.6,  25.3, 34.021, 32.145,  1.103,2972573.2,  1,  21.4,   1.0, 0.100
2025-10-29 11:39:25,        0,  36.7,  23.0,  25.3, 28.242, 26.273,  0.749,3003483.8,  1,  21.4,   1.0, 0.100
2025-10-29 11:39:26,        0,  37.8,  26.5,  25.3, 33.744, 31.755,  1.073,3032307.9,  1,  21.4,   1.0, 0.100
2025-10-29 11:39:27,        0,  35.5,  19.6,  25.3, 28.305, 26.335,  0.750,3058721.4,  1,  21.4,   1.0, 0.100
2025-10-29 11:39:28,        0,  36.2,  21.5,  25.3, 25.913, 23.867,  0.622,3081748.8,  1,  21.4,   1.0, 0.100
2025-10-29 11:39:29,        0,  36.8,  23.5,  25.3, 27.682, 25.614,  0.712,3112582.0,  1,  21.3,   1.0, 0.100
2025-10-29 11:39:30,        0,  36.6,  22.8,  25.3, 20.883, 18.771,  0.411,3134352.8,  1,  21.4,   1.0, 0.100
2025-10-29 11:39:31,        0,  36.1,  21.2,  25.3, 26.110, 23.928,  0.626,3159228.2,  1,  21.4,   1.0, 0.100
2025-10-29 11:39:32,        0,  35.4,  19.1,  25.3, 25.555, 23.359,  0.599,3180825.0,  1,  21.4,   1.0, 0.100
2025-10-29 11:39:33,        0,  35.0,  18.1,  25.3, 25.803, 23.510,  0.608,3206066.2,  1,  21.4,   1.0, 0.100
2025-10-29 11:39:34,        0,  34.5,  16.6,  25.3, 29.229, 26.844,  0.786,3229825.8,  1,  21.3,   1.0, 0.100
2025-10-29 11:39:35,        0,  34.5,  16.6,  25.3, 24.764, 22.397,  0.557,3250722.1,  1,  21.4,   1.0, 0.100
2025-10-29 11:39:36,        0,  32.1,   9.4,  25.3, 21.190, 18.871,  0.400,3268890.7,  1,  21.4,   1.0, 0.100
2025-10-29 11:39:37,        0,  33.3,  12.9,  25.3, 25.799, 23.332,  0.608,3286770.8,  1,  21.4,   1.0, 0.100
2025-10-29 11:39:38,        0,  35.0,  18.1,  25.3, 20.257, 17.878,  0.370,3305605.3,  1,  21.3,   1.0, 0.100
2025-10-29 11:39:39,        0,  33.5,  13.6,  25.3, 17.786, 15.417,  0.276,3322223.5,  1,  21.4,   1.0, 0.100
2025-10-29 11:39:40,        0,  31.4,   7.2,  25.3, 21.738, 19.224,  0.424,3338109.5,  1,  21.4,   1.0, 0.100
2025-10-29 11:39:41,        0,  34.9,  17.8,  25.3, 16.906, 14.485,  0.250,3352820.8,  1,  21.4,   1.0, 0.100
2025-10-29 11:39:42,        0,  34.3,  16.0,  25.3, 21.271, 18.737,  0.399,3375427.0,  1,  21.4,   1.0, 0.100
2025-10-29 11:39:43,        0,  34.0,  14.9,  25.3, 23.957, 21.321,  0.513,3395302.8,  1,  21.4,   1.0, 0.100
2025-10-29 11:39:44,        0,  34.0,  15.1,  25.3, 19.816, 17.282,  0.343,3411645.2,  1,  21.4,   1.0, 0.100
2025-10-29 11:39:45,        0,  32.9,  11.7,  25.3, 20.391, 17.826,  0.364,3427728.2,  1,  21.3,   1.0, 0.100
2025-10-29 11:39:46,        0,  33.5,  13.6,  25.3, 19.697, 17.116,  0.338,3447103.4,  1,  21.4,   1.0, 0.100
2025-10-29 11:39:47,        0,  33.5,  13.6,  25.3, 19.800, 17.183,  0.343,3463025.6,  1,  21.4,   1.0, 0.100
2025-10-29 11:39:48,        0,  34.2,  15.6,  25.3, 20.171, 17.515,  0.354,3479240.2,  1,  21.4,   1.0, 0.100
2025-10-29 11:39:49,        0,  33.2,  12.6,  25.3, 16.239, 13.695,  0.235,3493548.1,  1,  21.4,   1.0, 0.100
2025-10-29 11:39:50,        0,  31.7,   8.2,  25.3, 19.138, 16.459,  0.316,3511913.7,  1,  21.3,   1.0, 0.100
2025-10-29 11:39:51,        0,  33.5,  13.4,  25.3, 16.026, 13.449,  0.216,3524195.9,  1,  21.4,   1.0, 0.100
2025-10-29 11:39:52,        0,  32.9,  11.6,  25.3, 14.175, 11.688,  0.169,3536683.3,  1,  21.4,   1.0, 0.100
2025-10-29 11:39:53,        0,  33.4,  13.3,  25.3, 16.274, 13.662,  0.222,3549573.8,  1,  21.4,   1.0, 0.100
2025-10-29 11:39:54,        0,  33.1,  12.3,  25.3, 12.851, 10.387,  0.135,3563317.6,  1,  21.4,   1.0, 0.100
2025-10-29 11:39:55,        0,  31.9,   8.6,  25.3, 15.351, 12.736,  0.197,3574554.8,  1,  21.4,   1.0, 0.100
2025-10-29 11:39:56,        0,  31.5,   7.4,  25.3, 14.869, 12.269,  0.188,3585723.3,  1,  21.4,   1.0, 0.100
2025-10-29 11:39:57,        0,  31.6,   7.9,  25.3, 15.047, 12.433,  0.191,3596687.6,  1,  21.4,   1.0, 0.100
2025-10-29 11:39:58,        0,  30.9,   5.7,  25.3, 14.868, 12.243,  0.182,3610192.6,  1,  21.4,   1.0, 0.100
2025-10-29 11:39:59,        0,  32.6,  10.9,  25.3, 13.054, 10.510,  0.141,3620690.5,  1,  21.4,   1.0, 0.100
2025-10-29 11:40:00,        0,  33.4,  13.1,  25.3, 10.645,  8.245,  0.090,3630010.7,  1,  21.4,   1.0, 0.100
2025-10-29 11:40:01,        0,  33.0,  12.1,  25.3, 16.569, 13.813,  0.230,3643262.1,  1,  21.4,   1.0, 0.100
2025-10-29 11:40:02,        0,  31.4,   7.2,  25.3, 11.386,  8.927,  0.102,3654976.2,  1,  21.4,   1.0, 0.100
2025-10-29 11:40:03,        0,  32.1,   9.4,  25.3, 10.728,  8.303,  0.090,3663161.6,  1,  21.4,   1.0, 0.100
2025-10-29 11:40:04,        0,  31.3,   6.9,  25.3, 12.246,  9.722,  0.120,3672302.9,  1,  21.4,   1.0, 0.100
2025-10-29 11:40:05,        0,  31.9,   8.7,  25.3, 13.845, 11.206,  0.158,3682196.0,  1,  21.4,   1.0, 0.100
2025-10-29 11:40:06,        0,  31.5,   7.4,  25.3, 15.219, 12.494,  0.191,3695347.3,  1,  21.4,   1.0, 0.100
2025-10-29 11:40:07,        0,  31.7,   8.0,  25.3, 11.476,  8.989,  0.117,3704220.3,  1,  21.4,   1.0, 0.100
2025-10-29 11:40:08,        0,  31.4,   7.2,  25.3,  9.721,  7.339,  0.071,3712059.5,  1,  21.4,   1.0, 0.100
2025-10-29 11:40:09,        0,  30.5,   4.5,  25.3,  9.060,  6.734,  0.064,3718914.7,  1,  21.4,   1.0, 0.100
2025-10-29 11:40:10,        0,  29.6,   1.7,  25.3, 10.924,  8.453,  0.093,3726457.5,  1,  21.4,   1.0, 0.100
2025-10-29 11:40:11,        0,  31.0,   5.9,  25.3,  9.315,  6.969,  0.065,3733173.9,  1,  21.4,   1.0, 0.100
2025-10-29 11:40:12,        0,  31.7,   8.0,  25.3,  8.886,  6.564,  0.060,3740114.6,  1,  21.4,   1.0, 0.100
2025-10-29 11:40:13,        0,  31.5,   7.4,  25.3, 11.112,  8.612,  0.096,3748815.0,  1,  21.4,   1.0, 0.100
2025-10-29 11:40:14,        0,  31.4,   7.2,  25.3, 11.458,  8.927,  0.102,3757489.0,  1,  21.4,   1.0, 0.100
2025-10-29 11:40:15,        0,  31.0,   5.9,  25.3,  8.296,  6.013,  0.052,3766171.4,  1,  21.4,   1.0, 0.100
2025-10-29 11:40:16,        0,  31.1,   6.2,  25.3, 10.915,  8.418,  0.092,3774205.0,  1,  21.4,   1.0, 0.100
2025-10-29 11:40:17,        0,  31.1,   6.4,  25.3,  7.180,  4.984,  0.037,3780086.2,  1,  21.4,   1.0, 0.100
2025-10-29 11:40:18,        0,  31.2,   6.7,  25.3, 10.556,  8.094,  0.086,3787828.1,  1,  21.4,   1.0, 0.100
2025-10-29 11:40:19,        0,  31.1,   6.2,  25.3,  8.665,  6.350,  0.057,3794934.3,  1,  21.4,   1.0, 0.100
2025-10-29 11:40:20,        0,  29.9,   2.8,  25.3, 11.245,  8.722,  0.099,3803716.5,  1,  21.4,   1.0, 0.100
2025-10-29 11:40:21,        0,  30.6,   4.8,  25.3,  2.376,  0.734,  0.002,3806150.1,  1,  21.4,   1.0, 0.100
2025-10-29 11:40:22,        0,  31.2,   6.7,  25.4,  8.355,  6.069,  0.051,3812221.2,  1,  21.4,   1.0, 0.100
2025-10-29 11:40:23,        0,  29.8,   2.5,  25.3,  9.058,  6.714,  0.062,3819002.1,  1,  21.4,   1.0, 0.100
2025-10-29 11:40:24,        0,  29.6,   1.7,  25.3,  8.785,  6.462,  0.057,3825586.1,  1,  21.4,   1.0, 0.100
2025-10-29 11:40:25,        0,  30.1,   3.2,  25.4,  5.347,  3.350,  0.021,3829271.2,  1,  21.4,   1.0, 0.100
2025-10-29 11:40:26,        0,  30.2,   3.5,  25.3,  8.420,  6.130,  0.052,3834548.9,  1,  21.4,   1.0, 0.100
2025-10-29 11:40:27,        0,  31.0,   5.9,  25.3,  8.139,  5.870,  0.049,3839992.9,  1,  21.4,   1.0, 0.100
2025-10-29 11:40:28,        0,  29.1,   0.3,  25.4,  7.500,  5.285,  0.040,3846646.5,  1,  21.4,   1.0, 0.100
2025-10-29 11:40:29,        0,  30.3,   4.0,  25.3,  7.361,  5.158,  0.038,3850245.7,  1,  21.4,   1.0, 0.100
2025-10-29 11:40:30,        0,  30.3,   3.9,  25.3,  8.444,  6.154,  0.052,3855971.3,  1,  21.4,   1.0, 0.100
2025-10-29 11:40:31,        0,  29.9,   2.7,  25.4,  8.896,  6.568,  0.059,3861658.0,  1,  21.4,   1.0, 0.100
2025-10-29 11:40:32,        0,  30.3,   3.9,  25.3,  7.023,  4.851,  0.035,3865777.7,  1,  21.4,   1.0, 0.100
2025-10-29 11:40:33,        0,  30.0,   2.9,  25.3,  7.156,  4.981,  0.037,3870159.8,  1,  21.4,   1.0, 0.100
2025-10-29 11:40:34,        0,  29.6,   1.8,  25.3,  7.736,  5.511,  0.043,3874201.1,  1,  21.4,   1.0, 0.100
2025-10-29 11:40:35,        0,  29.9,   2.7,  25.3,  2.576,  0.963,  0.005,3876516.2,  1,  21.4,   1.0, 0.100
2025-10-29 11:40:36,        0,  30.5,   4.5,  25.3,  7.672,  5.454,  0.042,3881355.5,  1,  21.4,   1.0, 0.100
2025-10-29 11:40:37,        0,  29.2,   0.5,  25.3,  2.784,  1.087,  0.004,3885767.7,  1,  21.4,   1.0, 0.100
2025-10-29 11:40:38,        0,  30.4,   4.2,  25.3,  7.834,  5.680,  0.053,3889067.7,  1,  21.4,   1.0, 0.100
2025-10-29 11:40:39,        0,  29.8,   2.5,  25.3,  7.348,  5.162,  0.038,3894071.7,  1,  21.4,   1.0, 0.100
2025-10-29 11:40:40,        0,  30.0,   2.9,  25.3,  6.509,  4.395,  0.029,3897947.5,  1,  21.4,   1.0, 0.100
2025-10-29 11:40:41,        0,  30.2,   3.5,  25.3,  2.253,  0.646,  0.002,3899625.1,  1,  21.4,   1.0, 0.100
2025-10-29 11:40:42,        0,  30.1,   3.2,  25.3,  7.339,  5.160,  0.038,3904627.4,  1,  21.4,   1.0, 0.100
2025-10-29 11:40:43,        0,  28.7,   0.0,  25.3,  4.078,  2.227,  0.012,3908012.1,  1,  21.4,   1.0, 0.100
2025-10-29 11:40:44,        0,  29.2,   0.5,  25.3,  1.795,  0.292,  0.001,3908544.3,  1,  21.4,   1.0, 0.100
2025-10-29 11:40:45,        0,  29.9,   2.7,  25.3,  1.272,  0.036,  0.000,3909597.5,  1,  21.4,   1.0, 0.100
2025-10-29 11:40:46,        0,  30.0,   3.0,  25.3,  6.578,  4.475,  0.029,3913831.6,  1,  21.4,   1.0, 0.100
2025-10-29 11:40:47,        0,  30.3,   3.9,  25.3,  6.548,  4.442,  0.029,3918067.4,  1,  21.4,   1.0, 0.100
2025-10-29 11:40:48,        0,  30.5,   4.5,  25.3,  3.117,  1.381,  0.005,3920696.8,  1,  21.4,   1.0, 0.100
2025-10-29 11:40:49,        0,  29.8,   2.5,  25.3,  6.598,  4.494,  0.031,3924209.7,  1,  21.4,   1.0, 0.100
2025-10-29 11:40:50,        0,  29.6,   1.7,  25.3,  1.328,  0.023,  0.000,3924295.6,  1,  21.4,   1.0, 0.100
2025-10-29 11:40:51,        0,  30.1,   3.2,  25.4,  2.821,  1.348,  0.009,3926174.4,  1,  21.4,   1.0, 0.100
2025-10-29 11:40:52,        0,  29.8,   2.3,  25.3,  6.456,  4.367,  0.028,3930474.3,  1,  21.4,   1.0, 0.100
2025-10-29 11:40:53,        0,  29.7,   2.2,  25.3,  6.667,  4.558,  0.030,3934197.5,  1,  21.4,   1.0, 0.100
2025-10-29 11:40:54,        0,  28.5,   0.0,  25.3,  5.893,  3.857,  0.023,3937761.1,  1,  21.4,   1.1, 0.100
2025-10-29 11:40:55,        0,  29.6,   1.8,  25.3,  1.484,  0.094,  0.000,3939101.4,  1,  21.4,   1.1, 0.100
2025-10-29 11:40:56,        0,  28.9,   0.0,  25.3,  2.254,  0.653,  0.002,3939839.4,  1,  21.4,   1.0, 0.100
2025-10-29 11:40:57,        0,  29.9,   2.7,  25.3,  1.233,  0.002,  0.000,3939848.6,  1,  21.4,   1.1, 0.100
2025-10-29 11:40:58,        0,  30.1,   3.4,  25.3,  6.448,  4.365,  0.028,3943757.1,  1,  21.4,   1.0, 0.100
2025-10-29 11:40:59,        0,  29.8,   2.5,  25.3,  6.193,  4.135,  0.026,3947487.5,  1,  21.4,   1.1, 0.100
2025-10-29 11:41:00,        0,  29.3,   0.8,  25.3,  1.517,  0.116,  0.000,3947673.1,  1,  21.4,   1.1, 0.100
2025-10-29 11:41:01,        0,  29.8,   2.3,  25.3,  1.192, -0.003,  0.000,3947675.6,  1,  21.4,   1.1, 0.100
2025-10-29 11:41:02,        0,  29.8,   2.5,  25.3,  1.137, -0.008,  0.000,3947668.5,  1,  21.4,   1.0, 0.100
2025-10-29 11:41:03,        0,  30.1,   3.2,  25.3,  6.638,  4.551,  0.030,3950444.6,  1,  21.4,   1.0, 0.100
2025-10-29 11:41:04,        0,  29.8,   2.5,  25.3,  6.579,  4.492,  0.030,3954817.4,  1,  21.4,   1.0, 0.100
2025-10-29 11:41:05,        0,  29.6,   1.7,  25.3,  3.784,  1.983,  0.009,3956716.4,  1,  21.4,   1.0, 0.100
2025-10-29 11:41:06,        0,  28.9,   0.0,  25.3,  1.253,  0.010,  0.000,3956746.5,  1,  21.4,   1.0, 0.100
2025-10-29 11:41:07,        0,  29.7,   2.2,  25.3,  1.160, -0.005,  0.000,3956741.9,  1,  21.4,   1.0, 0.100
2025-10-29 11:41:08,        0,  30.4,   4.2,  25.3,  4.553,  2.796,  0.017,3958177.8,  1,  21.4,   1.0, 0.100
2025-10-29 11:41:09,        0,  30.2,   3.5,  25.3,  6.451,  4.379,  0.028,3962713.2,  1,  21.4,   1.0, 0.100
2025-10-29 11:41:10,        0,  30.0,   2.9,  25.3,  6.467,  4.397,  0.029,3966673.2,  1,  21.4,   1.1, 0.100
2025-10-29 11:41:11,        0,  28.3,   0.0,  25.3,  1.992,  0.455,  0.001,3968588.9,  1,  21.4,   1.0, 0.100
2025-10-29 11:41:12,        0,  29.2,   0.5,  25.3,  1.269,  0.017,  0.000,3968603.2,  1,  21.4,   1.0, 0.100
2025-10-29 11:41:13,        0,  29.6,   1.8,  25.3,  1.130, -0.006,  0.000,3968599.0,  1,  21.4,   1.0, 0.100
2025-10-29 11:41:14,        0,  29.7,   2.0,  25.3,  1.084, -0.009,  0.000,3968591.0,  1,  21.4,   1.0, 0.100
2025-10-29 11:41:15,        0,  29.9,   2.7,  25.3,  1.047, -0.009,  0.000,3968581.8,  1,  21.4,   1.0, 0.100
2025-10-29 11:41:16,        0,  29.7,   2.0,  25.3,  6.396,  4.350,  0.028,3971908.1,  1,  21.4,   1.0, 0.100
2025-10-29 11:41:17,        0,  29.4,   1.2,  25.3,  1.675,  0.225,  0.000,3972120.6,  1,  21.4,   1.0, 0.100
2025-10-29 11:41:18,        0,  29.6,   1.7,  25.3,  1.173,  0.000,  0.000,3972124.4,  1,  21.4,   1.0, 0.100
2025-10-29 11:41:19,        0,  29.6,   1.8,  25.3,  1.104, -0.007,  0.000,3972118.1,  1,  21.4,   1.0, 0.100
2025-10-29 11:41:20,        0,  29.9,   2.7,  25.3,  1.039, -0.009,  0.000,3972108.1,  1,  21.4,   1.0, 0.100
2025-10-29 11:41:21,        0,  29.7,   2.2,  25.3,  5.725,  3.830,  0.024,3975068.5,  1,  21.4,   1.0, 0.100
2025-10-29 11:41:22,        0,  29.4,   1.2,  25.3,  4.609,  2.749,  0.015,3977723.5,  1,  21.4,   1.0, 0.100
2025-10-29 11:41:23,        0,  29.6,   1.7,  25.3,  1.348,  0.054,  0.000,3977853.0,  1,  21.4,   1.0, 0.100
2025-10-29 11:41:24,        0,  29.7,   2.2,  25.3,  1.160,  0.001,  0.000,3977855.1,  1,  21.4,   1.0, 0.100
2025-10-29 11:41:25,        0,  29.7,   2.0,  25.3,  3.717,  2.099,  0.011,3978875.6,  1,  21.4,   1.0, 0.100
2025-10-29 11:41:26,        0,  29.6,   1.8,  25.3,  1.381,  0.070,  0.000,3980464.4,  1,  21.4,   1.0, 0.100
2025-10-29 11:41:27,        0,  29.8,   2.5,  25.3,  1.473,  0.117,  0.000,3981136.6,  1,  21.4,   1.0, 0.100
2025-10-29 11:41:28,        0,  29.4,   1.3,  25.3,  3.704,  2.110,  0.013,3982334.0,  1,  21.4,   1.0, 0.100
2025-10-29 11:41:29,        0,  29.8,   2.5,  25.3,  1.257,  0.027,  0.000,3982509.2,  1,  21.4,   0.9, 0.100
2025-10-29 11:41:30,        0,  29.9,   2.7,  25.3,  2.351,  1.022,  0.006,3983383.0,  1,  21.4,   0.9, 0.100
2025-10-29 11:41:31,        0,  29.8,   2.3,  25.3,  5.041,  3.199,  0.020,3985782.7,  1,  21.4,   0.9, 0.100
2025-10-29 11:41:32,        0,  29.6,   1.7,  25.3,  1.315,  0.048,  0.000,3985943.2,  1,  21.4,   0.9, 0.100
2025-10-29 11:41:33,        0,  29.7,   2.2,  25.3,  1.136,  0.001,  0.000,3985945.3,  1,  21.4,   0.9, 0.100
2025-10-29 11:41:34,        0,  29.8,   2.5,  25.3,  1.041, -0.008,  0.000,3985938.6,  1,  21.4,   0.9, 0.100
2025-10-29 11:41:35,        0,  29.9,   2.8,  25.3,  1.002, -0.009,  0.000,3985930.2,  1,  21.4,   0.9, 0.100
2025-10-29 11:41:36,        0,  29.8,   2.5,  25.3,  4.397,  2.606,  0.014,3987461.2,  1,  21.4,   0.9, 0.100
2025-10-29 11:41:37,        0,  29.7,   2.0,  25.3,  1.181,  0.011,  0.000,3987490.9,  1,  21.4,   0.9, 0.100
2025-10-29 11:41:38,        0,  29.7,   2.0,  25.3,  3.621,  2.126,  0.014,3988408.8,  1,  21.4,   1.0, 0.100
2025-10-29 11:41:39,        0,  29.6,   1.8,  25.3,  1.521,  0.167,  0.000,3989110.3,  1,  21.4,   0.9, 0.100
2025-10-29 11:41:40,        0,  29.7,   2.0,  25.3,  1.154,  0.008,  0.000,3989120.8,  1,  21.4,   1.0, 0.100
2025-10-29 11:41:41,        0,  30.0,   3.0,  25.3,  1.237,  0.172,  0.001,3989959.8,  1,  21.4,   1.0, 0.100
2025-10-29 11:41:42,        0,  29.9,   2.8,  25.3,  6.207,  4.237,  0.026,3993876.3,  1,  21.4,   1.0, 0.100
2025-10-29 11:41:43,        0,  29.4,   1.3,  25.3,  1.932,  0.474,  0.001,3995943.3,  1,  21.4,   0.9, 0.100
2025-10-29 11:41:44,        0,  29.7,   2.2,  25.3,  1.187,  0.018,  0.000,3995981.0,  1,  21.4,   0.9, 0.100
2025-10-29 11:41:45,        0,  29.4,   1.3,  25.3,  1.042, -0.004,  0.000,3995978.5,  1,  21.4,   1.0, 0.100
2025-10-29 11:41:46,        0,  29.6,   1.7,  25.3,  0.995, -0.007,  0.000,3995971.8,  1,  21.4,   1.0, 0.100
2025-10-29 11:41:47,        0,  29.4,   1.3,  25.3,  0.957, -0.008,  0.000,3995964.2,  1,  21.4,   1.0, 0.100
2025-10-29 11:41:48,        0,  29.6,   1.7,  25.3,  0.909, -0.008,  0.000,3995956.7,  1,  21.4,   1.0, 0.100
2025-10-29 11:41:49,        0,  29.7,   2.2,  25.3,  0.881, -0.008,  0.000,3995947.0,  1,  21.4,   1.0, 0.100
2025-10-29 11:41:50,        0,  29.6,   1.8,  25.3,  0.843, -0.009,  0.000,3995938.6,  1,  21.4,   1.0, 0.100
2025-10-29 11:41:51,        0,  29.7,   2.2,  25.3,  0.823, -0.009,  0.000,3995930.3,  1,  21.4,   1.0, 0.100
2025-10-29 11:41:52,        0,  29.7,   2.0,  25.3,  0.804, -0.009,  0.000,3995921.5,  1,  21.4,   1.0, 0.100
2025-10-29 11:41:53,        0,  30.0,   3.0,  25.3,  0.779, -0.009,  0.000,3995912.7,  1,  21.4,   1.0, 0.100
2025-10-29 11:41:54,        0,  29.6,   1.8,  25.3,  4.479,  2.702,  0.014,3998896.6,  1,  21.4,   1.0, 0.100
2025-10-29 11:41:55,        0,  29.7,   2.0,  25.3,  1.188,  0.025,  0.000,3998965.4,  1,  21.4,   1.0, 0.100
2025-10-29 11:41:56,        0,  29.7,   2.0,  25.3,  1.058, -0.001,  0.000,3998965.4,  1,  21.4,   1.0, 0.100
2025-10-29 11:41:57,        0,  29.6,   1.7,  25.3,  0.997, -0.006,  0.000,3998959.5,  1,  21.4,   1.0, 0.100
2025-10-29 11:41:58,        0,  29.8,   2.3,  25.3,  0.934, -0.007,  0.000,3998951.1,  1,  21.4,   1.0, 0.100
2025-10-29 11:41:59,        0,  29.8,   2.3,  25.3,  0.898, -0.008,  0.000,3998943.6,  1,  21.4,   1.0, 0.100
2025-10-29 11:42:00,        0,  29.8,   2.5,  25.3,  0.853, -0.008,  0.000,3998935.6,  1,  21.4,   1.0, 0.100
2025-10-29 11:42:01,        0,  29.9,   2.7,  25.3,  0.828, -0.009,  0.000,3998927.2,  1,  21.4,   1.0, 0.100
2025-10-29 11:42:02,        0,  29.8,   2.5,  25.3,  0.806, -0.009,  0.000,3998918.8,  1,  21.4,   1.0, 0.100
2025-10-29 11:42:03,        0,  29.9,   2.7,  25.3,  3.489,  2.157,  0.013,4001090.2,  1,  21.4,   1.0, 0.100
2025-10-29 11:42:04,        0,  29.7,   2.2,  25.3,  2.838,  1.266,  0.004,4003908.6,  1,  21.4,   1.0, 0.100
2025-10-29 11:42:05,        0,  29.3,   0.8,  25.3,  1.196,  0.032,  0.000,4003979.8,  1,  21.4,   1.0, 0.100
2025-10-29 11:42:06,        0,  29.4,   1.3,  25.3,  1.056, -0.000,  0.000,4003980.2,  1,  21.4,   1.0, 0.100
2025-10-29 11:42:07,        0,  29.2,   0.6,  25.3,  0.970, -0.007,  0.000,4003973.1,  1,  21.4,   1.0, 0.100
2025-10-29 11:42:08,        0,  29.8,   2.3,  25.3,  0.931, -0.008,  0.000,4003965.6,  1,  21.4,   1.0, 0.100
2025-10-29 11:42:09,        0,  29.8,   2.3,  25.3,  0.882, -0.008,  0.000,4003958.0,  1,  21.4,   1.0, 0.100
2025-10-29 11:42:10,        0,  29.7,   2.2,  25.3,  0.853, -0.008,  0.000,4003950.5,  1,  21.4,   1.0, 0.100
2025-10-29 11:42:11,        0,  29.8,   2.3,  25.3,  0.812, -0.008,  0.000,4003941.3,  1,  21.4,   1.0, 0.100
2025-10-29 11:42:12,        0,  29.8,   2.5,  25.3,  0.791, -0.008,  0.000,4003932.9,  1,  21.4,   1.0, 0.100
2025-10-29 11:42:13,        0,  29.9,   2.7,  25.3,  0.772, -0.009,  0.000,4003924.9,  1,  21.4,   1.0, 0.100
2025-10-29 11:42:14,        0,  29.8,   2.3,  25.3,  4.619,  2.849,  0.015,4006064.4,  1,  21.4,   1.0, 0.100
2025-10-29 11:42:15,        0,  29.6,   1.7,  25.3,  1.691,  0.323,  0.001,4007159.9,  1,  21.4,   1.0, 0.100
2025-10-29 11:42:16,        0,  29.6,   1.7,  25.3,  1.058,  0.002,  0.000,4007167.0,  1,  21.4,   1.0, 0.100
2025-10-29 11:42:17,        0,  29.7,   2.0,  25.3,  0.986, -0.005,  0.000,4007162.0,  1,  21.4,   1.0, 0.100
2025-10-29 11:42:18,        0,  29.7,   2.0,  25.3,  0.940, -0.007,  0.000,4007155.3,  1,  21.4,   1.0, 0.100
2025-10-29 11:42:19,        0,  29.7,   2.0,  25.3,  0.884, -0.008,  0.000,4007148.2,  1,  21.4,   1.0, 0.100
2025-10-29 11:42:20,        0,  29.7,   2.0,  25.3,  0.852, -0.007,  0.000,4007139.8,  1,  21.4,   1.0, 0.100
2025-10-29 11:42:21,        0,  29.8,   2.3,  25.3,  0.810, -0.008,  0.000,4007131.4,  1,  21.4,   1.0, 0.100
2025-10-29 11:42:22,        0,  29.7,   2.2,  25.3,  0.787, -0.008,  0.000,4007123.9,  1,  21.4,   1.0, 0.100
2025-10-29 11:42:23,        0,  29.7,   2.2,  25.3,  0.767, -0.008,  0.000,4007115.9,  1,  21.4,   1.0, 0.100
2025-10-29 11:42:24,        0,  29.7,   2.0,  25.3,  0.741, -0.008,  0.000,4007105.9,  1,  21.4,   1.0, 0.100
2025-10-29 11:42:25,        0,  29.7,   2.2,  25.3,  0.719, -0.009,  0.000,4007098.3,  1,  21.4,   1.0, 0.100
2025-10-29 11:42:26,        0,  29.7,   2.2,  25.3,  0.706, -0.009,  0.000,4007089.1,  1,  21.4,   1.0, 0.100
2025-10-29 11:42:27,        0,  29.8,   2.3,  25.3,  0.696, -0.008,  0.000,4007081.1,  1,  21.4,   0.9, 0.100
2025-10-29 11:42:28,        0,  29.8,   2.5,  25.3,  0.678, -0.008,  0.000,4007071.5,  1,  21.4,   0.9, 0.100
2025-10-29 11:42:29,        0,  29.8,   2.3,  25.3,  0.666, -0.008,  0.000,4007063.9,  1,  21.4,   0.9, 0.100
2025-10-29 11:42:30,        0,  29.8,   2.3,  25.3,  0.651, -0.008,  0.000,4007055.6,  1,  21.4,   0.9, 0.100
2025-10-29 11:42:31,        0,  29.9,   2.8,  25.3,  0.641, -0.009,  0.000,4007048.0,  1,  21.4,   0.9, 0.100
2025-10-29 11:42:32,        0,  29.9,   2.7,  25.3,  6.291,  4.354,  0.027,4010792.2,  1,  21.4,   0.9, 0.100
2025-10-29 11:42:33,        0,  29.0,   0.1,  25.3,  1.912,  0.496,  0.001,4012909.1,  1,  21.4,   0.9, 0.100
2025-10-29 11:42:34,        0,  28.9,   0.0,  25.3,  1.135,  0.020,  0.000,4012927.5,  1,  21.4,   0.9, 0.100
2025-10-29 11:42:35,        0,  29.6,   1.8,  25.3,  0.986, -0.004,  0.000,4012924.6,  1,  21.4,   0.9, 0.100
2025-10-29 11:42:36,        0,  29.6,   1.7,  25.3,  0.937, -0.007,  0.000,4012917.9,  1,  21.4,   0.9, 0.100
2025-10-29 11:42:37,        0,  29.6,   1.7,  25.3,  0.882, -0.007,  0.000,4012909.9,  1,  21.4,   0.9, 0.100
2025-10-29 11:42:38,        0,  29.6,   1.8,  25.3,  0.851, -0.007,  0.000,4012902.8,  1,  21.4,   0.9, 0.100
2025-10-29 11:42:39,        0,  29.6,   1.7,  25.3,  0.821, -0.008,  0.000,4012895.2,  1,  21.4,   0.9, 0.100
2025-10-29 11:42:40,        0,  29.6,   1.7,  25.3,  0.784, -0.008,  0.000,4012887.3,  1,  21.4,   0.9, 0.100
2025-10-29 11:42:41,        0,  29.6,   1.8,  25.3,  0.763, -0.008,  0.000,4012879.3,  1,  21.4,   0.9, 0.100
2025-10-29 11:42:42,        0,  29.6,   1.7,  25.3,  0.736, -0.008,  0.000,4012869.7,  1,  21.4,   0.9, 0.100
2025-10-29 11:42:43,        0,  29.6,   1.7,  25.3,  0.719, -0.009,  0.000,4012861.7,  1,  21.4,   0.9, 0.100
2025-10-29 11:42:44,        0,  29.6,   1.7,  25.3,  0.705, -0.008,  0.000,4012854.2,  1,  21.4,   0.9, 0.100
2025-10-29 11:42:45,        0,  29.6,   1.8,  25.3,  0.684, -0.008,  0.000,4012846.2,  1,  21.4,   0.9, 0.100
2025-10-29 11:42:46,        0,  29.7,   2.0,  25.3,  0.666, -0.009,  0.000,4012836.6,  1,  21.4,   0.9, 0.100
2025-10-29 11:42:47,        0,  29.6,   1.8,  25.3,  0.656, -0.008,  0.000,4012828.2,  1,  21.4,   0.9, 0.100
2025-10-29 11:42:48,        0,  29.7,   2.2,  25.3,  0.645, -0.008,  0.000,4012820.2,  1,  21.4,   0.9, 0.100
2025-10-29 11:42:49,        0,  29.7,   2.0,  25.3,  0.630, -0.008,  0.000,4012812.7,  1,  21.4,   0.9, 0.100
2025-10-29 11:42:50,        0,  29.6,   1.8,  25.3,  0.620, -0.008,  0.000,4012803.5,  1,  21.4,   0.9, 0.100
2025-10-29 11:42:51,        0,  29.7,   2.2,  25.3,  0.607, -0.007,  0.000,4012796.3,  1,  21.4,   0.9, 0.100
2025-10-29 11:42:52,        0,  29.7,   2.2,  25.3,  0.598, -0.008,  0.000,4012788.8,  1,  21.4,   1.0, 0.100
2025-10-29 11:42:53,        0,  29.7,   2.0,  25.3,  0.589, -0.007,  0.000,4012781.7,  1,  21.4,   1.0, 0.100
2025-10-29 11:42:54,        0,  29.7,   2.2,  25.3,  0.578, -0.008,  0.000,4012774.5,  1,  21.4,   0.9, 0.100
2025-10-29 11:42:55,        0,  29.8,   2.3,  25.3,  0.571, -0.007,  0.000,4012765.7,  1,  21.4,   1.0, 0.100
2025-10-29 11:42:56,        0,  29.8,   2.3,  25.3,  0.560, -0.007,  0.000,4012758.6,  1,  21.4,   0.9, 0.100
2025-10-29 11:42:57,        0,  29.8,   2.3,  25.3,  0.555, -0.007,  0.000,4012751.5,  1,  21.4,   0.9, 0.100
2025-10-29 11:42:58,        0,  29.7,   2.2,  25.3,  0.548, -0.007,  0.000,4012744.4,  1,  21.4,   0.9, 0.100
2025-10-29 11:42:59,        0,  29.8,   2.3,  25.3,  0.538, -0.007,  0.000,4012736.4,  1,  21.4,   0.9, 0.100
2025-10-29 11:43:00,        0,  29.8,   2.3,  25.3,  0.534, -0.008,  0.000,4012729.3,  1,  21.4,   0.9, 0.100
2025-10-29 11:43:01,        0,  29.8,   2.5,  25.3,  0.524, -0.007,  0.000,4012722.6,  1,  21.4,   0.9, 0.100
2025-10-29 11:43:02,        0,  29.6,   1.7,  25.3,  0.518, -0.007,  0.000,4012715.9,  1,  21.4,   0.9, 0.100
2025-10-29 11:43:03,        0,  29.8,   2.3,  25.3,  0.512, -0.007,  0.000,4012709.2,  1,  21.4,   0.8, 0.100
2025-10-29 11:43:04,        0,  29.8,   2.3,  25.3,  0.504, -0.007,  0.000,4012702.0,  1,  21.4,   0.8, 0.100
2025-10-29 11:43:05,        0,  29.8,   2.3,  25.3,  0.497, -0.007,  0.000,4012695.7,  1,  21.4,   0.8, 0.100
2025-10-29 11:43:06,        0,  29.8,   2.5,  25.3,  0.494, -0.007,  0.000,4012688.6,  1,  21.4,   0.8, 0.100
2025-10-29 11:43:07,        0,  29.8,   2.3,  25.3,  0.490, -0.007,  0.000,4012681.9,  1,  21.4,   0.8, 0.100
2025-10-29 11:43:08,        0,  29.8,   2.3,  25.3,  0.485, -0.007,  0.000,4012674.4,  1,  21.4,   0.8, 0.100
2025-10-29 11:43:09,        0,  29.8,   2.5,  25.3,  0.480, -0.007,  0.000,4012667.7,  1,  21.4,   0.8, 0.100
2025-10-29 11:43:10,        0,  29.8,   2.3,  25.3,  0.472, -0.006,  0.000,4012661.8,  1,  21.4,   0.8, 0.100
2025-10-29 11:43:11,        0,  29.9,   2.7,  25.3,  0.467, -0.006,  0.000,4012656.4,  1,  21.4,   0.8, 0.100
2025-10-29 11:43:12,        0,  29.8,   2.3,  25.3,  0.461, -0.006,  0.000,4012649.2,  1,  21.4,   0.8, 0.100
2025-10-29 11:43:13,        0,  29.8,   2.5,  25.3,  0.457, -0.006,  0.000,4012642.9,  1,  21.4,   0.8, 0.100
2025-10-29 11:43:14,        0,  29.8,   2.5,  25.3,  0.455, -0.006,  0.000,4012637.1,  1,  21.4,   0.8, 0.100
2025-10-29 11:43:15,        0,  29.8,   2.5,  25.3,  0.451, -0.006,  0.000,4012630.8,  1,  21.4,   0.8, 0.100
2025-10-29 11:43:16,        0,  29.8,   2.3,  25.3,  0.449, -0.006,  0.000,4012624.9,  1,  21.4,   0.8, 0.100
2025-10-29 11:43:17,        0,  29.8,   2.5,  25.3,  0.444, -0.006,  0.000,4012617.0,  1,  21.4,   0.8, 0.100
2025-10-29 11:43:18,        0,  29.8,   2.3,  25.3,  0.442, -0.006,  0.000,4012611.5,  1,  21.4,   0.8, 0.100
2025-10-29 11:43:19,        0,  29.8,   2.3,  25.3,  0.438, -0.006,  0.000,4012605.2,  1,  21.4,   0.8, 0.100
2025-10-29 11:43:20,        0,  29.8,   2.5,  25.3,  6.224,  4.328,  0.027,4014862.0,  1,  21.4,   0.8, 0.100
2025-10-29 11:43:21,        0,  29.4,   1.3,  25.3,  3.839,  2.147,  0.010,4018914.7,  1,  21.4,   0.8, 0.100
2025-10-29 11:43:22,        0,  29.0,   0.1,  25.3,  1.213,  0.046,  0.000,4019021.1,  1,  21.4,   0.8, 0.100
2025-10-29 11:43:23,        0,  29.5,   1.5,  25.3,  1.037,  0.003,  0.000,4019024.9,  1,  21.4,   0.8, 0.100
2025-10-29 11:43:24,        0,  29.5,   1.5,  25.3,  0.964, -0.005,  0.000,4019019.9,  1,  21.4,   0.8, 0.100
2025-10-29 11:43:25,        0,  29.5,   1.5,  25.3,  0.899, -0.007,  0.000,4019011.9,  1,  21.4,   0.8, 0.100
2025-10-29 11:43:26,        0,  29.5,   1.5,  25.3,  0.848, -0.007,  0.000,4019005.2,  1,  21.4,   0.8, 0.100
2025-10-29 11:43:27,        0,  29.6,   1.7,  25.3,  0.818, -0.008,  0.000,4018997.7,  1,  21.4,   0.9, 0.100
2025-10-29 11:43:28,        0,  29.5,   1.5,  25.3,  0.791, -0.007,  0.000,4018990.6,  1,  21.4,   0.9, 0.100
2025-10-29 11:43:29,        0,  29.6,   1.7,  25.3,  0.756, -0.008,  0.000,4018981.8,  1,  21.4,   0.9, 0.100
2025-10-29 11:43:30,        0,  29.5,   1.5,  25.3,  0.736, -0.008,  0.000,4018973.8,  1,  21.4,   0.9, 0.100
2025-10-29 11:43:31,        0,  29.4,   1.2,  25.3,  0.710, -0.007,  0.000,4018966.7,  1,  21.4,   0.9, 0.100
2025-10-29 11:43:32,        0,  29.5,   1.5,  25.3,  0.694, -0.008,  0.000,4018959.1,  1,  21.4,   0.8, 0.100
2025-10-29 11:43:33,        0,  29.5,   1.5,  25.3,  0.672, -0.008,  0.000,4018949.5,  1,  21.4,   0.9, 0.100
2025-10-29 11:43:34,        0,  29.5,   1.5,  25.3,  0.658, -0.008,  0.000,4018941.9,  1,  21.4,   0.9, 0.100
2025-10-29 11:43:35,        0,  29.5,   1.5,  25.3,106745.037, -0.007,  0.000,4018934.8,  1,  21.4,   0.8, 0.100
2025-10-29 11:43:36,        0,  29.6,   1.7,  25.3,  0.627, -0.007,  0.000,4018927.7,  1,  21.4,   0.9, 0.100
2025-10-29 11:43:37,        0,  29.6,   1.7,  25.3,  0.616, -0.007,  0.000,4018920.6,  1,  21.4,   0.9, 0.100
2025-10-29 11:43:38,        0,  29.6,   1.7,  25.3,  0.600, -0.007,  0.000,4018911.8,  1,  21.4,   0.8, 0.100
2025-10-29 11:43:39,        0,  29.6,   1.7,  25.3,  0.589, -0.007,  0.000,4018905.1,  1,  21.4,   0.9, 0.100
2025-10-29 11:43:40,        0,  29.6,   1.7,  25.3,  0.580, -0.007,  0.000,4018897.9,  1,  21.4,   0.9, 0.100
2025-10-29 11:43:41,        0,  29.5,   1.5,  25.3,  0.566, -0.007,  0.000,4018891.2,  1,  21.4,   0.9, 0.100
2025-10-29 11:43:42,        0,  29.6,   1.8,  25.3,  0.552, -0.007,  0.000,4018883.3,  1,  21.4,   0.9, 0.100
2025-10-29 11:43:43,        0,  29.6,   1.7,  25.3,  0.545, -0.007,  0.000,4018876.6,  1,  21.4,   0.9, 0.100
2025-10-29 11:43:44,        0,  29.6,   1.7,  25.3,  0.536, -0.007,  0.000,4018869.9,  1,  21.4,   0.9, 0.100
2025-10-29 11:43:45,        0,  29.6,   1.7,  25.3,  0.529, -0.007,  0.000,4018863.2,  1,  21.4,   0.9, 0.100
2025-10-29 11:43:46,        0,  29.6,   1.7,  25.3,  0.519, -0.006,  0.000,4018855.6,  1,  21.4,   0.9, 0.100
2025-10-29 11:43:47,        0,  29.6,   1.7,  25.3,  0.509, -0.007,  0.000,4018848.9,  1,  21.4,   1.0, 0.100
2025-10-29 11:43:48,        0,  29.6,   1.8,  25.3,  0.503, -0.006,  0.000,4018843.0,  1,  21.4,   0.9, 0.100
2025-10-29 11:43:49,        0,  29.6,   1.7,  25.3,  0.495, -0.007,  0.000,4018837.2,  1,  21.4,   1.0, 0.100
2025-10-29 11:43:50,        0,  29.6,   1.7,  25.3,  0.490, -0.007,  0.000,4018830.9,  1,  21.4,   0.9, 0.100
2025-10-29 11:43:51,        0,  29.6,   1.8,  25.3,  0.481, -0.007,  0.000,4018823.3,  1,  21.4,   0.9, 0.100
2025-10-29 11:43:52,        0,  29.6,   1.8,  25.3,  0.472, -0.007,  0.000,4018817.1,  1,  21.4,   1.0, 0.100
2025-10-29 11:43:53,        0,  29.6,   1.8,  25.3,  0.466, -0.006,  0.000,4018811.2,  1,  21.4,   1.0, 0.100
2025-10-29 11:43:54,        0,  29.6,   1.8,  25.3,  0.462, -0.007,  0.000,4018804.5,  1,  21.4,   0.9, 0.100
2025-10-29 11:43:55,        0,  29.6,   1.8,  25.3,  0.458, -0.007,  0.000,4018797.4,  1,  21.4,   0.9, 0.100
2025-10-29 11:43:56,        0,  29.6,   1.7,  25.3,  0.453, -0.006,  0.000,4018791.5,  1,  21.4,   1.0, 0.100
2025-10-29 11:43:57,        0,  29.6,   1.8,  25.3,  0.447, -0.006,  0.000,4018785.6,  1,  21.4,   0.9, 0.100
2025-10-29 11:43:58,        0,  29.6,   1.7,  25.3,  0.443, -0.006,  0.000,4018779.8,  1,  21.4,   0.9, 0.100
2025-10-29 11:43:59,        0,  29.6,   1.8,  25.3,  0.435, -0.006,  0.000,4018773.0,  1,  21.4,   0.9, 0.100
2025-10-29 11:44:00,        0,  29.6,   1.7,  25.3,  0.430, -0.005,  0.000,4018767.2,  1,  21.4,   0.9, 0.100
2025-10-29 11:44:01,        0,  29.6,   1.7,  25.3,  0.426, -0.005,  0.000,4018762.1,  1,  21.4,   0.9, 0.100
2025-10-29 11:44:02,        0,  29.6,   1.8,  25.3,  0.420, -0.005,  0.000,4018756.7,  1,  21.4,   0.9, 0.100
2025-10-29 11:44:03,        0,  29.6,   1.7,  25.3,  0.416, -0.006,  0.000,4018751.3,  1,  21.4,   0.9, 0.100
2025-10-29 11:44:04,        0,  29.6,   1.8,  25.3,  0.412, -0.005,  0.000,4018744.5,  1,  21.4,   0.9, 0.100
2025-10-29 11:44:05,        0,  29.7,   2.0,  25.3,  0.408, -0.005,  0.000,4018739.5,  1,  21.4,   0.9, 0.100
2025-10-29 11:44:06,        0,  29.6,   1.8,  25.3,  0.403, -0.005,  0.000,4018734.1,  1,  21.4,   0.9, 0.100
2025-10-29 11:44:07,        0,  29.6,   1.8,  25.3,  0.398, -0.005,  0.000,4018728.6,  1,  21.4,   0.9, 0.100
2025-10-29 11:44:08,        0,  29.6,   1.7,  25.3,  0.392, -0.005,  0.000,4018722.3,  1,  21.4,   0.9, 0.100
2025-10-29 11:44:09,        0,  29.6,   1.8,  25.3,  0.388, -0.005,  0.000,4018718.1,  1,  21.4,   0.9, 0.100
2025-10-29 11:44:10,        0,  29.7,   2.0,  25.3,  0.385, -0.005,  0.000,4018713.1,  1,  21.4,   0.9, 0.100
2025-10-29 11:44:11,        0,  29.7,   2.0,  25.3,  0.379, -0.005,  0.000,4018708.1,  1,  21.4,   0.9, 0.100
2025-10-29 11:44:12,        0,  29.6,   1.8,  25.3,  0.377, -0.005,  0.000,4018702.2,  1,  21.4,   0.9, 0.100
2025-10-29 11:44:13,        0,  29.6,   1.8,  25.3,  0.371, -0.004,  0.000,4018697.6,  1,  21.4,   0.9, 0.100
2025-10-29 11:44:14,        0,  29.7,   2.0,  25.3,  0.368, -0.005,  0.000,4018693.0,  1,  21.4,   0.9, 0.100
2025-10-29 11:44:15,        0,  29.6,   1.8,  25.3,  0.366, -0.005,  0.000,4018688.4,  1,  21.4,   0.9, 0.100
2025-10-29 11:44:16,        0,  29.6,   1.8,  25.3,  0.361, -0.005,  0.000,4018682.9,  1,  21.4,   0.9, 0.100
2025-10-29 11:44:17,        0,  29.7,   2.2,  25.3,  0.358, -0.005,  0.000,4018677.9,  1,  21.4,   0.9, 0.100
2025-10-29 11:44:18,        0,  29.7,   2.0,  25.3,  0.355, -0.005,  0.000,4018672.9,  1,  21.4,   0.9, 0.100
2025-10-29 11:44:19,        0,  29.7,   2.0,  25.3,  0.352, -0.005,  0.000,4018668.7,  1,  21.4,   0.9, 0.100
2025-10-29 11:44:20,        0,  29.7,   2.0,  25.3,  0.348, -0.005,  0.000,4018664.5,  1,  21.4,   1.0, 0.100
2025-10-29 11:44:21,        0,  29.7,   2.0,  25.3,  0.344, -0.005,  0.000,4018658.6,  1,  21.4,   1.0, 0.100
2025-10-29 11:44:22,        0,  29.6,   1.8,  25.3,  0.342, -0.004,  0.000,4018654.4,  1,  21.4,   1.0, 0.100
2025-10-29 11:44:23,        0,  29.7,   2.0,  25.3,  0.337, -0.005,  0.000,4018649.4,  1,  21.4,   1.0, 0.100
2025-10-29 11:44:24,        0,  29.7,   2.0,  25.3,  0.335, -0.005,  0.000,4018645.2,  1,  21.4,   1.0, 0.100
2025-10-29 11:44:25,        0,  29.6,   1.8,  25.3,  0.332, -0.004,  0.000,4018640.6,  1,  21.4,   1.0, 0.100
2025-10-29 11:44:26,        0,  29.7,   2.0,  25.2,  0.330, -0.005,  0.000,4018636.8,  1,  21.4,   1.0, 0.100
2025-10-29 11:44:27,        0,  29.7,   2.0,  25.3,  0.326, -0.004,  0.000,4018632.2,  1,  21.4,   1.0, 0.100
2025-10-29 11:44:28,        0,  29.7,   2.2,  25.3,  0.323, -0.005,  0.000,4018627.6,  1,  21.4,   1.0, 0.100
2025-10-29 11:44:29,        0,  29.7,   2.0,  25.3,  0.324, -0.005,  0.000,4018621.3,  1,  21.4,   1.0, 0.100
2025-10-29 11:44:30,        0,  29.7,   2.2,  25.3,  0.324, -0.004,  0.000,4018617.1,  1,  21.4,   1.0, 0.100
2025-10-29 11:44:31,        0,  29.7,   2.0,  25.3,  0.324, -0.005,  0.000,4018612.5,  1,  21.4,   1.0, 0.100
2025-10-29 11:44:32,        0,  29.7,   2.2,  25.3,  0.323, -0.004,  0.000,4018607.9,  1,  21.4,   1.0, 0.100
2025-10-29 11:44:33,        0,  29.7,   2.2,  25.3,  0.321, -0.004,  0.000,4018603.7,  1,  21.4,   1.0, 0.100
2025-10-29 11:44:34,        0,  29.7,   2.2,  25.3,  0.320, -0.005,  0.000,4018598.7,  1,  21.4,   1.0, 0.100
2025-10-29 11:44:35,        0,  29.7,   2.0,  25.3,  0.319, -0.004,  0.000,4018594.9,  1,  21.4,   1.0, 0.100
2025-10-29 11:44:36,        0,  29.7,   2.0,  25.3,  0.316, -0.004,  0.000,4018590.7,  1,  21.4,   1.0, 0.100
2025-10-29 11:44:37,        0,  29.7,   2.2,  25.3,  0.313, -0.004,  0.000,4018586.5,  1,  21.4,   1.0, 0.100
2025-10-29 11:44:38,        0,  29.7,   2.2,  25.3,  0.311, -0.005,  0.000,4018581.9,  1,  21.4,   1.0, 0.100
2025-10-29 11:44:39,        0,  29.7,   2.2,  25.3,  0.310, -0.004,  0.000,4018576.9,  1,  21.4,   1.0, 0.100
2025-10-29 11:44:40,        0,  29.7,   2.2,  25.3,  0.308, -0.004,  0.000,4018573.1,  1,  21.4,   1.0, 0.100
2025-10-29 11:44:41,        0,  29.7,   2.0,  25.3,  0.305, -0.004,  0.000,4018569.4,  1,  21.4,   1.0, 0.100
2025-10-29 11:44:42,        0,  29.7,   2.2,  25.3,  0.302, -0.004,  0.000,4018565.2,  1,  21.4,   1.0, 0.100
2025-10-29 11:44:43,        0,  29.7,   2.2,  25.3,  0.300, -0.004,  0.000,4018561.4,  1,  21.4,   1.0, 0.100
2025-10-29 11:44:44,        0,  29.7,   2.0,  25.3,  0.297, -0.004,  0.000,4018556.8,  1,  21.4,   1.0, 0.100
2025-10-29 11:44:45,        0,  29.7,   2.2,  25.3,  0.294, -0.004,  0.000,4018552.6,  1,  21.4,   1.0, 0.100
2025-10-29 11:44:46,        0,  29.7,   2.2,  25.3,  0.293, -0.004,  0.000,4018548.4,  1,  21.4,   1.0, 0.100
2025-10-29 11:44:47,        0,  29.7,   2.0,  25.2,  0.291, -0.004,  0.000,4018544.6,  1,  21.4,   1.0, 0.100
2025-10-29 11:44:48,        0,  29.7,   2.2,  25.3,  0.292, -0.004,  0.000,4018539.6,  1,  21.4,   1.0, 0.100
2025-10-29 11:44:49,        0,  29.7,   2.2,  25.3,  0.289, -0.004,  0.000,4018536.3,  1,  21.4,   1.0, 0.100
2025-10-29 11:44:50,        0,  29.7,   2.2,  25.3,  0.288, -0.004,  0.000,4018532.5,  1,  21.4,   1.0, 0.100
2025-10-29 11:44:51,        0,  29.7,   2.2,  25.3,  0.285, -0.004,  0.000,4018528.3,  1,  21.4,   1.0, 0.100
2025-10-29 11:44:52,        0,  29.7,   2.2,  25.3,  0.283, -0.004,  0.000,4018524.1,  1,  21.4,   1.0, 0.100
2025-10-29 11:44:53,        0,  29.7,   2.2,  25.3,  0.280, -0.004,  0.000,4018520.8,  1,  21.4,   1.0, 0.100
2025-10-29 11:44:54,        0,  29.8,   2.3,  25.3,  0.278, -0.004,  0.000,4018516.6,  1,  21.4,   1.0, 0.100
2025-10-29 11:44:55,        0,  29.7,   2.2,  25.3,  0.276, -0.004,  0.000,4018512.8,  1,  21.4,   1.0, 0.100
2025-10-29 11:44:56,        0,  29.7,   2.2,  25.3,  0.280, -0.004,  0.000,4018507.3,  1,  21.4,   1.0, 0.100
2025-10-29 11:44:57,        0,  29.7,   2.2,  25.3,  0.280, -0.004,  0.000,4018503.6,  1,  21.4,   1.0, 0.100
2025-10-29 11:44:58,        0,  29.7,   2.2,  25.3,  0.281, -0.004,  0.000,4018499.4,  1,  21.4,   1.0, 0.100
2025-10-29 11:44:59,        0,  29.7,   2.2,  25.3,  0.279, -0.004,  0.000,4018496.0,  1,  21.4,   1.0, 0.100
2025-10-29 11:45:00,        0,  29.7,   2.2,  25.3,  0.278, -0.004,  0.000,4018491.8,  1,  21.4,   1.0, 0.100
2025-10-29 11:45:01,        0,  29.8,   2.3,  25.2,  0.275, -0.003,  0.000,4018487.6,  1,  21.4,   1.0, 0.100
2025-10-29 11:45:02,        0,  29.7,   2.2,  25.3,  0.272, -0.004,  0.000,4018484.3,  1,  21.4,   1.0, 0.100
2025-10-29 11:45:03,        0,  29.7,   2.2,  25.3,  0.271, -0.004,  0.000,4018480.9,  1,  21.4,   1.0, 0.100
2025-10-29 11:45:04,        0,  29.8,   2.3,  25.3,  0.269, -0.004,  0.000,4018477.2,  1,  21.4,   1.0, 0.100
2025-10-29 11:45:05,        0,  29.8,   2.3,  25.3,  0.267, -0.003,  0.000,4018472.6,  1,  21.4,   1.0, 0.100
2025-10-29 11:45:06,        0,  29.8,   2.3,  25.3,  0.264, -0.004,  0.000,4018469.2,  1,  21.4,   1.0, 0.100
2025-10-29 11:45:07,        0,  29.8,   2.3,  25.3,  0.263, -0.003,  0.000,4018466.3,  1,  21.4,   1.0, 0.100
2025-10-29 11:45:08,        0,  29.8,   2.3,  25.3,  0.262, -0.004,  0.000,4018462.5,  1,  21.4,   1.0, 0.100
2025-10-29 11:45:09,        0,  29.8,   2.3,  25.3,  0.260, -0.004,  0.000,4018458.3,  1,  21.4,   1.0, 0.100
2025-10-29 11:45:10,        0,  29.8,   2.3,  25.3,  0.258, -0.004,  0.000,4018455.0,  1,  21.4,   1.0, 0.100
2025-10-29 11:45:11,        0,  29.8,   2.3,  25.3,  0.256, -0.004,  0.000,4018451.2,  1,  21.4,   1.0, 0.100
2025-10-29 11:45:12,        0,  29.8,   2.3,  25.3,  0.255, -0.004,  0.000,4018447.4,  1,  21.4,   1.0, 0.100
2025-10-29 11:45:13,        0,  29.8,   2.3,  25.3,  0.254, -0.004,  0.000,4018444.1,  1,  21.4,   1.0, 0.100
2025-10-29 11:45:14,        0,  29.8,   2.3,  25.3,  0.251, -0.003,  0.000,4018440.7,  1,  21.4,   1.0, 0.100
2025-10-29 11:45:15,        0,  29.8,   2.3,  25.2,  0.251, -0.005,  0.000,4018436.5,  1,  21.4,   1.0, 0.100
2025-10-29 11:45:16,        0,  29.8,   2.3,  25.3,  0.254, -0.004,  0.000,4018432.7,  1,  21.4,   1.0, 0.100
2025-10-29 11:45:17,        0,  29.7,   2.0,  25.2,  0.254, -0.003,  0.000,4018429.8,  1,  21.4,   1.0, 0.100
2025-10-29 11:45:18,        0,  29.8,   2.5,  25.3,  0.252, -0.003,  0.000,4018425.6,  1,  21.4,   1.0, 0.100
2025-10-29 11:45:19,        0,  29.8,   2.5,  25.3,  0.249, -0.003,  0.000,4018422.7,  1,  21.4,   1.0, 0.100
2025-10-29 11:45:20,        0,  29.8,   2.3,  25.3,  0.248, -0.004,  0.000,4018419.3,  1,  21.4,   1.0, 0.100
2025-10-29 11:45:21,        0,  29.8,   2.3,  25.3,  0.247, -0.003,  0.000,4018416.4,  1,  21.4,   1.0, 0.100
2025-10-29 11:45:22,        0,  29.8,   2.5,  25.3,  0.245, -0.003,  0.000,4018412.2,  1,  21.4,   1.0, 0.100
2025-10-29 11:45:23,        0,  29.8,   2.3,  25.3,  0.243, -0.003,  0.000,4018408.9,  1,  21.4,   1.0, 0.100
2025-10-29 11:45:24,        0,  29.8,   2.3,  25.2,  0.242, -0.003,  0.000,4018405.9,  1,  21.4,   1.0, 0.100
2025-10-29 11:45:25,        0,  29.7,   2.0,  25.2,  0.240, -0.003,  0.000,4018402.6,  1,  21.4,   1.0, 0.100
2025-10-29 11:45:26,        0,  29.8,   2.5,  25.3,  0.243, -0.003,  0.000,4018398.4,  1,  21.4,   1.0, 0.100
2025-10-29 11:45:27,        0,  29.8,   2.3,  25.3,  0.243, -0.004,  0.000,4018395.0,  1,  21.4,   1.0, 0.100
2025-10-29 11:45:28,        0,  29.8,   2.3,  25.2,  0.244, -0.003,  0.000,4018392.1,  1,  21.4,   1.0, 0.100
2025-10-29 11:45:29,        0,  29.8,   2.3,  25.3,  0.242, -0.003,  0.000,4018388.7,  1,  21.4,   1.0, 0.100
2025-10-29 11:45:30,        0,  29.8,   2.3,  25.3,  0.240, -0.003,  0.000,4018385.0,  1,  21.4,   1.0, 0.100
2025-10-29 11:45:31,        0,  29.8,   2.3,  25.3,  0.239, -0.003,  0.000,4018381.6,  1,  21.4,   1.0, 0.100
2025-10-29 11:45:32,        0,  29.8,   2.3,  25.2,  0.237, -0.003,  0.000,4018378.3,  1,  21.4,   1.0, 0.100
2025-10-29 11:45:33,        0,  29.8,   2.3,  25.2,  0.236, -0.003,  0.000,4018375.3,  1,  21.4,   1.0, 0.100
2025-10-29 11:45:34,        0,  29.8,   2.3,  25.3,  0.234, -0.003,  0.000,4018371.1,  1,  21.4,   1.0, 0.100
2025-10-29 11:45:35,        0,  29.7,   2.2,  25.2,  0.232, -0.003,  0.000,4018368.2,  1,  21.4,   1.0, 0.100
2025-10-29 11:45:36,        0,  29.8,   2.3,  25.3,  0.231, -0.003,  0.000,4018364.8,  1,  21.4,   1.0, 0.100
2025-10-29 11:45:37,        0,  29.8,   2.5,  25.3,  0.230, -0.003,  0.000,4018361.9,  1,  21.4,   1.0, 0.100
