Time, Cnts,  %T, set_Cell[mA], Cell[°C], Cell[Volt], Cell[mA], Cell[W], Cell[uAs], Cell_ON, Env[°C], TEC[°C], N2Flow[slpm]
2025-10-03 12:24:45,        0,  29.5,   1.5,  26.6,  0.124, -0.001,  0.000,     -1.1,  1,  21.7,   1.1, 0.100
2025-10-03 12:24:47,        0,  29.6,   1.8,  26.7,  0.124, -0.002,  0.000,     -3.1,  1,  21.8,   1.3, 0.115
2025-10-03 12:24:48,        0,  29.6,   1.8,  26.7,  0.123, -0.002,  0.000,     -4.9,  1,  21.7,   1.2, 0.107
2025-10-03 12:24:48,        0,  29.6,   1.8,  26.7,  0.123, -0.002,  0.000,     -6.6,  1,  21.7,   1.2, 0.102
2025-10-03 12:24:49,        0,  29.6,   1.8,  26.7,  0.123, -0.001,  0.000,     -8.3,  1,  21.7,   1.2, 0.101
2025-10-03 12:24:51,        0,  29.6,   1.8,  26.7,  0.122, -0.002,  0.000,    -10.0,  1,  21.7,   1.2, 0.100
2025-10-03 12:24:52,        0,  29.7,   2.0,  26.7,  0.122, -0.002,  0.000,    -11.7,  1,  21.7,   1.2, 0.100
2025-10-03 12:24:52,        0,  29.6,   1.8,  26.7,  0.122, -0.002,  0.000,    -13.2,  1,  21.7,   1.2, 0.100
2025-10-03 12:24:53,        0,  29.6,   1.8,  26.7,  0.122, -0.002,  0.000,    -14.9,  1,  21.7,   1.2, 0.100
2025-10-03 12:24:55,        0,  29.6,   1.8,  26.7,  0.125, -0.003,  0.000,    -17.7,  1,  21.7,   1.2, 0.100
2025-10-03 12:24:56,        0,  29.6,   1.7,  26.7,  0.125, -0.002,  0.000,    -19.2,  1,  21.7,   1.2, 0.100
2025-10-03 12:24:56,        0,  29.6,   1.7,  26.7,  0.124, -0.002,  0.000,    -20.6,  1,  21.7,   1.3, 0.100
2025-10-03 12:24:57,        0,  29.5,   1.5,  26.7,  0.125, -0.001,  0.000,    -22.3,  1,  21.7,   1.3, 0.100
2025-10-03 12:24:59,        0,  29.7,   2.0,  26.7,  0.125, -0.001,  0.000,    -24.0,  1,  21.7,   1.2, 0.100
2025-10-03 12:25:00,        0,  29.8,   2.4,  26.7,  0.122, -0.002,  0.000,    -26.0,  1,  21.7,   1.2, 0.100
2025-10-03 12:25:00,        0,  30.2,   3.6,  26.7,  3.467,  3.216,  0.016,   2167.8,  1,  21.7,   1.3, 0.100
2025-10-03 12:25:01,        0,  30.4,   4.3,  26.7,  5.362,  4.998,  0.027,   7093.3,  1,  21.7,   1.3, 0.100
2025-10-03 12:25:03,        0,  30.7,   5.0,  26.7,  6.753,  6.802,  0.046,  14504.2,  1,  21.7,   1.3, 0.100
2025-10-03 12:25:04,        0,  32.3,  10.0,  26.7,  6.898,  6.982,  0.048,  21377.6,  1,  21.7,   1.3, 0.101
2025-10-03 12:25:04,        0,  30.5,   4.6,  26.6,  9.796, 10.766,  0.106,  31839.8,  1,  21.7,   1.2, 0.101
2025-10-03 12:25:05,        0,  32.2,   9.7,  26.6, 10.645, 11.871,  0.128,  41497.7,  1,  21.7,   1.2, 0.101
2025-10-03 12:25:06,        0,  32.5,  10.6,  26.7, 10.150, 11.213,  0.114,  52597.9,  1,  21.8,   1.3, 0.088
2025-10-03 12:25:08,        0,  34.5,  16.5,  26.6, 12.105, 13.773,  0.167,  69044.5,  1,  21.7,   1.2, 0.090
2025-10-03 12:25:08,        0,  33.6,  13.8,  26.6, 17.176, 20.424,  0.352,  86917.3,  1,  21.7,   1.2, 0.097
2025-10-03 12:25:09,        0,  34.9,  17.7,  26.6, 16.000, 18.869,  0.307, 103011.1,  1,  21.7,   1.2, 0.098
2025-10-03 12:25:10,        0,  34.1,  15.3,  26.6, 17.829, 21.267,  0.381, 123423.1,  1,  21.7,   1.2, 0.099
2025-10-03 12:25:12,        0,  35.7,  20.1,  26.6, 21.770, 26.455,  0.578, 149876.1,  1,  21.7,   1.2, 0.100
2025-10-03 12:25:13,        0,  35.7,  20.1,  26.6, 22.462, 27.382,  0.616, 173323.6,  1,  21.7,   1.2, 0.100
2025-10-03 12:25:13,        0,  36.0,  21.0,  26.6, 19.040, 22.858,  0.435, 195779.2,  1,  21.7,   1.2, 0.100
2025-10-03 12:25:14,        0,  37.0,  24.0,  26.6, 23.569, 28.852,  0.680, 221623.7,  1,  21.7,   1.2, 0.100
2025-10-03 12:25:16,        0,  33.4,  13.3,  26.6, 20.078, 24.227,  0.487, 252258.7,  1,  21.7,   1.1, 0.100
2025-10-03 12:25:17,        0,  36.1,  21.4,  26.6, 18.223, 21.803,  0.409, 271921.6,  1,  21.7,   1.2, 0.100
2025-10-03 12:25:17,        0,  39.3,  30.9,  26.6, 22.373, 27.261,  0.610, 298295.7,  1,  21.7,   1.2, 0.100
2025-10-03 12:25:18,        0,  38.7,  29.0,  26.6, 26.092, 32.183,  0.842, 328407.7,  1,  21.7,   1.2, 0.100
2025-10-03 12:25:20,        0,  35.5,  19.6,  26.6, 28.296, 35.126,  0.995, 368158.7,  1,  21.7,   1.2, 0.100
2025-10-03 12:25:21,        0,  38.7,  29.0,  26.6, 24.937, 30.671,  0.765, 395519.0,  1,  21.7,   1.1, 0.100
2025-10-03 12:25:21,        0,  42.4,  40.2,  26.6, 27.340, 33.880,  0.930, 428546.9,  1,  21.7,   1.2, 0.100
2025-10-03 12:25:22,        0,  40.5,  34.4,  26.7, 30.721, 38.402,  1.186, 465643.0,  1,  21.7,   1.2, 0.119
2025-10-03 12:25:24,        0,  39.8,  32.5,  26.6, 34.321, 43.258,  1.486, 513339.0,  1,  21.7,   1.2, 0.106
2025-10-03 12:25:25,        0,  41.8,  38.4,  26.6, 30.072, 37.612,  1.134, 549768.2,  1,  21.7,   1.2, 0.102
2025-10-03 12:25:25,        0,  39.7,  32.0,  26.6, 29.019, 36.267,  1.075, 587690.2,  1,  21.7,   1.2, 0.101
2025-10-03 12:25:26,        0,  41.6,  37.7,  26.6, 28.885, 36.097,  1.047, 622739.7,  1,  21.7,   1.2, 0.100
2025-10-03 12:25:27,        0,  39.3,  30.8,  26.6, 31.801, 40.034,  1.282, 659823.7,  1,  21.7,   1.2, 0.100
2025-10-03 12:25:29,        0,  40.6,  34.8,  26.6, 27.325, 34.017,  0.936, 700380.7,  1,  21.7,   1.2, 0.100
2025-10-03 12:25:29,        0,  35.8,  20.3,  26.6, 27.475, 34.214,  0.946, 733387.8,  1,  21.7,   1.2, 0.100
2025-10-03 12:25:30,        0,  34.6,  16.7,  26.6, 26.334, 32.668,  0.860, 761688.5,  1,  21.7,   1.2, 0.100
2025-10-03 12:25:31,        0,  37.0,  24.1,  26.6, 30.847, 38.698,  1.199, 792265.3,  1,  21.7,   1.2, 0.100
2025-10-03 12:25:33,        0,  40.8,  35.3,  26.6, 32.873, 41.372,  1.361, 834176.8,  1,  21.7,   1.2, 0.100
2025-10-03 12:25:33,        0,  38.4,  28.2,  26.6, 30.855, 38.717,  1.200, 869208.9,  1,  21.7,   1.2, 0.100
2025-10-03 12:25:34,        0,  40.4,  34.1,  26.6, 30.353, 38.033,  1.164, 905180.8,  1,  21.7,   1.2, 0.100
2025-10-03 12:25:36,        0,  37.3,  24.8,  26.6, 29.852, 37.374,  1.123, 948222.0,  1,  21.7,   1.2, 0.100
2025-10-03 12:25:37,        0,  39.6,  31.8,  26.7, 22.936, 28.100,  0.648, 979610.0,  1,  21.7,   1.2, 0.100
2025-10-03 12:25:37,        0,  39.4,  31.3,  26.7, 30.296, 37.934,  1.150,1014838.3,  1,  21.7,   1.2, 0.100
2025-10-03 12:25:38,        0,  39.4,  31.3,  26.7, 27.752, 34.507,  0.962,1048986.5,  1,  21.7,   1.2, 0.100
2025-10-03 12:25:40,        0,  36.4,  22.1,  26.6, 30.802, 38.602,  1.189,1092729.6,  1,  21.7,   1.1, 0.100
2025-10-03 12:25:41,        0,  37.2,  24.5,  26.7, 32.072, 40.274,  1.305,1126827.1,  1,  21.7,   1.2, 0.100
2025-10-03 12:25:41,        0,  39.5,  31.5,  26.6, 27.625, 34.359,  0.963,1160005.0,  1,  21.7,   1.1, 0.100
2025-10-03 12:25:42,        0,  40.8,  35.3,  26.6, 30.734, 38.531,  1.191,1196145.7,  1,  21.7,   1.2, 0.100
2025-10-03 12:25:44,        0,  37.6,  25.7,  26.7, 28.646, 35.754,  1.026,1239906.8,  1,  21.7,   1.2, 0.100
2025-10-03 12:25:45,        0,  38.5,  28.5,  26.7, 25.572, 31.621,  0.812,1268956.4,  1,  21.7,   1.1, 0.100
2025-10-03 12:25:45,        0,  38.0,  27.1,  26.7, 27.106, 33.652,  0.915,1299992.2,  1,  21.7,   1.1, 0.100
2025-10-03 12:25:46,        0,  35.9,  20.8,  26.7, 29.013, 36.132,  1.061,1330003.7,  1,  21.7,   1.1, 0.100
2025-10-03 12:25:48,        0,  36.3,  21.9,  26.7, 23.282, 28.475,  0.664,1362601.8,  1,  21.7,   1.1, 0.100
2025-10-03 12:25:49,        0,  37.2,  24.7,  26.6, 23.882, 29.248,  0.699,1390084.2,  1,  21.7,   1.1, 0.100
2025-10-03 12:25:49,        0,  40.3,  33.9,  26.7, 32.583, 40.843,  1.339,1424351.5,  1,  21.7,   1.1, 0.100
2025-10-03 12:25:50,        0,  38.2,  27.6,  26.7, 25.404, 31.276,  0.797,1456390.0,  1,  21.7,   1.1, 0.100
2025-10-03 12:25:52,        0,  38.9,  29.7,  26.7, 29.705, 36.997,  1.099,1496605.2,  1,  21.7,   1.0, 0.100
2025-10-03 12:25:53,        0,  39.7,  32.2,  26.7, 21.833, 26.534,  0.584,1522647.9,  1,  21.7,   1.0, 0.100
2025-10-03 12:25:53,        0,  39.3,  30.9,  26.7, 29.879, 37.270,  1.121,1558636.8,  1,  21.7,   1.0, 0.100
2025-10-03 12:25:54,        0,  35.2,  18.6,  26.7, 28.419, 35.331,  1.013,1591939.4,  1,  21.7,   1.0, 0.100
2025-10-03 12:25:56,        0,  39.8,  32.3,  26.7, 31.874, 39.932,  1.280,1632043.1,  1,  21.7,   1.0, 0.100
2025-10-03 12:25:56,        0,  39.8,  32.3,  26.7, 31.486, 39.423,  1.242,1668425.9,  1,  21.7,   1.0, 0.100
2025-10-03 12:25:57,        0,  37.6,  25.7,  26.7, 24.821, 30.529,  0.759,1699257.2,  1,  21.7,   1.0, 0.100
2025-10-03 12:25:58,        0,  38.0,  26.9,  26.7, 27.239, 33.717,  0.928,1729460.4,  1,  21.7,   1.0, 0.100
2025-10-03 12:26:00,        0,  36.4,  22.1,  26.7, 21.870, 26.546,  0.614,1762983.3,  1,  21.7,   1.0, 0.100
2025-10-03 12:26:00,        0,  37.3,  25.0,  26.7, 29.967, 37.304,  1.122,1793625.9,  1,  21.7,   1.0, 0.100
2025-10-03 12:26:01,        0,  39.1,  30.4,  26.7, 25.362, 31.124,  0.790,1823366.9,  1,  21.7,   1.0, 0.100
2025-10-03 12:26:02,        0,  39.1,  30.4,  26.7, 27.230, 33.635,  0.931,1855406.1,  1,  21.7,   1.0, 0.100
2025-10-03 12:26:04,        0,  38.0,  26.9,  26.7, 28.843, 35.773,  1.032,1895714.1,  1,  21.7,   1.0, 0.100
2025-10-03 12:26:04,        0,  40.4,  34.2,  26.7, 26.967, 33.286,  0.900,1928807.1,  1,  21.7,   1.0, 0.100
2025-10-03 12:26:05,        0,  36.6,  22.9,  26.8, 23.259, 28.352,  0.662,1957545.5,  1,  21.7,   1.0, 0.100
2025-10-03 12:26:06,        0,  40.0,  33.0,  26.8, 29.774, 37.000,  1.102,1989703.1,  1,  21.7,   1.0, 0.100
2025-10-03 12:26:08,        0,  35.3,  18.9,  26.8, 22.600, 27.457,  0.625,2026018.1,  1,  21.7,   1.0, 0.100
2025-10-03 12:26:09,        0,  35.7,  20.1,  26.8, 26.259, 32.286,  0.851,2053305.6,  1,  21.7,   1.1, 0.100
2025-10-03 12:26:09,        0,  40.4,  34.1,  26.7, 25.744, 31.591,  0.833,2085129.8,  1,  21.7,   1.1, 0.100
2025-10-03 12:26:10,        0,  39.6,  31.8,  26.8, 23.455, 28.593,  0.676,2116892.4,  1,  21.7,   1.1, 0.100
2025-10-03 12:26:12,        0,  37.6,  25.7,  26.7, 27.755, 34.297,  0.953,77727001190.2,  1,  21.7,   1.1, 0.100
2025-10-03 12:26:13,        0,  38.4,  28.2,  26.7, 25.011, 30.621,  0.766,2184299.0,  1,  21.7,   1.1, 0.100
2025-10-03 12:26:13,        0,  39.8,  32.3,  26.8, 26.908, 33.124,  0.894,2216605.4,  1,  21.7,   1.1, 0.100
2025-10-03 12:26:14,        0,  37.5,  25.5,  26.8, 26.071, 32.054,  0.845,2244273.6,  1,  21.7,   1.1, 0.100
2025-10-03 12:26:15,        0,  36.2,  21.5,  26.7, 21.727, 26.256,  0.572,2269905.3,  1,  21.7,   1.1, 0.100
2025-10-03 12:26:17,        0,  34.2,  15.6,  26.7, 25.500, 31.244,  0.816,2301389.2,  1,  21.7,   1.2, 0.100
2025-10-03 12:26:18,        0,  37.2,  24.7,  26.7, 15.258, 17.678,  0.272,2319770.1,  1,  21.7,   1.2, 0.100
2025-10-03 12:26:18,        0,  37.0,  24.1,  26.8, 23.959, 29.149,  0.705,2347231.9,  1,  21.7,   1.2, 0.100
2025-10-03 12:26:19,        0,  38.3,  28.0,  26.8, 23.763, 28.881,  0.691,2373289.6,  1,  21.7,   1.2, 0.100
2025-10-03 12:26:21,        0,  35.7,  20.0,  26.8, 20.989, 25.228,  0.530,2403165.6,  1,  21.7,   1.2, 0.100
2025-10-03 12:26:22,        0,  35.8,  20.3,  26.8, 16.717, 19.566,  0.329,2424280.3,  1,  21.7,   1.2, 0.100
2025-10-03 12:26:22,        0,  36.9,  23.6,  26.8, 20.489, 24.523,  0.504,2447857.3,  1,  21.7,   1.2, 0.100
2025-10-03 12:26:23,        0,  36.5,  22.4,  26.8, 19.032, 22.595,  0.432,2471907.7,  1,  21.7,   1.3, 0.100
2025-10-03 12:26:25,        0,  35.6,  19.9,  26.8, 15.612, 18.089,  0.296,2495702.2,  1,  21.7,   1.3, 0.100
2025-10-03 12:26:26,        0,  33.7,  14.2,  26.8, 22.480, 27.094,  0.621,2517963.9,  1,  21.7,   1.2, 0.100
2025-10-03 12:26:26,        0,  35.9,  20.6,  26.8, 15.546, 17.965,  0.280,2534912.6,  1,  21.7,   1.2, 0.100
2025-10-03 12:26:27,        0,  32.2,   9.5,  26.8, 13.828, 15.720,  0.219,2551935.0,  1,  21.7,   1.2, 0.100
2025-10-03 12:26:28,        0,  33.4,  13.2,  26.8, 13.838, 15.713,  0.222,2566196.4,  1,  21.7,   1.2, 0.100
2025-10-03 12:26:30,        0,  33.0,  12.1,  26.8, 16.373, 19.038,  0.319,2585488.8,  1,  21.7,   1.2, 0.100
2025-10-03 12:26:30,        0,  34.0,  14.9,  26.8, 14.366, 16.392,  0.237,2601024.2,  1,  21.7,   1.2, 0.100
2025-10-03 12:26:31,        0,  34.8,  17.3,  26.7, 14.773, 16.926,  0.251,2617347.5,  1,  21.7,   1.2, 0.100
2025-10-03 12:26:32,        0,  32.6,  10.9,  26.8, 12.588, 14.072,  0.178,2632218.3,  1,  21.7,   1.2, 0.100
2025-10-03 12:26:34,        0,  34.0,  14.9,  26.8, 13.567, 15.350,  0.208,2649379.8,  1,  21.7,   1.2, 0.100
2025-10-03 12:26:35,        0,  33.4,  13.1,  26.8, 16.804, 19.569,  0.329,2667297.8,  1,  21.7,   1.2, 0.100
2025-10-03 12:26:35,        0,  33.7,  14.2,  26.8, 11.251, 12.332,  0.143,2681016.5,  1,  21.7,   1.1, 0.100
2025-10-03 12:26:36,        0,  32.5,  10.6,  26.8,  9.217,  9.694,  0.089,2692555.6,  1,  21.7,   1.1, 0.100
2025-10-03 12:26:38,        0,  33.9,  14.7,  26.8, 13.151, 14.801,  0.195,2708439.8,  1,  21.7,   1.2, 0.100
2025-10-03 12:26:39,        0,  30.0,   3.1,  26.8, 10.274, 11.078,  0.125,2720877.7,  1,  21.7,   1.2, 0.100
2025-10-03 12:26:39,        0,  32.1,   9.2,  26.8, 10.749, 11.698,  0.129,2729962.0,  1,  21.7,   1.1, 0.100
2025-10-03 12:26:40,        0,  30.9,   5.7,  26.8,  9.685, 10.315,  0.101,2740037.0,  1,  21.7,   1.2, 0.100
2025-10-03 12:26:41,        0,  31.2,   6.7,  26.7, 12.178, 13.545,  0.167,2750940.6,  1,  21.7,   1.1, 0.100
2025-10-03 12:26:43,        0,  32.2,   9.5,  26.8,  8.346,  8.591,  0.072,2761490.9,  1,  21.7,   1.1, 0.100
2025-10-03 12:26:44,        0,  31.2,   6.5,  26.8,  8.896,  9.303,  0.083,2771457.2,  1,  21.7,   1.1, 0.100
2025-10-03 12:26:44,        0,  31.5,   7.4,  26.8,  8.492,  8.782,  0.075,2780109.0,  1,  21.7,   1.1, 0.100
2025-10-03 12:26:45,        0,  32.3,   9.8,  26.8,  9.857, 10.548,  0.105,2790118.1,  1,  21.7,   1.1, 0.100
2025-10-03 12:26:47,        0,  32.8,  11.3,  26.8,  7.346,  7.313,  0.057,2802324.2,  1,  21.7,   1.1, 0.100
2025-10-03 12:26:48,        0,  32.5,  10.4,  26.8,  9.375,  9.921,  0.095,2812693.0,  1,  21.7,   1.1, 0.100
2025-10-03 12:26:48,        0,  31.8,   8.5,  26.8, 11.592, 12.792,  0.150,2824089.5,  1,  21.7,   1.1, 0.100
2025-10-03 12:26:49,        0,  31.1,   6.4,  26.8,  7.532,  7.560,  0.059,2832597.8,  1,  21.7,   1.1, 0.100
2025-10-03 12:26:50,        0,  31.0,   6.0,  26.8,  6.482,  6.220,  0.041,2839775.2,  1,  21.7,   1.1, 0.100
2025-10-03 12:26:52,        0,  31.6,   7.7,  26.8,  7.260,  7.223,  0.053,2848732.9,  1,  21.7,   1.1, 0.100
2025-10-03 12:26:52,        0,  30.1,   3.4,  26.8,  7.093,  7.013,  0.050,2856047.6,  1,  21.7,   1.1, 0.100
2025-10-03 12:26:53,        0,  30.0,   3.1,  26.8,  8.763,  9.165,  0.081,2862951.3,  1,  21.7,   1.1, 0.100
2025-10-03 12:26:54,        0,  30.7,   5.2,  26.8,  5.015,  4.363,  0.024,2868246.6,  1,  21.7,   1.1, 0.100
2025-10-03 12:26:56,        0,  30.1,   3.4,  26.8,  8.027,  8.221,  0.066,2877148.6,  1,  21.7,   1.1, 0.100
2025-10-03 12:26:57,        0,  31.3,   6.9,  26.8,  6.968,  6.864,  0.048,2883209.6,  1,  21.7,   1.1, 0.100
2025-10-03 12:26:57,        0,  30.3,   3.8,  26.8,  5.735,  5.293,  0.032,2888782.7,  1,  21.7,   1.1, 0.100
2025-10-03 12:26:58,        0,  31.1,   6.2,  26.8,  5.986,  5.612,  0.034,2894828.6,  1,  21.7,   1.1, 0.100
2025-10-03 12:27:00,        0,  30.3,   3.9,  26.8,  6.351,  6.077,  0.039,2902770.0,  1,  21.7,   1.1, 0.100
2025-10-03 12:27:01,        0,  30.0,   2.9,  26.8,  6.077,  5.740,  0.037,2906979.2,  1,  21.7,   1.1, 0.100
2025-10-03 12:27:01,        0,  30.6,   4.8,  26.8,  6.136,  5.818,  0.037,2911871.3,  1,  21.7,   1.1, 0.100
2025-10-03 12:27:02,        0,  30.0,   3.1,  26.7,  6.061,  5.722,  0.035,2917329.4,  1,  21.7,   1.1, 0.100
2025-10-03 12:27:03,        0,  29.5,   1.5,  26.8,  6.222,  5.924,  0.037,2922606.2,  1,  21.7,   1.1, 0.100
2025-10-03 12:27:05,        0,  28.7,   0.0,  26.8,  6.829,  6.720,  0.046,2927664.2,  1,  21.7,   1.1, 0.100
2025-10-03 12:27:05,        0,  30.0,   2.9,  26.8,  3.926,  3.083,  0.018,2931039.9,  1,  21.7,   1.1, 0.100
2025-10-03 12:27:06,        0,  30.1,   3.4,  26.8,  6.756,  6.623,  0.045,2936668.1,  1,  21.7,   1.1, 0.100
2025-10-03 12:27:07,        0,  30.7,   5.2,  26.8,  6.075,  5.746,  0.035,2941817.5,  1,  21.7,   1.1, 0.100
2025-10-03 12:27:09,        0,  28.7,   0.0,  26.8,  5.228,  4.670,  0.024,2947781.2,  1,  21.7,   1.1, 0.100
2025-10-03 12:27:10,        0,  29.6,   1.7,  26.8,  4.435,  3.737,  0.021,2950282.4,  1,  21.7,   1.1, 0.100
2025-10-03 12:27:10,        0,  30.2,   3.6,  26.8,  3.892,  3.075,  0.017,2953769.7,  1,  21.7,   1.1, 0.100
2025-10-03 12:27:11,        0,  30.6,   4.8,  26.8,  2.275,  1.057,  0.004,2956648.5,  1,  21.7,   1.1, 0.100
2025-10-03 12:27:13,        0,  30.4,   4.1,  26.8,  5.682,  5.259,  0.030,2962316.5,  1,  21.7,   1.1, 0.100
2025-10-03 12:27:14,        0,  30.4,   4.1,  26.8,  5.638,  5.202,  0.029,2967506.4,  1,  21.7,   1.1, 0.100
2025-10-03 12:27:14,        0,  30.1,   3.4,  26.8,  2.905,  1.799,  0.007,2969855.8,  1,  21.7,   1.1, 0.100
2025-10-03 12:27:15,        0,  29.8,   2.4,  26.8,  2.036,  0.762,  0.002,2972582.7,  1,  21.7,   1.1, 0.100
2025-10-03 12:27:16,        0,  29.8,   2.5,  26.8,  3.394,  2.543,  0.013,2974235.2,  1,  21.7,   1.1, 0.100
2025-10-03 12:27:18,        0,  29.6,   1.7,  26.8,  6.086,  5.792,  0.035,2979981.2,  1,  21.7,   1.1, 0.100
2025-10-03 12:27:19,        0,  30.4,   4.3,  26.8,  5.410,  4.930,  0.027,2983268.1,  1,  21.7,   1.1, 0.100
2025-10-03 12:27:19,        0,  30.5,   4.5,  26.8,  3.302,  2.297,  0.010,2985755.0,  1,  21.6,   1.1, 0.100
2025-10-03 12:27:20,        0,  29.8,   2.4,  26.7,  3.840,  2.954,  0.013,2989659.9,  1,  21.7,   1.1, 0.100
2025-10-03 12:27:22,        0,  29.9,   2.7,  26.8,  3.650,  2.830,  0.015,2992591.1,  1,  21.7,   1.1, 0.100
2025-10-03 12:27:23,        0,  30.2,   3.6,  26.8,  3.081,  2.070,  0.010,2995545.3,  1,  21.7,   1.1, 0.100
2025-10-03 12:27:23,        0,  30.3,   3.8,  26.8,  4.929,  4.323,  0.022,2999221.6,  1,  21.7,   1.1, 0.100
2025-10-03 12:27:24,        0,  30.1,   3.4,  26.7,  3.310,  2.317,  0.010,3002342.4,  1,  21.7,   1.1, 0.100
2025-10-03 12:27:25,        0,  30.3,   3.8,  26.8,  1.576,  0.276,  0.000,3004393.7,  1,  21.7,   1.1, 0.100
2025-10-03 12:27:27,        0,  29.3,   1.0,  26.8,  5.493,  5.051,  0.028,3010123.5,  1,  21.7,   1.0, 0.100
2025-10-03 12:27:27,        0,  29.3,   1.0,  26.8,  1.304,  0.055,  0.000,3010497.6,  1,  21.7,   1.0, 0.100
2025-10-03 12:27:28,        0,  29.1,   0.3,  26.8,  1.148, -0.001,  0.000,3010497.8,  1,  21.7,   1.0, 0.100
2025-10-03 12:27:29,        0,  29.7,   2.2,  26.8,  1.091, -0.007,  0.000,3011316.3,  1,  21.6,   1.0, 0.100
2025-10-03 12:27:31,        0,  29.8,   2.5,  26.8,  2.605,  1.602,  0.008,3013765.0,  1,  21.7,   1.0, 0.100
2025-10-03 12:27:32,        0,  29.9,   2.7,  26.8,  5.161,  4.639,  0.024,3018184.8,  1,  21.7,   1.0, 0.100
2025-10-03 12:27:32,        0,  29.5,   1.5,  26.7,  5.077,  4.526,  0.023,3022381.2,  1,  21.7,   1.0, 0.100
2025-10-03 12:27:33,        0,  29.8,   2.4,  26.8,  1.392,  0.117,  0.000,3022799.7,  1,  21.6,   1.0, 0.100
2025-10-03 12:27:35,        0,  29.8,   2.5,  26.8,  1.118, -0.004,  0.000,3022799.7,  1,  21.7,   1.0, 0.100
2025-10-03 12:27:35,        0,  29.8,   2.5,  26.7,  1.067, -0.008,  0.000,3022792.1,  1,  21.7,   1.0, 0.100
2025-10-03 12:27:36,        0,  30.0,   2.9,  26.8,  1.030, -0.009,  0.000,3022783.6,  1,  21.7,   1.0, 0.100
2025-10-03 12:27:37,        0,  30.0,   3.1,  26.8,  4.954,  4.394,  0.022,3026751.1,  1,  21.7,   1.0, 0.100
2025-10-03 12:27:39,        0,  29.7,   2.2,  26.8,  4.960,  4.393,  0.022,3031936.0,  1,  21.7,   1.0, 0.100
2025-10-03 12:27:40,        0,  29.4,   1.1,  26.7,  1.369,  0.108,  0.000,3032526.0,  1,  21.7,   1.0, 0.100
2025-10-03 12:27:40,        0,  29.4,   1.3,  26.8,  1.434,  0.344,  0.002,3033205.2,  1,  21.7,   1.0, 0.100
2025-10-03 12:27:41,        0,  29.7,   2.2,  26.8,  1.308,  0.078,  0.000,3033277.1,  1,  21.6,   1.0, 0.100
2025-10-03 12:27:43,        0,  29.7,   2.0,  26.8,  3.620,  2.750,  0.012,3034481.3,  1,  21.7,   1.0, 0.100
2025-10-03 12:27:44,        0,  29.9,   2.7,  26.8,  1.130,  0.002,  0.000,3034494.3,  1,  21.7,   1.0, 0.100
2025-10-03 12:27:44,        0,  29.9,   2.7,  26.8,  1.778,  0.531,  0.001,3035179.3,  1,  21.7,   1.1, 0.100
2025-10-03 12:27:45,        0,  29.8,   2.5,  26.7,  4.824,  4.250,  0.021,3037436.8,  1,  21.7,   1.1, 0.100
2025-10-03 12:27:47,        0,  29.9,   2.7,  26.7,  2.496,  1.368,  0.005,3038731.8,  1,  21.7,   1.1, 0.100
2025-10-03 12:27:48,        0,  29.7,   2.2,  26.8,  1.172,  0.011,  0.000,3038743.7,  1,  21.7,   1.1, 0.100
2025-10-03 12:27:48,        0,  29.8,   2.4,  26.8,  1.056, -0.007,  0.000,3038738.5,  1,  21.7,   1.1, 0.100
2025-10-03 12:27:49,        0,  30.0,   2.9,  26.8,  4.554,  3.983,  0.020,3041172.2,  1,  21.7,   1.1, 0.100
2025-10-03 12:27:51,        0,  29.9,   2.7,  26.8,  4.901,  4.347,  0.021,3046020.1,  1,  21.7,   1.1, 0.100
2025-10-03 12:27:52,        0,  29.8,   2.4,  26.7,  4.843, -0.000,  0.021,3049307.7,  1,  21.7,   1.1, 0.100
2025-10-03 12:27:52,        0,  29.3,   0.8,  26.8,  1.282,  0.057,  0.000,3049383.3,  1,  21.7,   1.2, 0.100
2025-10-03 12:27:53,        0,  29.3,   1.0,  26.7,  1.084, -0.005,  0.000,3049380.8,  1,  21.7,   1.2, 0.100
2025-10-03 12:27:55,        0,  29.3,   0.8,  26.8,  1.035, -0.007,  0.000,3049372.0,  1,  21.7,   1.2, 0.100
2025-10-03 12:27:56,        0,  29.7,   2.2,  26.8,  0.984, -0.009,  0.000,3049363.2,  1,  21.7,   1.2, 0.100
2025-10-03 12:27:56,        0,  29.7,   2.0,  26.8,  0.957, -0.010,  0.000,3049353.8,  1,  21.7,   1.2, 0.100
2025-10-03 12:27:57,        0,  29.7,   2.0,  26.7,  0.931, -0.009,  0.000,3049344.8,  1,  21.7,   1.2, 0.100
2025-10-03 12:27:58,        0,  29.6,   1.7,  26.8,  0.892, -0.009,  0.000,3049336.0,  1,  21.7,   1.2, 0.100
2025-10-03 12:28:00,        0,  29.7,   2.2,  26.7,  0.858, -0.009,  0.000,3049325.3,  1,  21.7,   1.2, 0.100
2025-10-03 12:28:00,        0,  29.8,   2.5,  26.8,  0.837, -0.009,  0.000,3049316.5,  1,  21.7,   1.3, 0.100
2025-10-03 12:28:01,        0,  29.8,   2.5,  26.8,  0.818, -0.010,  0.000,3049910.7,  1,  21.7,   1.2, 0.100
2025-10-03 12:28:02,        0,  29.9,   2.7,  26.8,  4.764,  4.202,  0.020,3052547.7,  1,  21.7,   1.3, 0.100
2025-10-03 12:28:04,        0,  29.8,   2.5,  26.8,  3.209,  2.257,  0.009,3055410.1,  1,  21.7,   1.3, 0.100
2025-10-03 12:28:05,        0,  29.6,   1.7,  26.7,  1.112,  0.002,  0.000,3055423.1,  1,  21.7,   1.3, 0.100
2025-10-03 12:28:05,        0,  29.5,   1.5,  26.7,  1.043, -0.006,  0.000,3055417.9,  1,  21.7,   1.3, 0.100
2025-10-03 12:28:06,        0,  29.6,   1.7,  26.7,  0.999, -0.008,  0.000,3055410.1,  1,  21.7,   1.3, 0.100
2025-10-03 12:28:07,        0,  29.7,   2.2,  26.8,  0.950, -0.009,  0.000,3055401.5,  1,  21.7,   1.3, 0.100
2025-10-03 12:28:09,        0,  29.8,   2.4,  26.8,  0.919, -0.009,  0.000,3055391.3,  1,  21.7,   1.3, 0.100
2025-10-03 12:28:09,        0,  29.7,   2.2,  26.7,  0.878, -0.009,  0.000,3055383.3,  1,  21.7,   1.2, 0.100
2025-10-03 12:28:10,        0,  29.8,   2.4,  26.8,  0.852, -0.009,  0.000,3055374.9,  1,  21.7,   1.2, 0.100
2025-10-03 12:28:11,        0,  29.8,   2.4,  26.8,  0.828, -0.009,  0.000,3055366.3,  1,  21.7,   1.3, 0.100
2025-10-03 12:28:13,        0,  29.8,   2.3,  26.8,  0.798, -0.009,  0.000,3055356.0,  1,  21.6,   1.3, 0.100
2025-10-03 12:28:14,        0,  29.8,   2.5,  26.7,  0.779, -0.009,  0.000,3055347.5,  1,  21.7,   1.2, 0.100
2025-10-03 12:28:14,        0,  29.8,   2.5,  26.7,  0.756, -0.009,  0.000,3055338.4,  1,  21.6,   1.2, 0.100
2025-10-03 12:28:15,        0,  29.8,   2.5,  26.8,  4.056,  3.539,  0.017,3057573.3,  1,  21.7,   1.2, 0.100
2025-10-03 12:28:16,        0,  29.8,   2.5,  26.8,  3.410,  2.596,  0.013,3060386.4,  1,  21.7,   1.2, 0.100
2025-10-03 12:28:18,        0,  29.7,   2.2,  26.8,  1.379,  0.152,  0.000,3061664.9,  1,  21.7,   1.2, 0.100
2025-10-03 12:28:18,        0,  28.9,   0.0,  26.8,  1.059, -0.003,  0.000,3061666.2,  1,  21.7,   1.2, 0.100
2025-10-03 12:28:19,        0,  29.4,   1.3,  26.7,  1.004, -0.007,  0.000,3061660.1,  1,  21.7,   1.2, 0.100
2025-10-03 12:28:20,        0,  29.6,   1.7,  26.7,  0.963, -0.008,  0.000,3061652.7,  1,  21.7,   1.1, 0.100
2025-10-03 12:28:22,        0,  29.7,   2.0,  26.8,  0.914, -0.009,  0.000,3061642.7,  1,  21.7,   1.1, 0.100
2025-10-03 12:28:23,        0,  29.7,   2.0,  26.7,  0.884, -0.008,  0.000,3061634.5,  1,  21.7,   1.1, 0.100
2025-10-03 12:28:23,        0,  29.7,   2.2,  26.7,  0.843, -0.009,  0.000,3061626.8,  1,  21.7,   1.1, 0.100
2025-10-03 12:28:24,        0,  29.7,   2.2,  26.7,  0.818, -0.008,  0.000,3061618.6,  1,  21.7,   1.1, 0.100
2025-10-03 12:28:26,        0,  29.7,   2.0,  26.7,  0.784, -0.008,  0.000,3061609.6,  1,  21.7,   1.1, 0.100
2025-10-03 12:28:27,        0,  29.7,   2.0,  26.8,  0.764, -0.009,  0.000,3061601.0,  1,  21.7,   1.1, 0.100
2025-10-03 12:28:27,        0,  29.7,   2.2,  26.7,  0.747, -0.009,  0.000,3061592.6,  1,  21.7,   1.1, 0.100
2025-10-03 12:28:28,        0,  29.7,   2.2,  26.7,  0.725, -0.008,  0.000,3061584.6,  1,  21.7,   1.1, 0.100
2025-10-03 12:28:29,        0,  29.7,   2.2,  26.7,  0.711, -0.009,  0.000,3061576.7,  1,  21.7,   1.1, 0.100
2025-10-03 12:28:31,        0,  29.7,   2.2,  26.7,  0.693, -0.008,  0.000,3061566.2,  1,  21.7,   1.1, 0.100
2025-10-03 12:28:32,        0,  29.7,   2.2,  26.7,  0.682, -0.009,  0.000,3061558.2,  1,  21.7,   1.1, 0.100
2025-10-03 12:28:32,        0,  29.8,   2.4,  26.7,  0.672, -0.009,  0.000,3061550.1,  1,  21.6,   1.1, 0.100
2025-10-03 12:28:33,        0,  29.8,   2.5,  26.7,  0.657, -0.009,  0.000,3061541.5,  1,  21.7,   1.1, 0.100
2025-10-03 12:28:35,        0,  29.8,   2.5,  26.8,  0.645, -0.008,  0.000,3061531.8,  1,  21.7,   1.1, 0.100
2025-10-03 12:28:36,        0,  29.8,   2.5,  26.8,  0.637, -0.009,  0.000,3061524.1,  1,  21.7,   1.1, 0.100
2025-10-03 12:28:36,        0,  29.8,   2.5,  26.7,  0.629, -0.008,  0.000,3061516.1,  1,  21.7,   1.1, 0.100
2025-10-03 12:28:37,        0,  29.8,   2.5,  26.8,  0.622, -0.008,  0.000,3061508.4,  1,  21.7,   1.1, 0.100
2025-10-03 12:28:38,        0,  29.8,   2.5,  26.7,  0.611, -0.008,  0.000,3061500.8,  1,  21.7,   1.1, 0.100
2025-10-03 12:28:40,        0,  29.8,   2.5,  26.7,  0.602, -0.008,  0.000,3061491.2,  1,  21.7,   1.2, 0.100
2025-10-03 12:28:40,        0,  29.8,   2.5,  26.7,  0.596, -0.008,  0.000,3061483.6,  1,  21.7,   1.1, 0.100
2025-10-03 12:28:41,        0,  29.8,   2.5,  26.7,  0.590, -0.009,  0.000,3061475.5,  1,  21.7,   1.1, 0.100
2025-10-03 12:28:42,        0,  29.8,   2.4,  26.7,  0.581, -0.009,  0.000,3061467.9,  1,  21.7,   1.2, 0.100
2025-10-03 12:28:44,        0,  29.9,   2.7,  26.7,  0.575, -0.008,  0.000,3061458.5,  1,  21.6,   1.2, 0.100
2025-10-03 12:28:45,        0,  30.0,   2.9,  26.7,  1.862,  0.693,  0.002,3062600.9,  1,  21.6,   1.2, 0.100
2025-10-03 12:28:45,        0,  29.9,   2.7,  26.8,  4.874,  4.389,  0.021,3066631.2,  1,  21.6,   1.2, 0.100
2025-10-03 12:28:46,        0,  29.7,   2.0,  26.7,  3.705,  2.914,  0.013,3068825.3,  1,  21.7,   1.2, 0.100
2025-10-03 12:28:48,        0,  29.4,   1.1,  26.7,  1.082,  0.005,  0.000,3068843.2,  1,  21.7,   1.2, 0.100
2025-10-03 12:28:49,        0,  29.6,   1.7,  26.7,  1.007, -0.005,  0.000,3068838.1,  1,  21.6,   1.2, 0.100
2025-10-03 12:28:49,        0,  29.4,   1.1,  26.7,  0.942, -0.008,  0.000,3068831.0,  1,  21.7,   1.2, 0.100
2025-10-03 12:28:50,        0,  29.6,   1.7,  26.8,  0.907, -0.008,  0.000,3068823.7,  1,  21.7,   1.2, 0.100
2025-10-03 12:28:51,        0,  29.5,   1.5,  26.7,  0.877, -0.008,  0.000,3068815.5,  1,  21.7,   1.2, 0.100
2025-10-03 12:28:53,        0,  29.6,   1.7,  26.8,  0.833, -0.008,  0.000,3068806.7,  1,  21.6,   1.2, 0.100
2025-10-03 12:28:53,        0,  29.6,   1.7,  26.7,  0.806, -0.008,  0.000,3068799.2,  1,  21.7,   1.2, 0.100
2025-10-03 12:28:54,        0,  29.6,   1.7,  26.7,  0.769, -0.008,  0.000,3068791.6,  1,  21.7,   1.2, 0.100
2025-10-03 12:28:55,        0,  29.6,   1.7,  26.7,  0.748, -0.008,  0.000,3068784.1,  1,  21.7,   1.3, 0.100
2025-10-03 12:28:57,        0,  29.6,   1.7,  26.7,  0.722, -0.009,  0.000,3068774.4,  1,  21.6,   1.2, 0.100
2025-10-03 12:28:58,        0,  29.6,   1.7,  26.7,  0.707, -0.008,  0.000,3068766.7,  1,  21.6,   1.2, 0.100
2025-10-03 12:28:58,        0,  29.6,   1.8,  26.7,  0.686, -0.008,  0.000,3068758.5,  1,  21.6,   1.3, 0.100
2025-10-03 12:28:59,        0,  29.5,   1.5,  26.7,  0.674, -0.008,  0.000,3068750.5,  1,  21.7,   1.3, 0.100
2025-10-03 12:29:00,        0,  29.6,   1.8,  26.7,  0.662, -0.008,  0.000,3068742.6,  1,  21.6,   1.3, 0.100
2025-10-03 12:29:02,        0,  29.6,   1.7,  26.7,  0.645, -0.008,  0.000,3068733.4,  1,  21.7,   1.3, 0.100
2025-10-03 12:29:02,        0,  29.6,   1.7,  26.7,  0.636, -0.008,  0.000,3068725.6,  1,  21.6,   1.3, 0.100
2025-10-03 12:29:03,        0,  29.6,   1.7,  26.7,  0.622, -0.008,  0.000,3068718.1,  1,  21.6,   1.3, 0.100
2025-10-03 12:29:04,        0,  29.6,   1.7,  26.7,  0.614, -0.008,  0.000,3068710.5,  1,  21.7,   1.3, 0.100
2025-10-03 12:29:06,        0,  29.6,   1.8,  26.7,  0.602, -0.008,  0.000,3068701.3,  1,  21.7,   1.2, 0.100
2025-10-03 12:29:07,        0,  29.6,   1.8,  26.7,  0.596, -0.008,  0.000,3068693.5,  1,  21.7,   1.3, 0.100
2025-10-03 12:29:07,        0,  29.6,   1.8,  26.7,  0.588, -0.007,  0.000,3068686.2,  1,  21.6,   1.2, 0.100
2025-10-03 12:29:08,        0,  29.6,   1.8,  26.7,  0.579, -0.008,  0.000,3068678.7,  1,  21.6,   1.2, 0.100
2025-10-03 12:29:10,        0,  29.6,   1.7,  26.7,  0.573, -0.008,  0.000,3068669.9,  1,  21.7,   1.2, 0.100
2025-10-03 12:29:11,        0,  29.6,   1.8,  26.7,  0.563, -0.008,  0.000,3068662.7,  1,  21.7,   1.2, 0.100
2025-10-03 12:29:11,        0,  29.6,   1.8,  26.7,  0.558, -0.007,  0.000,3068655.4,  1,  21.7,   1.3, 0.100
2025-10-03 12:29:12,        0,  29.7,   2.0,  26.7,  0.552, -0.008,  0.000,3068648.1,  1,  21.7,   1.3, 0.100
2025-10-03 12:29:13,        0,  29.6,   1.8,  26.7,  0.543, -0.007,  0.000,3068641.2,  1,  21.7,   1.3, 0.100
2025-10-03 12:29:15,        0,  29.6,   1.8,  26.7,  0.536, -0.007,  0.000,3068632.6,  1,  21.6,   1.2, 0.100
2025-10-03 12:29:15,        0,  29.7,   2.0,  26.7,  0.531, -0.007,  0.000,3068625.4,  1,  21.6,   1.3, 0.100
2025-10-03 12:29:16,        0,  29.6,   1.8,  26.7,  0.526, -0.007,  0.000,3068618.3,  1,  21.7,   1.3, 0.100
2025-10-03 12:29:17,        0,  29.7,   2.0,  26.7,  0.522, -0.007,  0.000,3068611.4,  1,  21.6,   1.2, 0.100
2025-10-03 12:29:19,        0,  29.7,   2.0,  26.7,  0.515, -0.007,  0.000,3068603.4,  1,  21.6,   1.2, 0.100
2025-10-03 12:29:20,        0,  29.7,   2.0,  26.7,  0.509, -0.007,  0.000,3068596.5,  1,  21.7,   1.2, 0.100
2025-10-03 12:29:20,        0,  29.6,   1.8,  26.7,  0.505, -0.007,  0.000,3068589.6,  1,  21.6,   1.2, 0.100
2025-10-03 12:29:21,        0,  29.7,   2.0,  26.7,  0.501, -0.007,  0.000,3068583.3,  1,  21.7,   1.2, 0.100
2025-10-03 12:29:23,        0,  29.7,   2.0,  26.7,  0.494, -0.007,  0.000,3068575.6,  1,  21.7,   1.2, 0.100
2025-10-03 12:29:24,        0,  29.7,   2.0,  26.7,  0.490, -0.007,  0.000,3068569.3,  1,  21.6,   1.2, 0.100
2025-10-03 12:29:24,        0,  29.7,   2.0,  26.7,  0.484, -0.007,  0.000,3068562.8,  1,  21.7,   1.2, 0.100
2025-10-03 12:29:25,        0,  29.7,   2.2,  26.7,  0.481, -0.007,  0.000,3068556.3,  1,  21.7,   1.2, 0.100
2025-10-03 12:29:27,        0,  29.7,   2.0,  26.7,  0.475, -0.006,  0.000,3068549.0,  1,  21.6,   1.2, 0.100
2025-10-03 12:29:28,        0,  29.7,   2.0,  26.7,  0.471, -0.007,  0.000,3068542.5,  1,  21.7,   1.2, 0.100
2025-10-03 12:29:28,        0,  29.7,   2.0,  26.7,  0.467, -0.007,  0.000,3068536.4,  1,  21.7,   1.2, 0.100
2025-10-03 12:29:29,        0,  29.7,   2.0,  26.7,  0.462, -0.006,  0.000,3068530.3,  1,  21.7,   1.2, 0.100
2025-10-03 12:29:31,        0,  29.7,   2.0,  26.7,  0.458, -0.006,  0.000,3068522.8,  1,  21.7,   1.2, 0.100
2025-10-03 12:29:32,        0,  29.7,   2.0,  26.7,  0.453, -0.006,  0.000,3068516.7,  1,  21.6,   1.1, 0.100
2025-10-03 12:29:32,        0,  29.7,   2.0,  26.7,  0.450, -0.006,  0.000,3068511.0,  1,  21.6,   1.1, 0.100
2025-10-03 12:29:33,        0,  29.7,   2.0,  26.7,  0.446, -0.006,  0.000,3068504.9,  1,  21.6,   1.1, 0.100
2025-10-03 12:29:35,        0,  29.5,   1.5,  26.7,  0.441, -0.006,  0.000,3068497.8,  1,  21.7,   1.1, 0.100
2025-10-03 12:29:36,        0,  29.7,   2.2,  26.7,  0.438, -0.006,  0.000,3068492.0,  1,  21.7,   1.1, 0.100
2025-10-03 12:29:36,        0,  29.7,   2.2,  26.7,  0.433, -0.007,  0.000,3068485.9,  1,  21.7,   1.1, 0.100
2025-10-03 12:29:37,        0,  29.7,   2.2,  26.7,  0.429, -0.006,  0.000,3068480.4,  1,  21.7,   1.1, 0.100
2025-10-03 12:29:39,        0,  29.7,   2.2,  26.7,  0.425, -0.005,  0.000,3068473.5,  1,  21.7,   1.1, 0.100
2025-10-03 12:29:40,        0,  29.7,   2.2,  26.7,  0.422, -0.005,  0.000,3068468.1,  1,  21.7,   1.1, 0.100
2025-10-03 12:29:40,        0,  29.7,   2.0,  26.7,  0.419, -0.006,  0.000,3068462.4,  1,  21.7,   1.1, 0.100
2025-10-03 12:29:41,        0,  29.7,   2.2,  26.7,  0.415, -0.006,  0.000,3068456.8,  1,  21.7,   1.1, 0.100
2025-10-03 12:29:43,        0,  29.7,   2.0,  26.7,  0.410, -0.006,  0.000,3068449.8,  1,  21.7,   1.1, 0.100
2025-10-03 12:29:44,        0,  29.7,   2.2,  26.7,  0.407, -0.005,  0.000,3068444.8,  1,  21.6,   1.1, 0.100
2025-10-03 12:29:44,        0,  29.7,   2.0,  26.7,  0.404, -0.006,  0.000,3068439.2,  1,  21.7,   1.1, 0.100
2025-10-03 12:29:45,        0,  29.7,   2.2,  26.7,  0.402, -0.006,  0.000,3068433.7,  1,  21.7,   1.1, 0.100
2025-10-03 12:29:46,        0,  29.7,   2.2,  26.7,  0.397, -0.006,  0.000,3068428.3,  1,  21.7,   1.1, 0.100
2025-10-03 12:29:48,        0,  29.7,   2.0,  26.7,  0.393, -0.005,  0.000,3068422.2,  1,  21.6,   1.1, 0.100
2025-10-03 12:29:48,        0,  29.7,   2.0,  26.7,  0.390, -0.005,  0.000,3068416.9,  1,  21.7,   1.1, 0.100
2025-10-03 12:29:49,        0,  29.7,   2.2,  26.7,  0.388, -0.005,  0.000,3068412.1,  1,  21.7,   1.0, 0.100
2025-10-03 12:29:50,        0,  29.7,   2.0,  26.7,  0.384, -0.006,  0.000,3068406.7,  1,  21.7,   1.1, 0.100
2025-10-03 12:29:52,        0,  29.7,   2.2,  26.7,  0.381, -0.005,  0.000,3068400.6,  1,  21.6,   1.0, 0.100
2025-10-03 12:29:53,        0,  29.7,   2.2,  26.7,  0.377, -0.005,  0.000,3068395.8,  1,  21.7,   1.0, 0.100
2025-10-03 12:29:53,        0,  29.7,   2.2,  26.7,  0.374, -0.005,  0.000,3068390.7,  1,  21.6,   1.0, 0.100
2025-10-03 12:29:54,        0,  29.7,   2.2,  26.7,  0.372, -0.005,  0.000,3068385.9,  1,  21.7,   1.1, 0.100
2025-10-03 12:29:56,        0,  29.7,   2.0,  26.7,  0.368, -0.005,  0.000,3068379.6,  1,  21.7,   1.0, 0.100
2025-10-03 12:29:57,        0,  29.7,   2.2,  26.7,  0.365, -0.005,  0.000,3068374.8,  1,  21.6,   1.0, 0.100
2025-10-03 12:29:57,        0,  29.7,   2.2,  26.7,  0.362, -0.005,  0.000,3068370.0,  1,  21.7,   1.0, 0.100
2025-10-03 12:29:58,        0,  29.4,   1.3,  26.7,  0.359, -0.005,  0.000,3068365.4,  1,  21.7,   1.1, 0.100
2025-10-03 12:29:59,        0,  29.7,   2.0,  26.7,  0.357, -0.005,  0.000,3068360.6,  1,  21.7,   1.1, 0.100
2025-10-03 12:30:01,        0,  29.7,   2.2,  26.7,  0.354, -0.005,  0.000,3068354.9,  1,  21.7,   1.1, 0.100
2025-10-03 12:30:02,        0,  29.7,   2.2,  26.7,  0.350, -0.005,  0.000,3068350.3,  1,  21.7,   1.1, 0.100
2025-10-03 12:30:02,        0,  29.7,   2.2,  26.7,  0.348, -0.005,  0.000,3068345.3,  1,  21.7,   1.1, 0.100
2025-10-03 12:30:03,        0,  29.7,   2.0,  26.7,  0.345, -0.005,  0.000,3068340.9,  1,  21.7,   1.1, 0.100
2025-10-03 12:30:05,        0,  29.7,   2.0,  26.7,  0.342, -0.005,  0.000,3068335.8,  1,  21.7,   1.1, 0.100
2025-10-03 12:30:06,        0,  29.7,   2.2,  26.7,  0.340, -0.004,  0.000,3068331.4,  1,  21.7,   1.1, 0.100
2025-10-03 12:30:06,        0,  29.8,   2.4,  26.7,  0.336, -0.005,  0.000,3068326.4,  1,  21.7,   1.1, 0.100
2025-10-03 12:30:07,        0,  29.7,   2.2,  26.7,  0.334, -0.005,  0.000,3068322.0,  1,  21.7,   1.1, 0.100
2025-10-03 12:30:08,        0,  29.7,   2.2,  26.7,  0.332, -0.005,  0.000,3068317.6,  1,  21.7,   1.1, 0.100
2025-10-03 12:30:10,        0,  29.7,   2.2,  26.7,  0.329, -0.005,  0.000,3068312.2,  1,  21.7,   1.2, 0.100
2025-10-03 12:30:10,        0,  29.8,   2.4,  26.7,  0.327, -0.005,  0.000,3068308.0,  1,  21.7,   1.1, 0.100
2025-10-03 12:30:11,        0,  29.7,   2.2,  26.7,  0.324, -0.004,  0.000,3068303.6,  1,  21.7,   1.1, 0.100
2025-10-03 12:30:12,        0,  29.7,   2.2,  26.7,  0.322, -0.004,  0.000,3068299.4,  1,  21.7,   1.1, 0.100
2025-10-03 12:30:14,        0,  29.7,   2.2,  26.7,  0.319, -0.004,  0.000,3068294.4,  1,  21.7,   1.1, 0.100
2025-10-03 12:30:15,        0,  29.7,   2.2,  26.7,  0.317, -0.005,  0.000,3068290.2,  1,  21.7,   1.1, 0.100
2025-10-03 12:30:15,        0,  29.7,   2.2,  26.7,  0.315, -0.004,  0.000,3068286.0,  1,  21.7,   1.1, 0.100
2025-10-03 12:30:16,        0,  29.7,   2.2,  26.7,  0.312, -0.004,  0.000,3068281.6,  1,  21.7,   1.1, 0.100
2025-10-03 12:30:18,        0,  29.7,   2.2,  26.7,  0.309, -0.005,  0.000,3068276.3,  1,  21.6,   1.1, 0.100
2025-10-03 12:30:19,        0,  29.8,   2.3,  26.7,  0.307, -0.004,  0.000,3068272.1,  1,  21.7,   1.1, 0.100
2025-10-03 12:30:19,        0,  29.7,   2.0,  26.7,  0.306, -0.004,  0.000,3068268.6,  1,  21.7,   1.1, 0.100
2025-10-03 12:30:20,        0,  29.8,   2.4,  26.7,  0.304, -0.005,  0.000,3068264.2,  1,  21.7,   1.1, 0.100
2025-10-03 12:30:21,        0,  29.8,   2.4,  26.7,  0.301, -0.004,  0.000,3068260.4,  1,  21.7,   1.1, 0.100
2025-10-03 12:30:23,        0,  29.8,   2.4,  26.7,  0.298, -0.004,  0.000,3068255.6,  1,  21.7,   1.1, 0.100
2025-10-03 12:30:23,        0,  29.6,   1.8,  26.7,  0.297, -0.004,  0.000,3068251.6,  1,  21.7,   1.1, 0.100
2025-10-03 12:30:24,        0,  29.7,   2.2,  26.6,  0.295, -0.004,  0.000,3068247.8,  1,  21.7,   1.0, 0.100
2025-10-03 12:30:25,        0,  29.7,   2.2,  26.7,  0.293, -0.004,  0.000,3068243.6,  1,  21.6,   1.1, 0.100
2025-10-03 12:30:27,        0,  29.8,   2.4,  26.7,  0.291, -0.004,  0.000,3068239.2,  1,  21.6,   1.1, 0.100
2025-10-03 12:30:28,        0,  29.8,   2.4,  26.7,  0.289, -0.004,  0.000,3068235.3,  1,  21.6,   1.1, 0.100
2025-10-03 12:30:28,        0,  29.8,   2.4,  26.7,  0.288, -0.004,  0.000,3068231.5,  1,  21.7,   1.0, 0.100
2025-10-03 12:30:29,        0,  29.7,   2.2,  26.6,  0.286, -0.004,  0.000,3068227.7,  1,  21.6,   1.1, 0.100
2025-10-03 12:30:31,        0,  29.7,   2.2,  26.7,  0.283, -0.004,  0.000,3068223.5,  1,  21.6,   1.0, 0.100
2025-10-03 12:30:32,        0,  29.8,   2.5,  26.7,  0.282, -0.004,  0.000,3068220.2,  1,  21.6,   1.0, 0.100
2025-10-03 12:30:32,        0,  29.8,   2.4,  26.7,  0.280, -0.004,  0.000,3068216.4,  1,  21.6,   1.1, 0.100
2025-10-03 12:30:33,        0,  29.8,   2.4,  26.7,  0.279, -0.004,  0.000,3068212.8,  1,  21.7,   1.1, 0.100
2025-10-03 12:30:35,        0,  29.8,   2.4,  26.7,  0.276, -0.004,  0.000,3068208.0,  1,  21.7,   1.1, 0.100
2025-10-03 12:30:36,        0,  29.7,   2.2,  26.7,  0.274, -0.004,  0.000,3068204.5,  1,  21.7,   1.1, 0.100
2025-10-03 12:30:36,        0,  29.8,   2.3,  26.6,  0.273, -0.004,  0.000,3068200.7,  1,  21.7,   1.1, 0.100
2025-10-03 12:30:37,        0,  29.7,   2.2,  26.7,  0.271, -0.004,  0.000,3068196.9,  1,  21.6,   1.1, 0.100
2025-10-03 12:30:38,        0,  29.8,   2.4,  26.7,  0.269, -0.004,  0.000,3068193.1,  1,  21.7,   1.1, 0.100
2025-10-03 12:30:40,        0,  29.7,   2.2,  26.7,  0.268, -0.004,  0.000,3068188.7,  1,  21.6,   1.1, 0.100
2025-10-03 12:30:40,        0,  29.8,   2.4,  26.7,  0.266, -0.003,  0.000,3068185.2,  1,  21.6,   1.1, 0.100
2025-10-03 12:30:41,        0,  29.8,   2.3,  26.7,  0.265, -0.003,  0.000,3068181.8,  1,  21.6,   1.1, 0.100
2025-10-03 12:30:42,        0,  29.8,   2.4,  26.7,  0.264, -0.004,  0.000,3068178.5,  1,  21.7,   1.1, 0.100
2025-10-03 12:30:44,        0,  29.8,   2.5,  26.7,  0.261, -0.003,  0.000,3068174.3,  1,  21.7,   1.1, 0.100
2025-10-03 12:30:45,        0,  29.8,   2.4,  26.7,  0.260, -0.004,  0.000,3068170.5,  1,  21.6,   1.1, 0.100
2025-10-03 12:30:45,        0,  29.7,   2.2,  26.7,  0.258, -0.003,  0.000,3068167.4,  1,  21.7,   1.1, 0.100
2025-10-03 12:30:46,        0,  29.8,   2.5,  26.7,  0.256, -0.004,  0.000,3068164.0,  1,  21.6,   1.1, 0.100
2025-10-03 12:30:48,        0,  29.8,   2.5,  26.7,  0.255, -0.004,  0.000,3068159.8,  1,  21.7,   1.1, 0.100
2025-10-03 12:30:49,        0,  29.8,   2.4,  26.7,  0.254, -0.004,  0.000,3068156.5,  1,  21.7,   1.0, 0.100
2025-10-03 12:30:49,        0,  29.8,   2.5,  26.7,  0.253, -0.004,  0.000,3068153.1,  1,  21.6,   1.1, 0.100
2025-10-03 12:30:50,        0,  29.8,   2.4,  26.7,  0.252, -0.003,  0.000,3068150.0,  1,  21.7,   1.0, 0.100
2025-10-03 12:30:51,        0,  29.8,   2.4,  26.7,  0.250, -0.003,  0.000,3068146.4,  1,  21.6,   1.0, 0.100
2025-10-03 12:30:53,        0,  29.8,   2.4,  26.7,  0.249, -0.004,  0.000,3068142.6,  1,  21.6,   1.0, 0.100
2025-10-03 12:30:54,        0,  29.8,   2.5,  26.6,  0.247, -0.003,  0.000,3068139.3,  1,  21.6,   1.0, 0.100
2025-10-03 12:30:54,        0,  29.8,   2.5,  26.7,  0.246, -0.004,  0.000,3068135.9,  1,  21.6,   1.0, 0.100
2025-10-03 12:30:55,        0,  29.8,   2.5,  26.7,  0.245, -0.003,  0.000,3068132.8,  1,  21.6,   1.1, 0.100
2025-10-03 12:30:57,        0,  29.8,   2.5,  26.7,  0.244, -0.004,  0.000,3068128.6,  1,  21.6,   1.1, 0.100
2025-10-03 12:30:58,        0,  29.8,   2.4,  26.7,  0.242, -0.003,  0.000,3068125.5,  1,  21.7,   1.0, 0.100
2025-10-03 12:30:58,        0,  29.8,   2.4,  26.6,  0.241, -0.003,  0.000,3068122.1,  1,  21.6,   1.0, 0.100
2025-10-03 12:30:59,        0,  29.8,   2.5,  26.6,  0.240, -0.003,  0.000,3068119.4,  1,  21.6,   1.0, 0.100
2025-10-03 12:31:00,        0,  29.8,   2.4,  26.6,  0.239, -0.003,  0.000,3068116.2,  1,  21.6,   1.0, 0.100
2025-10-03 12:31:02,        0,  29.8,   2.5,  26.7,  0.237, -0.003,  0.000,3068112.7,  1,  21.6,   1.1, 0.100
2025-10-03 12:31:02,        0,  29.8,   2.5,  26.7,  0.235, -0.003,  0.000,3068109.3,  1,  21.6,   1.0, 0.100
2025-10-03 12:31:03,        0,  29.8,   2.3,  26.6,  0.234, -0.003,  0.000,3068106.2,  1,  21.6,   1.0, 0.100
2025-10-03 12:31:04,        0,  29.8,   2.5,  26.7,  0.233, -0.004,  0.000,3068102.8,  1,  21.6,   1.1, 0.100
2025-10-03 12:31:06,        0,  29.8,   2.3,  26.7,  0.231, -0.003,  0.000,3068099.3,  1,  21.7,   1.1, 0.100
2025-10-03 12:31:07,        0,  29.8,   2.5,  26.7,  0.231, -0.003,  0.000,3068096.3,  1,  21.6,   1.1, 0.100
2025-10-03 12:31:07,        0,  29.8,   2.5,  26.7,  0.229, -0.003,  0.000,3068093.6,  1,  21.6,   1.1, 0.100
2025-10-03 12:31:08,        0,  29.8,   2.5,  26.7,  0.228, -0.003,  0.000,3068090.7,  1,  21.6,   1.1, 0.100
2025-10-03 12:31:10,        0,  29.8,   2.5,  26.7,  0.227, -0.003,  0.000,3068087.3,  1,  21.7,   1.1, 0.100
2025-10-03 12:31:11,        0,  29.6,   1.8,  26.7,  0.225, -0.003,  0.000,3068084.4,  1,  21.6,   1.1, 0.100
2025-10-03 12:31:11,        0,  29.8,   2.5,  26.7,  0.224, -0.003,  0.000,3068081.7,  1,  21.6,   1.1, 0.100
2025-10-03 12:31:12,        0,  29.8,   2.4,  26.7,  0.223, -0.003,  0.000,3068078.5,  1,  21.6,   1.1, 0.100
2025-10-03 12:31:14,        0,  29.8,   2.3,  26.6,  0.222, -0.003,  0.000,3068075.4,  1,  21.6,   1.1, 0.100
2025-10-03 12:31:15,        0,  29.8,   2.4,  26.6,  0.221, -0.003,  0.000,3068072.7,  1,  21.6,   1.1, 0.100
2025-10-03 12:31:15,        0,  29.8,   2.4,  26.7,  0.220, -0.003,  0.000,3068069.9,  1,  21.6,   1.1, 0.100
2025-10-03 12:31:16,        0,  29.8,   2.5,  26.6,  0.219, -0.003,  0.000,3068066.8,  1,  21.6,   1.1, 0.100
2025-10-03 12:31:18,        0,  29.8,   2.5,  26.7,  0.218, -0.003,  0.000,3068063.0,  1,  21.6,   1.2, 0.100
2025-10-03 12:31:19,        0,  29.8,   2.5,  26.6,  0.218, -0.003,  0.000,3068060.1,  1,  21.6,   1.1, 0.100
2025-10-03 12:31:19,        0,  29.8,   2.5,  26.6,  0.216, -0.003,  0.000,3068057.6,  1,  21.6,   1.2, 0.100
2025-10-03 12:31:20,        0,  29.7,   2.2,  26.6,  0.215, -0.003,  0.000,3068054.6,  1,  21.6,   1.1, 0.100
2025-10-03 12:31:22,        0,  29.8,   2.5,  26.7,  0.214, -0.003,  0.000,3068051.3,  1,  21.6,   1.2, 0.100
2025-10-03 12:31:23,        0,  29.8,   2.4,  26.7,  0.214, -0.003,  0.000,3068049.0,  1,  21.6,   1.2, 0.100
2025-10-03 12:31:23,        0,  29.8,   2.4,  26.7,  0.213, -0.003,  0.000,3068045.8,  1,  21.6,   1.2, 0.100
2025-10-03 12:31:24,        0,  29.8,   2.5,  26.7,  0.211, -0.003,  0.000,3068042.9,  1,  21.6,   1.1, 0.100
2025-10-03 12:31:26,        0,  29.8,   2.4,  26.7,  0.210, -0.003,  0.000,3068039.8,  1,  21.6,   1.2, 0.100
2025-10-03 12:31:27,        0,  29.8,   2.5,  26.7,  0.209, -0.003,  0.000,3068037.0,  1,  21.6,   1.2, 0.100
2025-10-03 12:31:27,        0,  29.8,   2.5,  26.7,  0.208, -0.003,  0.000,3068034.5,  1,  21.6,   1.2, 0.100
2025-10-03 12:31:28,        0,  29.8,   2.5,  26.7,  0.208, -0.003,  0.000,3068031.6,  1,  21.6,   1.2, 0.100
2025-10-03 12:31:30,        0,  29.8,   2.5,  26.6,  0.207, -0.003,  0.000,3068028.2,  1,  21.6,   1.2, 0.100
2025-10-03 12:31:31,        0,  29.7,   2.2,  26.6,  0.206, -0.003,  0.000,3068025.3,  1,  21.6,   1.2, 0.100
2025-10-03 12:31:31,        0,  29.8,   2.5,  26.7,  0.205, -0.003,  0.000,3068022.6,  1,  21.6,   1.2, 0.100
2025-10-03 12:31:32,        0,  29.8,   2.3,  26.6,  0.205, -0.003,  0.000,3068019.6,  1,  21.6,   1.2, 0.100
2025-10-03 12:31:34,        0,  29.8,   2.5,  26.7,  0.203, -0.003,  0.000,3068016.1,  1,  21.6,   1.2, 0.100
2025-10-03 12:31:35,        0,  29.8,   2.5,  26.7,  0.203, -0.003,  0.000,3068014.0,  1,  21.6,   1.2, 0.100
2025-10-03 12:31:35,        0,  29.8,   2.5,  26.7,  0.202, -0.003,  0.000,3068011.0,  1,  21.6,   1.2, 0.100
2025-10-03 12:31:36,        0,  29.8,   2.5,  26.7,  0.201, -0.003,  0.000,3068008.1,  1,  21.6,   1.2, 0.100
2025-10-03 12:31:38,        0,  29.8,   2.5,  26.6,  0.200, -0.003,  0.000,3068004.8,  1,  21.6,   1.2, 0.100
2025-10-03 12:31:39,        0,  29.8,   2.5,  26.6,  0.200, -0.003,  0.000,3068002.0,  1,  21.6,   1.2, 0.100
2025-10-03 12:31:39,        0,  29.8,   2.5,  26.6,  0.199, -0.003,  0.000,3067999.1,  1,  21.6,   1.2, 0.100
2025-10-03 12:31:40,        0,  29.8,   2.5,  26.7,  0.198, -0.003,  0.000,3067996.8,  1,  21.6,   1.2, 0.100
2025-10-03 12:31:42,        0,  29.8,   2.4,  26.6,  0.198, -0.003,  0.000,3067993.4,  1,  21.6,   1.2, 0.100
2025-10-03 12:31:43,        0,  29.9,   2.7,  26.7,  0.196, -0.002,  0.000,3067990.9,  1,  21.6,   1.2, 0.100
2025-10-03 12:31:43,        0,  29.8,   2.5,  26.6,  4.821,  4.319,  0.021,3070977.0,  1,  21.6,   1.2, 0.100
2025-10-03 12:31:44,        0,  29.7,   2.2,  26.7,  1.262,  0.089,  0.000,3071114.4,  1,  21.6,   1.2, 0.100
2025-10-03 12:31:45,        0,  29.6,   1.8,  26.6,  0.999, -0.002,  0.000,3071114.9,  1,  21.6,   1.2, 0.100
2025-10-03 12:31:47,        0,  29.6,   1.8,  26.6,  0.941, -0.006,  0.000,3071108.2,  1,  21.6,   1.2, 0.100
2025-10-03 12:31:48,        0,  29.7,   2.0,  26.6,  0.877, -0.007,  0.000,3071101.2,  1,  21.6,   1.2, 0.100
2025-10-03 12:31:48,        0,  29.7,   2.0,  26.6,  0.843, -0.007,  0.000,3071094.5,  1,  21.6,   1.2, 0.100
2025-10-03 12:31:49,        0,  29.7,   2.0,  26.6,  0.810, -0.007,  0.000,3071087.4,  1,  21.6,   1.2, 0.100
2025-10-03 12:31:51,        0,  29.7,   2.0,  26.7,  0.768, -0.007,  0.000,3071079.0,  1,  21.6,   1.2, 0.100
2025-10-03 12:31:52,        0,  29.7,   2.0,  26.7,  0.730, -0.007,  0.000,3071072.3,  1,  21.6,   1.2, 0.100
2025-10-03 12:31:52,        0,  29.7,   2.0,  26.7,  0.709, -0.008,  0.000,3071064.8,  1,  21.6,   1.2, 0.100
2025-10-03 12:31:53,        0,  29.6,   1.8,  26.6,  0.690, -0.007,  0.000,3071057.7,  1,  21.6,   1.2, 0.100
2025-10-03 12:31:54,        0,  29.7,   2.2,  26.6,  0.672, -0.007,  0.000,3071050.3,  1,  21.6,   1.2, 0.100
2025-10-03 12:31:56,        0,  29.7,   2.0,  26.6,  0.649, -0.007,  0.000,3071041.7,  1,  21.6,   1.2, 0.100
2025-10-03 12:31:56,        0,  29.7,   2.0,  26.6,  0.629, -0.007,  0.000,3071034.6,  1,  21.6,   1.2, 0.100
2025-10-03 12:31:57,        0,  29.7,   2.0,  26.6,  0.616, -0.007,  0.000,3071027.5,  1,  21.6,   1.1, 0.100
2025-10-03 12:31:58,        0,  29.7,   2.0,  26.7,  0.604, -0.007,  0.000,3071021.0,  1,  21.6,   1.1, 0.100
2025-10-03 12:32:00,        0,  29.7,   2.0,  26.6,  0.587, -0.007,  0.000,3071012.8,  1,  21.6,   1.1, 0.100
2025-10-03 12:32:01,        0,  29.7,   2.2,  26.6,  0.576, -0.007,  0.000,3071005.9,  1,  21.6,   1.1, 0.100
2025-10-03 12:32:01,        0,  29.7,   2.0,  26.6,  0.561, -0.007,  0.000,3070999.0,  1,  21.6,   1.1, 0.100
2025-10-03 12:32:02,        0,  29.7,   2.0,  26.7,  0.552, -0.007,  0.000,3070992.3,  1,  21.6,   1.1, 0.100
2025-10-03 12:32:04,        0,  29.7,   2.0,  26.6,  0.537, -0.007,  0.000,3070984.1,  1,  21.6,   1.1, 0.100
2025-10-03 12:32:05,        0,  29.6,   1.8,  26.6,  0.530, -0.006,  0.000,3070978.0,  1,  21.6,   1.1, 0.100
2025-10-03 12:32:05,        0,  29.7,   2.0,  26.6,  0.522, -0.007,  0.000,3070971.5,  1,  21.6,   1.1, 0.100
2025-10-03 12:32:06,        0,  29.7,   2.0,  26.6,  0.510, -0.006,  0.000,3070965.2,  1,  21.6,   1.1, 0.100
2025-10-03 12:32:07,        0,  29.7,   2.0,  26.6,  0.503, -0.007,  0.000,3070958.8,  1,  21.6,   1.1, 0.100
2025-10-03 12:32:09,        0,  29.7,   2.0,  26.6,  0.492, -0.007,  0.000,3070951.6,  1,  21.6,   1.1, 0.100
2025-10-03 12:32:10,        0,  29.7,   2.0,  26.6,  0.486, -0.006,  0.000,3070946.0,  1,  21.6,   1.1, 0.100
2025-10-03 12:32:10,        0,  29.7,   2.0,  26.6,  0.478, -0.006,  0.000,3070940.1,  1,  21.6,   1.1, 0.100
2025-10-03 12:32:11,        0,  29.7,   2.0,  26.6,  0.469, -0.006,  0.000,3070934.2,  1,  21.6,   1.1, 0.100
2025-10-03 12:32:13,        0,  29.7,   2.0,  26.7,  0.460, -0.006,  0.000,3070927.1,  1,  21.6,   1.1, 0.100
2025-10-03 12:32:14,        0,  29.7,   2.0,  26.6,  0.453, -0.006,  0.000,3070921.5,  1,  21.6,   1.1, 0.100
2025-10-03 12:32:14,        0,  29.7,   2.0,  26.6,  0.448, -0.005,  0.000,3070916.4,  1,  21.6,   1.2, 0.100
2025-10-03 12:32:15,        0,  29.7,   2.0,  26.6,  0.439, -0.005,  0.000,3070911.0,  1,  21.6,   1.2, 0.100
2025-10-03 12:32:16,        0,  29.7,   2.0,  26.6,  0.432, -0.006,  0.000,3070905.5,  1,  21.6,   1.2, 0.100
2025-10-03 12:32:18,        0,  29.7,   2.0,  26.6,  0.424, -0.006,  0.000,3070899.2,  1,  21.6,   1.2, 0.100
2025-10-03 12:32:18,        0,  29.7,   2.0,  26.6,  0.419, -0.006,  0.000,3070893.6,  1,  21.6,   1.2, 0.100
2025-10-03 12:32:19,        0,  29.7,   2.0,  26.6,  0.414, -0.005,  0.000,3070888.3,  1,  21.6,   1.2, 0.100
2025-10-03 12:32:20,        0,  29.7,   2.2,  26.6,  0.406, -0.005,  0.000,3070883.7,  1,  21.6,   1.2, 0.100
2025-10-03 12:32:22,        0,  29.7,   2.2,  26.6,  0.401, -0.005,  0.000,3070877.9,  1,  21.6,   1.2, 0.100
2025-10-03 12:32:23,        0,  29.7,   2.0,  26.6,  0.394, -0.005,  0.000,3070872.8,  1,  21.6,   1.2, 0.100
2025-10-03 12:32:23,        0,  29.7,   2.2,  26.6,  0.388, -0.005,  0.000,3070868.0,  1,  21.6,   1.2, 0.100
2025-10-03 12:32:24,        0,  29.7,   2.2,  26.6,  0.384, -0.005,  0.000,3070863.0,  1,  21.6,   1.2, 0.100
2025-10-03 12:32:26,        0,  29.7,   2.2,  26.6,  0.376, -0.005,  0.000,3070857.3,  1,  21.6,   1.2, 0.100
2025-10-03 12:32:27,        0,  29.5,   1.5,  26.6,  0.372, -0.005,  0.000,3070852.7,  1,  21.6,   1.2, 0.100
2025-10-03 12:32:27,        0,  29.7,   2.0,  26.7,  0.365, -0.005,  0.000,3070848.5,  1,  21.6,   1.1, 0.100
2025-10-03 12:32:28,        0,  29.7,   2.2,  26.6,  0.361, -0.005,  0.000,3070843.9,  1,  21.6,   1.2, 0.100
2025-10-03 12:32:29,        0,  29.7,   2.0,  26.6,  0.357, -0.004,  0.000,3070839.3,  1,  21.5,   1.2, 0.100
2025-10-03 12:32:31,        0,  29.7,   2.2,  26.6,  0.351, -0.004,  0.000,3070834.1,  1,  21.6,   1.1, 0.100
2025-10-03 12:32:32,        0,  29.7,   2.2,  26.6,  0.345, -0.005,  0.000,3070829.9,  1,  21.5,   1.1, 0.100
2025-10-03 12:32:32,        0,  29.7,   2.2,  26.6,  0.340, -0.004,  0.000,3070825.3,  1,  21.5,   1.1, 0.100
2025-10-03 12:32:33,        0,  29.7,   2.0,  26.6,  0.335, -0.005,  0.000,3070821.1,  1,  21.6,   1.1, 0.100
2025-10-03 12:32:35,        0,  29.7,   2.2,  26.6,  0.330, -0.004,  0.000,3070816.3,  1,  21.6,   1.1, 0.100
2025-10-03 12:32:36,        0,  29.7,   2.0,  26.6,  0.326, -0.004,  0.000,3070812.1,  1,  21.5,   1.1, 0.100
2025-10-03 12:32:36,        0,  29.7,   2.2,  26.6,  0.321, -0.004,  0.000,3070808.1,  1,  21.5,   1.1, 0.100
2025-10-03 12:32:37,        0,  29.7,   2.2,  26.6,  0.318, -0.004,  0.000,3070804.1,  1,  21.5,   1.1, 0.100
2025-10-03 12:32:38,        0,  29.7,   2.0,  26.6,  0.313, -0.004,  0.000,3070800.1,  1,  21.5,   1.0, 0.100
2025-10-03 12:32:40,        0,  29.7,   2.2,  26.6,  0.309, -0.004,  0.000,3070795.1,  1,  21.5,   1.1, 0.100
2025-10-03 12:32:40,        0,  29.7,   2.2,  26.6,  0.306, -0.004,  0.000,3070791.3,  1,  21.5,   1.0, 0.100
2025-10-03 12:32:41,        0,  29.7,   2.2,  26.6,  0.301, -0.004,  0.000,3070787.8,  1,  21.5,   1.1, 0.100
2025-10-03 12:32:42,        0,  29.7,   2.2,  26.6,  0.297, -0.004,  0.000,3070783.8,  1,  21.5,   1.0, 0.100
2025-10-03 12:32:44,        0,  29.7,   2.2,  26.6,  0.293, -0.004,  0.000,3070779.6,  1,  21.5,   1.0, 0.100
2025-10-03 12:32:45,        0,  29.7,   2.2,  26.6,  0.290, -0.004,  0.000,3070776.2,  1,  21.5,   1.0, 0.100
