Time, Cnts,  %T, set_Cell[mA], Cell[°C], Cell[Volt], Cell[mA], Cell[W], Cell[uAs], Cell_ON, Env[°C], TEC[°C], N2Flow[slpm]
2025-10-01 12:23:34,        0,  29.7,   2.2,  29.0,  0.227, -0.003,  0.000,     -3.1,  1,  21.8,   1.2, 0.100
2025-10-01 12:23:35,        0,  29.7,   2.2,  28.9,  0.227, -0.003,  0.000,     -6.0,  1,  21.8,   1.2, 0.100
2025-10-01 12:23:36,        0,  29.8,   2.4,  29.0,  0.226, -0.003,  0.000,     -9.2,  1,  21.8,   1.2, 0.100
2025-10-01 12:23:36,        0,  29.7,   2.0,  29.0,  0.225, -0.003,  0.000,    -12.0,  1,  21.8,   1.2, 0.100
2025-10-01 12:23:38,        0,  29.7,   2.0,  29.0,  0.224, -0.003,  0.000,    -16.0,  1,  21.8,   1.2, 0.100
2025-10-01 12:23:39,        0,  29.8,   2.4,  29.0,  0.225, -0.003,  0.000,    -18.9,  1,  21.8,   1.2, 0.100
2025-10-01 12:23:40,        0,  29.8,   2.4,  29.0,  0.223, -0.003,  0.000,    -21.7,  1,  21.9,   1.2, 0.100
2025-10-01 12:23:40,        0,  29.8,   2.4,  28.9,  0.223, -0.003,  0.000,    -25.2,  1,  21.9,   1.2, 0.100
2025-10-01 12:23:42,        0,  29.8,   2.4,  29.0,  0.221, -0.003,  0.000,    -28.9,  1,  21.8,   1.2, 0.100
2025-10-01 12:23:43,        0,  29.7,   2.2,  29.0,  0.221, -0.003,  0.000,    -32.0,  1,  21.9,   1.2, 0.100
2025-10-01 12:23:44,        0,  29.8,   2.4,  29.0,  0.221, -0.003,  0.000,    -35.2,  1,  21.8,   1.2, 0.100
2025-10-01 12:23:44,        0,  29.8,   2.4,  29.0,  0.220, -0.003,  0.000,    -38.1,  1,  21.8,   1.2, 0.100
2025-10-01 12:23:46,        0,  29.8,   2.4,  29.0,  0.220, -0.003,  0.000,    -41.8,  1,  21.9,   1.2, 0.100
2025-10-01 12:23:47,        0,  29.9,   2.6,  28.9,  0.218, -0.003,  0.000,    -44.9,  1,  21.8,   1.3, 0.100
2025-10-01 12:23:48,        0,  29.9,   2.6,  29.0,  1.506,  1.320,  0.006,   1353.3,  1,  21.9,   1.3, 0.100
2025-10-01 12:23:48,        0,  30.1,   3.3,  29.0,  4.749,  4.406,  0.021,   5559.3,  1,  21.8,   1.3, 0.100
2025-10-01 12:23:50,        0,  30.1,   3.3,  29.0,  4.715,  4.360,  0.022,  10068.2,  1,  21.8,   1.3, 0.100
2025-10-01 12:23:51,        0,  31.3,   6.8,  29.0,  5.254,  5.064,  0.027,  15508.7,  1,  21.8,   1.3, 0.100
2025-10-01 12:23:52,        0,  31.9,   8.7,  29.0,  7.681,  8.308,  0.066,  23702.1,  1,  21.8,   1.3, 0.100
2025-10-01 12:23:52,        0,  32.5,  10.4,  29.0, 10.681, 12.327,  0.132,  34812.1,  1,  21.8,   1.3, 0.100
2025-10-01 12:23:54,        0,  31.4,   7.3,  29.0, 12.527, 14.802,  0.186,  50574.6,  1,  21.9,   1.3, 0.100
2025-10-01 12:23:55,        0,  33.6,  13.7,  29.0, 12.618, 14.920,  0.189,  63375.9,  1,  21.9,   1.3, 0.100
2025-10-01 12:23:56,        0,  36.0,  21.1,  29.0, 15.305, 18.541,  0.285,  81979.5,  1,  21.8,   1.3, 0.101
2025-10-01 12:23:56,        0,  36.1,  21.4,  28.9, 16.716, 20.429,  0.344, 102418.9,  1,  21.8,   1.3, 0.101
2025-10-01 12:23:58,        0,  36.8,  23.5,  29.0, 18.592, 22.963,  0.432, 130930.1,  1,  21.9,   1.3, 0.090
2025-10-01 12:23:59,        0,  37.2,  24.7,  28.9, 24.363, 30.773,  0.750, 159131.2,  1,  21.8,   1.3, 0.087
2025-10-01 12:24:00,        0,  38.0,  27.0,  28.9, 20.858, 26.009,  0.545, 185957.9,  1,  21.8,   1.2, 0.095
2025-10-01 12:24:00,        0,  41.1,  36.4,  28.9, 23.666, 29.819,  0.711, 217555.9,  1,  21.7,   1.2, 0.098
2025-10-01 12:24:01,        0,  40.8,  35.4,  28.9, 28.791, 36.839,  1.063, 254069.2,  1,  21.8,   1.2, 0.100
2025-10-01 12:24:03,        0,  40.0,  33.0,  28.9, 29.373, 37.656,  1.110, 299615.8,  1,  21.7,   1.3, 0.100
2025-10-01 12:24:04,        0,  40.7,  35.2,  28.9, 28.147, 35.991,  1.020, 334569.2,  1,  21.7,   1.2, 0.099
2025-10-01 12:24:04,        0,  45.3,  48.8,  29.0, 34.286, 44.421,  1.524, 376311.8,  1,  21.7,   1.2, 0.099
2025-10-01 12:24:05,        0,  46.3,  51.8,  28.9, 39.220, 51.260,  2.018, 428175.0,  1,  21.7,   1.2, 0.100
2025-10-01 12:24:07,        0,  42.1,  39.4,  28.9, 39.742, 52.160,  2.074, 491725.2,  1,  21.7,   1.2, 0.100
2025-10-01 12:24:08,        0,  40.4,  34.2,  28.9, 35.313, 46.075,  1.629, 535733.5,  1,  21.8,   1.2, 0.100
2025-10-01 12:24:08,        0,  44.8,  47.4,  28.9, 35.894, 46.869,  1.684, 578153.2,  1,  21.7,   1.2, 0.100
2025-10-01 12:24:09,        0,  42.7,  41.0,  28.9, 40.662, 53.479,  2.175, 628271.5,  1,  21.8,   1.2, 0.100
2025-10-01 12:24:11,        0,  47.0,  53.9,  28.9, 40.625, 53.470,  2.185, 687527.6,  1,  21.7,   1.2, 0.100
2025-10-01 12:24:12,        0,  45.0,  48.0,  28.9, 36.005, 47.200,  1.711, 735780.2,  1,  21.8,   1.2, 0.100
2025-10-01 12:24:12,        0,  44.9,  47.6,  28.9, 35.420, 46.322,  1.647, 782407.4,  1,  21.7,   1.2, 0.100
2025-10-01 12:24:13,        0,  44.1,  45.3,  29.0, 42.331, 56.006,  2.374, 834420.8,  1,  21.8,   1.3, 0.110
2025-10-01 12:24:15,        0,  43.7,  44.1,  29.0, 36.805, 48.362,  1.836, 890576.2,  1,  21.8,   1.2, 0.111
2025-10-01 12:24:16,        0,  47.4,  55.1,  29.0, 44.580, 59.178,  2.644, 945581.6,  1,  21.7,   1.2, 0.106
2025-10-01 12:24:16,        0,  47.7,  56.0,  29.0, 41.696, 55.284,  2.316, 998786.2,  1,  21.8,   1.2, 0.102
2025-10-01 12:24:17,        0,  42.4,  40.1,  28.9, 39.222, 51.908,  2.038,1052258.9,  1,  21.7,   1.2, 0.101
2025-10-01 12:24:19,        0,  44.5,  46.4,  29.0, 37.470, 49.437,  1.893,1105541.7,  1,  21.7,   1.2, 0.100
2025-10-01 12:24:20,        0,  41.3,  37.0,  29.0, 29.381, 38.095,  1.125,1145894.4,  1,  21.7,   1.2, 0.100
2025-10-01 12:24:20,        0,  41.1,  36.4,  29.0, 33.883, 44.301,  1.509,1188304.8,  1,  21.7,   1.2, 0.100
2025-10-01 12:24:21,        0,  43.1,  42.2,  29.0, 31.307, 40.697,  1.286,1226891.0,  1,  21.7,   1.2, 0.100
2025-10-01 12:24:23,        0,  43.6,  43.9,  29.0, 37.645, 49.506,  1.864,1281857.0,  1,  21.7,   1.2, 0.100
2025-10-01 12:24:24,        0,  44.8,  47.4,  29.0, 36.363, 47.680,  1.781,1324599.3,  1,  21.7,   1.2, 0.100
2025-10-01 12:24:24,        0,  41.4,  37.3,  29.0, 33.780, 44.042,  1.488,1368898.3,  1,  21.7,   1.1, 0.100
2025-10-01 12:24:25,        0,  43.4,  43.3,  29.0, 31.083, 40.295,  1.257,1409619.2,  1,  21.7,   1.1, 0.100
2025-10-01 12:24:27,        0,  43.4,  43.1,  29.0, 39.953, 52.637,  2.105,1469441.0,  1,  21.7,   1.1, 0.100
2025-10-01 12:24:28,        0,  41.2,  36.6,  29.0, 41.994, 55.465,  2.330,1518345.5,  1,  21.7,   1.1, 0.100
2025-10-01 12:24:28,        0,  42.1,  39.2,  29.0, 27.416, 35.251,  0.975,1556034.1,  1,  21.7,   1.1, 0.100
2025-10-01 12:24:29,        0,  43.5,  43.6,  29.0, 39.034, 51.296,  2.006,1601563.2,  1,  21.7,   1.1, 0.100
2025-10-01 12:24:31,        0,  44.9,  47.6,  29.1, 36.040, 47.171,  1.729,1655318.4,  1,  21.7,   1.1, 0.100
2025-10-01 12:24:32,        0,  43.3,  43.0,  29.1, 36.674, 48.034,  1.768,1703275.4,  1,  21.7,   1.1, 0.100
2025-10-01 12:24:32,        0,  39.3,  30.9,  29.0, 33.700, 43.930,  1.481,1746074.7,  1,  21.7,   1.1, 0.100
2025-10-01 12:24:33,        0,  44.4,  46.2,  29.1, 33.298, 43.335,  1.464,1789332.2,  1,  21.7,   1.1, 0.100
2025-10-01 12:24:35,        0,  42.9,  41.7,  29.1, 26.132, 33.418,  0.881,1837423.6,  1,  21.7,   1.1, 0.100
2025-10-01 12:24:36,        0,  43.5,  43.4,  29.1, 36.308, 47.474,  1.727,1883502.1,  1,  21.7,   1.1, 0.100
2025-10-01 12:24:36,        0,  37.8,  26.3,  29.1, 29.776, 38.390,  1.147,1922811.7,  1,  21.7,   1.1, 0.100
2025-10-01 12:24:37,        0,  36.1,  21.3,  29.1, 28.257, 36.266,  1.055,1956748.4,  1,  21.7,   1.1, 0.100
2025-10-01 12:24:39,        0,  42.4,  40.1,  29.1, 33.556, 43.491,  1.465,2001827.3,  1,  21.7,   1.1, 0.100
2025-10-01 12:24:40,        0,  43.8,  44.3,  29.1, 34.104, 44.251,  1.515,2043881.4,  1,  21.7,   1.1, 0.100
2025-10-01 12:24:40,        0,  41.9,  38.7,  29.1, 38.865, 50.924,  1.987,2092174.6,  1,  21.7,   1.1, 0.100
2025-10-01 12:24:41,        0,  45.7,  50.1,  29.1, 33.921, 44.115,  1.524,2135756.3,  1,  21.7,   1.1, 0.100
2025-10-01 12:24:43,        0,  39.6,  31.7,  29.2, 32.555, 42.243,  1.435,2191163.0,  1,  21.7,   1.1, 0.100
2025-10-01 12:24:44,        0,  44.6,  46.9,  29.1, 28.283, 36.279,  1.057,2226932.7,  1,  21.7,   1.1, 0.100
2025-10-01 12:24:44,        0,  42.9,  41.7,  29.1, 33.992, 44.166,  1.515,2269917.4,  1,  21.7,   1.1, 0.100
2025-10-01 12:24:45,        0,  45.2,  48.5,  29.2, 36.230, 47.250,  1.715,2314054.0,  1,  21.7,   1.1, 0.100
2025-10-01 12:24:47,        0,  39.1,  30.3,  29.1, 38.601, 50.530,  1.959,2371645.5,  1,  21.7,   1.1, 0.100
2025-10-01 12:24:48,        0,  42.4,  40.1,  29.1, 28.754, 36.879,  1.092,2407850.7,  1,  21.7,   1.1, 0.100
2025-10-01 12:24:49,        0,  46.2,  51.5,  29.1, 41.932, 55.056,  2.309,2457173.8,  1,  21.7,   1.2, 0.100
2025-10-01 12:24:49,        0,  44.9,  47.6,  29.1, 41.260, 54.255,  2.241,2510445.6,  1,  21.7,   1.1, 0.100
2025-10-01 12:24:50,        0,  41.3,  36.9,  29.1, 36.747, 48.040,  1.766,2557231.9,  1,  21.7,   1.1, 0.100
2025-10-01 12:24:52,        0,  44.6,  46.7,  29.2, 32.574, 42.256,  1.379,2609249.8,  1,  21.7,   1.1, 0.100
2025-10-01 12:24:53,        0,  44.5,  46.4,  29.1, 41.850, 55.144,  2.310,2661505.9,  1,  21.7,   1.2, 0.100
2025-10-01 12:24:53,        0,  45.1,  48.3,  29.2, 37.147, 48.651,  1.812,2709316.7,  1,  21.7,   1.2, 0.100
2025-10-01 12:24:54,        0,  42.5,  40.4,  29.2, 40.209, 52.928,  2.129,2761036.6,  1,  21.7,   1.2, 0.100
2025-10-01 12:24:56,        0,  44.7,  47.1,  29.2, 31.202, 40.392,  1.264,2811293.0,  1,  21.7,   1.2, 0.100
2025-10-01 12:24:57,        0,  41.9,  38.7,  29.2, 33.417, 43.462,  1.452,2856287.1,  1,  21.7,   1.2, 0.100
2025-10-01 12:24:58,        0,  46.7,  53.2,  29.2, 19.131, 23.630,  0.484,2886485.6,  1,  21.7,   1.2, 0.100
2025-10-01 12:24:58,        0,  42.5,  40.5,  29.2, 39.129, 51.252,  2.009,2936025.8,  1,  21.7,   1.2, 0.100
2025-10-01 12:25:00,        0,  43.2,  42.6,  29.2, 37.483, 49.024,  1.839,2991069.2,  1,  21.7,   1.2, 0.100
2025-10-01 12:25:01,        0,  43.0,  42.0,  29.2, 35.688, 46.521,  1.666,3034813.5,  1,  21.7,   1.2, 0.100
2025-10-01 12:25:02,        0,  43.2,  42.6,  29.2, 34.323, 44.540,  1.531,3074626.0,  1,  21.7,   1.2, 0.100
2025-10-01 12:25:02,        0,  41.8,  38.4,  29.2, 32.422, 41.921,  1.365,3116972.5,  1,  21.7,   1.2, 0.100
2025-10-01 12:25:04,        0,  39.7,  32.1,  29.2, 36.799, 47.940,  1.769,3165025.7,  1,  21.7,   1.2, 0.100
2025-10-01 12:25:05,        0,  43.4,  43.2,  29.2, 29.216, 37.435,  1.101,3200942.0,  1,  21.7,   1.2, 0.100
2025-10-01 12:25:06,        0,  42.2,  39.6,  29.2, 35.891, 46.643,  1.675,3245029.3,  1,  21.7,   1.2, 0.100
2025-10-01 12:25:06,        0,  40.9,  35.7,  29.2, 28.537, 36.531,  1.043,3282771.1,  1,  21.7,   1.2, 0.100
2025-10-01 12:25:07,        0,  43.2,  42.5,  29.2, 30.855, 39.664,  1.248,3319963.5,  1,  21.7,   1.3, 0.100
2025-10-01 12:25:09,        0,  39.3,  31.0,  29.2, 28.244, 36.001,  1.019,3365197.7,  1,  21.7,   1.2, 0.100
2025-10-01 12:25:10,        0,  44.8,  47.4,  29.2, 32.741, 42.116,  1.382,3404357.1,  1,  21.7,   1.3, 0.100
2025-10-01 12:25:10,        0,  38.9,  29.6,  29.2, 31.967, 41.108,  1.361,3441203.1,  1,  21.7,   1.2, 0.100
2025-10-01 12:25:11,        0,  41.8,  38.4,  29.2, 23.514, 29.426,  0.701,3471423.9,  1,  21.7,   1.2, 0.100
2025-10-01 12:25:13,        0,  42.9,  41.7,  29.2, 25.955, 32.815,  0.860,3515807.3,  1,  21.7,   1.3, 0.100
2025-10-01 12:25:14,        0,  40.4,  34.2,  29.2, 27.550, 34.975,  0.973,3552822.2,  1,  21.7,   1.2, 0.100
2025-10-01 12:25:14,        0,  36.5,  22.6,  29.2, 24.502, 30.772,  0.772,3582576.3,  1,  21.7,   1.2, 0.100
2025-10-01 12:25:16,        0,  34.1,  15.3,  29.2, 22.947, 28.539,  0.658,3614691.6,  1,  21.7,   1.2, 0.100
2025-10-01 12:25:17,        0,  36.5,  22.6,  29.2, 27.057, 34.036,  0.948,3642352.3,  1,  21.7,   1.2, 0.100
2025-10-01 12:25:18,        0,  40.9,  35.7,  29.2, 24.108, 30.046,  0.731,3673465.0,  1,  21.7,   1.2, 0.100
2025-10-01 12:25:18,        0,  40.0,  33.0,  29.2, 24.426, 30.489,  0.746,3706007.8,  1,  21.7,   1.2, 0.100
2025-10-01 12:25:19,        0,  37.8,  26.3,  29.2, 25.335, 31.725,  0.804,3738153.6,  1,  21.7,   1.2, 0.100
2025-10-01 12:25:21,        0,  38.1,  27.2,  29.3, 29.728, 37.656,  1.123,3776708.7,  1,  21.7,   1.2, 0.100
2025-10-01 12:25:22,        0,  35.4,  19.2,  29.3,106745.037, 22.880,  0.446,3798512.6,  1,  21.7,   1.1, 0.100
2025-10-01 12:25:22,        0,  34.7,  17.1,  29.2, 19.756, 24.057,  0.477,3822808.3,  1,  21.7,   1.2, 0.100
2025-10-01 12:25:23,        0,  37.7,  26.1,  29.2, 26.638, 33.361,  0.890,3850690.3,  1,  21.7,   1.1, 0.100
2025-10-01 12:25:25,        0,  37.4,  25.3,  29.2, 10.667, 11.858,  0.156,3876632.3,  1,  21.7,   1.2, 0.100
2025-10-01 12:25:26,        0,  38.4,  28.1,  29.2, 25.640, 31.938,  0.820,3905252.7,  1,  21.7,   1.1, 0.100
2025-10-01 12:25:27,        0,  37.1,  24.2,  29.2, 18.160, 21.886,  0.426,3928692.7,  1,  21.7,   1.1, 0.100
2025-10-01 12:25:27,        0,  38.2,  27.5,  29.2, 23.365, 28.844,  0.677,3955679.5,  1,  21.7,   1.1, 0.100
2025-10-01 12:25:29,        0,  37.6,  25.8,  29.2, 19.698, 23.912,  0.477,3986860.6,  1,  21.7,   1.1, 0.100
2025-10-01 12:25:30,        0,  36.5,  22.5,  29.2, 21.704, 26.568,  0.577,4011964.8,  1,  21.7,   1.1, 0.100
2025-10-01 12:25:31,        0,  34.7,  17.2,  29.2, 21.153, 25.839,  0.548,4036695.6,  1,  21.7,   1.1, 0.100
2025-10-01 12:25:31,        0,  35.3,  18.8,  29.3, 18.594, 22.382,  0.417,4056478.6,  1,  21.7,   1.1, 0.100
2025-10-01 12:25:33,        0,  35.1,  18.3,  29.3, 12.639, 14.395,  0.203,4077953.1,  1,  21.7,   1.1, 0.100
2025-10-01 12:25:34,        0,  34.2,  15.5,  29.2, 12.879, 14.697,  0.198,4094030.0,  1,  21.7,   1.0, 0.100
2025-10-01 12:25:35,        0,  35.2,  18.6,  29.2, 18.170, 21.730,  0.395,4113858.6,  1,  21.7,   1.1, 0.100
2025-10-01 12:25:35,        0,  28.5,   0.0,  29.3, 12.053, 13.574,  0.168,4128158.1,  1,  21.7,   1.1, 0.100
2025-10-01 12:25:37,        0,  33.5,  13.6,  29.2, 17.619, 20.945,  0.372,4145304.6,  1,  21.7,   1.1, 0.100
2025-10-01 12:25:38,        0,  34.6,  16.7,  29.2, 15.721, 18.420,  0.290,4161783.8,  1,  21.7,   1.1, 0.100
2025-10-01 12:25:39,        0,  34.7,  17.2,  29.2, 16.222, 19.071,  0.311,4180755.0,  1,  21.7,   1.1, 0.100
2025-10-01 12:25:39,        0,  29.7,   2.2,  29.2,  9.352,  9.943,  0.101,4192558.8,  1,  21.7,   1.1, 0.100
2025-10-01 12:25:40,        0,  33.6,  13.9,  29.3, 13.262, 15.102,  0.201,4204234.0,  1,  21.7,   1.1, 0.100
2025-10-01 12:25:42,        0,  33.8,  14.4,  29.3, 14.199, 16.346,  0.234,4224291.9,  1,  21.7,   1.1, 0.100
2025-10-01 12:25:43,        0,  34.7,  17.1,  29.2, 14.677, 16.968,  0.250,4240215.8,  1,  21.7,   1.2, 0.100
2025-10-01 12:25:44,        0,  32.7,  11.0,  29.3, 14.248, 16.410,  0.240,4254073.6,  1,  21.7,   1.1, 0.100
2025-10-01 12:25:44,        0,  33.8,  14.4,  29.3,  9.782, 10.501,  0.125,4266198.0,  1,  21.7,   1.2, 0.100
2025-10-01 12:25:46,        0,  32.6,  10.8,  29.3, 12.149, 13.596,  0.166,4279348.0,  1,  21.7,   1.2, 0.100
2025-10-01 12:25:47,        0,  30.7,   5.0,  29.3, 14.745, 17.034,  0.251,4294028.9,  1,  21.7,   1.2, 0.100
2025-10-01 12:25:48,        0,  32.9,  11.6,  29.2, 13.873, 15.860,  0.227,4306018.4,  1,  21.7,   1.2, 0.100
2025-10-01 12:25:48,        0,  32.7,  11.1,  29.3, 10.143, 10.935,  0.113,4318479.7,  1,  21.7,   1.2, 0.100
2025-10-01 12:25:50,        0,  33.1,  12.2,  29.2,  9.492, 10.081,  0.097,4332343.0,  1,  21.7,   1.2, 0.100
2025-10-01 12:25:51,        0,  32.6,  10.8,  29.2,  5.836,  5.331,  0.033,4341175.4,  1,  21.7,   1.2, 0.100
2025-10-01 12:25:52,        0,  32.4,  10.3,  29.3,  9.857, 10.553,  0.105,4351629.7,  1,  21.7,   1.2, 0.100
2025-10-01 12:25:52,        0,  32.5,  10.6,  29.2,  8.787,  9.148,  0.082,4362100.0,  1,  21.7,   1.2, 0.100
2025-10-01 12:25:53,        0,  31.4,   7.3,  29.3, 12.477, 14.002,  0.176,4374426.8,  1,  21.7,   1.2, 0.100
2025-10-01 12:25:55,        0,  31.3,   6.9,  29.2, 10.887, 11.902,  0.130,4386501.8,  1,  21.7,   1.2, 0.100
2025-10-01 12:25:56,        0,  31.8,   8.3,  29.2,  8.948,  9.372,  0.084,4395465.4,  1,  21.7,   1.2, 0.100
2025-10-01 12:25:57,        0,  31.8,   8.5,  29.3,  9.332,  9.863,  0.094,4404824.2,  1,  21.7,   1.2, 0.100
2025-10-01 12:25:57,        0,  31.8,   8.5,  29.3, 10.240, 11.054,  0.113,4415492.7,  1,  21.7,   1.2, 0.100
2025-10-01 12:25:59,        0,  30.0,   2.9,  29.3,  9.653, 10.284,  0.100,4427284.0,  1,  21.7,   1.2, 0.100
2025-10-01 12:26:00,        0,  32.0,   9.0,  29.3,  5.163,  4.479,  0.023,4432647.1,  1,  21.7,   1.2, 0.100
2025-10-01 12:26:01,        0,  30.5,   4.5,  29.3,  6.544,  6.271,  0.046,4440085.2,  1,  21.7,   1.2, 0.100
2025-10-01 12:26:01,        0,  30.6,   4.7,  29.3,  7.746,  7.817,  0.061,4447386.7,  1,  21.7,   1.2, 0.100
2025-10-01 12:26:02,        0,  30.8,   5.5,  29.3,  6.074,  5.661,  0.035,4452847.5,  1,  21.7,   1.2, 0.100
2025-10-01 12:26:04,        0,  31.3,   6.9,  29.2,  6.448,  6.150,  0.040,4460907.1,  1,  21.7,   1.2, 0.100
2025-10-01 12:26:05,        0,  31.0,   6.1,  29.3,  8.639,  8.976,  0.078,4469242.5,  1,  21.7,   1.3, 0.100
2025-10-01 12:26:06,        0,  30.7,   5.2,  29.3,  7.130,  7.024,  0.051,4476562.0,  1,  21.7,   1.2, 0.100
2025-10-01 12:26:06,        0,  31.1,   6.2,  29.2,  7.678,  7.738,  0.060,4483348.8,  1,  21.7,   1.2, 0.100
2025-10-01 12:26:08,        0,  30.5,   4.5,  29.3,  7.266,  7.214,  0.053,4491821.3,  1,  21.7,   1.2, 0.100
2025-10-01 12:26:09,        0,  29.3,   0.8,  29.3,  6.821,  6.646,  0.045,4497621.5,  1,  21.7,   1.2, 0.100
2025-10-01 12:26:10,        0,  31.3,   6.8,  29.2,  7.093,  7.014,  0.050,4502372.0,  1,  21.7,   1.2, 0.100
2025-10-01 12:26:10,        0,  31.3,   6.8,  29.3,  5.764,  5.286,  0.031,4508409.0,  1,  21.7,   1.2, 0.100
2025-10-01 12:26:12,        0,  30.5,   4.5,  29.2,  3.153,  2.060,  0.010,4514055.9,  1,  21.7,   1.2, 0.100
2025-10-01 12:26:13,        0,  29.1,   0.3,  29.2,  4.735,  3.997,  0.020,4517744.4,  1,  21.7,   1.2, 0.100
2025-10-01 12:26:14,        0,  30.7,   5.0,  29.3,  2.164,  0.973,  0.006,4520577.5,  1,  21.7,   1.2, 0.100
2025-10-01 12:26:14,        0,  30.3,   4.0,  29.2,  6.295,  6.008,  0.042,4526900.4,  1,  21.7,   1.2, 0.100
2025-10-01 12:26:15,        0,  30.0,   3.1,  29.3,  6.162,  5.824,  0.036,4532372.9,  1,  21.7,   1.2, 0.100
2025-10-01 12:26:17,        0,  30.6,   4.7,  29.3,  4.178,  3.313,  0.017,4537798.5,  1,  21.7,   1.3, 0.100
2025-10-01 12:26:18,        0,  31.2,   6.6,  29.3,  6.836,  6.709,  0.046,4544236.7,  1,  21.7,   1.2, 0.100
2025-10-01 12:26:19,        0,  30.6,   4.7,  29.3,  6.184,  5.859,  0.038,4549888.6,  1,  21.7,   1.2, 0.100
2025-10-01 12:26:19,        0,  30.7,   5.2,  29.2,  7.543,  7.631,  0.058,4556565.2,  1,  21.7,   1.2, 0.100
2025-10-01 12:26:21,        0,  30.0,   3.1,  29.3,  3.105,  1.993,  0.009,4560845.0,  1,  21.7,   1.2, 0.100
2025-10-01 12:26:22,        0,  30.3,   4.0,  29.3,  2.776,  1.622,  0.008,4563623.6,  1,  21.7,   1.2, 0.100
2025-10-01 12:26:23,        0,  30.7,   5.2,  29.2,  5.590,  5.113,  0.030,4568867.3,  1,  21.7,   1.2, 0.100
2025-10-01 12:26:23,        0,  29.7,   2.2,  29.3,  4.998,  4.361,  0.025,4572836.1,  1,  21.7,   1.2, 0.100
2025-10-01 12:26:25,        0,  29.9,   2.6,  29.2,  5.668,  5.223,  0.030,4577045.1,  1,  21.7,   1.1, 0.100
2025-10-01 12:26:26,        0,  29.8,   2.4,  29.3,  2.218,  0.915,  0.003,4578568.9,  1,  21.7,   1.1, 0.100
2025-10-01 12:26:27,        0,  30.4,   4.3,  29.3,  5.358,  4.840,  0.026,4582005.5,  1,  21.7,   1.1, 0.100
2025-10-01 12:26:27,        0,  30.4,   4.3,  29.3,  5.055,  4.439,  0.022,4586849.8,  1,  21.7,   1.1, 0.100
2025-10-01 12:26:28,        0,  29.4,   1.2,  29.2,  5.501,  5.025,  0.028,4589994.7,  1,  21.7,   1.1, 0.100
2025-10-01 12:26:30,        0,  30.0,   3.1,  29.3,  1.299,  0.004,  0.000,4590014.4,  1,  21.7,   1.1, 0.100
2025-10-01 12:26:31,        0,  30.1,   3.3,  29.2,  5.872,  5.525,  0.032,4594714.6,  1,  21.7,   1.1, 0.100
2025-10-01 12:26:31,        0,  29.8,   2.4,  29.3,  5.546,  5.092,  0.029,4599548.0,  1,  21.7,   1.1, 0.100
2025-10-01 12:26:32,        0,  29.5,   1.5,  29.3,  4.730,  4.050,  0.021,4603614.9,  1,  21.7,   1.1, 0.100
2025-10-01 12:26:34,        0,  29.2,   0.5,  29.2,  1.360,  0.031,  0.000,4604030.6,  1,  21.7,   1.1, 0.100
2025-10-01 12:26:35,        0,  30.2,   3.6,  29.3,  4.141,  3.454,  0.019,4607187.7,  1,  21.7,   1.0, 0.100
2025-10-01 12:26:36,        0,  30.3,   4.0,  29.3,  5.121,  4.559,  0.023,4611928.9,  1,  21.7,   1.1, 0.100
2025-10-01 12:26:36,        0,  29.8,   2.4,  29.3,  2.225,  0.950,  0.003,4614898.2,  1,  21.8,   1.1, 0.100
2025-10-01 12:26:38,        0,  29.9,   2.6,  29.3,  4.402,  3.673,  0.018,4617513.8,  1,  21.7,   1.1, 0.100
2025-10-01 12:26:39,        0,  30.0,   2.9,  29.3,  3.790,  2.901,  0.014,4618853.6,  1,  21.7,   1.0, 0.100
2025-10-01 12:26:40,        0,  29.3,   0.8,  29.3,  5.125,  4.578,  0.024,4622773.8,  1,  21.7,   1.1, 0.100
2025-10-01 12:26:40,        0,  29.9,   2.6,  29.3,  1.364,  0.041,  0.000,4623102.4,  1,  21.8,   1.1, 0.100
2025-10-01 12:26:41,        0,  30.0,   2.9,  29.2,  1.237, -0.005,  0.000,4623098.2,  1,  21.8,   1.1, 0.100
2025-10-01 12:26:43,        0,  30.1,   3.4,  29.2,  1.906,  0.579,  0.001,4625869.3,  1,  21.8,   1.1, 0.100
2025-10-01 12:26:44,        0,  30.2,   3.6,  29.2,  5.623,  5.234,  0.029,4630610.9,  1,  21.7,   1.1, 0.100
2025-10-01 12:26:44,        0,  29.7,   2.2,  29.2,  5.175,  4.646,  0.024,4634991.3,  1,  21.8,   1.1, 0.100
2025-10-01 12:26:45,        0,  30.0,   3.1,  29.2,  1.403,  0.071,  0.000,4635573.4,  1,  21.7,   1.1, 0.100
2025-10-01 12:26:47,        0,  29.4,   1.3,  29.2,  1.379,  0.059,  0.000,4637261.5,  1,  21.7,   1.1, 0.100
2025-10-01 12:26:48,        0,  29.3,   1.0,  29.2,  1.227, -0.005,  0.000,4637259.0,  1,  21.7,   1.1, 0.100
2025-10-01 12:26:49,        0,  30.0,   2.9,  29.2,  1.176, -0.011,  0.000,4637249.8,  1,  21.7,   1.1, 0.100
2025-10-01 12:26:49,        0,  29.8,   2.4,  29.3,  3.765,  2.878,  0.013,4640560.6,  1,  21.7,   1.1, 0.100
2025-10-01 12:26:51,        0,  29.6,   1.7,  29.3,  1.482,  0.142,  0.000,4642851.4,  1,  21.7,   1.1, 0.100
2025-10-01 12:26:52,        0,  29.9,   2.6,  29.3,  1.325,  0.031,  0.000,4643128.0,  1,  21.7,   1.2, 0.100
2025-10-01 12:26:53,        0,  29.9,   2.6,  29.2,  4.753,  4.175,  0.021,4645201.3,  1,  21.8,   1.1, 0.100
2025-10-01 12:26:53,        0,  29.9,   2.7,  29.2,  1.363,  0.058,  0.000,4646576.3,  1,  21.7,   1.1, 0.100
2025-10-01 12:26:54,        0,  29.7,   2.0,  29.3,  2.584,  1.408,  0.005,4649324.3,  1,  21.7,   1.2, 0.100
2025-10-01 12:26:56,        0,  29.7,   2.0,  29.3,  1.267,  0.008,  0.000,4649351.2,  1,  21.8,   1.2, 0.100
2025-10-01 12:26:57,        0,  29.6,   1.9,  29.2,  1.163, -0.010,  0.000,4649342.4,  1,  21.7,   1.2, 0.100
2025-10-01 12:26:57,        0,  29.9,   2.6,  29.3,  1.127, -0.011,  0.000,4649332.7,  1,  21.8,   1.2, 0.100
2025-10-01 12:26:59,        0,  30.0,   3.1,  29.2,  1.084, -0.012,  0.000,4649319.3,  1,  21.7,   1.2, 0.100
2025-10-01 12:27:00,        0,  29.9,   2.7,  29.3,  3.610,  2.710,  0.012,4651908.9,  1,  21.8,   1.2, 0.100
2025-10-01 12:27:01,        0,  29.9,   2.6,  29.2,  4.927,  4.383,  0.022,4655854.3,  1,  21.8,   1.3, 0.100
2025-10-01 12:27:01,        0,  28.6,   0.0,  29.3,  1.309,  0.029,  0.000,4656069.7,  1,  21.8,   1.2, 0.100
2025-10-01 12:27:03,        0,  29.6,   1.9,  29.2,  1.491,  0.180,  0.000,4656861.3,  1,  21.8,   1.2, 0.100
2025-10-01 12:27:04,        0,  29.6,   1.9,  29.2,  1.199, -0.001,  0.000,4656866.0,  1,  21.7,   1.2, 0.100
2025-10-01 12:27:05,        0,  29.7,   2.0,  29.2,  1.141, -0.010,  0.000,4656857.6,  1,  21.8,   1.2, 0.100
2025-10-01 12:27:05,        0,  29.9,   2.6,  29.2,  1.103, -0.010,  0.000,4656847.5,  1,  21.8,   1.2, 0.100
2025-10-01 12:27:06,        0,  29.8,   2.4,  29.3,  4.903,  4.375,  0.021,4659725.9,  1,  21.8,   1.3, 0.100
2025-10-01 12:27:08,        0,  29.9,   2.7,  29.3,  1.269,  0.017,  0.000,4660595.5,  1,  21.8,   1.2, 0.100
2025-10-01 12:27:09,        0,  29.4,   1.3,  29.3,  1.834,  0.546,  0.001,4661835.6,  1,  21.7,   1.2, 0.100
2025-10-01 12:27:09,        0,  29.2,   0.5,  29.2,  1.212,  0.003,  0.000,4661842.7,  1,  21.7,   1.2, 0.100
2025-10-01 12:27:10,        0,  29.6,   1.9,  29.3,  1.138, -0.007,  0.000,4661835.2,  1,  21.8,   1.2, 0.100
2025-10-01 12:27:12,        0,  29.9,   2.6,  29.2,  1.078, -0.010,  0.000,4661823.9,  1,  21.7,   1.3, 0.100
2025-10-01 12:27:13,        0,  29.9,   2.6,  29.2,  1.031, -0.010,  0.000,4661813.8,  1,  21.7,   1.2, 0.100
2025-10-01 12:27:14,        0,  29.9,   2.6,  29.2,  4.900,  4.400,  0.022,4664395.4,  1,  21.8,   1.2, 0.100
2025-10-01 12:27:14,        0,  29.9,   2.7,  29.2,  4.900,  4.377,  0.021,4668603.6,  1,  21.7,   1.2, 0.100
2025-10-01 12:27:16,        0,  30.0,   2.9,  29.2,  1.737,  0.440,  0.001,4670903.1,  1,  21.8,   1.2, 0.100
2025-10-01 12:27:17,        0,  29.1,   0.3,  29.2,  3.346,  2.414,  0.010,4672569.5,  1,  21.8,   1.2, 0.100
2025-10-01 12:27:18,        0,  29.3,   1.0,  29.2,  1.184, -0.001,  0.000,4672576.6,  1,  21.7,   1.2, 0.100
2025-10-01 12:27:18,        0,  29.6,   1.9,  29.3,  1.125, -0.008,  0.000,4672568.6,  1,  21.7,   1.2, 0.100
2025-10-01 12:27:19,        0,  29.5,   1.5,  29.3,  1.085, -0.010,  0.000,4672559.4,  1,  21.7,   1.2, 0.100
2025-10-01 12:27:21,        0,  29.5,   1.5,  29.2,  1.036, -0.010,  0.000,4672547.2,  1,  21.8,   1.2, 0.100
2025-10-01 12:27:22,        0,  29.6,   1.7,  29.2,  1.006, -0.010,  0.000,4672537.6,  1,  21.8,   1.2, 0.100
2025-10-01 12:27:23,        0,  29.6,   1.7,  29.2,  0.964, -0.011,  0.000,4672528.0,  1,  21.8,   1.2, 0.100
2025-10-01 12:27:23,        0,  29.6,   1.9,  29.2,  0.941, -0.010,  0.000,4672517.9,  1,  21.7,   1.2, 0.100
2025-10-01 12:27:25,        0,  29.6,   1.7,  29.3,  0.907, -0.011,  0.000,4672505.3,  1,  21.8,   1.2, 0.100
2025-10-01 12:27:26,        0,  29.7,   2.0,  29.3,  0.886, -0.010,  0.000,4672496.1,  1,  21.8,   1.2, 0.100
2025-10-01 12:27:27,        0,  29.7,   2.0,  29.2,  0.867, -0.011,  0.000,4672485.6,  1,  21.7,   1.2, 0.100
2025-10-01 12:27:27,        0,  29.7,   2.0,  29.2,  0.848, -0.011,  0.000,4672475.2,  1,  21.8,   1.2, 0.100
2025-10-01 12:27:28,        0,  29.8,   2.4,  29.2,  0.836, -0.010,  0.000,4672465.9,  1,  21.8,   1.2, 0.100
2025-10-01 12:27:30,        0,  29.7,   2.2,  29.2,  0.820, -0.011,  0.000,4672452.5,  1,  21.8,   1.2, 0.100
2025-10-01 12:27:31,        0,  29.8,   2.4,  29.3,  0.811, -0.011,  0.000,4672442.5,  1,  21.7,   1.2, 0.100
2025-10-01 12:27:31,        0,  29.7,   2.2,  29.3,  0.797, -0.011,  0.000,4672432.0,  1,  21.8,   1.2, 0.100
2025-10-01 12:27:32,        0,  29.8,   2.4,  29.2,  0.789, -0.011,  0.000,4672421.9,  1,  21.8,   1.2, 0.100
2025-10-01 12:27:34,        0,  29.9,   2.6,  29.2,  0.779, -0.011,  0.000,4672408.9,  1,  21.8,   1.2, 0.100
2025-10-01 12:27:35,        0,  29.8,   2.4,  29.2,  0.773, -0.010,  0.000,4672398.5,  1,  21.8,   1.2, 0.100
2025-10-01 12:27:36,        0,  29.9,   2.6,  29.2,  0.766, -0.011,  0.000,4673648.2,  1,  21.8,   1.2, 0.100
2025-10-01 12:27:36,        0,  29.9,   2.6,  29.2,  4.824,  4.379,  0.021,4677827.8,  1,  21.8,   1.2, 0.100
2025-10-01 12:27:38,        0,  29.7,   2.0,  29.2,  2.317,  1.208,  0.004,4679997.1,  1,  21.8,   1.2, 0.100
2025-10-01 12:27:39,        0,  29.3,   0.8,  29.2,  1.125, -0.003,  0.000,4679999.2,  1,  21.8,   1.1, 0.100
2025-10-01 12:27:40,        0,  29.6,   1.7,  29.2,  1.070, -0.008,  0.000,4679992.0,  1,  21.8,   1.2, 0.100
2025-10-01 12:27:40,        0,  29.6,   1.7,  29.2,  1.031, -0.009,  0.000,4679983.2,  1,  21.7,   1.1, 0.100
2025-10-01 12:27:41,        0,  29.4,   1.3,  29.2,  0.987, -0.009,  0.000,4679973.6,  1,  21.8,   1.1, 0.100
2025-10-01 12:27:43,        0,  29.4,   1.3,  29.2,  0.956, -0.009,  0.000,4679962.7,  1,  21.8,   1.1, 0.100
2025-10-01 12:27:44,        0,  29.6,   1.7,  29.2,  0.915, -0.009,  0.000,4679953.9,  1,  21.8,   1.1, 0.100
2025-10-01 12:27:44,        0,  29.6,   1.9,  29.2,  0.886, -0.009,  0.000,4679945.5,  1,  21.8,   1.1, 0.100
2025-10-01 12:27:45,        0,  29.6,   1.9,  29.2,  0.862, -0.009,  0.000,4679936.7,  1,  21.8,   1.1, 0.100
2025-10-01 12:27:47,        0,  29.5,   1.5,  29.2,  0.829, -0.009,  0.000,4679926.3,  1,  21.8,   1.1, 0.100
2025-10-01 12:27:48,        0,  29.6,   1.9,  29.2,  0.802, -0.010,  0.000,4679917.5,  1,  21.7,   1.1, 0.100
2025-10-01 12:27:49,        0,  29.6,   1.9,  29.2,  0.787, -0.010,  0.000,4679908.2,  1,  21.8,   1.0, 0.100
2025-10-01 12:27:49,        0,  29.6,   1.9,  29.2,  0.775, -0.010,  0.000,4679898.6,  1,  21.8,   1.0, 0.100
2025-10-01 12:27:51,        0,  29.7,   2.0,  29.2,  0.761, -0.010,  0.000,4679886.9,  1,  21.8,   1.0, 0.100
2025-10-01 12:27:52,        0,  29.6,   1.9,  29.2,  0.750, -0.010,  0.000,4679877.6,  1,  21.8,   1.0, 0.100
2025-10-01 12:27:53,        0,  29.6,   1.9,  29.2,  0.737, -0.010,  0.000,4679867.6,  1,  21.8,   1.0, 0.100
2025-10-01 12:27:53,        0,  29.7,   2.2,  29.2,  0.729, -0.010,  0.000,4679858.4,  1,  21.8,   1.0, 0.100
2025-10-01 12:27:54,        0,  29.7,   2.0,  29.3,  0.721, -0.010,  0.000,4679849.1,  1,  21.8,   1.1, 0.100
2025-10-01 12:27:56,        0,  29.7,   2.0,  29.2,  0.713, -0.010,  0.000,4679837.4,  1,  21.8,   1.1, 0.100
2025-10-01 12:27:57,        0,  29.6,   1.9,  29.2,  0.707, -0.010,  0.000,4679827.8,  1,  21.8,   1.1, 0.100
2025-10-01 12:27:57,        0,  29.7,   2.2,  29.2,  0.699, -0.010,  0.000,4679818.5,  1,  21.8,   1.1, 0.100
2025-10-01 12:27:58,        0,  29.7,   2.2,  29.2,  0.694, -0.010,  0.000,4679809.7,  1,  21.8,   1.0, 0.100
2025-10-01 12:28:00,        0,  29.7,   2.2,  29.2,  0.686, -0.010,  0.000,4679798.0,  1,  21.8,   1.1, 0.100
2025-10-01 12:28:01,        0,  29.7,   2.0,  29.2,  0.681, -0.009,  0.000,4679789.2,  1,  21.8,   1.1, 0.100
2025-10-01 12:28:02,        0,  29.7,   2.2,  29.2,  0.678, -0.010,  0.000,4679779.6,  1,  21.8,   1.1, 0.100
2025-10-01 12:28:02,        0,  29.7,   2.2,  29.2,  0.672, -0.010,  0.000,4679770.3,  1,  21.8,   1.1, 0.100
2025-10-01 12:28:04,        0,  29.7,   2.2,  29.2,  0.666, -0.009,  0.000,4679759.0,  1,  21.8,   1.1, 0.100
2025-10-01 12:28:05,        0,  29.8,   2.4,  29.2,  0.662, -0.010,  0.000,4679749.4,  1,  21.8,   1.1, 0.100
2025-10-01 12:28:06,        0,  29.8,   2.4,  29.3,  0.659, -0.010,  0.000,4679740.6,  1,  21.8,   1.1, 0.100
2025-10-01 12:28:06,        0,  29.7,   2.2,  29.2,  0.656, -0.010,  0.000,4679731.0,  1,  21.8,   1.1, 0.100
2025-10-01 12:28:07,        0,  29.8,   2.4,  29.2,  0.651, -0.010,  0.000,4679722.2,  1,  21.8,   1.1, 0.100
2025-10-01 12:28:09,        0,  29.8,   2.4,  29.2,  0.646, -0.009,  0.000,4679711.3,  1,  21.8,   1.1, 0.100
2025-10-01 12:28:10,        0,  29.9,   2.6,  29.2,  0.644, -0.009,  0.000,4679702.5,  1,  21.8,   1.2, 0.100
2025-10-01 12:28:11,        0,  29.7,   2.2,  29.2,  0.641, -0.009,  0.000,4679693.2,  1,  21.8,   1.2, 0.100
2025-10-01 12:28:11,        0,  29.8,   2.4,  29.2,  0.637, -0.009,  0.000,4679684.4,  1,  21.8,   1.2, 0.100
2025-10-01 12:28:13,        0,  29.8,   2.5,  29.2,  0.634, -0.010,  0.000,4679673.1,  1,  21.8,   1.1, 0.100
2025-10-01 12:28:14,        0,  29.9,   2.6,  29.2,  0.631, -0.009,  0.000,4679664.7,  1,  21.7,   1.2, 0.100
2025-10-01 12:28:15,        0,  29.7,   2.2,  29.2,  0.628, -0.009,  0.000,4679655.1,  1,  21.7,   1.2, 0.100
2025-10-01 12:28:15,        0,  29.8,   2.4,  29.2,  0.626, -0.009,  0.000,4679645.9,  1,  21.8,   1.2, 0.100
2025-10-01 12:28:17,        0,  29.8,   2.4,  29.2,  0.622, -0.009,  0.000,4679635.0,  1,  21.8,   1.2, 0.100
2025-10-01 12:28:18,        0,  29.9,   2.6,  29.2,  0.620, -0.009,  0.000,4679626.6,  1,  21.8,   1.2, 0.100
2025-10-01 12:28:19,        0,  29.9,   2.6,  29.2,  0.617, -0.009,  0.000,4679617.8,  1,  21.7,   1.2, 0.100
2025-10-01 12:28:19,        0,  29.9,   2.6,  29.3,  0.615, -0.010,  0.000,4679609.0,  1,  21.8,   1.2, 0.100
2025-10-01 12:28:20,        0,  29.9,   2.6,  29.2,  0.614, -0.009,  0.000,4679600.2,  1,  21.8,   1.2, 0.100
2025-10-01 12:28:22,        0,  29.9,   2.6,  29.2,  0.610, -0.009,  0.000,4679589.3,  1,  21.8,   1.2, 0.100
2025-10-01 12:28:23,        0,  29.9,   2.6,  29.2,  0.608, -0.009,  0.000,4679580.5,  1,  21.7,   1.2, 0.100
2025-10-01 12:28:24,        0,  29.8,   2.4,  29.2,  0.605, -0.009,  0.000,4679572.1,  1,  21.7,   1.2, 0.100
2025-10-01 12:28:24,        0,  29.9,   2.6,  29.2,  0.603, -0.009,  0.000,4679563.3,  1,  21.8,   1.2, 0.100
2025-10-01 12:28:26,        0,  29.9,   2.6,  29.2,  1.952,  1.467,  0.007,4680883.9,  1,  21.8,   1.2, 0.100
2025-10-01 12:28:27,        0,  29.9,   2.6,  29.2,  4.734,  4.379,  0.021,4685071.1,  1,  21.7,   1.2, 0.100
2025-10-01 12:28:28,        0,  29.2,   0.5,  29.2,  2.075,  1.005,  0.003,4687804.8,  1,  21.8,   1.2, 0.100
2025-10-01 12:28:28,        0,  29.5,   1.5,  29.2,  1.091,  0.007,  0.000,4687830.4,  1,  21.7,   1.1, 0.100
2025-10-01 12:28:29,        0,  29.3,   0.8,  29.2,  1.016, -0.005,  0.000,4687826.2,  1,  21.8,   1.2, 0.100
2025-10-01 12:28:31,        0,  29.5,   1.5,  29.3,  0.954, -0.008,  0.000,4687816.1,  1,  21.7,   1.1, 0.100
2025-10-01 12:28:32,        0,  29.4,   1.3,  29.2,  0.922, -0.008,  0.000,4687808.6,  1,  21.7,   1.1, 0.100
2025-10-01 12:28:33,        0,  29.4,   1.3,  29.2,  0.879, -0.009,  0.000,4687799.8,  1,  21.7,   1.2, 0.100
2025-10-01 12:28:33,        0,  29.4,   1.2,  29.2,  0.850, -0.008,  0.000,4687792.2,  1,  21.8,   1.2, 0.100
2025-10-01 12:28:35,        0,  29.4,   1.3,  29.2,  0.809, -0.008,  0.000,4687783.4,  1,  21.7,   1.2, 0.100
2025-10-01 12:28:36,        0,  29.4,   1.3,  29.2,  0.787, -0.008,  0.000,4687775.1,  1,  21.7,   1.1, 0.100
2025-10-01 12:28:37,        0,  29.4,   1.2,  29.2,  0.767, -0.008,  0.000,4687767.1,  1,  21.7,   1.1, 0.100
2025-10-01 12:28:37,        0,  29.5,   1.5,  29.2,  0.742, -0.009,  0.000,4687758.7,  1,  21.8,   1.1, 0.100
2025-10-01 12:28:38,        0,  29.4,   1.3,  29.2,  0.728, -0.009,  0.000,4687749.9,  1,  21.7,   1.1, 0.100
2025-10-01 12:28:40,        0,  29.5,   1.5,  29.2,  0.710, -0.009,  0.000,4687739.4,  1,  21.7,   1.1, 0.100
2025-10-01 12:28:41,        0,  29.4,   1.2,  29.2,  0.701, -0.009,  0.000,4687730.2,  1,  21.7,   1.1, 0.100
2025-10-01 12:28:41,        0,  29.4,   1.3,  29.2,  0.691, -0.009,  0.000,4687721.8,  1,  21.7,   1.1, 0.100
2025-10-01 12:28:42,        0,  29.4,   1.3,  29.2,  0.679, -0.009,  0.000,4687713.0,  1,  21.8,   1.2, 0.100
2025-10-01 12:28:44,        0,  29.4,   1.2,  29.2,  0.669, -0.009,  0.000,4687702.6,  1,  21.7,   1.2, 0.100
2025-10-01 12:28:45,        0,  29.5,   1.5,  29.2,  0.662, -0.009,  0.000,4687694.2,  1,  21.7,   1.2, 0.100
2025-10-01 12:28:45,        0,  29.4,   1.3,  29.2,  0.656, -0.009,  0.000,4687685.4,  1,  21.7,   1.1, 0.100
2025-10-01 12:28:46,        0,  29.5,   1.5,  29.3,  0.651, -0.009,  0.000,4687676.6,  1,  21.7,   1.2, 0.100
2025-10-01 12:28:48,        0,  29.5,   1.5,  29.2,  0.642, -0.009,  0.000,4687666.1,  1,  21.7,   1.2, 0.100
2025-10-01 12:28:49,        0,  29.4,   1.3,  29.2,  0.636, -0.009,  0.000,4687657.3,  1,  21.7,   1.2, 0.100
2025-10-01 12:28:49,        0,  29.5,   1.5,  29.2,  0.631, -0.009,  0.000,4687648.9,  1,  21.7,   1.2, 0.100
2025-10-01 12:28:50,        0,  29.6,   1.7,  29.2,  0.628, -0.009,  0.000,4687640.1,  1,  21.7,   1.2, 0.100
2025-10-01 12:28:52,        0,  29.4,   1.3,  29.2,  0.622, -0.009,  0.000,4687630.1,  1,  21.7,   1.2, 0.100
2025-10-01 12:28:53,        0,  29.4,   1.3,  29.2,  0.619, -0.009,  0.000,4687621.7,  1,  21.7,   1.2, 0.100
2025-10-01 12:28:53,        0,  29.5,   1.5,  29.2,  0.614, -0.009,  0.000,4687612.9,  1,  21.7,   1.3, 0.100
2025-10-01 12:28:54,        0,  29.4,   1.3,  29.2,  0.611, -0.009,  0.000,4687604.5,  1,  21.7,   1.3, 0.100
2025-10-01 12:28:56,        0,  29.5,   1.5,  29.2,  0.606, -0.009,  0.000,4687594.0,  1,  21.7,   1.3, 0.100
2025-10-01 12:28:57,        0,  29.6,   1.7,  29.2,  0.604, -0.009,  0.000,4687585.2,  1,  21.7,   1.3, 0.100
2025-10-01 12:28:57,        0,  29.6,   1.7,  29.2,  0.601, -0.008,  0.000,77727001190.2,  1,  21.7,   1.3, 0.100
2025-10-01 12:28:58,        0,  29.5,   1.5,  29.2,  0.597, -0.009,  0.000,4687568.9,  1,  21.7,   1.3, 0.100
2025-10-01 12:29:00,        0,  29.5,   1.5,  29.2,  0.594, -0.008,  0.000,4687559.2,  1,  21.7,   1.3, 0.100
2025-10-01 12:29:01,        0,  29.5,   1.5,  29.2,  0.591, -0.009,  0.000,4687550.9,  1,  21.7,   1.3, 0.100
2025-10-01 12:29:02,        0,  29.4,   1.3,  29.2,  0.589, -0.009,  0.000,4687542.9,  1,  21.7,   1.3, 0.100
2025-10-01 12:29:02,        0,  29.5,   1.5,  29.2,  0.587, -0.009,  0.000,4687534.5,  1,  21.7,   1.3, 0.100
2025-10-01 12:29:04,        0,  29.5,   1.5,  29.2,  0.583, -0.009,  0.000,4687524.4,  1,  21.7,   1.3, 0.100
2025-10-01 12:29:05,        0,  29.6,   1.7,  29.2,  0.581, -0.009,  0.000,77727001190.2,  1,  21.7,   1.3, 0.100
2025-10-01 12:29:06,        0,  29.5,   1.5,  29.2,  0.577, -0.009,  0.000,4687508.1,  1,  21.7,   1.3, 0.100
2025-10-01 12:29:06,        0,  29.6,   1.7,  29.2,  0.575, -0.008,  0.000,4687500.1,  1,  21.7,   1.3, 0.100
2025-10-01 12:29:07,        0,  29.5,   1.5,  29.2,  0.573, -0.009,  0.000,4687491.3,  1,  21.7,   1.3, 0.100
2025-10-01 12:29:09,        0,  29.5,   1.5,  29.2,  0.570, -0.008,  0.000,4687481.7,  1,  21.7,   1.3, 0.100
2025-10-01 12:29:10,        0,  29.5,   1.5,  29.2,  0.568, -0.008,  0.000,4687473.7,  1,  21.7,   1.3, 0.100
2025-10-01 12:29:10,        0,  29.5,   1.5,  29.2,  0.565, -0.008,  0.000,4687465.8,  1,  21.7,   1.3, 0.100
2025-10-01 12:29:11,        0,  29.5,   1.5,  29.2,  0.563, -0.008,  0.000,4687458.2,  1,  21.7,   1.3, 0.100
2025-10-01 12:29:13,        0,  29.6,   1.7,  29.2,  0.560, -0.008,  0.000,4687448.2,  1,  21.7,   1.2, 0.100
2025-10-01 12:29:14,        0,  29.5,   1.5,  29.2,  0.559, -0.008,  0.000,4687440.2,  1,  21.7,   1.2, 0.100
2025-10-01 12:29:15,        0,  29.5,   1.5,  29.2,  0.556, -0.008,  0.000,4687432.7,  1,  21.7,   1.2, 0.100
2025-10-01 12:29:15,        0,  29.6,   1.7,  29.2,  0.554, -0.009,  0.000,4687424.7,  1,  21.7,   1.2, 0.100
2025-10-01 12:29:17,        0,  29.6,   1.7,  29.2,  0.552, -0.008,  0.000,4687415.5,  1,  21.7,   1.2, 0.100
2025-10-01 12:29:18,        0,  29.6,   1.7,  29.2,  0.550, -0.008,  0.000,4687407.9,  1,  21.7,   1.2, 0.100
2025-10-01 12:29:19,        0,  29.6,   1.7,  29.2,  0.549, -0.008,  0.000,4687400.0,  1,  21.7,   1.2, 0.100
2025-10-01 12:29:19,        0,  29.6,   1.7,  29.2,  0.547, -0.008,  0.000,4687392.4,  1,  21.7,   1.2, 0.100
2025-10-01 12:29:20,        0,  29.6,   1.7,  29.2,  0.546, -0.008,  0.000,4687384.1,  1,  21.7,   1.2, 0.100
2025-10-01 12:29:22,        0,  29.6,   1.7,  29.2,  0.545, -0.008,  0.000,4687375.2,  1,  21.7,   1.2, 0.100
2025-10-01 12:29:23,        0,  29.5,   1.5,  29.2,  0.543, -0.008,  0.000,4687366.9,  1,  21.7,   1.2, 0.100
2025-10-01 12:29:24,        0,  29.5,   1.5,  29.2,  0.542, -0.008,  0.000,4687359.3,  1,  21.7,   1.2, 0.100
2025-10-01 12:29:24,        0,  29.6,   1.7,  29.2,  0.540, -0.008,  0.000,4687351.4,  1,  21.7,   1.2, 0.100
2025-10-01 12:29:26,        0,  29.6,   1.7,  29.2,  0.539, -0.008,  0.000,4687342.1,  1,  21.7,   1.2, 0.100
2025-10-01 12:29:27,        0,  29.6,   1.7,  29.2,  0.537, -0.009,  0.000,4687334.2,  1,  21.7,   1.2, 0.100
2025-10-01 12:29:28,        0,  29.5,   1.5,  29.2,  0.536, -0.008,  0.000,4687326.6,  1,  21.7,   1.2, 0.100
2025-10-01 12:29:28,        0,  29.6,   1.7,  29.2,  0.536, -0.008,  0.000,4687318.7,  1,  21.7,   1.2, 0.100
2025-10-01 12:29:29,        0,  29.6,   1.7,  29.2,  0.534, -0.008,  0.000,4687311.1,  1,  21.7,   1.2, 0.100
2025-10-01 12:29:31,        0,  29.6,   1.7,  29.2,  0.532, -0.008,  0.000,4687301.9,  1,  21.7,   1.2, 0.100
2025-10-01 12:29:32,        0,  29.6,   1.7,  29.2,  0.531, -0.008,  0.000,4687293.9,  1,  21.7,   1.2, 0.100
2025-10-01 12:29:32,        0,  29.6,   1.7,  29.2,  0.530, -0.008,  0.000,4687286.4,  1,  21.7,   1.2, 0.100
2025-10-01 12:29:33,        0,  29.5,   1.5,  29.2,  0.527, -0.008,  0.000,4687279.3,  1,  21.7,   1.2, 0.100
2025-10-01 12:29:35,        0,  29.5,   1.5,  29.2,  0.526, -0.007,  0.000,4687270.1,  1,  21.7,   1.1, 0.100
2025-10-01 12:29:36,        0,  29.6,   1.7,  29.2,  0.524, -0.008,  0.000,4687262.5,  1,  21.7,   1.1, 0.100
2025-10-01 12:29:37,        0,  29.6,   1.7,  29.2,  0.522, -0.008,  0.000,4687255.0,  1,  21.7,   1.2, 0.100
2025-10-01 12:29:37,        0,  29.6,   1.7,  29.2,  0.520, -0.007,  0.000,4687247.8,  1,  21.7,   1.1, 0.100
2025-10-01 12:29:39,        0,  29.6,   1.7,  29.2,  0.519, -0.008,  0.000,4687238.2,  1,  21.7,   1.1, 0.100
2025-10-01 12:29:40,        0,  29.5,   1.5,  29.2,  0.518, -0.008,  0.000,4687230.7,  1,  21.7,   1.1, 0.100
2025-10-01 12:29:41,        0,  29.6,   1.7,  29.2,  0.517, -0.008,  0.000,4687222.3,  1,  21.7,   1.1, 0.100
2025-10-01 12:29:41,        0,  29.6,   1.7,  29.2,  0.516, -0.008,  0.000,4687215.2,  1,  21.7,   1.1, 0.100
2025-10-01 12:29:42,        0,  29.6,   1.7,  29.2,  0.516, -0.008,  0.000,4687207.6,  1,  21.7,   1.1, 0.100
2025-10-01 12:29:44,        0,  29.6,   1.7,  29.2,  0.515, -0.008,  0.000,4687198.0,  1,  21.7,   1.1, 0.100
2025-10-01 12:29:45,        0,  29.6,   1.7,  29.2,  0.513, -0.008,  0.000,4687190.8,  1,  21.7,   1.1, 0.100
2025-10-01 12:29:46,        0,  29.6,   1.7,  29.2,  0.511, -0.008,  0.000,4687183.7,  1,  21.7,   1.1, 0.100
2025-10-01 12:29:46,        0,  29.6,   1.7,  29.2,  0.510, -0.008,  0.000,4687176.6,  1,  21.7,   1.1, 0.100
2025-10-01 12:29:48,        0,  29.6,   1.7,  29.2,  0.508, -0.008,  0.000,4687167.8,  1,  21.7,   1.0, 0.100
2025-10-01 12:29:49,        0,  29.6,   1.7,  29.2,  0.507, -0.008,  0.000,4687160.7,  1,  21.7,   1.1, 0.100
2025-10-01 12:29:50,        0,  29.6,   1.7,  29.2,  0.505, -0.007,  0.000,4687153.5,  1,  21.7,   1.1, 0.100
2025-10-01 12:29:50,        0,  29.5,   1.5,  29.2,  0.504, -0.007,  0.000,4687145.6,  1,  21.7,   1.1, 0.100
2025-10-01 12:29:51,        0,  29.6,   1.7,  29.2,  0.504, -0.008,  0.000,4687138.0,  1,  21.7,   1.1, 0.100
2025-10-01 12:29:53,        0,  29.6,   1.7,  29.2,  0.501, -0.008,  0.000,4687129.7,  1,  21.7,   1.1, 0.100
2025-10-01 12:29:54,        0,  29.6,   1.7,  29.2,  0.501, -0.008,  0.000,4687122.5,  1,  21.7,   1.2, 0.100
2025-10-01 12:29:55,        0,  29.6,   1.7,  29.2,  0.500, -0.007,  0.000,4687115.8,  1,  21.7,   1.1, 0.100
2025-10-01 12:29:56,        0,  29.6,   1.7,  29.2,  0.499, -0.007,  0.000,4687107.9,  1,  21.7,   1.1, 0.100
2025-10-01 12:29:56,        0,  29.6,   1.7,  29.2,  0.499, -0.007,  0.000,4687100.7,  1,  21.7,   1.2, 0.100
2025-10-01 12:29:58,        0,  29.6,   1.7,  29.2,  0.497, -0.007,  0.000,4687092.4,  1,  21.7,   1.1, 0.100
2025-10-01 12:29:59,        0,  29.6,   1.7,  29.2,  0.496, -0.007,  0.000,4687085.2,  1,  21.7,   1.1, 0.100
2025-10-01 12:30:00,        0,  29.5,   1.5,  29.2,  0.494, -0.007,  0.000,4687078.1,  1,  21.7,   1.1, 0.100
2025-10-01 12:30:00,        0,  29.6,   1.7,  29.2,  0.493, -0.007,  0.000,4687071.4,  1,  21.7,   1.2, 0.100
2025-10-01 12:30:01,        0,  29.6,   1.7,  29.2,  0.492, -0.007,  0.000,4687064.3,  1,  21.7,   1.2, 0.100
2025-10-01 12:30:03,        0,  29.6,   1.7,  29.2,  0.491, -0.008,  0.000,4687055.1,  1,  21.7,   1.2, 0.100
2025-10-01 12:30:04,        0,  29.6,   1.7,  29.2,  0.490, -0.007,  0.000,4687048.4,  1,  21.7,   1.1, 0.100
2025-10-01 12:30:04,        0,  29.6,   1.9,  29.2,  0.489, -0.007,  0.000,4687041.2,  1,  21.7,   1.2, 0.100
2025-10-01 12:30:05,        0,  29.6,   1.9,  29.2,  0.488, -0.007,  0.000,4687034.5,  1,  21.7,   1.2, 0.100
2025-10-01 12:30:07,        0,  29.6,   1.9,  29.2,  0.485, -0.007,  0.000,4687025.7,  1,  21.7,   1.2, 0.100
2025-10-01 12:30:08,        0,  29.6,   1.7,  29.2,  0.484, -0.007,  0.000,4687019.0,  1,  21.7,   1.2, 0.100
2025-10-01 12:30:09,        0,  29.5,   1.5,  29.2,  0.482, -0.007,  0.000,4687011.9,  1,  21.7,   1.2, 0.100
2025-10-01 12:30:09,        0,  29.6,   1.9,  29.2,  0.482, -0.007,  0.000,4687005.2,  1,  21.7,   1.2, 0.100
2025-10-01 12:30:11,        0,  29.6,   1.9,  29.2,  0.481, -0.008,  0.000,4686996.0,  1,  21.7,   1.2, 0.100
2025-10-01 12:30:12,        0,  29.6,   1.7,  29.2,  0.481, -0.007,  0.000,4686989.3,  1,  21.7,   1.2, 0.100
2025-10-01 12:30:13,        0,  29.6,   1.7,  29.2,  0.479, -0.007,  0.000,4686982.1,  1,  21.7,   1.2, 0.100
2025-10-01 12:30:13,        0,  29.6,   1.7,  29.2,  0.479, -0.007,  0.000,4686975.4,  1,  21.7,   1.2, 0.100
2025-10-01 12:30:14,        0,  29.6,   1.9,  29.2,  0.478, -0.007,  0.000,4686968.7,  1,  21.7,   1.2, 0.100
2025-10-01 12:30:16,        0,  29.6,   1.9,  29.2,  0.476, -0.007,  0.000,4686960.3,  1,  21.7,   1.2, 0.100
2025-10-01 12:30:17,        0,  29.6,   1.9,  29.2,  0.474, -0.007,  0.000,4686953.6,  1,  21.7,   1.2, 0.100
2025-10-01 12:30:18,        0,  29.6,   1.9,  29.2,  0.473, -0.007,  0.000,4686946.5,  1,  21.7,   1.1, 0.100
2025-10-01 12:30:18,        0,  29.6,   1.9,  29.2,  0.473, -0.007,  0.000,4686939.4,  1,  21.7,   1.2, 0.100
2025-10-01 12:30:20,        0,  29.6,   1.7,  29.2,  0.470, -0.007,  0.000,4686931.0,  1,  21.7,   1.1, 0.100
2025-10-01 12:30:21,        0,  29.6,   1.7,  29.2,  0.470, -0.007,  0.000,4686924.3,  1,  21.7,   1.2, 0.100
2025-10-01 12:30:22,        0,  29.6,   1.9,  29.2,  0.469, -0.007,  0.000,4686917.2,  1,  21.7,   1.1, 0.100
2025-10-01 12:30:22,        0,  29.6,   1.9,  29.2,  0.468, -0.007,  0.000,4686910.5,  1,  21.7,   1.1, 0.100
2025-10-01 12:30:23,        0,  29.6,   1.9,  29.2,  0.468, -0.007,  0.000,4686903.8,  1,  21.7,   1.1, 0.100
2025-10-01 12:30:25,        0,  29.6,   1.9,  29.2,  0.466, -0.007,  0.000,4686895.8,  1,  21.7,   1.1, 0.100
2025-10-01 12:30:26,        0,  29.6,   1.7,  29.2,  0.465, -0.007,  0.000,4686889.1,  1,  21.7,   1.1, 0.100
2025-10-01 12:30:26,        0,  29.6,   1.7,  29.2,  0.465, -0.007,  0.000,4686882.0,  1,  21.7,   1.1, 0.100
2025-10-01 12:30:27,        0,  29.6,   1.9,  29.2,  0.464, -0.007,  0.000,4686875.7,  1,  21.7,   1.1,-1.000
2025-10-01 12:30:29,        0,  29.6,   1.9,  29.2,  0.463, -0.007,  0.000,4686867.7,  1,  21.7,   1.1, 0.100
2025-10-01 12:30:30,        0,  29.6,   1.7,  29.2,  0.462, -0.007,  0.000,4686860.6,  1,  21.7,   1.1, 0.100
2025-10-01 12:30:31,        0,  29.6,   1.9,  29.2,  0.460, -0.007,  0.000,4686853.9,  1,  21.7,   1.1, 0.100
2025-10-01 12:30:31,        0,  29.5,   1.5,  29.2,  0.459, -0.007,  0.000,4686847.2,  1,  21.7,   1.1, 0.100
2025-10-01 12:30:33,        0,  29.6,   1.9,  29.2,  0.458, -0.006,  0.000,4686839.2,  1,  21.7,   1.0, 0.100
2025-10-01 12:30:34,        0,  29.6,   1.9,  29.2,  0.458, -0.007,  0.000,4686832.5,  1,  21.7,   1.0, 0.100
2025-10-01 12:30:35,        0,  29.6,   1.9,  29.2,  0.457, -0.007,  0.000,4686825.8,  1,  21.7,   1.0, 0.100
2025-10-01 12:30:35,        0,  29.6,   1.9,  29.2,  0.456, -0.007,  0.000,4686819.1,  1,  21.7,   1.0, 0.100
2025-10-01 12:30:37,        0,  29.6,   1.9,  29.2,  0.455, -0.007,  0.000,4686811.1,  1,  21.7,   1.0, 0.100
2025-10-01 12:30:38,        0,  29.6,   1.7,  29.2,  0.454, -0.007,  0.000,4686804.4,  1,  21.7,   1.0, 0.100
2025-10-01 12:30:39,        0,  29.6,   1.9,  29.2,  0.453, -0.007,  0.000,4686798.2,  1,  21.7,   1.0, 0.100
2025-10-01 12:30:39,        0,  29.6,   1.9,  29.2,  0.451, -0.007,  0.000,4686791.9,  1,  21.7,   1.0, 0.100
2025-10-01 12:30:41,        0,  29.6,   1.7,  29.2,  0.450, -0.007,  0.000,4686783.9,  1,  21.7,   1.0, 0.100
2025-10-01 12:30:42,        0,  29.6,   1.9,  29.2,  0.450, -0.007,  0.000,4686777.6,  1,  21.7,   1.0, 0.100
2025-10-01 12:30:43,        0,  29.6,   1.9,  29.2,  0.449, -0.007,  0.000,4686771.3,  1,  21.7,   1.0, 0.100
2025-10-01 12:30:43,        0,  29.6,   1.9,  29.2,  0.448, -0.007,  0.000,4686764.6,  1,  21.7,   1.0, 0.100
2165-165-165 45:165:85,        0,  29.6,   1.9,  29.2,  0.447, -0.006,  0.000,4686757.5,  1,  21.7,   1.1, 0.100
2025-10-01 12:30:46,        0,  29.7,   2.0,  29.2,  0.444, -0.007,  0.000,4686751.2,  1,  21.7,   1.1, 0.100
2025-10-01 12:30:47,        0,  29.6,   1.9,  29.2,  0.443, -0.006,  0.000,4686745.8,  1,  21.7,   1.0, 0.100
2025-10-01 12:30:47,        0,  29.6,   1.9,  29.2,  0.441, -0.007,  0.000,4686739.1,  1,  21.7,   1.0, 0.100
2025-10-01 12:30:49,        0,  29.6,   1.9,  29.2,  0.440, -0.007,  0.000,4686731.5,  1,  21.7,   1.1, 0.100
2025-10-01 12:30:50,        0,  29.6,   1.9,  29.2,  0.438, -0.006,  0.000,4686725.2,  1,  21.7,   1.1, 0.100
2025-10-01 12:30:51,        0,  29.6,   1.9,  29.2,  0.437, -0.006,  0.000,4686718.9,  1,  21.7,   1.1, 0.100
2025-10-01 12:30:51,        0,  29.6,   1.9,  29.2,  0.436, -0.006,  0.000,4686712.7,  1,  21.7,   1.1, 0.100
2025-10-01 12:30:53,        0,  29.6,   1.9,  29.2,  0.435, -0.007,  0.000,4686705.5,  1,  21.7,   1.1, 0.100
2025-10-01 12:30:54,        0,  29.6,   1.9,  29.2,  0.434, -0.007,  0.000,4686699.2,  1,  21.7,   1.1, 0.100
2025-10-01 12:30:55,        0,  29.6,   1.9,  29.2,  0.433, -0.007,  0.000,4686693.4,  1,  21.7,   1.1, 0.100
2025-10-01 12:30:55,        0,  29.6,   1.9,  29.2,  0.432, -0.007,  0.000,4686687.1,  1,  21.7,   1.1, 0.100
2025-10-01 12:30:56,        0,  29.6,   1.9,  29.2,  0.431, -0.006,  0.000,4686681.2,  1,  21.7,   1.1, 0.100
2025-10-01 12:30:58,        0,  29.6,   1.9,  29.2,  0.429, -0.006,  0.000,4686674.1,  1,  21.7,   1.1, 0.100
2025-10-01 12:30:59,        0,  29.6,   1.7,  29.2,  0.428, -0.007,  0.000,4686667.4,  1,  21.7,   1.1, 0.100
2025-10-01 12:31:00,        0,  29.7,   2.0,  29.2,  0.427, -0.007,  0.000,4686661.1,  1,  21.7,   1.1, 0.100
2025-10-01 12:31:00,        0,  29.6,   1.9,  29.2,  0.426, -0.007,  0.000,4686655.2,  1,  21.7,   1.1, 0.100
2025-10-01 12:31:02,        0,  29.6,   1.7,  29.2,  0.425, -0.007,  0.000,4686647.3,  1,  21.7,   1.1, 0.100
2025-10-01 12:31:03,        0,  29.6,   1.9,  29.2,  0.424, -0.006,  0.000,4686641.4,  1,  21.7,   1.1, 0.100
2025-10-01 12:31:04,        0,  29.6,   1.9,  29.2,  0.424, -0.007,  0.000,4686635.1,  1,  21.7,   1.1, 0.100
2025-10-01 12:31:04,        0,  29.6,   1.9,  29.2,  0.423, -0.007,  0.000,4686628.8,  1,  21.7,   1.1, 0.100
2025-10-01 12:31:05,        0,  29.6,   1.7,  29.2,  0.421, -0.006,  0.000,4686623.0,  1,  21.7,   1.1, 0.100
2025-10-01 12:31:07,        0,  29.6,   1.9,  29.2,  0.420, -0.006,  0.000,4686615.8,  1,  21.7,   1.1, 0.100
2025-10-01 12:31:08,        0,  29.6,   1.9,  29.2,  0.418, -0.006,  0.000,4686609.6,  1,  21.7,   1.1, 0.100
2025-10-01 12:31:09,        0,  29.6,   1.9,  29.2,  0.418, -0.006,  0.000,4686604.1,  1,  21.7,   1.1, 0.100
2025-10-01 12:31:09,        0,  29.6,   1.9,  29.2,  0.417, -0.006,  0.000,4686598.2,  1,  21.7,   1.1, 0.100
2025-10-01 12:31:11,        0,  29.6,   1.7,  29.2,  0.416, -0.006,  0.000,4686591.1,  1,  21.7,   1.1, 0.100
2025-10-01 12:31:12,        0,  29.6,   1.9,  29.2,  0.415, -0.006,  0.000,4686584.8,  1,  21.7,   1.1, 0.100
2025-10-01 12:31:13,        0,  29.6,   1.9,  29.2,  0.414, -0.006,  0.000,4686578.5,  1,  21.7,   1.1, 0.100
2025-10-01 12:31:13,        0,  29.6,   1.9,  29.2,  0.413, -0.006,  0.000,4686573.1,  1,  21.7,   1.1, 0.100
2025-10-01 12:31:14,        0,  29.7,   2.0,  29.2,  0.412, -0.006,  0.000,4686567.2,  1,  21.7,   1.1, 0.100
2025-10-01 12:31:16,        0,  29.6,   1.9,  29.2,  0.411, -0.006,  0.000,4686560.1,  1,  21.7,   1.1, 0.100
2025-10-01 12:31:17,        0,  29.6,   1.9,  29.2,  0.410, -0.006,  0.000,4686554.2,  1,  21.7,   1.1, 0.100
2025-10-01 12:31:18,        0,  29.6,   1.9,  29.2,  0.409, -0.006,  0.000,4686548.8,  1,  21.7,   1.1, 0.100
2025-10-01 12:31:18,        0,  29.6,   1.9,  29.2,  0.409, -0.006,  0.000,4686542.9,  1,  21.7,   1.1, 0.100
2025-10-01 12:31:20,        0,  29.6,   1.9,  29.2,  0.407, -0.007,  0.000,4686535.4,  1,  21.7,   1.1, 0.100
2025-10-01 12:31:21,        0,  29.7,   2.0,  29.2,  0.406, -0.006,  0.000,4686529.9,  1,  21.7,   1.1, 0.100
2025-10-01 12:31:22,        0,  29.6,   1.7,  29.2,  0.404, -0.007,  0.000,4686524.1,  1,  21.7,   1.1, 0.100
2025-10-01 12:31:22,        0,  29.6,   1.9,  29.2,  0.403, -0.006,  0.000,4686518.2,  1,  21.7,   1.1, 0.100
2025-10-01 12:31:24,        0,  29.6,   1.9,  29.2,  0.402, -0.006,  0.000,4686511.1,  1,  21.7,   1.1, 0.100
2025-10-01 12:31:25,        0,  29.6,   1.9,  29.2,  0.401, -0.006,  0.000,4686505.6,  1,  21.7,   1.1, 0.100
2025-10-01 12:31:26,        0,  29.6,   1.9,  29.2,  0.399, -0.005,  0.000,4686500.2,  1,  21.7,   1.1, 0.100
2025-10-01 12:31:26,        0,  29.6,   1.9,  29.2,  0.399, -0.006,  0.000,4686494.3,  1,  21.7,   1.1, 0.100
2025-10-01 12:31:27,        0,  29.6,   1.9,  29.2,  0.398, -0.006,  0.000,4686488.4,  1,  21.7,   1.1, 0.100
2025-10-01 12:31:29,        0,  29.6,   1.9,  29.2,  0.397, -0.006,  0.000,4686481.3,  1,  21.7,   1.1, 0.100
2025-10-01 12:31:30,        0,  29.7,   2.0,  29.2,  0.396, -0.006,  0.000,4686476.3,  1,  21.7,   1.1, 0.100
2025-10-01 12:31:31,        0,  29.6,   1.9,  29.2,  0.396, -0.006,  0.000,4686470.4,  1,  21.7,   1.1, 0.100
2025-10-01 12:31:31,        0,  29.6,   1.9,  29.2,  0.394, -0.006,  0.000,4686464.1,  1,  21.7,   1.1, 0.100
2025-10-01 12:31:33,        0,  29.6,   1.9,  29.2,  0.393, -0.006,  0.000,4686458.3,  1,  21.7,   1.1, 0.100
