Time, Cnts,  %T, set_Cell[mA], Cell[°C], Cell[Volt], Cell[mA], Cell[W], Cell[uAs], Cell_ON, Env[°C], TEC[°C], N2Flow[slpm]
2025-10-16 15:32:10,        0,  29.8,   2.4,  25.3,  0.156, -0.002,  0.000,     -1.1,  1,  21.7,   0.9, 0.100
2025-10-16 15:32:11,        0,  29.8,   2.4,  25.3,  0.156, -0.002,  0.000,     -3.4,  1,  21.7,   1.0, 0.100
2025-10-16 15:32:12,        0,  29.7,   2.2,  25.3,  0.156, -0.002,  0.000,     -5.4,  1,  21.7,   1.0, 0.100
2025-10-16 15:32:13,        0,  29.8,   2.4,  25.3,  0.155, -0.002,  0.000,     -7.4,  1,  21.7,   1.0, 0.100
2025-10-16 15:32:14,        0,  29.8,   2.4,  25.3,  0.156, -0.002,  0.000,     -9.2,  1,  21.7,   1.0, 0.098
2025-10-16 15:32:15,        0,  29.8,   2.4,  25.3,  0.156, -0.002,  0.000,    -11.7,  1,  21.7,   1.0, 0.096
2025-10-16 15:32:16,        0,  29.8,   2.4,  25.3,  0.155, -0.002,  0.000,    -13.7,  1,  21.7,   1.0, 0.096
2025-10-16 15:32:17,        0,  29.8,   2.4,  25.3,  0.156, -0.002,  0.000,    -15.7,  1,  21.7,   1.0, 0.095
2025-10-16 15:32:18,        0,  29.9,   2.6,  25.3,  0.156, -0.002,  0.000,    -17.5,  1,  21.7,   1.0, 0.095
2025-10-16 15:32:19,        0,  29.8,   2.4,  25.3,  0.156, -0.002,  0.000,    -20.0,  1,  21.7,   1.0, 0.095
2025-10-16 15:32:20,        0,  29.8,   2.4,  25.3,  0.156, -0.002,  0.000,    -22.3,  1,  21.7,   1.0, 0.095
2025-10-16 15:32:21,        0,  29.8,   2.4,  25.3,  0.156, -0.002,  0.000,    -24.3,  1,  21.7,   1.1, 0.095
2025-10-16 15:32:22,        0,  29.8,   2.4,  25.3,  0.155, -0.003,  0.000,    -26.6,  1,  21.7,   1.0, 0.095
2025-10-16 15:32:23,        0,  29.9,   2.6,  25.3,  0.156, -0.002,  0.000,    -29.2,  1,  21.7,   1.0, 0.096
2025-10-16 15:32:24,        0,  29.8,   2.4,  25.3,  0.155, -0.002,  0.000,    -31.2,  1,  21.7,   1.1, 0.096
2025-10-16 15:32:25,        0,  29.9,   2.6,  25.3,  0.156, -0.002,  0.000,    -33.2,  1,  21.7,   1.0, 0.097
2025-10-16 15:32:26,        0,  30.0,   2.9,  25.3,  5.810,  4.225,  0.025,   1955.5,  1,  21.7,   1.0, 0.097
2025-10-16 15:32:27,        0,  30.4,   4.3,  25.3,  6.298,  4.511,  0.028,   7488.7,  1,  21.7,   1.1, 0.098
2025-10-16 15:32:28,        0,  30.2,   3.6,  25.3,  7.056,  5.226,  0.037,  12683.5,  1,  21.7,   1.1, 0.098
2025-10-16 15:32:29,        0,  30.7,   5.2,  25.3,  8.801,  6.890,  0.062,  18417.0,  1,  21.7,   1.1, 0.098
2025-10-16 15:32:30,        0,  30.6,   4.7,  25.3,  9.578,  7.625,  0.073,  25801.0,  1,  21.7,   1.1, 0.098
2025-10-16 15:32:31,        0,  31.7,   8.0,  25.3, 12.024,  9.963,  0.121,  33930.9,  1,  21.7,   1.1, 0.099
2025-10-16 15:32:32,        0,  32.0,   9.0,  25.3, 13.394, 11.276,  0.152,  46592.6,  1,  21.7,   1.1, 0.099
2025-10-16 15:32:33,        0,  33.9,  14.6,  25.3, 13.792, 11.635,  0.161,  57633.0,  1,  21.7,   1.1, 0.100
2025-10-16 15:32:34,        0,  33.8,  14.4,  25.3, 18.473, 16.120,  0.298,  73061.4,  1,  21.7,   1.0, 0.103
2025-10-16 15:32:35,        0,  33.6,  13.9,  25.3, 20.422, 17.974,  0.368,  90558.0,  1,  21.8,   1.1, 0.302
2025-10-16 15:32:36,        0,  35.0,  18.1,  25.3, 25.924, 23.296,  0.604, 114935.9,  1,  21.7,   1.1, 0.116
2025-10-16 15:32:37,        0,  35.6,  19.8,  25.3, 27.719, 25.090,  0.696, 137500.5,  1,  21.7,   1.0, 0.100
2025-10-16 15:32:38,        0,  39.0,  30.0,  25.3, 31.805, 29.066,  0.932, 163834.2,  1,  21.7,   1.0, 0.098
2025-10-16 15:32:39,        0,  39.1,  30.2,  25.3, 38.241, 35.532,  1.359, 197610.9,  1,  21.7,   1.0, 0.098
2025-10-16 15:32:40,        0,  39.6,  31.7,  25.3, 40.492, 37.868,  1.534, 239524.6,  1,  21.7,   1.0, 0.098
2025-10-16 15:32:41,        0,  43.1,  42.2,  25.3, 40.932, 38.422,  1.579, 277153.3,  1,  21.7,   1.0, 0.099
2025-10-16 15:32:42,        0,  39.6,  31.9,  25.3, 40.210, 37.815,  1.521, 317680.3,  1,  21.7,   1.0, 0.099
2025-10-16 15:32:43,        0,  41.8,  38.4,  25.3, 46.464, 44.009,  2.048, 356690.9,  1,  21.7,   1.0, 0.099
2025-10-16 15:32:44,        0,  41.9,  38.7,  25.3, 46.785, 43.979,  2.058, 405775.8,  1,  21.7,   1.0, 0.100
2025-10-16 15:32:45,        0,  44.4,  46.1,  25.3, 52.125, 48.837,  2.546, 450973.9,  1,  21.7,   1.0, 0.100
2025-10-16 15:32:46,        0,  43.5,  43.6,  25.3, 52.272, 48.538,  2.540, 497767.6,  1,  21.7,   1.0, 0.100
2025-10-16 15:32:47,        0,  44.2,  45.6,  25.3, 54.008, 49.324,  2.667, 543337.2,  1,  21.7,   1.0, 0.100
2025-10-16 15:32:48,        0,  44.9,  47.7,  25.3, 54.663, 49.090,  2.691, 601803.9,  1,  21.7,   1.0, 0.100
2025-10-16 15:32:49,        0,  43.8,  44.5,  25.3, 55.444, 48.907,  2.716, 648325.0,  1,  21.7,   1.0, 0.100
2025-10-16 15:32:50,        0,  44.6,  46.8,  25.3, 61.122, 53.726,  3.290, 698256.1,  1,  21.7,   1.0, 0.100
2025-10-16 15:32:51,        0,  45.8,  50.5,  25.4, 57.173, 49.818,  2.852, 747808.8,  1,  21.7,   1.1, 0.115
2025-10-16 15:32:52,        0,  45.5,  49.6,  25.3, 58.673, 50.693,  2.979, 807277.4,  1,  21.7,   1.0, 0.107
2025-10-16 15:32:53,        0,  40.6,  34.9,  25.3, 52.478, 45.038,  2.416, 852666.1,  1,  21.7,   1.0, 0.099
2025-10-16 15:32:54,        0,  39.7,  32.1,  25.3, 45.506, 38.518,  1.766, 890988.1,  1,  21.7,   1.0, 0.094
2025-10-16 15:32:55,        0,  40.7,  35.1,  25.3, 48.685, 41.210,  2.024, 928803.9,  1,  21.7,   1.0, 0.095
2025-10-16 15:32:56,        0,  42.7,  41.2,  25.3, 45.136, 37.805,  1.712, 964916.9,  1,  21.7,   1.0, 0.095
2025-10-16 15:32:57,        0,  40.4,  34.2,  25.3, 50.987, 42.618,  2.175,1013940.0,  1,  21.7,   1.0, 0.096
2025-10-16 15:32:58,        0,  41.0,  35.9,  25.4, 44.544, 36.922,  1.650,1047735.2,  1,  21.7,   1.0, 0.096
2025-10-16 15:32:59,        0,  41.6,  37.7,  25.3, 42.941, 35.832,  1.551,1082225.4,  1,  21.7,   1.0, 0.097
2025-10-16 15:33:00,        0,  41.6,  37.7,  25.4, 39.506, 33.239,  1.341,1121701.8,  1,  21.7,   1.0, 0.097
2025-10-16 15:33:01,        0,  40.2,  33.5,  25.3, 45.476, 37.834,  1.725,1159276.8,  1,  21.7,   1.0, 0.098
2025-10-16 15:33:02,        0,  39.5,  31.6,  25.3, 45.939, 38.125,  1.760,1194271.7,  1,  21.7,   1.0, 0.098
2025-10-16 15:33:03,        0,  37.7,  26.0,  25.4, 45.373, 37.588,  1.707,1228561.0,  1,  21.7,   1.0, 0.098
2025-10-16 15:33:04,        0,  40.9,  35.6,  25.4, 49.178, 40.984,  2.018,1273387.3,  1,  21.7,   1.0, 0.098
2025-10-16 15:33:05,        0,  40.5,  34.5,  25.4, 47.847, 39.704,  1.900,1310192.6,  1,  21.7,   1.0, 0.099
2025-10-16 15:33:06,        0,  42.3,  40.0,  25.4, 43.385, 35.802,  1.554,77727001190.2,  1,  21.7,   1.0, 0.099
2025-10-16 15:33:07,        0,  39.9,  32.6,  25.4, 46.936, 38.749,  1.821,1382577.4,  1,  21.7,   1.0, 0.099
2025-10-16 15:33:08,        0,  41.6,  37.8,  25.4, 41.052, 33.900,  1.398,1423094.3,  1,  21.7,   1.0, 0.099
2025-10-16 15:33:09,        0,  40.7,  35.1,  25.3, 48.232, 39.865,  1.947,1459442.7,  1,  21.7,   1.0, 0.099
2025-10-16 15:33:10,        0,  40.4,  34.2,  25.4, 46.410, 38.223,  1.775,1495281.3,  1,  21.7,   1.0, 0.099
2025-10-16 15:33:11,        0,  41.2,  36.5,  25.4, 44.246, 36.330,  1.623,1530499.5,  1,  21.7,   1.0, 0.099
2025-10-16 15:33:12,        0,  37.6,  25.8,  25.4, 38.883, 31.712,  1.254,1569937.3,  1,  21.7,   1.0, 0.100
2025-10-16 15:33:13,        0,  41.0,  35.9,  25.4, 43.407, 35.853,  1.557,1601614.5,  1,  21.7,   1.0, 0.100
2025-10-16 15:33:14,        0,  40.2,  33.7,  25.5, 47.217, 39.059,  1.848,1638053.5,  1,  21.7,   0.9, 0.100
2025-10-16 15:33:15,        0,  39.2,  30.5,  25.4, 43.537, 35.743,  1.559,1673185.5,  1,  21.7,   0.9, 0.100
2025-10-16 15:33:16,        0,  39.1,  30.3,  25.4, 45.570, 37.394,  1.706,1714441.0,  1,  21.7,   0.9, 0.100
2025-10-16 15:33:17,        0,  39.9,  32.8,  25.4, 46.999, 38.620,  1.819,1750112.5,  1,  21.7,   0.9, 0.100
2025-10-16 15:33:18,        0,  41.3,  36.8,  25.4, 48.529, 39.858,  1.944,1787228.2,  1,  21.7,   0.9, 0.100
2025-10-16 15:33:19,        0,  39.1,  30.3,  25.5, 44.554, 36.420,  1.634,1823366.7,  1,  21.7,   0.9, 0.100
2025-10-16 15:33:20,        0,  41.9,  38.7,  25.4, 54.263, 44.630,  2.424,1870558.9,  1,  21.7,   0.9, 0.100
2025-10-16 15:33:21,        0,  40.6,  34.9,  25.4, 53.029, 43.537,  2.310,1911273.8,  1,  21.7,   0.9, 0.100
2025-10-16 15:33:22,        0,  41.1,  36.3,  25.4, 53.666, 44.088,  2.366,1950832.0,  1,  21.7,   0.9, 0.100
2025-10-16 15:33:23,        0,  42.2,  39.5,  25.5, 45.052, 36.802,  1.672,1987847.5,  1,  21.7,   0.9, 0.100
2025-10-16 15:33:24,        0,  42.6,  40.8,  25.5, 58.312, 48.088,  2.809,2041343.8,  1,  21.7,   0.9, 0.100
2025-10-16 15:33:25,        0,  40.0,  33.1,  25.4, 56.315, 46.333,  2.612,2085661.4,  1,  21.7,   0.8, 0.100
2025-10-16 15:33:26,        0,  42.6,  40.7,  25.4, 53.785, 44.118,  2.389,2126727.1,  1,  21.7,   0.8, 0.100
2025-10-16 15:33:27,        0,  44.4,  46.3,  25.5, 60.331, 49.837,  3.010,2172850.4,  1,  21.7,   0.8, 0.100
2025-10-16 15:33:28,        0,  44.9,  47.7,  25.5, 63.245, 52.481,  3.327,2221169.1,  1,  21.7,   0.8, 0.100
2025-10-16 15:33:29,        0,  44.1,  45.2,  25.5, 58.496, 48.367,  2.835,2279099.4,  1,  21.7,   0.8, 0.100
2025-10-16 15:33:30,        0,  39.7,  32.1,  25.5, 61.082, 50.543,  3.097,2325580.6,  1,  21.7,   0.8, 0.100
2025-10-16 15:33:31,        0,  43.3,  42.9,  25.5, 59.163, 48.742,  2.959,2368459.9,  1,  21.7,   0.8, 0.100
2025-10-16 15:33:32,        0,  45.3,  48.9,  25.5, 63.336, 52.354,  3.318,2416856.8,  1,  21.7,   0.9, 0.100
2025-10-16 15:33:33,        0,  45.7,  50.1,  25.5, 65.418, 54.271,  3.562,2478995.8,  1,  21.7,   0.8, 0.100
2025-10-16 15:33:34,        0,  45.7,  50.1,  25.5, 57.695, 47.631,  2.782,2527781.7,  1,  21.7,   0.8, 0.100
2025-10-16 15:33:35,        0,  45.2,  48.7,  25.5, 67.099, 55.751,  3.741,2580973.9,  1,  21.7,   0.8, 0.100
2025-10-16 15:33:36,        0,  46.1,  51.3,  25.5, 57.365, 47.469,  2.748,2629640.7,  1,  21.7,   0.8, 0.100
2025-10-16 15:33:37,        0,  45.5,  49.4,  25.5, 60.956, 50.550,  3.083,2692097.1,  1,  21.7,   0.8, 0.100
2025-10-16 15:33:38,        0,  46.7,  53.1,  25.5, 64.633, 53.737,  3.481,2741936.2,  1,  21.7,   0.8, 0.100
2025-10-16 15:33:39,        0,  45.4,  49.1,  25.5, 64.473, 53.670,  3.475,2793449.4,  1,  21.7,   0.8, 0.100
2025-10-16 15:33:40,        0,  45.6,  49.8,  25.5, 68.362, 56.907,  3.892,2847840.5,  1,  21.7,   0.9, 0.100
2025-10-16 15:33:41,        0,  45.7,  50.1,  25.5, 66.541, 55.339,  3.700,2911163.8,  1,  21.7,   0.9, 0.100
2025-10-16 15:33:42,        0,  42.8,  41.4,  25.5, 68.359, 57.063,  3.902,2962349.4,  1,  21.7,   0.9, 0.100
2025-10-16 15:33:43,        0,  44.7,  47.1,  25.5, 66.202, 54.955,  3.638,3012464.4,  1,  21.7,   0.9, 0.100
2025-10-16 15:33:44,        0,  47.0,  54.1,  25.5, 62.865, 51.886,  3.280,3061848.5,  1,  21.7,   0.9, 0.100
2025-10-16 15:33:45,        0,  47.3,  55.0,  25.5, 70.106, 58.195,  4.093,3118780.7,  1,  21.7,   0.9, 0.100
2025-10-16 15:33:46,        0,  43.9,  44.7,  25.5, 64.109, 53.388,  3.438,3182789.1,  1,  21.7,   0.9, 0.100
2025-10-16 15:33:47,        0,  47.9,  56.7,  25.5, 65.195, 54.095,  3.534,3235291.4,  1,  21.7,   1.0, 0.100
2025-10-16 15:33:48,        0,  46.9,  53.8,  25.5, 57.856, 47.821,  2.783,3287900.2,  1,  21.7,   1.0, 0.100
2025-10-16 15:33:49,        0,  45.3,  48.9,  25.6, 67.626, 56.176,  3.803,3340951.6,  1,  21.7,   1.0, 0.100
2025-10-16 15:33:50,        0,  47.4,  55.2,  25.6, 60.063, 49.660,  2.989,3401270.7,  1,  21.7,   1.0, 0.100
2025-10-16 15:33:51,        0,  43.0,  42.1,  25.6, 71.689, 59.662,  4.278,3455871.7,  1,  21.7,   1.0, 0.100
2025-10-16 15:33:52,        0,  44.4,  46.3,  25.6, 61.680, 50.869,  3.147,3503294.4,  1,  21.7,   0.9, 0.100
2025-10-16 15:33:53,        0,  43.2,  42.6,  25.6, 59.566, 49.004,  2.935,3551130.7,  1,  21.7,   1.0, 0.100
2025-10-16 15:33:54,        0,  46.4,  52.2,  25.6, 64.732, 53.331,  3.459,3610765.9,  1,  21.7,   0.9, 0.100
2025-10-16 15:33:55,        0,  43.6,  43.8,  25.6, 46.482, 37.695,  1.777,3654695.9,  1,  21.7,   1.0, 0.100
2025-10-16 15:33:56,        0,  42.1,  39.3,  25.6, 62.814, 51.710,  3.268,3701260.3,  1,  21.7,   0.9, 0.100
2025-10-16 15:33:57,        0,  40.5,  34.4,  25.7, 49.444, 40.007,  1.994,3741116.2,  1,  21.7,   1.0, 0.100
2025-10-16 15:33:58,        0,  43.7,  44.0,  25.7, 60.981, 49.686,  3.031,3784914.2,  1,  21.7,   0.9, 0.100
2025-10-16 15:33:59,        0,  43.9,  44.7,  25.6, 51.543, 42.312,  2.211,3838940.2,  1,  21.7,   1.0, 0.100
2025-10-16 15:34:00,        0,  44.4,  46.3,  25.7, 46.601, 38.204,  1.784,3879449.1,  1,  21.7,   1.0, 0.100
2025-10-16 15:34:01,        0,  40.7,  35.2,  25.7, 53.072, 43.991,  2.363,3922001.5,  1,  21.7,   1.0, 0.100
2025-10-16 15:34:02,        0,  40.7,  35.1,  25.7, 57.083, 47.656,  2.724,3964036.3,  1,  21.8,   0.9, 0.100
2025-10-16 15:34:03,        0,  41.7,  38.0,  25.6, 50.151, 41.702,  2.096,4012004.7,  1,  21.7,   1.0, 0.100
2025-10-16 15:34:04,        0,  42.7,  41.2,  25.7, 53.499, 44.542,  2.385,4052779.3,  1,  21.7,   1.0, 0.100
2025-10-16 15:34:05,        0,  41.0,  36.1,  25.7, 46.203, 38.054,  1.765,4092446.2,  1,  21.7,   1.0, 0.100
2025-10-16 15:34:06,        0,  41.5,  37.5,  25.7, 51.215, 42.424,  2.175,4131466.5,  1,  21.7,   1.0, 0.100
2025-10-16 15:34:07,        0,  40.7,  35.1,  25.7, 49.591, 40.973,  2.032,4178301.2,  1,  21.8,   1.0, 0.100
2025-10-16 15:34:08,        0,  42.3,  40.0,  25.7, 48.235, 39.749,  1.920,4216760.7,  1,  21.7,   1.0, 0.100
2025-10-16 15:34:09,        0,  39.6,  31.9,  25.7, 50.940, 41.864,  2.136,4256610.0,  1,  21.7,   1.0, 0.100
2025-10-16 15:34:10,        0,  40.4,  34.2,  25.7, 31.049, 24.681,  0.793,4285030.5,  1,  21.7,   1.0, 0.100
2025-10-16 15:34:11,        0,  35.7,  20.0,  25.7, 42.074, 34.145,  1.443,4318312.1,  1,  21.7,   1.0, 0.100
2025-10-16 15:34:12,        0,  38.7,  29.1,  25.8, 40.615, 32.797,  1.336,4353806.5,  1,  21.7,   1.0, 0.100
2025-10-16 15:34:13,        0,  39.9,  32.6,  25.7, 38.828, 31.230,  1.222,4387063.0,  1,  21.8,   1.0, 0.100
2025-10-16 15:34:14,        0,  38.6,  28.8,  25.7, 45.871, 37.130,  1.706,4422488.2,  1,  21.7,   1.0, 0.100
2025-10-16 15:34:15,        0,  39.7,  32.1,  25.7, 37.912, 30.256,  1.148,4453281.3,  1,  21.7,   1.0, 0.100
2025-10-16 15:34:16,        0,  40.1,  33.3,  25.7, 37.312, 29.699,  1.139,4489706.1,  1,  21.7,   1.0, 0.100
2025-10-16 15:34:17,        0,  37.8,  26.5,  25.8, 33.250, 26.261,  0.884,4518363.4,  1,  21.7,   1.0, 0.100
2025-10-16 15:34:18,        0,  37.6,  25.8,  25.7, 32.131, 25.261,  0.813,4543543.0,  1,  21.7,   1.0, 0.100
2025-10-16 15:34:19,        0,  39.3,  30.9,  25.8, 38.882, 31.007,  1.212,4572922.0,  1,  21.7,   1.0, 0.100
2025-10-16 15:34:20,        0,  38.8,  29.5,  25.8, 37.215, 29.531,  1.099,4608741.3,  1,  21.7,   1.0, 0.100
2025-10-16 15:34:21,        0,  33.2,  12.5,  25.8, 33.285, 26.179,  0.875,4634895.7,  1,  21.7,   1.0, 0.100
2025-10-16 15:34:22,        0,  33.2,  12.5,  25.8, 30.684, 23.944,  0.768,4657604.8,  1,  21.7,   1.0, 0.100
2025-10-16 15:34:23,        0,  36.2,  21.6,  25.8, 27.006, 20.825,  0.563,4675975.4,  1,  21.7,   1.0, 0.100
2025-10-16 15:34:24,        0,  37.4,  25.1,  25.8, 30.199, 23.438,  0.709,4699158.5,  1,  21.7,   0.9, 0.100
2025-10-16 15:34:25,        0,  35.6,  19.7,  25.8, 30.970, 23.994,  0.747,4728310.8,  1,  21.8,   1.0, 0.100
2025-10-16 15:34:26,        0,  35.4,  19.3,  25.8, 32.815, 25.482,  0.838,4751735.7,  1,  21.7,   0.9, 0.100
2025-10-16 15:34:27,        0,  35.9,  20.7,  25.8, 27.859, 21.320,  0.594,4772942.7,  1,  21.7,   0.9, 0.100
2025-10-16 15:34:28,        0,  34.3,  15.8,  25.8, 21.330, 15.810,  0.338,4791569.8,  1,  21.8,   0.9, 0.100
2025-10-16 15:34:29,        0,  35.7,  20.2,  25.8, 27.134, 20.541,  0.558,4815010.3,  1,  21.7,   0.9, 0.100
2025-10-16 15:34:30,        0,  32.2,   9.5,  25.8, 29.378, 22.388,  0.658,4836149.8,  1,  21.8,   0.9, 0.100
2025-10-16 15:34:31,        0,  32.4,  10.2,  25.8, 25.309, 19.036,  0.490,4852513.8,  1,  21.7,   0.9, 0.100
2025-10-16 15:34:32,        0,  34.3,  15.8,  25.8, 21.816, 16.143,  0.358,4867450.8,  1,  21.8,   1.0, 0.100
2025-10-16 15:34:33,        0,  33.9,  14.8,  25.8, 21.244, 15.639,  0.343,4887253.5,  1,  21.7,   1.0, 0.100
2025-10-16 15:34:34,        0,  35.3,  18.8,  25.8, 23.156, 17.180,  0.400,4903652.7,  1,  21.7,   1.0, 0.100
2025-10-16 15:34:35,        0,  33.8,  14.3,  25.8, 20.617, 15.096,  0.311,4920113.9,  1,  21.8,   1.0, 0.100
2025-10-16 15:34:36,        0,  33.8,  14.4,  25.8, 18.593, 13.432,  0.280,4934508.1,  1,  21.7,   1.0, 0.100
2025-10-16 15:34:37,        0,  33.1,  12.2,  25.8, 22.649, 16.710,  0.379,4949408.6,  1,  21.7,   1.0, 0.100
2025-10-16 15:34:38,        0,  32.7,  11.1,  25.8, 22.661, 16.690,  0.378,4966408.8,  1,  21.8,   1.0, 0.100
2025-10-16 15:34:39,        0,  32.2,   9.5,  25.8, 19.382, 13.990,  0.272,4978847.6,  1,  21.8,   1.0, 0.100
2025-10-16 15:34:40,        0,  33.4,  13.2,  25.8, 19.710, 14.249,  0.281,4991689.0,  1,  21.8,   1.0, 0.100
2025-10-16 15:34:41,        0,  32.0,   9.0,  25.8, 14.775, 10.216,  0.155,5006267.7,  1,  21.8,   1.0, 0.100
2025-10-16 15:34:42,        0,  32.4,  10.1,  25.8, 17.253, 12.217,  0.211,5017406.0,  1,  21.8,   1.0, 0.100
2025-10-16 15:34:43,        0,  32.2,   9.5,  25.8, 15.491, 10.774,  0.168,5028899.2,  1,  21.8,   1.0, 0.100
2025-10-16 15:34:44,        0,  32.6,  10.9,  25.8, 16.143, 11.276,  0.183,5039370.3,  1,  21.8,   1.0, 0.100
2025-10-16 15:34:45,        0,  31.9,   8.7,  25.8, 17.289, 12.203,  0.213,5052951.5,  1,  21.7,   1.0, 0.100
2025-10-16 15:34:46,        0,  32.2,   9.5,  25.8, 13.871,  9.426,  0.131,5062398.8,  1,  21.8,   1.0, 0.100
2025-10-16 15:34:47,        0,  30.5,   4.6,  25.8, 16.093, 11.201,  0.182,5072326.3,  1,  21.8,   1.0, 0.100
2025-10-16 15:34:48,        0,  31.8,   8.5,  25.8, 14.576,  9.973,  0.149,5080837.3,  1,  21.8,   1.0, 0.100
2025-10-16 15:34:49,        0,  31.9,   8.7,  25.8, 13.885,  9.415,  0.131,5090389.3,  1,  21.8,   1.0, 0.100
2025-10-16 15:34:50,        0,  30.7,   5.0,  25.8, 15.458, 10.682,  0.166,5102416.9,  1,  21.7,   1.0, 0.100
2025-10-16 15:34:51,        0,  31.1,   6.4,  25.8, 13.703,  9.258,  0.128,5110440.1,  1,  21.8,   1.0, 0.100
2025-10-16 15:34:52,        0,  30.7,   5.0,  25.8, 13.828,  9.350,  0.130,5118881.9,  1,  21.8,   1.0, 0.100
2025-10-16 15:34:53,        0,  31.6,   7.8,  25.8, 11.998,  7.888,  0.095,5126911.8,  1,  21.7,   1.0, 0.100
2025-10-16 15:34:54,        0,  31.2,   6.6,  25.8,  9.921,  6.232,  0.064,5135318.0,  1,  21.8,   1.0, 0.100
2025-10-16 15:34:55,        0,  31.7,   8.0,  25.8, 14.170,  9.625,  0.137,5144051.5,  1,  21.8,   1.0, 0.100
2025-10-16 15:34:56,        0,  31.0,   5.9,  25.8, 12.210,  8.049,  0.100,5151782.1,  1,  21.8,   1.0, 0.100
2025-10-16 15:34:57,        0,  31.5,   7.4,  25.8, 13.817,  9.335,  0.129,5159940.7,  1,  21.8,   1.0, 0.100
2025-10-16 15:34:58,        0,  31.1,   6.4,  25.8, 10.976,  7.060,  0.078,5168234.6,  1,  21.8,   1.0, 0.100
2025-10-16 15:34:59,        0,  31.2,   6.7,  25.8, 10.311,  6.541,  0.070,5174523.1,  1,  21.8,   0.9, 0.100
2025-10-16 15:35:00,        0,  30.0,   3.1,  25.8, 13.052,  8.721,  0.114,5181338.4,  1,  21.8,   0.9, 0.100
2025-10-16 15:35:01,        0,  30.1,   3.4,  25.8, 10.105,  6.366,  0.065,5186621.5,  1,  21.8,   0.9, 0.100
2025-10-16 15:35:02,        0,  31.5,   7.6,  25.8, 12.105,  7.975,  0.097,5194410.4,  1,  21.7,   0.9, 0.100
2025-10-16 15:35:03,        0,  30.4,   4.3,  25.8, 12.176,  8.031,  0.098,5202448.6,  1,  21.8,   0.9, 0.100
2025-10-16 15:35:04,        0,  31.1,   6.2,  25.8,  7.602,  4.382,  0.036,5207639.6,  1,  21.8,   0.8, 0.100
2025-10-16 15:35:05,        0,  30.3,   3.9,  25.8, 11.382,  7.401,  0.085,5213998.5,  1,  21.7,   0.9, 0.100
2025-10-16 15:35:06,        0,  30.0,   3.1,  25.8, 12.071,  7.954,  0.096,5222084.1,  1,  21.8,   0.8, 0.100
2025-10-16 15:35:07,        0,  30.6,   4.8,  25.8, 11.219,  7.267,  0.082,5227642.1,  1,  21.8,   0.8, 0.100
2025-10-16 15:35:08,        0,  30.3,   3.8,  25.8, 11.052,  7.146,  0.079,5233991.0,  1,  21.8,   0.8, 0.100
2025-10-16 15:35:09,        0,  30.4,   4.1,  25.8,  5.751,  2.943,  0.019,5238430.1,  1,  21.8,   0.9, 0.100
2025-10-16 15:35:10,        0,  30.3,   3.9,  25.8,  8.673,  5.259,  0.046,5243758.9,  1,  21.8,   0.8, 0.100
2025-10-16 15:35:11,        0,  30.0,   2.9,  25.8,  9.931,  6.282,  0.063,5250854.6,  1,  21.8,   0.9, 0.100
2025-10-16 15:35:12,        0,  30.0,   3.1,  25.8,  8.273,  4.960,  0.041,5255634.3,  1,  21.8,   0.9, 0.100
2025-10-16 15:35:13,        0,  30.7,   5.0,  25.8, 10.413,  6.696,  0.070,5261352.5,  1,  21.8,   0.9, 0.100
2025-10-16 15:35:14,        0,  30.3,   3.8,  25.8,  9.501,  5.963,  0.057,5267134.3,  1,  21.8,   0.9, 0.100
2025-10-16 15:35:15,        0,  30.5,   4.6,  25.8,  7.635,  4.471,  0.034,5272810.5,  1,  21.8,   0.9, 0.100
2025-10-16 15:35:16,        0,  30.0,   3.1,  25.8,  7.902,  4.698,  0.039,5277809.1,  1,  21.8,   0.9, 0.100
2025-10-16 15:35:17,        0,  30.1,   3.4,  25.8,  9.408,  5.924,  0.056,5282997.1,  1,  21.8,   1.0, 0.100
2025-10-16 15:35:18,        0,  29.8,   2.5,  25.8,  8.480,  5.184,  0.044,5287748.3,  1,  21.8,   0.9, 0.100
2025-10-16 15:35:19,        0,  30.1,   3.4,  25.8,  7.121,  4.091,  0.029,5290987.9,  1,  21.8,   0.9, 0.100
2025-10-16 15:35:20,        0,  30.3,   3.9,  25.8,  7.402,  4.343,  0.032,5296415.2,  1,  21.8,   0.9, 0.100
2025-10-16 15:35:21,        0,  29.8,   2.5,  25.8,  7.970,  4.817,  0.039,5301104.9,  1,  21.8,   0.9, 0.100
2025-10-16 15:35:22,        0,  30.1,   3.2,  25.8,  5.495,  2.824,  0.018,5304254.4,  1,  21.8,   0.9, 0.100
2025-10-16 15:35:23,        0,  30.3,   3.8,  25.8,  7.747,  4.671,  0.036,5308796.6,  1,  21.8,   0.9, 0.100
2025-10-16 15:35:24,        0,  30.1,   3.2,  25.8,  7.542,  4.507,  0.034,5313846.2,  1,  21.8,   1.0, 0.100
2025-10-16 15:35:25,        0,  29.8,   2.4,  25.8,  4.592,  2.117,  0.012,5316854.5,  1,  21.8,   0.9, 0.100
2025-10-16 15:35:26,        0,  29.9,   2.7,  25.8,  4.846,  2.431,  0.018,5319059.4,  1,  21.8,   1.0, 0.100
2025-10-16 15:35:27,        0,  30.0,   2.9,  25.8,  7.884,  4.861,  0.038,5323505.5,  1,  21.8,   1.0, 0.100
2025-10-16 15:35:28,        0,  30.0,   3.1,  25.8,  7.142,  4.254,  0.033,5328414.0,  1,  21.8,   0.9, 0.100
2025-10-16 15:35:29,        0,  29.4,   1.1,  25.8,  7.787,  4.788,  0.038,5332322.9,  1,  21.8,   0.9, 0.100
2025-10-16 15:35:30,        0,  30.1,   3.3,  25.8,  4.414,  2.101,  0.015,5334728.1,  1,  21.8,   0.9, 0.100
2025-10-16 15:35:31,        0,  29.8,   2.4,  25.8,  6.362,  3.641,  0.025,5338228.4,  1,  21.8,   0.9, 0.100
2025-10-16 15:35:32,        0,  30.0,   3.1,  25.8,  1.880,  0.106,  0.000,5338510.8,  1,  21.8,   0.9, 0.100
2025-10-16 15:35:33,        0,  30.1,   3.4,  25.8,  4.779,  2.401,  0.015,5341438.2,  1,  21.8,   0.9, 0.100
2025-10-16 15:35:34,        0,  29.8,   2.5,  25.8,  7.132,  4.370,  0.031,5345717.6,  1,  21.8,   0.9, 0.100
2025-10-16 15:35:35,        0,  30.3,   3.8,  25.8,  7.144,  4.359,  0.031,5349889.7,  1,  21.8,   0.9, 0.100
2025-10-16 15:35:36,        0,  29.7,   2.2,  25.8,  3.942,  1.659,  0.008,5352959.1,  1,  21.8,   0.9, 0.100
2025-10-16 15:35:37,        0,  30.1,   3.2,  25.8,  5.964,  3.394,  0.023,5356326.1,  1,  21.8,   0.9, 0.100
2025-10-16 15:35:38,        0,  29.7,   2.0,  25.8,  3.758,  1.519,  0.007,5359282.0,  1,  21.8,   0.9, 0.100
2025-10-16 15:35:39,        0,  29.7,   2.2,  25.8,  2.079,  0.237,  0.001,5359811.3,  1,  21.8,   0.9, 0.100
2025-10-16 15:35:40,        0,  29.8,   2.5,  25.8,  1.940,  0.341,  0.002,5361562.7,  1,  21.8,   0.9, 0.100
2025-10-16 15:35:41,        0,  29.9,   2.7,  25.8,  7.028,  4.364,  0.031,5366597.7,  1,  21.8,   0.9, 0.100
2025-10-16 15:35:42,        0,  29.8,   2.5,  25.8,  6.641,  4.015,  0.028,5370602.6,  1,  21.8,   0.9, 0.100
2025-10-16 15:35:43,        0,  29.2,   0.6,  25.8,  2.954,  0.879,  0.003,5372647.8,  1,  21.8,   1.0, 0.100
2025-10-16 15:35:44,        0,  29.9,   2.7,  25.8,  1.623,  0.041,  0.000,5372696.0,  1,  21.8,   0.9, 0.100
2025-10-16 15:35:45,        0,  29.8,   2.5,  25.8,  2.117,  0.332,  0.001,5373815.8,  1,  21.8,   0.9, 0.100
2025-10-16 15:35:46,        0,  29.8,   2.4,  25.8,  1.486,  0.013,  0.000,5373830.9,  1,  21.8,   1.0, 0.100
2025-10-16 15:35:47,        0,  29.8,   2.4,  25.8,  1.348, -0.010,  0.000,5373824.2,  1,  21.8,   1.0, 0.100
2025-10-16 15:35:48,        0,  30.0,   2.9,  25.8,  1.305, -0.013,  0.000,5374475.5,  1,  21.8,   1.0, 0.100
2025-10-16 15:35:49,        0,  30.0,   2.9,  25.8,  6.844,  4.361,  0.030,5378643.0,  1,  21.8,   0.9, 0.100
2025-10-16 15:35:50,        0,  29.9,   2.7,  25.8,  6.865,  4.350,  0.030,5383672.5,  1,  21.8,   0.9, 0.100
2025-10-16 15:35:51,        0,  29.7,   2.0,  25.8,  6.874,  4.345,  0.030,5387516.0,  1,  21.8,   0.9, 0.100
2025-10-16 15:35:52,        0,  29.9,   2.7,  25.8,  1.665,  0.071,  0.000,5387789.3,  1,  21.8,   0.9, 0.100
2025-10-16 15:35:53,        0,  29.5,   1.5,  25.8,  2.771,  0.875,  0.003,5388829.9,  1,  21.8,   0.9, 0.100
2025-10-16 15:35:54,        0,  29.6,   1.8,  25.8,  1.428,  0.003,  0.000,5388856.7,  1,  21.8,   0.9, 0.100
2025-10-16 15:35:55,        0,  29.7,   2.2,  25.8,  1.347, -0.009,  0.000,5388849.2,  1,  21.8,   0.9, 0.100
2025-10-16 15:35:56,        0,  29.7,   2.0,  25.8,  1.300, -0.012,  0.000,5388837.9,  1,  21.8,   0.9, 0.100
2025-10-16 15:35:57,        0,  29.7,   2.2,  25.8,  1.562,  0.250,  0.002,5389192.4,  1,  21.9,   0.9, 0.100
2025-10-16 15:35:58,        0,  29.9,   2.7,  25.8,  1.773,  0.152,  0.000,5390727.1,  1,  21.8,   0.9, 0.100
2025-10-16 15:35:59,        0,  29.8,   2.4,  25.8,  6.699,  4.353,  0.029,5394860.7,  1,  21.8,   0.9, 0.100
2025-10-16 15:36:00,        0,  29.8,   2.5,  25.8,  5.780,  3.532,  0.023,5397636.8,  1,  21.8,   0.9, 0.100
2025-10-16 15:36:01,        0,  29.5,   1.5,  25.8,  1.803,  0.154,  0.000,5397802.7,  1,  21.8,   0.9, 0.100
2025-10-16 15:36:02,        0,  29.8,   2.4,  25.8,  1.392, -0.003,  0.000,5397804.4,  1,  21.8,   0.9, 0.100
2025-10-16 15:36:03,        0,  29.8,   2.5,  25.8,  1.302, -0.012,  0.000,5397791.4,  1,  21.8,   0.9, 0.100
2025-10-16 15:36:04,        0,  29.7,   2.2,  25.8,  1.266, -0.013,  0.000,5397779.3,  1,  21.8,   0.9, 0.100
2025-10-16 15:36:05,        0,  30.0,   2.9,  25.8,  1.234, -0.013,  0.000,5397766.3,  1,  21.8,   0.9, 0.100
2025-10-16 15:36:06,        0,  29.9,   2.7,  25.7,  6.011,  3.812,  0.024,5399921.3,  1,  21.8,   0.9, 0.100
2025-10-16 15:36:07,        0,  29.8,   2.4,  25.8,  2.504,  0.703,  0.002,5401530.6,  1,  21.8,   0.9, 0.100
2025-10-16 15:36:08,        0,  29.7,   2.0,  25.8,  1.667,  0.091,  0.000,5402106.0,  1,  21.8,   0.9, 0.100
2025-10-16 15:36:09,        0,  29.8,   2.5,  25.8,  1.407,  0.001,  0.000,5402111.4,  1,  21.8,   0.9, 0.100
2025-10-16 15:36:10,        0,  29.8,   2.4,  25.8,  1.858,  0.435,  0.003,5403603.8,  1,  21.8,   0.9, 0.100
2025-10-16 15:36:11,        0,  29.9,   2.7,  25.8,  1.665,  0.093,  0.000,5404262.2,  1,  21.8,   0.9, 0.100
2025-10-16 15:36:12,        0,  29.7,   2.0,  25.8,  6.388,  4.177,  0.028,5407268.4,  1,  21.8,   0.9, 0.100
2025-10-16 15:36:13,        0,  29.8,   2.5,  25.8,  1.614,  0.064,  0.000,5407550.0,  1,  21.8,   1.0, 0.100
2025-10-16 15:36:14,        0,  29.6,   1.7,  25.8,  1.395, -0.000,  0.000,5407552.1,  1,  21.8,   0.9, 0.100
2025-10-16 15:36:15,        0,  29.3,   0.8,  25.8,  1.318, -0.009,  0.000,5407544.2,  1,  21.8,   0.9, 0.100
2025-10-16 15:36:16,        0,  29.8,   2.4,  25.8,  1.254, -0.013,  0.000,5407529.5,  1,  21.8,   1.0, 0.100
2025-10-16 15:36:17,        0,  29.8,   2.5,  25.7,  1.222, -0.013,  0.000,5407516.5,  1,  21.8,   0.9, 0.100
2025-10-16 15:36:18,        0,  29.8,   2.5,  25.8,  1.181, -0.013,  0.000,5407503.9,  1,  21.8,   1.0, 0.100
2025-10-16 15:36:19,        0,  29.8,   2.5,  25.8,  1.157, -0.013,  0.000,5407488.0,  1,  21.8,   1.0, 0.100
2025-10-16 15:36:20,        0,  29.8,   2.5,  25.8,  1.123, -0.013,  0.000,5407475.4,  1,  21.8,   1.0, 0.100
2025-10-16 15:36:21,        0,  29.9,   2.7,  25.8,  1.103, -0.014,  0.000,5407462.0,  1,  21.8,   1.0, 0.100
2025-10-16 15:36:22,        0,  29.9,   2.7,  25.7,  6.012,  3.926,  0.026,5410674.0,  1,  21.8,   1.0, 0.100
2025-10-16 15:36:23,        0,  29.9,   2.7,  25.8,  6.439,  4.196,  0.027,5414561.9,  1,  21.8,   1.0, 0.100
2025-10-16 15:36:24,        0,  29.8,   2.4,  25.8,  2.118,  0.393,  0.001,5417372.4,  1,  21.8,   1.0, 0.100
2025-10-16 15:36:25,        0,  29.7,   2.0,  25.8,  1.465,  0.013,  0.000,5417402.6,  1,  21.8,   1.0, 0.100
2025-10-16 15:36:26,        0,  29.5,   1.5,  25.7,  1.354, -0.007,  0.000,5417397.5,  1,  21.8,   1.0, 0.100
2025-10-16 15:36:27,        0,  29.6,   1.7,  25.8,  1.296, -0.011,  0.000,5417387.0,  1,  21.8,   1.0, 0.100
2025-10-16 15:36:28,        0,  29.6,   1.8,  25.7,  1.238, -0.013,  0.000,5417372.4,  1,  21.8,   1.0, 0.100
2025-10-16 15:36:29,        0,  29.7,   2.0,  25.8,  1.191, -0.013,  0.000,5417359.8,  1,  21.8,   1.0, 0.100
2025-10-16 15:36:30,        0,  29.6,   1.8,  25.8,  1.165, -0.013,  0.000,5417348.1,  1,  21.8,   1.0, 0.100
2025-10-16 15:36:31,        0,  29.7,   2.0,  25.8,  1.141, -0.013,  0.000,5417335.5,  1,  21.8,   0.9, 0.100
2025-10-16 15:36:32,        0,  29.6,   1.9,  25.8,  1.106, -0.013,  0.000,5417320.4,  1,  21.8,   1.0, 0.100
2025-10-16 15:36:33,        0,  29.7,   2.0,  25.8,  1.086, -0.013,  0.000,5417307.8,  1,  21.8,   1.0, 0.100
2025-10-16 15:36:34,        0,  29.7,   2.0,  25.8,  1.059, -0.013,  0.000,5417294.8,  1,  21.8,   1.0, 0.100
2025-10-16 15:36:35,        0,  29.7,   2.0,  25.8,  1.043, -0.014,  0.000,5417282.3,  1,  21.8,   1.0, 0.100
2025-10-16 15:36:36,        0,  29.8,   2.4,  25.8,  1.020, -0.013,  0.000,5417266.8,  1,  21.8,   1.0, 0.100
2025-10-16 15:36:37,        0,  29.7,   2.0,  25.8,  1.006, -0.013,  0.000,5417254.6,  1,  21.8,   1.0, 0.100
2025-10-16 15:36:38,        0,  29.6,   1.8,  25.7,  0.993, -0.013,  0.000,5417241.2,  1,  21.8,   1.0, 0.100
2025-10-16 15:36:39,        0,  29.8,   2.5,  25.8,  0.976, -0.013,  0.000,5417229.0,  1,  21.8,   1.0, 0.100
2025-10-16 15:36:40,        0,  29.7,   2.0,  25.8,  0.964, -0.013,  0.000,5417214.0,  1,  21.8,   1.0, 0.100
2025-10-16 15:36:41,        0,  29.8,   2.4,  25.7,  0.948, -0.013,  0.000,5417201.8,  1,  21.8,   1.0, 0.100
2025-10-16 15:36:42,        0,  29.8,   2.4,  25.8,  0.938, -0.012,  0.000,5417189.2,  1,  21.8,   1.0, 0.100
2025-10-16 15:36:43,        0,  29.8,   2.4,  25.7,  0.927, -0.013,  0.000,5417177.1,  1,  21.8,   1.0, 0.100
2025-10-16 15:36:44,        0,  29.8,   2.4,  25.7,  0.912, -0.012,  0.000,5417165.8,  1,  21.8,   1.0, 0.100
2025-10-16 15:36:45,        0,  29.7,   2.2,  25.8,  0.903, -0.013,  0.000,5417151.5,  1,  21.8,   1.0, 0.100
2025-10-16 15:36:46,        0,  29.8,   2.4,  25.8,  0.890, -0.012,  0.000,5417139.4,  1,  21.8,   1.0, 0.100
2025-10-16 15:36:47,        0,  29.8,   2.5,  25.7,  0.881, -0.012,  0.000,5417127.6,  1,  21.8,   1.0, 0.100
2025-10-16 15:36:48,        0,  29.8,   2.4,  25.8,  0.873, -0.012,  0.000,5417935.2,  1,  21.8,   1.0, 0.100
2025-10-16 15:36:49,        0,  29.8,   2.4,  25.7,  1.729,  0.129,  0.000,5418648.1,  1,  21.8,   1.0, 0.100
2025-10-16 15:36:50,        0,  29.8,   2.5,  25.7,  1.353, -0.005,  0.000,5418648.5,  1,  21.8,   1.0, 0.100
2025-10-16 15:36:51,        0,  29.7,   2.2,  25.8,  1.286, -0.010,  0.000,5418639.3,  1,  21.8,   1.0, 0.100
2025-10-16 15:36:52,        0,  29.8,   2.4,  25.8,  1.238, -0.011,  0.000,5418628.4,  1,  21.8,   1.0, 0.100
2025-10-16 15:36:53,        0,  29.8,   2.4,  25.8,  1.182, -0.012,  0.000,5418613.7,  1,  21.8,   1.0, 0.100
2025-10-16 15:36:54,        0,  29.8,   2.4,  25.8,  1.148, -0.013,  0.000,5418602.4,  1,  21.8,   1.0, 0.100
2025-10-16 15:36:55,        0,  29.8,   2.5,  25.7,  1.105, -0.013,  0.000,5418590.7,  1,  21.8,   1.0, 0.100
2025-10-16 15:36:56,        0,  29.9,   2.7,  25.8,  1.079, -0.012,  0.000,5418578.5,  1,  21.8,   1.0, 0.100
2025-10-16 15:36:57,        0,  29.9,   2.7,  25.8,  6.572,  4.355,  0.029,5421923.3,  1,  21.8,   1.0, 0.100
2025-10-16 15:36:58,        0,  29.7,   2.0,  25.7,  2.426,  0.641,  0.002,5424312.6,  1,  21.8,   1.0, 0.100
2025-10-16 15:36:59,        0,  29.7,   2.0,  25.8,  1.482,  0.018,  0.000,5424331.9,  1,  21.8,   1.0, 0.100
2025-10-16 15:37:00,        0,  29.7,   2.2,  25.8,  1.321, -0.008,  0.000,5424325.2,  1,  21.8,   1.0, 0.100
2025-10-16 15:37:01,        0,  29.7,   2.0,  25.7,  1.269, -0.011,  0.000,5424314.7,  1,  21.8,   0.9, 0.100
2025-10-16 15:37:02,        0,  29.7,   2.0,  25.8,  1.210, -0.013,  0.000,5424300.0,  1,  21.8,   1.0, 0.100
2025-10-16 15:37:03,        0,  29.7,   2.0,  25.7,  1.177, -0.013,  0.000,5424287.9,  1,  21.8,   1.0, 0.100
2025-10-16 15:37:04,        0,  29.7,   2.0,  25.7,  1.147, -0.013,  0.000,5424275.3,  1,  21.8,   1.0, 0.100
2025-10-16 15:37:05,        0,  29.7,   2.0,  25.7,  1.106, -0.013,  0.000,5424264.0,  1,  21.8,   1.0, 0.100
2025-10-16 15:37:06,        0,  29.7,   2.0,  25.8,  1.081, -0.012,  0.000,5424251.8,  1,  21.8,   1.0, 0.100
2025-10-16 15:37:07,        0,  29.6,   1.8,  25.8,  1.047, -0.012,  0.000,5424237.6,  1,  21.8,   1.0, 0.100
2025-10-16 15:37:08,        0,  29.6,   1.8,  25.7,  1.027, -0.013,  0.000,5424225.0,  1,  21.8,   0.9, 0.100
2025-10-16 15:37:09,        0,  29.7,   2.0,  25.7,  1.009, -0.012,  0.000,5424213.3,  1,  21.8,   1.0, 0.100
2025-10-16 15:37:10,        0,  29.7,   2.0,  25.7,  0.984, -0.012,  0.000,5424201.5,  1,  21.8,   0.9, 0.100
2025-10-16 15:37:11,        0,  29.7,   2.0,  25.8,  0.962, -0.013,  0.000,5424187.3,  1,  21.8,   1.0, 0.100
2025-10-16 15:37:12,        0,  29.7,   2.0,  25.8,  0.948, -0.012,  0.000,5424175.6,  1,  21.8,   1.0, 0.100
2025-10-16 15:37:13,        0,  29.7,   2.0,  25.7,  0.935, -0.012,  0.000,5424163.4,  1,  21.8,   1.0, 0.100
2025-10-16 15:37:14,        0,  29.7,   2.0,  25.8,  0.917, -0.012,  0.000,5424152.1,  1,  21.8,   0.9, 0.100
2025-10-16 15:37:15,        0,  29.7,   2.2,  25.8,  0.905, -0.011,  0.000,5424138.3,  1,  21.8,   1.0, 0.100
2025-10-16 15:37:16,        0,  29.6,   1.8,  25.8,  0.887, -0.012,  0.000,5424126.5,  1,  21.8,   0.9, 0.100
2025-10-16 15:37:17,        0,  29.7,   2.0,  25.7,  0.878, -0.012,  0.000,5424115.2,  1,  21.8,   0.9, 0.100
2025-10-16 15:37:18,        0,  29.7,   2.2,  25.7,  0.868, -0.012,  0.000,5424103.9,  1,  21.8,   1.0, 0.100
2025-10-16 15:37:19,        0,  29.7,   2.0,  25.7,  0.853, -0.011,  0.000,5424093.4,  1,  21.8,   1.0, 0.100
2025-10-16 15:37:20,        0,  29.7,   2.0,  25.7,  0.843, -0.011,  0.000,5424080.0,  1,  21.8,   1.0, 0.100
2025-10-16 15:37:21,        0,  29.7,   2.0,  25.8,  0.831, -0.012,  0.000,5424068.3,  1,  21.8,   1.0, 0.100
2025-10-16 15:37:22,        0,  29.7,   2.2,  25.7,  0.821, -0.011,  0.000,5424057.8,  1,  21.8,   1.0, 0.100
2025-10-16 15:37:23,        0,  29.7,   2.2,  25.7,  0.814, -0.011,  0.000,5424046.5,  1,  21.8,   1.0, 0.100
2025-10-16 15:37:24,        0,  29.7,   2.0,  25.7,  0.804, -0.011,  0.000,5424033.1,  1,  21.8,   1.0, 0.100
2025-10-16 15:37:25,        0,  29.7,   2.2,  25.7,  0.796, -0.011,  0.000,5424022.6,  1,  21.8,   1.0, 0.100
2025-10-16 15:37:26,        0,  29.7,   2.2,  25.7,  0.787, -0.011,  0.000,5424012.1,  1,  21.8,   1.0, 0.100
2025-10-16 15:37:27,        0,  29.7,   2.2,  25.7,  0.781, -0.011,  0.000,5424001.6,  1,  21.8,   1.0, 0.100
2025-10-16 15:37:28,        0,  29.7,   2.2,  25.7,  0.770, -0.011,  0.000,5423989.5,  1,  21.8,   1.0, 0.100
2025-10-16 15:37:29,        0,  29.7,   2.2,  25.8,  0.763, -0.011,  0.000,5423979.0,  1,  21.8,   1.0, 0.100
2025-10-16 15:37:30,        0,  29.7,   2.2,  25.7,  0.755, -0.011,  0.000,5423968.9,  1,  21.8,   1.0, 0.100
2025-10-16 15:37:31,        0,  29.8,   2.4,  25.7,  0.749, -0.011,  0.000,5423958.5,  1,  21.8,   1.0, 0.100
2025-10-16 15:37:32,        0,  29.8,   2.4,  25.7,  0.745, -0.011,  0.000,5423948.4,  1,  21.8,   1.0, 0.100
2025-10-16 15:37:33,        0,  29.8,   2.4,  25.7,  0.737, -0.011,  0.000,5423935.4,  1,  21.8,   1.0, 0.100
2025-10-16 15:37:34,        0,  29.7,   2.2,  25.7,  0.732, -0.010,  0.000,5423925.8,  1,  21.8,   1.0, 0.100
2025-10-16 15:37:35,        0,  29.8,   2.4,  25.7,  0.725, -0.010,  0.000,5423915.3,  1,  21.8,   1.0, 0.100
2025-10-16 15:37:36,        0,  29.8,   2.4,  25.8,  0.719, -0.010,  0.000,5423905.7,  1,  21.8,   1.0, 0.100
2025-10-16 15:37:37,        0,  29.7,   2.2,  25.7,  0.713, -0.010,  0.000,5423894.3,  1,  21.8,   1.0, 0.100
2025-10-16 15:37:38,        0,  29.7,   2.2,  25.7,  0.706, -0.010,  0.000,5423885.5,  1,  21.8,   1.0, 0.100
2025-10-16 15:37:39,        0,  29.8,   2.4,  25.8,  0.700, -0.010,  0.000,5423875.9,  1,  21.8,   1.0, 0.100
2025-10-16 15:37:40,        0,  29.8,   2.4,  25.7,  0.694, -0.010,  0.000,5423866.3,  1,  21.8,   1.0, 0.100
2025-10-16 15:37:41,        0,  29.8,   2.4,  25.7,  0.690, -0.009,  0.000,5423856.6,  1,  21.8,   1.0, 0.100
2025-10-16 15:37:42,        0,  29.7,   2.2,  25.7,  0.684, -0.010,  0.000,5423845.3,  1,  21.8,   1.0, 0.100
2025-10-16 15:37:43,        0,  29.8,   2.4,  25.7,  0.681, -0.010,  0.000,5423835.7,  1,  21.8,   1.0, 0.100
2025-10-16 15:37:44,        0,  29.8,   2.4,  25.7,  0.676, -0.010,  0.000,5423826.9,  1,  21.8,   1.0, 0.100
2025-10-16 15:37:45,        0,  29.8,   2.4,  25.7,  0.670, -0.010,  0.000,5423817.6,  1,  21.8,   1.0, 0.100
2025-10-16 15:37:46,        0,  29.8,   2.4,  25.7,  0.665, -0.010,  0.000,5423806.3,  1,  21.8,   1.0, 0.100
2025-10-16 15:37:47,        0,  29.7,   2.2,  25.7,  0.660, -0.009,  0.000,5423797.1,  1,  21.8,   1.0, 0.100
2025-10-16 15:37:48,        0,  29.8,   2.4,  25.7,  0.657, -0.010,  0.000,5423787.9,  1,  21.8,   1.0, 0.100
2025-10-16 15:37:49,        0,  29.8,   2.4,  25.7,  0.653, -0.010,  0.000,5423778.7,  1,  21.8,   1.0, 0.100
2025-10-16 15:37:50,        0,  29.8,   2.4,  25.7,  0.647, -0.009,  0.000,5423768.6,  1,  21.8,   1.0, 0.100
2025-10-16 15:37:51,        0,  29.7,   2.2,  25.7,  0.641, -0.010,  0.000,5423759.4,  1,  21.8,   1.0, 0.100
2025-10-16 15:37:52,        0,  29.8,   2.4,  25.7,  0.638, -0.009,  0.000,5423751.4,  1,  21.8,   1.0, 0.100
2025-10-16 15:37:53,        0,  29.8,   2.5,  25.7,  0.635, -0.009,  0.000,5423742.2,  1,  21.8,   1.0, 0.100
2025-10-16 15:37:54,        0,  29.8,   2.4,  25.7,  0.629, -0.009,  0.000,5423732.6,  1,  21.8,   1.0, 0.100
2025-10-16 15:37:55,        0,  29.7,   2.2,  25.7,  0.625, -0.009,  0.000,5423722.9,  1,  21.8,   1.0, 0.100
2025-10-16 15:37:56,        0,  29.7,   2.2,  25.7,  0.620, -0.009,  0.000,5423714.1,  1,  21.8,   1.0, 0.100
2025-10-16 15:37:57,        0,  29.8,   2.4,  25.7,  0.618, -0.009,  0.000,5423705.7,  1,  21.8,   1.0, 0.100
2025-10-16 15:37:58,        0,  29.8,   2.4,  25.7,  0.614, -0.009,  0.000,5423697.4,  1,  21.8,   1.0, 0.100
2025-10-16 15:37:59,        0,  29.8,   2.4,  25.7,  0.609, -0.009,  0.000,5423686.9,  1,  21.8,   1.0, 0.100
2025-10-16 15:38:00,        0,  29.8,   2.4,  25.8,  0.602, -0.008,  0.000,5423679.3,  1,  21.8,   1.0, 0.100
2025-10-16 15:38:01,        0,  29.8,   2.4,  25.7,  0.597, -0.008,  0.000,5423671.4,  1,  21.8,   1.0, 0.100
2025-10-16 15:38:02,        0,  29.8,   2.4,  25.7,  0.594, -0.009,  0.000,5423663.0,  1,  21.8,   1.0, 0.100
2025-10-16 15:38:03,        0,  29.8,   2.4,  25.7,  0.590, -0.008,  0.000,5423653.8,  1,  21.8,   1.0, 0.100
2025-10-16 15:38:04,        0,  29.8,   2.4,  25.7,  0.587, -0.009,  0.000,5423645.0,  1,  21.8,   1.0, 0.100
2025-10-16 15:38:05,        0,  29.8,   2.4,  25.7,  0.584, -0.008,  0.000,5423637.0,  1,  21.8,   1.0, 0.100
2025-10-16 15:38:06,        0,  29.8,   2.4,  25.7,  0.579, -0.009,  0.000,5423628.6,  1,  21.8,   1.0, 0.100
2025-10-16 15:38:07,        0,  29.8,   2.4,  25.7,  0.573, -0.009,  0.000,5423619.8,  1,  21.8,   1.0, 0.100
2025-10-16 15:38:08,        0,  29.8,   2.5,  25.7,  0.569, -0.008,  0.000,5423611.4,  1,  21.8,   1.0, 0.100
2025-10-16 15:38:09,        0,  29.8,   2.4,  25.7,  0.566, -0.008,  0.000,5423603.5,  1,  21.8,   1.0, 0.100
2025-10-16 15:38:10,        0,  29.8,   2.4,  25.7,  0.561, -0.008,  0.000,5423596.8,  1,  21.8,   1.0, 0.100
2025-10-16 15:38:11,        0,  29.8,   2.4,  25.7,  0.556, -0.007,  0.000,5423588.0,  1,  21.8,   1.0, 0.100
2025-10-16 15:38:12,        0,  29.8,   2.4,  25.7,  0.551, -0.009,  0.000,5423579.6,  1,  21.8,   1.0, 0.100
2025-10-16 15:38:13,        0,  29.8,   2.4,  25.7,  0.546, -0.008,  0.000,5423572.5,  1,  21.8,   1.0, 0.100
2025-10-16 15:38:14,        0,  29.8,   2.4,  25.7,  0.544, -0.008,  0.000,5423564.9,  1,  21.8,   1.0, 0.100
2025-10-16 15:38:15,        0,  29.8,   2.5,  25.7,  0.538, -0.008,  0.000,5423555.3,  1,  21.8,   1.0, 0.100
2025-10-16 15:38:16,        0,  29.8,   2.5,  25.7,  0.534, -0.007,  0.000,5423548.6,  1,  21.8,   1.0, 0.100
2025-10-16 15:38:17,        0,  29.8,   2.4,  25.7,  0.528, -0.008,  0.000,5423541.9,  1,  21.8,   1.0, 0.100
2025-10-16 15:38:18,        0,  29.8,   2.4,  25.7,  0.523, -0.007,  0.000,5423534.3,  1,  21.8,   1.0, 0.100
2025-10-16 15:38:19,        0,  29.8,   2.4,  25.7,  0.520, -0.007,  0.000,5423527.6,  1,  21.8,   1.0, 0.100
2025-10-16 15:38:20,        0,  29.8,   2.5,  25.7,  0.513, -0.007,  0.000,5423519.2,  1,  21.8,   0.9, 0.100
2025-10-16 15:38:21,        0,  29.8,   2.5,  25.7,  0.509, -0.007,  0.000,5423512.5,  1,  21.8,   0.9, 0.100
2025-10-16 15:38:22,        0,  29.8,   2.4,  25.7,  0.503, -0.007,  0.000,5423506.3,  1,  21.8,   1.0, 0.100
2025-10-16 15:38:23,        0,  29.8,   2.5,  25.7,  0.499, -0.007,  0.000,5423499.6,  1,  21.8,   0.9, 0.100
2025-10-16 15:38:24,        0,  29.8,   2.5,  25.7,  0.493, -0.007,  0.000,5423491.6,  1,  21.8,   0.9, 0.100
2025-10-16 15:38:25,        0,  29.8,   2.5,  25.7,  0.489, -0.007,  0.000,5423485.3,  1,  21.8,   0.9, 0.100
2025-10-16 15:38:26,        0,  29.8,   2.4,  25.7,  0.485, -0.007,  0.000,5423479.0,  1,  21.8,   0.9, 0.100
2025-10-16 15:38:27,        0,  29.8,   2.4,  25.7,  0.479, -0.007,  0.000,5423471.9,  1,  21.8,   0.9, 0.100
2025-10-16 15:38:28,        0,  29.8,   2.5,  25.7,  0.473, -0.007,  0.000,5423465.2,  1,  21.8,   0.9, 0.100
2025-10-16 15:38:29,        0,  29.8,   2.5,  25.7,  0.469, -0.006,  0.000,5423458.1,  1,  21.8,   0.9, 0.100
2025-10-16 15:38:30,        0,  29.8,   2.5,  25.7,  0.464, -0.007,  0.000,5423452.2,  1,  21.8,   0.8, 0.100
2025-10-16 15:38:31,        0,  29.8,   2.5,  25.7,  0.460, -0.006,  0.000,5423446.7,  1,  21.8,   0.9, 0.100
2025-10-16 15:38:32,        0,  29.9,   2.6,  25.7,  0.454, -0.006,  0.000,5423440.9,  1,  21.8,   0.8, 0.100
2025-10-16 15:38:33,        0,  29.8,   2.5,  25.7,  0.448, -0.006,  0.000,5423433.8,  1,  21.8,   0.8, 0.100
2025-10-16 15:38:34,        0,  29.8,   2.4,  25.7,  0.444, -0.006,  0.000,5423428.7,  1,  21.8,   0.8, 0.100
2025-10-16 15:38:35,        0,  29.9,   2.6,  25.7,  0.440, -0.006,  0.000,5423422.9,  1,  21.8,   0.8, 0.100
2025-10-16 15:38:36,        0,  29.8,   2.5,  25.7,  0.434, -0.006,  0.000,5423417.0,  1,  21.8,   0.8, 0.100
2025-10-16 15:38:37,        0,  29.9,   2.7,  25.7,  0.430, -0.006,  0.000,5423410.3,  1,  21.8,   0.8, 0.100
2025-10-16 15:38:38,        0,  29.8,   2.5,  25.7,  2.230,  0.530,  0.001,5424543.5,  1,  21.8,   0.8, 0.100
2025-10-16 15:38:39,        0,  29.8,   2.5,  25.6,  1.413,  0.015,  0.000,5424570.8,  1,  21.8,   0.8, 0.100
2025-10-16 15:38:40,        0,  29.6,   1.7,  25.7,  1.280, -0.005,  0.000,5424566.6,  1,  21.8,   0.9, 0.100
2025-10-16 15:38:41,        0,  29.8,   2.4,  25.7,  1.185, -0.010,  0.000,5424557.8,  1,  21.8,   0.9, 0.100
2025-10-16 15:38:42,        0,  29.8,   2.4,  25.7,  1.140, -0.010,  0.000,5424545.2,  1,  21.8,   0.9, 0.100
2025-10-16 15:38:43,        0,  29.8,   2.5,  25.7,  1.080, -0.011,  0.000,5424535.1,  1,  21.8,   0.9, 0.100
2025-10-16 15:38:44,        0,  29.8,   2.5,  25.7,  1.047, -0.011,  0.000,5424524.7,  1,  21.8,   0.9, 0.100
2025-10-16 15:38:45,        0,  29.8,   2.5,  25.7,  1.015, -0.011,  0.000,5424514.6,  1,  21.8,   0.9, 0.100
2025-10-16 15:38:46,        0,  29.8,   2.5,  25.6,  0.974, -0.011,  0.000,5424502.0,  1,  21.8,   0.9, 0.100
2025-10-16 15:38:47,        0,  29.8,   2.4,  25.7,  0.949, -0.010,  0.000,5424492.0,  1,  21.8,   0.9, 0.100
2025-10-16 15:38:48,        0,  29.8,   2.5,  25.7,  0.916, -0.011,  0.000,5424481.9,  1,  21.8,   1.0, 0.100
2025-10-16 15:38:49,        0,  29.8,   2.5,  25.7,  0.895, -0.011,  0.000,5424472.3,  1,  21.8,   1.0, 0.100
2025-10-16 15:38:50,        0,  29.8,   2.5,  25.7,  0.866, -0.010,  0.000,5424459.3,  1,  21.9,   1.0, 0.100
2025-10-16 15:38:51,        0,  29.8,   2.5,  25.6,  0.849, -0.010,  0.000,5424450.5,  1,  21.8,   1.0, 0.100
2025-10-16 15:38:52,        0,  29.8,   2.4,  25.7,  0.824, -0.010,  0.000,5424440.4,  1,  21.8,   1.0, 0.100
2025-10-16 15:38:53,        0,  29.8,   2.5,  25.7,  0.808, -0.010,  0.000,5424430.8,  1,  21.8,   1.0, 0.100
2025-10-16 15:38:54,        0,  29.8,   2.4,  25.7,  0.792, -0.009,  0.000,5424422.0,  1,  21.8,   1.0, 0.100
2025-10-16 15:38:55,        0,  29.8,   2.5,  25.7,  0.770, -0.010,  0.000,5424410.2,  1,  21.8,   1.0, 0.100
2025-10-16 15:38:56,        0,  29.8,   2.5,  25.6,  0.756, -0.010,  0.000,5424401.4,  1,  21.8,   1.0, 0.100
2025-10-16 15:38:57,        0,  29.8,   2.4,  25.7,  0.737, -0.009,  0.000,5424392.2,  1,  21.8,   1.0, 0.100
2025-10-16 15:38:58,        0,  29.8,   2.4,  25.7,  0.724, -0.009,  0.000,5424383.8,  1,  21.8,   1.0, 0.100
2025-10-16 15:38:59,        0,  29.8,   2.5,  25.7,  0.706, -0.009,  0.000,5424372.9,  1,  21.8,   0.9, 0.100
2025-10-16 15:39:00,        0,  29.8,   2.4,  25.7,  0.695, -0.008,  0.000,5424365.0,  1,  21.8,   1.0, 0.100
2025-10-16 15:39:01,        0,  29.8,   2.4,  25.7,  0.683, -0.009,  0.000,5424356.6,  1,  21.8,   0.9, 0.100
2025-10-16 15:39:02,        0,  29.8,   2.5,  25.7,  0.667, -0.008,  0.000,5424348.6,  1,  21.8,   0.9, 0.100
2025-10-16 15:39:03,        0,  29.8,   2.5,  25.7,  0.657, -0.009,  0.000,5424340.7,  1,  21.8,   0.9, 0.100
2025-10-16 15:39:04,        0,  29.8,   2.5,  25.7,  0.641, -0.008,  0.000,5424330.6,  1,  21.8,   0.9, 0.100
2025-10-16 15:39:05,        0,  29.8,   2.5,  25.6,  0.632, -0.008,  0.000,5424323.1,  1,  21.8,   0.9, 0.100
2025-10-16 15:39:06,        0,  29.8,   2.5,  25.7,  0.623, -0.008,  0.000,5424315.5,  1,  21.8,   0.9, 0.100
2025-10-16 15:39:07,        0,  29.8,   2.5,  25.7,  0.609, -0.008,  0.000,5424307.1,  1,  21.8,   0.9, 0.100
2025-10-16 15:39:08,        0,  29.8,   2.5,  25.7,  0.596, -0.008,  0.000,5424298.8,  1,  21.8,   0.9, 0.100
2025-10-16 15:39:09,        0,  29.8,   2.5,  25.6,  0.587, -0.007,  0.000,5424291.6,  1,  21.8,   0.9, 0.100
2025-10-16 15:39:10,        0,  29.8,   2.4,  25.6,  0.579, -0.007,  0.000,5424284.5,  1,  21.8,   0.9, 0.100
2025-10-16 15:39:11,        0,  29.8,   2.5,  25.7,  0.571, -0.008,  0.000,5424277.8,  1,  21.8,   0.9, 0.100
2025-10-16 15:39:12,        0,  29.8,   2.5,  25.6,  0.559, -0.007,  0.000,5424269.0,  1,  21.8,   0.9, 0.100
2025-10-16 15:39:13,        0,  29.8,   2.5,  25.7,  0.548, -0.007,  0.000,5424263.1,  1,  21.8,   1.0, 0.100
2025-10-16 15:39:14,        0,  29.8,   2.4,  25.6,  0.540, -0.007,  0.000,5424256.0,  1,  21.8,   1.0, 0.100
2025-10-16 15:39:15,        0,  29.8,   2.4,  25.6,  0.533, -0.007,  0.000,5424249.3,  1,  21.8,   1.0, 0.100
2025-10-16 15:39:16,        0,  29.8,   2.5,  25.7,  0.522, -0.007,  0.000,5424242.2,  1,  21.8,   1.0, 0.100
2025-10-16 15:39:17,        0,  29.8,   2.5,  25.7,  0.515, -0.007,  0.000,5424235.1,  1,  21.8,   1.0, 0.100
2025-10-16 15:39:18,        0,  29.8,   2.5,  25.7,  0.505, -0.007,  0.000,5424228.8,  1,  21.8,   1.0, 0.100
2025-10-16 15:39:19,        0,  29.8,   2.5,  25.7,  0.498, -0.007,  0.000,5424222.1,  1,  21.8,   1.0, 0.100
2025-10-16 15:39:20,        0,  29.8,   2.5,  25.6,  0.492, -0.006,  0.000,5424215.8,  1,  21.8,   1.0, 0.100
2025-10-16 15:39:21,        0,  29.8,   2.4,  25.7,  0.482, -0.006,  0.000,5424209.1,  1,  21.8,   1.0, 0.100
2025-10-16 15:39:22,        0,  29.8,   2.4,  25.6,  0.476, -0.007,  0.000,5424202.8,  1,  21.8,   1.0, 0.100
2025-10-16 15:39:23,        0,  29.8,   2.5,  25.7,  0.467, -0.006,  0.000,5424197.3,  1,  21.8,   1.0, 0.100
2025-10-16 15:39:24,        0,  29.8,   2.4,  25.7,  0.461, -0.006,  0.000,5424191.5,  1,  21.7,   1.0, 0.100
2025-10-16 15:39:25,        0,  29.8,   2.5,  25.6,  0.455, -0.006,  0.000,5424185.6,  1,  21.8,   1.0, 0.100
2025-10-16 15:39:26,        0,  29.8,   2.5,  25.7,  0.448, -0.005,  0.000,5424178.9,  1,  21.8,   1.0, 0.100
2025-10-16 15:39:27,        0,  29.8,   2.4,  25.6,  0.442, -0.006,  0.000,5424173.5,  1,  21.8,   1.0, 0.100
2025-10-16 15:39:28,        0,  29.8,   2.5,  25.6,  0.434, -0.006,  0.000,5424167.6,  1,  21.8,   1.0, 0.100
2025-10-16 15:39:29,        0,  29.8,   2.4,  25.6,  0.429, -0.005,  0.000,5424161.7,  1,  21.8,   1.0, 0.100
2025-10-16 15:39:30,        0,  29.8,   2.4,  25.6,  0.422, -0.006,  0.000,5424156.3,  1,  21.8,   1.0, 0.100
2025-10-16 15:39:31,        0,  29.8,   2.5,  25.6,  0.417, -0.006,  0.000,5424150.4,  1,  21.8,   0.9, 0.100
2025-10-16 15:39:32,        0,  29.8,   2.5,  25.6,  0.410, -0.005,  0.000,5424146.2,  1,  21.8,   0.9, 0.100
2025-10-16 15:39:33,        0,  29.8,   2.5,  25.7,  0.405, -0.005,  0.000,5424140.3,  1,  21.8,   0.9, 0.100
2025-10-16 15:39:34,        0,  29.8,   2.5,  25.6,  0.400, -0.005,  0.000,5424135.7,  1,  21.8,   0.9, 0.100
2025-10-16 15:39:35,        0,  29.8,   2.5,  25.6,  0.394, -0.005,  0.000,5424129.5,  1,  21.8,   0.9, 0.100
2025-10-16 15:39:36,        0,  29.8,   2.5,  25.6,  0.390, -0.005,  0.000,5424124.4,  1,  21.7,   0.9, 0.100
2025-10-16 15:39:37,        0,  29.8,   2.5,  25.6,  0.384, -0.005,  0.000,5424119.8,  1,  21.7,   0.9, 0.100
2025-10-16 15:39:38,        0,  29.8,   2.5,  25.6,  0.380, -0.005,  0.000,5424114.4,  1,  21.8,   0.9, 0.100
2025-10-16 15:39:39,        0,  29.8,   2.4,  25.6,  0.374, -0.005,  0.000,5424108.5,  1,  21.8,   0.9, 0.100
2025-10-16 15:39:40,        0,  29.8,   2.4,  25.6,  0.370, -0.005,  0.000,5424103.9,  1,  21.8,   0.8, 0.100
2025-10-16 15:39:41,        0,  29.8,   2.4,  25.6,  0.367, -0.005,  0.000,5424098.9,  1,  21.8,   0.8, 0.100
2025-10-16 15:39:42,        0,  29.8,   2.5,  25.6,  0.361, -0.005,  0.000,5424094.7,  1,  21.8,   0.8, 0.100
2025-10-16 15:39:43,        0,  29.8,   2.5,  25.6,  0.355, -0.005,  0.000,5424088.8,  1,  21.8,   0.8, 0.100
2025-10-16 15:39:44,        0,  29.8,   2.5,  25.7,  0.352, -0.005,  0.000,5424084.6,  1,  21.7,   0.8, 0.100
2025-10-16 15:39:45,        0,  29.9,   2.6,  25.6,  0.348, -0.004,  0.000,5424080.8,  1,  21.8,   0.8, 0.100
2025-10-16 15:39:46,        0,  29.8,   2.5,  25.6,  0.343, -0.004,  0.000,5424076.2,  1,  21.8,   0.9, 0.100
2025-10-16 15:39:47,        0,  29.8,   2.5,  25.7,  0.339, -0.004,  0.000,5424071.6,  1,  21.8,   0.8, 0.100
2025-10-16 15:39:48,        0,  29.8,   2.5,  25.6,  0.334, -0.004,  0.000,5424067.0,  1,  21.8,   0.8, 0.100
2025-10-16 15:39:49,        0,  29.8,   2.4,  25.6,  0.330, -0.004,  0.000,5424063.2,  1,  21.8,   0.8, 0.100
2025-10-16 15:39:50,        0,  29.8,   2.5,  25.6,  0.328, -0.004,  0.000,5424059.0,  1,  21.8,   0.8, 0.100
2025-10-16 15:39:51,        0,  29.8,   2.5,  25.6,  0.324, -0.005,  0.000,5424054.4,  1,  21.8,   0.8, 0.100
2025-10-16 15:39:52,        0,  29.8,   2.4,  25.6,  0.319, -0.005,  0.000,5424049.8,  1,  21.8,   0.9, 0.100
2025-10-16 15:39:53,        0,  29.8,   2.5,  25.6,  0.314, -0.004,  0.000,5424046.5,  1,  21.8,   0.9, 0.100
2025-10-16 15:39:54,        0,  29.8,   2.5,  25.6,  0.310, -0.004,  0.000,5424043.1,  1,  21.8,   0.8, 0.100
2025-10-16 15:39:55,        0,  29.8,   2.5,  25.7,  0.306, -0.003,  0.000,5424038.5,  1,  21.8,   0.9, 0.100
2025-10-16 15:39:56,        0,  29.8,   2.5,  25.6,  3.447,  2.364,  0.014,5425968.4,  1,  21.8,   0.9, 0.100
2025-10-16 15:39:57,        0,  29.8,   2.4,  25.6,  2.354,  0.758,  0.002,5427005.7,  1,  21.8,   0.9, 0.100
2025-10-16 15:39:58,        0,  29.7,   2.2,  25.6,  1.196,  0.008,8005.878,5427022.9,  1,  21.8,   0.9, 0.100
2025-10-16 15:39:59,        0,  29.7,   2.2,  25.6,  1.096, -0.004,  0.000,5427020.0,  1,  21.8,   0.8, 0.100
2025-10-16 15:40:00,        0,  29.7,   2.2,  25.7,  1.011, -0.007,  0.000,5427011.6,  1,  21.8,   0.8, 0.100
2025-10-16 15:40:01,        0,  29.7,   2.2,  25.7,  0.968, -0.008,  0.000,5427004.4,  1,  21.8,   0.9, 0.100
2025-10-16 15:40:02,        0,  29.8,   2.4,  25.6,  0.930, -0.008,  0.000,5426996.9,  1,  21.8,   0.8, 0.100
2025-10-16 15:40:03,        0,  29.7,   2.0,  25.6,  0.879, -0.008,  0.000,5426988.5,  1,  21.8,   0.9, 0.100
2025-10-16 15:40:04,        0,  29.8,   2.4,  25.6,  0.850, -0.009,  0.000,5426978.5,  1,  21.8,   0.9, 0.100
2025-10-16 15:40:05,        0,  29.8,   2.4,  25.6,  0.812, -0.009,  0.000,5426970.5,  1,  21.8,   0.8, 0.100
2025-10-16 15:40:06,        0,  29.7,   2.2,  25.6,  0.789, -0.009,  0.000,5426962.5,  1,  21.8,   0.9, 0.100
2025-10-16 15:40:07,        0,  29.8,   2.4,  25.6,  0.768, -0.008,  0.000,5426954.2,  1,  21.8,   0.9, 0.100
2025-10-16 15:40:08,        0,  29.7,   2.2,  25.7,  0.739, -0.009,  0.000,5426945.4,  1,  21.8,   0.9, 0.100
2025-10-16 15:40:09,        0,  29.8,   2.4,  25.6,  0.724, -0.008,  0.000,5426937.0,  1,  21.8,   0.9, 0.100
2025-10-16 15:40:10,        0,  29.8,   2.4,  25.6,  0.700, -0.009,  0.000,5426929.4,  1,  21.8,   0.9, 0.100
