Time, Cnts,  %T, set_Cell[mA], Cell[°C], Cell[Volt], Cell[mA], Cell[W], Cell[uAs], Cell_ON, Env[°C], TEC[°C], N2Flow[slpm]
2025-10-16 13:17:07,        0,  29.8,   2.4,  25.2,  0.148, -0.002,  0.000,     -2.0,  1,  21.9,   1.0, 0.100
2025-10-16 13:17:08,        0,  29.8,   2.4,  25.2,  0.148, -0.002,  0.000,     -3.7,  1,  21.9,   1.0, 0.100
2025-10-16 13:17:09,        0,  29.8,   2.4,  25.3,  0.148, -0.002,  0.000,     -5.7,  1,  21.9,   1.0, 0.100
2025-10-16 13:17:10,        0,  29.8,   2.5,  25.2,  0.148, -0.002,  0.000,     -8.0,  1,  21.9,   1.0, 0.098
2025-10-16 13:17:11,        0,  29.9,   2.6,  25.3,  0.148, -0.002,  0.000,    -10.0,  1,  21.9,   1.0, 0.096
2025-10-16 13:17:12,        0,  29.9,   2.6,  25.3,  0.148, -0.002,  0.000,    -11.7,  1,  21.9,   1.0, 0.094
2025-10-16 13:17:13,        0,  29.8,   2.4,  25.3,  0.148, -0.002,  0.000,    -14.3,  1,  21.9,   1.0, 0.093
2025-10-16 13:17:14,        0,  29.8,   2.4,  25.2,  0.148, -0.002,  0.000,    -16.3,  1,  21.9,   1.0, 0.091
2025-10-16 13:17:15,        0,  29.8,   2.4,  25.2,  0.148, -0.002,  0.000,    -18.3,  1,  21.9,   1.0, 0.091
2025-10-16 13:17:16,        0,  29.8,   2.4,  25.3,  0.148, -0.002,  0.000,    -20.3,  1,  21.9,   1.0, 0.090
2025-10-16 13:17:17,        0,  29.8,   2.4,  25.2,  0.148, -0.002,  0.000,    -22.9,  1,  21.9,   1.0, 0.090
2025-10-16 13:17:18,        0,  29.8,   2.4,  25.2,  0.149, -0.002,  0.000,    -25.2,  1,  21.9,   1.0, 0.090
2025-10-16 13:17:19,        0,  29.8,   2.4,  25.2,  0.148, -0.002,  0.000,    -26.9,  1,  21.9,   1.0, 0.090
2025-10-16 13:17:20,        0,  29.9,   2.6,  25.2,  0.148, -0.002,  0.000,    -28.9,  1,  21.9,   1.0, 0.091
2025-10-16 13:17:21,        0,  29.8,   2.4,  25.2,  0.148, -0.002,  0.000,    -31.2,  1,  21.9,   1.0, 0.091
2025-10-16 13:17:22,        0,  29.9,   2.7,  25.2,  0.148, -0.002,  0.000,    -33.2,  1,  21.9,   1.0, 0.091
2025-10-16 13:17:23,        0,  30.0,   3.1,  25.2,  6.084,  4.331,  0.026,   3366.3,  1,  21.9,   1.0, 0.092
2025-10-16 13:17:24,        0,  30.2,   3.6,  25.2,  6.375,  4.580,  0.029,   7726.5,  1,  21.9,   1.0, 0.092
2025-10-16 13:17:25,        0,  30.4,   4.1,  25.3,  7.130,  5.301,  0.038,  13884.3,  1,  21.9,   1.0, 0.092
2025-10-16 13:17:26,        0,  30.7,   5.0,  25.2,  6.991,  5.158,  0.036,  19057.0,  1,  21.9,   1.0, 0.092
2025-10-16 13:17:27,        0,  30.9,   5.7,  25.2,  9.454,  7.517,  0.071,  25775.5,  1,  21.9,   1.0, 0.093
2025-10-16 13:17:28,        0,  31.4,   7.1,  25.2, 10.768,  8.763,  0.095,  33836.2,  1,  21.9,   1.0, 0.093
2025-10-16 13:17:29,        0,  32.1,   9.2,  25.2, 15.559, 13.373,  0.208,  47525.3,  1,  21.9,   1.0, 0.093
2025-10-16 13:17:30,        0,  33.2,  12.7,  25.2, 16.489, 14.252,  0.238,  60812.8,  1,  21.9,   1.0, 0.096
2025-10-16 13:17:31,        0,  33.5,  13.6,  25.2, 18.602, 16.249,  0.303,  76436.8,  1,  21.9,   1.0, 0.100
2025-10-16 13:17:32,        0,  33.8,  14.5,  25.2, 21.687, 19.201,  0.419,  94146.0,  1,  21.9,   1.0, 0.333
2025-10-16 13:17:33,        0,  35.9,  20.7,  25.2, 24.740, 22.183,  0.552, 118589.1,  1,  21.9,   1.0, 0.115
2025-10-16 13:17:34,        0,  40.2,  33.5,  25.2, 33.043, 30.330,  1.004, 146649.5,  1,  21.8,   1.0, 0.099
2025-10-16 13:17:35,        0,  38.9,  29.8,  25.2, 40.830, 38.103,  1.556, 181708.4,  1,  21.8,   1.0, 0.097
2025-10-16 13:17:36,        0,  40.9,  35.8,  25.1, 44.141, 41.591,  1.840, 218961.8,  1,  21.8,   1.0, 0.097
2025-10-16 13:17:37,        0,  43.2,  42.6,  25.2, 49.190, 46.888,  2.309, 271473.3,  1,  21.9,   1.0, 0.098
2025-10-16 13:17:38,        0,  45.0,  48.0,  25.2, 53.302, 51.011,  2.733, 318384.7,  1,  21.8,   1.0, 0.098
2025-10-16 13:17:39,        0,  45.9,  50.8,  25.2, 52.936, 50.437,  2.670, 367953.3,  1,  21.9,   1.0, 0.099
2025-10-16 13:17:40,        0,  38.5,  28.6,  25.2, 55.202, 52.136,  2.886, 414148.8,  1,  21.8,   1.0, 0.099
2025-10-16 13:17:41,        0,  45.9,  50.6,  25.2, 60.794, 56.817,  3.456, 471335.0,  1,  21.8,   1.0, 0.099
2025-10-16 13:17:42,        0,  45.7,  50.1,  25.2, 55.455, 50.660,  2.811, 521758.2,  1,  21.8,   1.0, 0.099
2025-10-16 13:17:43,        0,  46.8,  53.3,  25.2, 64.049, 58.300,  3.735, 577035.2,  1,  21.8,   1.0, 0.100
2025-10-16 13:17:44,        0,  43.1,  42.2,  25.2, 61.282, 55.284,  3.404, 629243.4,  1,  21.9,   1.0, 0.100
2025-10-16 13:17:45,        0,  40.4,  34.2,  25.2, 70.060, 63.133,  4.427, 696143.6,  1,  21.9,   1.0, 0.100
2025-10-16 13:17:46,        0,  45.8,  50.5,  25.2, 44.914, 39.621,  1.780, 734983.7,  1,  21.9,   1.0, 0.100
2025-10-16 13:17:47,        0,  45.5,  49.6,  25.3, 68.381, 60.899,  4.165, 789801.2,  1,  21.9,   1.0, 0.111
2025-10-16 13:17:48,        0,  45.7,  50.1,  25.3, 62.218, 54.988,  3.423, 841386.3,  1,  21.9,   1.0, 0.112
2025-10-16 13:17:49,        0,  43.7,  44.2,  25.2, 64.548, 56.996,  3.679, 907059.0,  1,  21.9,   1.0, 0.101
2025-10-16 13:17:50,        0,  45.5,  49.6,  25.3, 50.819, 44.318,  2.264, 950138.9,  1,  21.9,   1.0, 0.094
2025-10-16 13:17:51,        0,  41.4,  37.3,  25.2, 45.637, 39.460,  1.880, 990568.9,  1,  21.8,   1.0, 0.094
2025-10-16 13:17:52,        0,  40.4,  34.2,  25.3, 42.731, 36.564,  1.563,1028680.3,  1,  21.9,   1.0, 0.095
2025-10-16 13:17:53,        0,  42.3,  39.8,  25.3, 49.708, 42.525,  2.119,1077978.9,  1,  21.9,   1.0, 0.095
2025-10-16 13:17:54,        0,  41.2,  36.7,  25.3, 47.063, 39.946,  1.880,1116700.7,  1,  21.9,   1.0, 0.096
2025-10-16 13:17:55,        0,  39.2,  30.7,  25.3, 43.769, 36.904,  1.620,1153078.4,  1,  21.8,   1.0, 0.096
2025-10-16 13:17:56,        0,  40.0,  33.1,  25.3, 43.626, 36.603,  1.605,1196820.0,  1,  21.9,   1.0, 0.097
2025-10-16 13:17:57,        0,  36.4,  22.3,  25.3, 42.795, 35.766,  1.537,1230407.2,  1,  21.9,   1.0, 0.097
2025-10-16 13:17:58,        0,  40.6,  34.9,  25.3, 42.632, 35.648,  1.552,1264681.5,  1,  21.9,   1.0, 0.097
2025-10-16 13:17:59,        0,  41.4,  37.2,  25.3, 44.063, 36.563,  1.621,1300539.0,  1,  21.9,   1.0, 0.098
2025-10-16 13:18:00,        0,  41.3,  36.8,  25.3, 46.649, 38.745,  1.809,1345905.0,  1,  21.9,   1.0, 0.098
2025-10-16 13:18:01,        0,  39.5,  31.6,  25.3, 32.648, 26.630,  0.874,1377409.3,  1,  21.9,   1.0, 0.098
2025-10-16 13:18:02,        0,  40.0,  33.0,  25.3, 41.238, 33.994,  1.431,1411440.5,  1,  21.9,   1.0, 0.098
2025-10-16 13:18:03,        0,  38.9,  29.8,  25.3, 42.843, 35.279,  1.514,1446904.7,  1,  21.9,   1.0, 0.099
2025-10-16 13:18:04,        0,  36.6,  22.8,  25.3, 48.328, 39.886,  1.930,1490036.5,  1,  21.9,   1.0, 0.099
2025-10-16 13:18:05,        0,  40.1,  33.3,  25.3, 36.820, 30.012,  1.113,1518813.6,  1,  21.9,   1.0, 0.099
2025-10-16 13:18:06,        0,  39.5,  31.6,  25.3, 47.929, 39.415,  1.896,1555018.4,  1,  21.9,   1.0, 0.099
2025-10-16 13:18:07,        0,  41.2,  36.5,  25.3, 38.473, 31.326,  1.211,1586080.0,  1,  21.9,   1.0, 0.099
2025-10-16 13:18:08,        0,  39.8,  32.4,  25.3, 45.176, 36.948,  1.674,1630336.3,  1,  21.9,   1.0, 0.099
2025-10-16 13:18:09,        0,  39.4,  31.2,  25.3, 43.246, 35.229,  1.524,1663533.0,  1,  21.9,   1.0, 0.099
2025-10-16 13:18:10,        0,  39.8,  32.4,  25.3, 39.968, 32.408,  1.299,1694603.7,  1,  21.9,   1.0, 0.099
2025-10-16 13:18:11,        0,  40.5,  34.5,  25.3, 42.552, 34.571,  1.472,1728596.6,  1,  21.9,   1.0, 0.100
2025-10-16 13:18:12,        0,  40.9,  35.6,  25.3, 41.904, 33.923,  1.427,1769745.0,  1,  21.9,   1.0, 0.100
2025-10-16 13:18:13,        0,  39.5,  31.6,  25.3, 43.698, 35.415,  1.548,1804689.6,  1,  21.9,   0.9, 0.100
2025-10-16 13:18:14,        0,  40.2,  33.5,  25.3, 46.390, 37.640,  1.747,1838482.9,  1,  21.9,   1.0, 0.100
2025-10-16 13:18:15,        0,  39.1,  30.3,  25.3, 43.780, 35.446,  1.558,1873972.5,  1,  21.9,   1.0, 0.100
2025-10-16 13:18:16,        0,  41.4,  37.3,  25.3, 50.365, 40.993,  2.076,1917152.1,  1,  21.9,   0.9, 0.100
2025-10-16 13:18:17,        0,  36.8,  23.3,  25.3, 50.374, 40.991,  2.068,1953808.0,  1,  21.9,   0.9, 0.100
2025-10-16 13:18:18,        0,  38.7,  29.1,  25.3, 43.975, 35.451,  1.570,1984546.3,  1,  21.9,   1.0, 0.100
2025-10-16 13:18:19,        0,  42.7,  41.0,  25.3, 46.734, 37.813,  1.773,2020183.0,  1,  21.9,   1.0, 0.100
2025-10-16 13:18:20,        0,  42.1,  39.3,  25.3, 50.830, 41.255,  2.098,2069244.4,  1,  21.9,   0.9, 0.100
2025-10-16 13:18:21,        0,  42.7,  41.2,  25.3, 55.676, 45.368,  2.527,2112530.5,  1,  21.9,   1.0, 0.100
2025-10-16 13:18:22,        0,  42.6,  40.8,  25.3, 52.159, 42.522,  2.222,2153892.0,  1,  21.9,   1.0, 0.100
2025-10-16 13:18:23,        0,  41.0,  36.1,  25.3, 52.785, 43.046,  2.276,2196107.9,  1,  21.9,   1.0, 0.100
2025-10-16 13:18:24,        0,  42.8,  41.5,  25.4, 55.456, 45.231,  2.510,2238964.5,  1,  21.9,   1.0, 0.100
2025-10-16 13:18:25,        0,  44.0,  45.1,  25.4, 55.784, 45.551,  2.542,2290990.4,  1,  21.9,   1.0, 0.100
2025-10-16 13:18:26,        0,  41.5,  37.5,  25.3, 58.266, 47.640,  2.778,2336367.9,  1,  21.9,   0.9, 0.100
2025-10-16 13:18:27,        0,  42.0,  39.1,  25.4, 55.668, 45.485,  2.541,2378636.8,  1,  21.9,   0.9, 0.100
2025-10-16 13:18:28,        0,  44.1,  45.2,  25.3, 50.094, 40.707,  2.051,2419958.1,  1,  21.9,   0.9, 0.100
2025-10-16 13:18:29,        0,  43.7,  44.2,  25.4, 61.063, 50.045,  3.070,2476548.8,  1,  21.9,   0.9, 0.100
2025-10-16 13:18:30,        0,  41.3,  37.0,  25.4, 66.018, 54.169,  3.578,2525092.3,  1,  21.9,   0.9, 0.100
2025-10-16 13:18:31,        0,  44.5,  46.6,  25.4, 55.714, 45.390,  2.536,2568038.1,  1,  21.9,   0.9, 0.100
2025-10-16 13:18:32,        0,  43.9,  44.7,  25.4, 62.577, 51.280,  3.209,2616628.6,  1,  21.9,   0.9, 0.100
2025-10-16 13:18:33,        0,  45.1,  48.2,  25.4, 71.949, 59.248,  4.264,2681660.8,  1,  21.9,   0.9, 0.100
2025-10-16 13:18:34,        0,  46.7,  53.1,  25.4, 67.878, 55.675,  3.780,2734464.9,  1,  21.9,   0.9, 0.100
2025-10-16 13:18:35,        0,  43.9,  44.7,  25.4, 66.586, 54.628,  3.654,2788228.4,  1,  21.9,   0.8, 0.100
2025-10-16 13:18:36,        0,  46.4,  52.2,  25.4, 68.216, 56.018,  3.839,2841978.4,  1,  21.9,   0.9, 0.100
2025-10-16 13:18:37,        0,  43.0,  42.1,  25.4, 64.806, 52.907,  3.433,2893878.9,  1,  21.9,   0.9, 0.100
2025-10-16 13:18:38,        0,  43.8,  44.5,  25.4, 64.544, 52.647,  3.399,2955466.0,  1,  21.9,   0.9, 0.100
2025-10-16 13:18:39,        0,  45.9,  50.6,  25.5, 60.968, 49.587,  3.034,3002954.7,  1,  21.9,   0.9, 0.100
2025-10-16 13:18:40,        0,  47.9,  56.6,  25.5, 53.607, 43.350,  2.354,3050581.3,  1,  21.9,   0.9, 0.100
2025-10-16 13:18:41,        0,  43.3,  42.8,  25.5, 67.871, 55.335,  3.784,3104587.2,  1,  21.9,   0.9, 0.100
2025-10-16 13:18:42,        0,  43.9,  44.7,  25.4, 59.394, 48.181,  2.884,3162674.4,  1,  21.9,   0.9, 0.100
2025-10-16 13:18:43,        0,  41.1,  36.3,  25.5, 63.605, 51.565,  3.291,3212196.1,  1,  21.9,   0.9, 0.100
2025-10-16 13:18:44,        0,  43.8,  44.3,  25.5, 55.102, 44.386,  2.464,3254494.1,  1,  21.9,   0.9, 0.100
2025-10-16 13:18:45,        0,  43.5,  43.5,  25.5, 60.369, 48.762,  2.949,3298837.3,  1,  21.9,   0.9, 0.100
2025-10-16 13:18:46,        0,  45.1,  48.4,  25.5, 69.070, 55.977,  3.874,3359546.6,  1,  21.9,   1.0, 0.100
2025-10-16 13:18:47,        0,  46.0,  51.0,  25.5, 64.266, 51.988,  3.345,3403865.7,  1,  21.8,   0.9, 0.100
2025-10-16 13:18:48,        0,  40.6,  34.9,  25.5, 61.886, 50.152,  3.116,3455494.5,  1,  21.9,   0.9, 0.100
2025-10-16 13:18:49,        0,  44.1,  45.2,  25.5, 64.491, 52.180,  3.368,3501425.0,  1,  21.9,   0.9, 0.100
2025-10-16 13:18:50,        0,  44.7,  47.1,  25.5, 58.500, 47.019,  2.765,3549210.4,  1,  21.9,   0.9, 0.100
2025-10-16 13:18:51,        0,  44.4,  46.1,  25.5, 61.977, 49.931,  3.098,3607754.3,  1,  21.9,   1.0, 0.100
2025-10-16 13:18:52,        0,  42.7,  41.0,  25.5, 63.206, 51.026,  3.231,3654428.1,  1,  21.9,   0.9, 0.100
2025-10-16 13:18:53,        0,  38.4,  28.1,  25.5, 50.769, 40.312,  2.051,3694698.5,  1,  21.9,   0.9, 0.100
2025-10-16 13:18:54,        0,  42.1,  39.4,  25.5, 54.622, 43.427,  2.388,3731285.5,  1,  21.9,   1.0, 0.100
2025-10-16 13:18:55,        0,  42.6,  40.7,  25.5, 52.853, 41.708,  2.215,3782433.1,  1,  21.9,   1.0, 0.100
2025-10-16 13:18:56,        0,  41.9,  38.6,  25.5, 59.586, 47.340,  2.824,3827790.1,  1,  21.9,   0.9, 0.100
2025-10-16 13:18:57,        0,  39.3,  31.0,  25.5, 54.314, 42.960,  2.338,3867142.3,  1,  21.9,   1.0, 0.100
2025-10-16 13:18:58,        0,  42.0,  39.1,  25.5, 48.209, 37.661,  1.828,3902523.2,  1,  21.9,   1.0, 0.100
2025-10-16 13:18:59,        0,  40.5,  34.4,  25.5, 48.338, 37.703,  1.828,3951074.9,  1,  21.8,   1.0, 0.100
2025-10-16 13:19:00,        0,  38.7,  29.1,  25.5, 53.389, 41.776,  2.232,3989744.8,  1,  21.9,   1.0, 0.100
2025-10-16 13:19:01,        0,  41.7,  38.0,  25.5, 48.470, 37.605,  1.837,4023302.2,  1,  21.9,   1.0, 0.100
2025-10-16 13:19:02,        0,  38.2,  27.5,  25.5, 52.102, 40.479,  2.112,4060037.2,  1,  21.8,   1.0, 0.100
2025-10-16 13:19:03,        0,  38.3,  27.9,  25.5, 41.682, 31.845,  1.343,4098546.6,  1,  21.9,   1.0, 0.100
2025-10-16 13:19:04,        0,  39.3,  31.0,  25.6, 44.030, 33.577,  1.482,4129183.2,  1,  21.8,   1.0, 0.100
2025-10-16 13:19:05,        0,  40.2,  33.7,  25.6, 45.854, 35.023,  1.621,4162315.2,  1,  21.8,   1.0, 0.100
2025-10-16 13:19:06,        0,  36.4,  22.3,  25.6, 52.294, 40.230,  2.105,4199100.1,  1,  21.8,   1.0, 0.100
2025-10-16 13:19:07,        0,  37.6,  25.8,  25.6, 46.504, 35.390,  1.658,4230282.0,  1,  21.9,   1.0, 0.100
2025-10-16 13:19:08,        0,  38.6,  28.8,  25.6, 41.453, 31.246,  1.303,4266027.9,  1,  21.9,   1.0, 0.100
2025-10-16 13:19:09,        0,  37.9,  26.7,  25.6, 40.264, 30.134,  1.214,4295479.8,  1,  21.9,   1.0, 0.100
2025-10-16 13:19:10,        0,  38.2,  27.7,  25.6, 45.899, 34.611,  1.598,4326957.6,  1,  21.9,   1.0, 0.100
2025-10-16 13:19:11,        0,  37.6,  25.8,  25.6, 31.776, 23.371,  0.755,4351952.0,  1,  21.8,   1.0, 0.100
2025-10-16 13:19:12,        0,  37.4,  25.3,  25.5, 39.673, 29.451,  1.169,4384600.8,  1,  21.9,   1.0, 0.100
2025-10-16 13:19:13,        0,  36.4,  22.1,  25.6, 37.903, 27.988,  1.065,4411195.7,  1,  21.8,   1.0, 0.100
2025-10-16 13:19:14,        0,  38.4,  28.2,  25.6, 39.776, 29.404,  1.172,4438176.2,  1,  21.9,   1.0, 0.100
2025-10-16 13:19:15,        0,  36.0,  21.1,  25.6, 30.802, 22.375,  0.706,4462541.6,  1,  21.8,   1.0, 0.100
2025-10-16 13:19:16,        0,  36.5,  22.5,  25.6, 29.666, 21.363,  0.636,4488601.8,  1,  21.8,   1.0, 0.100
2025-10-16 13:19:17,        0,  34.5,  16.5,  25.6, 38.770, 28.345,  1.100,4513442.0,  1,  21.9,   1.0, 0.100
2025-10-16 13:19:18,        0,  34.4,  16.2,  25.6, 26.876, 19.039,  0.514,4532082.9,  1,  21.8,   1.0, 0.100
2025-10-16 13:19:19,        0,  36.7,  23.2,  25.6, 35.059, 25.272,  0.888,4553979.4,  1,  21.9,   1.0, 0.100
2025-10-16 13:19:20,        0,  35.8,  20.5,  25.6, 26.750, 18.822,  0.510,4579836.7,  1,  21.8,   1.0, 0.100
2025-10-16 13:19:21,        0,  34.0,  15.1,  25.6, 34.072, 24.417,  0.838,4602197.5,  1,  21.9,   1.0, 0.100
2025-10-16 13:19:22,        0,  34.2,  15.7,  25.6, 27.517, 19.379,  0.540,4620594.5,  1,  21.9,   1.0, 0.100
2025-10-16 13:19:23,        0,  35.9,  20.7,  25.6, 27.555, 19.370,  0.540,4638152.9,  1,  21.9,   1.0, 0.100
2025-10-16 13:19:24,        0,  32.3,   9.9,  25.6, 29.769, 20.988,  0.628,4658124.1,  1,  21.8,   1.0, 0.100
2025-10-16 13:19:25,        0,  35.0,  17.9,  25.6, 27.717, 19.367,  0.538,4676205.9,  1,  21.8,   1.0, 0.100
2025-10-16 13:19:26,        0,  32.6,  10.7,  25.6, 21.672, 14.812,  0.333,4690997.1,  1,  21.8,   1.0, 0.100
2025-10-16 13:19:27,        0,  33.9,  14.6,  25.6, 24.949, 17.210,  0.432,4706848.1,  1,  21.8,   1.0, 0.100
2025-10-16 13:19:28,        0,  34.6,  16.7,  25.6, 25.229, 17.404,  0.439,4722580.5,  1,  21.8,   1.0, 0.100
2025-10-16 13:19:29,        0,  33.5,  13.6,  25.6, 25.371, 17.435,  0.445,4742175.3,  1,  21.8,   1.0, 0.100
2025-10-16 13:19:30,        0,  33.3,  12.9,  25.6, 24.873, 17.038,  0.424,4758409.8,  1,  21.8,   1.0, 0.100
2025-10-16 13:19:31,        0,  33.5,  13.6,  25.6, 20.374, 13.657,  0.279,4771986.0,  1,  21.9,   1.0, 0.100
2025-10-16 13:19:32,        0,  33.8,  14.3,  25.6, 22.231, 14.991,  0.335,4789826.8,  1,  21.8,   1.0, 0.100
2025-10-16 13:19:33,        0,  33.2,  12.5,  25.6, 21.057, 14.081,  0.299,4804106.7,  1,  21.8,   1.0, 0.100
2025-10-16 13:19:34,        0,  32.4,  10.2,  25.6, 20.409, 13.582,  0.278,4818044.1,  1,  21.8,   1.0, 0.100
2025-10-16 13:19:35,        0,  31.0,   5.9,  25.6, 20.708, 13.768,  0.285,4830368.0,  1,  21.8,   1.0, 0.100
2025-10-16 13:19:36,        0,  31.6,   7.8,  25.6, 17.018, -0.000,  0.189,4839679.0,  1,  21.8,   1.0, 0.100
2025-10-16 13:19:37,        0,  31.8,   8.5,  25.6, 18.922, 12.394,  0.236,4852878.4,  1,  21.8,   1.0, 0.100
2025-10-16 13:19:38,        0,  32.3,   9.9,  25.6, 19.944, 13.162,  0.263,4864184.4,  1,  21.8,   1.0, 0.100
2025-10-16 13:19:39,        0,  32.2,   9.7,  25.6, 16.840, 10.854,  0.183,4874179.8,  1,  21.8,   1.0, 0.100
2025-10-16 13:19:40,        0,  30.7,   5.2,  25.6, 18.199, 11.827,  0.218,4885298.8,  1,  21.8,   1.0, 0.100
2025-10-16 13:19:41,        0,  32.4,  10.1,  25.6, 16.491, 10.536,  0.176,4896491.2,  1,  21.8,   1.0, 0.100
2025-10-16 13:19:42,        0,  32.1,   9.2,  25.6, 17.364, 11.167,  0.194,4907363.7,  1,  21.8,   1.0, 0.100
2025-10-16 13:19:43,        0,  31.2,   6.7,  25.6, 12.647,  7.725,  0.101,4915266.2,  1,  21.8,   1.0, 0.100
2025-10-16 13:19:44,        0,  31.4,   7.1,  25.6, 16.193, 10.270,  0.168,4923754.1,  1,  21.9,   1.0, 0.100
2025-10-16 13:19:45,        0,  31.7,   8.1,  25.6, 16.864, 10.725,  0.182,4934576.9,  1,  21.8,   1.0, 0.100
2025-10-16 13:19:46,        0,  31.8,   8.3,  25.6, 15.402,  9.683,  0.150,4942178.4,  1,  21.8,   1.0, 0.100
2025-10-16 13:19:47,        0,  30.9,   5.7,  25.6, 16.452, 10.425,  0.172,4951956.7,  1,  21.8,   1.0, 0.100
2025-10-16 13:19:48,        0,  32.0,   9.0,  25.6, 11.955,  7.157,  0.086,4959425.4,  1,  21.8,   1.0, 0.100
2025-10-16 13:19:49,        0,  29.3,   1.0,  25.6, 12.867,  7.803,  0.102,4969344.1,  1,  21.8,   1.0, 0.100
2025-10-16 13:19:50,        0,  31.5,   7.4,  25.6, 12.049,  7.174,  0.090,4975053.9,  1,  21.8,   1.0, 0.100
2025-10-16 13:19:51,        0,  32.0,   9.0,  25.6, 14.628,  9.042,  0.132,4983789.9,  1,  21.8,   1.0, 0.100
2025-10-16 13:19:52,        0,  31.4,   7.1,  25.6, 13.018,  7.884,  0.103,4992243.9,  1,  21.8,   1.0, 0.100
2025-10-16 13:19:53,        0,  30.7,   5.0,  25.6, 12.327,  7.360,  0.092,5001424.2,  1,  21.8,   1.0, 0.100
2025-10-16 13:19:54,        0,  31.4,   7.3,  25.6, 12.330,  7.358,  0.091,5008097.0,  1,  21.8,   1.0, 0.100
2025-10-16 13:19:55,        0,  30.8,   5.5,  25.7, 12.623,  7.568,  0.100,5015177.7,  1,  21.8,   1.0, 0.100
2025-10-16 13:19:56,        0,  30.5,   4.6,  25.6, 12.715,  7.611,  0.097,5022327.0,  1,  21.8,   1.0, 0.100
2025-10-16 13:19:57,        0,  30.9,   5.7,  25.6,  7.722,  4.067,  0.035,5028972.6,  1,  21.8,   0.9, 0.100
2025-10-16 13:19:58,        0,  30.5,   4.5,  25.6, 12.015,  7.078,  0.085,5035192.8,  1,  21.8,   0.9, 0.100
2025-10-16 13:19:59,        0,  29.2,   0.6,  25.6, 11.840,  6.953,  0.083,5041230.3,  1,  21.8,   0.9, 0.100
2025-10-16 13:20:00,        0,  30.8,   5.5,  25.6,  7.406,  3.829,  0.034,5044899.0,  1,  21.8,   0.9, 0.100
2025-10-16 13:20:01,        0,  30.4,   4.3,  25.6, 12.253, -0.000,  0.089,5052988.0,  1,  21.8,   1.0, 0.100
2025-10-16 13:20:02,        0,  30.7,   5.2,  25.7, 11.178,  6.479,  0.073,5059156.2,  1,  21.8,   0.9, 0.100
2025-10-16 13:20:03,        0,  30.8,   5.5,  25.6,  9.604,  5.362,  0.053,5064857.2,  1,  21.8,   0.9, 0.100
2025-10-16 13:20:04,        0,  30.0,   3.1,  25.6, 12.263,  7.241,  0.089,5071538.0,  1,  21.8,   1.0, 0.100
2025-10-16 13:20:05,        0,  30.5,   4.5,  25.7,  8.698,  4.709,  0.041,5076169.8,  1,  21.8,   1.0, 0.100
2025-10-16 13:20:06,        0,  30.8,   5.5,  25.6, 11.359,  6.580,  0.075,5083126.0,  1,  21.8,   1.0, 0.100
2025-10-16 13:20:07,        0,  30.0,   3.1,  25.6, 10.687,  6.130,  0.066,5088898.2,  1,  21.8,   1.0, 0.100
2025-10-16 13:20:08,        0,  30.3,   3.9,  25.6,  9.595,  5.351,  0.052,5093620.1,  1,  21.8,   1.0, 0.100
2025-10-16 13:20:09,        0,  30.6,   4.8,  25.7, 10.312,  5.847,  0.060,5099233.5,  1,  21.8,   1.0, 0.100
2025-10-16 13:20:10,        0,  29.9,   2.7,  25.6,  4.971,  2.118,  0.012,5103485.6,  1,  21.8,   1.0, 0.100
2025-10-16 13:20:11,        0,  30.1,   3.4,  25.6,  6.723,  3.323,  0.026,5106532.4,  1,  21.8,   1.0, 0.100
2025-10-16 13:20:12,        0,  30.4,   4.1,  25.6,  8.918,  4.847,  0.043,5111400.6,  1,  21.8,   1.0, 0.100
2025-10-16 13:20:13,        0,  30.2,   3.6,  25.7,  9.319,  5.143,  0.048,5116474.2,  1,  21.8,   1.0, 0.100
2025-10-16 13:20:14,        0,  29.5,   1.5,  25.6,  9.894,  5.549,  0.055,5122476.9,  1,  21.8,   1.0, 0.100
2025-10-16 13:20:15,        0,  30.4,   4.3,  25.6,  8.056,  4.232,  0.035,5125653.2,  1,  21.8,   1.0, 0.100
2025-10-16 13:20:16,        0,  30.5,   4.5,  25.6,  9.596,  5.337,  0.051,5130612.0,  1,  21.8,   1.0, 0.100
2025-10-16 13:20:17,        0,  30.3,   3.8,  25.6,  8.868,  4.821,  0.043,5135604.2,  1,  21.8,   1.0, 0.100
2025-10-16 13:20:18,        0,  30.1,   3.2,  25.7,  8.530,  4.575,  0.039,5139926.4,  1,  21.8,   1.0, 0.100
2025-10-16 13:20:19,        0,  30.0,   3.1,  25.6,  9.060,  4.942,  0.045,5145530.5,  1,  21.8,   1.0, 0.100
2025-10-16 13:20:20,        0,  30.0,   2.9,  25.7,  6.164,  2.923,  0.020,5148732.4,  1,  21.8,   1.0, 0.100
2025-10-16 13:20:21,        0,  29.6,   1.7,  25.6,  7.225,  3.640,  0.028,5152728.9,  1,  21.8,   1.0, 0.100
2025-10-16 13:20:22,        0,  30.0,   2.9,  25.6,  7.477,  3.845,  0.031,5155219.1,  1,  21.8,   1.0, 0.100
2025-10-16 13:20:23,        0,  30.1,   3.2,  25.6,  6.666,  3.273,  0.024,5159030.4,  1,  21.8,   1.0, 0.100
2025-10-16 13:20:24,        0,  30.0,   2.9,  25.6,  3.621,  1.163,  0.005,5161818.6,  1,  21.8,   1.0, 0.100
2025-10-16 13:20:25,        0,  29.8,   2.5,  25.6,  8.186,  4.338,  0.036,5165689.4,  1,  21.8,   1.0, 0.100
2025-10-16 13:20:26,        0,  29.6,   1.8,  25.6,  2.304,  0.306,  0.001,5167061.5,  1,  21.8,   1.0, 0.100
2025-10-16 13:20:27,        0,  30.1,   3.4,  25.6,  2.079,  0.175,  0.000,5167957.1,  1,  21.8,   1.0, 0.100
2025-10-16 13:20:28,        0,  29.7,   2.2,  25.6,  7.010,  3.573,  0.027,5170485.5,  1,  21.7,   1.0, 0.100
2025-10-16 13:20:29,        0,  30.1,   3.4,  25.6,  8.016,  4.335,  0.035,5172896.6,  1,  21.8,   1.0, 0.100
2025-10-16 13:20:30,        0,  30.1,   3.4,  25.6,  7.746,  4.079,  0.032,5177045.2,  1,  21.8,   1.0, 0.100
2025-10-16 13:20:31,        0,  30.0,   3.1,  25.6,  4.247,  1.620,  0.009,5180983.0,  1,  21.8,   1.0, 0.100
2025-10-16 13:20:32,        0,  30.0,   3.1,  25.6,  7.157,  3.689,  0.028,5184868.9,  1,  21.8,   1.0, 0.100
2025-10-16 13:20:33,        0,  29.7,   2.0,  25.6,  8.073,  4.350,  0.035,5188226.2,  1,  21.7,   1.0, 0.100
2025-10-16 13:20:34,        0,  29.6,   1.8,  25.6,  1.855,  0.067,  0.000,5188406.0,  1,  21.8,   1.0, 0.100
2025-10-16 13:20:35,        0,  29.6,   1.8,  25.6,  1.617,  0.003,  0.000,5188410.2,  1,  21.7,   1.0, 0.100
2025-10-16 13:20:36,        0,  29.7,   2.2,  25.6,  1.875,  0.310,  0.002,5189244.6,  1,  21.8,   1.0, 0.100
2025-10-16 13:20:37,        0,  30.0,   2.9,  25.6,  2.397,  0.391,  0.001,5189915.2,  1,  21.8,   1.0, 0.100
2025-10-16 13:20:38,        0,  29.9,   2.7,  25.6,  7.017,  3.937,  0.028,5193583.1,  1,  21.8,   1.0, 0.100
2025-10-16 13:20:39,        0,  30.0,   2.9,  25.6,  7.236,  4.045,  0.030,5197471.5,  1,  21.8,   1.0, 0.100
2025-10-16 13:20:40,        0,  29.9,   2.7,  25.6,  4.733,  2.081,  0.012,5201312.5,  1,  21.8,   1.0, 0.100
2025-10-16 13:20:41,        0,  29.7,   2.2,  25.6,  6.513,  3.505,  0.024,5203505.2,  1,  21.8,   1.0, 0.100
2025-10-16 13:20:42,        0,  29.5,   1.5,  25.6,  1.925,  0.106,  0.000,5203636.8,  1,  21.8,   1.0, 0.100
2025-10-16 13:20:43,        0,  29.8,   2.4,  25.6,  1.507,  0.003,  0.000,5203644.7,  1,  21.8,   1.0, 0.100
2025-10-16 13:20:44,        0,  29.8,   2.5,  25.6,  1.410, -0.007,  0.000,5203638.0,  1,  21.8,   1.0, 0.100
2025-10-16 13:20:45,        0,  29.7,   2.2,  25.6,  6.454,  3.951,  0.028,5205614.1,  1,  21.8,   1.0, 0.100
2025-10-16 13:20:46,        0,  29.9,   2.7,  25.6,  6.261,  3.702,  0.026,5208707.8,  1,  21.7,   1.0, 0.100
2025-10-16 13:20:47,        0,  29.8,   2.4,  25.6,  5.480,  2.935,  0.018,5212261.3,  1,  21.8,   1.0, 0.100
2025-10-16 13:20:48,        0,  29.7,   2.2,  25.6,  5.337,  2.822,  0.018,5214483.4,  1,  21.8,   1.0, 0.100
2025-10-16 13:20:49,        0,  29.6,   1.8,  25.6,  1.818,  0.099,  0.000,5214680.4,  1,  21.7,   1.0, 0.100
2025-10-16 13:20:50,        0,  29.8,   2.4,  25.6,  2.798,  1.087,  0.007,5215623.3,  1,  21.7,   0.9, 0.100
2025-10-16 13:20:51,        0,  29.7,   2.2,  25.6,  2.174,  0.361,  0.001,5216455.6,  1,  21.7,   1.0, 0.100
2025-10-16 13:20:52,        0,  29.7,   2.0,  25.6,  1.494,  0.016,  0.000,5216468.6,  1,  21.7,   1.0, 0.100
2025-10-16 13:20:53,        0,  29.8,   2.4,  25.6,  1.343, -0.010,  0.000,5216459.0,  1,  21.7,   1.0, 0.100
2025-10-16 13:20:54,        0,  29.7,   2.0,  25.6,  5.399,  3.195,  0.020,5217789.6,  1,  21.8,   1.0, 0.100
2025-10-16 13:20:55,        0,  29.9,   2.7,  25.6,  3.172,  1.326,  0.009,5219225.9,  1,  21.8,   1.0, 0.100
2025-10-16 13:20:56,        0,  29.6,   1.7,  25.6,  6.834,  4.350,  0.030,5222900.5,  1,  21.7,   1.0, 0.100
2025-10-16 13:20:57,        0,  29.7,   2.2,  25.6,  1.911,  0.216,  0.000,5224317.5,  1,  21.7,   1.0, 0.100
2025-10-16 13:20:58,        0,  29.6,   1.8,  25.6,  1.637,  0.069,  0.000,5224552.1,  1,  21.8,   1.0, 0.100
2025-10-16 13:20:59,        0,  29.8,   2.5,  25.6,  1.368, -0.005,  0.000,5224550.9,  1,  21.8,   1.0, 0.100
2025-10-16 13:21:00,        0,  29.6,   1.7,  25.6,  1.308, -0.011,  0.000,5224540.8,  1,  21.7,   1.0, 0.100
2025-10-16 13:21:01,        0,  29.7,   2.2,  25.6,  1.269, -0.013,  0.000,5224529.1,  1,  21.7,   1.0, 0.100
2025-10-16 13:21:02,        0,  29.8,   2.4,  25.6,  1.220, -0.013,  0.000,5224513.6,  1,  21.7,   1.0, 0.100
2025-10-16 13:21:03,        0,  29.8,   2.5,  25.6,  1.191, -0.013,  0.000,5224501.4,  1,  21.7,   1.0, 0.100
2025-10-16 13:21:04,        0,  29.9,   2.7,  25.6,  5.168,  3.025,  0.018,5226446.0,  1,  21.7,   1.0, 0.100
2025-10-16 13:21:05,        0,  29.9,   2.7,  25.6,  6.760,  4.366,  0.030,5230613.5,  1,  21.7,   1.0, 0.100
2025-10-16 13:21:06,        0,  29.2,   0.6,  25.6,  4.558,  2.423,  0.013,5234310.4,  1,  21.7,   1.0, 0.100
2025-10-16 13:21:07,        0,  29.7,   2.0,  25.6,  1.575,  0.048,  0.000,5234391.7,  1,  21.7,   1.0, 0.100
2025-10-16 13:21:08,        0,  29.6,   1.7,  25.6,  1.392, -0.001,  0.000,5234389.1,  1,  21.7,   1.0, 0.100
2025-10-16 13:21:09,        0,  29.4,   1.1,  25.6,  1.295, -0.011,  0.000,5234380.3,  1,  21.7,   1.0, 0.100
2025-10-16 13:21:10,        0,  29.6,   1.8,  25.6,  1.255, -0.013,  0.000,5234368.6,  1,  21.7,   1.0, 0.100
2025-10-16 13:21:11,        0,  29.7,   2.0,  25.6,  1.205, -0.013,  0.000,5234353.9,  1,  21.7,   1.0, 0.100
2025-10-16 13:21:12,        0,  29.7,   2.0,  25.6,  1.175, -0.013,  0.000,5234341.0,  1,  21.7,   1.0, 0.100
2025-10-16 13:21:13,        0,  29.7,   2.0,  25.6,  1.146, -0.013,  0.000,5234328.8,  1,  21.7,   1.0, 0.100
2025-10-16 13:21:14,        0,  29.8,   2.5,  25.6,  1.109, -0.013,  0.000,5234317.5,  1,  21.7,   1.0, 0.100
2025-10-16 13:21:15,        0,  29.7,   2.0,  25.5,  1.077, -0.013,  0.000,5234302.4,  1,  21.7,   1.0, 0.100
2025-10-16 13:21:16,        0,  29.8,   2.5,  25.6,  1.058, -0.013,  0.000,5234289.8,  1,  21.7,   1.0, 0.100
2025-10-16 13:21:17,        0,  29.8,   2.4,  25.6,  1.040, -0.013,  0.000,5234277.2,  1,  21.7,   1.0, 0.100
2025-10-16 13:21:18,        0,  29.8,   2.5,  25.5,  1.017, -0.013,  0.000,5234265.5,  1,  21.7,   1.0, 0.100
2025-10-16 13:21:19,        0,  29.8,   2.5,  25.6,  1.002, -0.013,  0.000,5234252.9,  1,  21.7,   1.0, 0.100
2025-10-16 13:21:20,        0,  30.0,   2.9,  25.6,  6.592,  4.352,  0.029,5237050.0,  1,  21.8,   1.0, 0.100
2025-10-16 13:21:21,        0,  29.9,   2.7,  25.6,  6.623,  4.353,  0.029,5241219.1,  1,  21.7,   1.0, 0.100
2025-10-16 13:21:22,        0,  29.8,   2.4,  25.6,  6.658,  4.356,  0.029,5244886.2,  1,  21.8,   1.0, 0.100
2025-10-16 13:21:23,        0,  29.7,   2.0,  25.6,  1.569,  0.047,  0.000,5245084.9,  1,  21.8,   1.0, 0.100
2025-10-16 13:21:24,        0,  29.6,   1.8,  25.6,  1.383, -0.001,  0.000,5245086.1,  1,  21.7,   1.0, 0.100
2025-10-16 13:21:25,        0,  29.7,   2.0,  25.6,  1.284, -0.011,  0.000,5245076.1,  1,  21.8,   1.0, 0.100
2025-10-16 13:21:26,        0,  29.6,   1.8,  25.6,  1.242, -0.012,  0.000,5245065.6,  1,  21.7,   1.0, 0.100
2025-10-16 13:21:27,        0,  29.6,   1.8,  25.5,  1.208, -0.013,  0.000,5245053.4,  1,  21.8,   1.0, 0.100
2025-10-16 13:21:28,        0,  29.6,   1.8,  25.6,  1.160, -0.012,  0.000,5245039.2,  1,  21.7,   1.0, 0.100
2025-10-16 13:21:29,        0,  29.5,   1.5,  25.5,  1.118, -0.013,  0.000,5245026.6,  1,  21.7,   1.0, 0.100
2025-10-16 13:21:30,        0,  29.7,   2.2,  25.6,  1.092, -0.012,  0.000,5245015.3,  1,  21.7,   1.0, 0.100
2025-10-16 13:21:31,        0,  29.7,   2.0,  25.6,  1.069, -0.012,  0.000,5245003.6,  1,  21.7,   0.9, 0.100
2025-10-16 13:21:32,        0,  29.7,   2.0,  25.5,  1.048, -0.012,  0.000,5244991.4,  1,  21.7,   0.9, 0.100
2025-10-16 13:21:33,        0,  29.7,   2.0,  25.5,  1.021, -0.012,  0.000,5244977.2,  1,  21.7,   0.9, 0.100
2025-10-16 13:21:34,        0,  29.7,   2.0,  25.6,  0.996, -0.013,  0.000,5244964.6,  1,  21.7,   0.9, 0.100
2025-10-16 13:21:35,        0,  29.7,   2.2,  25.6,  0.982, -0.013,  0.000,5244952.0,  1,  21.7,   0.9, 0.100
2025-10-16 13:21:36,        0,  29.6,   1.8,  25.5,  0.969, -0.013,  0.000,5244940.7,  1,  21.7,   0.9, 0.100
2025-10-16 13:21:37,        0,  29.7,   2.0,  25.5,  0.950, -0.013,  0.000,5244926.0,  1,  21.7,   0.9, 0.100
2025-10-16 13:21:38,        0,  29.7,   2.2,  25.5,  0.938, -0.013,  0.000,5244913.0,  1,  21.7,   0.8, 0.100
2025-10-16 13:21:39,        0,  29.7,   2.2,  25.5,  0.923, -0.013,  0.000,5244901.7,  1,  21.7,   0.9, 0.100
2025-10-16 13:21:40,        0,  29.8,   2.4,  25.5,  0.912, -0.012,  0.000,5244890.4,  1,  21.8,   0.9, 0.100
2025-10-16 13:21:41,        0,  29.8,   2.4,  25.6,  0.896, -0.012,  0.000,5244875.3,  1,  21.7,   0.9, 0.100
2025-10-16 13:21:42,        0,  29.8,   2.5,  25.5,  0.887, -0.012,  0.000,5244864.0,  1,  21.7,   0.8, 0.100
2025-10-16 13:21:43,        0,  29.8,   2.4,  25.6,  0.878, -0.012,  0.000,5244852.7,  1,  21.7,   0.8, 0.100
2025-10-16 13:21:44,        0,  29.8,   2.4,  25.5,  0.866, -0.012,  0.000,5244841.0,  1,  21.8,   0.8, 0.100
2025-10-16 13:21:45,        0,  29.8,   2.5,  25.6,  0.858, -0.012,  0.000,5244827.1,  1,  21.7,   0.8, 0.100
2025-10-16 13:21:46,        0,  29.8,   2.4,  25.5,  0.847, -0.012,  0.000,5244815.8,  1,  21.7,   0.8, 0.100
2025-10-16 13:21:47,        0,  29.9,   2.7,  25.5,  0.840, -0.012,  0.000,5244894.2,  1,  21.7,   0.8, 0.100
2025-10-16 13:21:48,        0,  29.9,   2.7,  25.5,  6.560,  4.354,  0.029,5248737.7,  1,  21.7,   0.8, 0.100
2025-10-16 13:21:49,        0,  29.7,   2.0,  25.5,  4.078,  2.091,  0.011,5251821.8,  1,  21.7,   0.8, 0.100
2025-10-16 13:21:50,        0,  29.3,   1.0,  25.5,  1.535,  0.040,  0.000,5251857.9,  1,  21.7,   0.8, 0.100
2025-10-16 13:21:51,        0,  29.7,   2.0,  25.5,  1.321, -0.007,  0.000,5251852.8,  1,  21.7,   0.8, 0.100
2025-10-16 13:21:52,        0,  29.6,   1.8,  25.5,  1.264, -0.011,  0.000,5251842.4,  1,  21.7,   0.8, 0.100
2025-10-16 13:21:53,        0,  29.6,   1.8,  25.5,  1.222, -0.012,  0.000,5251831.9,  1,  21.7,   0.8, 0.100
2025-10-16 13:21:54,        0,  29.6,   1.8,  25.5,  1.169, -0.012,  0.000,5251817.6,  1,  21.7,   0.8, 0.100
2025-10-16 13:21:55,        0,  29.6,   1.7,  25.5,  1.137, -0.012,  0.000,5251806.3,  1,  21.7,   0.8, 0.100
2025-10-16 13:21:56,        0,  29.6,   1.8,  25.5,  1.094, -0.012,  0.000,5251795.0,  1,  21.7,   0.9, 0.100
2025-10-16 13:21:57,        0,  29.6,   1.7,  25.5,  1.067, -0.012,  0.000,5251783.3,  1,  21.7,   0.9, 0.100
2025-10-16 13:21:58,        0,  29.6,   1.8,  25.5,  1.032, -0.012,  0.000,5251769.4,  1,  21.7,   0.9, 0.100
2025-10-16 13:21:59,        0,  29.7,   2.0,  25.5,  1.012, -0.012,  0.000,5251758.1,  1,  21.7,   0.9, 0.100
2025-10-16 13:22:00,        0,  29.7,   2.0,  25.5,  0.985, -0.012,  0.000,5251746.0,  1,  21.7,   0.9, 0.100
2025-10-16 13:22:01,        0,  29.6,   1.8,  25.5,  0.968, -0.012,  0.000,5251733.8,  1,  21.7,   0.9, 0.100
2025-10-16 13:22:02,        0,  29.6,   1.8,  25.5,  0.954, -0.012,  0.000,5251721.7,  1,  21.7,   0.9, 0.100
2025-10-16 13:22:03,        0,  29.6,   1.8,  25.6,  0.932, -0.012,  0.000,5251707.4,  1,  21.7,   0.9, 0.100
2025-10-16 13:22:04,        0,  29.7,   2.0,  25.5,  0.919, -0.012,  0.000,5251696.5,  1,  21.7,   1.0, 0.100
2025-10-16 13:22:05,        0,  29.7,   2.0,  25.5,  0.901, -0.012,  0.000,5251684.8,  1,  21.7,   1.0, 0.100
2025-10-16 13:22:06,        0,  29.7,   2.2,  25.5,  0.889, -0.012,  0.000,5251673.9,  1,  21.7,   1.0, 0.100
2025-10-16 13:22:07,        0,  29.7,   2.0,  25.5,  0.873, -0.012,  0.000,5251660.5,  1,  21.7,   1.0, 0.100
2025-10-16 13:22:08,        0,  29.7,   2.0,  25.5,  0.863, -0.012,  0.000,5251648.7,  1,  21.7,   1.0, 0.100
2025-10-16 13:22:09,        0,  29.7,   2.2,  25.5,  0.854, -0.012,  0.000,5251637.8,  1,  21.7,   1.0, 0.100
2025-10-16 13:22:10,        0,  29.7,   2.0,  25.6,  0.840, -0.011,  0.000,5251626.5,  1,  21.7,   1.0, 0.100
2025-10-16 13:22:11,        0,  29.7,   2.0,  25.5,  0.832, -0.011,  0.000,5251615.6,  1,  21.7,   1.0, 0.100
2025-10-16 13:22:12,        0,  29.7,   2.0,  25.5,  0.820, -0.011,  0.000,5251602.2,  1,  21.7,   1.0, 0.100
2025-10-16 13:22:13,        0,  29.7,   2.0,  25.6,  0.813, -0.012,  0.000,5251591.7,  1,  21.7,   1.0, 0.100
2025-10-16 13:22:14,        0,  29.7,   2.0,  25.5,  0.805, -0.011,  0.000,5251580.8,  1,  21.7,   1.0, 0.100
2025-10-16 13:22:15,        0,  29.8,   2.4,  25.5,  0.794, -0.011,  0.000,5251570.4,  1,  21.7,   1.0, 0.100
2025-10-16 13:22:16,        0,  29.7,   2.2,  25.5,  0.785, -0.011,  0.000,5251557.8,  1,  21.7,   1.0, 0.100
2025-10-16 13:22:17,        0,  29.7,   2.2,  25.5,  0.779, -0.011,  0.000,5251547.3,  1,  21.7,   1.0, 0.100
2025-10-16 13:22:18,        0,  29.7,   2.2,  25.5,  0.772, -0.011,  0.000,5251537.3,  1,  21.7,   0.9, 0.100
2025-10-16 13:22:19,        0,  29.7,   2.2,  25.5,  0.762, -0.011,  0.000,5251526.8,  1,  21.7,   1.0, 0.100
2025-10-16 13:22:20,        0,  29.8,   2.4,  25.5,  0.755, -0.011,  0.000,5251515.1,  1,  21.7,   1.0, 0.100
2025-10-16 13:22:21,        0,  29.8,   2.4,  25.5,  0.748, -0.011,  0.000,5251505.0,  1,  21.7,   1.0, 0.100
2025-10-16 13:22:22,        0,  29.8,   2.4,  25.5,  0.743, -0.011,  0.000,5251494.9,  1,  21.7,   1.0, 0.100
2025-10-16 13:22:23,        0,  29.8,   2.4,  25.5,  0.739, -0.011,  0.000,5251484.5,  1,  21.7,   0.9, 0.100
2025-10-16 13:22:24,        0,  29.8,   2.4,  25.5,  0.731, -0.011,  0.000,5251474.4,  1,  21.7,   1.0, 0.100
2025-10-16 13:22:25,        0,  29.8,   2.4,  25.5,  0.727, -0.010,  0.000,5251461.8,  1,  21.7,   1.0, 0.100
2025-10-16 13:22:26,        0,  29.7,   2.2,  25.5,  0.720, -0.010,  0.000,5251452.6,  1,  21.7,   1.0, 0.100
2025-10-16 13:22:27,        0,  29.8,   2.4,  25.5,  0.715, -0.010,  0.000,5251443.0,  1,  21.7,   0.9, 0.100
2025-10-16 13:22:28,        0,  29.8,   2.4,  25.5,  0.710, -0.010,  0.000,5251432.9,  1,  21.7,   0.9, 0.100
2025-10-16 13:22:29,        0,  29.8,   2.4,  25.5,  0.701, -0.010,  0.000,5251422.0,  1,  21.7,   0.9, 0.100
2025-10-16 13:22:30,        0,  29.7,   2.2,  25.5,  0.697, -0.010,  0.000,5251412.4,  1,  21.7,   0.9, 0.100
2025-10-16 13:22:31,        0,  29.8,   2.4,  25.5,  0.692, -0.010,  0.000,5251401.9,  1,  21.7,   0.9, 0.100
2025-10-16 13:22:32,        0,  29.8,   2.4,  25.5,  0.688, -0.010,  0.000,5251392.7,  1,  21.7,   0.9, 0.100
2025-10-16 13:22:33,        0,  29.8,   2.4,  25.6,  0.684, -0.010,  0.000,5251383.5,  1,  21.7,   0.9, 0.100
2025-10-16 13:22:34,        0,  29.7,   2.2,  25.5,  0.678, -0.010,  0.000,5251371.7,  1,  21.7,   0.9, 0.100
2025-10-16 13:22:35,        0,  29.8,   2.5,  25.5,  0.673, -0.009,  0.000,5251362.9,  1,  21.7,   0.9, 0.100
2025-10-16 13:22:36,        0,  29.7,   2.2,  25.5,  0.669, -0.010,  0.000,5251352.9,  1,  21.7,   0.9, 0.100
2025-10-16 13:22:37,        0,  29.8,   2.4,  25.5,  0.665, -0.010,  0.000,5251343.6,  1,  21.7,   0.9, 0.100
2025-10-16 13:22:38,        0,  29.8,   2.4,  25.5,  0.660, -0.010,  0.000,5251332.3,  1,  21.7,   0.9, 0.100
2025-10-16 13:22:39,        0,  29.8,   2.4,  25.5,  0.657, -0.010,  0.000,5251323.1,  1,  21.7,   0.9, 0.100
2025-10-16 13:22:40,        0,  29.8,   2.4,  25.5,  0.650, -0.009,  0.000,5251314.3,  1,  21.7,   0.9, 0.100
2025-10-16 13:22:41,        0,  29.8,   2.5,  25.5,  0.646, -0.009,  0.000,5251304.7,  1,  21.7,   0.9, 0.100
2025-10-16 13:22:42,        0,  29.8,   2.4,  25.5,  0.641, -0.009,  0.000,5251294.6,  1,  21.7,   0.9, 0.100
2025-10-16 13:22:43,        0,  29.8,   2.4,  25.5,  0.637, -0.009,  0.000,5251285.4,  1,  21.7,   0.9, 0.100
2025-10-16 13:22:44,        0,  29.8,   2.4,  25.5,  0.634, -0.009,  0.000,5251277.0,  1,  21.7,   0.9, 0.100
2025-10-16 13:22:45,        0,  29.8,   2.4,  25.5,  0.629, -0.009,  0.000,5251268.2,  1,  21.7,   0.9, 0.100
2025-10-16 13:22:46,        0,  29.8,   2.4,  25.5,  0.626, -0.009,  0.000,5251259.8,  1,  21.7,   0.9, 0.100
2025-10-16 13:22:47,        0,  29.9,   2.7,  25.5,  0.617, -0.009,  0.000,5251249.8,  1,  21.7,   0.9, 0.100
2025-10-16 13:22:48,        0,  29.8,   2.5,  25.5,  5.522,  3.423,  0.020,5254147.4,  1,  21.7,   0.9, 0.100
2025-10-16 13:22:49,        0,  29.8,   2.4,  25.5,  4.675,  2.646,  0.014,5256027.9,  1,  21.7,   0.9, 0.100
2025-10-16 13:22:50,        0,  29.6,   1.7,  25.5,  1.432,  0.012,  0.000,5256055.5,  1,  21.7,   0.9, 0.100
2025-10-16 13:22:51,        0,  29.4,   1.3,  25.5,  1.282, -0.009,  0.000,5256048.4,  1,  21.7,   0.9, 0.100
2025-10-16 13:22:52,        0,  29.7,   2.0,  25.5,  1.232, -0.011,  0.000,5256038.8,  1,  21.7,   0.9, 0.100
2025-10-16 13:22:53,        0,  29.6,   1.8,  25.5,  1.191, -0.012,  0.000,5256027.9,  1,  21.7,   0.9, 0.100
2025-10-16 13:22:54,        0,  29.7,   2.0,  25.5,  1.137, -0.012,  0.000,5256016.1,  1,  21.7,   0.9, 0.100
2025-10-16 13:22:55,        0,  29.7,   2.0,  25.5,  1.105, -0.012,  0.000,5256004.8,  1,  21.7,   0.9, 0.100
2025-10-16 13:22:56,        0,  29.6,   1.8,  25.5,  1.063, -0.012,  0.000,5255991.0,  1,  21.7,   0.9, 0.100
2025-10-16 13:22:57,        0,  29.6,   1.8,  25.5,  1.037, -0.012,  0.000,5255979.7,  1,  21.7,   0.9, 0.100
2025-10-16 13:22:58,        0,  29.7,   2.0,  25.5,  1.013, -0.012,  0.000,5255969.2,  1,  21.7,   0.9, 0.100
2025-10-16 13:22:59,        0,  29.7,   2.0,  25.5,  0.981, -0.011,  0.000,5255957.5,  1,  21.7,   0.9, 0.100
2025-10-16 13:23:00,        0,  29.7,   2.0,  25.5,  0.962, -0.012,  0.000,5255943.6,  1,  21.7,   0.9, 0.100
2025-10-16 13:23:01,        0,  29.7,   2.0,  25.5,  0.935, -0.011,  0.000,5255932.7,  1,  21.7,   1.0, 0.100
2025-10-16 13:23:02,        0,  29.6,   1.8,  25.5,  0.918, -0.011,  0.000,5255921.4,  1,  21.7,   0.9, 0.100
2025-10-16 13:23:03,        0,  29.6,   1.8,  25.5,  0.901, -0.012,  0.000,5255910.9,  1,  21.7,   0.9, 0.100
2025-10-16 13:23:04,        0,  29.7,   2.0,  25.5,  0.879, -0.011,  0.000,5255899.6,  1,  21.7,   0.9, 0.100
2025-10-16 13:23:05,        0,  29.7,   2.0,  25.5,  0.865, -0.011,  0.000,5255887.1,  1,  21.7,   0.9, 0.100
2025-10-16 13:23:06,        0,  29.6,   1.8,  25.5,  0.845, -0.011,  0.000,5255876.2,  1,  21.7,   0.9, 0.100
2025-10-16 13:23:07,        0,  29.7,   2.0,  25.5,  0.832, -0.011,  0.000,5255866.1,  1,  21.7,   0.9, 0.100
2025-10-16 13:23:08,        0,  29.7,   2.2,  25.5,  0.820, -0.011,  0.000,5255856.0,  1,  21.7,   0.9, 0.100
2025-10-16 13:23:09,        0,  29.7,   2.0,  25.5,  0.802, -0.011,  0.000,5255843.5,  1,  21.7,   1.0, 0.100
2025-10-16 13:23:10,        0,  29.7,   2.0,  25.5,  0.785, -0.010,  0.000,5255833.0,  1,  21.7,   0.9, 0.100
2025-10-16 13:23:11,        0,  29.7,   2.2,  25.5,  0.775, -0.010,  0.000,5255823.8,  1,  21.7,   0.9, 0.100
2025-10-16 13:23:12,        0,  29.7,   2.0,  25.5,  0.765, -0.010,  0.000,5255814.5,  1,  21.7,   0.9, 0.100
2025-10-16 13:23:13,        0,  29.7,   2.2,  25.5,  0.752, -0.010,  0.000,5255803.2,  1,  21.7,   0.9, 0.100
2025-10-16 13:23:14,        0,  29.7,   2.0,  25.5,  0.743, -0.010,  0.000,5255793.2,  1,  21.7,   0.9, 0.100
2025-10-16 13:23:15,        0,  29.7,   2.0,  25.5,  0.729, -0.010,  0.000,5255784.0,  1,  21.7,   0.9, 0.100
2025-10-16 13:23:16,        0,  29.7,   2.0,  25.5,  0.721, -0.010,  0.000,5255775.2,  1,  21.7,   0.9, 0.100
2025-10-16 13:23:17,        0,  29.7,   2.2,  25.5,  0.713, -0.010,  0.000,5255765.1,  1,  21.7,   0.9, 0.100
2025-10-16 13:23:18,        0,  29.7,   2.0,  25.5,  0.701, -0.010,  0.000,5255754.6,  1,  21.7,   0.9, 0.100
2025-10-16 13:23:19,        0,  29.7,   2.2,  25.5,  0.695, -0.009,  0.000,5255745.0,  1,  21.7,   0.9, 0.100
2025-10-16 13:23:20,        0,  29.7,   2.0,  25.5,  0.682, -0.009,  0.000,5255735.8,  1,  21.7,   0.9, 0.100
2025-10-16 13:23:21,        0,  29.7,   2.0,  25.5,  0.677, -0.009,  0.000,5255727.8,  1,  21.7,   0.9, 0.100
2025-10-16 13:23:22,        0,  29.7,   2.2,  25.5,  0.666, -0.009,  0.000,5255717.3,  1,  21.7,   0.9, 0.100
2025-10-16 13:23:23,        0,  29.7,   2.2,  25.5,  0.660, -0.009,  0.000,5255708.5,  1,  21.7,   0.9, 0.100
2025-10-16 13:23:24,        0,  29.7,   2.2,  25.5,  0.653, -0.009,  0.000,5255700.1,  1,  21.7,   0.9, 0.100
2025-10-16 13:23:25,        0,  29.7,   2.0,  25.5,  0.645, -0.009,  0.000,5255691.3,  1,  21.7,   0.9, 0.100
2025-10-16 13:23:26,        0,  29.7,   2.0,  25.5,  0.639, -0.009,  0.000,5255680.9,  1,  21.7,   0.9, 0.100
2025-10-16 13:23:27,        0,  29.7,   2.0,  25.5,  0.630, -0.009,  0.000,5255672.5,  1,  21.7,   0.9, 0.100
2025-10-16 13:23:28,        0,  29.7,   2.2,  25.5,  0.624, -0.009,  0.000,5255664.5,  1,  21.7,   0.9, 0.100
2025-10-16 13:23:29,        0,  29.7,   2.2,  25.5,  0.617, -0.008,  0.000,5255656.1,  1,  21.7,   1.0, 0.100
2025-10-16 13:23:30,        0,  29.7,   2.0,  25.5,  0.608, -0.008,  0.000,5255646.9,  1,  21.7,   0.9, 0.100
2025-10-16 13:23:31,        0,  29.7,   2.2,  25.5,  0.602, -0.009,  0.000,5255638.5,  1,  21.7,   0.9, 0.100
2025-10-16 13:23:32,        0,  29.7,   2.2,  25.5,  0.594, -0.008,  0.000,5255630.6,  1,  21.7,   0.9, 0.100
2025-10-16 13:23:33,        0,  29.7,   2.2,  25.5,  0.589, -0.008,  0.000,5255623.0,  1,  21.7,   0.9, 0.100
2025-10-16 13:23:34,        0,  29.7,   2.2,  25.5,  0.581, -0.008,  0.000,5255613.4,  1,  21.7,   0.9, 0.100
2025-10-16 13:23:35,        0,  29.7,   2.0,  25.5,  0.576, -0.008,  0.000,5255606.3,  1,  21.7,   0.9, 0.100
2025-10-16 13:23:36,        0,  29.7,   2.0,  25.5,  0.567, -0.008,  0.000,5255598.7,  1,  21.7,   0.9, 0.100
2025-10-16 13:23:37,        0,  29.7,   2.2,  25.5,  0.563, -0.008,  0.000,5255590.3,  1,  21.7,   0.9, 0.100
2025-10-16 13:23:38,        0,  29.7,   2.2,  25.5,  0.555, -0.008,  0.000,5255582.0,  1,  21.7,   0.9, 0.100
2025-10-16 13:23:39,        0,  29.7,   2.0,  25.5,  0.550, -0.008,  0.000,5255574.8,  1,  21.7,   1.0, 0.100
2025-10-16 13:23:40,        0,  29.7,   2.0,  25.5,  0.545, -0.007,  0.000,5255567.3,  1,  21.7,   1.0, 0.100
2025-10-16 13:23:41,        0,  29.7,   2.0,  25.5,  0.538, -0.007,  0.000,5255560.6,  1,  21.7,   0.9, 0.100
2025-10-16 13:23:42,        0,  29.7,   2.2,  25.5,  0.532, -0.007,  0.000,5255553.5,  1,  21.7,   0.9, 0.100
2025-10-16 13:23:43,        0,  29.8,   2.4,  25.5,  0.523, -0.007,  0.000,5255544.7,  1,  21.7,   0.9, 0.100
2025-10-16 13:23:44,        0,  29.7,   2.2,  25.5,  0.519, -0.007,  0.000,5255537.9,  1,  21.7,   0.9, 0.100
2025-10-16 13:23:45,        0,  29.7,   2.0,  25.5,  0.514, -0.007,  0.000,5255532.1,  1,  21.7,   0.9, 0.100
2025-10-16 13:23:46,        0,  29.7,   2.2,  25.5,  0.505, -0.007,  0.000,5255525.8,  1,  21.7,   0.9, 0.100
2025-10-16 13:23:47,        0,  29.7,   2.2,  25.5,  0.500, -0.007,  0.000,5255517.4,  1,  21.7,   0.9, 0.100
2025-10-16 13:23:48,        0,  29.7,   2.0,  25.5,  0.492, -0.007,  0.000,5255510.3,  1,  21.7,   0.9, 0.100
2025-10-16 13:23:49,        0,  29.7,   2.2,  25.5,  0.487, -0.007,  0.000,5255504.4,  1,  21.7,   0.9, 0.100
2025-10-16 13:23:50,        0,  29.7,   2.2,  25.5,  0.482, -0.007,  0.000,5255498.1,  1,  21.7,   0.9, 0.100
2025-10-16 13:23:51,        0,  29.7,   2.0,  25.5,  0.474, -0.006,  0.000,5255490.2,  1,  21.7,   0.9, 0.100
2025-10-16 13:23:52,        0,  29.7,   2.2,  25.5,  0.468, -0.006,  0.000,5255484.3,  1,  21.7,   0.9, 0.100
2025-10-16 13:23:53,        0,  29.7,   2.2,  25.5,  0.463, -0.006,  0.000,5255478.4,  1,  21.7,   0.8, 0.100
2025-10-16 13:23:54,        0,  29.7,   2.0,  25.5,  0.458, -0.006,  0.000,5255472.6,  1,  21.7,   0.8, 0.100
2025-10-16 13:23:55,        0,  29.7,   2.2,  25.5,  0.453, -0.006,  0.000,5255467.1,  1,  21.7,   0.8, 0.100
2025-10-16 13:23:56,        0,  29.7,   2.2,  25.5,  0.447, -0.006,  0.000,5255460.4,  1,  21.7,   0.8, 0.100
2025-10-16 13:23:57,        0,  29.7,   2.2,  25.5,  0.439, -0.006,  0.000,5255454.5,  1,  21.7,   0.8, 0.100
2025-10-16 13:23:58,        0,  29.8,   2.4,  25.5,  0.435, -0.006,  0.000,5255448.7,  1,  21.7,   0.8, 0.100
2025-10-16 13:23:59,        0,  29.7,   2.2,  25.5,  0.431, -0.006,  0.000,5255443.2,  1,  21.7,   0.8, 0.100
2025-10-16 13:24:00,        0,  29.7,   2.2,  25.5,  0.424, -0.006,  0.000,5255436.1,  1,  21.7,   0.8, 0.100
2025-10-16 13:24:01,        0,  29.7,   2.2,  25.5,  0.420, -0.006,  0.000,5255431.1,  1,  21.7,   0.8, 0.100
2025-10-16 13:24:02,        0,  29.7,   2.2,  25.5,  0.413, -0.005,  0.000,5255426.0,  1,  21.7,   0.8, 0.100
2025-10-16 13:24:03,        0,  29.7,   2.2,  25.5,  0.408, -0.005,  0.000,5255420.6,  1,  21.7,   0.8, 0.100
2025-10-16 13:24:04,        0,  29.7,   2.2,  25.5,  0.404, -0.005,  0.000,5255415.6,  1,  21.7,   0.9, 0.100
2025-10-16 13:24:05,        0,  29.8,   2.4,  25.5,  0.398, -0.006,  0.000,5255408.9,  1,  21.7,   0.9, 0.100
2025-10-16 13:24:06,        0,  29.7,   2.2,  25.5,  0.395, -0.005,  0.000,5255403.8,  1,  21.7,   0.9, 0.100
2025-10-16 13:24:07,        0,  29.7,   2.2,  25.5,  0.389, -0.005,  0.000,5255399.6,  1,  21.7,   0.9, 0.100
2025-10-16 13:24:08,        0,  29.7,   2.0,  25.5,  0.384, -0.005,  0.000,5255394.6,  1,  21.7,   0.9, 0.100
2025-10-16 13:24:09,        0,  29.7,   2.2,  25.5,  0.379, -0.005,  0.000,5255388.3,  1,  21.7,   0.9, 0.100
2025-10-16 13:24:10,        0,  29.8,   2.4,  25.5,  0.375, -0.005,  0.000,5255383.3,  1,  21.7,   0.9, 0.100
2025-10-16 13:24:11,        0,  29.7,   2.2,  25.5,  0.372, -0.004,  0.000,5255378.7,  1,  21.7,   1.0, 0.100
2025-10-16 13:24:12,        0,  29.7,   2.2,  25.5,  0.367, -0.005,  0.000,5255374.5,  1,  21.7,   1.0, 0.100
2025-10-16 13:24:13,        0,  29.7,   2.2,  25.5,  0.361, -0.005,  0.000,5255368.6,  1,  21.7,   0.9, 0.100
2025-10-16 13:24:14,        0,  29.7,   2.2,  25.5,  0.358, -0.005,  0.000,5255364.0,  1,  21.7,   0.9, 0.100
2025-10-16 13:24:15,        0,  29.7,   2.2,  25.5,  0.355, -0.005,  0.000,5255359.8,  1,  21.7,   0.9, 0.100
2025-10-16 13:24:16,        0,  29.7,   2.2,  25.5,  0.350, -0.005,  0.000,5255354.8,  1,  21.7,   0.9, 0.100
2025-10-16 13:24:17,        0,  29.7,   2.2,  25.5,  0.347, -0.005,  0.000,5255351.0,  1,  21.7,   0.9, 0.100
2025-10-16 13:24:18,        0,  29.7,   2.2,  25.5,  0.342, -0.005,  0.000,5255346.0,  1,  21.7,   0.9, 0.100
2025-10-16 13:24:19,        0,  29.7,   2.2,  25.5,  0.340, -0.005,  0.000,5255341.0,  1,  21.7,   0.9, 0.100
2025-10-16 13:24:20,        0,  29.7,   2.2,  25.5,  0.337, -0.004,  0.000,5255337.2,  1,  21.7,   0.9, 0.100
2025-10-16 13:24:21,        0,  29.7,   2.2,  25.5,  0.333, -0.005,  0.000,5255332.6,  1,  21.7,   0.9, 0.100
2025-10-16 13:24:22,        0,  29.7,   2.2,  25.5,  0.330, -0.004,  0.000,5255327.1,  1,  21.7,   0.8, 0.100
2025-10-16 13:24:23,        0,  29.7,   2.0,  25.5,  0.326, -0.004,  0.000,5255323.4,  1,  21.7,   0.9, 0.100
2025-10-16 13:24:24,        0,  29.7,   2.2,  25.5,  0.323, -0.004,  0.000,5255319.6,  1,  21.7,   0.9, 0.100
2025-10-16 13:24:25,        0,  29.7,   2.0,  25.5,  0.321, -0.004,  0.000,5255315.4,  1,  21.7,   0.8, 0.100
2025-10-16 13:24:26,        0,  29.7,   2.2,  25.5,  0.317, -0.004,  0.000,5255311.6,  1,  21.7,   0.8, 0.100
2025-10-16 13:24:27,        0,  29.7,   2.2,  25.5,  0.314, -0.004,  0.000,5255306.6,  1,  21.7,   0.9, 0.100
2025-10-16 13:24:28,        0,  29.7,   2.2,  25.5,  0.309, -0.004,  0.000,5255303.3,  1,  21.7,   0.8, 0.100
2025-10-16 13:24:29,        0,  29.7,   2.0,  25.5,  0.307, -0.004,  0.000,5255298.6,  1,  21.7,   0.8, 0.100
2025-10-16 13:24:30,        0,  29.7,   2.2,  25.5,  0.304, -0.004,  0.000,5255295.3,  1,  21.7,   0.8, 0.100
2025-10-16 13:24:31,        0,  29.7,   2.2,  25.5,  0.300, -0.004,  0.000,5255289.8,  1,  21.7,   0.8, 0.100
2025-10-16 13:24:32,        0,  29.8,   2.4,  25.5,  0.296, -0.004,  0.000,5255286.1,  1,  21.7,   0.9, 0.100
2025-10-16 13:24:33,        0,  29.7,   2.2,  25.5,  0.293, -0.004,  0.000,5255282.7,  1,  21.7,   0.9, 0.100
2025-10-16 13:24:34,        0,  29.7,   2.2,  25.5,  0.291, -0.004,  0.000,5255278.5,  1,  21.7,   0.9, 0.100
2025-10-16 13:24:35,        0,  29.7,   2.2,  25.5,  0.288, -0.004,  0.000,5255274.3,  1,  21.7,   0.9, 0.100
2025-10-16 13:24:36,        0,  29.7,   2.2,  25.5,  0.285, -0.004,  0.000,5255271.0,  1,  21.7,   0.9, 0.100
2025-10-16 13:24:37,        0,  29.7,   2.2,  25.5,  0.282, -0.003,  0.000,5255266.8,  1,  21.7,   0.9, 0.100
2025-10-16 13:24:38,        0,  29.8,   2.4,  25.5,  0.279, -0.004,  0.000,5255263.4,  1,  21.7,   0.9, 0.100
2025-10-16 13:24:39,        0,  29.7,   2.2,  25.5,  0.277, -0.004,  0.000,5255260.1,  1,  21.7,   0.9, 0.100
2025-10-16 13:24:40,        0,  29.7,   2.2,  25.5,  0.274, -0.004,  0.000,5255255.1,  1,  21.7,   0.9, 0.100
2025-10-16 13:24:41,        0,  29.8,   2.4,  25.5,  0.272, -0.004,  0.000,5255251.7,  1,  21.7,   0.9, 0.100
2025-10-16 13:24:42,        0,  29.7,   2.2,  25.5,  0.269, -0.003,  0.000,5255248.4,  1,  21.7,   0.9, 0.100
2025-10-16 13:24:43,        0,  29.7,   2.2,  25.5,  0.267, -0.003,  0.000,5255245.4,  1,  21.7,   0.9, 0.100
2025-10-16 13:24:44,        0,  29.8,   2.4,  25.5,  0.264, -0.004,  0.000,5255241.2,  1,  21.7,   0.9, 0.100
2025-10-16 13:24:45,        0,  29.7,   2.0,  25.5,  0.263, -0.003,  0.000,5255237.9,  1,  21.7,   1.0, 0.100
2025-10-16 13:24:46,        0,  29.7,   2.2,  25.4,  0.262, -0.003,  0.000,5255234.5,  1,  21.7,   1.0, 0.100
2025-10-16 13:24:47,        0,  29.6,   1.8,  25.5,  0.259, -0.003,  0.000,5255231.6,  1,  21.7,   1.0, 0.100
2025-10-16 13:24:48,        0,  29.8,   2.4,  25.5,  0.256, -0.003,  0.000,5255228.2,  1,  21.7,   1.0, 0.100
2025-10-16 13:24:49,        0,  29.7,   2.2,  25.4,  0.255, -0.003,  0.000,5255224.0,  1,  21.7,   1.0, 0.100
2025-10-16 13:24:50,        0,  29.8,   2.4,  25.5,  0.252, -0.003,  0.000,5255220.7,  1,  21.7,   1.0, 0.100
2025-10-16 13:24:51,        0,  29.8,   2.4,  25.5,  0.251, -0.003,  0.000,5255218.6,  1,  21.7,   1.0, 0.100
2025-10-16 13:24:52,        0,  29.8,   2.4,  25.5,  0.248, -0.003,  0.000,5255215.2,  1,  21.7,   1.0, 0.100
2025-10-16 13:24:53,        0,  29.8,   2.4,  25.5,  0.245, -0.003,  0.000,5255211.5,  1,  21.7,   1.0, 0.100
2025-10-16 13:24:54,        0,  29.7,   2.2,  25.5,  0.243, -0.003,  0.000,5255208.5,  1,  21.7,   1.0, 0.100
2025-10-16 13:24:55,        0,  29.7,   2.2,  25.5,  0.241, -0.003,  0.000,5255205.2,  1,  21.7,   1.0, 0.100
2025-10-16 13:24:56,        0,  29.8,   2.4,  25.5,  0.239, -0.003,  0.000,5255201.4,  1,  21.7,   1.0, 0.100
2025-10-16 13:24:57,        0,  29.7,   2.2,  25.4,  0.238, -0.003,  0.000,5255198.1,  1,  21.7,   1.0, 0.100
2025-10-16 13:24:58,        0,  29.7,   2.2,  25.5,  0.235, -0.003,  0.000,5255195.1,  1,  21.7,   1.0, 0.100
2025-10-16 13:24:59,        0,  29.7,   2.2,  25.5,  0.234, -0.003,  0.000,5255192.2,  1,  21.7,   1.0, 0.100
2025-10-16 13:25:00,        0,  29.7,   2.2,  25.5,  0.232, -0.003,  0.000,5255188.8,  1,  21.7,   1.0, 0.100
2025-10-16 13:25:01,        0,  29.8,   2.4,  25.5,  0.230, -0.003,  0.000,5255185.9,  1,  21.7,   1.0, 0.100
2025-10-16 13:25:02,        0,  29.8,   2.4,  25.5,  0.229, -0.003,  0.000,5255182.1,  1,  21.7,   1.0, 0.100
2025-10-16 13:25:03,        0,  29.8,   2.4,  25.5,  0.227, -0.003,  0.000,5255179.2,  1,  21.7,   1.0, 0.100
2025-10-16 13:25:04,        0,  29.8,   2.4,  25.5,  0.227, -0.003,  0.000,5255176.7,  1,  21.7,   1.0, 0.100
2025-10-16 13:25:05,        0,  29.7,   2.2,  25.5,  0.225, -0.003,  0.000,5255173.8,  1,  21.7,   1.0, 0.100
2025-10-16 13:25:06,        0,  29.8,   2.4,  25.5,  0.223, -0.003,  0.000,5255169.6,  1,  21.7,   1.0, 0.100
