Time, Cnts,  %T, set_Cell[mA], Cell[°C], Cell[Volt], Cell[mA], Cell[W], Cell[uAs], Cell_ON, Env[°C], TEC[°C], N2Flow[slpm]
2025-10-27 11:50:27,        0,  29.6,   1.9,  25.0,  0.221, -0.003,  0.000,     -3.4,  1,  21.6,   1.0, 0.100
2025-10-27 11:50:28,        0,  29.6,   1.9,  25.0,  0.220, -0.003,  0.000,     -6.3,  1,  21.5,   1.0, 0.100
2025-10-27 11:50:29,        0,  29.6,   1.7,  25.0,  0.218, -0.003,  0.000,     -8.9,  1,  21.6,   1.0, 0.100
2025-10-27 11:50:30,        0,  29.6,   1.9,  25.0,  0.216, -0.003,  0.000,    -11.7,  1,  21.6,   1.0, 0.099
2025-10-27 11:50:31,        0,  29.6,   1.7,  25.0,  0.215, -0.003,  0.000,    -14.3,  1,  21.6,   1.0, 0.098
2025-10-27 11:50:32,        0,  29.7,   2.1,  25.0,  0.213, -0.003,  0.000,    -17.5,  1,  21.6,   1.0, 0.097
2025-10-27 11:50:33,        0,  29.6,   1.9,  25.0,  0.212, -0.003,  0.000,    -20.0,  1,  21.6,   1.0, 0.097
2025-10-27 11:50:34,        0,  29.6,   1.9,  25.0,  0.210, -0.003,  0.000,    -22.6,  1,  21.6,   1.0, 0.097
2025-10-27 11:50:35,        0,  29.6,   1.9,  25.0,  0.209, -0.003,  0.000,    -25.5,  1,  21.6,   1.0, 0.097
2025-10-27 11:50:36,        0,  29.6,   1.9,  25.0,  0.208, -0.003,  0.000,    -28.6,  1,  21.6,   1.0, 0.098
2025-10-27 11:50:37,        0,  29.6,   1.9,  25.0,  0.206, -0.003,  0.000,    -31.2,  1,  21.6,   1.0, 0.098
2025-10-27 11:50:38,        0,  29.6,   1.9,  25.0,  0.204, -0.003,  0.000,    -34.0,  1,  21.6,   1.0, 0.099
2025-10-27 11:50:39,        0,  29.7,   2.1,  25.0,  0.203, -0.003,  0.000,    -36.6,  1,  21.6,   1.0, 0.099
2025-10-27 11:50:40,        0,  29.6,   1.9,  25.0,  0.201, -0.003,  0.000,    -39.8,  1,  21.6,   1.0, 0.099
2025-10-27 11:50:41,        0,  29.7,   2.0,  25.0,  0.200, -0.003,  0.000,    -42.3,  1,  21.6,   1.0, 0.100
2025-10-27 11:50:42,        0,  29.9,   2.6,  25.0,  0.200, -0.003,  0.000,    -44.9,  1,  21.6,   1.0, 0.100
2025-10-27 11:50:43,        0,  30.2,   3.7,  25.0,  2.258,  1.967,  0.010,   2544.0,  1,  21.6,   1.0, 0.100
2025-10-27 11:50:44,        0,  30.5,   4.4,  25.0,  5.137,  4.491,  0.023,   8604.8,  1,  21.6,   1.0, 0.100
2025-10-27 11:50:45,        0,  30.6,   4.9,  25.0,  6.599,  6.315,  0.042,  14444.4,  1,  21.6,   1.0, 0.100
2025-10-27 11:50:46,        0,  31.5,   7.4,  25.0,  7.965,  8.027,  0.064,  21539.5,  1,  21.6,   1.0, 0.100
2025-10-27 11:50:47,        0,  32.1,   9.2,  25.0,  9.711, 10.232,  0.100,  30343.7,  1,  21.6,   1.0, 0.100
2025-10-27 11:50:48,        0,  32.4,  10.3,  25.0, 10.943, 11.781,  0.129,  43858.0,  1,  21.6,   1.0, 0.100
2025-10-27 11:50:49,        0,  34.0,  15.1,  25.0, 14.167, 15.848,  0.228,  58757.4,  1,  21.6,   1.0, 0.101
2025-10-27 11:50:50,        0,  36.0,  21.1,  25.0, 18.571, 21.439,  0.398,  77413.3,  1,  21.5,   1.0, 0.104
2025-10-27 11:50:51,        0,  35.6,  19.9,  25.0, 18.591, 21.467,  0.401,  98477.3,  1,  21.7,   1.0, 0.130
2025-10-27 11:50:52,        0,  36.2,  21.7,  25.0, 23.614, 27.849,  0.659, 129273.3,  1,  21.6,   1.0, 0.101
2025-10-27 11:50:53,        0,  38.8,  29.5,  25.0, 22.088, 25.881,  0.579, 154171.9,  1,  21.5,   1.0, 0.098
2025-10-27 11:50:54,        0,  38.5,  28.4,  25.0, 27.825, 33.216,  0.924, 185813.1,  1,  21.5,   1.0, 0.098
2025-10-27 11:50:55,        0,  39.2,  30.5,  25.0, 28.142, 33.624,  0.947, 218215.4,  1,  21.5,   1.0, 0.098
2025-10-27 11:50:56,        0,  41.1,  36.3,  25.0, 31.514, 37.941,  1.197, 260510.8,  1,  21.6,   1.0, 0.099
2025-10-27 11:50:57,        0,  40.5,  34.5,  25.0, 36.962, 44.985,  1.666, 300869.2,  1,  21.6,   1.0, 0.099
2025-10-27 11:50:58,        0,  41.8,  38.3,  25.0, 28.424, 34.041,  0.974, 335828.6,  1,  21.6,   1.0, 0.099
2025-10-27 11:50:59,        0,  42.5,  40.4,  25.0, 39.282, 48.004,  1.894, 380738.9,  1,  21.5,   0.9, 0.099
2025-10-27 11:51:00,        0,  43.7,  44.0,  25.0, 38.428, 46.981,  1.818, 433705.6,  1,  21.6,   1.0, 0.100
2025-10-27 11:51:01,        0,  37.3,  25.0,  25.0, 41.332, 50.884,  2.109, 476558.6,  1,  21.6,   1.0, 0.100
2025-10-27 11:51:02,        0,  42.9,  41.8,  25.0, 35.607, 43.402,  1.562, 513563.9,  1,  21.6,   1.0, 0.100
2025-10-27 11:51:03,        0,  45.1,  48.4,  25.0, 39.776, 48.836,  1.944, 560583.4,  1,  21.6,   1.0, 0.100
2025-10-27 11:51:04,        0,  47.6,  55.8,  25.0, 41.460, 51.124,  2.129, 619905.3,  1,  21.6,   1.0, 0.100
2025-10-27 11:51:05,        0,  44.5,  46.4,  25.0, 46.421, 57.724,  2.682, 671205.2,  1,  21.6,   1.0, 0.100
2025-10-27 11:51:06,        0,  42.3,  39.8,  25.0, 42.944, 53.207,  2.289, 719573.3,  1,  21.5,   0.9, 0.100
2025-10-27 11:51:07,        0,  47.7,  56.2,  25.0, 38.375, 47.222,  1.829, 764810.2,  1,  21.6,   1.0, 0.111
2025-10-27 11:51:08,        0,  46.8,  53.3,  25.0, 42.628, 52.928,  2.268, 828549.5,  1,  21.6,   1.0, 0.107
2025-10-27 11:51:09,        0,  42.8,  41.3,  25.0, 36.500, 44.897,  1.656, 873817.4,  1,  21.6,   0.9, 0.100
2025-10-27 11:51:10,        0,  42.9,  41.8,  25.0, 41.190, 51.028,  2.112, 920989.9,  1,  21.6,   1.0, 0.100
2025-10-27 11:51:11,        0,  47.7,  56.0,  25.0, 41.504, 51.498,  2.143, 970111.9,  1,  21.6,   1.0, 0.100
2025-10-27 11:51:12,        0,  39.3,  30.8,  25.0, 35.858, 44.116,  1.585,1017643.3,  1,  21.6,   1.0, 0.099
2025-10-27 11:51:13,        0,  36.9,  23.6,  25.0, 34.483, 42.206,  1.459,1061443.6,  1,  21.6,   1.0, 0.099
2025-10-27 11:51:14,        0,  41.8,  38.3,  25.0, 39.787, 49.145,  1.956,1102112.8,  1,  21.6,   1.0, 0.099
2025-10-27 11:51:15,        0,  40.1,  33.3,  25.0, 29.685, 35.900,  1.074,1136582.4,  1,  21.5,   1.0, 0.099
2025-10-27 11:51:16,        0,  44.4,  46.1,  25.0, 33.697, 41.078,  1.389,1173556.2,  1,  21.6,   1.0, 0.099
2025-10-27 11:51:17,        0,  40.8,  35.5,  25.0, 30.664, 37.188,  1.173,1217344.8,  1,  21.6,   1.0, 0.099
2025-10-27 11:51:18,        0,  38.1,  27.2,  25.0, 30.431, 36.828,  1.166,1254888.8,  1,  21.5,   1.0, 0.100
2025-10-27 11:51:19,        0,  43.2,  42.6,  25.0, 36.546, 44.705,  1.634,1293491.9,  1,  21.6,   1.0, 0.100
2025-10-27 11:51:20,        0,  39.3,  31.0,  25.0, 38.797, 47.700,  1.853,1339065.2,  1,  21.6,   1.0, 0.100
2025-10-27 11:51:21,        0,  44.5,  46.6,  25.0, 35.681, 43.640,  1.568,1388296.6,  1,  21.5,   1.0, 0.100
2025-10-27 11:51:22,        0,  40.9,  35.8,  25.0, 37.194, 45.626,  1.706,1429873.3,  1,  21.6,   1.0, 0.100
2025-10-27 11:51:23,        0,  43.2,  42.6,  25.0, 33.879, 41.222,  1.425,1466340.1,  1,  21.5,   1.0, 0.100
2025-10-27 11:51:24,        0,  39.7,  32.2,  25.0, 39.336, 48.394,  1.905,1512188.3,  1,  21.6,   1.0, 0.100
2025-10-27 11:51:25,        0,  42.9,  41.6,  25.0, 31.498, 38.164,  1.211,1555436.7,  1,  21.6,   1.0, 0.100
2025-10-27 11:51:26,        0,  40.9,  35.6,  25.0, 40.450, 49.824,  2.018,1600059.5,  1,  21.6,   0.9, 0.100
2025-10-27 11:51:27,        0,  40.9,  35.8,  25.0, 32.009, 38.822,  1.253,1640243.6,  1,  21.5,   1.0, 0.100
2025-10-27 11:51:28,        0,  42.5,  40.4,  25.0, 33.050, 40.174,  1.329,1678847.7,  1,  21.6,   1.0, 0.100
2025-10-27 11:51:29,        0,  40.1,  33.3,  25.1, 28.966, 34.873,  1.040,1721539.4,  1,  21.6,   0.9, 0.100
2025-10-27 11:51:30,        0,  39.4,  31.3,  25.1, 24.445, 28.941,  0.713,1752723.3,  1,  21.6,   0.9, 0.100
2025-10-27 11:51:31,        0,  42.2,  39.6,  25.0, 35.309, 42.970,  1.518,1791719.4,  1,  21.6,   0.9, 0.100
2025-10-27 11:51:32,        0,  42.2,  39.7,  25.0, 34.272, 41.653,  1.429,1831645.5,  1,  21.6,   0.9, 0.100
2025-10-27 11:51:33,        0,  43.1,  42.3,  25.0, 36.366, 44.439,  1.623,1883893.1,  1,  21.6,   0.9, 0.100
2025-10-27 11:51:34,        0,  38.3,  27.9,  25.1, 32.802, 39.807,  1.329,1919305.6,  1,  21.5,   0.9, 0.100
2025-10-27 11:51:35,        0,  42.8,  41.4,  25.1, 36.483, 44.457,  1.628,1956191.4,  1,  21.6,   0.9, 0.100
2025-10-27 11:51:36,        0,  41.6,  37.8,  25.1, 40.489, 49.718,  2.015,2010594.6,  1,  21.5,   0.9, 0.100
2025-10-27 11:51:37,        0,  43.4,  43.3,  25.1, 34.338, 41.788,  1.437,2050678.9,  1,  21.6,   0.9, 0.100
2025-10-27 11:51:38,        0,  44.8,  47.4,  25.1, 36.366, 44.414,  1.627,2093087.6,  1,  21.5,   0.9, 0.100
2025-10-27 11:51:39,        0,  40.1,  33.3,  25.1, 40.874, 50.300,  2.058,2139296.8,  1,  21.6,   0.9, 0.100
2025-10-27 11:51:40,        0,  43.3,  42.8,  25.1, 31.682, 38.291,  1.221,2175317.0,  1,  21.6,   0.8, 0.100
2025-10-27 11:51:41,        0,  43.3,  42.8,  25.1, 40.983, 50.408,  2.067,2233368.2,  1,  21.6,   0.9, 0.100
2025-10-27 11:51:42,        0,  46.0,  51.0,  25.1, 41.251, 50.770,  2.122,2281224.2,  1,  21.6,   0.9, 0.100
2025-10-27 11:51:43,        0,  44.7,  47.1,  25.1, 40.540, 49.962,  2.027,2331262.1,  1,  21.6,   0.9, 0.100
2025-10-27 11:51:44,        0,  42.6,  40.9,  25.1, 42.698, 52.829,  2.265,2381715.5,  1,  21.5,   0.9, 0.100
2025-10-27 11:51:45,        0,  42.5,  40.4,  25.1, 41.077, 50.694,  2.084,2439363.7,  1,  21.5,   0.9, 0.100
2025-10-27 11:51:46,        0,  45.6,  49.7,  25.1, 39.178, 48.225,  1.891,2484962.1,  1,  21.6,   0.9, 0.100
2025-10-27 11:51:47,        0,  38.9,  29.8,  25.1, 46.461, 57.710,  2.681,2538306.6,  1,  21.6,   0.9, 0.100
2025-10-27 11:51:48,        0,  46.0,  51.0,  25.2, 39.932, 49.185,  2.016,2585204.2,  1,  21.5,   0.9, 0.100
2025-10-27 11:51:49,        0,  42.3,  39.9,  25.2, 45.047, 55.991,  2.529,2648042.5,  1,  21.6,   0.9, 0.100
2025-10-27 11:51:50,        0,  46.7,  53.2,  25.1, 36.758, 45.062,  1.666,2693318.8,  1,  21.6,   0.9, 0.100
2025-10-27 11:51:51,        0,  40.2,  33.7,  25.2, 46.812, 58.274,  2.731,2748534.0,  1,  21.5,   1.0, 0.100
2025-10-27 11:51:52,        0,  44.9,  47.6,  25.2, 37.734, 46.384,  1.752,2789894.0,  1,  21.6,   1.0, 0.100
2025-10-27 11:51:53,        0,  38.1,  27.2,  25.2, 42.645, 52.743,  2.255,2838946.4,  1,  21.6,   1.0, 0.100
2025-10-27 11:51:54,        0,  45.5,  49.4,  25.2, 44.307, 54.894,  2.436,2896427.4,  1,  21.6,   1.0, 0.100
2025-10-27 11:51:55,        0,  44.5,  46.6,  25.2, 41.501, 51.342,  2.140,2945631.9,  1,  21.5,   1.0, 0.100
2025-10-27 11:51:56,        0,  47.3,  54.8,  25.2, 44.045, 54.637,  2.408,2998017.8,  1,  21.6,   1.0, 0.100
2025-10-27 11:51:57,        0,  46.6,  52.7,  25.2, 34.147, 41.776,  1.443,3045771.1,  1,  21.5,   1.0, 0.100
2025-10-27 11:51:58,        0,  42.4,  40.1,  25.2, 39.762, 49.063,  1.956,3106710.7,  1,  21.5,   1.0, 0.100
2025-10-27 11:51:59,        0,  44.5,  46.6,  25.2, 44.202, 54.777,  2.430,3156221.1,  1,  21.5,   1.0, 0.100
2025-10-27 11:52:00,        0,  41.3,  37.0,  25.2, 40.523, 50.030,  2.041,3203110.1,  1,  21.6,   1.0, 0.100
2025-10-27 11:52:01,        0,  42.2,  39.6,  25.3, 34.678, 42.347,  1.475,3243026.2,  1,  21.5,   1.0, 0.100
2025-10-27 11:52:02,        0,  45.4,  49.2,  25.3, 37.846, 46.432,  1.761,3295983.5,  1,  21.6,   1.0, 0.100
2025-10-27 11:52:03,        0,  43.3,  42.8,  25.2, 36.111, 44.208,  1.604,3341136.0,  1,  21.5,   1.0, 0.100
2025-10-27 11:52:04,        0,  43.1,  42.4,  25.2, 38.486, 47.281,  1.820,3384429.4,  1,  21.6,   1.0, 0.100
2025-10-27 11:52:05,        0,  40.4,  34.1,  25.2, 34.692, 42.302,  1.475,3425535.0,  1,  21.5,   1.0, 0.100
2025-10-27 11:52:06,        0,  41.2,  36.5,  25.3, 40.333, 49.550,  2.010,3469570.8,  1,  21.5,   1.0, 0.100
2025-10-27 11:52:07,        0,  43.4,  43.1,  25.3, 33.421, 40.546,  1.356,3507158.9,  1,  21.5,   1.0, 0.100
2025-10-27 11:52:08,        0,  39.9,  32.8,  25.2, 40.236, 49.384,  1.991,3562459.3,  1,  21.5,   1.0, 0.100
2025-10-27 11:52:09,        0,  42.6,  40.9,  25.2, 29.905, 35.975,  1.077,3596341.9,  1,  21.5,   1.0, 0.100
2025-10-27 11:52:10,        0,  40.4,  34.1,  25.3, 36.860, 44.903,  1.658,3639445.4,  1,  21.5,   1.0, 0.100
2025-10-27 11:52:11,        0,  43.4,  43.3,  25.3, 31.441, 37.939,  1.217,3676556.7,  1,  21.6,   0.9, 0.100
2025-10-27 11:52:12,        0,  35.4,  19.1,  25.3, 27.160, 32.391,  0.898,3721004.3,  1,  21.5,   0.9, 0.100
2025-10-27 11:52:13,        0,  40.7,  35.1,  25.3, 32.541, 39.151,  1.297,3755801.3,  1,  21.5,   1.0, 0.100
2025-10-27 11:52:14,        0,  41.5,  37.6,  25.3, 25.401, 30.103,  0.797,3786859.6,  1,  21.6,   0.9, 0.100
2025-10-27 11:52:15,        0,  39.1,  30.2,  25.3, 32.469, 39.077,  1.275,3824574.8,  1,  21.5,   0.9, 0.100
2025-10-27 11:52:16,        0,  41.8,  38.3,  25.3, 28.093, 33.403,  0.940,3864374.6,  1,  21.5,   1.0, 0.100
2025-10-27 11:52:17,        0,  38.9,  29.7,  25.3, 35.050, 42.314,  1.485,3904772.5,  1,  21.6,   1.0, 0.100
2025-10-27 11:52:18,        0,  39.2,  30.5,  25.3, 24.550, 28.883,  0.710,3936300.1,  1,  21.6,   1.0, 0.100
2025-10-27 11:52:19,        0,  38.0,  26.9,  25.3, 28.388, 33.743,  0.960,3968701.7,  1,  21.5,   1.0, 0.100
2025-10-27 11:52:20,        0,  38.5,  28.4,  25.3, 27.280, 32.298,  0.883,4001838.2,  1,  21.5,   1.0, 0.100
2025-10-27 11:52:21,        0,  41.1,  36.3,  25.3, 26.312, 30.974,  0.820,4031280.1,  1,  21.5,   1.0, 0.100
2025-10-27 11:52:22,        0,  40.3,  33.8,  25.3, 27.115, 32.033,  0.870,4065000.9,  1,  21.5,   1.0, 0.100
2025-10-27 11:52:23,        0,  38.1,  27.2,  25.3, 24.290, 28.439,  0.705,4093312.9,  1,  21.6,   1.0, 0.100
2025-10-27 11:52:24,        0,  37.5,  25.4,  25.3, 23.093, 26.870,  0.621,4120687.8,  1,  21.5,   1.0, 0.100
2025-10-27 11:52:25,        0,  38.5,  28.5,  25.3, 27.668, 32.659,  0.913,4155655.8,  1,  21.6,   1.0, 0.100
2025-10-27 11:52:26,        0,  34.3,  15.8,  25.3, 19.449, 22.163,  0.438,4180398.8,  1,  21.5,   1.0, 0.100
2025-10-27 11:52:27,        0,  37.5,  25.4,  25.3, 25.663, 30.018,  0.771,4205533.2,  1,  21.5,   1.0, 0.100
2025-10-27 11:52:28,        0,  33.8,  14.5,  25.3, 22.463, 25.988,  0.604,4237261.2,  1,  21.6,   1.0, 0.100
2025-10-27 11:52:29,        0,  35.9,  20.7,  25.3, 22.421, 25.815,  0.588,4259764.5,  1,  21.5,   1.0, 0.100
2025-10-27 11:52:30,        0,  35.5,  19.6,  25.3, 19.642, 22.346,  0.439,4282008.8,  1,  21.6,   1.0, 0.100
2025-10-27 11:52:31,        0,  36.2,  21.5,  25.3, 17.849, 20.040,  0.360,4302283.0,  1,  21.5,   1.0, 0.100
2025-10-27 11:52:32,        0,  36.5,  22.4,  25.3, 16.653, 18.505,  0.316,4329341.4,  1,  21.6,   1.0, 0.100
2025-10-27 11:52:33,        0,  31.8,   8.3,  25.3, 11.061, 11.512,  0.148,4344936.8,  1,  21.5,   1.0, 0.100
2025-10-27 11:52:34,        0,  35.9,  20.6,  25.3, 22.332, 25.549,  0.574,4364992.2,  1,  21.6,   1.0, 0.100
2025-10-27 11:52:35,        0,  35.5,  19.6,  25.3, 18.853, 21.239,  0.411,4385382.0,  1,  21.5,   1.0, 0.100
2025-10-27 11:52:36,        0,  34.1,  15.3,  25.3, 20.275, 23.020,  0.468,4412455.5,  1,  21.6,   1.0, 0.100
2025-10-27 11:52:37,        0,  35.4,  19.1,  25.3, 16.932, 18.807,  0.319,4429922.2,  1,  21.6,   1.0, 0.100
2025-10-27 11:52:38,        0,  35.1,  18.3,  25.3, 14.809, 16.126,  0.241,4448139.8,  1,  21.5,   1.0, 0.100
2025-10-27 11:52:39,        0,  35.0,  18.1,  25.3, 17.162, 19.043,  0.330,4465934.2,  1,  21.5,   1.0, 0.100
2025-10-27 11:52:40,        0,  31.9,   8.8,  25.3, 17.157, 19.034,  0.328,4487989.5,  1,  21.5,   1.0, 0.100
2025-10-27 11:52:41,        0,  33.2,  12.5,  25.3, 15.110, 16.422,  0.252,4503046.7,  1,  21.5,   1.0, 0.100
2025-10-27 11:52:42,        0,  33.3,  12.8,  25.3, 16.622, 18.323,  0.309,4519512.6,  1,  21.6,   1.0, 0.100
2025-10-27 11:52:43,        0,  33.6,  13.8,  25.3, 15.509, 16.937,  0.263,4535420.6,  1,  21.5,   1.0, 0.100
2025-10-27 11:52:44,        0,  33.6,  13.8,  25.3, 10.224, 10.345,  0.107,4546063.5,  1,  21.6,   1.0, 0.100
2025-10-27 11:52:45,        0,  31.4,   7.3,  25.3, 15.095, 16.373,  0.247,4564266.9,  1,  21.6,   1.0, 0.100
2025-10-27 11:52:46,        0,  34.4,  16.3,  25.3, 13.393, 14.222,  0.192,4577595.8,  1,  21.6,   1.0, 0.100
2025-10-27 11:52:47,        0,  34.6,  16.8,  25.3, 14.558, 15.691,  0.229,4592733.1,  1,  21.5,   0.9, 0.100
2025-10-27 11:52:48,        0,  32.2,   9.7,  25.3, 15.319, 16.637,  0.255,4609284.0,  1,  21.6,   0.9, 0.100
2025-10-27 11:52:49,        0,  32.9,  11.8,  25.3, 14.524, 15.629,  0.228,4624918.3,  1,  21.5,   1.0, 0.100
2025-10-27 11:52:50,        0,  31.9,   8.8,  25.3, 12.410, 13.008,  0.162,4637575.0,  1,  21.6,   0.9, 0.100
2025-10-27 11:52:51,        0,  32.8,  11.5,  25.3, 11.093, 11.345,  0.126,4648306.8,  1,  21.5,   1.0, 0.100
2025-10-27 11:52:52,        0,  32.6,  10.8,  25.3, 12.123, 12.638,  0.158,4661508.3,  1,  21.5,   0.9, 0.100
2025-10-27 11:52:53,        0,  32.1,   9.3,  25.3,  9.532,  9.424,  0.093,4673608.0,  1,  21.5,   1.0, 0.100
2025-10-27 11:52:54,        0,  31.5,   7.5,  25.3, 13.100, 13.824,  0.181,4686039.6,  1,  21.5,   0.9, 0.100
2025-10-27 11:52:55,        0,  32.1,   9.2,  25.3,  9.532,  9.385,  0.090,4695632.3,  1,  21.6,   0.9, 0.100
2025-10-27 11:52:56,        0,  32.4,  10.3,  25.3, 12.459, 13.010,  0.163,4708119.2,  1,  21.5,   0.9, 0.100
2025-10-27 11:52:57,        0,  31.8,   8.3,  25.3,  7.119,  6.408,  0.048,4715980.2,  1,  21.5,   0.9, 0.100
2025-10-27 11:52:58,        0,  31.4,   7.2,  25.3, 12.393, 12.910,  0.161,4728779.8,  1,  21.6,   0.9, 0.100
2025-10-27 11:52:59,        0,  32.7,  11.1,  25.3, 10.028,  9.981,  0.102,4738427.3,  1,  21.6,   0.9, 0.100
2025-10-27 11:53:00,        0,  31.3,   7.0,  25.3, 11.163, 11.406,  0.131,4749597.1,  1,  21.5,   0.9, 0.100
2025-10-27 11:53:01,        0,  32.8,  11.3,  25.3,  9.388,  9.187,  0.086,4759200.2,  1,  21.5,   0.9, 0.100
2025-10-27 11:53:02,        0,  29.7,   2.0,  25.3, 10.194, 10.198,  0.104,4771633.5,  1,  21.5,   0.9, 0.100
2025-10-27 11:53:03,        0,  29.9,   2.7,  25.3,  7.123,  6.447,  0.058,4777613.6,  1,  21.6,   0.9, 0.100
2025-10-27 11:53:04,        0,  32.0,   9.0,  25.3, 10.717, 10.785,  0.116,4784990.5,  1,  21.6,   0.9, 0.100
2025-10-27 11:53:05,        0,  31.6,   7.8,  25.3, 11.081, 11.267,  0.125,4795626.3,  1,  21.5,   0.9, 0.100
2025-10-27 11:53:06,        0,  31.4,   7.3,  25.3, 10.137, 10.103,  0.102,4804846.8,  1,  21.6,   0.9, 0.100
2025-10-27 11:53:07,        0,  31.2,   6.7,  25.3,  9.075,  8.806,  0.084,4814921.0,  1,  21.6,   0.9, 0.100
2025-10-27 11:53:08,        0,  31.9,   8.8,  25.3,  9.779,  9.649,  0.095,4823896.3,  1,  21.6,   0.9, 0.100
2025-10-27 11:53:09,        0,  31.7,   8.2,  25.3,  9.813,  9.702,  0.095,4833531.8,  1,  21.6,   0.9, 0.100
2025-10-27 11:53:10,        0,  31.9,   8.6,  25.3,  8.750,  8.390,  0.074,4842852.4,  1,  21.6,   0.9, 0.100
2025-10-27 11:53:11,        0,  31.2,   6.7,  25.3,  8.163,  7.662,  0.064,4851781.3,  1,  21.6,   1.0, 0.100
2025-10-27 11:53:12,        0,  30.8,   5.4,  25.3, 10.289, 10.265,  0.106,4861249.4,  1,  21.5,   0.9, 0.100
2025-10-27 11:53:13,        0,  31.3,   7.0,  25.3,  8.781,  8.417,  0.074,4869014.4,  1,  21.6,   1.0, 0.100
2025-10-27 11:53:14,        0,  30.8,   5.4,  25.3,  6.077,  5.175,  0.040,4874632.0,  1,  21.6,   1.0, 0.100
2025-10-27 11:53:15,        0,  31.7,   8.2,  25.3,  7.481,  6.812,  0.051,4882729.3,  1,  21.5,   1.0, 0.100
2025-10-27 11:53:16,        0,  30.6,   4.9,  25.3,  8.399,  7.948,  0.067,4890786.0,  1,  21.5,   1.0, 0.100
2025-10-27 11:53:17,        0,  31.2,   6.5,  25.3,  7.786,  7.185,  0.056,4897804.6,  1,  21.6,   1.0, 0.100
2025-10-27 11:53:18,        0,  31.5,   7.5,  25.3,  7.042,  6.281,  0.044,4904529.4,  1,  21.6,   1.0, 0.100
2025-10-27 11:53:19,        0,  30.5,   4.4,  25.3,  7.723,  7.117,  0.056,4911879.9,  1,  21.6,   1.0, 0.100
2025-10-27 11:53:20,        0,  30.8,   5.5,  25.3,  8.085,  7.557,  0.061,4920160.0,  1,  21.6,   1.0, 0.100
2025-10-27 11:53:21,        0,  31.3,   6.8,  25.3,  8.595,  8.181,  0.071,4927614.0,  1,  21.6,   1.0, 0.100
2025-10-27 11:53:22,        0,  30.6,   4.7,  25.3,  7.591,  6.967,  0.054,4933833.0,  1,  21.6,   0.9, 0.100
2025-10-27 11:53:23,        0,  30.4,   4.2,  25.3,  8.403,  7.944,  0.067,4940744.3,  1,  21.6,   1.0, 0.100
2025-10-27 11:53:24,        0,  30.8,   5.3,  25.3,  6.854,  6.055,  0.042,4947638.0,  1,  21.6,   1.0, 0.100
2025-10-27 11:53:25,        0,  30.5,   4.4,  25.3,  6.794,  5.984,  0.041,4953662.4,  1,  21.6,   0.9, 0.100
2025-10-27 11:53:26,        0,  30.8,   5.4,  25.3,  6.514,  5.658,  0.040,4959390.2,  1,  21.6,   0.9, 0.100
2025-10-27 11:53:27,        0,  30.5,   4.5,  25.3,  7.999,  7.446,  0.060,4965922.2,  1,  21.5,   0.9, 0.100
2025-10-27 11:53:28,        0,  29.3,   1.0,  25.3,  6.533,  5.674,  0.038,4972684.8,  1,  21.6,   0.9, 0.100
2025-10-27 11:53:29,        0,  30.5,   4.5,  25.3,  5.427,  4.385,  0.028,4975725.3,  1,  21.6,   0.9, 0.100
2025-10-27 11:53:30,        0,  31.1,   6.3,  25.3,  5.957,  4.984,  0.030,4981037.7,  1,  21.6,   1.0, 0.100
2025-10-27 11:53:31,        0,  30.3,   3.9,  25.3,  6.610,  5.766,  0.038,4986807.4,  1,  21.6,   0.9, 0.100
2025-10-27 11:53:32,        0,  30.5,   4.4,  25.3,  6.455,  5.576,  0.036,4993383.4,  1,  21.6,   1.0, 0.100
2025-10-27 11:53:33,        0,  30.0,   2.9,  25.3,  7.092,  6.342,  0.045,4999261.3,  1,  21.6,   0.9, 0.100
2025-10-27 11:53:34,        0,  30.1,   3.2,  25.3,  4.598,  3.386,  0.017,5002926.2,  1,  21.6,   1.0, 0.100
2025-10-27 11:53:35,        0,  30.5,   4.4,  25.3,  4.524,  3.317,  0.017,5006921.5,  1,  21.6,   0.9, 0.100
2025-10-27 11:53:36,        0,  29.8,   2.5,  25.3,  6.141,  5.205,  0.032,5013120.7,  1,  21.5,   0.9, 0.100
2025-10-27 11:53:37,        0,  30.3,   4.0,  25.3,  5.650,  4.621,  0.026,5017244.2,  1,  21.6,   0.9, 0.100
2025-10-27 11:53:38,        0,  30.5,   4.5,  25.3,  5.514,  4.467,  0.026,5021322.4,  1,  21.6,   0.9, 0.100
2025-10-27 11:53:39,        0,  30.1,   3.4,  25.3,  4.911,  3.755,  0.019,5025661.3,  1,  21.6,   0.9, 0.100
2025-10-27 11:53:40,        0,  30.5,   4.5,  25.3,  3.466,  2.118,  0.010,5030169.1,  1,  21.6,   0.9, 0.100
2025-10-27 11:53:41,        0,  30.9,   5.7,  25.3,  5.875,  4.898,  0.029,5035095.1,  1,  21.6,   0.9, 0.100
2025-10-27 11:53:42,        0,  29.7,   2.2,  25.3,  6.353,  5.460,  0.035,5040058.1,  1,  21.6,   0.9, 0.100
2025-10-27 11:53:43,        0,  30.2,   3.7,  25.3,  1.524,  0.093,  0.000,5040266.8,  1,  21.6,   0.9, 0.100
2025-10-27 11:53:44,        0,  29.8,   2.5,  25.3,  6.452,  5.626,  0.037,5046386.8,  1,  21.6,   0.9, 0.100
2025-10-27 11:53:45,        0,  30.0,   2.9,  25.3,  4.162,  2.900,  0.014,5049613.9,  1,  21.6,   0.9, 0.100
2025-10-27 11:53:46,        0,  30.5,   4.4,  25.3,  5.712,  4.722,  0.027,5054109.9,  1,  21.6,   0.9, 0.100
2025-10-27 11:53:47,        0,  30.2,   3.5,  25.3,  5.646,  4.634,  0.026,5059032.6,  1,  21.6,   0.9, 0.100
2025-10-27 11:53:48,        0,  30.6,   4.9,  25.3,  6.083,  5.164,  0.032,5064521.5,  1,  21.5,   0.9, 0.100
2025-10-27 11:53:49,        0,  29.5,   1.4,  25.3,  5.276,  4.195,  0.024,5068109.8,  1,  21.6,   0.9, 0.100
2025-10-27 11:53:50,        0,  30.0,   2.9,  25.3,  1.454,  0.053,  0.000,5068157.1,  1,  21.6,   1.0, 0.100
2025-10-27 11:53:51,        0,  30.4,   4.2,  25.3,  5.967,  5.071,  0.030,5072295.7,  1,  21.5,   0.9, 0.100
2025-10-27 11:53:52,        0,  30.0,   3.0,  25.3,  5.567,  4.558,  0.025,5077116.6,  1,  21.6,   0.9, 0.100
2025-10-27 11:53:53,        0,  29.4,   1.2,  25.3,  5.177,  4.100,  0.022,5080973.1,  1,  21.6,   0.9, 0.100
2025-10-27 11:53:54,        0,  30.3,   4.0,  25.3,  5.008,  3.985,  0.024,5084173.7,  1,  21.5,   1.0, 0.100
2025-10-27 11:53:55,        0,  29.7,   2.0,  25.3,  1.762,  0.269,  0.001,5086295.2,  1,  21.6,   0.9, 0.100
2025-10-27 11:53:56,        0,  29.8,   2.4,  25.3,  1.925,  0.660,  0.004,5087280.9,  1,  21.5,   0.9, 0.100
2025-10-27 11:53:57,        0,  30.0,   3.0,  25.3,  6.131,  5.264,  0.032,5092922.3,  1,  21.5,   0.9, 0.100
2025-10-27 11:53:58,        0,  29.7,   2.2,  25.3,  2.823,  1.388,  0.006,5095961.6,  1,  21.5,   0.9, 0.100
2025-10-27 11:53:59,        0,  29.9,   2.7,  25.3,  3.353,  2.048,  0.011,5099011.4,  1,  21.6,   0.9, 0.100
2025-10-27 11:54:00,        0,  29.8,   2.5,  25.3,  5.518,  4.517,  0.025,5103234.2,  1,  21.6,   0.9, 0.100
2025-10-27 11:54:01,        0,  29.2,   0.6,  25.3,  4.744,  3.593,  0.018,5106410.1,  1,  21.5,   0.9, 0.100
2025-10-27 11:54:02,        0,  30.1,   3.4,  25.3,  2.287,  1.042,  0.006,5107381.9,  1,  21.6,   0.9, 0.100
2025-10-27 11:54:03,        0,  30.0,   3.0,  25.3,  5.698,  4.753,  0.027,5111831.1,  1,  21.5,   0.9, 0.100
2025-10-27 11:54:04,        0,  29.8,   2.5,  25.3,  5.398,  4.380,  0.024,5115953.3,  1,  21.6,   0.9, 0.100
2025-10-27 11:54:05,        0,  29.5,   1.4,  25.3,  1.873,  0.369,  0.001,5117783.0,  1,  21.5,   0.9, 0.100
2025-10-27 11:54:06,        0,  29.8,   2.4,  25.3,  5.019,  3.987,  0.002,5119740.2,  1,  21.6,   1.0, 0.100
2025-10-27 11:54:07,        0,  29.5,   1.4,  25.3,  1.348,  0.012,  0.000,5119772.1,  1,  21.5,   0.9, 0.100
2025-10-27 11:54:08,        0,  29.8,   2.4,  25.3,  1.251, -0.006,  0.000,5119766.2,  1,  21.6,   0.9, 0.100
2025-10-27 11:54:09,        0,  30.1,   3.2,  25.3,  1.203, -0.011,  0.000,5119988.3,  1,  21.6,   0.9, 0.100
2025-10-27 11:54:10,        0,  29.6,   1.9,  25.3,  4.790,  3.704,  0.019,5123887.6,  1,  21.6,   1.0, 0.100
2025-10-27 11:54:11,        0,  29.5,   1.4,  25.3,  2.458,  1.003,  0.003,5124657.0,  1,  21.6,   1.0, 0.100
2025-10-27 11:54:12,        0,  29.9,   2.7,  25.3,  4.707,  3.680,  0.020,5126948.7,  1,  21.6,   1.0, 0.100
2025-10-27 11:54:13,        0,  30.1,   3.2,  25.3,  5.546,  4.597,  0.026,5131192.8,  1,  21.5,   1.0, 0.100
2025-10-27 11:54:14,        0,  29.7,   2.0,  25.3,  5.591,  4.639,  0.026,5134658.7,  1,  21.6,   1.0, 0.100
2025-10-27 11:54:15,        0,  29.7,   2.0,  25.3,  4.662,  3.616,  0.020,5137669.5,  1,  21.5,   1.0, 0.100
2025-10-27 11:54:16,        0,  30.0,   2.9,  25.3,  3.516,  2.200,  0.010,5139934.7,  1,  21.6,   0.9, 0.100
2025-10-27 11:54:17,        0,  29.7,   2.2,  25.3,  2.292,  0.803,  0.002,5141827.0,  1,  21.6,   1.0, 0.100
2025-10-27 11:54:18,        0,  29.8,   2.4,  25.3,  1.290, -0.002,  0.000,5141843.3,  1,  21.6,   0.9, 0.100
2025-10-27 11:54:19,        0,  29.6,   1.7,  25.3,  1.226, -0.009,  0.000,5141835.3,  1,  21.6,   0.9, 0.100
2025-10-27 11:54:20,        0,  29.8,   2.5,  25.3,  3.217,  2.179,  0.013,5144309.7,  1,  21.6,   0.9, 0.100
2025-10-27 11:54:21,        0,  29.7,   2.2,  25.3,  5.408,  4.436,  0.024,5148467.5,  1,  21.5,   0.9, 0.100
2025-10-27 11:54:22,        0,  29.7,   2.0,  25.3,  1.589,  0.130,  0.000,5149178.3,  1,  21.6,   0.9, 0.100
2025-10-27 11:54:23,        0,  30.0,   3.0,  25.3,  5.354,  4.384,  0.023,5151963.2,  1,  21.5,   0.9, 0.100
2025-10-27 11:54:24,        0,  29.7,   2.0,  25.3,  2.873,  1.463,  0.006,5154084.2,  1,  21.5,   0.9, 0.100
2025-10-27 11:54:25,        0,  29.7,   2.0,  25.3,  1.371,  0.017,  0.000,5154104.3,  1,  21.6,   0.9, 0.100
2025-10-27 11:54:26,        0,  29.7,   2.0,  25.3,  1.230, -0.008,  0.000,5154097.6,  1,  21.6,   0.9, 0.100
2025-10-27 11:54:27,        0,  29.8,   2.5,  25.3,  1.184, -0.010,  0.000,5154640.4,  1,  21.6,   0.9, 0.100
2025-10-27 11:54:28,        0,  29.7,   2.0,  25.3,  2.160,  0.798,  0.004,5156195.2,  1,  21.6,   1.0, 0.100
2025-10-27 11:54:29,        0,  29.7,   2.0,  25.3,  4.472,  3.386,  0.018,5159015.3,  1,  21.6,   1.0, 0.100
2025-10-27 11:54:30,        0,  30.0,   2.9,  25.3,  1.794,  0.300,  0.001,5160586.5,  1,  21.6,   1.0, 0.100
2025-10-27 11:54:31,        0,  29.8,   2.5,  25.3,  4.551,  3.420,  0.017,5164897.7,  1,  21.6,   1.0, 0.100
2025-10-27 11:54:32,        0,  29.3,   0.9,  25.3,  3.968,  2.733,  0.013,5166672.2,  1,  21.5,   1.0, 0.100
2025-10-27 11:54:33,        0,  29.3,   0.9,  25.3,  1.317,  0.004,  0.000,5166686.4,  1,  21.5,   1.0, 0.100
2025-10-27 11:54:34,        0,  29.4,   1.2,  25.3,  1.236, -0.008,  0.000,5166679.3,  1,  21.6,   1.0, 0.100
2025-10-27 11:54:35,        0,  29.9,   2.7,  25.3,  1.171, -0.010,  0.000,5166668.0,  1,  21.6,   1.0, 0.100
2025-10-27 11:54:36,        0,  29.7,   2.2,  25.3,  1.360,  0.247,  0.002,5167572.8,  1,  21.6,   1.0, 0.100
2025-10-27 11:54:37,        0,  29.8,   2.4,  25.3,  5.348,  4.408,  0.024,5169645.2,  1,  21.6,   1.0, 0.100
2025-10-27 11:54:38,        0,  29.9,   2.7,  25.3,  1.560,  0.113,  0.000,5170322.1,  1,  21.6,   1.0, 0.100
2025-10-27 11:54:39,        0,  29.7,   2.0,  25.3,  1.294,  0.001,  0.000,5170324.2,  1,  21.6,   1.0, 0.100
2025-10-27 11:54:40,        0,  29.8,   2.5,  25.3,  5.344,  4.403,  0.024,5173655.1,  1,  21.6,   1.0, 0.100
2025-10-27 11:54:41,        0,  29.6,   1.9,  25.3,  5.057,  4.039,  0.021,5176471.9,  1,  21.6,   1.0, 0.100
2025-10-27 11:54:42,        0,  29.6,   1.7,  25.3,  1.341,  0.011,  0.000,5176513.4,  1,  21.6,   1.0, 0.100
2025-10-27 11:54:43,        0,  29.8,   2.4,  25.3,  1.240, -0.006,  0.000,5176508.3,  1,  21.6,   1.0, 0.100
2025-10-27 11:54:44,        0,  29.8,   2.5,  25.3,  1.168, -0.010,  0.000,5176497.0,  1,  21.5,   0.9, 0.100
2025-10-27 11:54:45,        0,  29.8,   2.4,  25.3,  1.130, -0.010,  0.000,5176487.0,  1,  21.6,   1.0, 0.100
2025-10-27 11:54:46,        0,  29.8,   2.5,  25.3,  1.096, -0.011,  0.000,5177041.0,  1,  21.5,   0.9, 0.100
2025-10-27 11:54:47,        0,  29.8,   2.4,  25.3,  3.348,  2.038,  0.009,5179972.6,  1,  21.6,   0.9, 0.100
2025-10-27 11:54:48,        0,  29.5,   1.5,  25.3,  1.370,  0.022,  0.000,5180019.1,  1,  21.6,   0.9, 0.100
2025-10-27 11:54:49,        0,  29.6,   1.9,  25.3,  4.274,  3.276,  0.017,5181539.6,  1,  21.6,   1.0, 0.100
2025-10-27 11:54:50,        0,  29.5,   1.5,  25.3,  2.485,  1.198,  0.006,5182636.8,  1,  21.6,   0.9, 0.100
2025-10-27 11:54:51,        0,  29.7,   2.2,  25.3,  1.510,  0.090,  0.000,5182745.3,  1,  21.5,   1.0, 0.100
2025-10-27 11:54:52,        0,  29.5,   1.4,  25.3,  1.235, -0.006,  0.000,5182741.1,  1,  21.6,   1.0, 0.100
2025-10-27 11:54:53,        0,  29.7,   2.2,  25.3,  2.894,  1.832,  0.010,5184355.9,  1,  21.5,   1.0, 0.100
2025-10-27 11:54:54,        0,  29.8,   2.5,  25.3,  3.053,  1.848,  0.009,5185290.5,  1,  21.6,   1.0, 0.100
2025-10-27 11:54:55,        0,  29.7,   2.0,  25.3,  1.426,  0.047,  0.000,5185394.0,  1,  21.5,   1.0, 0.100
2025-10-27 11:54:56,        0,  29.6,   1.9,  25.3,  1.214, -0.006,  0.000,5185389.0,  1,  21.6,   1.0, 0.100
2025-10-27 11:54:57,        0,  29.8,   2.4,  25.3,  1.160, -0.010,  0.000,5185380.2,  1,  21.6,   1.0, 0.100
2025-10-27 11:54:58,        0,  30.0,   3.0,  25.3,  1.101, -0.010,  0.000,5185369.7,  1,  21.5,   1.0, 0.100
2025-10-27 11:54:59,        0,  29.9,   2.7,  25.3,  3.664,  2.434,  0.011,5188121.9,  1,  21.6,   1.0, 0.100
2025-10-27 11:55:00,        0,  29.7,   2.0,  25.3,  2.510,  1.099,  0.004,5188926.5,  1,  21.6,   1.0, 0.100
2025-10-27 11:55:01,        0,  29.8,   2.5,  25.3,  1.260, -0.000,  0.000,5188937.0,  1,  21.5,   1.0, 0.100
2025-10-27 11:55:02,        0,  30.0,   3.0,  25.3,  1.187, -0.008,  0.000,5188929.5,  1,  21.5,   1.0, 0.100
2025-10-27 11:55:03,        0,  29.8,   2.5,  25.3,  2.045,  0.585,  0.001,5191263.0,  1,  21.5,   1.0, 0.100
2025-10-27 11:55:04,        0,  29.6,   1.9,  25.3,  1.307,  0.010,  0.000,5191287.7,  1,  21.5,   1.0, 0.100
2025-10-27 11:55:05,        0,  29.8,   2.4,  25.3,  1.175, -0.008,  0.000,5191280.2,  1,  21.5,   1.0, 0.100
2025-10-27 11:55:06,        0,  29.7,   2.0,  25.3,  3.584,  2.606,  0.014,5192675.8,  1,  21.6,   1.0, 0.100
2025-10-27 11:55:07,        0,  29.8,   2.4,  25.3,  3.384,  2.236,  0.012,5194638.0,  1,  21.5,   1.0, 0.100
2025-10-27 11:55:08,        0,  29.8,   2.4,  25.3,  1.351,  0.025,  0.000,5194763.3,  1,  21.5,   1.0, 0.100
2025-10-27 11:55:09,        0,  29.7,   2.0,  25.3,  1.218, -0.004,  0.000,5194759.5,  1,  21.6,   1.0, 0.100
2025-10-27 11:55:10,        0,  29.8,   2.4,  25.3,  1.132, -0.009,  0.000,5194750.7,  1,  21.5,   1.0, 0.100
2025-10-27 11:55:11,        0,  29.8,   2.4,  25.3,  1.090, -0.010,  0.000,5194741.1,  1,  21.5,   0.9, 0.100
2025-10-27 11:55:12,        0,  29.8,   2.4,  25.3,  1.053, -0.010,  0.000,5196284.2,  1,  21.5,   1.0, 0.100
2025-10-27 11:55:13,        0,  29.8,   2.5,  25.3,  1.488,  0.098,  0.000,5197166.4,  1,  21.5,   1.0, 0.100
2025-10-27 11:55:14,        0,  29.8,   2.5,  25.3,  1.243,  0.001,  0.000,5197169.7,  1,  21.5,   1.0, 0.100
2025-10-27 11:55:15,        0,  29.8,   2.4,  25.3,  1.139, -0.008,  0.000,5197162.2,  1,  21.5,   1.0, 0.100
2025-10-27 11:55:16,        0,  29.8,   2.4,  25.3,  1.093, -0.009,  0.000,5197153.4,  1,  21.6,   1.0, 0.100
2025-10-27 11:55:17,        0,  30.0,   2.9,  25.3,  1.052, -0.010,  0.000,5197144.6,  1,  21.5,   1.0, 0.100
2025-10-27 11:55:18,        0,  29.6,   1.9,  25.3,  5.177,  4.303,  0.022,5200968.0,  1,  21.5,   1.0, 0.100
2025-10-27 11:55:19,        0,  29.6,   1.7,  25.3,  1.286,  0.014,  0.000,5201027.5,  1,  21.5,   0.9, 0.100
2025-10-27 11:55:20,        0,  29.7,   2.0,  25.3,  1.176, -0.005,  0.000,5201025.0,  1,  21.5,   1.0, 0.100
2025-10-27 11:55:21,        0,  29.8,   2.5,  25.3,  1.118, -0.008,  0.000,5201017.4,  1,  21.5,   1.0, 0.100
2025-10-27 11:55:22,        0,  29.8,   2.4,  25.3,  1.053, -0.009,  0.000,5201009.5,  1,  21.5,   1.0, 0.100
2025-10-27 11:55:23,        0,  29.7,   2.2,  25.3,  1.015, -0.009,  0.000,5200997.7,  1,  21.5,   1.0, 0.100
2025-10-27 11:55:24,        0,  29.7,   2.2,  25.2,  0.969, -0.010,  0.000,5200988.9,  1,  21.5,   1.0, 0.100
2025-10-27 11:55:25,        0,  29.8,   2.5,  25.3,  0.943, -0.010,  0.000,5200978.5,  1,  21.5,   1.0, 0.100
2025-10-27 11:55:26,        0,  29.8,   2.4,  25.3,  0.921, -0.010,  0.000,5200968.8,  1,  21.5,   0.9, 0.100
2025-10-27 11:55:27,        0,  29.8,   2.4,  25.3,  0.892, -0.010,  0.000,5200956.2,  1,  21.5,   1.0, 0.100
2025-10-27 11:55:28,        0,  29.8,   2.5,  25.3,  0.875, -0.011,  0.000,5200946.2,  1,  21.5,   0.9, 0.100
2025-10-27 11:55:29,        0,  29.8,   2.5,  25.3,  0.851, -0.011,  0.000,5200935.7,  1,  21.5,   1.0, 0.100
2025-10-27 11:55:30,        0,  29.9,   2.7,  25.3,  4.474,  3.712,  0.019,5203444.8,  1,  21.5,   0.9, 0.100
2025-10-27 11:55:31,        0,  30.0,   2.9,  25.3,  5.177,  4.376,  0.023,5207144.6,  1,  21.5,   0.9, 0.100
2025-10-27 11:55:32,        0,  29.5,   1.4,  25.3,  1.774,  0.395,  0.001,5208842.8,  1,  21.5,   1.0, 0.100
2025-10-27 11:55:33,        0,  29.4,   1.2,  25.3,  1.217,  0.009,  0.000,5208849.5,  1,  21.5,   0.9, 0.100
2025-10-27 11:55:34,        0,  29.7,   2.2,  25.3,  1.094, -0.007,  0.000,5208845.3,  1,  21.5,   0.9, 0.100
2025-10-27 11:55:35,        0,  29.5,   1.4,  25.2,  1.046, -0.008,  0.000,5208836.9,  1,  21.5,   0.9, 0.100
2025-10-27 11:55:36,        0,  29.6,   1.7,  25.3,  0.987, -0.009,  0.000,5208826.4,  1,  21.5,   0.9, 0.100
2025-10-27 11:55:37,        0,  29.6,   1.7,  25.3,  0.953, -0.009,  0.000,5208818.1,  1,  21.5,   0.9, 0.100
2025-10-27 11:55:38,        0,  29.7,   2.2,  25.3,  0.910, -0.009,  0.000,5208809.3,  1,  21.5,   1.0, 0.100
2025-10-27 11:55:39,        0,  29.6,   1.9,  25.3,  0.886, -0.009,  0.000,5208800.0,  1,  21.5,   0.9, 0.100
2025-10-27 11:55:40,        0,  29.6,   1.9,  25.3,  0.865, -0.010,  0.000,5208790.0,  1,  21.5,   1.0, 0.100
2025-10-27 11:55:41,        0,  29.7,   2.2,  25.3,  0.838, -0.010,  0.000,5208778.2,  1,  21.5,   1.0, 0.100
2025-10-27 11:55:42,        0,  29.7,   2.2,  25.3,  0.822, -0.010,  0.000,5208769.4,  1,  21.5,   1.0, 0.100
2025-10-27 11:55:43,        0,  29.8,   2.4,  25.3,  0.800, -0.010,  0.000,5208760.2,  1,  21.5,   1.0, 0.100
2025-10-27 11:55:44,        0,  29.6,   1.9,  25.3,  0.786, -0.010,  0.000,5208750.6,  1,  21.5,   1.0, 0.100
2025-10-27 11:55:45,        0,  29.7,   2.0,  25.3,  0.768, -0.010,  0.000,5208739.7,  1,  21.6,   1.0, 0.100
2025-10-27 11:55:46,        0,  29.7,   2.2,  25.3,  0.756, -0.009,  0.000,5208730.9,  1,  21.5,   1.0, 0.100
2025-10-27 11:55:47,        0,  29.6,   1.9,  25.3,  0.745, -0.010,  0.000,5208721.2,  1,  21.5,   1.0, 0.100
2025-10-27 11:55:48,        0,  29.8,   2.5,  25.3,  0.729, -0.009,  0.000,5208712.0,  1,  21.5,   1.0, 0.100
2025-10-27 11:55:49,        0,  29.8,   2.5,  25.3,  0.719, -0.009,  0.000,5208703.2,  1,  21.5,   1.0, 0.100
2025-10-27 11:55:50,        0,  29.8,   2.5,  25.3,  0.703, -0.009,  0.000,5208692.7,  1,  21.6,   1.0, 0.100
2025-10-27 11:55:51,        0,  29.8,   2.4,  25.3,  0.694, -0.009,  0.000,5208683.5,  1,  21.5,   1.0, 0.100
2025-10-27 11:55:52,        0,  29.8,   2.4,  25.3,  0.686, -0.009,  0.000,5208675.6,  1,  21.5,   1.0, 0.100
2025-10-27 11:55:53,        0,  29.8,   2.5,  25.3,  0.672, -0.009,  0.000,5208666.3,  1,  21.5,   1.0, 0.100
2025-10-27 11:55:54,        0,  29.8,   2.4,  25.3,  0.659, -0.009,  0.000,5208656.3,  1,  21.6,   1.0, 0.100
2025-10-27 11:55:55,        0,  29.8,   2.5,  25.3,  2.985,  2.356,  0.012,5210365.8,  1,  21.6,   1.0, 0.100
2025-10-27 11:55:56,        0,  29.9,   2.7,  25.3,  3.042,  1.928,  0.008,5212271.4,  1,  21.5,   1.0, 0.100
2025-10-27 11:55:57,        0,  29.5,   1.5,  25.2,  1.502,  0.213,  0.000,5213157.4,  1,  21.6,   1.0, 0.100
2025-10-27 11:55:58,        0,  29.7,   2.0,  25.3,  1.123,  0.006,  0.000,5213172.0,  1,  21.6,   1.0, 0.100
2025-10-27 11:55:59,        0,  29.7,   2.0,  25.2,  1.008, -0.006,  0.000,5213166.6,  1,  21.5,   1.0, 0.100
2025-10-27 11:56:00,        0,  29.6,   1.7,  25.3,  0.962, -0.008,  0.000,5213159.9,  1,  21.6,   1.0, 0.100
2025-10-27 11:56:01,        0,  29.6,   1.7,  25.2,  0.923, -0.008,  0.000,5213152.3,  1,  21.6,   1.0, 0.100
2025-10-27 11:56:02,        0,  29.7,   2.0,  25.3,  0.872, -0.008,  0.000,5213143.5,  1,  21.6,   1.0, 0.100
2025-10-27 11:56:03,        0,  29.7,   2.0,  25.3,  0.843, -0.008,  0.000,5213135.2,  1,  21.6,   1.0, 0.100
2025-10-27 11:56:04,        0,  29.7,   2.0,  25.3,  0.806, -0.009,  0.000,5213127.2,  1,  21.6,   1.0, 0.100
2025-10-27 11:56:05,        0,  29.7,   2.0,  25.2,  0.787, -0.009,  0.000,5213118.4,  1,  21.5,   1.0, 0.100
2025-10-27 11:56:06,        0,  29.7,   2.2,  25.3,  0.768, -0.009,  0.000,5213110.8,  1,  21.5,   1.0, 0.100
2025-10-27 11:56:07,        0,  29.6,   1.9,  25.3,  0.745, -0.009,  0.000,5213100.0,  1,  21.6,   0.9, 0.100
2025-10-27 11:56:08,        0,  29.8,   2.4,  25.3,  0.731, -0.009,  0.000,5213092.0,  1,  21.6,   0.9, 0.100
2025-10-27 11:56:09,        0,  29.7,   2.0,  25.3,  0.712, -0.009,  0.000,5213083.2,  1,  21.6,   1.0, 0.100
2025-10-27 11:56:10,        0,  29.7,   2.0,  25.3,  0.700, -0.009,  0.000,5213074.8,  1,  21.6,   1.0, 0.100
2025-10-27 11:56:11,        0,  29.7,   2.0,  25.3,  0.683, -0.009,  0.000,5213064.3,  1,  21.5,   1.0, 0.100
2025-10-27 11:56:12,        0,  29.7,   2.0,  25.2,  0.672, -0.009,  0.000,5213056.4,  1,  21.6,   1.0, 0.100
2025-10-27 11:56:13,        0,  29.7,   2.2,  25.3,  0.663, -0.008,  0.000,5213048.4,  1,  21.6,   1.0, 0.100
2025-10-27 11:56:14,        0,  29.7,   2.2,  25.3,  0.649, -0.008,  0.000,5213040.4,  1,  21.6,   0.9, 0.100
2025-10-27 11:56:15,        0,  29.7,   2.2,  25.2,  0.637, -0.008,  0.000,5213031.2,  1,  21.5,   1.0, 0.100
2025-10-27 11:56:16,        0,  29.8,   2.4,  25.2,  0.628, -0.008,  0.000,5213023.3,  1,  21.6,   1.0, 0.100
2025-10-27 11:56:17,        0,  29.8,   2.4,  25.3,  0.621, -0.009,  0.000,5213014.9,  1,  21.6,   1.0, 0.100
2025-10-27 11:56:18,        0,  29.7,   2.2,  25.3,  0.610, -0.008,  0.000,5213006.9,  1,  21.6,   1.0, 0.100
2025-10-27 11:56:19,        0,  29.7,   2.2,  25.3,  0.603, -0.008,  0.000,5212999.4,  1,  21.5,   1.0, 0.100
2025-10-27 11:56:20,        0,  29.9,   2.7,  25.2,  0.593, -0.008,  0.000,5212989.7,  1,  21.6,   1.0, 0.100
2025-10-27 11:56:21,        0,  29.8,   2.5,  25.3,  0.587, -0.008,  0.000,5212983.0,  1,  21.5,   1.0, 0.100
2025-10-27 11:56:22,        0,  29.8,   2.4,  25.3,  0.581, -0.008,  0.000,5212975.1,  1,  21.6,   1.0, 0.100
2025-10-27 11:56:23,        0,  29.8,   2.4,  25.3,  0.572, -0.008,  0.000,5212967.1,  1,  21.6,   1.0, 0.100
2025-10-27 11:56:24,        0,  29.8,   2.4,  25.3,  0.567, -0.007,  0.000,5212958.3,  1,  21.6,   1.0, 0.100
2025-10-27 11:56:25,        0,  29.8,   2.5,  25.3,  0.559, -0.008,  0.000,5212951.2,  1,  21.5,   1.0, 0.100
2025-10-27 11:56:26,        0,  29.8,   2.5,  25.3,  0.554, -0.008,  0.000,5212943.2,  1,  21.6,   1.0, 0.100
2025-10-27 11:56:27,        0,  29.8,   2.5,  25.3,  0.549, -0.007,  0.000,5212936.5,  1,  21.6,   1.0, 0.100
2025-10-27 11:56:28,        0,  29.8,   2.5,  25.2,  0.542, -0.008,  0.000,5212929.4,  1,  21.5,   1.0, 0.100
2025-10-27 11:56:29,        0,  29.9,   2.7,  25.3,  0.537, -0.007,  0.000,5212920.6,  1,  21.5,   1.0, 0.100
2025-10-27 11:56:30,        0,  29.9,   2.7,  25.2,  4.848,  4.146,  0.020,5215701.7,  1,  21.6,   1.0, 0.100
2025-10-27 11:56:31,        0,  29.8,   2.4,  25.3,  2.306,  1.116,  0.003,5217100.2,  1,  21.5,   1.0, 0.100
2025-10-27 11:56:32,        0,  29.7,   2.0,  25.3,  1.125,  0.017,  0.000,5217115.3,  1,  21.6,   1.0, 0.100
2025-10-27 11:56:33,        0,  29.6,   1.9,  25.2,  0.986, -0.005,  0.000,5217111.1,  1,  21.6,   1.0, 0.100
2025-10-27 11:56:34,        0,  29.7,   2.0,  25.2,  0.916, -0.007,  0.000,5217104.0,  1,  21.5,   1.0, 0.100
2025-10-27 11:56:35,        0,  29.7,   2.0,  25.2,  0.879, -0.007,  0.000,5217097.3,  1,  21.6,   1.0, 0.100
2025-10-27 11:56:36,        0,  29.7,   2.0,  25.2,  0.846, -0.007,  0.000,5217090.6,  1,  21.6,   1.0, 0.100
2025-10-27 11:56:37,        0,  29.7,   2.2,  25.2,  0.802, -0.007,  0.000,5217080.9,  1,  21.6,   1.0, 0.100
2025-10-27 11:56:38,        0,  29.6,   1.7,  25.2,  0.779, -0.008,  0.000,5217073.8,  1,  21.5,   0.9, 0.100
2025-10-27 11:56:39,        0,  29.7,   2.0,  25.2,  0.749, -0.009,  0.000,5217065.8,  1,  21.6,   0.9, 0.100
2025-10-27 11:56:40,        0,  29.7,   2.0,  25.2,  0.731, -0.008,  0.000,5217057.9,  1,  21.6,   0.9, 0.100
2025-10-27 11:56:41,        0,  29.7,   2.2,  25.2,  0.716, -0.008,  0.000,5217050.8,  1,  21.6,   0.9, 0.100
2025-10-27 11:56:42,        0,  29.7,   2.0,  25.3,  0.694, -0.008,  0.000,5217039.9,  1,  21.6,   0.9, 0.100
2025-10-27 11:56:43,        0,  29.6,   1.7,  25.2,  0.682, -0.008,  0.000,5217032.3,  1,  21.5,   0.9, 0.100
2025-10-27 11:56:44,        0,  29.6,   1.7,  25.3,  0.664, -0.008,  0.000,5217024.8,  1,  21.6,   0.9, 0.100
2025-10-27 11:56:45,        0,  29.7,   2.0,  25.2,  0.652, -0.009,  0.000,5217016.8,  1,  21.5,   0.9, 0.100
2025-10-27 11:56:46,        0,  29.7,   2.2,  25.3,  0.637, -0.008,  0.000,5217006.8,  1,  21.6,   0.9, 0.100
2025-10-27 11:56:47,        0,  29.7,   2.2,  25.2,  0.627, -0.008,  0.000,5216999.2,  1,  21.6,   0.9, 0.100
2025-10-27 11:56:48,        0,  29.7,   2.2,  25.2,  0.618, -0.008,  0.000,5216991.2,  1,  21.5,   0.9, 0.100
2025-10-27 11:56:49,        0,  29.7,   2.2,  25.2,  0.605, -0.007,  0.000,5216983.7,  1,  21.6,   0.9, 0.100
2025-10-27 11:56:50,        0,  29.7,   2.2,  25.3,  0.592, -0.008,  0.000,5216974.9,  1,  21.6,   0.9, 0.100
2025-10-27 11:56:51,        0,  29.7,   2.0,  25.2,  0.584, -0.007,  0.000,5216968.2,  1,  21.6,   0.9, 0.100
2025-10-27 11:56:52,        0,  29.7,   2.0,  25.2,  0.577, -0.007,  0.000,5216959.8,  1,  21.6,   0.9, 0.100
2025-10-27 11:56:53,        0,  29.7,   2.2,  25.2,  0.566, -0.007,  0.000,5216953.1,  1,  21.6,   0.9, 0.100
2025-10-27 11:56:54,        0,  29.7,   2.2,  25.2,  0.560, -0.008,  0.000,5216946.0,  1,  21.6,   0.9, 0.100
2025-10-27 11:56:55,        0,  29.7,   2.2,  25.2,  0.551, -0.007,  0.000,5216937.2,  1,  21.6,   0.9, 0.100
2025-10-27 11:56:56,        0,  29.7,   2.0,  25.2,  0.546, -0.007,  0.000,5216930.5,  1,  21.6,   0.9, 0.100
2025-10-27 11:56:57,        0,  29.7,   2.2,  25.3,  0.539, -0.007,  0.000,5216923.4,  1,  21.6,   0.9, 0.100
2025-10-27 11:56:58,        0,  29.7,   2.2,  25.2,  0.532, -0.007,  0.000,5216916.7,  1,  21.6,   0.9, 0.100
2025-10-27 11:56:59,        0,  29.7,   2.2,  25.3,  0.527, -0.007,  0.000,5216907.8,  1,  21.6,   0.9, 0.100
2025-10-27 11:57:00,        0,  29.7,   2.2,  25.2,  0.519, -0.007,  0.000,5216900.7,  1,  21.6,   0.9, 0.100
2025-10-27 11:57:01,        0,  29.7,   2.2,  25.2,  0.514, -0.007,  0.000,5216894.4,  1,  21.5,   0.9, 0.100
2025-10-27 11:57:02,        0,  29.8,   2.4,  25.2,  0.510, -0.007,  0.000,5216888.2,  1,  21.6,   0.9, 0.100
2025-10-27 11:57:03,        0,  29.8,   2.4,  25.3,  0.503, -0.007,  0.000,5216880.6,  1,  21.6,   0.9, 0.100
2025-10-27 11:57:04,        0,  29.8,   2.4,  25.2,  0.500, -0.007,  0.000,5216873.1,  1,  21.6,   0.9, 0.100
2025-10-27 11:57:05,        0,  29.7,   2.2,  25.2,  0.494, -0.007,  0.000,5216866.4,  1,  21.5,   0.9, 0.100
2025-10-27 11:57:06,        0,  29.7,   2.2,  25.2,  0.490, -0.007,  0.000,5216859.7,  1,  21.5,   0.9, 0.100
2025-10-27 11:57:07,        0,  29.7,   2.0,  25.2,  0.485, -0.007,  0.000,5216851.7,  1,  21.5,   0.9, 0.100
2025-10-27 11:57:08,        0,  29.7,   2.2,  25.2,  0.480, -0.007,  0.000,5216845.4,  1,  21.5,   0.9, 0.100
2025-10-27 11:57:09,        0,  29.7,   2.2,  25.2,  0.478, -0.007,  0.000,5216838.7,  1,  21.5,   0.9, 0.100
2025-10-27 11:57:10,        0,  29.8,   2.4,  25.2,  0.473, -0.007,  0.000,5216831.6,  1,  21.6,   0.9, 0.100
2025-10-27 11:57:11,        0,  29.7,   2.2,  25.2,  0.469, -0.006,  0.000,5216826.1,  1,  21.5,   0.9, 0.100
2025-10-27 11:57:12,        0,  29.7,   2.2,  25.2,  0.464, -0.007,  0.000,5216817.7,  1,  21.5,   0.9, 0.100
2025-10-27 11:57:13,        0,  29.8,   2.4,  25.2,  0.462, -0.007,  0.000,5216811.0,  1,  21.6,   1.0, 0.100
2025-10-27 11:57:14,        0,  29.7,   2.2,  25.2,  0.459, -0.007,  0.000,5216805.6,  1,  21.5,   1.0, 0.100
2025-10-27 11:57:15,        0,  29.8,   2.4,  25.2,  0.455, -0.007,  0.000,5216799.7,  1,  21.6,   0.9, 0.100
2025-10-27 11:57:16,        0,  29.8,   2.4,  25.3,  0.450, -0.007,  0.000,5216791.8,  1,  21.6,   1.0, 0.100
2025-10-27 11:57:17,        0,  29.8,   2.4,  25.2,  0.447, -0.006,  0.000,5216785.9,  1,  21.6,   1.0, 0.100
2025-10-27 11:57:18,        0,  29.7,   2.2,  25.3,  0.445, -0.006,  0.000,5216779.6,  1,  21.5,   1.0, 0.100
2025-10-27 11:57:19,        0,  29.7,   2.2,  25.2,  0.442, -0.006,  0.000,5216773.3,  1,  21.6,   1.0, 0.100
2025-10-27 11:57:20,        0,  29.8,   2.4,  25.2,  0.438, -0.006,  0.000,5216765.8,  1,  21.5,   1.0, 0.100
2025-10-27 11:57:21,        0,  29.8,   2.4,  25.2,  0.434, -0.007,  0.000,5216759.5,  1,  21.5,   1.0, 0.100
2025-10-27 11:57:22,        0,  29.8,   2.4,  25.2,  0.432, -0.006,  0.000,5216754.0,  1,  21.5,   1.0, 0.100
2025-10-27 11:57:23,        0,  29.7,   2.2,  25.2,  0.429, -0.007,  0.000,5216748.2,  1,  21.6,   1.0, 0.100
2025-10-27 11:57:24,        0,  29.8,   2.4,  25.2,  0.426, -0.006,  0.000,5216740.6,  1,  21.5,   1.0, 0.100
2025-10-27 11:57:25,        0,  29.8,   2.4,  25.2,  0.424, -0.006,  0.000,5216736.0,  1,  21.5,   1.0, 0.100
2025-10-27 11:57:26,        0,  29.8,   2.4,  25.2,  0.419, -0.006,  0.000,5216729.3,  1,  21.5,   1.0, 0.100
2025-10-27 11:57:27,        0,  29.8,   2.4,  25.2,  0.418, -0.006,  0.000,5216723.4,  1,  21.5,   1.0, 0.100
2025-10-27 11:57:28,        0,  29.8,   2.4,  25.2,  0.414, -0.006,  0.000,5216716.7,  1,  21.5,   1.0, 0.100
2025-10-27 11:57:29,        0,  29.8,   2.5,  25.2,  0.412, -0.006,  0.000,5216711.7,  1,  21.5,   1.0, 0.100
2025-10-27 11:57:30,        0,  29.8,   2.4,  25.2,  0.410, -0.006,  0.000,5216705.8,  1,  21.5,   1.0, 0.100
2025-10-27 11:57:31,        0,  29.8,   2.5,  25.2,  0.406, -0.006,  0.000,5216700.0,  1,  21.5,   1.0, 0.100
2025-10-27 11:57:32,        0,  29.8,   2.5,  25.2,  0.405, -0.006,  0.000,5216694.5,  1,  21.5,   1.0, 0.100
2025-10-27 11:57:33,        0,  29.8,   2.5,  25.2,  0.401, -0.006,  0.000,5216687.8,  1,  21.5,   1.0, 0.100
2025-10-27 11:57:34,        0,  29.8,   2.4,  25.2,  0.400, -0.006,  0.000,5216682.4,  1,  21.5,   1.0, 0.100
2025-10-27 11:57:35,        0,  29.8,   2.5,  25.2,  0.397, -0.005,  0.000,5216677.3,  1,  21.5,   1.0, 0.100
2025-10-27 11:57:36,        0,  29.8,   2.4,  25.2,  0.394, -0.005,  0.000,5216671.5,  1,  21.5,   1.0, 0.100
2025-10-27 11:57:37,        0,  29.8,   2.4,  25.2,  0.391, -0.005,  0.000,5216665.2,  1,  21.5,   1.0, 0.100
2025-10-27 11:57:38,        0,  29.8,   2.4,  25.2,  0.389, -0.005,  0.000,5216660.2,  1,  21.5,   1.0, 0.100
2025-10-27 11:57:39,        0,  29.8,   2.5,  25.2,  0.388, -0.005,  0.000,5216654.7,  1,  21.5,   1.0, 0.100
2025-10-27 11:57:40,        0,  29.8,   2.5,  25.2,  0.385, -0.005,  0.000,5216648.4,  1,  21.5,   1.0, 0.100
2025-10-27 11:57:41,        0,  29.8,   2.5,  25.2,  0.383, -0.005,  0.000,5216643.4,  1,  21.5,   1.0, 0.100
2025-10-27 11:57:42,        0,  29.8,   2.5,  25.2,  0.380, -0.005,  0.000,5216638.4,  1,  21.5,   1.0, 0.100
2025-10-27 11:57:43,        0,  29.8,   2.5,  25.2,  0.378, -0.006,  0.000,5216633.3,  1,  21.5,   1.0, 0.100
2025-10-27 11:57:44,        0,  29.8,   2.4,  25.2,  0.376, -0.005,  0.000,5216627.9,  1,  21.5,   1.0, 0.100
2025-10-27 11:57:45,        0,  29.8,   2.4,  25.2,  0.373, -0.005,  0.000,5216622.4,  1,  21.5,   1.0, 0.100
2025-10-27 11:57:46,        0,  29.8,   2.4,  25.1,  0.372, -0.005,  0.000,5216617.0,  1,  21.5,   1.0, 0.100
2025-10-27 11:57:47,        0,  29.8,   2.5,  25.2,  0.369, -0.005,  0.000,5216612.0,  1,  21.5,   1.0, 0.100
2025-10-27 11:57:48,        0,  29.8,   2.4,  25.2,  0.367, -0.005,  0.000,5216606.1,  1,  21.5,   1.0, 0.100
2025-10-27 11:57:49,        0,  29.8,   2.4,  25.2,  0.365, -0.005,  0.000,5216600.2,  1,  21.5,   1.0, 0.100
2025-10-27 11:57:50,        0,  29.7,   2.2,  25.2,  0.363, -0.005,  0.000,5216595.6,  1,  21.5,   1.0, 0.100
2025-10-27 11:57:51,        0,  29.8,   2.4,  25.2,  0.361, -0.005,  0.000,5216590.6,  1,  21.5,   1.0, 0.100
2025-10-27 11:57:52,        0,  29.8,   2.5,  25.2,  0.359, -0.005,  0.000,5216585.6,  1,  21.5,   1.0, 0.100
2025-10-27 11:57:53,        0,  29.8,   2.5,  25.2,  0.357, -0.005,  0.000,5216580.1,  1,  21.5,   1.0, 0.100
2025-10-27 11:57:54,        0,  29.8,   2.5,  25.2,  0.355, -0.005,  0.000,5216575.5,  1,  21.5,   1.0, 0.100
2025-10-27 11:57:55,        0,  29.8,   2.5,  25.2,  0.353, -0.005,  0.000,5216570.9,  1,  21.5,   1.0, 0.100
2025-10-27 11:57:56,        0,  29.8,   2.4,  25.1,  0.351, -0.005,  0.000,5216565.4,  1,  21.5,   1.0, 0.100
2025-10-27 11:57:57,        0,  29.8,   2.5,  25.2,  0.348, -0.000,  0.000,5216559.6,  1,  21.5,   1.0, 0.100
2025-10-27 11:57:58,        0,  29.8,   2.5,  25.1,  0.346, -0.005,  0.000,5216554.6,  1,  21.5,   1.0, 0.100
2025-10-27 11:57:59,        0,  29.8,   2.4,  25.2,  0.344, -0.005,  0.000,5216550.4,  1,  21.5,   1.0, 0.100
2025-10-27 11:58:00,        0,  29.8,   2.4,  25.2,  0.342, -0.005,  0.000,5216545.8,  1,  21.5,   1.0, 0.100
2025-10-27 11:58:01,        0,  29.8,   2.5,  25.2,  0.341, -0.005,  0.000,5216541.1,  1,  21.5,   1.0, 0.100
2025-10-27 11:58:02,        0,  29.8,   2.5,  25.2,  0.338, -0.005,  0.000,5216535.7,  1,  21.5,   1.0, 0.100
2025-10-27 11:58:03,        0,  29.8,   2.5,  25.2,  0.336, -0.005,  0.000,5216530.7,  1,  21.5,   1.0, 0.100
2025-10-27 11:58:04,        0,  29.8,   2.5,  25.2,  0.334, -0.005,  0.000,5216525.6,  1,  21.5,   0.9, 0.100
2025-10-27 11:58:05,        0,  29.7,   2.2,  25.2,  0.333, -0.005,  0.000,5216521.4,  1,  21.5,   1.0, 0.100
2025-10-27 11:58:06,        0,  29.8,   2.5,  25.2,  0.330, -0.004,  0.000,5216516.0,  1,  21.5,   1.0, 0.100
2025-10-27 11:58:07,        0,  29.8,   2.4,  25.2,  0.329, -0.005,  0.000,5216511.4,  1,  21.5,   1.0, 0.100
2025-10-27 11:58:08,        0,  29.8,   2.5,  25.2,  0.326, -0.005,  0.000,5216506.8,  1,  21.5,   1.0, 0.100
2025-10-27 11:58:09,        0,  29.8,   2.5,  25.2,  0.325, -0.004,  0.000,5216502.2,  1,  21.5,   1.0, 0.100
2025-10-27 11:58:10,        0,  29.8,   2.5,  25.2,  0.322, -0.005,  0.000,5216496.3,  1,  21.5,   0.9, 0.100
2025-10-27 11:58:11,        0,  29.8,   2.4,  25.2,  0.321, -0.005,  0.000,5216491.7,  1,  21.5,   0.9, 0.100
2025-10-27 11:58:12,        0,  29.8,   2.5,  25.2,  0.319, -0.005,  0.000,5216487.5,  1,  21.5,   1.0, 0.100
2025-10-27 11:58:13,        0,  29.8,   2.5,  25.2,  0.317, -0.004,  0.000,5216483.3,  1,  21.5,   0.9, 0.100
2025-10-27 11:58:14,        0,  29.8,   2.4,  25.2,  0.315, -0.004,  0.000,5216479.1,  1,  21.5,   0.9, 0.100
2025-10-27 11:58:15,        0,  29.8,   2.4,  25.2,  0.313, -0.005,  0.000,5216473.7,  1,  21.5,   0.9, 0.100
2025-10-27 11:58:16,        0,  29.8,   2.5,  25.2,  0.312, -0.004,  0.000,5216470.3,  1,  21.5,   0.9, 0.100
2025-10-27 11:58:17,        0,  29.8,   2.5,  25.2,  0.310, -0.004,  0.000,5216465.3,  1,  21.5,   0.8, 0.100
2025-10-27 11:58:18,        0,  29.9,   2.7,  25.2,  0.308, -0.005,  0.000,5216461.1,  1,  21.5,   0.9, 0.100
2025-10-27 11:58:19,        0,  29.8,   2.5,  25.2,  2.041,  0.822,  0.002,5217443.0,  1,  21.5,   0.8, 0.100
2025-10-27 11:58:20,        0,  29.8,   2.5,  25.2,  1.026,  0.003,  0.000,5217452.3,  1,  21.5,   0.8, 0.100
2025-10-27 11:58:21,        0,  29.8,   2.5,  25.2,  0.946, -0.003,  0.000,5217448.9,  1,  21.5,   0.8, 0.100
2025-10-27 11:58:22,        0,  29.8,   2.5,  25.2,  0.892, -0.006,  0.000,5217443.0,  1,  21.5,   0.8, 0.100
2025-10-27 11:58:23,        0,  29.8,   2.4,  25.1,  0.830, -0.006,  0.000,5217435.5,  1,  21.5,   0.8, 0.100
2025-10-27 11:58:24,        0,  29.8,   2.5,  25.2,  0.781, -0.007,  0.000,5217428.8,  1,  21.5,   0.8, 0.100
2025-10-27 11:58:25,        0,  29.8,   2.4,  25.2,  0.754, -0.007,  0.000,5217421.7,  1,  21.5,   0.8, 0.100
2025-10-27 11:58:26,        0,  29.8,   2.4,  25.2,  0.731, -0.007,  0.000,5217414.5,  1,  21.5,   0.8, 0.100
